"V1","V2","V3","V4","V5","V6","V7","V8","V9","V10","V11","V12","V13","V14","V15","V16","V17","V18","V19","V20","V21","V22","V23","V24","V25","V26","V27","V28","V29","V30","V31","V32","V33","V34","V35","V36","V37","V38","V39","V40","V41","V42","V43","V44","V45","V46","V47","V48","V49","V50","V51","V52","V53","V54","V55","V56","V57","V58","V59","V60","V61","V62","V63","V64","V65","V66","V67","V68","V69","V70","V71","V72","V73","V74","V75","V76","V77","V78","V79","V80","V81","V82","V83","V84","V85","V86","V87","V88","V89","V90","V91","V92","V93","V94","V95","V96","V97","V98","V99","V100","V101","V102","V103","V104","V105","V106","V107","V108","V109","V110","V111","V112","V113","V114","V115","V116","V117","V118","V119","V120","V121","V122","V123","V124","V125","V126","V127","V128","V129","V130","V131","V132","V133","V134","V135","V136","V137","V138","V139","V140","V141","V142","V143","V144","V145","V146","V147","V148","V149","V150","V151","V152","V153","V154","V155","V156","V157","V158","V159","V160","V161","V162","V163","V164","V165","V166","V167","V168","V169","V170","V171","V172","V173","V174","V175","V176","V177","V178","V179","V180","V181","V182","V183","V184","V185","V186","V187","V188","V189","V190","V191","V192","V193","V194","V195","V196","V197","V198","V199","V200","V201","V202","V203","V204","V205","V206","V207","V208","V209","V210","V211","V212","V213","V214","V215","V216","V217","V218","V219","V220","V221","V222","V223","V224","V225","V226","V227","V228","V229","V230","V231","V232","V233","V234","V235","V236","V237","V238","V239","V240","V241","V242","V243","V244","V245","V246","V247","V248","V249","V250","V251","V252","V253","V254","V255","V256","V257","V258","V259","V260","V261","V262","V263","V264","V265","V266","V267","V268","V269","V270","V271","V272","V273","V274","V275","V276","V277","V278","V279","V280","V281","V282","V283","V284","V285","V286","V287","V288","V289","V290","V291","V292","V293","V294","V295","V296","V297","V298","V299","V300","V301","V302","V303","V304","V305","V306","V307","V308","V309","V310","V311","V312","V313","V314","V315","V316","V317","V318","V319","V320","V321","V322","V323","V324","V325","V326","V327","V328","V329","V330","V331","V332","V333","V334","V335","V336","V337","V338","V339","V340","V341","V342","V343","V344","V345","V346","V347","V348","V349","V350","V351","V352","V353","V354","V355","V356","V357","V358","V359","V360","V361","V362","V363","V364","V365","V366","V367","V368","V369","V370","V371","V372","V373","V374","V375","V376","V377","V378","V379","V380","V381","V382","V383","V384","V385","V386","V387","V388","V389","V390","V391","V392","V393"
3.86483543108481,7.78737145792752,5.64978361356971,6.57654983284967,8.45695096383652,6.6674471877234,4.37272386858654,15.3038669953165,16.5593091514592,5.81559941569001,18.4790979000097,9.13554075043141,26.7352761969638,9.93202215971401,16.1683140418689,10.2637643904458,10.95385984238,18.8369397024763,22.7351662839449,17.0278603309833,31.3298588447682,17.8140667117192,21.8376486802538,17.1502638215168,21.8774677351495,30.5172270212729,23.5202763712521,35.4253999630001,30.8338627882422,21.5408626137756,22.2741837889225,31.1817976357821,36.2375466217569,23.9753805493339,41.2693614667147,22.7344001706966,33.6944221744317,16.4808247318206,33.6117508666337,37.1976371416284,29.8163706168164,52.8356898894685,54.6903975608147,18.1548403872084,29.6741753265162,40.0639135285994,28.9310840436056,37.3795694647277,34.4441620482947,38.1720114962046,27.8209616360705,23.0965291523223,57.1148624143919,27.5658255053245,53.8564329311946,45.2663688285785,33.8422011914361,56.2265835645332,43.0391603477987,35.9000946012471,46.3674416925068,29.8336476822035,41.0772788320742,35.5831018483235,36.7555311814024,55.6892776954404,51.5258367401225,44.4987526417606,57.5711474147663,41.9188922085406,40.840749702191,38.0834132279108,43.7768337982192,43.8985403087121,54.7159011870637,52.9051922405684,48.5561849478667,52.5830770418567,54.3866001099969,34.212552812873,62.3442781497962,39.0384537370991,46.4373188281937,42.042854611038,58.6326562264733,61.2121156845338,46.263060921075,50.5642296866999,32.7164863181278,37.8593430574893,45.0624695989886,37.6541050321161,46.8476591709969,22.686020146755,37.9648754838016,49.4882244516742,53.8359170373221,41.0290588840433,61.9321650646687,50.4948267264646,45.3938000619746,57.6822210371246,63.4406872416062,69.0972654579076,42.6578045288212,52.9705064195664,63.5733085135348,67.1151551661506,45.3813303804444,67.1882604463778,76.1443109911766,44.7730805043164,46.6623394536029,42.2018905598955,47.0484560247888,63.3412905925555,58.3035166384659,60.3701902262681,54.6605340761875,49.780653377937,55.8981428088853,26.6438542677248,77.4537553236745,59.0605089027899,59.9987427480631,48.1683300953824,59.4895565990671,76.1049658647924,66.7630445933152,64.5258604783254,56.4617172571463,71.6930351760266,43.7067998920932,53.477978902144,59.6398849891607,58.5502120875343,79.129553851306,54.8086826831649,51.7531515977042,63.8295579280747,59.2621116410848,50.0932940762755,49.385939444595,37.7207265659929,51.015914628321,51.9973837488943,60.1948387630544,53.4002634032916,27.6989576046683,45.724457080852,52.8579116679029,57.6946793639931,43.1957034214217,49.977634415317,72.6324739512827,60.6191469101386,69.4673434353047,65.6529116385432,43.9034903719126,63.4836572491046,73.4122655065068,80.0018020989668,61.8477561126295,56.0052967232511,57.5359731155365,60.2641235526368,56.0246391874016,66.7473728090117,34.0928675028658,72.4700482055674,82.258444124935,69.9447080429889,56.3344918922426,57.6137910521926,63.3345571842008,63.8362014189225,34.8506026649932,66.4193520603684,52.6084201469092,63.2208230134978,51.9692044450235,57.6775840550343,63.1228432465102,71.8051059355716,71.7898690474889,44.0711181613431,58.8525204594232,55.5848531712557,63.6957582970801,36.4467762883774,43.9278160833976,77.7482612640352,45.6013266332202,43.1774579807959,72.2813639864348,58.5632574076587,69.821996607426,64.5582822141253,73.6299064548766,58.0701486882244,71.4474814850182,41.6165810750809,72.3711194678684,68.5432360720428,66.2275955130198,79.695154254868,87.2625889500097,75.245726377716,55.1425736091619,39.1363730092349,56.0250302285306,54.2977205482317,55.4385513283482,69.7071531411445,48.5765682468066,50.6002569360953,72.0400499555956,70.842933367969,67.5786768086853,59.2020067133349,62.2142336998603,51.2804905405783,65.9573799534912,53.3550229843098,48.0666110498146,67.4917061609878,80.8368614299315,60.9677399478753,67.2441241059509,59.6675017481207,46.7755130729061,74.3314458484286,51.1281911750934,66.0732399082852,67.0694235453215,61.8450453490193,55.0211195528966,53.3912814335417,65.5356918753149,67.4214256339133,57.2431811989514,59.545541710331,51.207129208609,46.8479590839145,58.9809960373947,36.9073541228698,59.0496039856958,82.7779449510806,79.3184209068654,64.4281215131365,61.4498693591613,59.3813861162019,68.1366415864282,53.3662865079721,48.3976779820625,50.5624412029183,62.9881131506269,53.1983212645301,47.2513253975612,51.6567883660751,63.4661471193411,60.5587175172835,57.5535044171403,63.4623086010557,52.8299858343484,86.0635268045861,64.5701085072876,51.8479222508977,58.4135645757648,58.1074212136404,60.727812402487,43.7469094460848,65.8296349811956,48.589103121643,59.9024217781269,44.7693432162846,51.9497492776359,50.2747990892445,56.8288379647919,63.694891299357,66.610792762328,46.1981045215984,52.4877845515586,68.4966117259446,68.8419018490127,51.7648390639761,55.4004563510755,61.6679416750829,42.8298608538618,41.5282124730767,37.1603428149541,58.8293342618765,38.5117215105357,64.5787403041969,70.1575509609458,78.3278831481284,51.6133976954084,59.5465337799632,50.600000378972,55.2245580355678,63.1066897253664,43.6287709405454,56.7975857243229,59.2115550330371,45.8886840451165,47.3244292469436,41.1160329610875,39.1832384048204,41.0591654884102,58.7490941273388,45.8586049819162,50.0730112607919,56.1884757959512,65.0441098684518,50.7773696650515,52.4993539597149,51.6281902728133,33.4139857136586,41.5475335062671,56.0262441569843,37.759805275573,57.9313334649071,42.7350416090035,40.2697556951339,28.7443407625255,56.8196807208556,41.7571894790831,35.1891941265049,45.2623274366863,41.4798384148772,54.4663773927344,60.8490161498956,34.5920264727991,48.4569469804478,47.2190623211362,29.417314141248,38.4869675379356,21.6494692539471,37.1484021270317,33.0291864164,40.3728046192161,39.1187618365966,35.5362641239947,46.9388079633764,41.8991949199677,46.17488998307,47.635238423193,29.8203159815992,34.7517485906717,26.0304453756395,59.5616800048468,32.9781672410064,25.8697334693445,45.7189788316902,47.5214327759281,35.0747761662993,29.00679181152,23.3135937142327,27.0570459341811,15.9559366296951,32.1202012277079,32.8980298420208,33.8930465744448,29.6838676626697,28.9756361147719,29.5911375869689,32.1861679041486,14.4892844340836,15.8162505075292,28.62710608387,4.52633371285003,7.5687090999434,12.7295619152159,14.2866865939763,12.9214535741101,14.379295609645,16.5208373391443,10.6728164260262,11.965590592826,16.2681602594084,11.0779446323597,14.3519716326492,16.3476550999074,3.49433373585915,28.9153506104893,4.47708135187279,5.74285983558259,NA,NA,NA,NA,NA,NA
3.97184271763996,6.8934372313064,10.970757866409,5.18782658389526,6.85757226125764,12.4442384107119,10.7842369550122,14.0598687270454,13.2242998810454,15.299712918323,17.3555622982343,11.3276199552011,23.3736960686912,16.188333863888,22.8945379506393,16.6368620253495,13.4420585217025,19.6542254483271,27.4325726799878,15.6176519397843,17.6605469226451,19.6207038445516,22.0990369980222,26.8219518834162,35.9041469502211,31.1964112621084,21.707700212412,28.6310838642677,48.5777379312744,34.935809636821,33.0263213969496,33.7203173620403,44.3697948171501,34.6281927527739,43.395521884847,26.6869825757604,47.1645614167724,40.7630133688675,16.5079524316082,41.9701820959262,51.4001915347415,37.3672693656316,35.4841397035629,41.0720244064923,36.8250169961909,33.6899603245011,25.8010399580172,43.7015920896248,34.4471879108969,36.4598138708944,46.7552831774894,34.3355408365117,65.032465583925,46.377461125663,33.1752022175324,48.297062665765,52.5518928326189,43.7106810730019,45.3068195547267,48.8324925351195,57.7504570510019,46.7481145991854,42.1261609830139,45.1023521868313,39.4037055838115,62.5546856101389,22.1885213905866,47.6479779574208,44.6590661955983,55.1935580287238,32.7289990353112,35.0796522651063,48.0043194964932,44.4817948265146,49.2486041839512,31.2993378935026,50.7967290526208,39.8846185365449,43.6774339324506,45.3932339662295,41.2368110307474,60.781071604454,45.7108910928517,50.1831485705334,57.6638217773641,53.6680283389578,44.6616468341878,36.5557871502251,49.5190438059056,41.8389101971081,42.6301328228773,45.5768650812481,61.9178506323064,56.3911137614997,48.5440377013379,57.6368288585026,39.6586256256803,45.2998315186332,59.5689881556668,72.2206736415479,51.4906583503205,54.2232391874148,56.9930042682829,62.636619041903,40.8718919775622,53.4083665332804,64.5284335960558,54.3193909365908,60.6245876254435,36.3587705119703,48.5804210727375,43.6917495064282,53.5718896747988,50.1393125825653,44.7292871175955,49.087123597809,54.7836031837039,46.618456425986,59.7874190719587,63.5814716841748,60.0244766718238,57.603294732326,62.3488406870034,45.6475063746329,31.1300614648817,45.9589912762192,47.7499722906571,57.8977931446312,63.3284941782642,55.8394182254759,59.6776451009162,67.4104901361678,51.3674777338011,52.7806456744827,41.0109426372827,44.4335607228833,54.4497661325107,46.0648412870936,66.4027599065885,37.0177900846084,66.7412859297426,60.698911847279,55.25976911493,53.4304217514266,51.1274795522534,87.1665046747854,64.8817810114866,48.4330856492708,54.3578558317789,57.4559463158999,55.4627437314925,57.8614907828589,65.3294625474238,53.4170057634215,75.4816588384456,41.1418775867883,75.6074822030074,56.2825271832953,60.3336647389865,41.5821400852252,53.8748571920052,51.7002287713261,52.0979204533655,33.4802286014104,58.4490331111349,46.1781058220919,36.3915467332592,43.8530597111055,42.3689151556878,53.297728444095,46.1212536443007,59.0818654178445,71.4083666741999,54.4041889524897,37.4201106385947,64.5155366846312,48.1583467209313,56.0884462028385,44.8336659874905,75.3424602221189,36.6139681860115,60.0010010406362,56.4177465447178,59.4637682049685,57.1039304209085,53.2735816661786,71.3970873567097,49.2825572154246,69.2481382575814,57.914634078126,42.3929228400261,43.7696085279135,46.3640209266749,43.835857691304,48.0187512329859,51.0455299051933,54.715700276458,45.4873901790237,46.8416171566319,57.1803218328384,49.7078873131327,37.5743557660808,50.8834205619463,66.448243887647,37.4717694835187,57.5018708339956,56.0427354245644,42.005810914137,61.4798158129425,73.3778573806636,53.6997283655174,51.1307387048175,71.4985507078324,37.138053586205,59.1390245445472,52.4737400632024,61.450375522719,65.9868806603966,63.4745586628541,43.1415459232095,57.0842024491705,74.330070460567,57.1829459134614,68.2936927763033,65.9026497560285,68.0338483059537,63.4109548639495,52.2894322218387,57.6912561761096,68.8996057217292,56.6209231881794,43.3083969223084,62.6390936305401,63.2904370152973,65.2430792453677,60.387063409655,66.8878318131066,53.8588681554757,55.9211787441114,68.6303451420681,57.5829523978967,68.544172568331,58.2011560732846,70.0324592543356,68.7611364595929,59.256342203169,38.5894783491641,47.1846804986399,77.0058609663919,56.2795298499119,62.1671949935714,45.3808454173856,63.4273382298952,56.1973400690944,55.5934544745646,45.0076632916296,35.2396850736894,40.7423196654607,54.3086626637605,54.9985977538403,50.3486029806884,43.7628106136292,34.6374028689585,40.6478756669249,50.8746889626622,46.6473431061792,69.8644993992128,72.4025470364738,67.4655944773809,40.2392276964362,57.3462403154837,66.3883321364821,62.7262140669534,37.7800714177121,44.6212900178711,56.9146284988301,58.5030758073779,51.3777310546405,58.8361618089527,53.6531963771563,45.5059768772721,51.5467151378867,51.6298633172566,61.6586238720521,58.4950824722021,58.3180420205329,51.3194163441916,58.850126001128,45.278787346674,50.3675108055153,52.7177242767762,47.4572086280122,36.6986033647006,62.07457700357,67.974247138435,71.0014029241439,62.4304507400001,52.528735226137,45.2105254339187,53.7901128123832,62.1061469221972,42.3022230341937,47.1674381766458,56.318476855988,43.0331012821347,47.0390271683672,34.156303982796,39.8080413102708,49.5243267107853,40.526227171094,34.6030524902679,26.9025073183363,46.212530099419,37.562068585967,59.0963773712743,51.5396776787786,50.3929322688154,50.9524763365637,42.200450259233,42.7358257167477,52.1850839657683,41.6240940941713,39.9857688836197,53.7965251505452,43.7589457797388,55.4519164757944,42.6277430253953,33.4684185085422,31.0270153656382,48.0939604108825,34.46155056608,23.2249173112315,33.3158777825896,26.1641154176012,44.9113308622219,39.23323970032,32.3509754577047,41.4164036075089,40.6287305251796,36.8209389099222,36.3301778620939,25.8723152670009,31.8834073704495,50.8216803800261,40.0125883146091,44.5152712388055,32.4123781576164,31.5305887501757,39.270574703234,18.7324508801454,31.949707722502,37.5344089462727,30.036356833853,34.3670433030319,45.9407650759521,33.3805008569566,27.510284198312,34.3147246063639,15.5418519961251,30.3771461145359,18.0096861991484,31.5254598906214,28.2429995767434,26.9725714417089,31.6896497902523,27.3601514863057,20.8059371480722,22.0058670867469,22.0060779155891,26.5561307368555,19.1953013392015,14.9628792914004,11.4191220673596,11.2821180729293,14.1648428836341,18.5228280392061,23.9444891117683,9.62937567855208,17.7903531864345,8.97267427423303,16.2849279657018,6.94239520333905,6.92893131725298,13.1944169324106,4.76120799301907,7.56078682751843,6.97755150061463,NA,NA,NA,NA,NA,NA
9.64072240026377,6.07203646202707,9.58474157110806,8.15926767972251,11.1612410855292,6.41471240258502,6.37231461253055,16.8618317413843,10.7789637306435,9.29933063592664,16.0744180534305,14.1920721840401,13.1941157135422,13.054688479874,16.4188120148912,18.7508458016698,7.64601881929258,18.32656845039,20.5094921422658,14.7348814457472,23.6811751749127,25.2139894873827,29.0094506097744,36.0854928603998,24.8510731969334,26.075623211216,27.0770928103193,22.1829151753612,26.1049027472842,37.071906356964,27.8723060145547,33.869531696064,41.8853296809448,43.5530092141441,35.7115363709494,34.5097971593797,38.7922538782451,33.6271508334178,50.5558292934617,28.3038537284569,37.3291681034586,47.5668623027712,50.5991862984192,25.7420907263896,45.0870469389447,36.8729701051293,38.8057724320376,55.03292471176,39.530049869339,44.724670598035,23.9070417558393,43.0740412848473,42.46438168062,54.571556790356,44.2120079521335,48.0688335705229,43.2159831002382,36.6799788863158,49.0369046961547,56.3066380293307,45.4307386931744,74.4487943811374,49.6292825496978,53.0002930133593,54.0360803541704,44.790046820994,32.1099722327077,51.9692823639703,39.044338985678,64.7948625960963,86.8176807088945,54.4102022603364,61.6294383259247,35.7286185057639,53.0423355588356,56.577825700749,58.6851470661355,42.8937970064475,65.2959595527886,62.244896673751,56.1236016328603,59.7976199730401,58.4480832636236,46.1979453054491,49.4681631808256,70.4053650921265,51.9290461039225,62.6819665041654,61.1404615836316,47.9417254495861,46.5108957579887,78.6027462700953,56.6969138285905,62.76132962637,68.8054707348134,64.7435934735537,44.7775035958293,55.5717786788558,68.0685981589102,62.0432683230952,77.6300982549231,53.0988187344906,57.2350301013458,58.0793448435618,62.2227526700322,45.3060198033974,55.1926017163582,66.2645437714514,61.1504593754319,51.4407086325706,75.6294909950245,61.8316449398103,66.1285123672744,60.1270782120205,37.2600456203333,62.2931050439416,58.7449423018437,67.3845063670067,62.6074088494892,86.6090765215521,44.1841086265114,52.6372669317542,47.3458117508804,62.1941509873584,25.9556406100034,57.0291324730699,57.926802756663,71.74655390423,52.9377941057206,64.5265980154624,62.9069938004806,69.4006531275361,54.5531789262532,73.0208171629938,43.7570237293075,56.0041387906952,51.0826150496906,65.3042770805783,58.113552259158,53.7324834653633,50.2448632040808,61.8497892366354,43.4888958829466,67.7507171443523,40.3463974079485,55.3497776665451,37.8588785999124,69.0977442660185,51.402010128054,55.2460667174274,52.1470748025616,50.8553319577088,57.2278906594409,52.9284482197695,56.0088930734209,40.7013879900539,65.7921093832681,56.5820008703186,53.790062794239,83.5432937585065,59.4231012941102,73.4311862178879,58.2660873830075,71.1228712773083,43.6785449897536,56.768507675714,48.2440782512424,54.2513085905029,41.4819515757834,53.1115020887728,65.4535900650263,53.3830842240048,62.8727294391392,58.8092083134115,60.4872916977436,55.3579086649084,42.7714903560576,44.6182480881238,44.6017564000816,58.9144282640412,44.1180218489415,54.6488061674824,63.166235783998,58.6744608815994,49.843880795744,65.5923581691928,56.1681652448238,67.8090274672406,64.7179716192053,74.6441264863779,44.9659411030474,61.8171957557679,64.6368469425461,45.1286009132985,73.6467193408204,55.6660023505629,60.9674771161599,61.2418522517144,69.789197734917,66.2504328999226,64.504176930501,60.8653157688403,68.3266919780524,49.9943407606572,76.7648522394549,52.2571649683163,52.7905918663823,42.3205353639043,66.7668593882877,47.5923120002693,45.0981081418349,56.924116269053,47.2018734953403,59.6722295846603,58.420200815542,45.5723005665417,48.9068441609531,66.3700087335612,52.4736498527244,39.733283433962,46.5884264231279,73.9743322071813,52.3358345966501,69.5349240433778,57.5528650615301,70.5195506037846,76.1883875671248,65.5374079663935,66.197803909277,55.0928854829751,67.9529382613653,52.4445644094997,48.4226883499686,53.3767122994522,53.8718942193021,45.8339237832751,53.4732700550896,50.5433071059095,67.0041802893451,53.5762861296456,59.1388068001249,48.0382226639885,77.9101894185625,58.7026412755905,47.6116326166747,63.8785354533823,63.772480404221,52.7015582997247,71.6599854576325,42.3761411767766,49.2036796012072,61.7250555897545,67.4165133700275,54.1791661402894,52.9620922286753,72.0633589239575,47.7478305749917,44.724006266431,75.5574562741575,58.27448171345,54.3546579660095,60.9722619055679,59.769905995095,30.1651247816998,39.1729241529249,61.518432839985,52.1683851703911,43.2047220066783,55.8553685940219,59.2782786804641,52.3879434880299,58.2508580690542,65.347690203967,59.774396375012,62.1575932919244,53.4427471448532,37.4377199023911,51.8974633785447,44.8293685321278,51.1847834608153,49.2035875126522,63.6502458447974,63.2137472882732,49.3289542865641,49.3597778513791,64.3519579690119,54.5416673640651,41.3702242703626,39.3140396906137,52.8267799861853,64.8001091628151,70.7443658436148,55.92237865242,58.2271623844134,46.0691754559939,60.4909695146944,43.5863360036152,33.582657814865,52.0052163160598,45.2247764779586,60.1405928886696,45.811635558215,45.8661976085333,55.2249115451021,38.6933554980857,55.2030123933493,53.9260375296121,55.3142668899548,48.5463532394619,39.4221303496671,60.1382790480098,41.7733823445742,51.2038454101995,47.6948674834397,36.702210057037,42.3901465671757,39.8247443639089,43.2935105268372,50.1153332616373,23.5680976606413,35.33766668695,46.7084423308607,43.0603261226019,38.716855683638,49.7891115779848,37.7408531891709,48.1937164399192,35.7646034962303,42.5075943728195,29.6966706921736,46.0247571719887,42.8344088602638,41.4483035186177,50.3956988599191,41.8139239805805,47.7199182034651,30.0375191478018,50.8629596739697,35.5906855187089,37.8100227290563,48.134403336142,30.3285315179935,38.8079667527335,31.8480987922936,40.65639331748,44.050126483881,30.9739961929796,30.0118523552197,41.4710092748122,39.0433175525957,21.8918488847845,38.6448312819417,28.648759972846,21.7465881049653,39.0311293097808,16.6241856162135,27.8603860088229,25.1587509959237,26.5165124094893,25.3511286517047,28.2600314783021,26.5656586277572,36.8494358716656,23.0160321256288,24.6650340071264,19.2742686464827,27.4766914565141,25.8382791390012,15.0280259475007,22.9297596930568,20.0793409616357,14.5380702537715,19.3647260647671,26.6736742079434,16.4947319705743,11.3992167933194,13.4852052550417,18.2206542073504,11.7588482415762,17.5838544432971,8.96448442434814,10.8459209449116,6.05269055838506,6.84577911681576,15.712603590386,9.35027500589959,9.66162268439847,NA,NA,NA,NA,NA,NA
8.20692486039611,4.68591867510538,5.14842047804734,4.6458101870164,7.76131613656862,7.12886101587072,6.74238439232415,9.16374803580393,13.4910861862647,8.87339378742104,13.4330812141873,11.6314606371043,10.3839984711761,7.8045670234916,13.9769677387593,11.4120454818711,9.5588864202009,22.137099313209,16.0538552625832,6.34304552845448,28.3276184190878,14.9818380067254,17.7478647080186,20.7322908549211,20.593616810388,17.7896371331234,28.6843588111422,29.8771632293565,22.7956827755176,21.629137672523,14.2376593402435,29.2825526589296,32.2750267990079,25.3157418452904,33.8282909499272,20.2174918276074,26.7333025855869,31.7642813969559,31.7380553097347,26.3852357555754,47.205198692087,35.5886182707035,36.1316662106571,33.957288127419,42.6940053084478,35.6764058141616,30.344951758965,33.4756025703547,19.8412356128185,29.7473544612287,50.7908946295786,40.0136777653364,64.7466457685147,30.7723007652508,29.0518553647559,28.7205015297371,28.2954431622499,59.2094129985276,43.1215623051715,43.3647354440844,54.6620501959489,25.3161312693263,32.1453609356938,25.4878961060345,40.2223204418288,31.7859969013676,36.9890495925367,42.9462833535016,53.8629133049935,43.065331940163,41.25778349792,28.7534969673258,35.6643148124651,49.4097054351913,36.009611579059,40.8577043145369,47.1038779570448,48.3052655518618,49.579672210929,40.6063513251783,51.2986701614736,60.0338994475636,47.0720957943265,44.7206845037396,38.7821479794404,36.503770505709,59.1637135080644,40.5420560004517,49.9241983148269,34.2817671392287,51.1718248104869,40.5170027748582,44.3559716066055,27.1430942255646,47.5997729004225,37.1072522142919,31.9947137280677,29.850022751808,39.947420974629,47.1793603378061,73.0487487801413,52.8465683058304,54.7302996686438,60.5776516048806,46.7467649530852,51.215887623024,54.0297407511466,55.6598399261617,55.1772808612643,53.2940735675771,36.8510622973585,46.0831296865259,49.843138328438,49.8073913146235,47.0296126331407,61.5525695571369,45.5363778726441,37.3646173794628,53.4606413870423,54.5066849934373,44.9165040916137,47.7222954995835,56.7548935702313,52.2845391405997,53.4648957358765,60.2984625799006,66.4526327887214,43.8807948998173,54.7878197241067,44.5096442924147,38.6656329026542,54.1124379415928,55.9347337207937,68.5690463726596,56.5518884046804,46.289178289477,63.9918967202828,55.1349423470151,40.0802838523092,55.3544043811717,55.0626984340803,42.7992978864923,70.8861299212551,50.4239922222427,59.1869048984594,53.0555342659159,46.2680999209805,54.9536936350122,47.6786252725005,27.5609815501065,60.5896788903683,35.7321672471902,63.5524267664512,57.9502418034194,45.6077682146269,38.1847245299895,54.1656221869596,63.3899130237407,41.9261335596433,59.1865969864672,68.1213994379555,59.7500870590166,58.4944396656563,56.1799492571712,48.1229868036754,47.0365943966239,45.2396877296288,40.0058209763611,34.6933602380625,70.5028752489949,40.7482269187057,41.4336784828577,47.9861998405052,55.2798688911336,50.6412685556446,36.1495517605592,37.626022373133,35.1281922527881,40.7635603386743,29.7633099739125,39.1642796213253,46.0251767411595,54.6652280012887,62.0936475126177,44.7220723565458,78.1901790256993,50.8235599592783,47.4957929585852,47.553209808674,56.3784496628003,24.5884617605616,37.2102136664205,58.9345391095106,37.3237788250122,55.7875952427673,50.2043278764826,58.8779731413487,48.6155262293637,67.3614278386123,50.9094513626314,50.6476175598074,52.4416130654202,43.6533085821511,37.4550769023689,51.3989657044156,55.0559134931276,56.4938239056625,52.5709036301265,49.849217851978,50.7127939494613,46.7219589194367,66.033289718141,48.185401966322,41.5659613110257,48.4718376280124,38.4420494733095,63.6304169309588,44.306671927743,48.2690824704385,48.852174024451,52.5721470666801,50.3475855324915,68.2515286589157,36.4451349535985,42.3475507171015,54.8645865613628,60.8122526597961,51.2906208742758,62.8722038003634,46.3991605627915,65.0573298753628,52.7766028432105,55.1269531714519,44.4166241099793,46.1833673288165,56.9988107926016,54.8992524670608,48.9329293945516,54.9647426076263,53.5430162384476,38.0798044282765,52.0722590013819,71.3175484855835,55.1337904996963,52.7579739912931,47.7807472779308,56.1714279891882,39.6498077277066,53.2363148149635,46.665952600373,52.8580779361758,22.5289521825006,56.1525313283234,53.2304011319085,57.6524127272715,44.8964228296316,52.7511865236323,49.9789219013889,51.024072698141,62.5867647072946,43.1957019868584,42.2376707860571,38.4965280230038,48.509747685141,44.7818278614591,48.7754209215725,51.5212770589672,55.4736116596878,49.7748359638432,72.3556329128376,42.8535867892435,67.8936949891825,47.6958656359812,41.141150046847,60.8888688539935,48.4811025677035,48.123758978443,59.4116236833746,50.7989152523882,46.6211755386966,60.0702947363266,56.9962962056147,43.6088636435411,51.0214888209887,51.3286488910926,49.6534930347181,62.7987058883379,22.6811873953661,64.4690087067192,53.9104890191701,58.4909332451268,37.4372113352612,60.4861173012555,49.4132769493573,57.6309649695387,56.4036495195774,53.5160180351867,49.4881417488511,40.6127419444783,53.0239486971305,54.4708560492736,29.3214510137898,45.4728295156631,60.9258184792718,50.9763402796209,48.7078344021698,45.71848161213,31.597651897132,51.3460628575831,66.9760496605936,43.213531776809,49.8395480936777,60.6662636554782,48.1530785265979,62.7471416874783,27.8035242955745,43.0129143368184,49.4788084623927,46.5772111109783,42.6924453146613,55.0222017192902,62.5684156903388,50.9647969648179,44.7424451551165,45.9723426239819,59.7854524116117,40.7435240111975,43.4101005963942,46.654857566525,42.0895345918159,45.0840950953503,39.2652014620792,31.3900416607136,42.7119809731463,52.5952697324876,34.7528720738166,50.6791276065608,18.2699774513989,24.5920296455926,37.4913432605551,49.1604135361389,42.0951583395814,37.3832801704176,37.7501777714324,47.5817716327916,50.6939144928897,30.5833005209812,49.8598684120972,36.1851039528814,40.1439545402162,23.6632755287792,21.5891831689148,36.9794821653235,31.494070758088,50.7543179509905,28.143127819218,27.9419676855354,29.3016106149777,15.2908494419742,29.0537810125588,22.8610527331147,33.5561457174205,28.1643026184676,16.9411577533317,32.3066119877238,18.8729484946828,24.6368431077705,16.3030814906414,22.2613405952298,25.7763958098124,21.511203611211,18.103421323014,8.48328643356197,26.5186406785034,9.45107150265086,22.3494163910983,24.0410792219518,13.2131447448197,7.43618375480971,25.9489421320209,10.4749789308473,16.3679661549369,8.70952169061029,9.01188856644391,8.48907155457198,8.89204593605193,5.31505587830138,NA,NA,NA,NA,NA,NA
12.6942590457103,15.5919569787597,11.8789913182248,9.54218551391129,7.71725058410278,6.60848112450503,8.01167377996422,16.5273632357247,17.2148540820063,8.39958825581767,36.1846453206743,13.8924640245282,17.7095069020327,16.0498530660911,21.9263856078783,19.3383701375615,10.5976454354718,25.0925714997714,27.6074718913247,29.6325825206645,22.3992431854428,35.9964203889334,27.7308350916826,30.0537734175678,33.2125225843719,12.3830214970292,23.0746149000403,36.3824167053226,15.8900726376351,36.3528287156652,14.6091950362355,33.4831655287098,38.0094387796561,15.1419656255375,32.3162307161843,37.3291645977543,34.2847441847288,23.3626800672364,36.2852215869408,49.3119309997113,37.3874291725123,41.349791145586,50.2274266033309,32.2580052670678,33.0529825775394,46.620246237574,40.7939664546247,33.8220901390536,34.3215905871349,36.230404551555,40.0410464133206,41.522436321089,62.9140488800415,43.4626036424073,28.3961960298129,48.2120909987924,41.23143913267,76.732034909531,45.2631245706945,31.0314961385662,64.8281835675637,43.4084704354067,25.3625005254751,52.6158143988829,35.7707922268522,38.6675740681346,50.1430286549943,30.9878975385043,46.2570906777118,39.1330504012866,40.9533008173473,49.254348053465,48.6255019400836,52.5750713374044,64.3686459650343,65.4266342463503,44.6761747958852,53.689996952467,42.9936989133513,57.5230907024491,54.1451356094166,64.6548168390054,64.7079713645678,58.9752381041225,58.9554079006835,49.8651536055964,56.592054945038,56.9924666920566,38.7110942901629,58.8069175430795,46.0045379183779,56.75690833381,50.5570780126453,46.2662874510768,52.1144827525854,79.8844003216801,50.2029340300076,58.279292283831,52.1396360136215,46.0216770580669,48.3711476833411,52.5874103100724,51.2710548753557,47.4956320469102,47.3741149969973,55.0259008049938,54.4974641273709,62.9015694927,62.7356138503935,62.883375456302,43.1494530918552,38.9898901167079,47.7523969552031,66.3511450010645,40.773791925202,59.4674889431675,47.8571693072482,55.8593371164665,43.477086207295,65.3637456475255,57.1503993009491,55.435070520175,63.8111041842647,63.8610354633716,75.2154035037453,61.1251785999541,62.2678152286635,50.533174703409,57.9801046813025,47.5268693914985,77.1845052656474,46.230450581947,54.7660137746188,70.6155558846963,34.887935756724,56.8602671737578,59.8990972285829,50.5314089779387,51.7407088345189,67.4035035761384,70.3671793297886,34.2991412147367,64.3264182424738,43.7453137896252,40.2014466880385,57.2157373863331,56.0393544645397,60.9307756817298,53.6482404178595,63.2069735292957,60.1597457107541,56.4780216372242,77.282163340224,55.3465915612228,62.0941931310125,37.3355793699508,55.1158630674314,47.451711513083,58.1482470885607,54.5409392786233,71.1256838315926,62.2212637855419,52.594516729151,51.6944121570964,62.2149471490308,63.4114717208367,73.6846546798729,48.5751300802758,50.2167369269306,64.0292502120894,70.3670105902754,63.5119997714583,73.8674547404333,53.6327532582855,69.554426244474,62.5883589627854,38.4653011104679,34.6057558941501,65.8568471809557,49.7117918288329,49.4855565057446,46.0709626946622,62.3783589057982,50.5304065754276,65.6744416428167,56.8830616223918,68.0175296200053,44.9646407122177,60.8668248188185,51.9883349208562,49.9145300976314,55.7166913432217,53.8238257114409,37.0948177648535,55.9042548884771,57.4987169021749,71.9421481903506,64.0520184941529,55.4074866110699,57.8519889461258,64.7126263595152,61.0493916534688,55.5009594754998,43.7016092378725,59.6015334252262,70.4860195599141,76.607330838026,25.9231702851651,41.583920561694,60.6305905398844,44.5339183611041,46.3847036508119,61.3443876323015,60.9455106950385,58.7219352569949,60.9142911150093,62.4449130656275,65.83028897887,50.4791528711366,60.3685358031501,74.9814060476936,57.0225484709926,78.2077245427998,57.1642640977682,53.0279744311741,79.3760663027166,68.3959090542383,82.2601502753438,59.1687683605535,57.6794227091126,50.5759018206039,56.5126376806665,60.270664288633,57.2979758510261,43.8902797738135,64.4395868530663,51.0129019426045,49.5362571775682,58.9604489597359,59.7410327495728,28.613934947136,71.6016421856764,63.2136655159678,48.065077272521,53.6355583251327,71.4046627067839,62.3265090759826,45.0418416176006,46.3488077351935,61.9539388088554,61.6265838311369,48.3473900886938,52.858062072878,50.8193683043725,50.6970744116167,37.1224843740895,64.673372231887,47.7155614079292,53.9833507197949,43.2823460143779,64.4241735758045,34.222928278866,63.3761413875855,64.1118051323524,38.3985746894506,61.980994390557,47.3591832102096,38.2473282843671,37.7048104941044,65.9038938922181,38.0905297563014,51.029653425649,41.6724384879416,53.00506337313,57.1802229992167,42.3193509054361,36.2003423341459,57.8368597118571,44.9384949617075,52.338358428783,43.5326060613827,66.3699375135682,44.5574240038443,56.0350570114812,43.3268760667595,41.9177966251869,40.7701264661633,60.8734503371488,57.6892164916814,52.9809217940566,59.3186575518364,48.0134539962916,51.1681033977378,55.7778937829673,46.7676756659346,34.9450744660322,55.3849979235428,51.3926171212168,61.0571585597017,55.5689768152811,43.0002213805555,46.1684420920108,41.9779337780082,45.0239941666221,58.5223934082752,62.5439016763348,57.6493784607711,44.9243313564683,48.3239246290221,43.5557324632322,44.6955535287547,23.0299694790342,50.7531494117513,33.2246041327483,58.3852036387842,56.9549281081267,61.7957785009955,52.0152209147939,63.7256978152324,43.2907281744845,33.8202995181671,51.5651442846043,41.1144047160797,36.160129754706,38.543731531778,52.9171292610649,53.9391967898644,42.75312377886,51.1231417302333,53.8552996718546,42.8833120119409,28.7386691629765,29.2038170422822,44.5612359305963,33.6514441345543,55.8207448807327,44.8857870920906,36.6928597473906,26.5487082427596,46.7746287121239,28.5086399706918,36.120440953836,38.9761720729865,36.6555720710294,36.9257203733859,35.71991929445,52.4520762436459,35.1425655719054,38.0921978566361,36.5804058360073,22.0815200779963,29.6540648107414,33.5437180024756,23.6819249176587,44.3988516951149,31.4130512735781,20.6514889009462,28.367744986047,14.1461986708746,17.3787757248469,17.2509645422596,25.3124687220896,33.5854247675173,15.3090637118365,30.3960989257213,23.0419958425241,19.798666812464,15.2409538587017,19.5393813400338,15.1885135327358,21.7130365960495,11.1649064438536,18.1923415373029,13.9007683923361,22.6980666968625,7.61726542312396,11.3586139627548,7.69981474238782,11.4094593654357,12.0895952148614,11.8126840741152,18.8418921763273,13.4867446652978,9.21624582546817,17.1462198287675,2.49844157235466,6.60786952390488,NA,NA,NA,NA,NA,NA
9.27239329765978,3.42625711246139,10.0000606129749,5.42292178167608,8.23888923803989,8.29168922434142,8.52425938809498,12.0452052724717,8.96089523407959,14.6043825035836,17.5789275983644,10.6703909824236,12.179374299643,15.7417273128348,11.5955269530487,9.23580583191502,30.4104346220367,14.2081005680847,15.4949202966225,11.6128643767866,18.5695395003932,19.9787988631322,24.8815303286081,28.5226012577159,24.6924661073243,16.135814086246,22.7861414636522,26.5857886958856,37.1636879775494,25.2911405642043,21.497251744243,20.5503090501563,24.4857227329403,23.6004772866341,32.7391514008811,24.7983868140641,30.9274612276658,23.2377200925491,26.2246461734979,35.1740511156961,35.9085473127511,35.1510334575763,27.5945927618292,34.2159716727354,27.9711122283109,28.3989571666846,32.9836856804989,42.6834160698747,50.4723760582559,48.1011859092712,35.5992168865628,31.3934717809957,31.2521370057592,37.7257080671293,36.1073887834714,44.96295898178,37.691259174613,41.4464562115055,38.5059421507874,34.8145788766285,38.9727132079354,58.1847128522206,39.1017899057536,45.8753188256226,49.2348771576318,36.1590414572221,47.3268310615203,56.9027285362684,41.2813911778755,55.6761791288664,55.9537232826568,26.3382644032787,50.4349953213664,42.7242534200339,51.896043458343,40.1879401372028,34.1162492031055,32.602161283975,40.9415632788104,34.6768609466464,38.0258435897349,50.8463312900406,43.3657433049081,50.3997848080351,30.7665913893769,48.0338070313223,47.7768762862147,28.5499431779675,30.2186902816233,45.1018227395745,35.5064091641832,55.9643925156189,44.8213291837805,50.8668836591275,54.8177242226732,41.4311784370031,47.0263015163125,33.1544981325734,48.102814386557,59.8779206072021,62.3298000920986,56.799358666924,42.6128449825575,51.1132864596005,42.6573238957191,45.3283887246395,57.6501069886206,56.4006802470361,60.2088802866039,65.2626163774249,70.712036562854,44.3216943599234,74.9271523309875,41.3205894230356,46.7827588215399,59.0108910733327,49.8896583657718,37.8695664872654,77.063852410442,61.0162367557366,45.8416973385257,49.6403277900309,48.4290390039646,31.6642522130648,54.3952700903824,64.9638254115303,39.159269713286,51.7678712877629,47.6213539937191,45.2452217630576,57.9242722352642,65.6742708339308,61.8884868880287,50.2548432483282,70.0625471615552,36.0907509658547,67.845422182505,56.4945244728006,49.8344979763494,45.9398487248953,35.5166890486409,81.324160895728,63.7008921859562,43.8603904829704,56.9058406472419,54.4102622761463,41.6305291556749,63.7811481826961,60.9169163566368,57.8934382784611,58.7217161074931,68.4200361592617,47.6098871734216,64.5759369670078,63.5321500302718,62.6850604036657,70.7083448630942,55.5723534607338,32.6099106181471,82.191801858829,52.3503374533033,57.3522183087114,66.5589924895992,68.7806428653765,54.3202247566408,73.3368628181853,63.2299015608878,64.4652016325132,59.1398979030568,58.9430362485015,84.4150975271293,76.7492126456826,79.7856692657465,81.8108205287474,56.2571485182834,48.9800239134024,87.6020157858107,68.1657036475954,54.1989261863363,73.3313002358808,56.6076552905064,52.2258082940167,60.5678347703156,45.9901289897261,52.9463553990605,72.5338484656517,77.7704254121243,36.8331945581735,50.8458539583111,64.5086158131181,65.1794633925767,47.8186033291322,50.754267715049,39.0321022281254,74.1012694959804,57.3748510449778,75.0126210003086,76.1649783083641,62.5087793895013,55.0422243270699,65.2137854908421,57.7170613629321,46.8436404472918,53.03046515957,33.1912164001965,59.0356158223445,41.5587302394007,57.8961759796275,72.453021378638,80.1079960306306,72.2648531804504,61.4188840225669,85.008809236254,61.0291980436071,45.6331668363879,56.3478479281672,50.2037720735342,55.8595760078969,53.859266876028,62.2272432036226,65.6403089781608,59.4733327106523,56.2178363616277,58.5649802736333,46.5972411164154,70.3719656912904,46.3126489591804,50.3675550340433,71.0664812507932,77.0564854084332,57.6338520984048,79.5019433732878,74.9433984544079,61.7076242086401,67.2053070221733,63.5985963024197,69.5147489176182,51.8002394400629,58.0606313451494,73.9519676530731,76.748005136464,81.5605822252085,59.4913826920914,35.6372172373531,48.4225609614729,82.8645103750189,55.7271715107894,44.5469008298632,52.2462974205617,62.130950534506,71.0763607621029,66.8992570029667,46.4255460873935,47.9546715234791,67.3453848083658,70.6018423178596,71.497782594531,72.7198482423201,57.4776384263987,49.8495561850976,73.1589999266298,61.3367076776218,62.5824287711177,73.336236589052,62.7500836502205,79.7908736375648,67.9985749939214,55.6442913396638,56.7878908886517,92.8038779464063,56.1489285432849,85.097179563074,65.6009441384795,71.6426839740941,66.4690711621071,46.5185373231291,62.0711567274133,64.2994568941349,61.7546402203004,60.3730774164858,55.4894671763199,64.8778495382982,49.7631349142853,71.523054591523,31.6087595442129,65.6967591518006,77.5390866017152,37.1630136447759,68.9323966151159,58.851960071767,52.3605073148052,71.8295540030842,57.2599758928057,61.7947009081319,35.6190535927128,59.1289268007002,50.9190581754093,72.008688124042,58.5225832108936,69.0317303017756,45.5166573183596,39.1597215815956,44.580010559932,68.207917536708,57.4162381176315,60.4071593805612,66.3169120196272,51.2387360228959,47.6958221464357,41.5681938700572,44.5603034024114,39.7887461624026,48.0673313471047,59.9724069514129,52.3441488861835,69.997627623449,66.0219768660197,62.0798917003122,50.7413673840666,52.2948464281374,62.1734632530838,51.209281675529,36.9380794250242,27.8449304883621,24.0452046330323,76.2044072252229,23.1114684791969,53.1990207534861,45.573606633448,56.0843615985231,45.239963672631,34.1776154730954,28.2694027852505,58.9170851590671,30.0490937144007,55.6387316872236,36.3685703685011,37.0185890683823,35.6066262625588,26.5709508511111,18.1287438950848,42.5579425494304,34.240970912563,37.6845188458762,24.2882567128373,46.6423423344871,53.9183496839166,30.5260164612508,27.8582300035676,29.9399480413412,15.2911445382816,32.2736822479138,34.0202864370296,45.2047743419771,36.1162492793699,30.9947652534775,41.8104686809372,38.5112663766594,22.0591559656076,27.3822724552012,35.1535932906497,40.0614775098656,22.1685138214435,29.4014887776112,40.3229079589773,29.9286769375697,13.9943894336297,19.4911019029047,14.8440103901219,17.7914370049551,21.1954377495697,24.1327752713257,19.5046377696074,22.77323146857,18.6197146476032,9.57289555356751,17.8572486545263,25.833201752572,11.6096746828259,12.3295991764757,8.64323521133965,9.50250634828645,19.275103496862,6.67635040849462,20.6639336214089,19.0192891532263,19.2510212774783,NA,NA,NA,NA,NA,NA
4.39270490038633,6.58344871638749,8.33151019205936,6.98257804050782,12.090696527458,7.30911392923067,7.63444731289777,6.20083774950566,6.39757742335633,9.44264014749024,20.6382755506699,6.94450750656081,17.6825700820317,24.8862085387093,10.8541604874083,15.4513071969533,21.6502406484168,24.152712445036,19.1657838005313,13.2701703507729,18.0479189357685,22.0046080679981,31.8307940606974,19.4972768079676,19.5630602631318,12.0628576592835,28.8113213506156,32.3908894371895,26.8110862249068,17.7071881198607,27.6904011205625,33.3309854549666,44.947877666911,24.0133840976519,30.5145612134047,31.9672498142485,30.4988116557413,37.9955099490546,22.7551735835176,21.7106362348256,33.3623801414068,47.1803590808956,32.1256563176816,31.7453888852933,32.6897038648115,31.7738858805085,34.2011309449133,65.5067179930395,49.4372375822385,48.6420587531534,32.3765164549528,25.7924183434147,57.0999541090104,39.8130157051698,43.6295193760866,28.3317610767823,62.3775770274368,45.6732395693464,40.0107675562489,38.0419777910265,52.2141622318639,47.6132750801306,40.6009227298996,56.542679168153,49.8999393756797,49.8963472066854,64.0997052569501,21.7007370263501,61.5710811170915,47.5574181656862,40.3747929191463,51.6496309978952,44.6910752680481,35.0629000313698,44.0361316713011,43.1667907208766,48.5919278488425,59.2575007218532,51.6814606108781,43.9227696713097,47.9421660646632,52.7874417763432,52.5383401326459,58.4636319122153,54.3102254113148,44.339856374257,38.0112560193141,44.0234956077666,56.1828587655955,34.698256013849,51.7305851447884,52.2570882899842,52.3402415044299,58.0718818260215,45.3676112744302,58.2545425887935,38.1751082715335,62.0813296021965,45.7804692847932,51.2764362900006,25.1219106195086,55.872684842099,57.2661117770144,50.7112608606027,43.7304335793143,58.6388799933393,40.5360706410557,46.0952156297741,52.0583841154854,54.8004117556735,59.3387061932696,52.0816984522093,44.6982320349081,55.6923173527153,38.7771935582534,46.4757652581584,50.1111744305902,57.4400783984554,56.4341072373186,75.6034723114356,67.0738435306519,53.1090175199377,32.8960608933353,54.7497597954478,47.0521203987527,80.5036299531051,30.8174793047091,59.7842590621613,34.2007404719397,46.8386841409498,58.1763793816508,73.0132452714953,52.4414851724764,58.06722980441,39.7612819963566,49.0797071552479,57.0746153393377,40.8822606537255,52.5938854222883,58.7357391544874,55.5519454153569,44.1378537836964,50.1263533543415,49.7221566907725,43.2412995628069,40.48424716338,50.3036172884821,65.6757004920986,62.6852354555849,45.485140520345,48.2902733320022,53.4177077138511,56.4563210140868,72.8493211692374,67.8974980693674,57.8439710542806,45.8339207709606,39.1217201533654,48.7880954815769,55.3498687347309,55.9320461682286,73.9250563046783,63.2779090507022,50.2670814035183,47.9921722567728,52.0042854616564,57.1617598259402,64.7942469005992,36.1151786518445,47.4913972193111,53.6944968666266,63.1804601801259,51.7641720643037,80.4201860598106,54.2785942947751,75.6796632653819,39.5023682709546,48.7630866670849,69.0527715781456,71.8845980820396,43.4251076998525,59.0972283962563,64.0006759338257,79.478424757594,64.8346065299714,81.5422663352825,60.6413793745496,75.3153858753921,58.4606299641906,59.666714346518,67.9935459741707,62.2949899572413,60.934574702263,55.7742702917881,81.489834433986,39.9148589019481,32.5044914749909,58.7353685887638,68.0228619561325,48.6307264560537,64.2074003398247,64.2475362926496,55.5166005165872,59.2987748144502,57.3879699886241,60.9035442647489,66.5559582852458,43.2737082896754,70.5231616253322,53.662113139403,51.9403132048417,47.3442069492937,66.733129440299,62.2282844541493,51.9476802914516,54.5441426020022,60.7153329814414,57.8835176371786,86.1676413582341,75.1022199632219,61.4219245719502,51.3919627807641,35.7091306938284,60.7120313281615,53.9845690762202,57.8156900116758,59.3944409611824,59.8900755161695,55.9497814297553,60.7179043572346,61.5315974643089,75.8584294003091,47.5217556601266,69.126688251232,53.5647419221915,59.1761247549342,53.5136709960356,38.7478904920021,68.6713339520748,59.2601908558167,66.137113059985,46.8290014275842,59.3730419693001,58.2333743112673,56.1962174587957,50.9197495657651,61.3456681157854,50.2458947519997,49.5797108749949,65.8749343200872,56.7559394714989,53.0149861283613,48.1045743036458,65.7246123314473,61.4861433591326,78.336084030554,58.4505485151188,44.2749812458467,53.9122579072429,52.9412455723208,55.1490638049054,54.2831044036825,43.0371486606645,39.3656085326211,52.5603294766787,51.4699838419428,56.7515114381254,65.7687212878471,76.155756942616,47.5011339175226,64.5751653466971,79.4195957007482,69.2691887545002,52.4460265265364,64.2890746118526,63.0460530250616,44.4181573291222,45.385771643097,52.0802869667849,45.1498457370524,64.5388369065001,63.5368869409821,70.4138215593188,43.3822675701554,55.1607290967063,50.9597265827982,56.64720791411,51.8857025847719,63.5141052651955,65.5925355211191,65.8084762826549,68.2997646533149,65.7602991670678,53.4107296858219,63.7093228308422,65.3542504190477,62.930513128102,63.3554879146577,73.233855815561,50.5527342565741,48.7267000489051,51.6164140492373,64.7269870897562,54.2896697573057,44.9658373361216,37.5660762929124,56.7718799663415,54.7825412681387,44.7448334328074,46.2776654187068,54.5517657100903,51.6899849620778,49.5545199519475,60.8190896303455,44.2176812029598,55.6571738307576,49.0257881092738,57.6810730416452,29.4491766658061,48.3578660193745,43.0948470393615,29.222189754637,56.2236515475251,43.0805985581214,27.1683510935671,54.5428186107669,38.7416367179805,39.952261976618,32.0082585785044,49.6446681346151,37.1234338093717,40.0840992797548,49.6037604863962,28.9408597753048,49.5681463745133,38.4429420916026,56.6195636421036,30.3036250104765,37.9041098158728,44.0424618588782,20.0353755114278,21.508990312634,32.026459048973,44.9259497446631,25.0687994067901,39.2811649910609,36.7702647456317,25.757687598428,40.4977974315361,41.3788007798239,51.1553798875961,32.0136867490536,26.0773012979877,36.3886636111525,55.1816739416419,32.5258159724903,31.7672688002172,28.4708182456036,22.3751213610187,19.372524901308,20.22280271702,26.7509376313866,37.3244648405057,16.9538977273288,36.3132842868151,25.9253130352185,9.93706641194361,20.4617234115599,24.1697473243766,16.1342793637287,18.7168420087652,17.1341023051068,29.4422500509923,24.0231356025153,16.1986279827938,6.41231321056992,10.9593861106842,11.9011090781504,15.6246007062851,15.295838438296,13.040934463903,22.0617875534999,14.3622025629697,9.38532172073851,12.1264412070429,8.9222647831449,12.0053895419048,NA,NA,NA,NA,NA,NA
7.70796566385183,10.4074891720006,10.7241298856321,5.23251434888777,6.94682503838213,9.53770880135664,11.1629811860913,9.63675427010258,14.5360396452974,14.4653207234947,11.6148477480827,8.11380153241612,13.8602194124922,8.06228326700206,22.9142323789487,15.1207743361354,15.5700215254083,16.9408419871227,12.7541644093247,22.9066415017401,8.69828189158312,27.42452772385,35.8965119403436,18.2319645961108,16.6959216771473,22.428793728175,28.2214818184199,20.7400158294898,31.1302691574328,28.1618987355857,37.1440887797355,27.3637912778229,31.5893112879473,25.6753727041051,28.4339023162358,13.7798336601731,31.6099902966445,33.8024444775076,32.5834613477451,22.2783802285132,33.7822925653005,35.3136462957134,44.3878930303513,32.1338809881401,24.6950127515248,45.8386868917244,37.7361012210436,25.587660718802,31.3157476096216,61.525413382381,39.8098753636056,41.9445875535463,27.4200047752685,23.4855051846579,45.6994544277001,32.6993930960537,39.9847470409764,41.4567378335883,49.8711975479602,42.0973032111401,41.3336743523799,42.9781112691949,39.1519861931292,46.00304638684,50.2625429490674,37.1607270689948,40.7755561317909,37.4368467529869,31.4584285790367,28.4829285167629,24.500661119067,34.5937263786456,23.0065047442312,23.4637544293872,28.6243975449391,42.0552457458805,35.6676172214932,33.484113470053,56.1455646910475,41.0747915144545,44.495564267401,46.8758060675604,49.8322735349807,51.1574125293036,56.5385276233295,36.291553526549,39.1350010367194,49.9492800008647,54.4547951787704,45.151135380073,33.9892378333953,59.1750021045071,53.4653648775615,47.3132198768263,46.9671298971205,48.2257464916561,51.5147619774539,43.3973387305539,47.4843653714449,40.5113370521131,46.5354234731968,52.1158674772485,56.6102737497228,62.030610792856,61.3677679923518,57.743356766537,57.3400322840325,33.1820735347862,45.4556448370825,42.4835726063055,62.2730180722618,34.9028221875864,44.1721494978311,31.299115097469,44.1545979509452,65.8136523372479,46.2065496139051,52.2981421283218,38.3929476691619,53.252167379382,45.6376818522906,50.6772652333267,54.6184869507496,58.5706915969986,40.8900954022658,47.0358973824959,53.5340759178162,52.0520572367328,68.1263785527456,69.0782746210607,45.9616463045208,55.0098195044141,56.4132248533364,56.4884007757608,38.661494655097,49.0047592571239,62.1452742727471,52.0362899777514,43.302835022691,42.8496145416109,44.8418626351087,40.358110285923,55.767064451651,59.0093978589182,54.3806122498344,56.3966675494788,62.4846432251788,37.2308995232142,43.1453590328533,54.4352322120906,24.0069979817143,51.3807441027644,49.947172430729,41.0971944703294,32.9100897479039,34.5023119750353,61.4758608636061,35.8764534993002,36.830130313443,38.8651414303769,48.7603226835781,22.1597747046195,29.1416769758131,70.0830249221976,51.3391969406762,58.8810403830066,52.8893782482463,44.2920265535902,48.9975208387003,49.2286550085456,37.6324386358991,36.805440403914,58.0814301645009,45.1865730978973,48.175650205337,45.144751133683,43.1831181993014,45.0969049435816,63.8192631671921,43.0111435972804,61.0486489219015,53.1674855661466,49.5028997078931,69.9014976440827,53.1810955987269,53.4311358489797,54.1315664671481,67.232778541508,42.0030420114139,69.4493605460385,69.5297191370207,44.3485970487882,54.0063857563427,43.8970606371643,47.8451028444487,54.4689691709237,47.3494883778072,37.626030606819,76.5892935637648,61.3348812177838,59.8007259579947,35.309440807754,55.6569510783077,59.2858319315692,32.5801644905745,54.6452046327534,51.8116847373623,52.7162208947723,63.2475371346794,66.4547262501782,49.6289775212059,56.4921991913895,42.4821335097221,59.6662563849488,61.1433672438812,51.638929624168,44.4585159003726,55.5252975798778,68.4180371584108,51.3711057120939,61.3168422982441,53.9657057557526,54.4211622856823,56.091891619406,54.8650283797994,53.6903065900762,58.1791459685328,40.2581735111627,60.677579532815,75.5418207878695,71.7204642449401,32.8449705372196,60.420970330785,57.5918130237635,60.4881551971545,47.9762318093303,41.5963484762822,60.3391724230418,65.3502889589242,49.6920808702156,50.8785690792174,49.0112938624246,59.0804283249826,45.7739408089762,46.5191880581828,55.6436936936491,64.9242450546333,56.3922026039263,63.6316989915621,67.9175013469191,53.7928317381406,53.8550737912152,49.5247770521643,76.5524937291733,70.4298127328261,51.5794098127087,65.0855681517971,62.7122063083477,62.2331796331388,59.6391487450256,54.9397921178432,63.9480977855975,59.1881803560219,66.0266605806427,61.5843833291328,56.6455765892275,67.6811173175316,32.4593275045754,55.191086215139,42.4779727947264,61.6913808545105,59.3118371840336,60.334138023396,57.4900938376696,57.404671161379,43.2227231468611,60.6988985369871,64.1611178384328,61.4609320892435,52.5558652485415,71.1494747906067,38.2684430574212,51.9044585323498,60.9460957391769,50.8663472295927,48.5441957077966,52.9077807899281,37.7778217840181,50.178017017512,52.531909572541,57.4235495163993,37.9493260753844,28.0517843355614,46.6606412201644,35.7849285011742,52.2914406683672,38.0144714670096,36.0156078516624,54.225889696593,61.502985573299,43.9633965309933,61.3411619764796,59.1176734764414,61.8201413952003,49.5963864499508,46.3279657861646,51.3992590525087,42.9406010879962,61.0654465856546,53.9312324001177,43.2766186638677,49.9356813778669,56.7152331768444,47.8624949324341,53.3650493988835,47.5156733928152,44.2930156117018,31.1263892358789,27.1163053883721,54.5086472604504,43.3835573503003,52.6954587660557,51.8932929026583,41.123229667393,46.9183289902122,47.3423536097852,50.5652032845328,29.7673568767643,51.1467102711001,30.3045044143842,47.6144128794341,33.8990988865607,48.3328411686674,33.5195271223726,56.9918103084563,52.514774046853,45.4229253069363,44.4370838482311,40.1244022479305,48.3967730705728,29.3492222198795,40.4815876571271,47.1487091469975,46.649378022634,35.970071361915,36.1462102895633,35.7613965645453,34.4449516767759,35.2468561985376,29.8763660561014,42.6035176640409,33.3570521236296,26.0400866655471,34.0769928851675,45.725444407686,38.666696993778,30.9416786332313,24.5867770800992,24.8345042068489,26.6776364275633,31.7836620446353,19.3335136223238,25.2240785829222,19.7038287783906,16.1845650719488,26.6797144443271,10.0325761397872,25.9054674485907,25.319537596735,19.340054111944,25.7132692197264,18.1909711560833,28.4155886850661,26.7267530175731,17.208915857461,19.7240944188838,14.7266910283855,15.7917042602917,10.5992610574609,14.6853546843415,17.4781996072833,13.7315071971017,8.06556327096344,12.5491826473582,9.38200276102741,20.238418676803,13.7817093932331,NA,NA,NA,NA,NA,NA
6.19132962888986,12.8902336446588,10.3611156541836,5.34372964600972,5.83992522838098,12.5498898175971,12.7412440425245,12.6333844165389,17.188089399215,16.5483220041111,18.5621732440662,11.6895521695903,24.6082737440436,20.8987555567593,21.9255579980035,15.8858240180545,21.5999679902932,12.2879296877467,30.697859358035,26.5405234337956,24.3892880722966,25.8699478401814,30.5039261337005,27.5372113098884,23.452538136845,29.3184145430656,33.4556003413829,23.7117241900372,50.6512706511393,20.7400265527962,38.1424580679105,15.7301310995186,32.8152689965488,21.7502949709093,36.3192215687981,27.9751778190669,33.7089797926438,55.6381657838219,23.5870805162666,33.2567496119984,45.6265393412101,38.6503191232968,42.636647380102,47.8689685422781,36.8411215964239,51.3185250181399,32.5608014408034,34.4251764900934,38.5229007657487,58.4733984917559,45.8357177672973,28.7452058800629,51.6475916361218,46.4557493613971,30.0646277537508,58.0204855794364,49.4747501283672,54.4965427455874,41.2029882958364,58.4902045255083,61.7846421932371,22.6205166231277,33.6249079836215,47.0964063687255,36.4150980255391,54.4384908938453,42.6530428462912,47.4205624769641,35.2616514972527,21.4452136663428,45.3044218464411,43.7210011981162,32.0788580376014,22.5852517209254,49.312768836788,32.642694350644,67.9092964252673,41.133397142663,51.285960895805,22.7136574836203,40.1903745152129,53.7885114971946,36.7399493009368,35.5955264959625,60.4226987516894,35.1611353389812,56.1273349606663,41.9521151240376,50.8787686867015,44.4894977807866,37.5894050790373,63.5646583681281,47.0134137325039,36.354309995071,43.453998488789,55.0785012830489,35.0811589188652,48.4272605233874,66.0610263645294,57.5132106087566,62.6051017505663,50.3549508479786,57.0182869648009,50.3656845885697,62.1619654277094,46.4396572406234,72.2902069215892,55.7426193460654,52.3508981191709,50.4273839823959,32.8040707530832,61.952628436606,52.0009807836335,63.3181445307195,19.219957386127,55.5903228472743,43.6472022996449,45.9708692508554,69.1393035691088,58.7188215854537,59.0397357556275,54.6890980410922,45.7148534408921,61.6998522358168,55.3979631229219,47.7670911973925,69.3022730895524,58.2983236833199,43.0993965062071,47.0688592188236,52.2492703469977,60.339242485092,74.4495707497248,55.5858994576355,30.5371495538522,65.693237229106,50.723401090519,56.9937328533702,58.0913898820769,70.5768409197404,64.5352846583922,49.84592418211,71.2390917673286,56.7156774983461,65.6258471366733,64.1211337988287,67.2061930800911,44.025782658094,52.656669851404,60.0728613992316,51.4010944657466,57.7232023497379,55.2493413225239,57.1074390107161,49.1386701236177,28.9754402558588,47.2263864616095,59.0381007686273,52.2830412620212,50.2742413916986,65.4977162051936,57.2311341599554,61.8451024638403,58.7308894387998,30.5591119654868,55.8375355518675,50.0540537924605,53.8028442165927,36.6427033259086,47.4442624171801,63.630080991513,56.6973455470758,65.1679955280458,81.9186153557605,92.073643958156,74.1769315763189,54.6812149288465,32.7088969463221,73.8938369182639,51.0900505951493,39.192190718394,43.6429341520972,43.7831725557789,58.6681129843901,62.224771948375,70.9427144772041,65.6502849148491,62.2661249453364,52.9253443777407,67.216137190395,69.4532963028465,60.9856208643414,70.8103442940355,72.8739526802001,46.0384096036953,69.5092142106728,53.1339551773164,53.3313029696569,46.4259214555954,57.5119780897101,73.9358193070194,66.9358254116989,54.0028090214809,36.4944750632584,59.4100897863422,47.555931006144,75.4784196491392,40.3404731109071,72.1214582862735,62.8054198304586,56.8132992632424,51.2456136131671,56.2684809547749,81.6762275266745,56.4913611312129,56.7873853170912,71.5037769480983,37.3583520045424,44.0794595285272,62.7948144660268,52.5947800374116,51.1337742720307,66.0075875715759,60.2277727459183,48.4330288703822,74.0509983743469,71.3001531464519,55.7842421026436,53.7625213891786,41.7949615506542,51.6153148841138,57.4268763940226,43.0357973430554,48.6184263022249,69.8496218099693,67.5326908767568,61.6829409984828,55.813391265153,64.8722421706168,46.3525836793917,57.4804951897181,29.7124907731186,49.9612333972986,51.8953038409472,68.4287027632373,57.0942452912678,51.1052518720396,41.8482499965422,59.3616498181132,39.9018222867579,54.7521491592229,59.8964556998146,46.0811787695156,59.1776403985112,62.3586558036153,48.3563656176377,73.0527916952805,49.4796135819238,75.8486584724072,58.9341935851532,62.6496825797918,54.7305133787583,61.5583296210976,50.1633861583402,61.0486964797481,42.6376174619791,65.0594586642964,58.7141681886426,60.6780965691146,47.5378081836437,63.9988262387095,54.4269643140372,67.4404291012661,29.4160518982702,45.091151353279,34.4970172866561,60.1582866607832,61.2185449626008,55.2431340523123,47.0981737082269,61.663927984639,59.1107564154317,38.5114230322118,60.1496948898541,49.2801992021839,57.6066919830741,55.8348959038298,56.417147112887,67.5110889459107,58.5085245891545,51.4801199291944,70.8808875244961,56.0390999913311,50.6928833650228,53.1941907597852,50.4827974074991,49.217319935094,46.5118313135728,59.5147529228423,38.9671934489861,40.340247280756,51.8350484342602,54.2088068844601,59.784950665083,41.933473196039,43.0513791404354,56.5765970031124,51.2311584196894,40.4103531383973,55.7071713579712,46.6219834020112,51.8640638690089,52.590742275556,53.1714975394707,40.32575109659,59.1834696675767,71.9285233676492,60.6286800584161,42.7220022485703,43.4902910619496,53.8137880001182,52.2171951471985,58.3918340716733,58.2582988955661,44.0911001515188,46.0737499714975,35.4541459480848,41.0545949983628,38.1200425213091,40.2393889160447,54.2737151810192,40.2796738063347,48.4124923969008,28.3928083418707,41.095309505257,33.3487177630299,52.7458786078431,42.8377334846741,24.3730908935467,30.9624195423125,22.3761783764335,38.950983161617,46.8706359431214,46.2743874622339,41.0234712987088,46.4282321437004,41.6638877487244,34.3929920344449,46.1437581537979,32.9810236916837,35.2048683335794,31.7236624831193,36.4973808101332,28.4594261898507,46.3448860971941,38.5978872033164,24.1617618566219,29.3521703355686,23.5653394942967,25.1109146356881,30.7966060387374,18.0472909482895,25.9524873853838,20.529874851898,18.0152173830381,31.4054662049436,14.0739167654323,22.0571922098927,43.8911787396099,19.8240714683431,23.7186770238592,17.368354206651,17.5921926739207,21.0939355406749,16.9978133314864,17.938895766067,13.2111586091699,8.54739981606783,11.3810328337071,16.470267166483,13.7644251946795,13.8649543624077,3.9806779297329,9.40735628587048,6.6855507529276,3.84606459696835,8.3188097011432,NA,NA,NA,NA,NA,NA
4.0193895230213,10.9987134427121,14.000094737103,5.4752537261012,8.24321275676588,13.2850262277194,12.1947672582088,12.3318129639034,13.5299495888942,13.8093329794731,25.4867324608882,17.737274938385,31.7566542346485,14.3123495558221,26.4010159453945,11.769888924733,13.1302494068788,19.0506502461823,26.9482631043548,18.0892452058149,19.2314329656237,14.0160114888176,17.3943933369757,17.232487976972,22.3297527150408,30.2778600806559,30.1903129398925,18.2436142163942,30.6535923606105,12.1400301021702,29.4207100998571,25.5758609941461,37.7616076879922,16.2052927240999,26.4691749555416,26.4626953740722,27.9334248594421,33.1336813884809,23.1116955763328,26.7697471215374,37.6516651905817,39.2422148432025,37.4926527531654,35.8795736560514,38.2125724406419,27.2188948516299,32.5138323444977,29.0551955620731,40.5680105514923,41.448303926597,27.7376010391172,48.4079791629837,45.0600339711246,52.6840716196938,42.6526998369847,58.2502594389529,37.5570758031393,44.5136023678313,49.8590746054759,31.1502344304611,57.2256394043742,38.9953784314247,39.334438444212,42.4747772909608,32.6970883746028,50.8914283427003,38.2153655125113,50.2939507154089,46.5698006321663,36.2058465626468,32.8914735582048,37.3853639621429,41.5643624742095,28.3206397534869,42.2748603080448,58.6456569291107,31.1770328800181,51.1909065549072,35.6362450867087,40.6163986545377,49.2460082017712,34.6326455967939,42.7754181912737,32.7288377125844,51.7778517821425,43.9394820508433,36.1881446595226,48.4572630253229,43.5544771695139,56.5307241984694,39.8551369108712,38.9645680629669,46.1586666554432,56.4152938650154,41.4906627061273,54.3425552299514,33.9536533250482,40.7096708682042,40.5535969996258,45.5458136172357,39.6731919534848,35.8498498106022,67.6358130059178,64.9516391476977,52.1967588707497,43.4133695156106,52.4427573797674,44.3911680672422,35.4568154755177,45.6348495491612,45.5093462034238,55.5461812077756,54.7593291679933,37.494987829121,31.8627560741618,44.6573832350179,47.547755055528,43.7095428525336,48.7924371608937,63.1255041345053,38.753117664186,47.6250574324656,39.3265737150088,47.356460107669,66.5746929556757,64.0732756809797,54.4543700187516,56.6869045826118,50.1586609682521,40.6907149493098,56.6308794226933,57.4329835196987,50.8683836130784,47.061359042502,60.622411165171,45.8154701214494,46.6528926262623,53.7355982831795,66.2903383742003,36.7016955622723,54.5395004955099,48.2999138647945,54.9359627621613,55.2415664434132,65.8519511484565,53.5471421956597,49.83982751753,37.6755923473752,54.4628434224751,42.6949293333975,35.2806009246814,40.2309529269836,38.3016947333565,65.7388096156116,67.1939712888941,61.6117472458782,37.3131503309718,48.6497146999675,48.2915875798164,52.3241793323075,40.8910906223864,60.7373243607954,32.6426834187558,50.6600334257933,46.3262528891517,65.1419981786365,48.6436576370305,57.0799655943984,23.7917508190095,48.7933127813344,53.0824215232978,55.5820405014654,66.1796712464215,66.6212070319561,37.1668689625872,47.3440495727791,62.0331382551611,67.2846605713529,68.1687974675271,40.4028219845117,63.0001421764628,47.1274702329139,57.4637210498094,49.6680263733242,58.3686328188624,52.9342984616981,44.8727454393635,34.5898879695447,43.3493471069156,62.3826227034061,52.8572736773691,39.3378146119141,54.0330344021494,37.9477472372765,46.7537836063385,45.4937012137568,65.9933171737988,51.4946272620408,50.7220038255999,43.6295193471304,43.3963597961671,49.8777048626114,46.1082619018207,49.9536426256803,62.1938342519964,60.582739971748,63.7877403617799,30.2059985156393,61.8202845043643,38.7604694140581,55.9992868666727,60.4758023856754,49.9384457296826,51.8593966678109,54.7267451896681,30.5954980939834,63.6316344216863,57.775085473932,60.5040794166925,65.6112371380699,51.4970247869531,73.3809069816105,56.247510396558,58.8859556847412,50.1213480799558,59.7194484232222,59.0993508912548,72.2315774788478,81.1146607100987,53.7155970250489,64.4463671043035,43.4563519855579,75.7887571534443,63.6343797547065,56.4200235330551,59.3067705007386,44.1278836373815,53.9403538379348,61.5058643309146,52.1157193135645,47.7799413435144,43.7036653004633,46.0406683062326,46.4962629489687,53.2994062777842,46.58756640093,58.7764737871736,54.6248773621153,42.6008583880291,54.2499082367803,52.6495264779806,36.3131606526785,50.9264331430294,48.2803067252538,69.5600389629545,44.4141519704719,67.5393967281498,55.6852862830418,51.3777938959421,57.4867942207614,50.337002696214,59.4407069404412,66.1097497504479,50.9435360253913,61.9750923096753,52.5731552844364,52.2616105643842,57.005170112388,43.0061257473262,54.1071502692915,63.0176587740602,62.8374687780417,38.0622445718118,55.4626531995182,48.3205578442236,58.2263362166654,52.1493587338501,53.7265298937176,49.4011747243632,29.8658036598653,53.9126003000371,70.8100162946251,21.2098014672356,49.7361266430857,41.2902215342463,45.7033133749799,40.6995793507387,38.2692311166005,31.757488430238,39.4600401433613,44.5781183403791,46.555528789657,37.7516094340362,51.8179460844439,41.7470450794895,47.0607434763409,52.9910723686474,57.7960059696425,47.4235579417054,46.4442486262238,48.1498502203706,39.7794662684401,34.614472093381,40.7354193039622,51.4748114903251,47.4848249993024,39.8430667373407,54.456995287689,39.4892315926574,53.5522943866965,46.3956401173826,49.2354062171683,42.7911055578515,47.5683746974077,48.4707349946315,62.2327163864055,45.4975093031348,49.1498168186846,30.4988254817382,44.7761541147147,38.8932910703078,51.4334651048137,47.3085026191989,43.9588651930817,39.1130564117674,40.1959842240374,31.4533780989949,43.1794946277707,43.4064608539832,41.7681753687004,30.0487921541888,41.9997848216367,29.9585430215116,17.1746170969094,42.1262419041593,42.1914401374262,39.9232831225152,24.5345778650399,30.2331050265173,25.1080576866689,41.856352006131,30.5720927519454,41.5370476670956,40.5125746744447,27.6414313388461,27.8249716199442,21.0843171210443,22.9463669250809,39.8889574207916,32.4536675584046,18.8152772880762,35.6199211482794,31.8133945635179,38.3941059955961,19.9823398196486,44.2912317367108,44.726344557506,21.6539519364629,22.9606509748517,30.1283608702608,14.3874614690599,16.4516476528531,20.7499822513431,16.4696860069494,15.6566619315224,10.0853461660286,9.60834510977828,23.9005118907125,21.6322915607158,10.7206304660989,9.72239302023298,9.93706275027104,14.2261953171974,17.6026045479271,28.3784023926337,18.2310057389522,5.84953666728323,13.8391538720689,6.7108755128875,7.13392589850362,9.55153324889524,8.52020971645403,4.34824889346886,4.7720112868723,5.50816972258293,12.6850096676992,5.67364726721669,NA,NA,NA,NA,NA,NA
2.79285033443621,18.7490286193669,14.7805607666414,2.87157725449358,3.38030395448605,7.78950923598089,10.11913156892,11.4308353959052,4.09682828303776,12.2064888130298,20.2656839281299,4.87238026802223,39.0230574961429,12.0317602948558,14.2350057745242,14.3345885197275,16.0562329878799,20.0590662187829,33.853501883144,21.0427450830411,15.3803899024051,19.8902480262709,19.6117964473819,25.1123811842452,24.3397548393701,15.4683633707907,31.6361213739206,29.162726689924,19.8998183713237,22.9847254077862,23.7012451857596,40.4327241464792,38.7799138396205,26.7436521873153,34.0190183556088,27.2484763738244,40.7776055822218,51.9872878634387,37.2890576240829,22.1914061014884,43.4849686213115,37.550711689429,36.1559023011675,24.6350326996737,34.3557138912738,37.5010917899837,27.977289334592,17.6730096629422,20.43951182664,42.2579041269803,33.186096536261,31.0907495418173,44.7346465918112,31.6792147505036,60.4234049863982,48.5720089978979,31.9342242932794,57.0421701938055,54.8829837534249,42.0789043809181,47.891293414292,44.17378773869,49.3325540983719,49.3038597602719,42.9819411348247,41.9392461531377,42.5391214160898,37.6179689759739,43.3328562083017,38.9920834374337,37.3170114582093,41.6367164878802,39.8339819641649,37.7156072426693,39.8911061141712,37.0346094218958,45.2675269048878,40.4755298943874,65.5640147578608,51.4817696688727,49.251278976799,47.2851455700026,55.6367882390892,42.0804717092657,65.8539263768396,52.9103411386155,60.4779451846418,45.9704420270974,49.8501234827204,49.3504643105979,48.046747533802,45.129928182223,41.1867149682408,43.993095613472,44.6396344589554,43.5895007473378,46.8950653977764,36.1298611520845,63.8396674599246,60.205926256025,67.1572200922382,51.2612493271213,58.0684149755425,50.101403444052,41.4560578821949,51.5223363771253,67.2038814397555,49.1178197960266,52.286509994194,49.3933948793379,36.6130802945663,44.1083361922825,50.0219419380437,53.6902052819212,26.2818103513185,56.3821833407319,47.1345378159949,66.1026076928721,69.2441000166771,76.9311916282523,62.2183681813547,39.2236136247868,42.050696042941,55.7786407834109,40.32758557051,50.6403699592497,52.2749056471514,67.7026783506853,40.1733719295391,61.827070007504,49.953036380414,64.8130934731082,61.9721724959195,34.6199315399312,45.7760577825678,58.2396433435449,78.4615803624373,71.7202092922093,47.2158785312673,44.8550347935412,46.5668200316633,64.3977929296975,44.1177866074882,59.5151668309266,35.5786790008477,69.8055971073718,58.249103310513,54.7396644279298,42.044928078754,74.4468657195867,60.4425243446319,49.7575463594335,58.1573104582203,67.2196206789137,71.105768461365,57.5279705422587,72.1410335499394,67.2109911436569,49.8886881144562,64.7742782668744,66.0908966369166,54.6457086590409,57.0255941129435,71.4948893692277,55.582682774978,28.8077248547936,51.3726554056965,45.9237026202035,48.5285452149921,77.7253452300462,59.9060457049901,49.983407072854,60.1246310681424,48.4323756041043,50.9139837194533,63.3685989902989,67.7478844263304,58.7303761552746,80.4760765875168,73.1347232278382,70.1265018592423,53.3248176405608,81.665921700668,59.7250335272129,70.5014050159259,62.5024170027432,61.7295369581831,58.5826676950628,43.6269394494468,66.318791565233,58.1577666982769,38.0366859739578,56.0031456142912,59.7155916061145,50.5272320119791,45.6785770216585,77.8115688568639,36.386557229497,48.7258253987118,55.8132487751167,51.0727227666315,87.6469149852294,53.526913354756,41.4765481362555,60.3255043697547,67.4400107005048,53.7593703485213,65.6756239209341,66.7998213262122,65.9633869633239,54.9031658808756,61.1692098808983,50.7418432784709,60.3712781960411,64.1448673988926,53.9595845524845,59.6588192326467,63.5478159726622,65.4621250008393,45.4280486436993,54.9796095811847,60.0859897080489,49.8448016619907,66.8146960886231,48.971973374498,78.9564500674551,58.987301275663,58.5704720376937,52.1787648561438,56.749027716583,83.9209563418466,86.7703439311181,49.5098531825589,66.0887623019149,54.4149875239733,62.0515284618567,46.5124481424636,71.5047917546802,60.031621238418,51.1088674931803,61.7693918567104,77.3795157915612,62.2660349845964,46.1733915506878,56.365033174679,76.8570222262121,45.3568235085283,51.1512602984675,73.7332336000656,57.8805459172559,55.1888429233038,53.4813956648699,47.8643962621132,63.2291702733394,34.3098125869497,55.9108164505823,51.140056077703,43.9948688018517,65.5539491278441,67.287975811136,47.4811272623617,43.8473118017252,80.7328457806375,43.2335665545986,50.9457160991938,53.4212564933553,50.6337767512256,41.3415772156842,55.1443603021119,54.7449487919266,58.0624664054347,52.0965217529055,56.5799309797967,49.0758842963119,56.6119667687537,50.4094793729031,57.5122483381606,65.5671075641185,45.6778242859869,52.5007515465103,39.1098302255241,48.6657042110848,47.8866228438843,59.9201869260815,42.9812540102161,36.7260784719655,48.5194146252858,46.2793715104357,54.720475615941,51.3914768349135,70.5219590607607,48.0123512897619,36.939104752277,60.1084994594668,45.9691369290643,53.0324470176181,44.8446471848689,53.3011198718936,63.6913001121969,51.3978394519687,53.956434244438,51.3295650502498,44.8531927869406,73.6792691100042,49.6542916752891,64.1706295177717,68.5652294360708,52.1985441443922,42.0036897464322,49.6860061980333,65.2139990002704,41.9785079463938,43.6790887399775,59.7489452194281,41.3345989735888,46.2503757064942,43.9091761431047,34.6230121885462,27.1186896926981,41.2616942571249,45.218443460402,44.8192945174717,51.7992561512901,40.387374437878,43.5929379745036,47.5369847303987,48.936682930105,32.344559477648,44.0956224109817,41.0816040150121,25.0708896960713,37.6403287324181,28.3314343199157,27.6761182257609,47.0399769454113,31.5597635827015,49.9734773148531,57.6634429344993,54.5094786932756,43.4006272433201,23.4174118275505,33.5963643863577,26.5413472637613,37.2233298443204,40.3230937533405,33.3131131476717,21.6761637398504,30.9318485275776,13.1247177082626,42.2543045907032,39.6024630237264,31.8559913073382,16.7402535987986,22.6152149458049,35.23671181661,23.9614508973694,15.210336621677,22.9060363974802,10.3382903507015,20.4544035363593,21.8181668465918,19.8019087408725,19.7452534702305,17.4674872150325,10.8471563490782,20.0320283508511,13.7092598446801,15.3402684548435,24.6176676164697,14.2830599152147,20.3036305187495,7.36936717663081,22.2148652930258,16.1306962954883,8.71414370140581,12.5125555776625,16.560403165881,7.99666198805521,5.51486721793323,19.1877891644647,11.4631882781165,24.961369278563,3.05703499526983,4.93175858960563,11.4975391852175,6.58342085018533,3.68270069601081,NA,NA,NA,NA,NA,NA
10.3772547698231,5.75744554252987,12.3937570958783,10.9798057152707,12.9436788732017,9.7274327228063,5.95245224190044,8.57673213039068,14.194030824927,14.4802974761377,16.696176150195,15.1671024564897,11.3824249086955,12.7253321848064,16.9017304607098,8.71345324926634,15.7676913114749,17.0050955835676,19.8970157002681,18.2942295425604,13.6540815753383,23.8576672770247,35.7072443587785,18.9923603791039,26.3726277717695,15.9400882738153,22.001254562632,33.2840348687253,46.8278346282408,38.7945629187522,27.0554540966849,25.3110029396467,45.8386882661229,26.4905194186209,43.8554989611354,40.6003346165524,36.7723972680308,40.8512363566822,24.4688783551835,37.8684729129436,33.4906685858484,25.028715903218,53.2886143638449,18.2078560383295,38.0179859385034,49.9754194127986,25.6079453443381,55.385086342686,48.0258510613369,69.5076960518679,43.0737725420626,37.7145204133066,37.0800786783212,47.4684998096827,34.8143738119478,47.3161588414256,37.9464742246924,30.4914595904565,39.1009785556607,68.569165099134,38.816246212711,55.0907902445853,34.7649090902668,36.0983631548505,80.5698341641774,36.0504755904597,60.2664568285882,51.2167938148031,50.5703476375547,75.3790807929133,65.301828349352,59.3778601850204,65.2820816751112,50.3022251749647,41.399568397327,54.8283249376347,62.5467702611223,68.1797194760195,63.844615053052,62.3579580965447,63.8598174530114,52.6831805135142,85.6341936795776,33.6922741336348,53.4487020433037,57.9526946557774,41.7277085893463,33.8148001285915,68.7194390984436,58.6810219844777,33.8502150983544,42.3119750775955,45.2362505914016,56.2846766105476,53.8584617153037,53.4352165599153,46.4697159688069,68.448752068846,66.2260414960397,65.0558897081249,50.2200745051437,57.0331840473076,56.8496062311477,56.7204365276398,49.496210689177,31.3104973578948,31.5436245205167,63.3313973432304,53.0529225037587,54.8348425377564,43.9394189882503,35.3505498502244,55.2792057644737,61.2312979447925,54.2454318795235,78.3927979406218,41.363766455132,64.9252091868086,69.4702682534049,57.4320777807242,37.2870015065355,41.2722589293626,51.490971486297,60.0872482851739,44.1759448407584,60.5476598086496,39.3693632397065,42.5647925599013,72.1861381190075,67.6433627376646,74.54165255772,67.7186831961639,67.9662305253385,54.1499503548607,55.2114490192677,54.5275980484282,61.9949208547537,54.3362303124893,60.1541812931734,55.7561335208571,42.6403875477815,49.6373206577046,51.9914440123167,61.5989870747551,62.0045092963537,63.0802148010905,75.9340855342679,43.2021554766396,39.6044507386196,60.141628464337,58.5302383119124,62.2223207034723,60.9075021183209,68.8634330147161,64.7177375651357,82.7911715805082,56.3057440284081,44.1696166410233,77.82157366992,70.0946661192517,49.7494363077434,76.5941199724142,52.9433044573857,85.4568161987326,66.9950771252649,49.5737811278923,76.1815870774926,68.3929580419446,57.8584032622539,74.2549639222761,56.4386860221514,65.4287009266066,85.6859943200176,82.5283420344865,65.1951672559501,70.8662230234329,55.4424444277542,47.0284763979068,53.8571237511518,59.9771576975838,51.8504204292378,66.7041777154463,60.6255178858143,67.3563037664831,63.5191190508733,65.0599700121258,64.03367945654,46.8904028919511,52.2693599034526,70.7766254360817,69.7160145453852,90.5749874318567,81.3209437487274,58.6167264361215,64.3343618935627,55.7258778084166,57.5465273976622,71.8615970983472,66.0434450623323,53.104052521401,74.1376428778691,77.1353392389224,47.3189929275898,79.6491241894225,73.75911374105,56.8207349997263,72.8713761830093,59.7600493641544,63.0474220933679,69.855038003254,85.7204218258404,74.4507858627153,69.7472422581386,74.9480080829768,74.5531704219063,52.6649221949087,65.619321981077,41.0722306259951,42.7275949583755,46.3142392799356,48.2889863133082,70.3897218845574,43.5941374331568,68.8269530304622,51.0430678255748,77.927338389642,66.657710101986,93.2970728359017,53.2317154058305,57.720070261029,49.2984956613347,56.5989217242979,63.2917774784753,71.0603382430064,41.0091890296445,79.8842210160576,48.9562020631862,60.6339620555238,61.7707093760848,63.9955374622253,84.3091809444591,66.2492617086503,57.9661915001572,76.0705845148716,38.2819130302721,74.0256036477925,62.8645785311817,72.7847333537141,65.9942380930027,35.6287156822182,66.6312519777876,40.4359811819375,65.5649434544382,61.3865265245088,52.7328118629847,43.9601476422381,63.6706033240834,58.6640220732478,78.3397369244266,55.0912590097987,65.0609875700126,46.6333915506919,66.8304295597248,52.5192393555142,68.430422225934,56.2040759909983,49.1079653209022,59.8844557560074,70.382376034116,42.3717437612947,61.3939851026878,75.1355260165566,54.6956462810164,54.3902711663115,73.3609198584234,53.6477128024083,66.0278323634735,53.8446648692757,56.3318121477957,52.0609307872439,62.1126558329487,61.3895349529925,64.7714601999204,56.2404528469421,68.5788349892817,68.1640360594782,74.7280275766712,42.7090071364675,54.0663749557251,51.4953382118597,65.0080814526163,59.9006276037746,41.472534453266,49.6908334368808,63.1161577917685,50.7527131195696,47.1766722757982,69.3076405606189,43.0393227564625,61.686439016321,53.2702230478176,59.7722873497752,41.4220413437397,55.1359427650015,54.813607072168,47.4357188210832,47.2463457146502,46.0281223093216,46.6557160628877,39.8704897709456,43.8402802411668,51.8790801535195,44.6561785724916,45.2714826588006,59.786240767938,56.0687902925469,58.1709428045997,64.1718229455354,53.5652759250997,52.1664601722341,52.4115036944592,41.6417817559821,51.6939002934393,58.3846890474075,49.2439550878819,60.1060117754929,64.0500508029378,26.65368149319,45.6798848179054,51.7924637759638,40.2719193456774,37.6111202926584,48.2004307006316,36.2018696264068,38.1986098988517,54.8072859768984,47.6659917133344,41.5009936835136,47.3080635304139,48.2658957392635,21.9037109031307,43.5858784363946,55.342931035322,40.8870671173309,45.2671606733741,44.5290534940991,42.9066503476101,31.4220942663175,30.9180501486702,33.8544085521233,42.5123515458674,28.5481819090728,18.8257823942643,22.5174400372556,28.2044889125237,34.2489620507005,29.8047781304589,28.1642415390828,23.2427278537633,20.2248763427174,34.7856419184387,23.8627766092184,32.2641008160167,24.9316986812816,16.3762702473485,40.5947638450618,21.8454160930959,16.2798297255155,34.6550839197351,16.1213935205632,26.3802770468158,18.2493335167994,12.6942931979057,23.0438070529448,14.7440145415314,19.1288865105962,15.9184457700508,18.9592957537926,15.8916197500381,17.6906323921409,13.9094733184568,15.8129279987277,10.0275988593163,11.7900780832027,10.6548964460189,10.0610697364186,16.8748681351404,NA,NA,NA,NA,NA,NA
4.5971595468557,7.7072290103492,11.0775107404494,7.31141120851525,6.79991400456105,5.88635215647321,10.521573054769,8.8909068347957,7.31655667085911,11.4308907370014,20.0447813830971,11.3577724539501,27.1264456896705,12.1256607945813,12.5909277573211,9.34572848337032,9.2164034244335,20.3338098304502,42.7362814153717,20.6877914527117,20.6208729824424,8.2353853455582,23.391273618493,31.6610408197694,32.4066602926567,32.174149577567,25.9996005197946,19.0563872356555,23.5304369455815,26.4519657827946,33.7982373867396,20.079809321323,38.7533485490296,21.8134647191543,40.8951354668115,38.6278450555629,45.3641648128542,40.2138159811144,45.1398785903993,22.7543903373516,52.177048726334,46.906656618032,64.582766658237,20.0774794681089,33.3372065903089,39.1768020115708,43.9921604572346,33.2686707325981,41.9018225858044,57.2865010393898,30.9041001475221,53.9456497180326,52.393914865467,26.6350512400373,41.9043913288519,48.9927593793168,36.0231147959466,47.4050324629856,43.1043446772418,46.4115595637883,38.5681946394596,55.9584020020879,46.9163398623511,49.5323870623627,52.2531031523759,54.7678593537273,41.7871169082451,52.7638113538823,52.1249934609177,49.1150548272878,62.9241045320284,46.1097298909399,34.648743724759,27.8901064621291,42.3429123616674,44.930547484208,37.5247866616725,46.2213282819433,38.0295334431909,34.2250728299329,61.3446825923479,62.4319488919588,46.0448739154021,35.7680066976282,47.3241164955776,48.1280086875449,40.3098373829331,38.6731993507419,60.383689887013,33.5651760603582,31.7537035516603,37.0388623170214,58.8183159635029,39.8200731285517,39.2400301124078,44.5975531011343,45.5299487590435,56.6446923369923,54.424444157972,35.9044707126335,64.6006916769383,60.4669998423865,62.7358282002969,47.1854751772651,30.3640108110875,57.4198581556843,37.2944426569102,36.2854421055186,32.1662798243366,50.7585359190614,54.1613862736682,53.3256996810542,40.8122018320391,42.5810083885582,57.1819950421857,48.6993588297813,45.4120068826509,36.4476540715937,58.0011802947162,53.0873167363582,53.3450035427533,51.7355876743428,48.6960170432321,45.6154502752972,35.1578182544123,42.9610210015751,48.071509079249,47.7008969583631,53.5841982837469,57.6034526369935,33.4062516399372,57.7660842631821,47.8747696722933,67.7421060033723,48.6649677002184,33.2038829176471,46.9770582400831,50.1035764994442,44.2777126510706,39.6901370870046,53.9654425463439,44.771186069475,62.9472717577229,57.3873433800232,43.2604918531581,65.0132797960489,74.456995466659,52.3010568352441,43.5147741162971,39.3262780657753,53.094390849328,47.4605998931023,64.9024352084697,57.4659839344478,53.7488317563179,59.3467426906485,50.1510395012112,51.6930853061453,48.9698681308854,68.5552447165574,58.6787845212488,62.1335415166781,62.8942251564492,61.5786236339724,47.5160059653678,41.6529017335946,55.3532312981534,50.5758479102264,44.4338700864748,50.7441154774173,52.595654452662,56.2215467904304,47.3667861106688,54.5763416383519,42.5118083158056,52.36971465212,46.759868699777,55.3439369824509,54.0343293419299,59.4001729906421,75.010274871881,66.8446337304354,58.3253403287631,44.0081338495828,48.9599352458454,55.2585004426811,59.6997117453928,58.5336501985862,37.8020652741773,55.2145285284339,56.0170087184246,52.0720539506685,60.7909499021297,42.2327416653333,56.5956284367386,45.4747052470093,62.6129084576871,79.2874583516328,55.2661365471443,64.7597807179967,59.0167602330674,62.6572015136684,57.2213950953727,61.8428752138167,38.9571375731444,49.5828831076595,64.5907659166824,60.1490645182036,47.6372464718298,55.3272092040907,59.5701930766678,52.8485946796357,71.5867290837076,58.3501113157495,59.9335569162215,50.7821193054051,31.727944270976,45.5783281323297,47.721965309194,73.550426511862,54.6325852563681,48.2725052335156,42.3303937334602,49.2454506816494,43.112855060086,51.8769926022882,47.5577783072795,52.9726791704094,72.1967858186504,71.5634933995132,62.1215022841048,54.0312208167435,49.3769593300157,65.8587713697103,58.0000505888502,52.2003090001905,58.495613338562,66.3669540030566,49.033206319118,54.6349375136663,56.5808249914229,58.5349455986019,79.2431335150474,38.5520076961298,89.4898909707904,94.9547957270602,53.8643416454942,67.6714003710919,80.0584516088789,53.4379680672304,40.3397446049424,46.1036639931222,63.9317810470785,64.432267837187,52.4048204098967,62.564416528806,52.5584844069718,66.6893793306477,43.6078063498836,41.5016038395538,57.8508943758971,38.4660873432045,81.8127741857091,36.3994132941815,73.6153096634868,54.0158941619998,61.0106444175554,23.5960123157113,38.6624867764648,79.1946490319078,45.6684738173981,53.2179745525152,51.6060483933549,42.760183868699,39.4670115876649,61.0845519452512,51.919862947563,53.2175595776274,59.3212951616621,31.1306038678601,77.6357525664835,50.1683674649996,59.8018739248268,50.0348067618202,49.9641979139009,36.3183280778269,52.9115879934897,72.8596231044562,55.6647807271323,64.4672708428873,60.0410887521593,35.1371446741502,41.0965035873145,54.7651780736953,65.7976793018379,46.9280395996558,50.0776686040636,49.610998517592,58.9123576396428,50.8787928741748,34.1225880295683,47.296658126756,45.5901858228548,41.9505033196381,51.7450594817054,67.8828586441554,56.9066789172395,36.5197914470124,60.0989677361547,39.1250214385347,47.0954489391035,48.1756429990333,36.2919544625909,47.9080016765116,52.4410337309725,48.0770194218796,56.1022544231062,44.4115400564921,41.7642088300997,47.7158734189779,47.2394235133399,45.480215121587,41.0681700097792,40.2107358707983,39.9347601771238,38.9777127469576,64.5683283606619,44.130207710071,33.2320820340369,46.3931634201512,41.5303333417937,47.0384391096975,24.8162869198318,31.1290497097501,46.3528264042226,28.0955798971266,40.3082293422611,33.9542795700881,51.8255114444619,39.4273807036238,33.9860203951178,38.9378136203633,41.0804374010413,35.1728620396335,39.651629262057,40.4570523431427,46.453713043197,36.7031950833184,41.9442029682631,41.2239880160659,33.4260793337426,40.1692129658881,25.2661974720115,39.7817333836837,38.6002523082562,34.7074551798413,37.2017566909163,22.7731791404953,35.8456596561182,20.9497762808566,25.2461223271865,34.9107980520842,22.6290594317149,37.9365989612615,27.7811983362328,18.0208155222757,27.7515867782224,13.4939914506512,30.1711103651651,23.3043428632308,18.1297713452569,28.4735274458918,14.8719466727421,18.6222655832633,12.537297196959,20.5207188592328,29.6575520838963,23.2869413552032,10.0624184658982,10.1329206322077,7.96314130982211,17.416448156359,20.8854602465251,7.51842992359063,10.4352707841207,13.3096282064811,10.2512154929516,NA,NA,NA,NA,NA,NA
2.67785402069735,6.41405179485633,6.16234758119883,7.62011463452629,5.71456285554657,14.4179419206961,7.69913129692563,8.03866088656487,9.2244917241978,8.8310190192842,17.4774834772866,12.0138832595948,20.7567699843052,9.01239663018476,16.9567239942121,15.963398869751,3.82437006598445,17.8403368537754,19.1916235456146,17.1727310269776,17.0447862767518,25.8632779819093,18.7432591846448,28.8769887455821,26.3275141878798,13.4582609637007,32.3787422613826,38.0418684911562,25.3264539040134,43.9404321505982,24.1919529695959,34.425558481749,25.6052317043647,26.7396883195694,48.4100611064114,35.8173995849531,48.8344801270783,28.8785707744183,26.1041821573091,27.2029472821441,21.0769722470412,39.8619104670012,26.5858721302065,23.7618044650472,32.1905891720887,28.5770085378761,39.7099633289672,49.1207991280082,37.6352468389515,24.6708142030286,46.9154513782258,45.4722295788158,49.5468093028483,36.1056769144716,19.1394556411862,43.0481947428892,46.8561281753296,40.076436866206,48.2498406687567,44.7045613978218,47.9597004526523,60.7688919092664,39.8881114721927,40.8523004234777,47.0406784992426,54.9132155811714,46.5833288483086,51.4158058740166,42.2448201262832,34.4373848359509,31.833912105293,64.4569457330785,33.0767805123674,21.3083857814152,47.8152748054419,19.5572741042806,53.829589896494,46.8942278500928,33.5452094220278,60.8954994011029,29.5323454678018,55.0759403677814,54.9277095481084,37.2965425572392,36.420532590514,44.1241223095292,47.2254682634778,47.3240525613351,57.0165216524945,28.3995945853262,42.4231652647834,59.8514842874375,49.3859793640574,60.8001399786138,56.5976073948839,62.194650633205,22.5970139568027,63.0154139383037,43.0260066643584,60.8936131797506,55.7094034810547,43.328885881545,47.3899105151923,40.1503357428843,57.8434914071588,41.6943048734885,38.1428865167117,57.0695415632457,76.4043063600607,52.8542831247971,41.8658987869881,58.1838985441394,66.8213122297378,62.9277414214302,69.1372476152685,48.9090463737048,60.0958525413255,57.6890450699814,60.2517871478903,50.5656660932538,52.8136143203553,23.2630575294073,33.9308931345974,52.3936926808606,43.3441713042386,73.1773405002287,54.1568752568474,48.4229568647489,57.8709851372383,63.5989065840708,52.027160884415,64.82560691655,49.5870354363504,67.8096546974089,37.4160153740972,45.3390543443576,55.3448685608765,63.7394019888481,70.6345344114872,80.9299651723351,47.9512469786894,65.165103150245,43.9639289111313,37.3756422488515,56.4783921000363,58.6890773859976,58.866748237818,71.1513533839043,59.1137893128075,58.2271070055828,38.1448338191197,48.7441010258272,64.7108940330186,55.6935130989924,64.2006110600271,60.882681555284,52.7953887121288,46.4850371327224,56.0859567130709,42.4450696111575,39.2360974674983,72.7099809532125,79.6284306447076,64.4590503966246,61.5404854503942,41.2735524985845,71.0497260285276,49.0435440396549,52.8671869220818,72.5135045343232,55.6310531521592,47.1336619452884,63.6140090582968,78.7424087328419,42.8683814419951,40.7999453067644,78.2522871708114,55.2102084038502,68.7285825113328,33.7414966979996,74.7624191271731,54.5712382911708,79.7883693839379,38.2735905751629,47.7523393797517,69.7015071552097,74.3750269506021,64.8024345481248,60.1386249732186,63.3651142184323,64.7970446629368,83.6927948645544,63.8869783267588,47.6869438509329,53.8744774973665,67.4089535336948,71.2080758789529,83.9478890107277,65.2999757136082,80.8400733778339,53.5154498173251,56.3359210473157,52.8267262546864,64.8319370159779,93.8905950946864,58.8413807185946,62.868343882391,45.0718007306945,51.4800173408929,51.5123391482229,35.7121076666081,58.391505320763,68.2983009704759,71.0489675577586,52.1853172038311,80.6806581384612,50.9487259587207,70.3858153676864,60.7470169264251,62.8108650958986,48.1467264934598,61.2045025654946,80.1585054575042,48.8958716336045,53.3705106361301,54.6950119556683,49.6325393551549,55.3169709366003,62.4633804794878,44.1974364146527,78.0313605298747,53.3746566566837,87.0331854930957,50.1263247684079,43.8679042802122,61.6419992020755,63.5852817426088,52.8087766795315,56.5987698766249,40.3153369386263,74.9735045643609,57.0336186903075,55.3594214832696,73.7555502368125,64.0444311585697,60.5978852347988,65.7695954685276,53.3438802655484,55.2328968708695,56.5216145216055,48.8084567827289,43.6659752490515,59.6119872162789,64.0524674953401,59.5876963052392,65.4198309766759,54.0328174122136,53.0596715003046,59.0402402605318,42.3910001326327,59.4306176628922,47.1296425736815,61.7521361916716,27.4422162598504,70.6325630670028,42.0395761317206,67.8674805246236,56.6376679418809,33.30444414613,47.6647779682055,56.8058806831733,75.9492047311314,74.8435153724153,61.0010476534067,70.6221992576131,42.2798719006627,62.791676158828,39.8457481019726,67.4546119652757,52.264716282447,74.6472516285174,38.6220679420165,53.4830957767989,61.9085537326155,64.1836455473363,71.0852112606921,50.0683684317157,60.4477338850514,55.6995759751204,65.3575463265182,46.3222244244105,55.9129543437545,48.2314189010929,48.5776561511273,61.1183671716972,71.7240672147771,46.0839443687066,68.8663524131243,55.0343674250505,34.0368820826061,56.2443758265922,44.0836079866173,58.5814927718283,48.2184984911825,49.1716498311627,52.0979370483573,34.2501361500532,48.7322511000071,39.579657172569,50.4915913141417,43.7897717328663,53.3299748074538,65.0480736405903,48.4280979048086,65.9769039777239,45.0442616389348,49.7126454022405,48.4471150701092,35.6031327077375,39.6754843995657,48.5452319202464,46.706805642945,58.6546506783706,39.6070825839662,47.7823710443757,52.3250772190197,46.9778327438638,38.6358122961919,41.8230264436332,67.9528462055956,43.1730496396029,31.1159768562697,39.5860369500634,40.005611500949,41.213070840321,39.7463641707454,37.4219007164689,32.0659396404364,47.9950677709346,30.7848830853164,34.343820475214,52.1875760317092,32.114670306129,46.4011207395456,36.9621262699477,40.9424721898088,33.1431726023392,52.9172156438901,37.5473419894347,34.0199212760354,49.6854070695331,43.3694976805978,28.107600732352,27.6199961909963,48.7135407797558,45.6868229707739,43.3912490433484,23.3131896462271,10.2729037192522,38.7316416324618,25.4792647856671,32.6530206162275,29.1003273900608,31.3776513466095,27.3425139097723,29.4285471798305,27.6094542695817,22.9329431089877,35.9788267211377,24.2628421394575,18.2277838501566,14.9839801545938,22.0786082637611,6.18384871873379,18.1800504699432,9.92542911672393,18.9040270284944,20.7534309236989,11.8377522272369,22.4383054815266,12.0091312154219,24.2235796959019,11.9611760027979,9.11257795712316,12.40749270389,11.3353338140234,11.3303783937394,NA,NA,NA,NA,NA,NA
4.57183896569831,7.85094392405936,7.22302225326385,7.52825280173705,8.0975545706151,11.0565736282603,9.15484135325988,13.735415748683,8.72051263262935,9.10075999609214,27.1666008433859,10.5843579651099,12.7778338679106,14.8495861450908,16.961122357882,16.8596113383582,9.03702141402505,19.1413609876468,17.6795853358404,25.2643359483066,19.8098242044496,13.2346213032515,18.1926285549591,20.6628271471366,33.7968690199163,20.0957715203323,13.8256627439359,36.2571184056495,19.0157260928133,37.3176164129822,11.2146863898806,60.7781645903958,11.9593189882089,26.7189505817926,33.7813539462217,29.9304696484631,49.6098061771366,28.2257866412077,27.4079679406625,37.2674330587669,20.2205856399125,38.7425515696746,26.8007602382868,44.261165903865,31.2910999407523,34.5662351367796,49.2289436403953,20.6514323766415,36.5044767217457,47.7931976136741,39.7032169185271,23.7759481366353,38.5570618779795,43.065541982542,35.7177244064956,48.5796643613528,47.3186632135382,35.6183486657142,31.9279130167912,41.2995472887517,41.636727604286,33.4789310771414,38.887605460169,37.7379202766097,36.8729859999623,40.5071842962703,45.7368167372196,55.1987702146281,33.2549993302588,67.3912801576811,38.1800004828167,33.471132208608,33.3115984142764,39.5238246314064,34.6209719055732,40.1377953587577,32.8694635341048,49.3473524385004,57.0407089038083,46.9888504237849,41.9028693371725,51.2109735495901,45.2023701273777,59.2374193999599,36.7104749211245,66.0131704104537,50.8615627386455,35.0598124741025,55.5297212320306,35.1751122285339,31.3139561588744,39.1390511472925,49.4583510910992,45.2755930476068,49.1561936811328,47.4645452412149,46.9276229028515,49.9974084819549,55.5768872362913,44.7543233578657,50.339665895492,48.9259052331091,53.2591859043073,57.5961951566915,48.358404524693,34.4868134222879,64.8929632946631,52.0656353094734,59.8054286688801,51.8473305998514,61.0613316477756,60.6632019145419,39.8171175468511,38.9816826854306,34.3308658755362,47.8252759928025,73.0662250068511,56.1220780152382,52.4786656546863,48.4816610696391,71.2491342296907,51.4528676493904,60.5938417198366,71.3544816007264,34.1498601291656,61.6683786737813,59.3963830644537,61.7144473809247,60.0251537281683,42.8306143141303,43.8944474316531,79.97157860972,59.0689721751239,32.2471285152515,36.653043294169,33.1986940741738,53.3659697917444,50.5299287026904,54.2432188831433,55.6048877916377,39.8723950733918,39.4957116904115,47.043085725677,52.2424740997155,27.7283366803522,50.1655382575242,43.4961744458207,43.5091137634734,46.00638622026,35.4578787957601,43.9215321311934,62.3462100565791,46.6888089572483,42.1298782503124,63.2405439913646,68.5963300616789,43.7167513690736,49.487219049491,53.7484717528196,42.7436184849731,62.4197088823781,48.4275153952462,46.5274840840645,41.5693103767783,57.0373711503041,39.6002556077416,39.2553365379932,39.7063984693215,34.8879140267342,45.0164135471193,37.0262109353732,64.0058776454405,38.8690280030714,56.6709847272025,45.1967449730242,70.4282766225194,73.1172075248579,59.3504866803777,63.6859592288585,65.7539576166582,30.9807035556976,52.5891797841047,52.7729561503432,39.1988288200075,45.7076918520832,62.0324342904513,57.3255100941767,55.2744157949667,48.077995677061,69.3998169061057,60.6097661036357,48.537156627798,72.4818414846715,39.1097534900226,67.3345262793585,59.0310643377218,60.6685044956252,50.1487699250871,58.2610340554242,59.4050856348876,65.9158342093721,58.6293513552504,75.0156119194306,68.1087839744473,63.302353793497,61.2801532079936,63.3863344788434,53.2374827270911,54.2982071387557,53.0369363162259,61.7483603455113,69.335788142463,59.5997434229452,44.2467233231669,58.1575797879505,51.2528799166801,43.3102210670553,54.3117023141695,48.0691500292038,57.6767399269551,65.2457793807075,53.3890613209838,58.5031538684187,67.6971330456395,56.6802143663342,73.675377567357,70.4652182294773,61.3263684710937,61.688044818065,64.0086624364638,69.7615226403141,48.8476905904865,36.5702662738449,49.0085088172042,42.9618957136096,66.9344979394854,55.5540989324843,66.3643263863801,61.0646814406142,57.8728031553247,66.9535608328417,58.0584340552085,37.1000753741405,49.7104923520738,65.259049337547,68.2556828480334,42.4946412752237,71.3522618746328,42.9466336007766,57.6630886006165,42.9263612103922,50.1214476594405,57.1097778204241,53.3247461651619,43.8477313514965,76.9245435248042,42.7711599375711,59.9052645003848,68.3685940730841,49.0615755708939,60.6919703439675,51.575504255333,51.259436175944,49.7192703440562,51.3577586217918,54.0446699594539,53.6935921759433,60.949701143385,81.0049115436476,71.6832270394106,56.8537696984571,66.8294485780616,60.5499852028778,58.0671198608872,74.0415581049678,68.2551813141347,53.1335052643776,51.1764488776141,74.4867387390556,73.5667997890805,77.538992577638,45.3062461727883,59.4288922345704,60.7640438352441,67.7547267061025,61.5086497114884,54.9092217506664,61.3742331669916,52.6308166385333,57.2511442642774,48.5446385383415,52.6883449881325,55.3626873784484,55.2695084871177,44.898385983352,46.8278317606248,44.8288471557523,41.1818881707394,55.1262246848501,35.0448312695724,41.2752709942006,43.5641552306417,49.9360545744627,50.0147915918313,28.9028592070282,56.275579402669,50.0379406944527,54.8511663257676,56.6904584003849,57.4564314877212,46.9240925544497,48.5980539048446,51.0619614876047,62.6715645973962,46.0411207610546,39.7655051652114,66.2124697541689,53.3931188215348,39.4323237974825,54.7750183510486,36.0286211659752,35.7268617730242,51.4738185876803,51.1365554988139,37.9880528938611,27.4725207996973,34.6143282719679,58.5287386534501,40.329652105627,46.3805497754184,42.7962093318156,46.9442985159274,43.0784402191836,44.7561498313616,57.5704425174742,55.3468498122199,37.8734523984228,46.957566240317,43.2504698222801,33.6807141430703,46.6876249418423,35.026366794395,51.3771436207645,30.0363638430928,42.3197119556342,37.6171091715073,43.6435388805951,50.9209810595951,24.1101424927161,36.1835958805375,34.9876271970341,24.3989436090959,41.6760865856646,29.305346337129,39.6595310438147,27.0464031311841,30.9328586072633,31.2467543564928,30.1233430833055,27.6379844340335,19.3097852620488,34.3245971306042,34.0695494965842,21.6991818669193,22.833183261822,25.1660110829519,22.9019066250003,28.1344935027954,30.4030693631054,14.3844072395304,13.7308284520904,15.2546664142975,20.0695449111591,24.7573769747957,14.8166351216685,17.8485714125103,15.973737123071,14.6474949597769,16.0930928663646,10.1048801670544,8.32329817200995,8.7444443368251,12.9501786525339,12.9213198817374,15.6654104408678,5.43278763140007,6.43804262175097,NA,NA,NA,NA,NA,NA
6.81772713976406,4.14849645684639,7.50705621400358,4.54087588951492,7.24185643983262,14.8959596654019,6.98171569763231,13.0517362271115,10.0873094610824,10.5437762560855,9.76653214354032,7.02513334943748,9.64314213217776,10.4178649877728,10.5859724570659,24.6392398877867,11.0113851681938,19.9906824428681,17.9709502916819,15.4763764428023,16.8341142530182,15.2296794631489,17.426786881477,22.2277212915834,20.8366934009565,28.6345444410318,29.0886173537038,25.1001636229512,39.0575589252947,36.4137143819519,20.7518953636424,27.8488579790134,41.2001191274143,27.8110493158334,55.3426472300075,31.7541565766403,34.011709297757,28.6141563029208,21.4452453775374,33.9587698498369,35.8556566151227,38.1052590860232,41.7010967105353,37.3714633796203,40.7388363244437,46.6891842629755,34.7511163937539,35.6719052476264,26.9146806182567,52.1235959214801,34.0108334433907,62.1327404696845,45.0717144643767,67.3605817556789,38.0918649773999,31.5328910058177,49.861382091568,65.1655343323402,51.507876217112,46.8865754378681,50.7502816874553,26.8678004547238,32.6187860677159,50.0139118919205,30.650009480082,34.1266234653853,42.5217442156062,54.9322045575736,45.3254139536515,31.9276259912699,45.2142622989608,47.592227156818,25.5214390009648,43.9161898588612,47.0464849988868,35.3387625154501,52.5716625378853,32.0500700530509,33.7580288315949,34.4882343725024,53.280905700741,54.0560852166741,50.575682730039,60.2940269931729,62.6590810755739,40.1509873386303,58.3070837517433,53.2588180583896,44.0462253130757,35.9085139133242,41.7555270218284,44.2044024233159,62.1690110522086,39.8126758075759,52.522596183842,57.2751114354679,42.4480365914628,70.1342040441883,44.054568667625,49.8982813523847,44.7239767342508,32.361338144401,46.1524795748867,58.0584028064214,50.7404058327483,60.623704280201,37.0641727201912,56.2648511870798,51.5324345303815,45.9960895235437,51.6380570732804,49.3457385351472,53.0777724153209,45.8703695281704,56.0595341602918,69.3682869110229,57.474155343112,43.9645871995034,56.5809894189875,58.9501938924871,66.8018539822312,21.8641068088636,21.4363065259005,68.6461274582626,60.3274137705004,54.2396701175809,45.9156797635518,61.6812852719379,52.095721817339,69.5138449261714,77.6862170039654,78.893357403153,65.050203246119,56.4901206560315,47.9360020945548,56.3644537554943,54.9943443755355,55.0054086428615,60.9107137249118,62.0096517725433,49.0256002029394,57.5652030193451,60.7005107044063,59.9721070726887,47.8855371383851,53.3407956153281,41.7774499547999,41.2894048506762,44.5882324877898,46.9086812820942,52.70040570554,47.8686618399297,45.7832036066787,46.3304274011846,55.3836223720205,54.7084885069404,38.3775377706224,46.3585319074182,50.8615409772043,50.2787552128195,60.8596273868263,60.8929461391009,45.7457920422238,55.7281758301347,64.0339103300497,48.1264128267383,48.0593637295852,50.2108412650589,47.2084605026021,57.1903572282225,65.4485455025962,43.9385501811064,43.2076420526488,63.6281318542172,52.1191841194525,55.2093716274377,67.9092608333577,36.2488984561394,53.4639413226629,61.1533457936277,57.473355028431,65.8459622249049,36.1022909800323,50.1941729936831,56.4991998011863,51.60506551325,53.053770133865,65.2038558424108,66.1209888377819,61.7792806062683,58.0034009318484,55.1760704739186,81.6676064996323,63.5191379888719,61.4753773812769,59.8457042594528,83.7342639277038,61.4003122355841,61.033030078032,61.2461828185008,60.0012076746182,72.5334194630432,70.7189276521874,69.8186120488183,61.947124827355,52.9995041309373,62.6696116289579,50.6815830047699,50.5644850034313,57.143442631621,37.2327929786919,48.5258704219555,66.7952513643589,58.8551536527158,53.5968172781475,64.0002906484254,58.9263967348886,64.1836925019782,40.9860950188534,53.4905792636286,51.7962559700523,58.8697375461061,70.8020126364019,63.0921376454435,64.9765828498435,63.5771488286176,79.8525733933424,50.6973416392849,56.0492440522022,33.500518097683,64.4221425241273,52.696549979118,49.0638824990197,68.0578707209767,45.1050569455402,71.1052375397728,71.2302613890932,42.6303750784969,44.7650828724093,59.3778794893076,67.8218104387249,46.0237319486626,56.3288570047692,66.9540068034732,66.5889857780176,56.0780886082234,59.1668709837732,67.2191143685586,57.5796424826653,43.3808959844594,66.7518358107615,58.4474198920956,35.5341425624572,49.8346410184329,53.4278669911455,35.2570551284814,41.5601096710355,61.6918094127968,70.5375955926745,36.1708762884689,59.9904725574416,61.3377074202036,51.1536167085305,45.7711512677686,46.7263353272537,48.5297552648837,60.9891221850165,39.2748331145687,50.4438452203391,32.6211826587133,60.9201552730064,67.6306292814546,44.1449095220053,46.3399331406375,50.9233486011617,44.9337751459987,22.77788011776,46.7789161334015,40.3324896838769,54.2745884148148,44.1254126239415,58.1095082179574,53.006590448446,46.8635940665666,35.6013456315671,68.7983451462305,51.624257847041,42.0745310098772,48.6425734476011,40.4374276584426,73.4992027847203,61.8065396264745,70.4153172922956,44.637385147774,44.8539285844053,47.0003997068028,60.1034046558316,48.7049480424429,43.0512915749142,42.1717447519516,69.6309856993432,58.218129849786,47.4922441327332,72.5880131243142,34.3765278635327,49.6547312337652,57.0844932990774,53.5797084602078,50.5174975570009,39.8005743067354,67.293038935557,42.5165788081669,29.6219312199189,50.2974742579813,52.5682758265471,46.4730267096764,55.0313575185127,49.0068732560354,27.1912319611165,44.6286871569855,41.3458502730565,37.768985797362,60.3471720921456,49.4029180250853,47.7369939568641,30.9053015911406,50.5321070747318,50.118544296599,71.1291879409003,38.3434849654801,55.4114134359468,30.3826363331786,43.7848677006971,26.7101791435433,53.1360274806833,37.8539796884192,51.392294993935,42.1052197692415,44.3653614391028,38.4421030810702,26.6318719602816,34.4499528293142,32.793980479508,37.3204403729863,48.030747146296,40.2773246095506,18.892010541357,41.6619223207727,24.3733176025967,31.2756583848041,39.3112038809935,31.3654154737062,34.6157897670991,31.9958411362904,40.3280142157571,22.3244045425139,25.628275756372,33.9544791652758,13.8539068444608,40.4125257065099,26.5546904659173,23.0236501172851,46.6105899431932,28.6099174271755,25.8713087765581,29.5062071393905,22.2300977063455,17.5462450667137,28.4180539356119,15.4224722884916,20.0700881799479,12.9245181104585,14.8827419638303,19.6269402898241,16.5502996171693,17.5492802492636,19.1502627869916,16.5163027228589,12.9563705754462,10.6233266499772,17.7781602822776,15.1614941324746,12.2950445756069,4.90603022746103,6.26153272238256,4.35637394372166,6.86800939425028,NA,NA,NA,NA,NA,NA
7.54448274748454,3.93111386101183,9.388063230752,3.14522755999195,4.43211054784174,6.74128558469013,8.71587675907366,9.39461637247234,7.84789447127031,8.53324709025498,10.1178081452602,6.82862557849984,15.8593129375917,8.16172086019809,17.2734403819052,9.21111108576563,11.3639807040556,19.0589501957446,11.817571597297,14.4606964389212,14.4252849030561,19.5061828243281,14.0709987232256,13.8926825630073,13.0246805360251,15.797416170281,18.9178768914426,23.2038121596192,31.1318878067236,27.1007712543992,19.4592057811528,30.0851430882847,40.6637158712572,25.3948531093953,36.3499738852813,26.7895321589649,35.8929194636755,46.8695945085638,34.9982164088333,29.5340683755801,34.9766382970741,38.6054095797884,39.7070361748258,24.3347764212615,15.8296065595472,29.3892854016803,40.2592584875095,22.7646397171794,35.3042301378438,37.2266739495601,40.2907165547665,30.1641577606257,43.4030517110359,20.2423557830527,34.5959323384738,43.0551514054189,55.7900958758905,69.9568102492788,42.1216444148006,49.8311654528708,65.0305196049825,19.8398377321615,32.4500654476727,53.1268159272007,44.7919159217093,47.6400881722816,52.9140081441434,52.5920116650178,36.1602222848493,47.4899146242118,31.9151189933454,27.5425503872636,30.0751497293053,28.8639186125492,32.9925255316646,55.9782229241575,38.3878349480051,29.2701099658799,36.9515985536036,33.2101964249304,44.7868818486168,64.4589762926165,46.9347785793058,42.1872879159523,68.5357733515904,31.0295174107299,54.6141337129312,26.7368226498396,42.150477943027,54.2974742531752,43.9440089971201,39.6864299088916,27.1708089259214,48.4033992111143,44.1809087526917,48.4765274799021,50.487855294243,75.0783911226312,32.4853337084459,45.1216781075377,40.6343620950133,45.5841259811759,42.8251933537058,48.7551257494402,58.1273271958701,44.8780168684637,52.575462887536,41.7034041566896,51.2352243056214,56.8710188379245,40.5829809592633,41.5672860885795,56.166933331547,57.2861133832276,30.9466630703094,68.4372712438556,44.4119157751641,56.0756903869489,45.2278172470438,44.8265241969135,30.5030043338226,64.2359144386158,35.2932387307769,48.4235431322016,19.6841099520821,44.3820472773591,40.7816604539077,47.6943961338809,66.649272297626,53.0728674183021,38.0056307105465,55.6649444426498,49.7967588029164,22.0641779046372,46.4714417867854,35.8708055655771,46.5410970209259,40.8114766145502,48.7010646863271,55.4031703944924,37.6516322681482,35.5920503188906,60.3322702566819,31.0421426303996,51.9877165391571,66.4897111497745,31.9206964443732,41.8755642065738,59.5108652992911,47.2166633314705,40.4979457973089,43.3694749101003,62.7416200584511,50.5751297001321,52.2576395150346,48.0542538466518,45.9355990502599,55.3239583227275,54.3240696791004,36.5224840744069,66.8705209181539,57.2623845802481,54.0479604684024,76.3461505595652,61.1920960273346,43.8979120702724,45.0458118891422,42.3188729862109,54.6307697942209,58.4160855523381,48.7169889006564,68.1306329781668,63.4849821338421,67.9291638321964,44.2747389182114,50.759039700222,59.5156988719245,44.125236949464,59.9210091624379,52.0392488437606,51.2140837437184,46.0069610450727,39.8193285589058,50.350933995686,43.2780396207563,51.4821316380871,54.6681921697672,56.0297172119387,55.3904217714239,55.6522488408969,35.1191153205659,46.9139083636779,55.1544504414326,59.5154882172375,61.5353603593009,50.8854912023704,58.0273516523145,37.9964548719612,54.8222963313816,50.9727584662406,53.6226350615691,55.2191130920565,41.2741652404756,59.8386506058961,45.6516860962842,50.6365825914652,57.2512035577374,46.8358898231783,46.1543160310862,52.8671479092966,40.0962606787618,77.0705252429894,49.0842408729215,52.4702448155942,61.249286267643,43.7323488292074,62.9750172185676,54.54944886058,64.2538490223974,68.0944639711785,44.444489757958,67.7421110268729,66.2305021824377,56.5296938323525,48.8468188760914,62.5838088818299,53.2650101794262,79.4386927241538,38.7498617281295,66.7179651751104,70.1512029872274,53.3942002543416,52.4480135124892,52.062642529456,43.9463028290068,66.0697181186967,48.502273598564,56.1762229251038,48.9454981019242,45.0768729109321,51.3878453110746,66.3068416733676,56.3895919320162,49.5203437646552,60.1048887373757,73.3398461181981,40.1207022556458,53.5404737197325,40.8134852906003,59.7759300148776,70.9886239747502,49.6874500867966,46.8277300097631,75.6333980890282,48.2739522905878,66.1442238783883,71.0910053777593,49.444032467684,62.6670607043593,48.3417637501383,42.3507981362641,46.8053613537022,47.4629663574716,51.6854471120335,61.6130859290957,57.6512233519718,45.1758320153878,66.2287109950037,57.7532243064117,38.9586139117847,54.2819904780828,46.3833413195634,59.1471056257887,46.0843518080008,50.6448634550544,48.9148353395977,55.2908544533057,72.3510729030635,38.2095146343853,54.055769167944,50.142486725534,36.9405416836145,61.5528474379196,40.1731518490744,47.5488264685809,63.708741032968,56.2587185412955,56.3933906913067,57.0246279923402,49.5812843174371,42.613996831734,36.6382045080995,40.2537187119954,39.1776887330823,60.5624707050902,53.7729433789351,38.9106009104947,48.8871873878501,36.7274704124553,56.5554512128258,64.5092812467759,63.2989704954377,37.97256892419,47.686963367697,50.2067919158249,45.3098900281841,48.3429184885861,75.1237094955738,36.7626733822289,54.3447440408218,57.7045757952094,37.9589500882098,44.4699813870058,40.9549088162292,56.6195045749014,42.2317696009543,38.3132945828367,57.9707003362981,38.0337091746171,49.7172458732011,51.5375663782482,43.2681803817931,56.7128611917067,62.3318138765238,40.3904064541408,42.4273398103251,42.4401256673496,34.4781764972084,44.0960831565725,48.901577347425,38.3659017332114,41.8823078161394,42.4156878289353,31.7827863246542,48.4370512947299,31.5654252043405,46.46011607991,54.1215111884867,35.1665284435421,25.1378139157664,24.0112088101666,32.7789686074044,43.6379887956979,31.6414523039199,27.8017825512365,47.4391531603462,41.3366126746686,26.4012135860559,24.8886311483575,34.9887021995422,32.2232782544643,32.1592193071216,21.9845169839676,25.3874131685361,34.2203869074866,24.0501975039168,36.9083643333634,19.5274337430323,30.2659847717481,29.8266171643628,28.0691400970137,28.4148707094492,22.4608189328835,15.6085726551135,25.8214084103246,15.9311568826306,27.3048700637343,12.2961252593631,19.9148235380995,21.6498311677506,13.8809115847939,15.6379386543029,22.6027205743275,13.4288335578289,11.9351196345852,14.5247158798298,18.703885765664,15.7946725441321,10.5149340531058,12.9422883388625,15.5716273215979,19.3892056649145,19.5490113434815,10.2744204580721,7.25874414970321,6.25369039890644,9.76867037099809,NA,NA,NA,NA,NA,NA
2.34456997737757,10.9181934319054,6.32325571626623,2.04149353988114,6.957123209507,10.4446295777368,6.11763918598582,8.93836029601299,5.57738266955717,11.6651981149646,8.12625030863889,8.85442472820006,18.6212472186313,11.298919996698,18.4062918782198,15.657417336889,9.77157521833863,6.79853306657474,32.2936228118385,14.6667021324347,18.0634491989993,9.13059428989534,12.8404343263374,26.1413470395203,19.6329556435518,31.5464586339105,17.9066622440229,11.7623345061369,28.6187028771437,10.1411593935719,19.2513616170014,23.4327974449705,17.7859307675937,21.029565986779,34.6753828613877,21.0925587750731,29.779269995113,26.5629007927649,31.604981650896,28.6460915239036,39.433918597673,42.5306432307218,40.1997404690633,32.9296531650791,12.777973569597,23.2222047254561,38.8625000592078,41.1088381621365,42.5566582790786,44.9289897508311,39.853804507038,31.026392785141,41.1259961121931,48.8275494136504,39.0668903624131,33.5108706799142,39.5224767230483,45.0735603184291,36.1598378711088,25.0979997466361,40.28893046357,36.1103933628999,39.7609044716459,35.1059701258683,41.0091319497195,33.4105522552823,42.7639318033371,41.0928419269562,49.9477858896708,41.4724392459725,16.2480393855782,44.6318341166704,57.6348165902184,26.7318327973261,24.8744086077964,27.3995564620084,26.5796519749961,38.4775521127746,26.7352109609501,40.6471837369415,43.6319085924873,25.198175331388,32.685455020858,36.5196297397176,36.0063422292036,38.0560242818398,27.1917483989852,37.0448200537555,45.3382458037287,30.974736527332,54.707220499277,52.3346803149886,36.2983174475949,65.307897599734,45.2912356215113,32.0259009068827,59.767104417381,48.3879736588791,43.9063864312483,34.2938130738691,41.0038187700196,32.1850761134183,31.7828462349607,64.0438366383168,50.2889851505158,31.2858196186749,42.3097361919535,41.1736202013333,37.3616583897481,54.84411184174,35.8665724197398,40.4341777699083,18.9501343097755,48.6576722733144,29.3612104039548,38.7787735251336,35.449900435925,46.4588282817491,57.9970690518761,41.8684722340839,37.4382842825225,46.9728413933171,62.1066844714162,25.4169135545179,52.3038767449839,44.6545856062993,54.0449179832623,52.502340051551,57.5351942474213,59.6847629437607,56.1464079776306,47.5767384926152,58.4778319220687,46.833164447601,56.2895541392813,50.6525630451028,28.2460461495589,46.3891659411947,46.3254367092659,43.065684190066,59.66548311063,44.1741754405836,45.7207904855267,48.1454478568206,54.9116074827528,60.1481003582405,54.8719412156264,33.8472919217172,52.2050866932472,54.6757396776012,58.8593477927355,50.4109744301391,58.831028910761,61.857657165135,72.5904308436094,66.9831301345495,50.6333663711958,56.5078635406517,38.0972266833971,44.0875617621243,53.9769748966078,65.2426003669262,42.937297060267,47.8879077857374,48.7097331661467,55.2708486891302,59.6966953486844,57.5430030511012,30.0777534999921,63.012957623903,40.7188821111782,76.9884968298696,34.1408044615327,48.2436484025565,26.2921740650722,51.1510067762465,54.4808834864915,38.5543120029453,74.1997363391159,62.4903363956915,46.7939317081658,59.0011905693261,63.0104185125,37.1887139249168,69.9371337320698,58.3960976168956,60.2263795866854,47.9754856617634,46.4971668073455,60.0800552139952,53.1151426501008,66.6336642789194,66.1453047566869,21.4062308237688,53.0600705418558,62.2464888590455,47.6968730562607,65.8735721397826,57.3370776259069,60.6417464793335,40.1927256465272,49.5053126581384,58.3989959175683,65.8037748153456,56.7774497688673,53.0341824670314,50.5672507468914,63.1380736128728,46.365957452009,49.3688112503842,41.0474707274516,35.3898471642306,45.4153916590864,59.2900323468831,50.2342276289576,38.5428843345727,56.435789509846,45.5013484765362,54.0742002049021,40.1553738642887,43.3989926354445,49.1296740895693,48.739077792294,51.2921759472948,43.2176243894004,54.2066749979644,63.7360218495676,65.1487894555929,57.3038578458356,43.0703822767608,46.7652917528234,57.9823321441228,52.8155943493024,44.3863525699893,48.3986169048212,63.3622472876017,43.7572101645106,53.4850496721824,52.9164216264884,45.5802468659832,56.7970571196556,60.5437219747389,59.9272678633407,43.6631987615168,46.2759321379925,56.3089986686131,41.2006481848251,54.740662593978,55.0128062393655,46.2217494024428,50.3614593598566,29.9544389831334,55.1734002125315,59.2575279024115,46.9588202741504,54.6915842010358,36.3015772020421,55.8393041479186,38.2107944724223,42.8917695900214,70.2259548286349,61.8284451963245,57.9856474245965,64.9307675446313,50.7399426427566,58.0895985221866,48.127399422691,49.5407207163709,54.4931928161403,33.6362934490477,58.3964056345949,51.0460476028844,29.4445249354286,46.9696656837953,55.9910090862268,63.4126904320629,17.4325827032573,52.3742743963368,51.4878585495262,41.8034293770826,57.9757085389833,55.7866918295989,37.0117328536933,48.5312671650553,53.8629592925526,48.727989112304,54.842971806701,34.1861097501831,41.0004913316693,55.8395331411813,56.7584655041115,57.3160873224526,37.4687606958032,53.107704267802,61.4267086907911,37.9561927761442,46.7015387897675,46.0055013005523,50.2516296496221,49.1683914360797,45.8036607713136,43.6202448946513,52.6520681363925,35.4922814552434,37.5427286025324,38.4031366907152,41.9205652606084,52.8937502926608,39.2912404300281,39.8296298331214,28.8855476665571,43.4918140663553,34.2437145501517,64.9357643853195,45.8220855573727,37.6209743693393,50.2291974828929,50.6456560424834,41.757501289446,41.7039908843631,39.884439531808,48.2884275202465,41.9973517366981,46.9027325642283,39.6567329313597,44.3787706983074,40.7091336103401,49.364418124423,37.505697631581,30.3008339583032,34.5204162990732,35.4662789479822,22.2171972273254,44.9812848476595,32.8716008157199,34.8959476678214,20.6205254945622,29.842084068331,36.3000176332042,26.4638779126585,37.7917809970915,37.4733390596653,28.4762251413979,32.4376719300843,34.9290036211575,22.8949873130025,33.7932975580201,36.9766189748061,26.7321896415711,36.2419458303382,24.6210438359934,25.6834054411812,34.5259209142615,35.6827394724738,23.7162032435914,23.6664097300066,22.2464915132802,28.3202235383351,26.4908592798917,22.882651662365,19.8967490639422,25.9521181830625,18.1299441217249,16.7521527659624,29.1625409478596,22.2010624880292,18.3164615876954,7.924139986126,14.4594530586477,21.0035317026322,11.7761028780595,21.7988885182367,13.8299835305983,17.4573631602896,8.95190021244175,8.5266126627643,16.9051451468561,11.0243288991119,11.0961873799273,9.61628188902789,9.54515971153838,8.84791701762615,6.77796420641678,10.1748258469532,6.66987063865141,12.1221391904943,9.4398004127173,NA,NA,NA,NA,NA,NA
6.40758225655411,8.05840065294862,8.41488620976615,7.97185388476913,11.3583141061255,7.16956876446846,8.87077057491433,15.3704641436907,11.7530068587108,8.5286077914265,16.5763876460608,9.19067036280422,16.539603796391,5.09007150300206,15.1552098165425,9.47679784978581,11.8129285765199,16.3902244387909,28.7992178334103,11.3193565324005,15.0755229438797,14.4347677820019,22.2771637061696,26.4159895621853,31.0409134518624,29.8544695512056,16.5583129587179,16.5115237757927,37.1876368887903,16.0308262704892,11.4881250969314,27.1626067195428,23.8735404169022,30.4692066874604,18.2872763972237,24.0064568281443,42.4635827531767,30.6376374323373,34.2114600396231,40.78925642425,41.5743430284337,41.2070919280987,53.2851015173868,27.4543508584526,40.7141206515213,32.4998570266172,48.5192363737205,55.9242133960665,42.2842435337019,41.5089548080821,35.3364221916889,34.3459392906139,48.2120827461663,55.6534484299201,33.7829673891586,40.1674688205081,39.017926898268,46.9563177422384,48.9902916596019,48.5751004717618,54.1568248337921,53.5728972500203,24.4736547130723,48.4112452826657,56.1104986404498,29.7424994548826,44.3011133980397,47.6566898303478,41.670239283132,40.4863722252517,39.8435247956875,35.970410041013,83.6503309494344,27.0077816942496,57.5479185629818,38.0167850932593,33.5076377490501,37.6051559313999,49.2480475640805,55.5095275647122,56.8767333782054,34.7264810365352,51.8220364101721,54.6153667354295,35.7410240323379,50.0612473118041,54.3647519444037,47.9927423042251,39.3670433400338,34.8939842975437,67.8393514850726,50.8337803684348,47.0036752696218,46.0426977050306,51.1555446467384,43.4305273778703,55.2093406533271,38.0909243722039,50.9629845043573,48.9174541975183,38.3155086225162,53.3330643073806,44.3460297807471,55.3226492657347,54.4712921946698,54.1922107031354,53.382979390983,45.4870766669825,50.1716464454147,61.8819325545919,44.6271310575368,51.1408828245457,75.8783203664016,65.5231368729251,49.0985888797597,46.992152632233,46.4694395360222,48.5471486719302,52.44361122212,66.310771474133,56.5839170119516,33.2452201524075,67.2738474293371,32.9672515968458,40.4117452071442,55.0763761603615,49.9606012763099,61.3499609564686,49.4458471490896,13.5903821834089,32.5025922700525,69.8122717247602,63.8215800904647,76.6278181742322,59.0346914286616,68.9759615991028,59.66782039175,80.5098243205548,67.2220694613999,54.2844498976791,66.9292819609136,69.6421025308255,58.2937875508925,55.473559952984,67.4358704060949,41.7319356298794,60.306952057247,65.0978273480756,60.7830888321488,39.2952070401186,76.0727666977024,58.5530425275617,76.6153666701678,73.9796550974904,55.9581787658602,57.029977051527,73.4291712979922,66.5722252887764,51.4545695030936,55.5870600248296,45.1083363421876,62.8417057962525,68.2302030769267,59.1301520332002,47.9157032530734,60.8985985641803,29.7078960567167,45.6576141901429,36.9809434503445,70.6732146498602,61.357592232443,76.0329568047988,49.0402749958936,64.3533979583014,77.4467970293656,67.6430519339706,61.796935183957,48.7260028243245,56.1610786819556,84.151658027122,62.291884523692,66.0251488493811,58.4208580988901,59.4918515519512,62.8716597628656,55.1528030550022,55.298743594675,71.7329891950478,56.7702149892704,56.9443728094082,43.8993963230469,53.2809335332026,70.4754524282801,40.0999372066078,76.4344323890733,66.6420988662486,67.7622897639926,68.1069260376537,59.959809958566,51.8608266544731,38.3974913865744,66.7667728544283,50.4222881746218,52.7569661366024,73.7162048294355,42.8241975401222,93.3323551930779,49.3475170265145,74.8928509373328,61.5716227450331,25.4959825567401,54.915492170113,56.548750225143,46.2823383794606,67.1901522459058,60.4279056900697,52.2441956674492,46.5527074819306,55.5050195150996,58.8863527775528,52.7134655922585,57.7738384785487,40.9232995894168,44.5976156109626,43.8117200044233,66.779648752478,65.5126493462224,90.2609552916227,37.626208285918,43.179425276109,57.5773320596259,55.8916933658409,51.8170290964213,52.071020912189,36.2045156690372,68.0380564715892,45.1706268183191,33.2228673052058,49.8002075880046,41.8701902686397,55.1637842444896,45.8887131531992,34.9879720741537,57.6239745620983,74.252057171097,69.5267982845739,52.7504743304909,42.7610547544697,66.3282834733836,47.4054082192067,60.6992477655405,68.0167738173176,30.2193375370008,55.5366441833379,42.2874744715949,47.4628181314329,65.4435658331602,57.10243844189,62.3473692323327,59.5127790661711,54.7202143036584,64.911186983446,78.3163187115653,51.199180818714,34.956280642562,55.7341485754754,41.1383509093885,62.5689563355195,47.6819491985718,55.0839891494972,45.8353257285019,69.2553410513165,67.834761356678,59.4756767684702,62.8092277004223,59.3515722300686,58.0491397166093,56.1930860201571,58.6849361061027,58.4830744529756,53.9271824060792,54.8719364318022,59.7036003707296,32.3985796175433,49.8389220186325,61.0716563302887,55.7220955140203,36.2678388662462,48.9039712823987,52.960856814389,79.1807900130861,50.943901954217,61.8946748014171,52.6138072988713,36.0322244566275,36.5215923536348,40.4506072931909,46.9326792761763,73.3827225904899,37.6509269447616,52.1152603143056,37.8874523852504,37.2623875762387,48.7989869479875,58.8526391047608,56.0123441680317,48.9627611189857,42.864321981349,54.2634720985642,53.508879900673,49.432940960692,50.6921461128467,48.5822851034592,47.3352783929041,54.0037743283773,43.7817659533391,55.3755649309889,53.7244085524438,61.7747145546904,60.3681721335146,40.695788373053,31.8109034469008,53.5906464610499,53.8308089159524,31.8926087127631,57.403691031858,31.0839941833443,32.2080556220147,38.721531683874,37.8326863943417,44.3213911219499,48.9794647616702,38.4885571883865,38.3405938637326,48.0122308094326,50.381292392225,47.7799204158658,34.9921342823168,51.0985496052324,43.0755521298893,39.8052968589555,30.3576546011793,38.9245103523436,46.0456420040768,27.6510542709649,31.9428264656704,30.9034758619856,26.213368810416,33.1792176763471,30.1687147159242,26.2896904758692,33.521355718945,35.9282303865847,28.3800574285141,31.9520853486274,34.8991682387224,36.2152236254893,33.6205233753909,22.349534833429,28.9969948001557,25.458646839143,25.2244772173906,18.1655424891477,20.105893089026,22.8125940848171,22.9350351154965,21.8894413029416,9.83928822806048,18.8928462182972,29.1007338342387,10.3637716798259,16.7940315655986,16.7465630398958,35.5540007691498,15.5092080595517,7.67581189557894,12.0110992166834,15.3716544562366,8.94694840806356,9.10826607824536,15.1533145340523,16.0879539640063,10.6071318956669,9.20607477727636,4.29154190736651,11.5690311163397,7.76307202565775,NA,NA,NA,NA,NA,NA
3.54152960227521,2.50823748268829,7.45693762767191,10.0534975160606,9.05486977908527,10.7104556257346,10.39276837635,13.1301575932213,6.24007347774385,15.4995738239649,21.0877414766068,17.5295697344153,23.1912296139268,14.0854678971725,13.6278613386652,7.56268465777506,24.0247379512914,28.0506147988356,28.9539006014568,25.9028681522994,18.243478378849,12.4752032984609,20.7179385100836,43.9249939414981,22.9505408786285,13.011147205472,24.7139082957682,29.7625220160977,33.9799997402087,25.4877680390351,31.2847262319855,29.0870521516172,30.2349257407666,26.6504121587091,47.748371485381,49.6856996659916,35.6078847624792,23.3044407378198,17.1429129872156,31.2975008668909,13.4019730515416,43.7762695397373,33.5469731145708,39.7938857212294,38.14103061202,54.3052323425159,46.7597598638234,36.4439801937186,43.274374860826,73.6197372498746,20.5795678162979,27.5228488547397,31.3773783918279,51.5339999294141,58.9700010685651,46.2627045299705,49.4450689456326,49.7312677884451,54.30513052414,58.9616523561434,44.213921469893,42.8820873885177,41.8557411735842,37.7866047684692,54.62026033969,54.9308990442154,43.6535348990868,71.656844873388,53.2325682521561,57.8783058290257,67.1659457511267,41.8121345605062,49.4320988872227,53.3179024873104,51.1051454421997,53.097297835357,30.4456079133612,48.0339631024115,50.4573704826648,39.191285278187,47.8421739592493,60.4541918809362,27.8674850394079,43.5778645246237,50.4901890117599,54.5638282429714,57.0364074266363,46.0190288626582,61.3794373813739,61.6221774676414,60.5926864378158,59.5242824678975,40.2771265214033,59.5031525024112,43.5435342200054,68.2319716569877,56.6742832242224,50.7921120393364,70.9994128008,54.7145190239225,53.6244693166294,42.5117230060859,55.9959593314165,61.4143853135022,38.0994970063833,51.0137201751626,59.0789757188343,69.7314975341066,51.2664051503401,68.6919483673629,47.9760847758078,49.2511794230026,47.5111783624642,48.5721880905841,34.1620080012847,62.2601340959214,51.7829157403544,79.6522518021563,65.3144609460145,88.2784466508305,70.8861331244692,74.8854931977625,43.2787167502612,78.8445020856874,42.7119466420817,41.0658761966163,71.6089318319767,55.1708015700606,63.7591680583152,49.7117971028767,65.8154784797764,65.2558303590989,61.1579886002551,75.4978447627462,67.0154035031501,46.5904151948789,45.2197862753134,75.9150009271312,65.5473952137781,50.2231350920141,68.273476097925,35.9441490752672,66.7943611961707,74.9715519520349,46.9039395894716,50.1617859260918,75.9265079482393,81.7725510183113,73.2479766646292,43.687399530784,58.2321460210912,61.131021105061,74.230713168187,62.7688824002794,56.5593752312852,41.7804976670662,63.2627607015,60.9683418282624,78.5860440937782,66.0304090896938,66.7278466407158,64.328737178958,57.7389674055848,68.8140516941297,65.1537691152948,57.8453727880931,32.7322898182592,46.0440168746143,64.979320203432,77.0895261323804,51.369620127494,66.0888134209827,24.2474867353936,92.3854227113371,56.1058157239538,50.7980779417314,75.6943803856755,63.4501137594743,50.6999950583205,72.765174666289,32.3421027260976,49.4288065365201,46.9519853242992,62.6479863015793,56.3551778872565,78.1136464053187,55.2730099366747,69.9073511131306,57.2191651275559,64.9605004088993,58.0633833783352,64.1169557409072,75.0856655928689,40.1539289246536,67.207361746491,50.1487000185838,83.7422437491764,58.4103591484255,73.1001150915535,82.8555850060895,54.442884539432,75.6959776593932,70.0116081051574,74.3089912124069,87.1206570803024,69.0484785482135,69.8359108924742,73.3802664054648,76.5863755616132,71.5075060437087,67.8735056343842,61.6964159072218,68.7419442970777,61.8974821785409,62.3914431181691,57.7891420957331,61.1611319421596,72.2944560641816,61.047474872938,63.410018125663,56.0769582615478,71.6745777401703,83.6759463975485,48.4694162750863,75.0048551392053,51.951550861243,64.5146701521362,80.887355773675,78.1461970331454,51.644562461627,68.9931366616474,44.3167071342338,76.495746391998,62.3255795552402,55.2516714559803,75.7889610190976,60.1266272788625,66.916846464205,67.9688160692943,60.8849300740769,77.3396134357283,80.8541884096089,81.8146635663392,57.0010081800319,55.7829303878224,61.6547297659588,65.1020361246315,65.7575242586201,67.6961810626509,57.2242315881257,68.2977540858491,55.2686876817336,47.7723547280847,69.4862358401764,73.2439851365061,65.6257354367716,69.6690128326314,82.0885052000915,63.929410992833,61.0842487804613,72.428063932626,67.5107910478191,64.0517421212627,77.6146490396303,66.1217254742037,68.7787520923973,69.3955011084409,58.4068075186366,60.7608753618564,60.6329720023453,69.7243387144393,61.6550764826349,53.2140133388359,58.7011987008113,74.1451974220901,50.5433594267402,66.6318053925855,42.7118480418558,52.1110959782193,63.121953305829,64.4111500401432,63.8694973348247,44.9400795493425,61.0372257926664,48.6665378509222,49.2434459317423,42.0647763990919,61.8316953194409,49.5692071001246,60.3086927725893,63.1390227067072,39.5851085597993,62.6975302700483,59.2010368305129,44.9756569900145,67.5066472232989,48.6515681497295,67.949341097359,54.7970320576046,47.659377573994,40.9972185713508,53.4523852133685,57.5780547206923,47.0704993679513,65.50823567774,52.6124144893996,45.0404290977884,51.8127911308909,58.4813683700725,67.812184552284,40.8995156965955,39.7788767915571,35.6778480724903,44.8212645689272,72.4389616994881,48.1857286574408,43.7356420581888,47.1175689187807,50.4500024986946,52.3795910017338,41.6328318318618,50.4814781765644,71.7544088854164,63.1318337125165,48.3430300938055,71.4972226594876,47.6033771978876,43.4245152366594,37.1617684708905,55.366641530452,39.3965148473354,45.3932808630482,28.0728027889047,49.2190680043054,53.2998567726598,46.8213498045614,52.537447939444,44.7186952574036,54.7155129195407,31.8867152942459,54.4831708002856,24.6066393376799,32.5332133042859,42.6226351443375,41.6231344857165,30.1195299869183,32.4763581802902,30.0469640115912,29.7423351091317,40.1849723110804,21.2435978024575,26.2746777559282,30.1417050789673,25.2869064626127,54.0367323955284,29.0262580505369,43.7759441145597,36.9015051560939,29.5177399306304,30.2733715957048,17.1703796092325,37.0605894624768,31.2093121089973,16.555512892391,22.762478007199,21.06213827162,15.9898368917501,24.9800618787815,14.679891583278,28.9292402891278,24.0917493764867,20.8899931048917,27.751302185637,21.0368561801106,22.8469024327899,17.5131002888212,11.7246210404356,16.4190182810718,16.4921087896427,15.4224287724701,16.9769808451737,23.297138047881,20.9017048751745,6.84011259887719,19.7551477529007,11.2096770580986,10.5823783929395,NA,NA,NA,NA,NA,NA
2.45190951677867,5.3837612046182,5.86773037115845,5.2992652083703,9.30414839789904,9.49191963487814,16.3907709680999,14.1459414416085,8.77481030459357,8.02699898367163,11.3100362256522,13.9655170543316,24.5674360496781,17.6331323743145,21.4075368502083,15.1595745094116,17.1824405036673,27.4534688556475,27.0904010127136,24.823745114241,26.7603265960587,24.1139110654849,37.4549119161053,39.2166759594929,18.7557939685507,37.1096405490554,16.0341847830854,19.6580521730194,20.6721065652164,28.8508114159614,17.5103901388371,57.5495870569302,30.2338946118691,50.4899700253425,37.1246035429111,38.8108265377208,35.0924196725844,25.9875418858138,32.6111270636754,34.4818571025764,40.3465343272641,44.2978541312552,41.7128786172366,30.3947459336237,24.4152817834339,24.4721442899203,41.1906063343324,42.784512978845,38.1118138724187,39.561564025464,37.3479860078665,46.723682053798,58.3743617446443,52.3099643397839,44.4535877866062,68.5949609222118,34.4313165004172,48.4941104608954,29.5708331291067,54.5854617726504,55.9049176753816,47.1972156613521,46.9926762377407,51.1640780071574,43.9546469052389,41.6711978845351,36.4726315375361,51.635965150259,38.3758635171688,51.90389274435,46.3725007638197,37.451865871631,46.5959514978135,53.1894906058699,50.195944264711,50.1983469996408,69.0425285938743,51.7687018756052,45.9623992166083,66.8877927710385,59.2082286291132,48.1160037971954,51.638611490956,46.344989491559,41.3998816398685,60.4294702271604,40.3649728675976,45.2124956171381,59.7022004165161,42.97999336256,32.8114616274608,53.8049398874736,49.0913426987317,46.9600653766711,40.0642983858703,42.4131296762576,40.6607002227699,38.9578677831907,70.649007786652,43.9722052114172,53.5668277365334,56.4173870407542,51.6410054242,73.2591863318357,66.8354757880806,38.1801333126686,54.944619726195,54.7674488103259,67.368071656198,59.7418698046541,60.7382147708728,54.2556723263367,29.0566137368157,53.9032776996015,29.5169586294238,50.1939584710442,52.406051723486,47.77432603435,67.7595647321915,56.9392168353681,49.9074907277532,38.477986981859,53.0656445838183,63.3058499387373,41.3110453283402,48.6492881938955,57.5253886694746,32.3435369891863,48.3072955866657,39.6901775695016,67.5116405005139,64.7772862629395,60.3486181833602,62.7024377278407,59.3640848580742,64.984399361405,61.4427720178618,62.5281123077931,51.1203411748036,63.8447484483905,58.3458320366229,56.0216419208927,76.7427211469172,61.7487926758942,54.9191912742714,64.4306129053498,71.2522715334012,72.4818580649316,56.3783160388197,62.9161792308241,51.3275871407315,70.1569861293637,64.1332902078995,67.5307556325131,69.5923048196832,51.132712083647,52.9056208965076,67.7204897059982,40.5922925115383,48.6279733966852,62.4730667844103,52.8522023385289,34.4338068725518,58.7991317858415,73.7078750834627,44.1441596532753,67.0244507130777,65.6684325800975,45.460956236465,70.2275793035743,45.9735848308513,56.3140659267931,53.9242012846869,56.2232535102206,41.639860357909,56.822675978282,59.9515030730299,50.7259740498277,59.7822224971853,56.2052406053662,43.8680081388034,67.8856864505909,58.9804859532395,55.6100236056529,65.4335857704111,71.9507000649058,43.6243166567417,50.4255055339342,59.1069688433915,67.4235414817166,65.611318544349,63.630597632293,55.2091261653553,58.1740988156166,68.2272182311237,63.8974697054426,43.5965384649068,67.1759305429555,52.0695325453645,73.2619188954982,53.3395770367748,72.4602853517723,57.0370615588816,46.7697339353956,67.0081776214455,68.7488777263085,42.282954960865,44.1885754879737,61.8421978487991,51.3293524056305,61.4863210289606,61.3458292894655,65.3094740152138,54.5762206944366,54.1007541931299,30.8258720914619,51.4366914331531,50.6836022020314,53.1137754743713,66.7441140887993,71.7237527838752,64.2935656065172,49.8155076575571,79.8345525859025,63.4812569281005,83.9529202443264,73.5043431280696,57.6733662549729,56.3063650049684,74.9921444608962,46.8131827390412,67.0402424973625,59.222373769584,68.4511337471412,58.6222749893519,56.5527880698646,58.7191019668708,52.6065682292091,40.2010515622629,56.7095407988201,68.0917712125221,57.6855131000335,59.0925696893299,49.7402024682278,50.1724236270355,58.8992977390565,51.3565553623869,57.947727101032,76.0587190479654,48.131016033539,55.5402361197952,51.7074656064765,43.8980621086773,73.6748414887824,60.6372995991768,55.5413197951723,74.4318470359249,63.824304677219,43.5593713782757,47.3677592139262,53.5361216158823,42.0774648385918,63.9672421094825,56.216611056638,47.0080245450107,67.5986908131229,48.8789560498048,39.9963526231198,54.443295309555,60.4211578400136,42.4459687698217,51.1846274398539,32.5282219067581,39.177447256919,56.911819981589,46.6272731913874,66.3266674756002,69.9562931843856,52.6134719306446,47.3288818938994,48.1966391541413,49.1580334909638,50.582577190682,69.1817310991837,51.5318486317545,63.054951027205,54.3199702810335,53.3795651434684,52.3572148959372,58.1730414511749,56.13490335757,57.8165066484185,68.6627806998357,64.7555346819348,62.4803265183062,49.0181592522387,58.7556523886021,50.9089910792546,43.4399171259482,50.8070641667669,64.9785982071014,52.3494905329472,60.2817942593935,55.2113291120752,60.3049933592735,58.586518427778,46.0163090801645,60.7895374013573,61.7040706290319,58.1477880757652,53.8756815887327,44.6292797222737,53.2213806236985,48.7497068421563,31.4675204848508,37.7237233288981,62.6165226547075,62.8172487581879,38.625248499007,54.6251599453205,32.5426762680828,39.2710514649134,43.4196839375156,33.9452473433754,48.6423400567469,38.6494424548662,43.942407002012,39.4303181110321,35.8558694846926,49.1761193638838,39.1526600514892,37.9303051395377,38.9584032143709,55.3747866950161,68.4239582691592,51.3311380211864,39.4632271363417,36.2112970825095,37.1472115137185,50.9542476456842,53.5310400214861,44.9989509717682,25.2151295434882,30.0947471642865,40.1303090139407,26.9248435695503,37.3205042502961,47.8196448287647,40.9171481209916,31.8603273433442,24.3201562561778,30.1855286911432,42.263504474723,26.1728997056714,43.0135097120871,31.5849044384223,24.6323763695061,42.3806079247521,22.1191618756325,26.4418223693705,18.7414850184925,32.2597154968295,32.2688274232769,25.9092609222994,26.6438338353665,21.172701465673,18.7261791333964,7.9981246911636,10.4972964228359,33.5163542358395,16.4314101557105,22.0077490771541,20.1210674591874,12.5911863572241,13.3448439821713,13.4884570239879,13.4393595702285,16.3224343850262,9.11962408230274,6.35082645434775,7.88023970675786,8.79939155547145,9.98820251340766,7.55489734755686,15.9802898830822,12.3136792311222,4.745407624488,NA,NA,NA,NA,NA,NA
7.70490158191714,2.34772349992801,7.18759948630083,8.68779927696408,5.20400063921679,5.25419674429595,8.0745768759162,9.53840742926639,6.8542094824881,4.84665039178888,13.4171986709897,14.182910997712,11.025248161798,6.19954045133047,17.3982744797558,6.54670166397725,20.4082267076539,14.8327242862743,9.64840434160921,17.2762045066049,16.8796153991025,15.3576868455423,24.8845247499965,14.8069461275863,17.6892810641066,31.9884834714948,19.0957999203735,15.3076039001931,24.5609472472691,19.3939820699148,13.9498255613229,25.803863401112,30.9019118440728,22.648165563524,24.1918558754864,27.9079125601854,22.3759405772462,30.1754181089305,29.2220382651046,21.4364405706205,54.3962523780635,21.8176864994602,41.5906914601668,47.3302092928483,47.28779877073,35.0702236584868,47.8514321536212,32.5427914363089,37.0225385577941,32.0499629042556,20.7485060812844,16.4018814068608,33.0884421883764,35.2766119162569,47.3702527552066,42.0116504382224,42.2745688594987,57.2519531467408,52.9351013084964,52.2227093516055,29.8966998379229,59.6227503325536,25.4578889572673,37.32731707002,36.3495241405169,40.4242938467619,50.4912568634592,55.1337983802221,51.5686407354841,43.6222994038244,58.9067377863856,48.5507679170279,34.7457780848072,31.1137987427094,41.4699414995306,52.4976548364205,40.4615697233597,55.7834627854088,50.8430180049506,24.4356211347731,58.1425955555957,54.2142394573436,39.8984210600512,35.033797076268,14.3426780185009,44.2541105425288,28.14741192919,42.9941955545738,30.9401265994453,37.5794968383919,30.5669296578043,31.3285616248957,32.5135702619516,55.3627374181476,55.3264847449386,51.716776004143,37.9009516063825,52.5810956544592,60.3219229643951,62.3988436976668,48.7175455124116,37.099420098095,29.0653357444837,53.7329452839811,53.2563172353672,53.1618534685352,53.347277087018,32.0598481034392,46.9794826532345,38.4156963979278,48.0454280448258,24.5553817239215,33.3983011755091,45.8406422852415,55.0309406673152,37.4515864917046,59.5012536171159,53.9303553380866,44.9662668981864,31.1921629275705,57.5841360760947,46.8091746627342,33.7563580467373,65.3294033388043,52.672791722636,56.3276817858273,42.9215260639664,58.3913187479727,65.8264841466934,43.0654458320768,46.300186269766,63.2159520194057,42.7072061398974,68.82464731189,41.7462746188062,39.5044677383581,27.0051614238295,38.7793310962219,39.1574359794187,61.030748054953,51.0284766639858,64.2381910663391,40.8409745211111,40.0389819620744,46.6365748859362,60.4980894558563,62.8916465008899,40.2533608310914,67.2220329494325,48.2578488015134,43.3626019676281,41.2044012355044,42.9203541024586,66.2475549126296,46.0334894226148,38.3435921772535,65.8400069093153,39.7707109506331,40.287413998437,50.4370618681384,35.3091192747389,47.6943270013545,38.079372258998,62.8302337371636,56.3080466486185,53.3774865697997,67.42908033122,45.9803728598868,35.8977028604989,66.0497411067041,58.8775922026912,55.488157372482,55.3651453260176,48.4318554029323,63.2223045375377,50.4870083407847,30.4636170791831,54.6662251591488,66.5616705849716,53.0329788934155,80.4557169814318,71.0864383951076,60.3032553617379,68.4407343664584,61.1103442500343,37.6127507498784,53.5143281692885,48.564505408121,51.8537588362919,55.0745881983862,60.2968712945228,49.8438022621342,68.4958997208579,39.5406704038831,57.9636536956502,54.2355844487958,55.4135180447505,61.677327347971,35.0237964564707,53.6131504302029,71.8929273444178,71.6228251045317,67.5745267344797,51.2986862307165,51.1304362488006,61.3140628615258,80.9901832002679,43.7380200952469,45.0790742101699,58.314254288945,37.5348980979416,58.0598555326227,61.3016854639312,45.7792994537605,56.6890552454782,32.0289423857528,52.0580008560526,50.117508741493,50.0198569367772,36.777361108634,35.0562775281534,57.3193123694369,31.789586886013,53.7625510554005,54.3587026039222,59.4437947689877,55.4130548313963,62.4625387762195,57.5076907357517,68.256165015124,65.3828760204298,58.632249074728,49.680477692848,54.6034133018683,44.1250327865842,74.7961015607538,52.3782799612386,57.8559521069751,40.3264346953562,48.0260058372138,78.3073259310855,57.4330610474405,54.6688553576011,56.6337863713166,32.643462231548,57.4076713497822,63.8171844160426,58.1944765193914,70.9601307875056,48.6329122849375,49.5304672577823,39.389567593279,42.1181184137876,66.6406637761281,80.0126380830338,55.7444538522177,61.1821476513105,49.3968054382429,58.488777573771,49.4795308823166,43.364923216761,57.2353598184706,52.5170766674286,57.4299108022837,56.2111053560025,53.6470851117531,64.9970072603841,51.110740769053,49.4559527951207,43.0585872479183,46.3439844328286,45.3468046157244,33.3846070219924,57.4849104634455,56.3955969692581,39.6455008705471,70.4835834172313,49.2368977471289,47.1261799306516,43.6151630351937,76.8518322007082,63.9104954139113,45.5745901361479,32.0267325177613,58.0979737501048,60.6336715514255,65.6471363824314,57.7611009010669,47.9040392253214,43.59367858614,46.4172365467928,59.4905796035703,54.4020953618148,63.2749067778446,59.1506143641704,51.6029629099308,62.1164148257822,50.7952418168844,67.6396791173748,48.5461108743997,56.4328524165253,65.8953428834536,51.227950064985,38.3781283292307,44.2496525118809,56.6039619395396,44.0595516698677,46.1730712394772,38.7557404233766,45.0513839738109,49.7572692943857,33.352175763144,49.0473500179316,37.5664596704243,40.1485725360535,45.424906029766,53.9896188588849,44.2229094897033,33.0249735344369,57.6048087514833,38.0314021587038,54.3215286017265,45.9133109644463,45.1953777011707,35.9509733761711,26.97598797614,42.5122554521204,40.3604733808336,45.889600588992,56.5972512199446,45.6172944419109,33.5154018319452,41.2751098223874,23.5068205388025,57.4845804489515,49.5754183622696,36.7346259022967,50.1437077068748,35.6988723308427,43.0063570744327,38.0573325851325,32.6333406563238,36.8086253416995,33.796202890419,49.5286055084992,41.7808813491748,33.0468064555001,35.8605614109399,19.8367406964296,27.4864648216518,29.4451769050231,31.7514586671861,31.848786041567,22.7926018973521,37.8484388107435,42.2073423980286,39.1611772820427,29.5326513987875,22.3745706615845,23.9765216045989,30.5533735508772,20.7737276075896,40.1991638844138,31.2258955013385,28.3833580926853,36.4211796600937,26.1157867695625,15.0345018559844,20.414623746887,26.8676194169991,22.31276884905,11.0697194932497,17.8186548335308,12.4049559175333,14.8161681461028,12.9092495569821,9.21388237661646,19.4821766856042,13.5204263857542,10.8549143025691,10.5455204731897,13.4204228712529,9.68707719565414,9.97249222058471,10.4531243249036,10.8338605434044,8.37104628284727,NA,NA,NA,NA,NA,NA
5.7752091253851,7.49107199949082,8.43214332852885,4.62035731595665,9.98510223621791,15.8903624876432,7.67687999129435,9.21962045832159,16.5558807720116,13.2508761346463,27.6981064188091,9.41785412758548,29.7660225044646,9.82742592784111,30.9527429913996,8.42670346284053,16.0424420520632,20.6349781828045,22.5783492652678,27.4267958475374,21.5635950407063,24.8964404605735,21.3233749447658,15.7158885102189,16.6752075249227,15.9322477092909,32.365509966335,19.6141953370562,28.4478425050833,34.2795267307227,22.9583557451159,43.8321295487958,31.074165161478,19.5302774058403,28.7493405207811,35.0284034069257,38.6104131116464,29.1908319383728,23.3260694765549,32.7425628809727,37.1553757896999,35.1299821458089,38.2126789717202,26.5087246421483,28.4112566170671,34.5221500004823,49.0713776885642,17.409498657807,27.1729449720949,39.5995297402403,49.7517036790491,39.277789199842,39.6196636608137,49.8638916518641,43.05170996016,44.8034652332441,40.8645227880884,62.2467880907858,55.3298168290345,89.6065601856897,54.318449296342,52.2626450351259,39.4435033174445,54.0680537215255,49.6489063410013,50.3138720866941,52.4371447674251,40.0271795713869,64.1598686312248,39.9338889965675,39.6874917381684,39.1215200724926,49.5120388279081,31.052409774286,42.3555634504865,29.1737493074295,45.4185614279243,47.8094384341031,54.61196153207,77.5361509933372,42.1317282696846,60.5166947734098,70.1213046339091,53.1460709324099,50.1000063915371,35.1036578658484,44.1377827205103,54.7464676735495,59.4507311887063,30.3595478693426,49.6181209474499,36.0560597463573,51.0565226700046,38.6271300288162,46.0767924793266,54.7009791587942,44.1116086210421,33.5258337009715,49.1734646339084,62.4861360966639,50.6363689412657,38.0752725106579,43.3793576091965,42.475377820717,53.1695966729569,40.3037538727295,37.8715351657182,46.7323310180619,41.2271028830653,54.0884075707396,64.8333262934058,34.0150240366001,56.7931229981009,32.5617075944581,55.9901506108592,43.7110466421991,41.1857944847758,52.4490728458756,59.5676712183191,39.6301404153235,46.8578135115747,44.5816766969687,65.5183675352698,46.5716115353866,28.2787248035844,49.8359860704881,41.5403035110222,44.1492251322072,60.208511303893,55.7150097454708,47.2182315162455,69.7094634048385,70.4683812283091,44.9687928902534,22.3577234930377,47.199442580437,64.1133341867379,53.9238994802063,62.8281402654666,43.9358771665165,47.5136862543914,71.6897267945441,46.9629577771069,57.8137393240756,41.7212046991967,62.5093153481369,40.7324190567104,61.6759772874734,44.3184154001102,55.9023087953158,46.7630678889752,39.2075949023834,28.2802542925592,40.2043814675869,37.302711712725,51.0970982685657,75.084820515338,51.8860199841283,37.2632960087936,60.705679679016,51.3741084835635,62.3365035137221,51.2201670908661,58.648334941868,53.3526001523793,41.2368206694878,52.1050597508805,50.8749127486511,35.3298716031352,53.5166787618996,50.9678109397381,74.5077483813797,69.6939550859701,48.6666669706086,60.757494347831,49.1070557257817,46.7109008953468,53.1073348338196,65.7790274973498,71.7329102272814,64.5003275884288,49.001845758514,51.9251338341797,42.9651620636108,71.5963646355884,61.4705988059377,54.1229782807921,53.3980352216175,50.6683638103887,74.6142404492293,74.2724507774928,62.9927342746808,46.3297466139136,46.8096313643969,62.0545630920218,59.4668327801447,80.644849112996,61.8783362017488,50.9060417810701,34.6778927342547,69.9954762018969,49.4896534367107,57.9925249542749,53.910160909363,71.2893916917368,39.5177143031071,69.339770852581,34.8888454994559,76.1335602439556,76.1195913792476,55.000779634101,68.7729728682673,54.8284589626911,58.4821940181316,47.1527408993395,57.7384430424693,43.6877717939901,63.1606193381893,62.2574578141198,60.4337005733768,67.3697105755295,49.5403576186144,64.051759192911,43.6456078333874,79.4225243811797,48.657094157167,46.5736090669787,68.0779354177272,59.8652891952759,65.971909950762,66.9090946554549,65.7910026136242,61.2968166210792,75.4933888926719,54.7615378343348,48.2566791014165,71.0753114763227,46.2522724431526,48.7389109140317,54.295801417305,62.328894278377,56.9125240989211,36.5562958880564,56.9417416615544,71.294915356491,65.5509142043829,57.8089115956315,67.0017182880661,59.1397246162818,52.2340725252602,55.4228200373557,68.6610067422924,41.9161142217642,65.019622989293,56.2046213448755,72.5004168170927,73.5959046245695,64.2241861070324,52.7814464995654,71.474965758017,61.5624628950526,56.8089363248492,55.6496723357102,27.2979964240638,57.7636564736949,68.3411091758158,41.4564670070174,73.7709632606979,66.7110665192789,56.0819098074883,33.3238265494022,59.4508614952303,66.3793259860447,70.3896356601794,47.2551199039052,48.3724402170563,41.9525897758689,65.3107513865642,43.420407586288,49.6461336022731,70.7609760239486,41.2847685916702,51.7282599192235,34.3060139256515,46.2124494272633,45.4197519082256,64.8094241806924,31.3429897362667,44.7888123785357,53.9355935802036,64.579364502338,53.3409228261551,61.7451239239445,48.1036745515494,52.0827338981958,57.5979168932949,53.0102366564038,38.24523333636,66.2454229424296,46.6398713498575,51.9758219065419,63.2046414322258,45.4818095100253,36.2490066728493,50.0253797042769,52.1731110019994,41.5938653116269,53.5773266639132,44.2543426696126,47.1581519851468,70.2456255227087,47.9788646705861,47.4460840567223,41.5070639766703,43.153521970264,52.9814953032318,46.9118899833276,38.3938802848517,40.0131973854587,32.9188857981511,44.8605923000688,44.6644058174076,44.4732525287104,62.1910224022285,52.3211778504878,57.0517570555182,52.1143525117566,41.7146687124284,36.421918569515,30.8803129890394,39.8376380039634,28.252202132263,47.2360984280207,30.7864993383389,42.0111699871616,42.6050884807218,52.5423152875754,41.1874837573372,35.7277915331707,28.0165131812802,41.1459093188949,52.300944163914,37.5195511296455,46.5695018945064,39.3888519141439,38.7810871678054,41.2913438481966,31.3188369408226,47.6321571522765,43.214953742442,33.6578673844247,24.5355668113481,25.8127580834677,27.9181568852424,46.4392227100303,41.7840093007277,28.3311410231481,16.3655687045161,32.232927271995,23.4615129594399,26.33411166728,20.6174537291445,29.3899933317473,20.9592008376851,33.837368576932,15.9842845167924,16.417674651739,20.4652449536659,11.9248452228133,23.0187494406658,15.6085912531612,16.1155525143627,15.9231516333726,26.2747565205223,5.61703697439296,13.1061389635968,23.3446944922675,5.58631523738762,10.9778494452695,12.9873722183613,18.5904069691967,15.7321744873012,12.9033959816751,5.26466641410585,9.57794279763579,16.00674917384,10.6410214306756,NA,NA,NA,NA,NA,NA
7.52570218038787,8.77083438014453,9.27651167568769,10.2986922662101,8.88706324478961,7.32130092361078,5.22412366005904,13.5332438787085,9.3174673410462,13.9051493411024,20.5181485572673,16.1329970523079,25.1703141140209,15.4638292734733,17.8619212654118,20.763525562729,14.643033320338,21.7766592461257,36.5522536733215,23.3375985005566,23.468615938964,25.985889678661,17.8402551416243,18.7142770836395,25.2398615547213,21.9791038321443,32.3952344885409,24.0568954042427,19.5491581210067,29.9642677999751,30.6524259680196,28.4888924167984,41.3493616472182,25.836926829659,49.4551107147459,31.4472679331492,50.9676854259951,64.2276670576403,27.3832956088861,31.8672882280819,41.7822090662187,33.4525814065293,44.5051717081856,28.430069749103,31.9068116150943,50.7530530230841,40.79147340641,20.653964048758,38.7931042867944,38.3870984711151,37.6898200981602,44.3184019497261,35.2663470805918,41.0829072865836,46.1075686037567,35.1382440573272,36.912230008602,47.6939085158128,40.7438686000321,57.8556298671313,49.9862898367283,49.2218708712159,42.9179991507072,36.0291400918965,50.2139762381796,45.8844713881889,56.1476588297584,43.0919045131449,57.8532560549135,36.1000413802903,55.7389538629712,40.0185023979475,67.2122443458422,45.7572246598504,46.9463323844558,42.6213417063807,66.2123518229976,49.3626061068175,38.1741690019369,30.9049806466505,37.5004188997714,51.7804086913363,49.2786089760722,43.8876117033047,39.2425405343669,35.9694149872298,51.1862550755406,58.0486546822908,43.8209201211648,41.0896337165277,33.8500608475704,32.88169437277,47.9289319009563,36.9324691720584,56.2552961843582,56.8328258189397,37.3442046251872,45.1756545397726,45.2726990806784,72.8214118899179,43.3667005223298,46.9614086964783,42.9366553503476,57.1287344889897,33.8510377649918,47.1036248817869,60.0770890459823,47.2553841703918,56.3767583441827,55.305440738981,28.756086467586,30.6521116910271,52.7312039680954,64.1332998209188,41.5167126554408,61.428181387464,32.3778396658969,54.5601513416703,57.2438087816624,62.2064405450879,55.3540133469538,44.6478565237987,62.5100676560094,46.7427498765615,50.4285131719992,53.3582908497646,49.5043410881847,54.1260775468432,47.0148937706219,45.6805620929784,55.8382639277257,48.1723976421974,46.5170151594802,63.573940258752,44.6218841520172,31.2954562964866,56.9582286164173,44.4277571821605,51.3994001593706,56.3227352812238,43.8369660564889,51.0289162924318,44.4083532291779,70.2888592761662,45.4239623153845,41.3570641146883,41.8541518988366,64.8071204685792,57.7822677574157,43.5348464301684,45.0296935846051,49.4505012946356,69.0708303483664,70.3332062789428,58.2233927390314,36.4169807399771,50.2304557236542,41.673542342236,49.9428885061561,60.414703066888,33.5498755230077,73.9801175228888,55.1363959382677,49.2447639053038,54.2856857376273,53.0190522601052,47.0980252912272,47.9517734252961,37.3155153357631,48.9058215046243,56.3174837746606,49.4648432753281,52.2935928070569,55.9326623104248,47.7530113755588,48.2830001595053,35.8254535804178,58.4436469437104,39.8189886667613,59.0669152013048,49.4277414991317,59.2335153380926,63.641164349341,34.8920210765234,52.5838814244687,41.8426358105912,72.2890081944688,64.4318279323239,54.195790861273,57.5810692538154,30.9489386479376,58.0314927672841,66.4731187168713,58.3147687441896,60.3922175726591,66.9144675664485,61.7120074873707,58.0882503952016,56.3978324714144,60.8891986520096,43.9774356686841,51.2243712009031,46.8863721147877,48.3665172872617,38.3139348606983,59.22007387391,58.0865136572216,62.3951354336299,67.573814878954,50.9868107872551,32.9522232313151,48.6466050968622,67.7619956709078,43.3552723471992,38.1793078717278,59.4504010848937,50.1886138121374,61.0267586368836,59.9838879911158,53.9228248430793,54.7058797937389,58.6904982609456,63.4534199121948,55.6447816857995,53.7647103507422,53.6532024956902,57.8284100578044,54.3961511938741,55.7805452442049,57.6960993765382,64.4259902674565,69.7961032432217,57.2394317025936,51.7790631826455,51.5834207650546,68.2118622310482,51.0521040027028,52.501878415166,46.5915879887758,39.2359234791969,69.6154915152607,47.9495907138572,35.6450485332275,40.8009840843133,37.1654503818775,43.5772218123335,48.2693917826783,48.452727235573,43.9970682150173,60.4237685724444,49.5557308269949,54.1966961915059,37.2656194526416,59.3686310057159,58.3312551295996,35.5286742516523,51.5369846700526,54.4905371860285,61.5573234902692,53.3413282905186,44.3972945937134,55.3999028825244,43.3169465614636,43.8050994447059,70.0573435364677,64.3388953429106,56.0125992994513,53.7128241744313,42.2018412542931,44.961737191596,60.542012325549,51.1849536468229,39.2784153615434,38.1481461993377,48.3869864004931,38.8239928115847,55.7382288025537,44.890561879939,67.6381716647667,53.7262926374353,54.5955857955233,55.8855691577769,53.1056710534565,66.2568782316584,52.3821104281062,62.3896775906656,42.8734292594828,41.8392684848639,55.8693133880233,66.2320376728986,58.8140473470682,41.5624860460639,48.7568712089804,44.8137752894664,65.9518267544702,44.6143124505767,50.1714895885252,56.1886795434364,53.7030914082387,54.9679397632253,62.9365063084895,55.4248868109751,51.6470322320034,49.5573291624964,40.6955364148975,43.1173160888593,53.3073209520598,45.0034133568116,31.4322665496342,50.2218873722605,60.7711306465901,50.9102070002444,35.7967258339772,44.3087916082488,46.0726219680263,53.4647623023221,48.7195549525877,50.990687268661,30.8223582778649,44.4967449998445,46.7061959130175,41.8761626142977,39.0949763444653,36.2150329869994,40.4885734127889,38.8410617658214,44.0761312065263,31.2915061090598,32.6392302980724,23.5710190012114,23.2419287071981,47.8504247898531,29.1633958624721,45.8319982389212,34.5421642996353,44.1522329862245,37.1569385193411,38.2739155374055,39.3205959058523,28.4831165929931,40.5120096803645,28.8375737836942,31.7916058900052,42.3062907725283,44.0122365014223,41.1289695906338,12.1294549648707,21.7745382708783,32.0877948221718,25.4296957549185,41.6003463844728,41.4632717691517,26.4791848504291,27.5185469346853,34.6569634195862,25.8416284074438,22.1016562392497,20.8746523724677,19.0705536757965,36.7806148836859,21.7438055810336,23.5955017801871,38.5744439326871,21.6021741660165,26.268771273576,11.1677200192038,14.4891675379256,18.7892034804856,17.4076164722332,28.0520956649068,17.1852715275828,10.9666649249431,21.2824328974899,10.0158528549401,20.5965098322564,17.5844819757886,21.140040071199,13.6500470327689,16.3114742469785,13.4388662367498,7.76363624275495,13.6355774341561,8.8095759436326,7.93112415316042,7.74235104956981,12.4132720745086,5.93801234872606,NA,NA,NA,NA,NA,NA
3.68435862671288,8.41966789724107,7.75112301006296,3.42687051486934,4.30392866255999,6.28639256186311,5.67533430803762,5.84022112719209,5.98390918920227,8.45238137131038,20.3119323338407,14.8021470644107,35.213893198074,11.0241378134281,13.7767809243029,8.81111174192068,9.97987372257842,25.023208740966,17.4531790211429,16.8879313484856,7.63406655184146,29.0494380502766,21.8206269688147,12.8530490529467,18.1760206817252,23.940486233929,23.6549282301684,31.0535167027027,28.7530170992562,30.0681939910701,22.7131823921404,25.3065206860618,33.6024547838208,26.4830228461977,41.5659725390224,23.3755864421967,11.9407425154513,33.9049744730414,38.1935197833911,27.6190066378933,39.2292020605554,27.8630437470481,39.9120311066274,24.3879687951545,26.9247168395856,25.2364810985307,52.7533818482681,23.1677855433037,33.8600096114797,44.0746166936698,34.224532108336,37.2127581079709,33.3323334127163,46.7755677006497,48.6453145080703,38.6452129646971,56.695713913867,45.8209533873665,41.4255678017319,48.7303194197072,48.7001232643821,35.3551787627021,42.8482406867544,39.6794249109352,41.221141385559,41.2649698157317,44.3855012613446,37.8748810351973,51.2717194898607,29.2598661612541,41.8442904780929,45.0374115003981,39.0669137514799,48.0282373764247,43.3856386160897,50.9942280831372,58.1236520824039,43.407302237457,53.8589209598083,39.0269558339238,44.2587482341266,47.7379209609543,49.2487946234205,53.1091791740811,59.0875126712541,49.2040578147332,35.8983523572094,47.7926678571142,71.943738054613,40.4026050079065,52.7223575544504,57.2490990313403,33.9112910848304,24.437271158454,43.8209616919972,45.4116555423526,49.6951589987241,49.1043700996293,58.3711888490261,54.0224261522446,15.1643867743792,48.1092802081043,37.2025585262277,51.6943637225178,32.1337285819787,59.9389965914843,66.2011075908651,59.7065828826399,63.8398457236002,57.1178019751816,49.8704480177871,42.8417534164953,33.4765749816536,54.9379239517744,49.2459356850736,46.5424932189089,64.412510462352,55.8250392337545,60.0119134885314,59.1152184984394,38.9139066278888,41.129771952756,48.4866207758906,40.6193438172944,49.8422414853592,62.1177229708639,60.4366967237258,56.2652497346818,50.0220852544316,47.45468510082,59.3701515060398,58.7075274286365,62.2863874949739,68.2393843031822,72.939176673133,60.3269889237908,71.883071213725,63.9417787188643,71.8783038041809,54.2991488616631,59.6372626824142,41.5497039597833,58.3818221376704,43.4055597640855,53.7893603110881,56.8351992084856,47.8031824531176,70.4086274953703,56.3411620224565,40.7887108636082,56.6071631318294,62.6214097632694,50.2302132108554,64.38029292935,51.6870414242411,51.6846285016425,67.3110440988406,51.7099928929533,64.9855749614357,51.9520871431823,49.0371163439168,61.2343251321096,57.8603336048253,45.505757484578,50.8819811526582,52.2236158885632,47.0712341120758,61.282867330659,25.726806449355,69.2375290565148,57.9394208562913,52.0929253454157,63.6262026454403,42.9889364170413,49.8747287548398,27.3291655242929,49.5135363771706,48.8178145112456,77.934909542754,71.5588583969318,36.5525937170847,75.0320691179888,61.8107621906852,47.6266744721304,50.2311548348221,58.9172693775668,74.1153398927369,44.9011559891474,48.4062372304691,72.3542154777823,60.3214879502357,46.4789268787031,74.932051143664,36.9185028924803,69.3579442093772,44.0398538502595,55.9759225454221,44.692781892156,76.2836265188884,64.5752675952713,67.9022927047059,59.5725491294803,58.6166663282748,56.556820150655,37.7399670123555,57.6193805219216,49.3067031318907,56.7173218094474,60.4437213849453,59.5601312687604,47.8372528605226,53.5915711618846,40.7385830152158,72.1454178096083,64.1416042570867,41.2002710317608,70.5409328508712,49.1934984227439,57.5355525172689,68.8610580146774,65.7696312616407,66.2259862890227,50.373255415637,77.8323509790486,52.7080665633481,63.8631576990648,74.0725331592669,50.3357530963103,60.8681279398166,55.5663910512108,58.076442807152,56.8659295481833,67.1026561221907,44.1161408911142,40.6737072515998,64.9704746591111,46.0810844798621,76.3855920876207,49.5187153767264,66.1621798467539,72.9392539642531,30.5228441276309,47.7982950102047,49.7660115762938,62.0366259614129,77.5659015237516,62.7274335644825,56.3161707704535,70.4615242518428,66.2789384601607,73.4219454759042,67.9871047648562,56.0641220041737,59.3436721954739,58.8126515450182,66.4284706844765,58.0631480117838,59.9528358652927,72.4334687737633,48.5198595427134,57.5481837491972,60.7857687430602,49.4172394741398,44.3911888314388,56.679125879629,59.4610632584089,53.6068559553281,41.2588231423675,55.4568881657249,58.1838087596124,49.3517324321424,64.1994101507725,39.7578481268843,55.5062089605574,62.8187936739064,55.071262530787,58.8956472748002,65.3628559896061,58.1737889590614,61.6368051317879,41.6292045886581,61.4654335643359,47.3416818504116,50.0539448942792,37.8562341055071,55.4665979653151,42.3248147655293,42.1256834547379,39.1121358007798,48.2540115520437,39.574835272483,39.422543112642,56.4026999748034,49.2889394379247,47.7074500720528,52.1019440329925,49.9076253328835,54.9923576377267,56.2466084983225,50.9136513995566,46.7651290570612,29.2880972494568,40.7834927362942,51.5331200942695,40.3484179360198,71.1740183278922,45.0768928105448,45.3887356343867,36.9533460026087,55.9281453386926,40.4110406822069,44.8679776181424,41.1956040922053,32.4763015788508,40.8338911765105,41.3315621469761,20.4975262415497,37.9697260911157,51.2801120772921,33.7340881898002,42.1372918409968,43.5960896432118,46.9560715846298,51.4227530608542,51.0868600008364,57.3350282131638,29.3616458545058,48.2214243569234,34.5132904754519,56.5574166305251,23.3216501980912,46.1398845186998,42.1215911265991,41.0563221550923,41.3760872514039,37.2188732294558,21.0575900946403,42.7305596602746,50.1106722005799,30.5519893484747,27.7060929878119,41.4312133303501,32.372094439322,24.3547878123383,36.9830771683164,26.9426735874902,31.1177077133199,34.1700251041967,28.1924498150032,30.9329326716291,37.4142805811645,28.6630255579834,23.6478587214434,27.8963872133953,27.6453158473475,20.8408414278043,22.4674508434013,27.3502965302318,21.3859068641065,28.2327347892157,20.2119823609169,23.53543170191,23.3139745696187,27.5571797145633,13.8012211145218,24.8281836626335,25.8153963139989,8.0655956005082,30.0094536195778,13.8625998522279,16.8115398439622,13.1988750371196,9.76989469477048,12.8999423498047,17.9491892128227,13.1059011798039,25.6857807370424,13.6221033110568,14.2290282814723,10.2778634254709,11.3524682668855,15.9655522075213,11.2265331473022,7.61442724422905,5.35103248408773,8.82288922790916,6.65140045380965,NA,NA,NA,NA,NA,NA
6.58271797844358,3.05810473556697,7.19515026310734,3.86240828376728,8.30583263564589,6.3596920699349,8.18704629392383,9.07234426086052,12.3236241294886,12.7150536921856,24.8062322945881,12.1074737905859,26.9449292085481,13.1567452138468,25.2491679241773,12.6016138476736,23.7942908702449,14.9923969902349,15.3270743776852,15.9247464595216,23.021680027063,28.6471476458261,25.7696084136715,19.8678430098492,27.0669801140481,25.8811835610596,23.4965841780128,18.1596978796526,29.8237982351356,27.7489489866482,31.3664681810208,32.1321697056347,23.5209830859526,34.2634228055148,30.0497136922499,27.2486860234366,35.3128849261378,45.132965777359,22.2031160549841,36.6502426609952,35.5229051412226,29.562728708839,41.2073299775543,40.0603644623807,43.6313454749477,32.0233853235391,35.3670041274075,44.157858862145,44.3293729004028,33.4800652304273,42.9082726044151,34.3324341554759,35.9437189128018,44.1307996874573,36.5776144220416,46.0864221480483,43.2254065203823,51.1820779334237,40.360860390612,50.0857951156448,51.279892271709,51.107040839036,40.4073768335985,63.8068276268955,55.4463559925498,41.2928996448486,38.9959601806953,44.6424715158261,66.7749871512591,52.8394771865836,51.9024025353081,44.9144305997115,50.7455399151983,26.8886636952969,39.7375916204847,40.6976584966763,45.8977084114264,33.9123009126811,60.8852707407042,43.1991638294762,58.0862848654866,50.0143702962111,36.0722601128618,54.7767283480835,57.9779924973604,51.3435945589073,51.6753260882237,38.8304162679921,36.98906211496,45.1520885839722,47.0270514154606,57.5762571010251,53.1573910856186,57.0949910466395,56.7747207053397,36.8928682431629,32.4958256665856,64.0917189653706,52.7614084601838,56.6843797781352,63.460901703112,58.7944078233195,30.3522566252239,70.5540813123331,62.948533486386,62.6961955987142,55.3034125884212,53.0480575859286,48.3739533752486,66.6738102474044,29.8111689592971,71.8106468423103,56.5261687359059,39.8069588420694,57.60808295025,48.2987827114037,66.1646815930476,44.2010410907916,53.0763875386427,77.1163186921003,49.071131034823,66.5953804358616,47.2068669079693,44.4925913869819,32.6636238305055,47.5858451243862,60.1124771030889,53.3131821574906,52.9644393388073,64.1191479640711,37.8092364423866,57.5360341652509,53.0728761670643,51.5624898971903,41.5644646804522,58.9911086110122,58.9872971018913,56.1604221044,51.8134683858588,60.2033459099833,37.3913843463478,46.885855397204,82.1908170821946,47.8794210844744,55.9889392489339,60.2283988679634,73.0115658760362,59.764332157406,61.9031221588414,44.3462246078563,38.2762321377818,50.0166709921115,61.4243856702031,56.6741451551656,42.2755980435092,54.3080605887696,71.8073457101723,62.3590454861219,56.4824824815424,46.2939443634009,49.8808276207234,69.1691871733658,63.5021811695866,46.1816058933595,71.8875874737009,61.8754641706718,52.9099728891976,60.8586789318292,58.3724437003244,58.6241915077077,60.1674830010404,89.4408829075933,66.9079290315983,77.9621085282346,62.9647076935315,65.2508921262761,65.4562101177514,42.8466401342161,63.5319537961195,47.4267647419876,49.8133929404985,48.6699089323285,69.0159745910956,45.229553735477,75.4176530309906,73.739905799462,70.2417981031218,89.290144902726,69.0557648514851,57.0311522196215,45.4929634719306,78.2157773696524,83.9545847145396,69.766425148689,63.5783992662845,29.4509488380272,82.3082371255664,53.6232781095013,51.6371915085613,72.3960054334092,56.3299872045868,76.1923572525543,44.928858117976,59.0942517870455,68.7129204820907,52.357702883459,59.5165842558744,58.0724019336973,59.9715500991358,53.8670533629089,59.8351813573889,36.8471910825245,51.0564433634442,73.1002372401518,51.4536580481572,84.6366480780796,44.4366247369695,70.8163959115196,46.8334592203323,74.4279652579849,62.3998123675994,84.7398396520463,83.6720862155914,60.5246909252749,84.0485845324101,76.1223560369607,67.8981177385145,49.9154920515017,79.3702477628811,69.3877849366448,79.7024512514535,54.7314619302766,56.1662282833519,77.6630218577822,73.0566854585086,83.6000776116496,80.7755035043021,73.4910776672847,53.767625824397,72.6785152937131,81.9014888597612,57.5318255184634,73.3403515582047,81.1831643363653,65.9280128187857,79.9778239894661,68.2329729587162,61.9291799870032,55.7240405727002,69.3940003936143,51.5617946075456,49.955386793001,62.767825984654,54.7973240442594,60.4605189251912,57.2803089196798,59.7269958122393,66.2843809106328,60.2256336510326,35.896772017569,55.910629447943,65.3346742270609,38.3616881832742,53.4122805400142,70.7038831400579,62.1623096021351,48.8194805445359,54.100081094844,66.1390638698808,57.5371959883911,48.2870593261477,54.2394958840509,51.2442426707875,53.1978744111409,71.4872527976764,58.5634314811929,63.5070041765314,53.1877242057752,47.2111303854028,62.2897020456833,60.524279603515,60.0314509635826,57.4789834643855,50.6889558581291,70.8816891379107,71.785349469347,71.1847834742512,65.4008596377369,68.3937400583208,52.4782545472641,46.7673506516172,51.0864947620382,61.8049787408232,47.7052021317906,54.569928689614,67.8427001391732,55.4498606121547,56.6646791108965,61.7755821710443,43.6161413253813,47.6222692854026,48.2748966267775,50.4740886041439,61.3576292873359,64.684865941997,67.5351395957642,42.5627188654776,33.4211181002054,52.9778860382183,53.7063276171384,60.8439920761466,46.8428991305854,33.0889911852331,48.473661278023,61.5055320613037,53.4581731288763,68.8182345192442,42.8316915351321,52.1068989850043,39.682263593535,50.6416408794662,60.1461284450863,55.911300550892,62.3770014743259,48.3568698809691,49.0348882820118,41.2080801671307,51.5098461373459,41.2790446626982,60.4330371121637,38.8559275839332,47.5899612014358,46.3956466296771,37.282175359685,59.4390441688861,46.9945479321316,44.5367005904952,38.0257523749473,37.6982098356382,35.8191461628909,44.3441817495423,44.9032212386706,35.5462567106528,42.3432365099323,27.3608378228762,50.469301338411,34.2801493736908,47.5757144298413,40.1061486610668,46.016926291293,33.8660701924842,36.3779111824649,30.0805220752532,25.5972288305391,33.0455988581021,41.9600561696626,29.0896038589523,25.3862827647715,23.0115884440807,18.8205441437216,34.8154331883349,37.6065631317098,29.8050425921399,36.4504834220608,29.0225123326096,19.8618258074305,30.6202521997403,28.6094063866752,24.9815994849747,32.7517490001815,30.1921901844245,26.7420538857866,26.3429613278159,18.9261458025987,24.517411571842,11.5921032500588,35.9825515064135,18.39780419307,10.6327855835567,8.10984987143182,12.0407176606971,19.8766960833796,23.1777469978951,10.2865127080319,7.60328292425658,11.2518878152597,5.6080187815461,NA,NA,NA,NA,NA,NA
7.9395898349004,10.5720283533633,9.52418636831979,8.03726246976818,8.21206838442068,13.8709346632369,5.0438215277988,11.4304045917485,10.9616584646399,9.04017722037159,19.4132641394394,8.98171196156015,24.1191718726374,12.1995858014512,8.71965364723189,7.49933113018877,17.6238071754614,27.8060572100572,31.7951499324317,25.3241638722842,14.1388968128013,25.7529063653994,20.9782025283868,37.9772944474086,19.3387965024553,18.8047623917481,26.9932401935648,18.3206477491407,31.2368780487864,33.6567122521851,23.9740842247736,48.2410933400764,45.8240171941861,28.0709265519953,43.8444581186241,23.7687059721637,33.8302615577435,36.7541685564731,38.087102097577,27.5305424894301,42.1220932354221,35.4937507359982,38.9089252684128,30.3374576861852,20.6493908350538,53.8147040128207,26.6676977387152,45.0770727206649,51.0942916831414,36.7570756266795,30.4955150050149,34.5540927581097,40.3602261630865,42.9994686899266,38.4692041695984,31.6847288271377,13.3326763439583,58.7187978365379,36.2977865440948,47.7891774029255,51.5898291510035,38.1466071110749,39.2746922893296,32.8815913945305,59.7711552793142,37.4934994938546,23.5025989510857,48.7976250178432,39.7906287080627,51.3496826316807,37.6253591543388,38.4410749951676,27.856534225458,42.3258555100363,33.9887917599086,47.8688579130524,53.8800594219154,47.9897646819112,71.6571506113051,53.1657586812713,56.1053525444769,54.1105411114854,34.9057567355711,49.7228032182072,54.7024957196284,38.2276632083058,50.0519081738453,63.7699089832529,47.1330162310286,52.7324023067987,30.5201130372485,48.7707344027522,59.3758129530515,48.7473330467602,55.3308584211646,43.7343598356833,53.6417638700115,28.6635313811292,36.9718908148414,43.4682369586474,71.2342589215212,54.1268823969082,55.786689040414,53.0710339243812,49.8991106285653,45.0470330617765,44.7332278895746,51.669067448507,48.4569895344414,50.8914358337513,41.9068432924494,46.1354149708928,48.3703415008909,32.6304238907259,7.88238630504943,49.6795042503034,40.6110253890972,46.8097386774725,64.4637132761781,46.0604653446101,71.595728436407,34.4061220347213,57.507063897387,56.29897402082,51.1614349119154,47.6579499473267,58.8662595943866,61.0269892393935,45.0990165412674,31.9722937346941,44.9315038835885,49.9113669584572,56.2533629602681,59.9760855533104,50.9242905154798,55.6649213402922,44.6331535449067,61.5192832261503,69.890712389414,51.7992266306706,44.0522022705866,54.1863277963021,82.7209921144524,69.8169983158728,73.2814260712423,70.3884126498076,63.2378375400405,55.4101791585842,50.8492049353387,65.3230692821152,49.660638607049,42.360259087615,52.312602906226,63.0151118226471,68.165261282218,73.5447464830226,67.9835257883815,50.0649681510316,41.3955023549416,60.3686967526807,71.3418573165241,62.2567063372388,67.5946916436152,63.1459431509315,65.869454220252,36.9843439117176,66.4968451428423,50.0481217457566,50.8428556434127,51.9221759684759,45.5647887736973,52.7652283187644,44.6167389888968,48.7124098173379,54.8923435978211,52.9227053084116,49.5125861680808,51.039404670075,56.6545215133207,69.0541359138852,35.8358571280398,56.1963858601139,66.945480665487,59.2163333078867,70.6694378565874,56.0315612524319,54.7565612037817,55.6252149282588,88.564590915946,56.2004912488971,71.7557911435504,80.5801804270811,55.185907954209,33.2456007637112,56.3480391100023,76.511326217586,57.4972153863856,62.0664641219822,64.370700235238,60.8469277337807,50.4186172501739,60.7546065530084,43.913047368983,56.2526126120341,78.5210467935152,57.9759720907129,48.8482387614833,71.7373034233408,65.3418321694697,64.6411408407325,69.0708783518712,69.6360603834031,61.2301103392139,53.8501375046347,65.2045232894342,51.4066479685802,54.6655836175508,35.695134466508,60.8812554026815,59.6471974590191,70.3662397075458,47.2618790511598,65.7927943068327,56.7910387294063,53.2901904343102,69.3336027681617,48.0478352714944,39.6506632659619,66.1539560374025,52.3550910228721,61.7525844472302,68.6518574368324,58.628593537836,47.8225995945641,60.2549032949107,59.1625890599603,58.2357155563503,58.896431605416,63.6775913016273,65.5838851547852,60.4916068227657,61.2320694924913,46.1238487998389,41.8582160418465,59.6802532813966,85.9343384962616,76.8360798523473,74.4768090291939,76.1220406674372,59.7376884217798,45.1698214303726,33.9152492364489,42.838038487811,48.3142345562196,40.6455303450214,54.0808585540753,52.8110099058757,44.0429934258637,48.8504045221242,55.6388877425494,54.4853093569429,63.5071138998249,77.2565919639051,53.9659565052154,58.5657720018707,43.9401123733975,63.7120086889276,45.4228139094875,70.0572477534416,65.099814665135,63.1759803175993,70.4387663335066,63.8045876466802,51.9773811327801,61.1105864287743,51.5470150080475,55.1401119029117,47.1654757689973,52.2652039101322,54.5222214838668,43.3566822837442,57.2951643539017,72.4155052817903,49.7419907337518,48.967069582065,47.1732307976198,52.2151738754597,52.6523660834466,47.4552587141334,66.6844460751799,70.7750732452893,23.9102907176466,54.5215434973259,49.1812092193249,45.7672549905903,43.5304384697033,41.9076079954589,62.5825621215482,69.588062426068,66.6758286212081,48.0038276499849,53.3666568146379,59.8104138862206,61.7228013063323,36.3657750214642,55.0760881341148,50.3729276730946,58.6497179088754,58.0999115212994,41.7562916417792,51.137503542757,36.046112868601,44.2498523652216,35.8633714682527,55.2759228162801,46.5960639049729,66.274879201421,36.5537163081693,58.9700139394109,46.4963944922271,43.0095565759183,49.3615507250661,52.3045031015198,42.4703113072381,42.2993470581506,35.7882080599722,49.4870580760878,45.2841119783053,50.8848077010609,54.713842421099,68.3952115627869,42.2212582426462,35.9133786271183,33.3475750753759,53.5512767029266,21.1590866551868,39.7952470254905,50.1080453236949,52.4919268004785,45.3126232368257,24.988433817414,54.5958240538718,57.9564150898162,34.9610220379086,55.4548670445277,43.5971830870341,35.531682261737,30.522854689458,53.1000650180835,47.350483141021,50.2861690592349,29.5585104174171,39.1385655638823,26.9133108878765,66.9166931489971,31.3105326080213,24.7092369126802,29.9491376817396,15.2101473657328,12.2814050468076,21.8365016651556,24.3131856201943,42.8498374148697,11.9481422895648,16.0088333788077,20.1610691669207,17.9898152448379,17.5486883751986,23.9926058888659,22.3694414613976,26.9014020384163,15.9805817533496,28.1130208521859,22.2948159532935,14.42812878376,19.8614018032517,20.638618497797,7.60432619486229,18.2089709001018,17.5045167090117,16.9277853066128,36.9141499364232,10.8269449191563,6.14231249739014,19.216600777285,12.4224831910733,6.21842919424899,NA,NA,NA,NA,NA,NA
5.00422511924407,3.57230348993155,10.7359146663864,5.03653799946342,8.89955064749425,8.00575444070362,8.51081055121454,9.95665525090401,3.83520000612502,7.77325122724144,14.7528834608218,17.9343408616416,13.1651468160509,12.5560984713093,16.0222024605179,19.4719720290613,11.3846423561848,15.1445938861592,25.6201299235943,14.2903142802433,21.7456720775868,14.3312069331088,30.0610013075286,38.8495514446484,33.5707038282281,16.2724858654565,31.4946195294254,19.3340449648161,17.9404963257237,14.0917896367841,22.2241958740441,38.4697736428375,31.5655714146223,39.9301043575704,27.440291593976,28.3925843703365,38.5357697938731,48.3742799354449,27.7284046552462,20.8988258758865,40.8457292482363,29.8129831850702,41.4304407887897,35.6874508037453,50.0908954157985,31.7654552630336,38.7803870454964,16.2922234127378,33.9884312227648,46.4771049181965,51.0576217847739,35.9359886860972,39.5508214777241,30.4226210039177,56.0314140939955,53.2906544993792,48.9564953845968,49.3347947791518,35.7626790195128,33.1845202299532,44.4768013248356,26.1122452221161,33.0577694848258,32.0613495236602,46.0350778522801,39.9863656016834,48.3622992760715,35.0678144362849,41.0603513568838,41.6758772184825,49.8713878270303,48.3506695955055,40.0883923230547,56.1504865110033,46.9204958426692,48.5647033723246,51.1477906917196,65.9074215948885,43.3220651007752,33.2484620115261,53.1064336779491,40.6192548182647,49.7056379826753,64.9889596682012,61.9673855736967,58.5971771240617,52.8593714176543,53.112340492349,73.4122945772956,53.5055521991107,42.7805917826043,51.7272936679567,69.0262354837065,42.4312663074416,47.1719646412187,57.113595194299,45.4136627142942,33.8374641405955,51.7826620570641,54.5352528916424,61.1768601814401,56.8811059121225,43.7071252284642,51.1871300654041,61.572561991122,61.368793593559,69.2418084130968,55.4612391788891,52.1731235498109,59.9279904784364,46.8176605200997,58.6148549405857,49.5508395589349,51.2106789826511,25.5998108681883,54.2866049171144,45.7345962231209,54.0031963548764,73.8022228522057,64.8841083646464,41.202986257653,52.8260197630163,45.7656006391677,49.75220420295,52.5020147486009,41.2261676524511,65.9591339524805,51.7806313271706,48.5111226974912,59.5442099119132,64.1924696459742,61.5395705146086,73.0758048480209,51.9117113631139,34.6762261389038,14.4049272577488,57.2405428133743,71.4409693157952,39.2644839236646,60.7342668659075,64.5953881837505,51.3296913643436,55.8039663640067,52.7480313935235,48.8543559120647,55.0408845486009,58.9919503978302,53.270694425847,40.6397978376353,42.5724761822232,52.1433982992181,68.1778003702471,44.032271234095,55.8365186922321,65.3109202606615,39.0657761633688,57.9843198080478,72.4125387062232,72.0732180337131,50.6984762494519,56.4010795800928,59.8090442315495,69.0244037927444,44.4886752815509,57.3097957260751,56.8743366321721,59.1649414086341,24.8925115788151,43.594173838174,77.3584451452564,38.0884103475504,75.5633318665558,56.9153697436135,58.1603669233687,69.8032393299426,52.9825066820602,42.9640796432093,24.3335557080074,57.4556490562749,52.5063049678133,54.2987981373608,85.4196857946973,59.843332911327,52.8159437384064,68.974422957237,36.6796067735644,72.3177908362106,68.1876543732096,44.6731241000105,73.8568441737668,75.6915892468934,60.2301816021697,49.4624105457229,63.2308657696537,81.6226817440964,49.0074351183831,33.1323467515596,73.6318646347163,63.1156080261314,70.0482958141176,71.4112847590513,59.7674918293265,59.9630042048875,86.5568606586402,50.5728866889697,59.0842041884603,65.2370574768007,61.0566377147893,39.1080505302103,61.9273949411911,50.6451308427507,51.8701732720772,41.4486283137706,40.5820964609855,69.1165407799334,69.7774533999801,61.5148668695178,73.6455331778311,58.2557740458037,73.3508857409635,81.0673037295434,66.743396667265,45.3090806632504,55.9145656108889,45.6494710182825,49.6798398015388,69.6256360598586,76.6949275666985,59.0092757306379,70.2772716678586,61.7942059816065,75.2106237913186,56.4970178408441,61.5755814220474,70.9646600169534,55.9028877077157,52.6496930256731,61.6067111490003,54.2580600553795,50.2574564778944,44.3616733558499,53.7826728098723,53.5065977158155,55.174438861518,52.2327348943477,70.6275024386601,56.3178141949468,68.04116499079,77.5997029889828,69.0190515787567,53.4467059575888,62.4190298077464,65.7929844987178,70.0687527900814,46.2819788916442,62.1719637047241,61.8659173382131,56.7081194802746,64.4632386882978,53.4767030757051,55.5500702452092,76.5786551721773,62.4230369772676,44.8396936839657,51.2564330874177,66.1447353460026,43.6806376800957,68.3248642957231,58.5955747146316,50.3151752016282,39.8718465471971,64.2005141791477,40.5276030748194,43.1566747270445,57.1444089153559,48.8297590895601,53.8166272618963,52.2932898150991,47.5001555804745,53.8842903481283,56.4674176204311,63.3188667408321,48.1776159874386,59.5533653085179,47.1898248585341,53.7186938596427,52.1305089836194,63.5351905274508,34.8588420667279,69.7223193416536,44.0055700255874,53.5903539211155,49.5721252676207,47.0762030548578,52.9163740774465,36.0564572208826,42.2189300677736,45.1403182306814,40.2583178976741,57.66658783991,43.8797383936623,39.1052550159914,41.3811950321455,43.835190488748,55.3054516739514,48.8959685920543,55.2534423485967,46.2744851465029,38.6984629466977,52.1579729901946,39.8637720166245,36.8286947234196,44.6951651266943,57.5234923405337,32.0977793149007,41.0246561746405,42.9486937334798,53.4523934998918,40.7350869954899,42.8891305647753,22.3764402093164,45.6421812219114,38.5766928398598,40.9655538782339,43.4438976348537,45.4751248106715,22.029649308231,56.7659061363324,41.1432326476777,39.9265513127494,23.4168451868908,34.4536991460539,23.5917909614136,58.921882736767,48.9910493448135,35.6517321398487,28.3887876821689,44.955947738458,44.265966771953,25.0783021892165,36.7414216510529,42.0909923452896,36.4424894478916,28.5849219422073,49.326827018069,44.1786574185705,22.9339920379411,22.6473382268828,32.7078251584842,23.017079140453,25.0020500662649,27.988957599225,30.7379546220756,20.9676102115204,38.8062920710396,20.6302255893896,39.0869535667436,21.2848660441864,22.3166730946317,26.7465055248712,25.5371455451239,37.8791986398435,33.1786439968299,32.205791704421,13.9025451589404,11.9008422352328,16.3709793055838,14.0087024855093,9.30022374894954,19.0856190320094,9.92420624743656,19.5640075361944,16.4423470453736,13.9344625035231,19.0992777118739,10.4679676138781,9.84208670966297,20.05129335912,10.094078627747,15.9758087058881,9.76933634793239,22.006489099954,7.32968578644207,3.70786259551135,12.2087900025359,13.2131127791659,5.84523226428665,NA,NA,NA,NA,NA,NA
6.35274406947424,8.52615243575855,11.8529900536686,8.41785423863649,6.78830758670844,9.39753427490293,10.7874542873628,11.8694515198894,18.2724528291093,10.4967120393533,17.757558771443,7.10499308208112,19.0565499496065,8.97424550565312,21.3681435800153,16.7211454153321,15.8503791744334,25.3857766587902,30.9002146614266,30.1335467708625,32.6312881543106,22.1647649109997,22.4751266378614,25.7966929584878,26.9383787956572,20.2037719861503,20.6818163758888,36.245984868416,36.4247388385903,26.0474270667065,34.2751683281235,37.7421114943268,30.825001940713,25.3942768948309,24.0431127092599,36.3336863049101,35.9644121319368,26.7250931104707,26.2970777469097,23.6627303447503,41.0926366713199,36.9761722961094,25.6005591428089,30.0852760964065,44.6756828944086,31.960718987319,42.6334626159382,30.8328315667864,30.5536420452282,45.5650033699519,24.5803661005002,37.6635840081131,49.2326712925288,50.3034327107306,38.6870698454175,37.2608576997761,42.872243574266,59.1685679894109,33.4815392391351,53.548824777728,36.857068717146,49.2342161689759,22.7438488321685,47.2075349370804,54.1008465622766,26.0552683372863,39.8178244520748,53.1456737365542,41.0138475448451,39.3834736169949,40.4839807814043,33.9683567090591,39.0882627614421,31.5450186979725,54.6393524408158,37.5999829438119,39.3411376062043,29.3197735489826,51.3926028670359,48.0281603279929,60.3342183636942,56.0028491801429,51.0317533016933,49.5426145564848,42.2185134960359,64.9065924284279,51.1288280678201,32.2966200615145,53.0621570508339,56.6444907750665,30.8125373909692,36.4977041695858,42.3492358815037,29.9580940082754,42.9711346311644,32.9375587163914,47.4656546500261,21.4946721473825,29.301195874749,48.9874722950143,47.5535057813129,37.5413013978701,33.0912739575491,57.1929298626557,46.5326672954749,30.6799413798296,58.6059865962216,46.041245960798,63.8175572588443,50.770448871782,32.7828913504557,48.641435481049,48.1304941343351,59.5353155712674,52.1078280010311,59.7561736326197,44.5516607961386,49.1550356905315,55.628859228374,55.3850399484178,40.6147030509704,67.7655922519921,51.2695602579223,35.6184233142507,62.6317895420764,39.1026381238081,41.430065732369,41.1302650473554,74.7798392038778,40.4405160278381,47.5562870041236,57.0140284553733,47.5913901292619,55.1479006064314,34.5121186859951,45.0226107791888,50.0600586126468,47.6541442189311,42.8298637099623,36.7691986140776,55.8235169996165,52.513520268393,28.0168329803025,44.0070954209681,51.4025066118745,56.0747638901877,64.8218195586462,37.4198210435997,47.4781534194666,68.7826234508583,46.0543976811715,59.2117492552579,39.9257226703781,55.0957225878618,59.9822669308111,55.6207272019833,47.1141789711049,63.7138826374488,66.0889092894569,56.2428448103058,50.7254005039897,69.8979657380034,61.0950062781585,53.6989306757431,63.2434677143695,34.9634389113641,44.6338040255312,49.6375287190926,35.2464183825547,47.4108352203258,64.3250297907611,55.8341810585866,71.8581133216838,59.9385105806494,44.671358047619,54.0529704789177,49.1553964740157,42.8733977450178,60.5187114289881,44.8375921976792,37.9811183960254,51.9501108621747,51.6345365956835,65.5220641259298,66.3497979132962,41.9847496145834,66.4917226251501,54.4306092361711,57.9959613857265,61.2524142478661,34.3833967304094,53.3289111971593,65.1999155646434,52.009139687014,45.4166336668706,41.6155797210761,38.5815079076981,51.5351259801029,58.9368695018455,53.4496144078777,43.3480544178217,67.8593568152725,52.047332202217,79.028345996511,24.535221050091,61.9501154399775,35.4302527445487,46.945834650069,58.4783727326787,40.0758989197829,61.3569841750597,59.7632673332735,63.3178226367769,76.1386056134699,66.6088908045685,67.3176901841256,71.3362565481548,74.9228090100358,63.3274248070968,41.5082447062705,52.8009074692127,68.6567515907464,55.6182872074881,42.8649061648378,47.3475351271453,56.9558250503645,38.798486661472,61.127255444095,61.3377657958065,70.3981258294366,58.2329554884102,67.5928607675565,53.6708594207408,57.7767783505616,53.2333540883666,71.0103188441535,52.435558777764,55.7043050447054,29.6990216122713,58.1300348805852,63.1778813801216,46.46692792409,33.8533249389479,56.3240421462593,69.4654615665036,70.8310849954065,58.3821922853791,51.2369497371268,32.0306703914936,44.5012430016951,31.8544688251712,60.8991747800872,54.5682547757798,51.2243969175915,73.4225290759229,48.3449384912984,43.0329682998035,43.8190913496557,56.96750570645,47.7154750172892,42.3647853351313,43.8931363758322,63.2041320598445,45.1690769968442,37.5753491392701,42.5104369590969,35.3175092583322,61.7829487627081,27.5960676815949,50.8597835044304,42.9143675840187,55.6433777890496,43.8610707760642,43.5974635212342,64.8287529864227,59.2847276143045,48.1442975221847,44.8704350643363,54.1095300388581,41.4892126327095,54.27609084986,50.0534633215839,44.414111642208,49.011550819364,48.8951142640628,55.2741580102634,43.2670257389389,64.089076198952,47.4053814701842,59.4294739848659,46.1072543153434,50.5587553807112,35.3540514907566,55.8156426070469,56.903124296013,48.7308095777661,50.963637224102,37.8694695464402,67.028053422197,60.2393558762516,40.2048464478849,50.7824169133361,40.8785569252283,35.8441744920293,36.9572678086163,45.0460682816688,51.5682678151048,41.8389604154593,34.5257875899712,27.0922929096261,45.3241114134943,42.7659971550087,16.7958295245607,19.9370768365137,31.824575534423,43.5290495671487,40.4494517418032,42.8753944510919,42.8840214274601,54.0047862419486,35.8308835472759,56.9570822504255,42.4990105734616,46.7614271168284,48.986664262015,42.2636024611425,60.9942278617387,34.1481565126984,46.5326404442918,53.9287216437499,43.5965419114903,24.832319866877,29.8566908695287,27.4834474128013,44.5004625080501,36.8364565435483,41.5423746674278,34.1375927867694,26.7367318946107,23.9040988484095,18.1757546324612,33.3088374274102,28.8427718014622,49.4643066887333,37.6707632755138,29.4430389457468,35.9987256851184,22.9426705843047,22.2051521767955,38.6241881449953,27.0608753567199,22.4461657091324,31.6402379670332,27.5924710147786,27.4802579603257,17.3853264294117,31.5329026869314,26.8514169306596,30.9972190507321,16.8856242566806,19.0523705962024,11.7238391498073,31.3390109014085,15.1973820717985,14.3940538727475,23.8498097243364,24.2347770523151,15.0150831726936,26.7984466551806,19.9739800106905,19.3923926291415,11.3805622551973,13.6485227406316,27.9441130205006,16.0030542221778,12.2906187255359,18.2081482808196,8.77999106986523,7.31928656825038,8.78962642450756,14.6559151850938,10.5837983412032,16.3398307253693,7.56025083054734,5.22001663685286,4.71252673982713,5.91569094076158,NA,NA,NA,NA,NA,NA
7.86217595366745,7.14306469842124,6.52266721908058,4.19482790817003,9.02019077092342,8.31267203220656,10.5660081436967,10.6774219877455,11.1652100408271,19.9359792855164,19.5552947771472,20.2213555341081,24.9683885101596,13.338954451776,19.1920380992455,24.67973703245,14.0670643168284,17.7098805453371,29.1925000682333,13.0051632569747,22.864503385285,14.8921744660069,17.1310710969751,34.2633755126843,22.2545741004978,19.2247932690592,29.5818269890504,14.763714839136,37.5155550769377,25.9445312405499,31.2203951532734,20.4127391080654,42.5035319926191,39.7756396254486,47.0568715461745,27.0015164833241,33.3742482303044,39.1271515790154,34.2716267073913,26.8584537349783,32.0717158517811,35.4005677569403,41.3611673782687,27.5544531388691,41.1558850280225,40.8215285476521,51.6410640256438,52.4454096265993,45.3567126619387,42.3452681266818,31.667351941928,51.5094323396735,37.8231243946717,46.9348408252288,53.273471849689,59.5145269451548,56.2347387462662,38.7896093930017,54.4751523155762,40.2410869133581,46.3955573138743,59.4875144323961,31.3595601097027,48.4908496684666,64.8149683484575,58.5054379918918,58.0041500768061,53.5518950492054,46.0312075565192,59.6811238455291,49.4662994678746,52.4860949647992,55.5473985616779,67.7593558734092,50.5642693477676,62.6696744537614,47.2958254223775,65.5598580316738,55.4042685458775,49.5326548595518,46.1909763760879,46.0757692708361,50.5867856896599,41.8023075831258,42.3039008736201,48.8858582233351,48.5613789629352,40.4118435377011,42.5421612970903,63.2767199194823,57.5231308936703,48.2129810680714,31.9987455889857,67.9109353042874,49.2111133291508,63.2190392918346,36.9390822407585,56.3400316235571,50.0376002289857,72.6724765856653,65.4302678493906,42.5914547404375,53.5009578317984,48.2062711755816,62.6608450745837,58.8008201389812,56.9297861421637,63.8085272051484,47.1671687596409,50.7007025705726,32.0158291986458,41.691293057614,40.4624155083111,66.5912705793923,33.4869344326635,50.4972194288311,44.9340486877147,41.5088904572065,53.1339285262107,50.2877797031069,50.6560540939826,33.8634036131899,51.1878117207222,50.6484842464213,53.5395443059392,27.5040249245964,69.8149965753269,68.6077269689912,61.936229673076,66.6051919561739,66.855647476647,49.7903233630602,58.7393882238537,59.3315837248537,55.4537355335443,45.2763337400834,70.0705729695249,64.047082225906,74.951162686714,60.6493610712889,48.3372855184322,48.0913078312603,59.8799194221456,83.1243715370782,48.2140876875611,70.8000752189468,60.2783173117964,74.1999070463352,83.8843399105402,49.0495861782866,59.1952140693314,72.017541073339,64.4221702893013,57.7180624412105,73.2874751832382,63.2826711868123,55.3778686423003,71.1628717077021,57.2769190313426,72.3678058001384,64.198013980692,88.2905100060409,63.215380007914,58.6696291951479,49.7747938666374,58.8118712800395,73.8799902912877,53.7418952576428,52.858088777595,69.0224927294429,43.5829713914175,63.0972582259376,79.7531494821916,61.555301126412,60.4958126910505,47.7467268370183,52.5326965136181,52.8158196075015,58.0095125958722,59.6134908032218,60.382481373119,69.8655713581341,49.0710438118934,95.8782069717614,54.257651602,74.9180983757871,56.2669735338273,70.2485953593536,59.2950478749752,67.6651751888852,39.9722893106409,72.6858266227035,70.3290532780142,53.0186729369759,36.3156109966852,70.9614268290749,86.7023822616956,70.1012406829119,74.7523881725365,70.5264723576827,65.3987454007321,59.4374340599597,77.6928208560487,63.5880849923688,63.7663436361969,76.2929472604251,82.9280117206744,88.2901888148056,66.3477578808176,72.758631398694,73.9146443300375,69.8495115737298,70.2731411550571,65.0281459723525,77.7475084999264,66.8455556453827,55.8685393764984,76.9852795233389,72.795774475732,55.1686402842992,80.6730871776111,85.5171232321912,69.423399575119,64.5716102395998,76.3041447252396,82.2155163598177,81.0447339196411,69.3495576597346,68.1189357346969,77.0029922136119,72.4593847003075,77.4459931839611,52.9235373050801,75.1837627552624,58.8740888627134,52.5821445930845,59.0859936730049,76.2986582510012,74.5426909956769,74.9738736425662,76.8530792840469,50.3271221717131,54.0251229466967,71.476540738753,60.2001553855903,87.9766461894093,62.1446538408839,68.0998050057947,54.7302592193349,44.8653987403021,49.0822635583174,42.8686037255968,61.669434221656,47.2598148648455,56.2606378305185,58.7205392864298,62.6446845052224,80.2499683721879,83.1759548420935,65.7740175221784,47.8209532302289,55.003805395057,72.2713165711973,42.7899270404422,51.8114633722347,48.057357005031,41.4853965816907,57.2438494039045,54.5126684836236,63.6518874865901,53.8552994111435,63.7659938739504,47.3170532506059,62.7373524201887,83.5027939783982,56.4246930749292,57.6250258189912,60.3868588323043,75.43559423976,47.7160490266975,70.0121784949405,75.0146538553045,59.458837510074,55.0691152219261,37.3503125899846,48.7749337509117,50.6365773481614,46.8762745261572,47.1995331967879,60.9433956606438,77.8099562545448,48.4389196480661,47.7616738352878,53.7661994474903,53.8634354041751,41.6901704874479,65.9816445106722,69.7520780108621,53.959192699181,52.1402659479532,41.8998847450701,55.8383470825797,54.1368037412611,46.9171780897953,49.9610635682693,56.4545135261237,51.902738843328,54.7781102843041,43.29051668487,43.1457972566043,42.2274800870711,53.0258638145133,58.6506980734429,43.0128701602803,57.7609167950711,49.0567348529966,47.5519497563698,61.0422623473313,65.4061493172518,80.4761248531458,37.2782836256295,65.1776805575865,38.063153820902,40.2908954839286,56.9947415037719,59.7935596572987,59.7369272781568,50.8691578609747,39.6287214381759,40.2685223470112,44.0333186760795,49.1456734542242,38.518691245982,44.1212995279871,55.8036696927022,38.1545876565431,34.7288771915643,52.7731410501994,53.0638323733645,39.3667700132529,41.5355044623967,43.929565687705,43.3667671933528,36.8136461587308,50.5988923069588,51.1579931667081,38.424920760219,25.7761500668343,14.8662632202179,18.1042310543011,48.8185091552664,44.7015621612612,43.1634794052675,23.0017121083747,14.677329602595,38.0140578060017,46.0232983966175,28.7311002972184,42.0258057567821,40.6311737259888,26.2385942957561,33.7598702886264,21.1877060818702,30.6980002579733,23.2592211572416,36.8661177115026,32.4415464686623,14.290462623252,30.4250823676726,31.3103152063171,20.1750887432164,26.0740565071087,21.4610733660434,20.9650627444361,17.4162363951697,17.6204063064972,15.049256540078,16.1941924854914,15.3219777747074,5.8311096279438,11.3864210556775,4.48538674290942,27.4435101692616,5.61712706502118,5.53022739928289,18.3063105556994,5.11000073739917,NA,NA,NA,NA,NA,NA
2.73763574462579,6.21144206247379,10.9041125493762,2.93764655262896,5.44219442853634,7.04974882420321,11.5504826664558,9.66321806688846,8.1521096338484,10.5036324459057,12.048282171628,7.76073760232814,34.8036540443349,9.77740196110165,14.2916815688914,18.5518861373736,14.4306722663411,16.6267085974689,8.37638646533224,23.157272057603,11.2741741033651,19.0485823525451,11.5116861559319,12.1309600461941,26.8387291621501,10.8258732687423,20.9785122933475,14.6351730909659,30.6972753748253,35.5611575222993,18.0566926846105,34.8802231503026,42.2069840214908,25.6363672068468,32.0375528293096,24.8519163866073,51.7852017768808,28.608622761576,32.3579130706212,40.847918470726,43.2120284694557,35.3895822798328,19.9624638570879,30.5953390352071,38.0157479774805,29.7181838329807,37.7456782876803,42.1569215114911,41.5114264264087,39.3369398066321,28.8202583817202,23.3258198594925,34.7838680322767,34.6888860087143,34.3322233360847,27.7893215929373,34.9257678426432,49.7981230808212,63.5528726370226,46.0943187738821,45.3079006847174,24.0684137200815,33.075452270718,46.8203010450971,36.3454591048938,56.9698010977986,45.9733381746278,46.5446945971343,37.3058239790819,51.0046353557446,34.6052090116057,47.1562882745102,23.2266740786383,23.8678080208265,47.8222977402042,55.6260766382435,34.5168469589952,45.182599826701,52.9833231575047,46.7786784782088,45.1626378120047,49.1062374529491,50.6977459211797,49.3965784332815,41.0474771153468,49.4971510578129,50.2962719989984,44.1605654319922,49.7355019677875,71.0691384693118,47.288489958593,47.647230833769,60.8290203553858,47.5771679424979,41.3508330491352,64.6115444346049,48.9802399985223,25.1723973226498,53.0717596778708,45.3977824457316,45.8309158145993,33.7846814738479,44.5271743907512,60.6985517957537,43.8893384548319,22.6656081032899,56.3451467151749,65.9061950307436,47.4354300582937,49.5197245887882,40.7002829968079,69.266705732862,44.3872912099395,55.9417594566997,44.6261128933851,56.754833658161,62.9765794309697,57.6198324472766,71.0779356684454,55.8089925741347,75.7667562505799,22.5334711380666,42.0639754880468,59.7714543559111,63.4407085144878,68.1136376796463,62.8630927371671,59.2756336720267,64.9311059037462,74.8373892651658,65.4155955011401,52.8381701679456,53.4678502910384,60.6078145298055,65.8419529037278,40.9212307805656,49.2147222377728,60.1105186726402,49.6004022256362,63.9336551793439,48.0548089676621,43.4417080854744,44.9345590655636,66.0349687584851,45.5031175184928,50.2175040415362,58.6903757323965,59.5163582762904,55.214188296357,48.0396022340801,45.9343150178661,45.8690739870283,63.7058873331265,68.9443042285861,53.8181675307835,73.5141522809767,56.0986130981316,43.009840281357,34.282056456907,56.917718793167,43.7812952530996,54.8911239727539,73.6054285425653,61.4083169881326,34.0058954182129,41.2038856953569,59.8465036918137,62.3050971960451,31.5374984954304,49.2510267075108,62.993255968981,52.1202999644249,60.0287940893158,54.2981580842494,53.4840643153625,43.7265712170316,60.3816969763035,62.6765809025107,57.4160493715672,62.5909245417011,47.4423964896843,70.9401317336194,63.1892395513577,56.2283381427113,64.7175120770611,58.6010577555474,59.5528690250865,61.3886737119507,68.8964558719572,55.5935246831006,42.1982445552576,60.5899119991421,51.5932942305531,44.1661836310751,37.8620068815648,37.8061648526144,70.2643740783957,55.1736156822396,71.4414214824545,52.6926016360703,69.6725735847451,32.9187842069313,57.3997146935666,53.0790352804896,61.304412981098,56.6860880566755,48.6045451259208,59.9551817694934,52.4745048638953,29.6096328330937,58.7819402747161,58.4847874200893,43.387419854329,50.1509655621711,36.0786054689935,67.0311387022243,48.7885228977625,46.0682487707395,72.3737554566757,55.7451909755095,47.8460264459912,45.7929767585616,68.1192114106091,36.181461191821,64.246485614702,48.1997575342256,34.7736477863354,41.7585880316508,79.0561514056994,56.9580141312897,61.4352581191218,64.9682288476018,52.6588800948243,26.0041571579955,40.2067997505755,61.7879965720435,76.8913900795939,55.6887291678763,56.4125541935398,58.5966765185871,74.4263871769896,58.8262841861811,42.6430616356726,31.9450549446467,48.1687124617273,66.9254647611633,41.5133520362145,81.070458013695,51.5865370886567,55.231930746331,53.4358493433607,63.8248085238649,47.1126487559262,40.2444910105438,53.0552645635264,66.2607295079017,43.635828943388,76.7071177078105,51.633531048017,49.3389811991949,65.4111531955207,70.3687727067895,68.4066155291214,47.3482935960403,49.5199014003917,75.9253693667369,72.6958333678567,61.9623239290225,57.714431598648,53.2020623957801,47.9708312169638,75.5704155412307,60.561194269291,34.861211891306,48.6447333267435,60.7447484779547,52.2096240215689,59.7131986028468,53.3409525811743,46.7842625629205,50.4886721769327,59.2760199784453,45.5389069812147,60.0717153435857,52.3528464265343,52.6511404996768,50.187325535292,44.108317173491,60.6966971451976,55.7512263935305,57.5486885076541,63.4093399401615,57.6937759006358,55.6825769273101,65.7659644281477,44.8339244377454,52.3642933385965,56.0970640037403,71.3873326844685,54.2012929618891,35.6374273514462,55.2482457454621,35.6138517159688,59.6345118725622,53.0930670659618,44.2062459262544,44.8206611277234,54.284272060325,47.1342727760759,53.2118505467981,38.9180968568402,37.0364577168569,49.2064725233564,56.3237947954216,46.4930706894406,39.9152962123636,39.0831252629195,49.0553657201182,47.5237575710064,36.9816759138324,52.8451825807314,46.6649918658429,38.8428834140327,37.1206105113253,29.078724563954,50.8957557858594,46.7825401297036,44.2956384775864,39.6041644687184,42.4621830454869,46.4155517519884,51.8762994696211,45.4716544213913,38.5550440007266,49.6664967760183,33.6229564173099,35.9003473747431,41.4461932458321,33.5094522110732,33.2055695038399,46.9422223725419,47.0326695129909,41.981481091012,47.1104661947275,44.4368198174601,41.6758894675093,23.152351396079,40.3415036056272,28.9762784977841,46.732409005963,39.1356909294048,29.1463989480247,25.682352008699,29.5203051250464,26.5560071405398,30.0011324470008,24.7849409560097,31.6181374378548,16.9595475081741,24.4415874199674,27.2846200711803,17.9469816310732,48.317151842022,17.8807288388562,28.7992272304034,24.8841995346642,13.1506295671316,20.9911866284854,33.8835354578691,18.7773778561387,18.4683121528144,15.6238627525098,19.3218426512834,32.7811776203884,23.5172707601643,14.4046934773012,12.8754441263127,19.7723218319193,20.7441591036256,13.7615928770362,14.0436130793249,22.9865075016004,17.7731217052679,11.1912765421418,12.2218386845569,15.4948529346058,13.4720182160428,NA,NA,NA,NA,NA,NA
15.3201280608142,4.08504715779515,14.3227551756185,9.35234466095477,8.6311706644336,9.95094504147466,11.4970569191564,9.8947451649185,18.0878251227846,11.0824550700658,20.8361781990133,21.7410736331128,9.0779889457535,10.4286912055676,30.7652952056948,14.7539612776375,19.0185441898197,7.16542578630096,22.0959924405917,14.1186688499715,12.1624984907814,23.3893303477549,32.3142182056106,31.965307250895,33.9687215778255,30.8827364104108,22.2479269154711,35.1689522468618,32.2604349660616,26.484329266778,25.1544146841483,30.2278660923512,43.8626447737427,21.6429396869358,35.7839640299146,29.2548483606236,44.5383726345247,49.356002123712,32.7347261429291,20.0817484629797,50.2923439676544,41.1696741741548,42.4227122448004,43.7939088088096,25.4060912205802,28.4308488925931,40.4417409938641,58.3911869000088,59.1428863272914,39.2116727284771,34.7729638619002,33.9519698727521,37.3397755803543,48.0875151016785,51.1396604710789,48.1912693786194,69.480457169316,50.0595481552881,37.5957131697905,49.4838960468124,58.1573140474056,55.8298649437364,55.1594293337369,51.1269275671888,54.7152549215579,66.0859727648006,48.6435612760536,48.8519320403841,70.0809774340221,57.2874412810273,56.6395099040662,51.7610786042339,54.9257920135093,49.0549446305342,61.0712554591795,45.5682065017812,46.2018425948665,51.6548722708854,45.7513035749907,56.0567753215384,60.8948681054969,60.8284812287604,61.7801519282885,59.5761931139525,66.8996303711103,25.6035861892188,55.5075993607069,45.377651232862,62.5578908044649,44.3437378631976,54.6758193316935,53.6389297246771,39.5667170709679,56.9856736168227,49.6055446334521,55.7212389158608,54.3951036303146,62.3972042779269,62.5378903130146,48.8175882340097,46.2595076078678,46.0549811309094,53.645326765284,31.4231238141788,44.3623982279873,62.8444722650806,50.9880894444048,57.2779598213811,42.3300282870398,65.8797597971087,20.5590034919829,34.5615636451156,65.4575087733148,39.4845008834243,38.2392100415691,51.7979602260454,37.400621942464,65.9223064892414,64.181984022088,62.6466628572819,57.628611415726,62.475804851811,54.1271129270573,62.3123895910714,57.4522628597036,62.38351173034,78.4927228708553,59.0609991153458,53.1248297686971,53.3641664600279,60.4626513793038,46.3685990367183,55.0170494187133,66.0397392893256,40.641990627416,47.0769635924725,45.6071275096254,75.1190411099984,78.2140549529551,57.3361902807147,69.4614175704988,36.2075405678904,57.4568823694604,78.3325797213992,56.1869418330859,85.0411099058257,79.3339744120851,66.9386258376358,76.8576067203465,72.3121525449434,47.2814097906729,66.3374394100266,76.0858545021859,39.9998455738902,58.6305294289151,49.885422881509,53.9255495514507,70.7776005911799,63.6103805361234,71.2609608991238,71.6114521874099,78.8584743674291,61.7092698065925,72.2718065526963,58.9511032118217,76.3044549730433,53.9956892569634,47.2914325276905,33.2316613343264,69.7058825247676,44.5632321505736,67.5220647092652,67.975123864971,68.4656333298571,60.0455398514574,57.0753510243758,51.9573093123994,53.8618398282202,63.12960490096,50.1099598878474,52.7507978761042,70.177084236313,56.7661129979191,70.5992044507813,64.0230503532904,64.6438108010958,50.3889456240763,59.6155048217901,27.1520281542177,58.7203888216949,44.7724153042312,60.3089882972368,60.1085362885562,56.7109473784081,52.0170438929346,55.9163023559777,61.1525037321156,52.8875041725483,56.6615742413391,60.005301439885,71.0581916884633,58.4975036987691,61.9950466007836,85.2425338816744,64.5825680624878,69.5740945854018,63.8114492076198,83.1845645917531,53.1135367288105,55.6443521236077,53.0877478253512,73.0754466546589,57.137442166762,32.4174363002385,77.166277865928,76.0230411476422,49.0274749850286,81.9135597531659,65.9507789497504,74.2084433183331,38.0225058980159,57.7700872884054,40.5543902791765,54.8756309379309,48.3100371183848,65.3226519417933,55.0951015759716,74.3321994058007,57.6274670462706,72.8599489263195,60.3154268445901,43.9677944845686,45.8155886363565,67.897766896776,56.5290962084332,67.1766340013394,40.1242247719646,49.9419455428531,60.6547529094452,56.4218447658386,79.2227936185514,44.5804836063823,44.8907163315353,66.6547906970842,80.1926063356825,69.7226761356612,74.6831832330342,52.0256660003562,40.2322258305453,47.5453426918253,54.8359109552342,58.0862241322236,72.5733162702373,59.6170133959579,63.0981530095318,49.956870577848,53.557013352744,57.948791610271,58.7088905183574,38.0558873304794,52.6860549798905,49.5121028742543,44.3145076864757,41.7900304241202,50.2368827954638,48.8357914591922,52.8265542653188,61.2606641889352,51.524088203371,44.6694308817765,56.8374549639047,69.1916986900756,58.3685189840743,51.7941032909215,61.9441981260043,51.5714631395761,46.8725198219667,50.9416118453357,47.2150696659611,72.9590408190161,59.5317453963768,58.7466680523554,44.7010249424551,58.327044184109,62.3010810044616,45.8502381376615,78.2546759835455,60.7275604121532,60.6264748021432,43.895097503287,66.0107938979874,48.9140811185233,52.057266152334,48.7504824884743,41.8777402595658,68.5416377625346,51.0655353641632,36.2311932845633,48.6000908154263,66.089148095179,59.7515339757063,61.9359649348146,46.2776323369154,48.3016059361958,59.5575910993614,54.3723016097489,58.8123076756266,60.4823934760343,40.4329592484875,80.681821263351,40.8483148717447,53.2173812863357,58.5366066221957,47.439482360845,56.7807172775197,34.9708386493047,57.3874178636442,46.8688092102953,44.5800827672938,69.8215047487501,52.1163740168053,59.8069910374741,40.738856924249,43.0598181867499,36.2294839989606,38.0539275324765,38.1946230332818,36.763210140783,40.2775495341814,54.4943176215872,55.2881690265635,28.5067301161467,34.049530224218,34.1842203927539,43.2815714282107,42.5884124493549,31.2671147961174,29.652014222661,35.0755793051294,42.4687596439709,37.635986140543,35.8362068043554,35.9046279678983,34.7452263440493,38.0873901262906,32.7487237683881,52.6778358574693,40.9279620642978,30.2288257969085,35.9926239232261,25.6280103508941,34.9182602647999,23.492350832328,30.6934301834479,38.2275780885307,46.6102654498803,32.4607269906763,36.6899302151904,21.178590541088,34.2709318670092,30.6179648894689,30.8886316968687,30.1901005354793,19.6905734614264,23.202559990762,17.3701974954325,15.0477281161076,21.8614497631753,20.82458015227,29.2400367727498,16.7596034226109,8.95982552605596,13.1268593708939,12.2197288628906,22.6843192627849,9.37071828242874,6.25724131552768,13.2191155016815,8.3414169081191,21.843538810668,16.8740592369277,3.98053688066018,20.2880038058347,3.81823327413996,10.8795500859554,7.70849608494848,8.56209283122026,NA,NA,NA,NA,NA,NA
4.64565627561069,6.72284987272183,8.86440594361163,5.72869927325015,8.24634929125013,6.90530166184546,6.01228697140562,8.79666601006108,7.619558884786,5.65737629634997,16.4730398292202,11.8089642020485,17.3121933472112,8.37265532940622,20.1970174597559,11.2185339047512,14.1114515478066,22.0137989109422,20.8880182065064,19.7135017439096,9.20399188692349,26.8931530994817,21.4213237644274,25.0543558248704,28.2573173788321,13.1990465912564,18.315072635184,15.7270485798407,24.7267428462585,26.269525739541,22.428133599475,29.1933092745889,26.7584256266648,25.4540123179868,43.7921493506611,26.9217941999518,29.3838448368858,39.202808148714,41.9159647007185,28.554680067568,37.2942389558871,35.9227953823181,37.1975582522779,24.78425057599,29.7190618385113,27.201317465191,27.143397471838,16.0008963238058,30.1227412052502,19.4265170062133,39.2148481001796,45.3750233275994,28.0320038386642,37.6113526612344,37.4429176264246,42.5891407536597,39.1792573769511,45.5960262649029,23.7938494314148,23.813795509743,44.2487973676257,37.1527685105505,47.9427947902398,47.3897395436715,42.5986607369582,44.682907034853,46.5450539168824,37.1331914507138,24.2097884587403,44.7270359398007,31.4923651858037,36.7931202288978,45.7355667036627,27.4268596952889,42.1170312429609,36.6205861681418,38.1819863439764,54.2323716462355,62.2394996329519,54.4491137184809,55.0867944983565,54.3870206692259,48.8158607485919,36.5921138790446,50.1231884315999,27.2327921419916,25.1659253707956,45.2616274849314,47.6625125563844,39.5841802198055,35.3129494965186,57.5282585511989,46.6915760768391,36.2226205579685,45.9749719018092,43.9441470095974,35.2191707367491,28.5280914001392,38.0549443165355,35.5483168824004,28.5509412892051,52.1428907329838,42.7741436721718,57.7682664098347,46.9396894157123,47.4934218442088,38.3735905860928,47.3250149015683,47.2951981692667,55.1901693090181,43.6240483440612,47.5211532633102,39.3406041876098,51.3321380599411,44.3346939418817,43.044630168999,46.9705326134695,49.5783437575312,51.066608559615,53.7583200892135,22.154394154854,52.1639665965793,62.9200454465562,52.0863582981118,20.6230950070571,51.2054965472218,68.3662212070739,44.9643894182852,58.9655961091448,60.3068380119484,47.251572180976,48.1775089127468,64.3129652408237,56.3646640077847,32.7322654724655,52.0414889145489,53.1125445157592,67.2306023869981,51.4946730834631,49.744582770795,59.3999962846873,44.8816441591761,52.9541716657089,43.4053036544313,59.5847875031121,48.9279704813194,45.3971305977955,63.8110484281813,70.0400439731233,39.5413258904969,53.341879735685,41.75376221099,40.3449446814781,49.0195001236807,61.626625836188,33.4002007831359,43.8868570180918,47.9391667272275,57.8577478624345,56.0310887301093,42.5294942949088,57.2495227980872,64.8271298759771,60.5053726562591,55.4773037547676,54.1493996465746,29.5186582422067,47.3345538710393,35.0214224330729,58.6366172935027,40.9024166030742,52.6113547961211,45.7810862109755,61.1228982282324,19.2454015026715,55.6143898170701,40.7710099112279,33.0887361280075,38.205710315279,58.014708359685,63.6073854308783,57.3666359309783,59.1634292644434,65.7522989025629,51.8884890868328,31.5210643577617,62.0526783774573,62.8946724922547,45.8959949753485,39.3114382431054,42.5034440905974,49.1699488307255,67.9979401611138,40.5233636533101,72.2624592790157,43.0585047647229,62.1257280280378,49.6017376167275,52.5810509021603,67.5372728976626,58.9912546509582,53.3246277798275,53.5587462497635,48.0318181828588,71.7776415680015,31.4955113834208,73.714975295918,67.9646567188907,52.6040751767102,39.3418724705693,46.8812115288272,54.2114837489022,39.9703480095669,46.1888987014854,55.1653878458134,64.6048150797225,51.5946173180729,38.4155267115811,60.1829025757339,58.2674383740116,40.5509658886822,45.2862969182414,39.8186061738419,45.1104591248791,40.5459480430824,65.5385022713176,29.3779348748155,59.1553523759369,47.5519120864459,57.5021981614436,68.1049598399925,47.6461256671984,49.8861448663517,39.9662394701271,55.6637648125802,53.5770101777058,52.21072802795,60.424545211988,76.712976031333,55.9169266522952,58.8738721367678,52.6374094892608,45.0591032903578,52.3626264982847,70.5614253475141,44.4964841116427,49.0115877975933,45.8141946187654,66.9981145514988,48.6629185626122,56.5196557457957,78.0124179431262,63.1216005960748,54.3132184737396,45.612462526282,34.372436841051,37.6831640474202,45.6061992107657,75.4700637131141,56.4639101359281,71.3794885740864,61.4908656921781,62.8795348658498,40.5234540473737,49.2047096919302,38.7881231358883,59.9998246479353,41.0711347855368,44.3930083818198,35.3068492380584,27.4414646461066,53.3921122769215,59.588995479588,54.2241690477324,55.8722030599603,49.0140834240805,51.4473180529136,62.373591395917,61.9748934487585,60.4297961727955,42.5321866642297,34.1910444268302,65.4194952154407,48.4993387480477,61.0061580689299,55.0760824297359,78.5217461922596,55.2793814964102,41.2756946115347,54.4292280758635,48.6687692250603,40.7410900481309,54.7059962194197,65.212068741105,58.278523037297,61.3919613546537,56.9651910085683,53.8196925584173,64.6061920282051,61.4053431763676,46.1382784230847,50.9695235729404,47.8436643255749,43.8466870448462,38.2129780515829,55.7186328469572,37.6661214681121,52.0051424148328,42.8048269292579,47.8315398985329,42.1505010728595,46.6392664703836,35.6950277202013,38.3540333691172,58.5501734380148,38.7253424769435,51.0920988572575,50.2287140192274,37.3235326415244,48.5414531230695,51.2208691775652,37.4242387286528,36.8837001176587,37.6426440043337,44.5556962500639,36.6238505732019,36.1955866554004,45.5693364809248,40.2185921529975,27.2814456334514,41.821255514243,53.5175256060359,28.6760984861202,27.7055782388562,49.1663712203229,36.6686975888359,52.429162926477,44.8292268033394,25.9301120032558,36.9328892049766,28.9999671654164,29.7955558749977,33.5623534030121,39.8630341028459,38.1659372929151,33.2345997395232,24.2075574300826,31.6851938622061,36.9381776837317,32.1732137318546,40.0139764153321,32.9937337878962,20.3795123012,19.9456984991468,32.6108412115213,30.9632373567428,16.2024329802377,22.0819975812711,21.2962731592011,32.0118492706797,21.0633628403137,32.6566182953878,20.8133281470697,25.0469748330962,25.3257565003477,29.8302981178948,16.5297132372909,23.9029258320137,41.6498574749977,28.1271554022475,19.1849097297214,17.9672664699745,16.1971307369577,15.0398118690784,12.9645733556178,16.021767542378,18.987036418734,10.8196852728347,10.5411239216671,17.8186307236895,13.5350263121644,12.4908217193575,11.8000563608565,13.4094300852285,12.5567461202589,7.79029057218564,9.48695867046587,NA,NA,NA,NA,NA,NA
5.07324022652725,7.31485547782783,11.4212347095792,3.47475114459984,7.31543508862962,11.8618079631486,6.45894659837837,11.277256166858,9.79775165396075,11.3959957265628,21.2414595808885,17.5392216878221,18.1893005674633,15.0931015322487,11.6377758813963,13.0251652991609,14.0733800668684,21.3662232726713,32.0017471324722,23.5966357883298,16.2897652726195,23.3711668410206,17.0077953315968,28.1411345191799,35.0465462776748,16.9975939926134,15.5057882235013,20.9274626902801,23.0335906159261,14.0180951033997,13.3913065604422,30.6060013929403,18.2881093522691,24.8582828793021,37.3754943126181,17.8939422206136,35.4127583633016,29.2206278656188,25.0396139508477,14.6284650351604,46.3153497649592,32.0010616914569,19.788621698981,36.2834556489645,25.9807203477175,43.6273075414699,36.1036872410853,36.1227627393785,33.2658396224925,45.843362824882,29.538549619824,36.9870609488455,48.8454324425399,31.0993039731148,42.6941920950705,35.1366461633853,30.832550689797,30.55757641142,22.9740344197252,43.5009979637925,40.0233069679623,53.0042634136824,50.8840441326599,44.2650257222881,50.2904829950129,46.6204521284899,26.8453152054034,35.1266100642214,49.4461307455879,32.1184017949266,42.2511967873299,45.4359017306439,28.0080374116153,50.7598872516539,44.1628544139464,30.3883512539319,38.5371055231925,43.8620396096129,59.7690034054877,27.1244660059028,33.857526245146,51.3726719853666,38.0757773091486,55.8462124602331,36.8471613523054,61.8793968728906,40.9644258790237,45.2629587129699,34.5845627551649,41.7305910324859,52.3804127575508,40.5647921167136,43.5077436823124,29.349036213797,44.3086088564088,41.2246823969423,38.4495400257786,33.3951598028987,40.9974670488359,50.6587864411096,60.0009906555705,54.1190797800465,54.7470911030382,43.2282718895562,62.8181669989117,53.9672185740846,35.0515484261911,44.4684910160049,34.0906815564176,42.7795554924177,39.7232429518422,56.9562740812413,33.5813232537937,25.3867380245859,17.4025315155014,61.6776519877138,54.3366722259619,57.5814922911156,45.2898373989346,60.6906376334772,49.1883779510417,50.3016458240086,55.8021668507982,40.9254748959458,57.0080666351705,50.9212267588029,67.2662687357527,48.5104000260055,51.9922032537671,54.6436540313339,44.7864485341024,63.6452382010117,57.7153331762994,36.1794877622394,53.6219367710672,59.949562152421,45.9095255901613,41.9844829987866,47.4261504786883,58.485883443937,55.5326450684676,45.051446056107,67.752961187938,52.1605143985354,57.9223633232931,59.2700675470144,73.1755051438343,41.1617668640674,56.2339373149098,34.6300848142114,50.8277197822418,49.5515844745747,50.8692400042557,55.1478186686052,39.5226844726444,31.0616551336683,46.8926052044519,47.3252347306632,65.6650067343461,40.8668268360085,39.8991747695377,60.8941934684445,54.3059550499301,43.7608918528982,62.9360145460533,62.1902291024216,44.1426197223336,51.8404001710449,28.6242531385991,56.2719625503855,54.1465638621349,59.7362477818233,43.9402595652042,40.1099904640149,43.549031269109,27.7183049517739,55.2552633844456,52.8325768171993,49.6379475378448,60.0472609336114,37.8301112040066,51.0390592736877,50.436916996144,42.1392317022802,73.1813432433073,45.9845205184003,53.9849728177246,53.7631792214478,48.3019057780133,57.7650808450717,75.1939765123285,49.0842731725092,48.4190841940605,49.4258086083707,51.3080180949327,56.6914329206317,27.8626878531448,32.9764090628322,52.9811551034501,49.6514935823645,67.5495480762081,74.5304368553372,43.4716051526267,28.6567071831379,46.2436377132171,41.6323220271539,48.130901045716,30.6211042958804,58.4938277931883,38.9408667507558,51.5037966031955,76.381338544192,44.8687463311977,53.7059295621833,49.9770989161307,56.8579121700023,65.4022888401723,28.1409163386432,41.1414349197529,46.37212649727,54.2149406337608,69.2731232134843,66.1142454140745,49.5541175152445,46.7970110274731,61.08825220478,60.0404302920596,50.5943290561343,43.5768025654163,40.1012709364902,46.7376606493251,56.3625881883542,48.4693987054941,52.7307691859493,22.5019271376976,57.936566795003,47.4241835574236,55.8672381324357,53.1056419038688,59.9345600650853,49.0624574523768,27.9950691666397,42.2806390580011,39.2745958492202,30.9322220998799,25.082058266625,42.3400964496745,54.1692811492261,48.4826282238311,45.5962798045451,47.9842074006544,41.7333503241313,44.5919940367229,61.645341922561,58.0670089101303,43.1984153342198,43.577166382576,50.3589872725949,63.7984465213612,41.2915462618495,65.971597102355,41.8111121154973,53.6068160298656,62.5584338205831,39.5587399677355,42.9028633262255,55.7444130559947,26.7411796749951,45.8006311138308,58.2246543965114,48.8788934953324,50.8907946855323,46.6433275818936,55.9521027595078,49.1665088417925,49.3189756939786,54.3575292349002,53.5800374545325,42.1900061591438,26.4414183901227,38.2745066193291,36.7734861089389,55.350278808538,39.809818033783,36.085580309394,58.5998372902087,45.291208713441,55.1664229036354,28.431955163707,52.1847436483191,47.5183507649095,49.2229777529046,44.3678095975431,42.6939168428234,46.3737406247529,46.4603878980671,46.0615270046213,54.4933505262079,48.9005736675283,42.5248268830412,42.9532317693288,22.0585062152999,40.536778400372,53.0437733342279,37.4711515344617,40.3288661956959,43.3645607824065,43.058894382611,35.1787034613057,39.4607705693847,43.2929645861548,47.9068758381033,28.1203779850175,45.8818168189169,51.0557894373241,38.3034300392615,38.5273248873943,30.6360966546552,47.7133704105936,43.4462172913752,43.3085430642137,32.46219694663,38.9105063159407,48.3749332398177,36.2677809506357,42.6302932075971,33.2530570119887,45.687037453936,41.9286344508548,45.3915671124114,43.1202281079574,45.2978381231885,25.7374175171669,34.7095267600921,34.3454412087812,48.6209709275203,49.5751112058227,33.3624561179909,42.8515204036446,50.3820149895408,16.9576128056499,28.0180206506634,36.5719664994101,32.7454036271602,53.5189864682902,30.7657591517911,37.3585726636758,39.6510086544986,25.3110639412739,36.5221483521655,24.2006347940075,18.2273571885519,31.8353652531275,23.0184551156332,38.0650209710254,20.2758770746105,13.8551390285212,29.1989234014072,11.5768986172637,24.4234684367851,25.3701833088762,27.4183612327442,22.1236184302244,19.1286494860703,22.0527838460774,15.3403870418645,14.0920721745737,30.7928664436833,15.0752843880401,15.5219645839474,16.8187209835142,19.2939149889788,16.307825692835,10.7627658091812,15.1761676846911,9.89210362145594,11.181981640617,8.94618715672313,13.6410254120411,12.3492398510412,15.4283890447267,19.7177502744547,8.39355771128893,14.1761396404101,5.53606083426391,10.8730693643563,6.48224816201945,NA,NA,NA,NA,NA,NA
3.24445246290864,5.53434790122048,9.47364289874356,3.38142164746131,6.58821613156078,14.4601129328006,9.26795337158317,12.786150234913,14.1635431764938,6.38428105763469,20.2141212913246,9.14170474795141,18.5126695348647,10.9659971238416,19.5178622978872,13.8264981190084,11.0168789572605,8.87909472370069,23.0316782437261,18.9963639792653,11.0283499251772,19.1861479725418,32.2625410874578,29.8167603198985,24.15835522214,17.9079990672074,20.9695858056855,21.0884908103721,23.4338986143946,15.0425899446994,21.8931738923723,23.4585079604332,41.9005816624133,11.7164180376893,39.9399147360566,25.2020696708128,34.7339655980939,38.006584616318,34.9625321338607,21.0462665070861,44.9948937479252,33.5865758775047,30.711698114826,19.5367458861813,34.5437438225392,40.0437287134992,46.0756799560078,43.1821468730605,31.2391409066184,58.3092158262946,26.3810958587294,60.729131469255,46.296496586817,59.4812197141688,59.3967817803659,45.1450426958896,40.0257411632884,53.1575318312384,33.5527956855271,50.0360588825178,38.0712323258888,44.4762629553819,38.9717429752987,45.1039306263429,36.194137685178,47.7825898384959,25.5116587332228,35.8401860549809,52.2423390499593,29.8262559471261,50.8434528897566,46.3369021247314,60.1502681797081,33.6622974984638,55.6037489550687,62.4575018671792,47.5400367515903,46.8055911949256,48.8574047828965,20.9023236905587,39.144631813115,61.2905259332887,48.3093204832001,28.3013465901687,56.9973555485451,48.6752850114174,32.8477799318099,29.9322533845531,48.990820129899,41.9083338596201,42.4549038013014,63.7749792613737,40.5035336229371,50.5930327342811,37.4466248980344,56.1259114497163,47.082045176626,52.5741818349647,24.0013217560425,55.1125239800519,54.5238081109119,36.3798052700165,35.4344149561951,57.9220498976653,42.1448438252416,49.9574803559453,56.8507283679906,27.2738091009988,61.7018869323321,54.3371334363634,51.8955490312322,36.1909370085604,38.8678099396898,48.3761020276728,55.1029111873109,49.6039086058736,49.6976274992054,43.3414216864957,59.1829560647877,66.3998698620989,65.2625340181374,29.1877793807719,55.9227887318035,46.4498216841791,46.117225548555,48.6624939074946,64.8871519385614,54.5503210089159,40.9359490456861,39.3019346074122,53.0587029968471,45.2559017876284,48.8835208838094,58.7369686927435,50.0594450450079,43.0973830601916,36.4460171667095,49.1670446729789,48.601827839628,57.278905306792,39.2594090088374,55.8991145537322,59.7982733721973,45.1255204784574,56.4962275878518,44.7647703618869,46.9468921280509,48.9670764431627,65.9905048768172,40.7624855183329,48.5362385528706,33.889161429774,34.7301942918025,47.0623937450798,45.1648338191824,18.9158212845433,55.1417283462606,48.5625820628126,40.818194310192,56.5847847548211,60.3611441397765,49.9747844477439,49.6229975458494,42.3902622105515,46.0668489369274,29.882981275275,48.4932919732194,53.2453238289169,27.8424957470879,48.2513960589163,58.1113794853534,54.8335455811805,55.0336176211819,55.5871415035168,31.64566903144,58.6281456929039,34.2311733278165,29.7193195193892,39.7025625719975,56.6261643230609,53.0365944441648,59.5628609814486,49.3297838528868,56.8428253737738,55.5020222675802,43.7375896241628,57.0877199568255,52.8606268549175,50.5340620152116,35.3295259617734,45.8465807457602,50.948220476075,40.1371986215166,54.1739673045626,70.4175011694205,53.4727121240018,53.1188066643023,70.4265496622588,55.6183555255321,62.9336716913517,30.1079797601202,47.9279993935382,45.7842098048388,50.0032317773232,33.3057568249087,41.8759980850059,48.4374590781771,55.440238044381,44.4506445668576,72.0749437456557,56.3692905512919,59.6726608090056,50.351467447192,47.3943133188212,42.5954605231034,56.8301652580944,34.0105973539199,35.8199912042312,35.0333233413595,53.0692442132875,39.6602751265805,58.7206898284494,50.3333957543733,56.2791055397173,45.0851134010794,54.7218039071795,56.4283866487988,56.193151194605,50.8732265359951,45.1801629747285,42.8201259215231,50.2811935086502,54.9064437188797,46.7647654634985,55.3106210455032,50.9931500556445,55.3008076037269,57.1883375740915,52.901362026326,56.2856004691976,69.3962564617712,52.3208055578235,45.8731947527374,53.8077179529671,34.7618479500019,83.1289655736265,38.0160722266087,39.0124319391232,47.7322628844396,59.6562745816026,37.9169252572437,44.5100447006854,59.7151812311525,52.2333109875694,50.2579753741859,53.2734697558451,38.9360123495702,50.1917807307904,52.3413444049501,45.0539778078035,49.5505987405071,34.1112932791357,64.4316180834291,45.6834986466977,60.1038068133226,38.7037740620215,36.9009861871644,34.8505612862121,51.8763810251666,63.2452086265305,53.7402021430324,49.5579154170705,44.572429361323,35.3907351568847,46.0150552543023,53.3611106120265,52.7769234065039,59.819954224166,43.1518343678603,46.9302019856205,54.5668217684224,46.5834759866988,50.5349136818204,46.5848309084891,38.8152689197032,59.7620169153204,45.7524189792231,53.4396902055375,38.4538301959082,55.6971263758577,61.3722208046928,47.1978926846893,47.3605882795261,39.2028045994955,60.5958046577493,50.6459944452183,53.1488734552357,52.7003314538902,54.5677525118451,44.4002976917437,52.9933013343382,46.6115153072211,35.7636698929305,41.1312786218678,45.4674280697419,48.4758543019078,47.9886612348373,52.6271378479289,38.6421412119977,39.0358757874077,50.0330640812008,38.6516618221143,64.9358821005222,27.0588673178265,58.5210476159296,52.6199510856721,60.161961869183,50.9242366840282,50.3519721429903,33.2691990277425,55.6837193878693,42.830701142493,45.6900353381044,27.9322231492485,36.0389024215258,57.5516782087639,43.301667756271,38.4555146591311,68.6398171066395,61.9750578696386,48.0815673737223,30.9701832108107,27.8833458039442,48.4599905817213,26.6935487454522,42.0801353166848,45.2673417443318,24.6460844220873,44.4979556091148,31.1522770547933,23.7495219391715,33.1598417428699,49.0954915518826,39.6835792872032,41.1919288929405,34.0202436037831,36.096936473629,35.9316255892336,34.3110008647853,39.7182111063159,27.0862549514101,35.3755344515841,23.0046281774848,27.6595972054377,42.2885096380287,32.1470436560056,27.371246592321,23.1348505556561,28.5172846886118,19.8556807597082,27.5392111381606,32.8290644244008,28.5345187925538,24.2855210992867,24.6580036505817,31.4864523593905,19.4786791510195,8.91071942813568,18.8780891851979,11.7142149494467,19.0449405952346,3.95366125931093,10.3587913734556,15.3042612621916,17.2984008004096,17.5378019896336,15.1991172337486,13.5700162993329,16.3059900234387,12.5303097322213,9.2349325629321,16.0741545549661,4.35280893729232,10.6483791976202,8.48053265540476,9.8980856247001,10.0623481663172,NA,NA,NA,NA,NA,NA
4.03204392846325,5.76818426505385,2.33481521196821,8.77227388716718,5.51420174139271,5.36739189388472,12.6238531761411,10.4732341759308,11.0394119796992,14.0455832711463,10.5322031821827,14.2173527579067,8.18031769192933,11.5009438335697,18.4154569896983,12.6761898738785,11.5327805337131,17.6870955072081,17.5740227870019,11.11371062104,15.190451530606,14.7471282783366,12.4921879190532,18.6507975509638,19.4538017354018,31.5515798059809,12.6054179904353,31.8533550135065,18.2891167465356,29.9149509543059,22.3798120519072,26.3443983667686,28.2244847567348,34.6386424618837,37.0415954264528,28.5154566902077,31.9385634032161,31.0714613431555,24.2933707997614,45.1900255553759,38.4627753878439,36.5944864565073,22.9246812558625,23.0887369584802,24.5755796554901,38.7526556138808,42.0187007548593,18.8254932316308,36.4130887444123,48.2041460122089,39.2523932818217,39.5376084646069,30.7601132992514,43.6139795635133,38.1548349826572,38.9629817598896,39.7851604858131,49.9180500653694,62.0912959232164,35.1723715318246,36.2736603767239,41.6596638569473,38.5448951446891,58.7911303594486,50.4287607322427,42.4613737398715,44.2229896155395,62.2906347986298,44.6760570648847,48.3099667412824,42.5073540333187,43.9524252214256,50.1415052939402,31.4203469960914,48.4642834312537,43.3823089647555,47.7910966432693,41.892172535319,42.8106225489999,26.5635031840226,42.7102276918063,37.9132818784447,48.6868845205492,45.1315361163183,54.1939784520112,37.5293966164687,27.2127409998913,43.7393285888053,53.0704519939003,48.3570290348641,25.4021427140417,51.8715402047731,49.0143189422102,34.9586818836791,42.89055032076,57.7859593883455,56.6441192745035,45.0327813598698,50.8133369806601,56.5823152997383,43.4167563774818,41.7298768010304,47.5786613759937,62.167624985759,35.4428648692636,56.1611805067993,60.6054745196668,55.7146790256424,40.9152221607289,51.8200185669089,40.0831842162171,50.4615927406209,40.7929060029916,53.2322542078535,37.8456545943352,40.3614609901492,56.229359915885,54.6722082102666,60.5416599232256,60.4785707339503,53.746725769526,49.4858928128291,50.3338478935497,55.7062479754156,41.6815607973201,33.0419230761482,44.5843976964373,62.310301839984,49.8837031415585,67.8921420263849,71.1747893129209,53.4085543330642,31.612368159514,49.3631206620166,57.2927738350461,51.4036783379405,64.173154908727,60.8131454431726,61.6979814261162,41.6463941210001,50.6567721835071,44.1657528706839,44.0165769634459,66.2377371699773,35.2589018929437,42.7761489222119,64.3424741794884,51.2571230786333,62.472842098692,51.3918354122545,40.2561321176253,47.8603147544276,61.9193760778463,50.5523455333832,62.4052579135762,47.8798398515581,56.837473450148,51.8807114751191,44.4123869070745,44.2956480810124,33.3756829264937,46.6581781355938,38.4324235477927,47.535647663548,21.9615950211815,60.9398424259248,49.8976723488699,47.1018402479356,34.33510666898,47.4123162219764,50.0845827907771,58.0781725725498,51.8879478772527,42.3580305760308,34.537872459375,37.4426598783565,59.3165938505998,50.9643874585648,57.4536317766586,57.142943890395,37.7857467395187,41.3635414251431,48.570512560067,53.6350013990612,57.3607412636255,51.9633143788794,68.2848860527681,61.5180720258331,67.3303646200551,46.8945860857547,36.6524190391377,57.1979831408991,48.7550766723829,27.1426807148982,82.4163632930824,66.147973983703,70.367749581518,63.6145103429863,65.4660159538263,43.0526236832469,50.8643590817465,59.4209945579211,50.175588379048,60.2585479287732,50.9581986959731,60.7320582677159,63.0635789441484,41.7226998524879,64.8650773671573,71.3510498138437,69.8915786694955,43.8386807562417,61.1702033136565,67.6909213679527,64.57366995236,49.1408578772378,60.58343384801,39.1254245921502,45.2481868736243,61.9785765247036,46.4495915081005,54.6451632769361,57.8963557939536,52.3772869387423,47.2491331286799,76.7073084863604,52.6667350619084,53.7754957075884,52.5396143273781,33.8181793788786,74.9590727280906,63.2576341860376,42.3259962767855,55.5566597438047,64.0991604779481,74.7231915830045,46.6484297306938,66.7146875308221,46.2492853610651,59.6143445036732,58.8929483621122,70.1262618518645,54.7890813803525,39.7522114818094,63.1599796442143,65.3976126667683,35.2345457816821,58.7419204238383,68.2077265762026,51.8133668231883,62.4409697329349,50.9409607175161,52.3320456691848,53.0294064958854,43.0994484366624,54.7852093608086,38.9178971991475,67.5944971984017,70.8839587232653,52.3030797493531,31.9398457464396,50.3535090464834,62.4704286147891,51.974607996655,55.7590894921316,53.187027186781,67.639150541104,47.1410542505393,49.5146662062226,53.1567697989206,63.2277644673208,73.1843452437247,52.5442984445267,61.663377635503,58.9759313210256,55.1314948401621,47.9561248706902,49.3122548623871,48.587519215274,48.9045442061622,52.8525961313371,60.7797701947431,68.8768360208857,50.1927188423099,61.5503423797326,60.487444611726,50.1989574895304,50.8606361633857,47.9342265842283,47.6337237355303,68.3375143698705,52.9531029594695,45.1785192946791,65.4211943934895,61.4774608078533,53.8616793350217,74.1427914945779,42.4622448788318,55.9180804870604,51.3072352562559,42.8526277117035,55.5668772692597,41.7939533719063,40.5769511309742,53.628004136476,49.2969080718636,57.1227670861812,46.9032052349064,25.9350126612186,46.9748201831847,26.7659318289097,46.6426382985574,46.8910340745238,59.7572765216348,52.2656160791838,42.5485328788022,56.2211560830484,52.3391664549358,40.9785399929935,64.2729588380415,55.5261478678502,55.0104415345462,51.2683845601779,50.6504308615415,41.2903187407079,41.355838757175,58.3915626412599,50.6133341886173,49.6665430352738,31.0832002609743,47.7521027012768,43.2960965216748,38.4609639045537,40.2133161400815,45.8260168668174,37.0177631600759,43.9278976547352,41.2844327426135,35.9135047907818,36.0666993506629,40.6782738354999,29.5224673386669,25.2817712050473,25.7610742303939,31.3523396515103,37.2210542973863,38.2875581611663,50.378115669781,24.4151561768303,42.6290640837738,36.8053453077063,21.9458911817783,30.694688274317,37.3285177313839,32.0691754675575,41.6082115527503,28.2436226297912,16.4465259800123,22.8182533994363,26.5098704410577,29.7775177469963,44.6238800934119,24.469728162683,18.4208354078709,29.2056839471944,19.2897730433151,21.2456249167219,28.2694406885122,18.9522943068468,27.789729636659,15.2413570062066,28.423667242828,21.8275546963959,18.6865428835221,20.3052415974267,25.0060688618398,15.3376388477572,25.830089497634,18.1738437344841,19.3325603466669,19.1471605653136,15.0454222311593,31.2103148552991,14.0126632435242,2.12243958575104,7.21484998389977,6.59232904399207,NA,NA,NA,NA,NA,NA
8.06530910312805,6.48094681839961,7.95938232429539,10.8938710207949,9.99757464187102,15.7169011985703,10.6588901385771,6.34200241331916,14.3125866614913,15.2331143127563,20.1832728854167,10.8488152406057,35.9426335382969,9.94691207850862,21.8838356226245,10.8979844379833,15.815982694412,20.1168366603224,21.4149269291786,12.910395011902,15.0588058868518,18.8260284456515,19.9295914696346,25.4443190680155,25.046591271966,11.2450632990207,19.625165893506,22.4827748521375,25.2107613506613,34.9262517377818,35.7464474535771,23.2117956063788,30.5976029139973,27.3439006650542,37.0537062013845,42.5117882147786,40.7528195320404,24.9584665792547,24.6378286110009,42.4435891208999,37.8980972702422,39.8795728034142,40.9580046914403,16.241882480988,35.0471989974412,30.3696793420401,58.4309659596049,34.7305788834893,43.1812766586279,47.4526979669686,36.4215836248874,48.3934550941227,67.6242241114031,57.9168734446398,20.4762200796055,45.326277913814,48.9530182680084,44.9354472202524,51.6015276393147,45.1661147539914,54.0393593017316,39.0636313796245,44.4349189916228,50.0309625049169,42.5875966254537,43.4137527244208,36.2402603482798,50.6714850724245,54.8399084013227,52.1557463160068,54.2441113244586,36.7260511285599,47.8216729067413,47.6705091696006,58.2863182626022,45.8269782534121,38.6962552573151,48.3748590159898,66.0521264992817,50.6632656297791,41.0593972242235,49.3063001332446,62.1713704001862,53.8045456735739,54.9190488549588,56.581069581057,34.416313866158,36.8299443477893,54.0412909564143,47.0996226044694,49.0343863275492,44.3332787256784,50.7826926749424,58.9143806095759,53.7806123189383,34.8850397828109,39.8300098391901,56.845377182892,58.2486210068553,56.6688531503976,40.0221149033955,56.0932934832918,39.8571399196091,54.5594581510645,44.9703977796311,32.7233565280539,50.0376502844365,47.79860108979,51.1803044462396,39.4381082961871,47.6609737025515,48.8468326992459,37.1803377301706,48.7629228321177,43.8380573652098,50.5160995964586,51.7876573544879,43.8747366551747,65.8473200191522,67.9865145210416,53.6552170339707,54.8197197533916,46.8058608692589,44.593192774871,69.0280840444757,65.7479263844115,48.7984979633179,56.7781595755868,57.9731545744364,82.926486997349,66.9123496756107,84.9046440430502,51.5841833732033,36.7936262264264,56.7845208327133,51.5049987421716,51.9082509580672,58.5218620625406,60.527879200784,70.5443480168928,59.7129407739451,32.4548955193012,50.8002231721182,74.6817652346228,43.0976695460425,66.375521494221,46.8184111458427,55.7195690736016,49.2349792588773,44.3828281792738,66.5787083822856,45.4426935516441,56.2101898132909,41.3411962338709,50.241454859127,34.280814713061,39.5319410718028,66.1954531379812,34.6011676948672,59.4861623970598,42.3445475951651,60.3642505208521,58.2565576148158,40.9774955634107,45.9900635791244,66.3945197993191,47.3737991873717,39.4194289291028,34.7609836452552,70.1170800812782,54.2059428268539,52.596058932728,44.6115389930148,60.5131606265245,51.9377709681769,57.4166039946242,48.5984516165786,35.761993248835,77.2093678719407,61.1949250641899,50.8984610942055,42.8843579034225,55.156203965821,59.4403802901632,41.9109161401598,50.5986887711126,63.59236251902,68.4285473063693,48.7722577354405,68.9053286774761,57.770360020082,56.6446357301623,65.721241325065,68.4440829290983,79.9204736629456,40.9028864631707,62.3944949590303,88.1802920941153,38.8614196759583,39.6276273166155,56.9331431848798,55.2952428330141,37.3937410285023,22.8075475483626,25.662880642915,54.3503036824749,66.9452498914843,46.0197896814138,66.5878415156159,63.496953964879,51.7238596019139,74.8265139947236,37.2885489096037,61.5293152563468,57.4480406737486,64.994580911632,50.3043926196644,62.6788037738433,56.9313393681143,64.9521477806756,45.477944718796,64.9349521311267,63.6122925104835,66.3708660584307,46.6945316164761,77.3780317257126,59.1252940579272,55.0711710749833,48.4357969719169,52.0392743316354,49.906868765294,59.0649653835071,61.8442233674296,51.6493222028055,50.9771576349661,44.2477913269264,56.0937937683092,51.5135502158751,52.158763360803,48.0133955540574,62.4119282317999,59.3908719522865,39.846377414067,50.4737453265913,67.6451225925749,77.4045591053844,50.5558433706222,55.8255732007511,63.1629685994687,49.3407329649784,69.0169776958417,51.8021420314665,53.4416540175773,48.4396704871906,73.0121540106512,41.8892654917838,56.3974393970586,66.2886396363853,69.2506960775041,60.6402157502602,64.4439375224899,65.3903286489189,55.9958647986966,49.7356274490695,64.4999070579994,53.3969627101544,66.9477132021022,42.4345294831076,47.9413392175964,48.4944057061744,61.1609958305794,59.0911456795206,56.6468939012102,41.8898811737532,70.6662892379337,52.160791145953,59.5995256278807,62.1354517710045,52.2687751069617,46.7831828470998,50.6573582527157,60.3229334999905,65.2679057737256,47.798966265241,55.3493238088165,39.809475289423,56.8460801923352,66.4616088879106,56.4268964131819,68.1436411673129,64.27861007439,68.1459373427664,41.2338389022421,61.3461957558634,44.1890168802926,61.2004144931858,54.5336921735911,44.5921100743262,58.9151146832019,61.0867634495782,40.3763623356769,42.5506894151961,45.8702142861812,58.5668238693999,54.460401013384,58.8768638909356,43.9716656380218,46.6268751684075,45.2498236437025,42.9145428410942,57.1048621945387,36.4025752304706,51.6027347550661,47.4395554766325,51.9454197138967,45.9050624759184,36.8855618958746,39.1955251980829,37.371131899939,62.1353345452779,49.0788145353507,60.0139627560766,46.1036927638393,38.7166352617586,35.6215571193922,55.5928175972156,47.6888026044666,37.7909478445411,51.5250611584798,49.2949474506476,49.9483736451426,33.4089934297203,41.0550706893155,22.2863333398451,59.3597841192583,40.2020103954133,54.9593276655151,34.8286930597254,29.9660181302696,41.5126102916991,52.7914619767256,37.3157887937124,71.2868566676757,45.3694181998921,35.6330645784551,42.2392890148493,35.8840747528897,44.0191502440617,44.8503349594435,45.9219406454994,39.3546364298602,27.4996418775205,42.2073976746008,32.2699707768307,42.5898926050086,23.8269443285816,23.4423090628312,19.0625926318064,30.648776437814,25.6049695401292,18.9854641055066,32.2832973192183,33.2459059634316,22.1120016491206,24.8671334053093,34.6246421138422,21.346710313825,10.4049412297727,32.7685103900703,16.6877405533723,20.2156542647439,22.062406856796,31.2026335488206,28.3588981895799,13.1585190539603,24.983869440113,16.1610639244977,17.0196563707575,14.3876866385684,14.0884349400902,19.5724481344495,18.3014934979112,7.6496314270224,14.7509342148218,14.3771545987527,14.4551379388509,14.2447383601861,NA,NA,NA,NA,NA,NA
3.3155150991838,5.46167870728535,4.19822135393743,3.05946364295085,5.67226523606832,6.16849936145489,4.86829380025318,14.166817077204,10.2560255931658,11.1114902902073,17.0845219881851,14.3540978553546,19.9771583018577,12.8305537137494,13.7931725451971,9.5485568871378,10.0228383892583,13.9423015854902,17.3027664474366,10.0020540202351,7.72218170319128,17.8481729106671,14.42554527301,21.6805461573769,16.687248096963,20.8017053866052,15.2345768767649,19.6775713067565,23.3131116800619,26.128057737059,30.7221460606215,27.871400374409,14.0473028751775,22.6674362052693,33.162913005109,16.0091539339996,28.7545943766139,29.2285988345175,20.9367810684198,14.7673020649923,28.0489635094129,35.1158662667643,29.8608460721928,27.3139855355351,13.2302670282663,46.9535256875873,33.575367846193,37.4605071496635,32.0324565316759,27.0852999354524,32.7481086885978,46.7037078489697,27.0855576655772,53.2382161142946,41.2867476534626,34.7129936886538,33.0359419501648,37.6899908076804,41.2462215328062,48.0663876300955,32.8219215649887,36.2322246577837,31.7610326111352,38.8649267660606,34.3076403323469,40.3039403589439,36.8041692775426,32.3687465826689,31.5547500483986,22.085481258396,30.8999071704317,27.4474404519001,33.8246004966619,34.7960366697781,33.336151825171,47.7187134603566,34.1889772558551,36.1863091304942,36.7282364196,34.7563782058953,39.5585280981588,40.4136855932537,32.0962013488329,28.2224900476469,54.5863550853648,55.304662663068,47.4669595535948,50.1375705707282,37.1605189721666,48.5273682371391,47.3245108116705,40.4743970280846,48.3634906620288,46.9055347812748,37.4996378599811,56.7413563448117,46.7996687548026,46.3535881007506,45.8363578254268,37.7839565552251,13.1224449604524,45.7157985186183,41.6026887160035,43.498864189232,37.2363181376737,44.0359705175641,37.1073791689171,47.321623641316,36.68504615467,58.7798527287557,45.5574632206655,48.8045730286557,53.4271695692903,22.3597803654742,62.2603370597668,39.2469571204935,28.4631688832946,46.5644342149274,36.2342647725026,42.3320346295798,47.8935023078972,39.8193285680234,34.2125998593969,31.8717714812228,33.1674586510945,36.8224017487277,46.9068644267481,51.8432654444714,60.8342439801109,58.1373006598972,56.9969827730913,41.2573417318437,52.8012946144103,54.1056375461318,48.3731447633585,40.5323222592364,40.9990770299472,45.2442458162278,42.6256129354007,44.4129009577225,51.4409404086593,42.2029530738829,44.7936959819306,47.8552144640466,67.8502931936936,50.5730573838154,41.7101441591452,47.7863415616015,45.2412201442181,47.9320286901485,76.9136275730858,55.8831297055354,61.3269906830583,41.928882534576,48.1692706053053,47.9528318788561,54.0729718039598,59.3765077339615,45.9765997752724,32.1995975287338,52.516422365946,68.9127378689568,60.5812232599094,42.2778953702656,61.1348655859901,46.4685932075701,28.7668669797684,37.790474233047,22.191036464826,42.501295470024,44.9775037817492,42.3895860001045,39.2277015723228,58.9571002662679,44.4589165665022,39.8922217798719,50.7374701819042,51.0664375081633,47.4630310495973,63.4372794914218,50.5739818079837,38.6137652483919,47.3438000951884,58.5876520772125,62.5345705531555,44.9360023567746,68.8303351343689,49.8369450360923,61.9098288588337,38.0598075918271,54.5247269809696,49.662056491869,71.7072686718057,37.7960777150656,63.4509975547172,33.4369554911844,31.6544727747657,45.2977168244093,34.2741658863562,47.6613065706393,57.8811767123795,65.7067828669521,41.0654519311916,46.0705137946262,48.450379254283,51.3403107431355,44.8100443976166,51.4686929062156,60.6975327613195,61.0036390481348,44.043406389127,37.9105587787202,55.4661445416791,35.0144477886707,46.3857098096512,27.0122630206946,58.0276425311914,48.2238913692949,64.1669319447977,54.8225935031854,50.0345567253511,62.6769518866688,72.8137000635159,57.8329557543729,55.2576826188537,57.0673551798968,56.2134750160522,55.4149553367097,50.9841092851582,47.7930802413273,61.7089694045621,58.7094047754576,42.6462650391135,46.7056556521994,36.8689034576429,59.3102426633549,49.0889411244521,59.834945017287,43.8392510449744,40.6568700155199,62.6063950714041,47.1310556725629,48.489086391605,45.557126319812,55.0458242647067,56.9446016434238,66.4465050644145,57.235358908122,33.9935274258975,45.6457399268765,48.6442929199273,56.5343422379067,43.8763616087198,61.427818998703,66.7958396943422,64.9821071638723,56.0835005296358,47.1816661081044,52.4306155028647,45.6942906040381,41.4060338353531,65.4554163641697,62.8669673664397,32.8794257689419,47.7322400457259,46.4124921029946,46.0035464820775,45.5665016220431,54.5032344952274,44.3983970534354,56.5229227938398,42.6438622150571,72.8085291473986,51.2708798091427,50.4595397885782,51.1698928317064,50.9468936045695,64.165260446116,52.7838255460552,39.3677057468591,45.7845191982258,30.3657992347973,37.7863302888735,44.7717820014301,45.1781978258046,49.9036253518397,49.6346107798381,56.8030338620497,43.1300551943561,24.2499943928362,55.7966690351945,30.6904141773001,37.9519620441971,42.4650637073077,47.5882056645621,43.6827755881417,39.6486508475853,49.7747449079325,55.2090172784991,42.7507274099574,41.8102018260368,41.8484597291234,41.6529743956738,58.6706756343197,43.4331266560537,50.2198110076225,45.1091218981942,44.6606018934698,44.0055884169139,45.9807613416907,49.4269850318094,43.5829016901731,45.5761131857981,35.5085000060506,59.5243657274766,50.5090112224584,41.4824115207655,35.3705623745002,43.148728060428,50.2905449468588,26.2296245217527,45.1291847028122,42.625540745606,31.9487783938224,26.6003005530537,39.6221382661388,41.0394506599356,41.7009558531833,35.0063248805095,28.2719592193949,54.6695135747299,29.9087893966441,18.7047336335081,33.7885565340228,30.2757308044557,34.474151166474,25.744099006895,28.6993933388158,34.6223599063431,37.9209694222427,28.0386172287053,26.9836698551807,32.5044741114256,16.1675574129115,29.5580111626985,35.3930200186885,24.7035806947192,37.8722852437044,35.5618758063562,37.1606272958651,21.9605635831752,24.4146524719446,27.2255525328919,37.7586213494898,40.952795684024,30.343798034721,23.4249509590043,26.2763583908451,21.0619138638569,22.4798253565968,34.7905197398797,33.9424282089855,26.299560746927,31.7790095748733,11.6261675882005,26.1858926150071,20.9392961940811,14.8478915332903,33.302428336945,22.3025660784501,18.2864099101895,9.10767304153963,20.7187321437656,22.3045644846801,12.4979324838866,10.3358065808437,8.74866698149531,16.1629491290588,19.1617219561349,18.2352908200566,8.79669651499604,12.4504744558456,5.1720266717362,4.70588497915628,4.88483335283556,8.58742588472936,10.3076951125291,NA,NA,NA,NA,NA,NA
3.43050281617547,5.99288540809692,3.99621192744592,2.92425191461544,9.52923949659345,13.5476637154705,9.0364151890118,6.5624030098378,11.0120941063706,9.48560836331241,13.5339653216727,13.9366852308114,19.4722125643156,12.7511855595793,9.82113307741951,3.46757174738703,15.601163975455,23.7438353946009,21.5269203096801,9.11707755026857,13.9123911956969,25.9637880930823,20.9187895783611,19.2167514527524,17.1092969788938,23.0714675882502,16.0013957703777,24.1443454674226,25.3416458658188,14.8485313102411,26.6088864533312,19.2337835933891,32.4361669515503,29.9256296221078,17.8827940277012,42.7781432893498,19.3756942074793,33.8579358203023,25.2967107209647,15.1222402504997,35.3042220467391,43.6126426566981,27.6244603379635,41.3230497389494,30.5460983390948,33.2353070977658,40.5069902806628,26.3261600626222,40.3563986553211,30.4584097080055,33.8737971256707,42.758436241718,48.5603435349355,32.9908089096585,36.7037096905786,30.7066400926313,35.8542070395999,36.3748593134831,23.9171274431375,41.2738240647697,33.6319090517913,49.3140038294977,37.8780899523972,40.9921364470326,38.5494016621288,34.7376612512377,41.9660210170706,23.5570683961997,33.3681796942276,35.3551079685444,46.0772449751458,40.9284027272096,45.2730277706536,50.9750081856874,50.5907748095224,57.7548709709848,36.2162714460155,50.3587884810218,51.8180703974674,44.2257671645325,65.3767704548671,52.1949476534871,51.1564218260354,36.6241800000738,69.9410324991801,38.4588051355483,39.4532030479016,56.5664112589836,41.6544216690166,61.8521692514644,38.4373864683656,68.76972316219,51.0776313678012,66.9089383964644,43.6585472173925,43.2536558694547,33.3611265928844,45.704925924327,33.7007485820483,49.3027287155509,44.0162454682632,66.8626357765686,58.0026452702804,58.722643669235,45.9681750308787,41.4877920346975,46.278119864631,56.8242827525936,55.5516459260049,52.5056581923397,60.5303212543339,35.4503900304993,59.6351243070394,42.3985420224305,32.0453695069757,54.7048226202617,55.4436639841592,42.4006630780662,48.2083949366181,64.1585844576579,49.8298343467596,42.5091152501963,41.1564802419934,42.634928453692,66.6463752889019,49.098238163114,62.8403866471803,57.1204704970131,42.9235951665241,31.7240077289289,57.6520542660763,66.7197133379482,49.2885024667876,47.8812351321765,36.3879102167093,44.647920213658,40.4633121592702,66.4874803602158,46.3030751352183,59.5810088372119,33.0274882505593,32.3119404459294,49.377096151773,46.2639826395183,41.7299209446658,58.7869604874578,54.9656463158229,62.0052448712669,38.9681170669571,47.6075687128098,37.6853908240895,50.7229333722635,61.706507131563,58.7105670403594,62.4315392801264,51.4006785998911,53.5310197103573,31.6641832182314,33.6417088319143,74.3230086123459,50.9627522222496,47.0916776067869,50.8332465378774,66.160109299146,52.2266908298302,43.4628465032336,59.6214753388686,43.3510603187125,61.3258134321461,56.4942210956012,37.3672838419213,54.6882902100607,57.954527510991,39.8569212889438,55.4021273987317,49.0923045332221,49.712430846599,46.7119202085988,58.5262491359847,51.5523017065224,58.1202445244344,41.9351658709327,53.5819960426245,59.2189182262822,45.1141743087359,48.1451241380014,48.8411070196105,50.3222492045205,58.6680196407135,46.5586431024015,38.6611004377769,53.0525778395992,61.3486448029567,42.7419304142236,60.7804873592037,54.4048041614546,44.9435952535876,84.9384669257352,58.1515284365123,60.046980522474,54.0308183301608,35.1263726300218,44.7243197088809,52.557918925852,53.4024923267105,52.8881046112556,51.6673389970949,53.8385376894015,52.5974507214414,36.3912993848927,57.6234845503714,48.796556408527,40.6396098775338,59.2244659764475,37.1405922138008,42.9258867984467,65.9120479286688,57.8629331292189,56.8662497402743,46.4788639744837,48.0269744910609,57.9462308139284,60.2287674609965,49.8006481527682,55.6343849422124,37.3026579736116,66.9579620251478,44.0421436136487,45.6677418063048,54.8376609275068,52.2593639460993,83.0330392549288,54.1227798100291,47.5611915219982,52.8965453336255,71.1959502244945,58.8433312795878,54.0839848759761,58.4429424271813,46.2423620867358,33.6092852680964,57.4612674158283,46.5737379110962,61.0839940434883,63.420434763853,73.5473445212093,51.2122342741393,59.6033333263724,53.5923448466653,65.4111980557574,33.6559729125595,54.0768798618459,60.5759368610871,37.7713028105416,57.1496641061995,49.2001467654757,52.5282171497438,53.8027135762419,46.6437834451345,46.9073259754466,54.8636170819788,66.1949788501056,48.7474550952129,58.8184701934644,61.3397669007605,74.3741484577945,50.4033071921719,60.1992609497418,43.4855416680228,45.4911906597341,37.6363405446616,49.6133722824419,47.3868367575758,40.7807350885,57.1998770389459,45.3124656701829,46.5595958044502,41.1856735461186,35.5336532640003,45.9425149264218,56.8394040702959,47.3879835996809,72.0440162113197,59.8686325270014,60.0289317563471,62.2463840888847,56.1826371839321,37.1530922867384,35.0688088236991,64.4433884182154,66.7229240767937,32.9361877619468,61.1601529569469,49.477994955072,33.3233536933064,67.4795568223096,35.4194795421078,56.517470728742,50.7278900832331,52.949860031786,53.5954580896314,41.7179027141199,34.950502519026,54.9716554867993,46.7280739404587,60.332950785659,59.9151312141514,31.484080803084,52.3611214891612,42.641282241399,38.0940849798858,48.8708596958023,49.7009886051281,61.9562791275161,56.1363274898062,44.3154838773709,54.8341839560274,50.1432688461437,41.4949689058271,65.2614635428243,49.1227900151303,40.9961117014591,38.9125113105697,53.301867829744,52.6836390338901,39.298897685297,48.8504916445407,32.0662801911344,59.8631367337275,21.483031732592,51.0660573666794,27.4225555997441,29.7476746338917,42.7985447441168,58.9567344113315,40.3009227704322,36.2606958448378,45.642221187295,41.1183991215381,39.3332047507168,36.7674346829298,28.2970822059,53.5117630922981,25.5772475897631,39.1615805096515,46.3785208613878,27.183132321171,41.5102648398075,49.891053920727,37.7035505980712,41.6298173941226,35.47894833371,28.7689237650808,25.9162454432263,34.4338934188679,37.1900408441522,19.3206840987573,46.7575310914406,29.5023001984193,20.0143363924075,34.5540632306258,15.6851414622532,19.4784871182973,30.8440573956177,18.1801915664235,35.1238578321729,26.5632227722514,16.7407819406092,23.1798837722634,23.3167604033206,19.0915611915756,12.9789738627785,19.8188853741513,23.6804853063907,22.2425751134626,7.65957890105139,21.2907836778168,15.2521138731512,17.1437523343198,12.0950174579348,8.22356054889941,24.1125710416385,9.73513077903402,12.7559815464706,14.2166296119804,5.3919188340201,13.8637812630642,NA,NA,NA,NA,NA,NA
3.78374287201799,6.75516542456453,7.46551132800777,7.17135826630763,12.1509459441741,11.4069608705422,8.0281185839509,10.3712305992894,11.1460311813774,15.8372043416004,20.1695335457668,18.862541389448,27.1766138107201,16.4893910067388,12.5330843761042,12.4650396561373,17.4455888524288,11.6221525510884,23.662386557075,19.3313951048845,28.5271230857669,11.2230453810112,30.302115621155,25.2581734301344,20.8135726658152,46.5021982990104,23.5892632267698,27.0621228974325,53.974474741264,28.5101376359239,29.2026736026939,33.9544818802361,49.7718987080337,31.4675336720337,49.2729398468607,43.6725065024762,27.6435720017662,41.2657715559529,35.761395622448,31.1418972240342,58.8691607096719,55.5225587245904,42.2717155707461,36.6234758352722,40.5487205961755,30.3850205042761,47.1287755786329,64.8214680007688,43.0369328581562,47.7433425192714,34.1547140249743,49.540613781945,37.4618632594123,36.6465169726859,60.2593150828685,49.0727586462396,42.1617669364297,47.1083528938989,46.0583726622619,48.6773737910788,51.5728954699273,46.2305489358838,45.3257711714662,42.7631992349936,60.2742357308991,54.6653209437306,60.0513597252618,67.7509234769082,55.6437203014906,60.9909386555875,34.1210759569186,49.6899109834346,39.5146190209434,32.0418185220341,41.3312978455097,48.5184581143992,67.4070743130568,47.5426812953836,48.7737987387274,43.508885937437,54.695686737212,50.9178539836864,42.0590811991193,54.2481817227238,42.8583206187176,54.7529825049222,48.8609020951413,60.8003957842604,52.3252228031084,36.1587887376356,70.1507272611552,35.6005268481819,49.5338754769703,29.9830187093107,51.1912718166228,56.2539576307261,47.6673344533331,34.7043978505274,69.020354115223,54.4274771281572,38.8932740682237,54.870956574169,50.8772638768525,71.8729919326293,39.4644717124643,58.2638242501553,50.1389312431796,35.2948468434651,63.4999348216318,56.4679343622373,60.6427982200429,59.9389358172456,62.590212394029,49.236378326754,61.6382200680344,53.8438466443617,55.0112434584563,41.1533714452647,61.2272462469801,73.2884377238051,36.6504016041641,58.7979141734348,57.3934913368711,53.6989299166954,54.18688967952,41.8654246780967,60.5699033951795,61.6851016466262,63.4554204995995,54.3004512879876,53.130169006767,46.6809052848359,71.9936499711121,60.0009859080016,44.4084706233691,55.7165558830237,61.9964205205125,54.647527114824,51.7420373293022,66.8243476758201,55.15228255802,77.6568755695741,51.4596197799458,46.6872177647865,64.7910725380001,50.7353369963528,49.1247953212039,35.4192037485785,47.4608525988626,53.4357748529646,60.214966777351,61.0760665046462,43.4859104500306,59.3169587420908,71.9141352435446,48.2784271315886,44.8522066298872,55.8500617904515,54.8186685083974,54.3063763293734,70.8729647920282,57.5843405355535,51.2744843850622,57.0195924202187,57.1728221097625,32.0665302891201,71.1238948934854,42.6526645998788,39.8116683754425,58.1354445210713,70.6579808680436,72.5427409048952,64.0373084354694,59.349785529953,62.6217065067277,82.7478623896478,47.2704466443087,61.6603278373003,58.7702019823913,65.0248707924218,58.268510999962,60.0172031511541,52.9534937809877,67.0209457340171,54.6167963003192,35.3956508250019,54.2038343560168,68.5556119298302,60.8626094895938,70.4066299242886,57.9303085053156,68.2846867902388,62.6834652881726,59.6135812660222,75.3881475946306,58.9088717788326,82.4812427862709,78.1425999424763,65.7343681071187,79.5910758422836,46.0912244451479,58.2888994925071,69.3990835645105,43.3052338749614,50.5690304243164,80.4253462201381,74.951535732862,50.354679839032,73.1913972143531,57.3163376407341,62.3011086159184,73.097004823941,55.2924888798161,60.7673736713795,56.3734017232779,61.2652506316067,69.0319906748353,52.4357917628446,63.5651292610779,56.3478158471326,47.46434268192,69.5405341057866,50.2303076228337,70.2179813522658,40.4822558742323,59.6502552134655,52.809632809712,61.1477589413303,65.7324223826362,77.7228001745074,70.7409912406821,63.3816140457145,62.0967288025898,68.7132716404774,76.2413464687825,45.4590919484457,64.8439477891062,64.872829303171,53.249734481359,54.0358866639979,52.7375139164194,49.219587409358,58.2064710651826,69.7255589142162,60.0043664605856,55.2822450482437,46.0357804442799,62.8456627678708,67.759369702452,42.9541741354896,39.5081916724593,54.7355984255341,64.8120854519895,60.0024753503039,72.7867417946815,66.7232203260992,49.2265358776872,58.7757882505537,35.7340450037697,69.3095628350738,62.6415299475555,49.0783047287988,66.0942262565964,51.3112516439147,61.2777457137214,80.7968826803342,55.9259517233587,59.2789832584643,56.1173741953491,61.4504962250886,75.3796123804811,46.2757631911767,37.4067771064789,54.6975611111559,54.6885096721177,60.9277810131338,68.9669032959382,77.0709240609346,49.5666559282942,67.1353297198607,67.6911405040448,42.4253040251547,43.912160104656,62.4657177139173,48.5721781219187,51.5806347950529,68.2506335984752,51.9256366879616,61.6855847050579,57.8779627008406,67.5532133448872,60.5743742903649,43.0888079366912,43.4153290938011,68.5332954719463,62.7230784855759,49.8074991114935,48.9675907524967,66.3630288631691,65.1277050923675,48.3613032032291,58.3458302087956,62.614601626268,55.4772958825095,50.8563113739293,48.6725342730124,38.2055712360349,68.8821593700135,51.5186112634546,59.0824031832305,45.6856742489856,51.737335755348,44.6350123926089,56.8717787305637,49.9197276239743,19.2182308103831,44.9386611518451,50.5671834765408,49.0836745943115,55.0766802933769,42.5549640072507,52.3122763056338,61.5916383406885,31.7078273328687,42.2228111179097,52.833284911659,38.210505893694,51.9741278358593,53.8101030103414,38.3821374156507,51.4593374986723,44.3484871522613,46.4507740026342,71.3742420495096,44.8509600660954,49.6884408573392,39.9270860154976,27.3831689347838,47.0863417018975,44.8386734419301,51.3573100132523,35.2657447482736,34.612811238019,36.038313424311,35.7841147153233,40.8170430124545,26.5304087163177,44.4484060426342,40.9877751770902,33.3012369251898,48.7089371313999,49.2284243331087,28.410778867422,27.3154601525257,23.4765488721626,28.9909802255101,42.3195727345662,18.5834753025444,27.9036744405977,33.4282335943347,24.261255211271,31.9351233264715,37.1310507678377,35.8163390171085,29.665004335261,42.4743153694209,33.1584693398617,19.2990938934043,19.4333667584163,27.6451791176711,18.8577336204175,17.4766116446515,17.2517855040272,16.6473355957255,15.2426959147538,9.12684715401753,23.6713847022411,15.4139880335435,16.0267686353718,9.83776775935127,11.9871857222551,7.5324055416387,22.6859651794346,6.02003113571388,7.20734045534065,9.82706019894967,3.57480743288199,NA,NA,NA,NA,NA,NA
1.81264328901204,2.47145113899293,6.55185109816611,5.42178959513399,4.90502711938014,5.53803346731711,7.00273183464998,9.7950870342884,9.4425563515778,10.8166608480378,17.1577043975862,9.58542829810405,22.7418996683192,9.97896819575517,9.13242117372522,13.4875462090421,5.46728818809367,11.5756203688586,17.0044638807885,15.0703736576548,17.4715872873965,21.0647634300761,18.3619185222562,22.490525294712,17.9513119749529,36.2547187485668,13.613153597854,13.791772032904,24.6337330283249,18.6362358856657,19.7170338360101,29.1862262907721,43.2864319159588,28.9913555713673,32.0665242659491,27.9779426787967,38.9145066775941,11.5535318529052,28.945859233382,30.4643427398762,33.9438472394336,49.1621928918492,42.668047024558,20.9313885293642,30.5013890363471,21.1901893494718,30.3985677545622,31.2647492503486,32.1303647927945,37.1215618351021,30.7383098089073,22.4407949603148,46.6180799835409,41.2846422139356,48.4547161717123,30.4931536435309,43.1463849041233,41.6645754544267,43.5550970377103,53.9946993674743,33.9406325880046,51.8758133855302,34.010911514738,47.3301881432026,40.5179476263301,34.7993283233785,49.9444311114371,58.4853369995779,53.1429639974361,48.7726699244957,28.8886102142527,43.749415139213,49.8399366667443,43.0358335722072,44.2837125283349,40.623691288044,52.200872808976,59.8931803449454,45.6997049040814,53.728009532248,46.5755257904401,60.1926704073282,46.7057786091716,54.5499444596952,43.1667332208545,29.2458551885125,48.5739196446774,30.2235373016166,41.8358808921318,49.3804319498139,42.2031916780637,37.7988012667934,53.6258377982927,60.7057331682038,54.2255660533761,64.2007299148767,61.4459320692634,43.3926398443997,54.9674153362145,46.6804766951663,60.7371513770386,47.9140352010438,43.8724734521524,71.1323401203438,43.8693678557507,61.7207288868101,48.6828239972377,60.6566491444437,50.4810258846361,50.2570325148353,29.8086945323305,36.6751894422312,51.9795903680603,56.909371492291,22.5711657132789,46.7314288398458,47.1358740412089,80.9140940804716,53.6092121056229,58.3499164456554,59.6131458806192,44.3697407956654,55.1266806066609,22.5016979823038,47.7964213637933,42.5503481409299,65.5089513758778,68.2275498367309,74.7840244176788,80.0590632601692,78.6909708544812,43.7475067667322,55.4653939652245,48.0061962732128,50.6940810381814,55.3357090935265,66.7705001327469,66.8715173882543,67.6025765857315,41.1485353750981,71.361615568994,56.8582232500474,45.7729318379918,53.6055174628699,68.1509621933083,50.719433286866,71.1289871482731,41.9444487192131,50.7491758710331,67.7172331415057,46.0698313231543,53.4585364021796,46.1224910449619,49.4938119142185,60.3634570581099,65.6001500381262,57.5911061233707,54.9273665429419,41.9354910033446,50.9213011938493,46.3985283969344,51.3762415137037,57.93419666225,51.6171491810078,53.2766619359884,29.7069289459961,50.4369503633335,50.5966793910157,41.9169604822825,73.7861214633212,54.5823617793666,55.1242225008505,56.4855686516632,38.9480093199833,59.5068594243121,45.7125533978591,65.4463269537933,53.6724875692594,66.0395830742624,72.2499232357244,54.9829619656511,51.7049367721388,68.4175499426069,55.682006290853,78.5465318057764,71.5262681167172,54.3759300454354,71.7627037513577,36.4226102954103,77.3932587671556,61.6343963673395,48.5120161047342,45.2644521473673,48.7905353154748,89.141200270439,60.4124599888938,65.7143383357968,60.3865659289409,64.3730840264202,67.9532671579034,66.5709216426395,84.277382152078,78.5123400271786,62.5818302046545,47.952978366124,79.3595137884255,57.3625564026982,67.3437664495126,66.101894402733,48.4422208390501,58.3623809859059,57.2566840853591,65.005493118432,56.3133138239529,69.3516140898648,61.1081661601556,61.4951128825472,46.5327965655278,67.4300052693254,53.2234550572018,61.4640390831866,65.6533359448846,45.8898555697671,64.7745835220817,61.8554762040119,62.3832421906647,39.5085031097503,63.7286663017823,52.4512361283384,52.9915363320409,62.9130950646329,49.5042235711601,66.6749783480686,63.5174518154246,42.9313077387237,54.2327571013796,52.2715068940051,61.8695317892165,66.643326031127,52.804944406495,61.2142884299883,48.2193010110412,46.8019986204718,73.6290121976897,62.1491829343336,70.5264722812018,54.6876746303543,56.5670209380401,85.5157819121695,64.1076410409983,61.2741176160345,46.8602921013776,64.3410938026285,66.932623779471,49.6880267504988,60.5945069344457,77.627326818701,62.1818871112074,67.2240014414714,62.5046968198739,60.1879519380417,59.1222717561457,86.7551578912356,54.4795345910724,57.3415482403385,68.8364097942725,76.150929722929,90.4820445176748,60.4770140670532,57.1402801990108,49.7893011723847,65.3799879273702,76.8075032925192,72.4002441845082,57.7374673260893,61.5320297494329,62.4375182766506,62.2523713301153,68.498482323559,62.8728812970153,77.9635493801189,75.7677818606904,31.7853796393333,64.9344076625586,57.6513609860945,64.7512725811194,46.4305618297352,55.2284809884767,54.3224945503382,59.0370511329472,65.8282942140739,48.1871137523247,52.892488833854,66.9607873223856,56.2799146436731,67.7330481948992,56.5871239995065,46.9653751388304,58.3770157203373,57.343241991495,48.4412023238492,60.5132831247567,50.9982263268896,47.9869681991228,57.0624385051245,50.4369201623335,45.1116313964665,46.0183763640319,59.5618337108426,33.5499423000477,51.6064446887632,38.9096246070973,42.6317233863098,65.5543461107327,58.531382556612,54.7946925159752,60.628236935342,45.926534351114,47.371624370954,44.4764204914692,48.5288720937377,42.7553451891221,34.0291856677968,56.7508153192902,34.9830416027487,76.650574714048,49.2617427737214,53.7818843841518,51.5377440359234,51.158098194298,46.6720646884364,30.8739695409345,43.9779150163005,42.6184273071106,53.7966582408076,50.4623088346822,30.8865836427342,42.1234392596409,45.519306876784,34.9918249540771,53.4548725855308,35.4898786009901,37.4332576353557,46.9359118703567,48.1487128933694,44.0959034450885,53.6212740524347,32.5620167351222,25.4818822824277,27.928428944736,37.7354072546016,27.0709102524673,32.2743143819429,32.5775756614698,45.0101732594102,29.7255316081428,30.3726091734157,25.6549960656196,22.3249076323654,42.8922961263044,27.358261343468,25.3068773216268,39.1326127887969,18.8223694617973,18.4098618926395,23.2371027660507,20.6145294949777,10.8027257281837,15.174186960765,39.3277732155624,13.526077325396,13.7728963518938,28.7215308349676,19.8352440171672,37.1062994650701,21.2396730463223,24.2648065979544,22.5669484747511,11.2765367553621,10.0625421762126,12.6449508742227,7.4476074888913,34.5522334217589,9.21655777824273,6.73912898438319,10.5552976783507,13.3067392982266,NA,NA,NA,NA,NA,NA
8.43711588606905,8.31182539829533,10.230953176876,5.84797574973022,10.5931506490302,12.8022433188909,9.15386509188825,11.8823017339774,10.0443885712245,18.0297894586232,14.7470455258148,11.5909868960771,22.5419582895915,10.7485265701262,9.42187871120958,16.7841647187471,5.08644128262594,24.2878393835841,31.4723720028041,15.1684178053633,21.0647075383104,21.6592936242118,20.7428655720982,22.4883144069794,38.0358546950564,16.1129896612625,37.7283561279005,26.2264733124006,43.4298168016031,58.3963234219124,16.3912673914036,30.8212845638653,46.1565247983181,33.7512146721032,37.2088270130756,27.1789899123056,31.3062532259662,43.6933805919196,29.2293640845599,40.231909040461,39.4796001861415,49.9564527052948,53.0270050888223,26.9443786913244,38.3734356086814,22.2629627857203,46.9029855567504,44.2767074152852,38.7754943536681,53.63777439486,44.7392233345118,43.8436481565039,73.2193441893046,53.1160762643645,55.9088003729128,54.4412293344828,51.7519781557449,60.5355416909255,59.6255465602011,35.0508024339804,50.5523409216596,56.0537315422684,27.937520900292,47.6497058619285,44.659876504158,42.280225752248,52.273934874929,55.2672058782648,55.443933688339,59.0508373575015,45.9608598894524,44.8345486419567,43.6574125062459,42.4776385104868,39.7776393262393,40.8694850581338,42.0137008158573,58.2687548995428,54.7328094422062,37.3995142303701,44.3279063970816,50.0335359062698,60.4388663221732,49.0782523998892,35.4837178678148,58.314606288251,43.5420452607172,50.3183913090429,46.1109128959999,28.1973520004642,49.8354360009723,49.1693313209372,55.9160126618209,36.7743860386802,46.7718859564103,62.6626100483884,58.8278415755305,42.8515222053631,48.6220448632757,73.3350574173085,49.7084639884155,65.3038168620355,67.4188231230978,36.6899922247222,42.2810447456958,46.8443152036003,52.1810672159559,59.175061837877,54.696591125978,59.3486321774092,45.1247764674082,62.8576381033118,37.0782992706086,48.381029150189,41.24892734803,70.3472053111382,58.9984120651733,48.491176655306,71.4167035904918,42.4068430829727,53.9521635658017,52.0539065487706,62.4837101055614,51.4672032697753,72.4789704598019,20.5095765084645,83.9959302613454,54.0619544738428,64.6391428700594,68.6721993998926,57.5507515276668,39.4425315966132,55.2672879985884,65.0492279259441,51.9462589650647,71.3182032466146,78.130504599672,49.5943657910208,41.722638340765,53.025608368856,37.8384551848575,45.289496530228,57.8921231217067,55.9437605709159,51.4305585531089,64.9701258865098,33.9556174029341,55.1081832431618,54.4689791820964,52.7410799919536,53.9627469788434,47.205529983879,68.9030347695836,62.8072043555815,57.1256818800394,45.2923877102916,60.8540085479472,53.9594149787595,55.3554171516011,54.8553038783056,55.9338841629999,86.6436275533147,33.3760305427558,64.4448493331538,30.7515522538194,39.6892392915724,58.2192283092334,51.2888003534123,50.3517689636177,67.4426651813197,47.3830514479426,75.5093237654849,51.5922113296317,40.1159113395528,73.4365264724412,55.9394292835657,46.0149271840185,19.4587104294504,65.3337441230981,52.3876551448956,59.2114189759812,83.9978987616676,69.1337649588715,48.7817486787932,41.4489944256941,77.1880754686763,58.7534022432897,32.1964222885689,49.4139147414863,57.8108489954975,46.9246355952546,46.683958087032,49.7566975988805,44.1164116784969,73.1200667579664,73.3348078521982,67.1141725799213,51.604046515096,59.449759970332,61.652194341528,45.7610383362027,75.4977550484339,59.8279109021637,65.5407664705413,69.3248453561633,66.4391798276475,42.7845883181212,47.7531806883225,47.1494168802017,61.0829662106318,36.831254362318,45.2492536787906,66.6083496729607,64.8332209582072,29.7158124565432,69.3018053682223,42.0794661898958,74.6022454213355,71.4276274750795,67.544966827019,58.452159943927,79.3714488872548,47.898149078179,36.8899357395727,57.9042244408986,61.9881749405378,79.6297212249836,51.2134484801575,61.437812829436,56.9623190690276,61.6248450950329,44.7830886691008,58.3488620609147,68.4772650547563,50.1923415806293,63.4485846443004,54.7712293876175,57.7246927373044,75.87383041838,65.940595869916,66.2727408167361,58.832571985435,67.3707090690333,68.4194792743505,47.538522399633,70.0520513103915,55.164430496751,62.497195498246,82.3173585260445,54.8364698409967,48.6486263658232,66.4023489344072,64.00514918308,68.3142306682242,76.4944688441428,40.3089920008753,52.3571471970835,56.5053590242614,63.8895867225701,55.8883768649792,50.6646028479102,64.0681572801017,63.1002275362013,53.2828869001157,59.3744422853734,51.4137184134064,51.1005185006006,63.330128787596,43.9880304507502,52.0699120910249,42.3510844523048,64.6055899779467,56.4750907108615,29.4288844256475,43.1546213163491,46.3544885862155,44.0582282789429,58.7739785947489,63.5403256977947,59.2466289269588,50.9861300566756,50.5703268153259,52.0229507994339,59.7886341186732,62.2258207795415,42.5348814042095,46.812890555154,40.5958043940291,51.8557088797042,53.3509461997367,46.5574453411024,48.00774137632,57.7219977040947,59.5439568257919,44.918503164249,48.3966226534558,47.8582999207341,64.4525386220649,40.3554513659594,54.8646547658066,35.9425225338358,45.0089671401482,31.0945307750669,57.5202277419526,46.7556187095133,42.5630819334139,50.9477450224215,44.3103497083379,43.6879152188502,61.7213234421029,58.742709212803,59.6765061464804,32.180186671411,47.7911825209293,51.0337146022462,40.9373975594535,52.9121773142496,45.7715986887339,46.3503954357001,32.9913459116931,40.0917117680846,35.3157681051443,43.321978153604,33.4230560705839,35.2698715446014,53.6985452402681,35.5163988924122,38.4312664539902,40.6417161423403,32.227712547248,47.4217725347711,39.4384675877948,39.9381508083403,31.0415051586367,51.2553375894414,37.5950109048384,44.9741481292568,26.9328618498798,29.0318487537754,21.2285564040639,40.3981437302479,32.7818027570717,20.7085257919655,21.250592506791,40.9244903290085,45.7637933984663,43.7977957916026,19.0306472616703,31.9282568587397,44.4277951521127,28.5985985682286,16.7480020430084,28.2288146599101,21.0859696169945,40.7172530374184,16.9823138154417,16.7518791444773,15.4135149941536,21.8428677680715,28.4490854708163,16.7056426643189,18.0957341658523,33.2839400840643,24.0324202970571,17.1461319440328,24.3059688738906,13.3797738599962,15.8493653036453,14.172459185075,17.4477936724864,15.9805966207584,6.92460114344273,26.7791494075011,27.6102146670473,13.3478843716781,7.03499991922003,9.64201722555933,13.1862095569011,9.60978026145497,9.65828687704719,13.4680688694059,20.3765378882319,8.64365727229063,7.20716007395395,4.13234257946485,13.4933723951341,8.10047309994363,NA,NA,NA,NA,NA,NA
2.10420406806123,5.14072188001145,5.13488635571821,6.30808222839998,5.71841374290095,4.20291542721615,10.0712012012123,11.3558623706548,10.8428069476877,9.4144697574491,24.7339077958847,7.46150160379753,22.4178337777532,15.2540197304206,26.9664319583867,13.6567872339657,13.5454902457546,19.1457751122971,31.5698896156859,22.3978340911031,18.1812706908309,12.0913399807223,17.5605624387934,23.4378620868038,32.7739900309425,20.6238619831292,27.0761193223407,15.3714702252091,31.0801530241136,21.7507319795689,23.3005705557727,43.1335562123855,27.340783968582,33.6054658319832,22.6725603819659,27.1024508158194,32.4880203976987,28.132720687933,22.2098321792241,30.4159488838259,36.4254436631681,39.9928845390046,28.1682547431636,37.7936440546858,31.4032242000943,23.5083959073965,29.2690342103634,48.234804274876,29.3781467373163,44.3763998044533,41.1796024869775,34.2307779171703,39.2303741559091,45.1580553893904,39.0427249309549,51.7211752847723,36.8249198953147,54.758810810791,38.8933761521068,44.369402352421,42.3921901171434,52.5051064633735,50.95584063194,42.209260785919,50.3091153592761,46.0966037034036,41.4035679761988,55.3616107581674,52.9466835805142,39.719700346764,35.0961462443016,47.0534831364164,25.5152553582545,21.6543225577267,53.5883542063341,65.2869819013555,42.5621321089606,36.9474399073637,50.5022772114143,37.4371245351349,39.7330186751324,65.3028282629178,46.5868016674766,37.3327359112117,55.8559094177626,38.0655614491704,47.2149721716283,43.879642385319,49.2163732765464,55.7009856560288,64.7416047137797,49.548665722976,50.6970491094339,48.5276477268772,56.3241132067317,52.3731979314402,52.9465506350665,53.4157110236677,45.139158021077,54.6657362998345,41.0550485962759,40.9167722778716,38.8364642691028,46.7470639358773,41.4049313039501,54.9970978314,51.505008670942,32.9901286952499,53.9424187683702,66.7847760104265,62.5100164325539,51.7636991743294,47.4791039599547,45.1167850735264,29.5130406367155,60.0848937906371,39.3286103961364,56.9375674632952,51.8277633430797,39.3874429543201,39.9869123454538,47.2489755812259,40.4553750517676,48.0325097236406,61.9266631529106,55.7530394556337,51.5436991902296,54.4384255950688,61.0030697711707,52.5316774298586,64.9792372070024,57.0735199389802,61.799850625601,59.4798415126338,56.2530725715838,49.9017912047997,48.8582027437371,50.6011065776925,47.0862310837411,43.0467080807674,51.0303266101595,36.8971655732961,57.1186151879239,59.0687417222029,42.9774898172595,62.4575580417261,47.9273968678536,60.6580567536349,51.6968333032821,37.5568612382982,36.2013828890321,45.3417048956438,48.0263659853008,56.9003284669659,37.7017919095087,42.5397324771582,61.712487967866,52.5706297757563,41.5041298186965,61.2374966133337,62.4667692427397,52.6589273856795,50.8466890117051,62.7771795520669,53.5314730095239,54.5958550399475,67.233718190577,38.6802095484459,38.006257096102,56.2900529968347,54.9715754640603,43.3857925091962,42.9627421126862,74.9491039117044,28.0033202098466,53.9726013540563,65.6527937348741,36.711824224304,54.1849418415397,41.5094231980461,43.6397081311868,76.9191459098011,35.5558000121817,49.7179845000259,63.6375398669715,52.6495363505968,56.7617697038563,54.3237143803731,63.4012336341275,67.7884498916657,64.259786514244,56.7877836996198,63.9529952807643,68.7547777507147,72.7950564849974,52.5061978032775,60.4290348359209,37.2480508552,56.4076559716948,50.1385287085188,54.7029099756768,59.1736324416972,51.7280502681927,65.5589301990095,44.1228265912026,56.2338752754854,70.5064006252226,58.5995487391302,73.8430958994764,50.7003366026751,69.8582621161886,51.0764973331676,61.1827604393868,40.9232667060242,42.0355603661262,60.8935447348962,62.8395852528027,57.7563741350564,53.5970267258431,46.378443041552,68.6013538508798,59.1278481512697,54.2195358044191,56.1322751523628,35.2700010731115,74.2539703462733,48.3360608016687,66.1576842101948,79.8175179809221,64.1323503194925,59.9021808026738,60.9761355104845,59.0286181833209,68.4899870650197,71.9991849201138,73.7611600035751,71.5158673002516,42.8741661815335,52.5426234403908,50.2492963352222,62.0337794106432,68.5583003658389,67.3630306948025,40.8087294631236,52.3403696466265,67.4917504273297,61.351358513503,51.1937982377427,62.7418688319922,58.8440926727116,71.4219413958247,38.6032413241197,49.2961371321706,51.6505006820967,49.8911230727976,69.1697608449556,44.3429448733063,62.2703669190206,54.3848593769681,71.3986764283426,64.2723885403588,55.9599375797164,66.5764655934864,48.5048025684767,51.8802958018496,59.1104154652988,73.0613231998608,52.4177163344659,57.3167963184994,33.9473224106253,51.8516125744497,61.8202043153622,55.9530891141435,51.9199841912707,51.0487933979063,64.110301343334,59.3586597702461,44.7698975611964,50.1231799714407,51.6779123517136,68.1870195259505,43.143560097109,48.8185258940454,51.7404226424439,50.3528920842215,51.0045326351569,51.0471536481998,45.34678303166,53.102453268304,48.4026118893984,49.9894038848763,67.5596700169948,51.1403371011469,59.5094545096808,40.2221725208913,55.7425614567501,35.7004066259026,51.4174752841191,45.9937722979842,37.4200041413093,69.237611805085,47.5612281790962,55.3252644973883,57.678919188007,46.381989790036,54.6167873114737,43.6138172931356,49.6891945107698,34.8833947329429,34.1299814196859,51.7532216580612,34.6430552884426,53.938329053184,37.9819543864302,46.7820264399863,56.6916294542915,46.806539508004,64.887628445834,37.6539289424232,61.3989898311523,28.8324905862203,62.2931118522172,41.8792965100934,45.112258879793,34.4164708482647,42.2199536004508,25.4525671645427,32.8677590848599,35.6967612356105,39.8880269427014,43.1946179052565,22.7155373594048,39.6008449513987,52.1472974682138,32.730130223102,39.7558161986928,46.8299868105029,35.5486480706456,32.6126057865475,31.6373234507458,26.6869233395879,22.1596871409128,35.8474878174197,28.4415050407503,45.1737078792744,25.882664255513,34.4995775542333,34.5549955424061,21.1116171159092,25.2019513419868,27.5186910876622,29.547723537903,29.299835322024,26.168920289161,44.8576239725334,34.1696912358379,31.1129987312093,24.5774956970344,27.4359802636272,26.7202605284728,31.0564970977756,31.2976727405109,14.9160232512528,18.5274457965295,24.9526798971944,23.7164277107134,25.1788975335137,16.7136788777507,29.8625908370181,20.8058732882601,13.9334681413602,25.0089332669854,18.2420477344419,10.0851109708964,22.9207996744974,21.9142124788552,28.0593483720452,12.7143435186797,13.5730818443227,11.9862804435013,7.00350443609269,11.7163054335621,17.6859918333253,6.31056816206227,5.72827912559173,12.5216408367559,4.75470104040956,NA,NA,NA,NA,NA,NA
6.49021159158448,14.1453110661903,13.010810384429,8.6933153470173,10.3085315659197,11.2052239326513,15.2258959687237,15.6176974931195,12.6561132231888,9.35950482816676,22.7737191669117,20.9782400244598,38.1888813004185,31.2507115607564,20.5187661008685,20.1166394212144,15.4458062828739,21.0681912581707,23.0745599679203,23.7772486465054,32.091310586469,36.7494451175115,26.6101973483001,28.8659580844577,21.4718799879578,26.5317084493662,19.371285486919,30.4827378068721,55.9752031065046,24.3088391955104,33.1786238520327,41.1275578462966,44.8575103782581,34.6011528657985,46.4249450137814,32.4869041847986,49.2631319253944,43.9200366064562,44.910521657001,44.3790385341046,46.1510840705735,35.3928874278044,37.4116679609475,33.0009152760888,55.525574721695,33.3049023953661,61.3401575528976,66.8581037631931,57.3268136291529,51.2909675925005,39.7163418812209,27.2274411551212,49.4553818993402,36.805849608574,29.035323883784,70.0698168494618,45.6539381238602,53.152939176825,53.7040368734504,58.5404825219132,57.6529211891837,49.6630835689964,51.3388953959831,49.8087297393157,53.59205950298,54.4298279290942,52.5501004948515,62.3578497014111,57.8709099840794,55.1900012850952,63.5830874979234,39.208772973136,59.7429612445779,47.0403587142803,34.2800299665349,60.7544497477174,60.0733042859948,55.0348543753451,41.6297921311287,53.3809916144145,56.7843387049597,69.5466414388561,48.0216423235872,54.8398803774798,59.9178677520764,56.9770594624179,38.6137473750976,38.011898385497,69.3898429940117,29.0505870728131,61.2449336357083,59.2878466732635,55.4112797415126,64.7800244810802,61.0111679823582,64.5857277317687,52.7190900755097,42.8198283896116,46.5829093192633,65.0918543419351,61.4538887312781,45.2617750831954,48.619474103976,61.1961764789169,58.1072309443559,44.0183926405521,51.2126351532249,51.2771913459037,67.2767148158008,67.7733712916057,42.6811147101053,47.2740487628816,40.8588803123377,56.3428702848581,49.4493469428368,45.8229345036879,48.2322567902904,59.3247625351733,59.1362219072775,51.7469768309077,47.6778412393295,73.5188527953416,43.3373029604097,66.4300844098936,53.3931161275197,56.4916632618866,48.2202066127367,63.0689579362053,74.6337111868593,57.3665136443974,64.2937214386543,38.5471031416213,81.7715206800116,66.4241615854197,52.9051398224881,47.9735626825937,65.9925415251238,58.2755874101605,57.0539396283291,69.9884095326958,64.0006793260125,67.2868788055129,67.0710193081489,69.3835535504561,47.2330092381847,61.5499019761476,67.6890220188726,59.835703877398,66.8815764410015,41.368536332611,60.4937740265761,53.8457524663866,73.1899119927158,77.937280396652,56.1849924534909,63.9349892306253,67.7465287343079,63.3358537516283,40.2808841263838,70.4347867470976,66.2911390014681,79.8947213761308,53.7497256928072,56.7427014995049,81.0292769528778,72.571566382997,77.5569296153292,80.8498463138802,61.6476708626204,88.8599984284441,69.205566432821,73.5579045882703,76.1900204434437,66.0570122710348,67.7125846298919,70.554000988873,87.572949947324,55.6301065309681,78.0164120452004,87.5900207820918,55.0948872383623,66.8154318260521,47.8114949531899,72.1173782926597,84.3865388192985,62.5017403024507,64.4300518672889,62.5119491314578,86.5973653282885,59.5120170735246,59.2016472725586,54.2833328403808,69.6088378057735,62.1675326830761,76.835485453138,68.6916197035163,70.8575961785812,68.0512138938572,42.0363962516839,65.8555035634896,64.128904934827,59.4406363330195,70.3295004999713,82.044873068481,60.9427590708529,54.6071273102617,73.0392158493388,66.8373329171288,82.7914893307272,77.8258526125901,91.1990111885615,68.1256492088281,87.5007821988552,82.1226535495934,71.5012188614808,81.3134103267248,81.2568800776579,70.2221539184183,73.1602626277992,63.428343157478,40.1013029592609,84.0181560535135,64.637724555481,54.825892825632,61.5699286683217,65.718230355487,68.9490777735938,67.3152363063115,60.5770897738204,53.8245546939738,73.7073192401548,83.5181567576351,54.7046618228111,60.0901748679449,75.6921580584544,81.7436671505993,67.935348962251,48.9856547824811,60.7338859048823,56.2703663339019,82.9632861313512,64.6724577601632,77.6245001709214,63.3299501818746,51.2615135280718,66.357292219269,67.3304418546333,53.7075758928981,87.2442434169746,55.0615815750239,77.1720981377672,45.2537655300219,57.5795104309325,55.0202684336951,66.8900115421797,56.6502584789713,69.0252683484199,59.4247887039845,56.7997689865731,69.3454256357865,50.3615591800792,46.7507814030865,73.3567507365543,60.0131715306471,49.5867110699911,43.3747495689311,51.5114250885559,39.4932737952772,68.2279773472387,57.2272912946189,43.7884488173804,76.1099805624197,50.8361528936802,76.0172668988377,58.4314338072069,50.4785520694244,55.023009397748,57.2869089699275,57.7041972988693,56.7794863346928,84.9130198404007,68.4398597017244,55.8471985684938,48.2873660248494,70.7087107537032,60.4976398562359,80.4432494720375,48.577434349769,64.9816302868216,40.5596221616392,58.3653729259614,45.6717815083729,60.5245884101613,62.0648772607188,52.8412995505911,52.3632771023427,58.6308144089499,59.3421109499487,47.5536747752057,53.8286759379077,48.0506324641294,32.7636309917998,53.7635004891359,46.5556067671335,77.218234402728,38.3677666209035,65.2608542428495,37.1686699008769,52.4374934610678,43.7505504531857,56.9116254736985,28.6899365242036,51.916572101303,33.7581687263064,43.6668839258016,53.6510684512906,48.9682896804057,33.9953051544698,56.2621884433486,52.60432489078,48.3955372730308,54.4133419106555,60.4678386765983,47.7192807908516,35.4094560445758,64.2249069574697,53.7565361811987,49.180541067989,37.1532014981681,42.5144954826627,45.0759620103529,46.1941174391342,49.1308695667071,43.5302514369443,56.3417919139451,52.3079868669053,38.580407040411,23.6480195915417,36.5075800164526,52.2020736875418,56.9283640899897,41.3843188079397,45.3480454884826,23.810939038378,46.5310233538388,42.9845672395237,44.3669923990751,49.5849287945292,42.2345647912904,41.6308197799252,45.666555866733,40.4399629566357,34.3553098159406,39.5754516045422,51.3892558790992,49.793219707039,35.388137522607,28.0910795091161,26.1220092272063,37.5365894163449,22.9266401431252,32.8286572063065,47.9123462426037,30.3435275448494,36.5409391701616,41.5669302549995,22.6304875376422,18.338813636819,24.7318894001176,34.2433555127114,9.77738980483636,26.5217649863502,14.661381465444,17.1585661086192,17.7232516308402,13.6146746502103,12.6197867509354,21.7843191669694,19.3198087085356,7.76532483825029,11.5280490109211,21.0144631443853,32.1377767311225,6.40903274446985,8.11913160697597,23.0832560610372,24.3880805142749,NA,NA,NA,NA,NA,NA
1.76996289142555,3.17174294807472,4.85017936531772,6.16113369003293,2.18608036441912,6.03228914544674,7.94673790213268,7.89830528199665,11.9126727096715,8.42627610885463,12.5024117007218,8.40767947279773,16.0490428913551,16.9116676988346,12.6663052522295,18.848670496286,16.4629156123444,17.8878549611729,17.2089429968202,21.9205039117341,17.7953157578604,20.9552156872093,30.0808506782327,24.6313591168633,19.5149167337335,14.8919343766326,16.8006799895624,12.1521746811324,12.6018221733873,33.2123170717922,30.7699717095118,38.3353287514518,41.2798989628953,33.2873210825673,29.2838829666257,25.3947407219332,30.3808051867616,44.7975748716495,28.6002718547485,21.6362700669933,42.7899438305617,29.8658242312685,38.9203362186524,42.0730000942164,42.2796942840602,38.7058637169917,38.0399608566762,28.9274878990961,29.0826553737882,46.6522672672468,52.188826448766,36.9184068368671,56.4176594902402,42.5098279317552,38.7603407711646,39.5164991798175,48.0300544667642,62.9286120715553,50.4086688791017,53.9761746664161,50.381733358656,54.2203335934185,44.3687112641596,49.4978759426898,41.0665312637057,25.4117162757852,37.9785648190447,39.4207867214237,40.2287184013734,38.7540386649913,48.4772301370288,50.7671912563778,52.0957577647056,44.8124504460685,51.0707637366788,41.1157749463255,47.5503115288669,48.3028558850714,35.5087854955585,64.0657631257129,42.1661705629405,51.2346096707305,30.9140825767383,43.229198615681,49.249279344202,31.6335914339991,47.9538794790436,62.4698111528659,28.9801035494763,40.462851159111,38.1678406305111,44.7633699342904,44.5248637391405,40.460661939331,43.016693188163,55.0945308607052,47.9196111754722,37.2544888798342,48.2313982838987,37.1777975833267,51.3587725034298,48.3606640677117,58.369607454785,52.776712013684,56.3541210152101,37.6674500773863,55.7279279932963,65.9387687175254,54.8030353728163,46.8038341426012,43.3162593157078,46.9161339760449,53.4866097098556,51.4507702020126,26.4809377829763,54.5880722143985,61.1265086104577,47.1620142249473,58.8805885716704,44.7513404869625,46.7905997690802,46.1471752051669,61.4231119582092,50.6783031938684,57.8298578266788,53.9411729777989,58.3459915475642,52.1484664201466,64.3005250298807,47.3881715808871,48.8310483622674,55.3602698959879,64.9304010969804,32.3253704411096,64.1647094189053,63.3464150990974,31.8620885878638,49.2765545801438,45.394806978494,47.8450824276716,63.5492434518576,81.2555369192378,62.346216557602,74.5960262890527,73.5601393588244,71.4426664721388,47.5976730603596,54.7839507196047,55.461375775199,64.6462463362778,41.4124057352533,39.3765661547462,47.9880537326475,49.672062500645,41.6184019637946,37.9603009735984,76.0844063288913,37.967180000232,60.2023999988163,68.5174477962345,61.2398739809679,50.994388156229,44.6260027329789,50.4901773319017,77.8693413933195,33.3858100211631,60.8704210842446,66.286162231422,46.6525932588139,60.6593030495329,68.4702440170891,64.9086991923657,59.3429014870544,57.3487463897769,65.3025309191935,69.0996297550526,57.8070319910753,44.4059942097539,61.3313231504831,68.8319935139452,46.7986339790292,60.7065830375412,37.0376821740142,62.0761585360068,85.4721088696737,54.1188047242296,59.7479327073637,72.9596343763891,73.9314541004666,75.6392605923966,69.5279001147239,63.9405202972874,53.6832332286448,44.305788693829,68.0123657137964,73.1942698349951,74.254439068963,60.8284370083572,44.9987134083809,79.0133268525771,48.9183427825529,69.5805467625173,59.8345196335495,57.1207862651012,48.963544991008,55.8628327594155,61.1381888413645,42.2654159089863,80.8119283606551,73.816452424731,54.2454076865127,68.3069586312065,40.176018178581,57.6573379030959,46.2619605443474,68.3440112631851,54.4890480721375,55.3243551701941,78.9219911165007,55.9358124472822,69.3801194184041,70.890219556964,69.8300006360627,53.9935021100894,51.4548203600717,65.5305789764146,78.1563134493649,25.6939000873672,36.7049345330914,55.2555671674305,55.6886352029275,48.2845828132114,77.6378950618771,51.4296705956955,50.2147439083379,61.5741589368533,45.780663247072,43.2310120635272,57.3722160564679,70.7995733394283,55.4853575882921,49.1215722216852,22.902674104059,44.8556676344116,71.4229917069216,64.8264727033261,54.4846559448579,34.0674001365408,69.7107704297575,58.0034024743083,68.4455665190395,53.0894382566575,55.3229255919713,49.0757252189467,70.2827772165514,64.0476186477178,29.2781426258435,43.9317418620001,66.6977105555221,52.1980518746112,58.106039883459,57.6946678062208,55.1381295345276,49.7538139218784,76.7323583380977,54.8203867858613,41.8245184211925,54.0288181935485,67.1261092049631,58.2697960093379,48.8608575804072,71.5033254854232,57.8449531061309,40.4594568196398,46.5856790289509,51.948749257863,55.1411757376006,54.754628394384,52.1837078132111,41.2672576336516,30.6991020735892,43.795125978293,44.643274559741,58.2456456645422,38.0390725755204,56.9615811030138,27.3976213101492,64.1416788720435,47.8488145500564,54.6820798219159,54.4766675687413,39.7656249817053,48.340458805366,40.0429584362629,56.6318447991614,37.1733435682762,38.1545156448034,59.5368411953852,42.6769328603857,39.3066218990401,49.6798479892406,38.4508595949568,31.45785552553,30.1321019988706,54.9807516549613,53.4259377839803,51.0269759562403,53.1671096316854,42.9593728820512,40.9618439356103,60.7887577401718,39.5990329167102,48.2528365789942,43.7687040647031,42.2154402626849,46.0753764044035,38.812085898247,34.8597008128741,36.6206639226417,34.5589611284346,52.2272854371485,40.616418169666,52.0768416734117,57.9798404520386,44.7224017920833,49.6469434261016,31.4818140524452,38.7542663235832,39.8347853729686,44.3992259657547,59.2719727196155,43.844943180298,40.1344704288937,58.5456254579176,30.6520623809298,44.7866153749451,49.7616710533854,55.1029690622744,48.0591630831085,32.9972132408542,32.3324741586175,34.879107409559,28.794628033457,27.3365291306617,40.1904506204413,38.7673610231621,36.6421330053528,21.8513053440229,31.4691209572247,24.1106613045535,20.6275478077366,25.4693664489808,29.1825995402603,19.5655849805259,28.4067600623059,31.6672994672633,21.9908159456895,29.3701114315096,26.2638712139743,19.0777651307307,11.9948068064398,24.6018756911033,33.2209518505762,24.4688916854217,15.570566402133,20.4206045679679,24.7417232880031,19.8071596229946,19.592203350711,18.1223909113491,17.8886388225626,4.40707158885737,11.8222671007927,23.5099089089872,18.6496865453713,9.37056444251873,13.2343819206124,8.81574925658472,15.2345480761173,20.5774559889763,16.1358687364544,13.8913922204606,9.49916101430806,7.09564678832742,10.1165699155914,11.5556214524813,6.97941699270105,NA,NA,NA,NA,NA,NA
3.04732842054328,4.06604456755274,9.12710683675107,3.72640510145678,5.5239288041333,4.31555521691796,4.26194325379947,7.48849254181205,10.0120157087583,8.27521179333648,18.5013710846438,7.01962996105052,18.7895530799934,19.2380830341263,9.02078191192622,14.2783324525781,14.8901936489677,10.834688976306,28.9047589347166,17.9259459031164,16.5194254293871,14.2752083218289,26.209928600275,31.7879381165065,24.6623618128502,9.41566375438924,21.3158342485435,23.0080117507573,22.0117774153333,15.3717695023707,26.848828758016,18.8092381007105,26.7024659647809,10.2810626529273,20.1911425109674,28.1001214414094,30.0181860864111,34.3623398202912,34.1500288496223,28.6007855752229,26.6038856876216,26.3528296086231,34.1081927143623,22.1767002680832,25.1176534151887,38.790333795586,25.5318467514732,43.6497837548923,34.0329014078136,19.7604368431399,18.17413258948,23.2269561692676,32.7123158943064,29.0774848032685,42.8839159414731,34.4881534071373,53.3870571719663,39.7296672631135,41.8594538900265,15.3704344309199,44.683334102368,47.3490602553554,29.5602169345488,40.221187321123,41.4500922858498,41.3247113126054,28.9136196235232,39.5962113198356,41.6229489675311,44.8078583988226,46.8015747432541,33.7588069951118,48.8202175305478,44.8501785354848,37.5089172008599,44.0864598570427,59.8791446712912,33.9024771543801,35.6800654845371,38.6447892170402,42.0806196130438,42.7134238917018,39.6581056034564,29.8196041363943,40.7748673396319,30.6821031635217,38.5483760521032,33.1249657690137,27.6006810560541,41.7887647409657,49.0263994717532,54.6494272764318,43.6522161420807,51.6407040437729,31.5784786388579,51.5482293601915,43.3611833254387,48.9313988671263,46.9475923995719,40.0168416282005,32.8850588618896,36.3684740597052,48.2378600313575,43.7058937213766,47.2396625328542,41.9374135502975,39.6057844330914,39.4115300578439,57.9017037749685,40.8613536581063,25.0278543171335,48.0090056864388,47.6364053925405,33.9004720101348,47.7759091952776,47.5106881512977,36.3514992321113,54.4004505086026,36.7822854751529,75.0733128906421,59.2055498340483,40.7418034905982,54.1314282290882,35.0707620563844,72.88855691935,62.0976715935014,57.1273706916398,54.6998246263255,37.9891732535897,39.7882329444605,63.0967984924033,63.4569788495355,59.0752576358063,62.6622312207462,55.272145989114,57.7248242829658,56.1174330168165,66.9255870155181,42.5095825740377,50.9384938552988,43.2057276635016,49.0308864586711,47.1796869605063,43.5715717964799,43.6648157986748,42.171112181262,41.2437801250808,61.6113473685112,66.1578799575343,57.5376281086745,53.8820048173738,66.8754893260273,56.7267994638329,44.2791126422344,55.9993469337417,63.6616243261424,54.0319593227648,58.1906139866619,42.1951770885762,46.0489935656961,56.5723843824067,38.1121893694973,30.7835826579234,47.1747650254059,42.1136151386043,37.578827461666,49.1371282225123,64.7806826936448,50.588074522817,45.0313329355019,34.0169424516487,54.447952158983,59.1288216421354,64.5746339628423,56.3018968623798,55.0674862429234,62.733286414423,50.2939215434936,41.1947951528951,35.3822274347888,46.2696819260358,36.764181969799,46.2438809987073,66.6592464972312,51.1503203740614,49.8532469503294,24.8072017976557,67.9880401057252,51.5467676106526,56.521304776946,73.6179442516626,58.3482375861194,49.7169039723493,45.3399617320931,60.716981660024,30.0133177979719,48.9074331873352,35.4851557039201,50.1504558938697,63.0360410966943,62.3920607544062,75.3261032321016,31.0539242620783,38.6366034784217,26.5002754713272,58.8698828343221,57.0084409398733,40.980596927328,57.8044848690731,57.0849922382959,61.1893751283621,55.6220102409793,56.7740844152491,51.7018724382945,52.1729359283576,63.8505017725654,49.8191054051924,42.6117335043594,60.1482530314175,60.9141943527879,73.696036547413,56.0436673685448,56.6240691768102,52.3196881379775,57.8506533976255,53.1051347358853,61.5841312367818,30.4078947828722,59.9683645618161,53.8525701288887,56.4001602684761,60.8697230320053,60.8832585199409,70.2189200059338,52.1025066380054,59.5452475694664,57.9796583237965,56.1579273389162,54.1994349563641,54.284170038495,81.1032625559619,52.0996368621092,54.8225212624252,38.0573591024162,72.5025005328228,74.4410515741614,49.6121577671991,47.6875623842861,48.2685142705371,63.8153425404521,49.3209654320526,65.5582180341104,48.2477884385934,54.1644880458912,44.9336395594335,66.1057970133405,51.7826870795655,56.1630433215225,58.9187688222816,46.8621713167144,42.7776324097078,59.3364483423204,59.1372299143475,64.2880740021182,39.2879723580568,72.3536689846779,55.9635363631339,68.0287869837815,43.1852772670405,60.2275651469799,50.6563439733755,51.2776330965192,46.627218481552,40.7125897099707,42.1539146585891,41.7453931484462,54.917616375708,53.1867783217142,47.1397477394823,35.0090537020498,38.5756161235802,47.4424118364092,44.6808742726931,61.2697017268155,48.5481278537729,55.5070405874265,56.9020072350594,61.750136428479,61.1778102645003,62.1789271648006,60.0052947164257,67.5679262440282,49.5709369231179,66.0788330547358,40.3035867935271,44.7597811174072,48.5374884990718,51.7980251231596,50.9661476597594,55.1077848881165,35.0692584989823,47.6224453280274,36.3763508502975,57.6062858715506,47.2565618188777,48.3421734320998,47.5327993569221,44.1135320088313,38.9318411252035,41.4133925763015,30.2929169621177,50.4633402533481,38.5678078213278,43.4797632540335,55.0720848752531,57.4477660709642,45.558741229566,47.0362651718014,47.1499061256023,57.7986131248664,40.1010333854528,38.3864171032193,32.8352154674807,29.0147473388503,36.697856432974,48.5398613865965,43.6943368264442,45.1465605832664,35.125909107644,36.039131701406,39.7364475510055,43.4423340113067,30.5546557282203,41.8653520392601,50.0869676067548,50.8597681164999,45.0907473599433,47.8146036533346,39.6654331676468,43.0713334960392,42.5367048983016,45.9824980302953,35.5462384604684,35.974483978098,33.2761484504765,37.7634296475716,43.4232065106242,31.9143149863036,26.6316275991028,23.6757987850251,21.4972006596038,28.5319289389139,36.7082469645881,16.493368261996,23.1008291456125,26.6833231806503,41.9085300683758,26.748301838272,33.0768494640667,33.3644182985521,30.8784859841141,36.1135957749298,15.4430639895263,36.3822940876107,25.0421547977595,34.2850086881436,18.3862604093071,20.4469036495975,9.80321879175333,38.487211066544,20.5387110829737,16.3209984289315,17.0433920875858,13.461901932062,31.084406527714,19.3782486204047,19.1040975881942,17.9219454415954,9.61016035881424,17.1639771946048,6.98187138559432,18.6931293303313,25.5357021921988,9.69253485426088,3.6016732020645,15.9611436396367,12.215344352321,NA,NA,NA,NA,NA,NA
4.91183101556146,3.37243959562462,6.54025743577297,6.89055078319157,8.33689827565691,9.32832388179035,6.31654673017298,9.25903242411811,10.5378907496339,9.816950296302,16.5131191194951,11.2250172612048,20.0414487582706,8.35350042095347,8.32128983621526,8.32432740855979,14.4829527109272,8.87474054866911,23.1904177227182,6.38327133233353,19.8244586239552,17.9284150817029,30.6724178883409,12.7923106757765,9.81835730859953,33.7467886962112,24.6883730475288,21.8665255675246,18.883466905367,38.0670154356954,20.8670006921401,29.4767616004786,20.1784003174909,31.5716878409118,26.4016975669729,24.9491548195542,34.8396004906015,37.1051530907294,39.5606261169169,25.4145112211993,51.8285401972779,43.3533346165941,42.9281434052417,32.8358211905408,31.0818876076947,32.6710375428968,46.3889654192714,32.9287607483539,34.2072337807606,42.4868365792149,31.153926119623,43.842775890764,24.7199609063378,56.5337873259125,40.5365182382303,48.0695530254273,52.4668564292366,30.2666874729087,40.8971572290996,52.3253314563711,38.8898407607367,43.002861629241,43.2330327123498,44.5013498617338,50.8953138858395,53.8568148944926,38.2479448649198,54.3594508379939,41.5278443387322,27.7415308839394,22.9505980071664,47.9928284079526,49.9703622660067,34.5663471215014,47.3550319332653,56.9855014752318,47.9783176918542,30.6292057036871,45.1244963168174,41.0896715668206,39.3704471358972,53.0971756148743,43.9678309776174,49.0676956633793,49.7589982772298,44.0926062534965,46.5431046731907,47.5834245132044,58.9139367026846,44.7679546018557,52.2605254566087,37.7777021307413,44.7615152178366,45.3198451687843,60.2175612830801,61.8509397554474,41.0671492044897,33.894441112437,50.0177203461147,40.9221642324618,51.046375146294,47.1196208917734,48.9184995629403,58.1989457645514,45.6368818276578,54.7666418795493,39.65396442068,43.4198530926025,47.5671926263333,58.454401549261,39.516681368859,54.5833608311669,36.1572934193005,51.7591193032818,58.5779494353237,57.1907857449581,56.3185749380848,38.9121497647386,44.8354494189879,57.1060764931937,56.6434546970701,51.8860508895749,36.7748277059109,65.449235444387,83.6557097101416,72.644153567917,60.5500590772306,55.6513863644174,45.632855698356,46.3027587650245,47.1054444905746,60.3288722693017,51.7040688613654,45.703960802356,76.3347184246863,67.0675830963037,54.2092568060396,39.9919124860493,50.8156963160479,44.3541786143188,39.5921358436514,53.1088214363546,37.2245935603738,51.6429867733273,41.8695187260584,62.4902768560392,65.8609166689113,45.344618095198,43.9564883473933,35.6421606447361,27.7018635489398,39.120345483109,43.1803093202679,52.5091811121698,61.6236475102091,29.6691148559778,39.1315104521673,62.4501548021758,47.1200188800015,42.0644703220194,51.2423160435848,44.7877454010412,59.6065328748811,51.3467669204543,48.4860442149736,42.3923800522925,64.5541665540257,55.0738654573086,45.9778214931959,51.4092302332413,55.2039109417291,45.990478842394,46.9639106502603,47.7933748715213,56.3646190282521,52.7123919919231,69.9938560644458,70.5378050324045,53.3344393331137,70.5569498713512,53.1190854897287,58.6507906739161,63.4003492591292,47.2508322475159,63.8306158369418,60.6456328831129,60.8141195383233,67.6982292118823,36.3325161035595,51.2198736134878,69.0417729960545,57.4759335954774,51.2301613067202,36.4906316214301,72.494067796513,62.3326208916002,85.0776107184729,61.2573797130926,68.6275550226249,68.0793305648899,61.9150837595528,58.1767348693656,82.0289424269572,64.6251527076958,58.6959135402348,40.3026198947971,65.8177781018251,50.722872342648,63.9504371690538,46.1876055334149,48.419639648235,65.2161518419714,54.6844140784182,39.1199963371744,50.6496329191476,73.8846394130518,62.8131492310508,69.9863171776245,66.4284774728522,59.4964106830223,43.1829973149345,55.9373758312081,60.7564824033221,48.4246513061608,47.2284045487037,54.8464952399337,55.6478085644102,78.7462828998903,43.0930390258277,59.3327830820756,43.9068005002201,78.8552747206348,53.296942685353,51.7694027987732,72.2850990349909,54.9893574147233,54.0225382633437,48.6967001266726,62.8830673088092,58.0525012409777,62.8491690325121,55.341531202462,38.4874093171816,56.8809116902118,51.1985203516539,68.4867847992213,52.2090365803811,59.9245368962404,55.1171058473476,62.2978657585303,58.1017606153993,47.5194236628872,60.6303565011316,71.5765948252291,61.3488571045597,64.9409671019773,61.7132205309225,45.0542662700901,58.3029287276308,49.6830009364856,54.4272993091847,62.7097128189621,67.0780047561944,66.5689344288323,65.9755608809629,70.1280102175147,59.5147938499129,54.8725685181422,37.2953367923541,48.4706980436543,56.3504607202649,76.1657849678401,73.5099000862545,59.6239902362677,71.438861145603,57.9093372140876,59.8779337360569,46.7748253320332,82.1937546993707,44.9683792563425,71.924696056902,62.4244544511332,55.5199902694228,49.0804523377298,76.5666514161593,55.1167831203892,56.2165931580403,57.0476149782851,67.9029955517088,70.7311658808672,50.17333056867,59.0458339296878,78.1633269231467,51.2740086051227,51.7474413621863,61.3397179947958,59.3932359185792,55.7066605075836,65.4815564873316,56.0170085891327,69.0365870899509,67.4140742655449,56.0174848089793,47.4877723429229,53.3615833399103,63.4422136382658,54.6294392871267,62.903917032454,50.6422506384542,50.1109625046371,53.5261234970082,47.117293071524,67.372533555207,39.2838793201775,54.5455498432289,52.922961227688,49.0084944819081,54.759437646318,55.3618098101087,49.0631057621842,37.9750443313278,59.2572585259788,36.0794947013575,40.6979995195945,45.8415708948376,40.2076612145534,37.9263720386028,43.8511088949747,36.4541448973541,39.639575507331,47.7581939397073,41.7732365882577,28.5411535130793,40.4906735250995,43.8162769241383,48.3786222974406,38.9033517366212,48.4170283752105,32.6159595453617,43.9827426230868,36.521570993191,38.6474674264278,27.6310426831864,42.4344640329324,32.3140187738386,54.425298183049,35.0880921477002,33.4601181463665,26.2120741986022,46.6061568100478,36.164053967307,34.1189714602907,31.1024246278007,29.9369456225487,51.5094599852092,31.6919245101038,24.6287990822743,25.3364359965761,32.5732236080855,29.9425726233256,32.0202385244293,39.4502418201778,31.5785714314728,14.9072043264046,23.8739445188756,25.0723087971761,18.6185565741385,24.1630189651795,20.8849834668197,15.7410529941985,13.4381167452783,12.0261730767732,18.1802746664246,24.1240246950358,9.11151070369366,12.144267406366,25.4783747615303,10.7893396966653,17.559266616383,22.2647640841101,7.65770195595732,8.46949714953228,22.1647848848727,5.58658140336658,15.0947222373325,10.6545498387841,6.32181695260019,NA,NA,NA,NA,NA,NA
14.3891256907505,7.52011096210485,12.759014479903,8.23060815245545,4.40571067916326,8.8204000272916,14.3587158195895,12.8143273467161,15.348842176553,17.385990854978,15.6394972560562,13.644767355317,35.9844353600444,23.0721104719963,20.113605919935,26.0422182012261,22.5327470049385,18.1421099440659,27.6466372005499,13.4927518732669,29.5601268684068,24.9223548281554,12.5290175295058,46.1458790061087,29.6872918921963,23.4433546710054,23.5999650738344,30.5219973758145,43.5803436211362,35.4536901109455,28.6476526172306,36.5884768574934,34.9882793062044,37.6912411084371,37.1538550812277,24.9940280314191,48.2477656522531,50.4826342439606,38.2565375570636,21.2313174661414,63.3574533834583,37.2799064522615,37.1193784140134,32.371054860142,43.6868096975512,30.4541044491641,51.9223247414999,35.8498439753324,63.4807205290661,32.0662622214347,50.1089886444846,63.83356715093,36.7040390863488,56.6540285598198,35.979829820818,41.6370303398262,68.5853114693561,42.5246922863849,39.4340044739769,54.8749361336964,39.4497129430417,48.4566635203191,31.0729236660784,43.7823801059866,41.5127054300866,51.5872999329713,42.6997674052718,47.3339433914329,66.7276006670924,62.8658989704159,41.3879493951392,33.6096939757502,67.7885220661116,54.8246878054265,56.5439923389934,41.0438527244695,59.1241008004259,57.8885250162616,55.2550226617075,41.4037324270525,52.5788844508373,61.2590794706492,53.36549239747,64.1960470639897,42.3124207347505,35.2959875352482,48.4936456656506,52.8553990967964,57.5513665031911,64.443366668017,38.3230409056598,53.7265975103183,49.3835312916824,36.6456657623699,52.6396353940815,60.4096979669294,46.3230614537942,59.6059034434581,48.6050696707095,62.7876896890636,44.7493297595427,33.8805609001663,71.6073294607204,31.2828312093855,64.2839245898845,44.9747461990041,43.3969091395999,40.3625226283647,51.142050914389,45.9223368856236,37.79371447971,52.1991389053311,61.761712115386,55.5204704447375,49.9155857819669,71.6115521831839,32.4018771649586,64.6485542196558,48.8451820167115,75.2409800367136,43.0151236433909,80.9213155653498,47.0782198155869,58.8290015184097,48.9225669739549,48.9807037705327,79.5583503535581,59.6977618819027,82.7362059479731,47.8901746944755,67.1047660950575,82.89369609703,60.7698490973965,66.70561733992,51.2317083138528,49.0646769505894,61.3617212227447,59.6130796146579,62.1331452494424,53.1352558600924,61.6708977048098,37.9155234856002,56.5355937658283,60.4632236436981,57.5839143741631,82.4081073445486,61.721653229351,43.6795658442566,44.8793816224571,51.9077167011617,52.4054303675931,57.4600925206869,59.7176663843657,52.3489664534522,57.2949547240704,47.7758363174829,49.3829643504664,63.1083470389912,55.8457555214092,54.1925230316017,57.6462530411725,81.1407764032817,57.8300344004715,64.8481268036844,55.3614198731784,51.7673544001814,51.735781665362,59.8160648645465,43.12967742529,55.507879931884,52.6618741521215,61.7726380473667,68.8461414389757,66.5082447390802,33.3138720009656,55.7891363678202,63.7970911508444,59.3947537432619,69.0471207141259,56.1697876725001,78.2145535176621,61.4209737251703,80.8934973464482,53.5540054396111,52.3355881756168,63.7469553245001,58.8827965250387,49.6811127676194,60.7241324270201,60.0169509987821,61.9889121042679,60.1736052019488,64.1815507288241,52.3826507012498,65.8783697598715,54.4125795669852,58.2461250202207,51.4629866459952,62.5935591983549,45.1670128511949,63.2427974315223,69.5338516769169,66.9083639964881,57.6339072289548,61.8928380143292,56.2925370747142,84.2920502576387,47.264138007273,66.8484045467055,43.7554708714758,69.8806706859254,75.8314728805842,62.685173615413,51.7486443655409,49.0863944279487,55.2433652448948,61.2832812253343,48.4769868321761,52.8835097126569,81.3128132368314,37.8266791031237,74.6002922366222,60.4352549985396,67.4621469740443,70.5489268009822,65.0381735084428,53.7722254054933,80.5554565746005,79.8156708639388,54.9982444163165,62.1392216298597,46.0613330037877,47.2776941330687,75.3901766098673,57.9362234618359,71.8429238956457,34.6777068236731,73.7538832726033,53.0575196436673,67.489182116654,63.4141614172217,41.8380452842721,82.8440606079425,43.4620498795745,53.2277607225411,57.7671257435285,64.0224807557181,64.3069007344564,60.8226383084221,63.1383583707335,49.9025247615061,67.5369238584221,69.9440894405983,41.4813712576753,65.7507661184157,57.7086983512193,58.4274157605569,52.7026581230206,61.1418593904234,54.4720257775265,71.1907238833796,76.1335861090731,54.323523527414,44.6796807122858,66.2815258046321,90.7038966270323,52.5579505547505,62.7258507991439,59.0800981127026,46.8031990840008,48.9672868933936,64.4339583520513,45.4194442103555,51.3503589412579,50.9145670120959,39.4003909134393,30.3572952603402,66.1270295860354,39.9217057535999,59.552602709608,57.5088188728973,48.3186984449264,42.3974857371657,42.3406248534523,53.2816362239851,60.5463301803497,62.9730795150268,46.1934952455215,40.161874616956,45.776179620727,63.4023106357751,52.4843001326729,34.4052583172216,66.0330970419223,60.806075681162,57.0735624951095,42.0457277402016,55.2728031621804,52.7810691887056,59.4569563208956,62.982010736155,52.543607561105,50.6310747180078,39.242700418621,65.6980739745627,41.4163526412697,45.3452625182726,38.5156058904843,32.8134534415666,50.7133081152361,60.808387087302,56.1232671917664,51.9950937657474,47.8931891288383,47.9179924332293,50.7839249139263,55.2572143430954,40.7670373290673,35.489490813624,46.4957140274037,35.8323073805945,53.052457106391,54.3392217978555,28.6231719991242,41.3326595365411,36.6486710456382,31.3780306951469,36.0585998661547,57.8802780803282,50.5128353621744,60.5814237715264,42.6813078073152,41.630682216313,33.8902589415165,41.0787622092549,44.0118108546245,30.5959014179851,34.6116294208126,33.8746374127875,31.6508282206388,36.5142157530499,28.3953298401502,27.170164813942,32.1800378208084,41.1700593559555,47.3231857268831,38.3306297164007,31.8961686639308,35.3416926643011,22.6056174843601,25.331289150948,34.893355540344,11.6499379707125,34.2096445845094,36.802445458674,26.5513887816478,26.4331629371808,13.770482154065,20.6058405124865,18.2781835946755,31.0212022635616,36.0811287304499,32.5105562304934,21.5787769865861,26.9140364857534,17.4888848897583,27.8881288053112,18.4153918647917,19.098838243689,17.5709041533198,23.1388620336148,12.7437372071018,19.6593966058996,13.6307664442386,19.923299915688,22.4465997075033,15.7765638250521,11.8051933168039,15.0058413877061,16.0526354512362,10.8948656570576,9.63043543439491,8.921579641191,10.3256255467507,4.9975401474054,10.3591872254403,8.98065602671416,NA,NA,NA,NA,NA,NA
5.42135488260993,5.26912604961651,7.5271392146596,6.41647095988681,6.85434015844164,9.53437902737272,6.32320211463234,11.0264292505393,12.8963688799388,14.4978009945775,13.719122956943,8.79909675517513,8.86555904464089,14.2261954494991,8.98138908984741,16.8580031630455,22.704167773642,14.3735942104794,18.4071942472252,21.2995565751814,9.48608707575715,19.903342982251,21.8535027565426,20.3509787885661,19.4906766858152,19.3597187427475,16.0022715352704,25.6817607401065,29.7162047497629,13.3382502137322,25.1342754936298,28.3763472835757,21.8220693525621,33.0276257086707,44.3080668679373,41.5945417172789,38.4958251079415,29.8125172237446,38.3960479371461,17.9652036014092,45.6425738223441,41.9647070499826,37.6862360348159,36.8755278333668,38.3876031093575,28.6464858856714,57.3720362701605,49.4168693377532,40.2705284564833,75.5905274638668,39.4316633083776,31.2899374254678,45.57047215408,62.0050364771774,46.8332374591496,34.9366991482215,37.3275622148689,54.4600936670491,44.1402913211197,62.959102656733,41.3860176742684,40.881662500819,37.0499332527751,57.3100199860423,45.6047908169109,63.7446928451113,40.3365965281344,49.5021304783592,55.7913144023965,47.8196362216378,34.7234907969747,43.9523465087592,41.4766920826258,39.3971328520431,38.8188826228671,46.4475517294435,53.2474458739008,53.105561650286,44.5475737271866,51.1277146365885,52.6544320441472,38.1857009271067,38.5906821282208,47.950177275495,39.0200589021419,53.9562985414578,54.6991027352253,39.0666418021684,63.2650569646011,51.5430423663702,43.3351491919906,44.5243558208539,61.5080726387992,30.796354852255,46.1672363996609,45.5930180610714,51.1358936094568,46.5188655433934,31.1419040556626,31.6156836295761,55.3053780102234,46.1250666557923,45.2609005023272,39.1738052676943,47.9702157189343,42.5342070433099,40.1960353583693,50.3216379573976,51.976680527928,43.3935144842634,50.4965905898766,53.5770368033359,33.3429735535609,55.3441528281437,27.8022542432343,45.3988754070592,44.0888618665128,58.2941602956903,65.2415909416557,50.5537605235719,53.548819694528,58.0896398405288,35.1745110891833,46.0616391693996,37.2135273282282,45.1695517258013,51.3926489892882,42.3214925234438,60.7656855120624,71.3567751598309,62.0518388656938,86.4559191035603,62.4497417740337,58.3791074486889,56.208593985304,56.4432811115532,52.2606989542452,48.0837725099688,57.6014237283824,62.5133009125878,56.0625009099551,36.6931065029261,47.7684151461186,55.6040625421091,52.2736739513794,57.0670784114769,73.7601834923578,49.0762671280283,52.1301445676714,58.7591055066394,55.0023964160616,69.7303637599665,56.0493094470506,51.8998949250458,62.4972234586993,49.3852508798394,53.908524246144,49.384371225209,45.6713658174197,52.1545366897441,37.2957155294295,55.7492498867295,43.2577389743748,69.1101285275005,61.3538874886539,36.9286105336109,54.491778865434,60.3428077873178,25.5462045155158,49.5204913102418,41.031513409352,72.9405221882082,41.0371864033988,54.5824349378057,52.1497694383565,41.186041005439,64.772760647371,64.9625270376799,41.6208458368284,47.6507113417165,50.8833350446093,54.3306496920267,56.6186419989889,53.970663821276,51.4810272607066,69.8204648083093,64.6306350262803,65.1239232544001,38.183012764509,55.0314115522321,53.8289708841953,58.5163536106869,60.2165198124797,39.7213801953932,60.5443099711397,48.5472802310469,52.1766234586848,56.9297746088901,64.3267442555466,84.7330894818297,57.9983654423594,75.9008928910251,53.6010268660955,52.5666895868703,70.0354831666612,48.2296917996082,66.1365249744491,34.7730969725877,53.0271628182238,55.0222235023862,56.3379683772718,52.6346385448914,61.6639833170876,74.8706134153737,69.1361215018885,63.8588580196807,45.8568056526746,46.2456787942324,47.4626492330354,41.6840351287938,81.310496307757,75.5211503869534,39.7309272635167,49.7495018783543,56.8949343995468,60.9903651109683,66.6520512490053,57.3460857002389,61.4526286678749,36.2293368180206,86.5525296533772,57.2095145745177,56.81056577488,72.9078391926532,64.8132157912387,70.3886412379205,61.2320645972159,53.7789518083761,69.3771307505626,74.1526606414576,58.9539383763054,63.5272521082675,59.5884739803249,47.2429600154398,62.8554895140845,71.5537149650438,60.732212676812,70.4216595950422,55.6970499062501,63.9414888864092,55.0092829286561,60.7684253301564,62.8730497202234,42.1659195770793,61.0868805296179,55.3421395443951,48.077195887919,53.914380225125,52.9673131735317,31.6545917996828,66.3416362739967,66.2936133572521,66.5839732436829,52.0043276700783,50.0207951568537,73.8310893369071,66.6117928790677,57.3426060882526,42.0085718537247,78.7962800511578,48.1226390059616,56.96360637763,54.7187539906225,40.7497586394495,67.7489025149663,34.7015187305099,61.1421596142818,46.0347903625083,49.2613744146212,52.7128664173788,60.159860416162,43.0593268023096,41.738911400743,60.1170193278914,45.1164372638701,54.6140217333914,62.0005266702479,46.9792018307297,64.3791297736526,47.7192043905275,62.3061380264945,21.1036000359106,52.3227315669175,57.5863280853221,40.4193430659665,54.8673184862004,44.7595220337896,65.0935927923065,45.6577368604263,46.2458668085719,49.3220395168511,56.2938825787498,47.0542542802259,41.6035000918163,51.2263193081042,45.4561905837121,68.1970361867335,50.2201433781713,41.0110346837208,38.44393125921,52.268052379621,45.9308295604213,39.233979746323,46.5447704466923,46.7913447908774,54.2348304490861,37.4065070222725,41.2399370437635,53.2239893413851,30.9660987581685,30.3809821860136,54.3458580672845,50.374948072335,47.5640672983667,39.1989249647258,38.8742906306876,57.9528547745657,37.6979818600005,38.8976097434182,56.0310033407306,44.3616866963568,42.7540411945215,38.5693311930689,44.6954119979168,53.3527355789555,29.5969637513713,20.237665152901,49.1142695531704,26.7365016850172,37.065252325533,39.5245534515018,32.3516509187155,42.2012848547444,27.6420804177532,36.1897418539135,29.3270398129512,49.3881147961559,39.0247233464452,48.1532033371442,41.8911321617985,38.0184203319724,25.4340968587695,36.1885581096043,20.9292524425591,21.928383930621,39.6095838170059,23.0414169117775,26.0930328190709,15.6077384197614,28.1892624068099,15.6324443277499,19.0132812353728,26.0621246126577,23.278819012728,20.0635442178467,16.8851109503547,25.696049078854,15.6514618510977,18.5240525182066,17.35380664092,21.4640484494609,15.2002434699511,20.6170792287342,26.4478401799926,14.4821518105478,10.1610559215414,12.3155709405543,13.2818780692891,3.63802882088637,12.2336105593405,13.4059595882279,14.5173533795084,15.9379279377633,5.2773230105925,7.06022522363555,15.0525794058566,9.76363862481672,NA,NA,NA,NA,NA,NA
5.43138662631533,12.4361921204898,12.2588440159314,5.82551623075369,5.98031763653963,4.17822847189313,6.25460136324821,12.2663344057209,19.0754203396804,12.6998689146684,17.1607565741975,11.4120120415251,26.601973834437,26.453274413035,11.9218565427142,17.0319566266162,14.8324109539369,22.9651263084121,35.8632703238411,20.4288945337863,23.9960716789984,21.179458555234,27.9777938335175,19.5624472018264,25.4860064131054,23.1595191650141,31.1617388300279,18.9671686472585,36.7225838168446,13.2850325919435,39.4695041377906,44.8184706491689,35.6591283686692,33.9808410517714,33.2902322075744,36.0579032966322,23.4705918487964,30.0837705971477,41.5369721582192,31.5634631047604,41.6339447132204,21.7754901604319,32.5597473910147,34.7799563974711,33.0969674813127,32.4513524672494,51.8537685290233,32.5055967732376,21.6911440306912,35.3009597375574,29.2284054765768,38.5514999691932,47.0292898000906,41.5365081049882,33.1811462045571,21.7125913632514,59.2145469044612,60.3117272676306,43.2607306446504,45.0018801913175,56.5216141456129,61.7066978641097,35.2660151144565,38.4083373398036,49.1927713021158,31.5045144730738,40.5438876385921,56.1048910710736,32.3139216191233,50.5226688382819,45.1647972209085,49.1930163215858,62.520526428101,54.8331586451436,67.2203009359213,41.9221032455163,53.2266716158548,35.336068085984,48.6099092317212,42.6286365112558,48.108980036846,51.9034277216232,43.1527962959377,62.2874957337246,40.2923420415156,50.4071088451141,43.7607424167393,48.141571393899,29.8801514788993,32.2110261271574,21.1911731791268,39.29251348866,32.844943394907,51.5609199021563,46.2204031959394,65.2418652467793,60.6302635536058,52.9562201414513,57.1513919423513,36.2815345279438,62.0371283202264,50.0290805786465,36.0266103989063,59.14820998459,58.3823541536985,44.5965134398148,49.1209539936425,51.968439618853,57.8066468354821,59.1927820940814,24.8328951851661,64.971462407014,58.1266497006771,53.3993403500372,17.0303015306494,54.927805179302,40.1757923733988,41.1114056464406,53.0142628815337,53.5070278132523,38.9213137627762,54.7409563713767,45.1654764761869,39.4688317949137,40.3874648236036,57.383551893165,43.0004965013408,62.5855866469487,58.9591408602355,52.8143951485486,41.2624269538017,36.820826911173,40.978334292013,59.6937953443033,51.4763347862944,58.6744285676272,46.2266739349613,62.9103171169865,60.4818688784829,75.1366058522547,70.8434960397228,54.1289753640349,57.939824141324,66.0416174953064,60.3937436974437,64.562865359928,54.9481272538123,46.020567176715,36.5460218226569,55.3191495944021,48.6191193181111,42.5055550790578,54.8431445563386,56.5038486556712,59.3868663960832,61.786254690952,61.2588858356791,57.8439418294162,47.0512609209706,51.9988687469845,50.6445627661784,73.0016260472432,78.8137588327234,38.6421161541263,55.3759721575967,24.2923109002315,70.2869707715951,69.2562865720101,34.4723060987047,68.2206861681077,56.6561453061079,62.4397756086269,59.5620536314922,62.4957624900666,62.3608633252459,50.2082756681525,54.2909702653292,43.0854988116802,73.1106575644513,56.3291398384742,58.5682074480324,55.979194948104,67.6263867789769,57.9495244843552,58.2224048237879,76.209689952438,59.5023874908646,62.6473353415192,36.440979485256,68.7240290648807,61.6596081863918,47.08574800129,59.2269060540817,58.1584576857739,70.3029384219142,62.8361895075493,45.7770378532083,62.5387304347017,74.5323646533082,82.0543029566,56.6481709797754,47.0806023251732,55.7268939960532,51.8348346445784,58.4135705918217,66.2245342844525,49.9509627131458,79.6390436007536,75.1243486689147,63.366646711422,68.306048546112,59.7147559394516,65.3919842512366,59.5677330759637,44.6159070508589,58.6924598014876,66.702954916159,62.1849234956932,75.888410026475,44.4785639857911,67.8729022296738,77.4589290729882,47.3736809001466,85.1577546985671,59.2801059717627,83.8444204540101,38.8114882415969,70.0823603568602,72.1215925703658,82.0707896317336,57.8752522988571,60.7048160896441,45.9702855801136,58.7162677721874,44.4529270989522,80.9703270923012,66.2185440206022,57.0796401547673,42.4882858254504,69.2969681137819,51.2061987700517,67.4757045076683,57.2368828967122,65.811019533615,76.2414784970238,59.9598024646011,54.4838429453027,65.2584831915412,66.1810548414997,66.2906486009886,51.4147452501532,71.1618923514395,61.7616348660308,68.7676853717031,56.0976274692177,64.3028344407608,62.8065008194451,67.6377823161531,47.8916042124175,63.6839634553127,64.354682564149,71.9967932835511,88.2820682445648,60.4937016921337,64.5420043477521,41.1344489374287,56.3827735805798,50.5888665903923,52.8474751532418,57.7138553380072,52.1970331735923,51.6130750837193,54.2486076594973,58.1479556666339,36.8625060021469,57.2785600358299,60.8765743939385,56.1588513286474,55.3691898849047,48.8554804173572,45.1423963804875,59.1984238225183,51.2928703983727,52.8402397013976,55.0497729820029,64.1099352536776,56.1432596043929,39.7473782806806,62.7483919112049,62.9923444676861,69.3151457366177,50.9994255663357,47.4213082235767,57.8097198925292,57.5146115213536,63.7957305329005,40.8740099427523,49.2093383518777,54.6945888399557,64.8262825984783,64.1392508644836,35.0260744815342,55.0256318257813,63.8597462135384,62.5354318816276,51.7401318980886,54.1747885629869,56.7743314287702,34.9275256780196,49.5771814640933,52.0812267799499,45.8107509367119,39.4805688852027,63.4680819098089,56.7341674037964,56.8493797465742,57.0667739212158,48.9007797010371,52.1980460806218,69.0552314976673,56.3555438042863,58.1427380481825,24.0967374272952,52.0677398028559,40.5907291717281,42.848643019504,53.3769918632647,50.924844245622,39.2020715024025,44.7582887260344,33.2806891956464,39.5948277245704,47.6020669623628,43.7941680290316,58.8078189260626,48.5499668273309,42.388722820365,51.2198763370996,37.6713248655371,54.9448311956246,46.6201037427303,34.7138868518188,37.1664646600897,36.1332947710688,50.3114346124679,45.4255412702465,33.0563411135469,39.9662678654284,19.0256981482022,31.7362781368549,12.872850427976,43.6917483150328,32.7258838993442,33.2340891849119,41.2433441473452,37.4470835484919,44.267073425455,21.2011658820454,20.629358489332,19.8517042817237,32.8578268040568,33.4309534591401,27.3163056721268,30.0884453739466,42.794744601044,30.532736094613,23.9984672239117,25.0763513166872,18.2526769465005,25.3569481397273,24.7429949543301,24.8153628143583,26.1933959784589,24.8823411133495,33.8564578665587,22.5393963818938,7.45253914318586,13.5080423894421,13.1243060189476,15.6578517566624,10.3145628181261,15.1724560115077,9.96266680228211,7.25907359080901,9.19446316746043,9.25930653007391,9.1329943038615,NA,NA,NA,NA,NA,NA
2.60864610021238,2.43438462247632,4.46474103881147,2.7157835645709,6.09935645925158,2.4098255490508,5.38478153137824,8.64797401672716,5.76445401361803,19.2456131643871,11.7714667570416,6.06255720854948,9.39387221464616,13.9139860825757,14.0839266943057,11.9422969561655,9.20582663052271,21.1749153587813,22.573475021878,8.16276457945743,14.6263981321278,20.4944711650838,17.0945831324949,13.7740596728996,14.9658015766436,18.5446114522757,19.3276779832096,12.9982061270256,19.3384975401013,26.4475207938042,21.5467403947359,24.6486677304336,30.075868830091,23.8175973337739,42.3775602005128,32.8796108766074,29.6067639233223,31.9850633076915,15.7292199857176,31.3364666158038,35.5107362646822,21.5003901647195,38.4019081901255,26.9095407920362,16.6256941346354,15.8455264712609,23.7761225775427,14.9081081767028,18.092014592592,39.9276355603413,38.9740090951192,30.5531966798684,30.2212407773822,56.3730200900865,32.3275667769191,52.8736722558411,31.735579954895,39.3387357994649,45.2429210433608,31.6689599574108,49.1107324576296,32.5565376877871,17.3618778794662,43.5250460771104,29.5189777015605,45.5929550991256,37.2623865308429,32.5725370637001,43.7610103300141,20.8686785972393,37.0221174320808,32.9461768502303,41.482943129822,36.2220855556036,27.2679567027367,47.1932018713589,33.6006750666066,34.6003048248143,42.7030589741937,34.5716412956877,39.3811575456447,43.4092142388896,29.4178748458223,34.327864670786,40.4869054522514,42.8294101437992,37.862266497644,32.4861495483506,33.362009927185,34.2686889482954,34.1485030992555,31.5050731432525,38.710336165855,33.0753307010558,40.6883161720193,53.3823702364208,37.9556272430821,31.3273618254456,36.0126337850268,40.4476079151655,41.8237573448816,53.7674444581768,38.6529801837023,46.6348823818497,35.1239991750124,44.3745863956994,44.1521022106033,40.3285551094752,35.3494774750563,44.2142682890353,28.2072052419116,29.5628985534661,24.2663733812609,28.5070183888582,29.2877653329021,31.8058464904613,31.6817563859243,35.4111035217815,42.3952693244362,68.795867593985,25.8022858367927,51.7080890484312,32.2209415277751,36.8260935428111,26.0208583594736,23.3077907416543,36.1416702885394,39.8820959855442,24.0736819611618,27.2786558636321,37.5900805178321,49.348863992152,58.2649936965715,49.3571984032515,42.6674924597777,48.71254240093,49.3986171357216,45.0863753210539,54.8274291986655,42.4782930395052,42.2694779498951,48.6152736320933,45.6310013552102,48.5026341404157,43.7603087761158,63.348495152732,48.5838606306091,45.0688314967038,28.6813345834761,44.2278070896923,29.2669735701471,57.3487867983989,40.1545982655774,30.3841124088704,42.4506052258623,32.8639420752844,34.9399677034924,14.3958797895802,33.520679155332,46.3581352079316,46.551068225703,42.2519896503527,40.321995916809,52.8767950670119,40.4059898283693,28.4202622085343,25.8506610086079,48.7668565967451,40.5956512918384,59.9250457310057,46.7219172703398,36.2066316116669,44.0019526078458,49.6261751256941,43.914694177799,38.7251871463625,33.1191355008249,43.0851342025204,27.3127121041039,42.8058322455405,48.8244076577349,52.0368004428671,33.1157092181192,30.2730945332993,56.8533572674901,49.8962201724035,26.5991091701245,58.0508857605221,62.3653065941557,40.3068294323194,48.5009128161219,37.9329362767736,70.0616869363689,47.6002302077269,38.4076439524576,57.6129369739526,30.4135117215678,45.0010950723519,32.5552531495217,39.3526004465842,31.7459148613628,50.2303461212689,46.6880911676297,48.7182915943434,27.0320448884713,32.0244439934846,28.0264051064241,34.1240836909872,35.5736839454274,58.778251541221,42.9233915921713,37.2765841372544,60.6462344354388,54.2709248622091,47.3658178266485,40.8176171405946,31.1168060169695,47.686914256604,39.668480303712,47.33202919151,41.0415371616477,51.7931370449338,45.4783162047638,31.6603810986924,29.2322658972779,55.0028105890819,34.0505725316651,47.6949982515436,49.836398186167,42.9249378378166,42.7328171720445,49.1091895317863,34.4702125839411,38.7096642759217,46.048521275043,36.4389754630338,54.340382400474,38.3564491362823,35.0321139550045,27.7472055240549,27.038641075122,46.3710711436182,36.0471989496532,38.9981891794464,53.8288777327576,49.3548786397134,40.7178567098593,44.6657457839046,35.5598064711416,36.4886899712304,43.4256069006295,28.4429307575523,35.0858370169638,47.6058429139228,45.5678720912973,51.4005046508354,65.8197729917951,46.8580066723349,51.4722310823614,68.7940204838228,43.5891280125921,54.656703280173,48.1932793949593,46.5094899284421,34.9118797133482,53.9941425988042,39.9674483210245,37.3912786797052,45.4599216503761,48.5925417164613,35.5678133903238,44.132312844882,43.1410045195337,27.8318383573352,54.9486552439171,39.4095716427689,54.5493102202466,25.6885789782548,55.4957192622946,28.396410530465,45.1884133218328,39.5969044055443,45.6772588992273,44.1999900525622,36.2990480798575,39.4930200890696,37.3019833498766,32.9324657224224,33.3554479558408,48.8816149820242,43.0253980584075,40.6608736788938,49.8043333341488,52.7966647385133,38.6319189377432,40.2632087230586,37.1869361834923,28.6735496695934,26.8820832060615,43.2024375761091,49.8713945201825,37.8361076236716,37.1719166048913,47.142625425552,37.2373527682442,51.108932262543,56.727059089576,29.4752497398954,43.987548222162,31.6201967175624,41.7285503218722,35.7714324923951,44.1981252988478,47.4036362483939,39.5908212048719,45.3930344772922,38.7379748811573,37.4182445893157,33.030753618561,36.848850052775,41.9433998768548,36.4695978231724,49.4011055399252,20.9826917579807,41.6210782041998,52.9227271015573,28.2166665313432,37.6868841020271,28.5792317386919,45.8130179178807,36.2083103477931,30.3666812877803,19.9308606349846,28.8749030132002,46.3170274723631,32.9245133313648,33.5563739727423,25.8625869112889,25.9762979265749,24.5420731249894,29.7159618604502,24.7606233857197,29.1610555803127,24.3369058473799,41.1534711267624,24.4825425855406,22.048003542936,34.7798832121259,19.3591948763825,33.8105338244598,23.8454831045562,25.0160520129956,25.2843908952059,22.9768345249047,35.7157023770471,21.9295783391577,20.6421193252568,26.5529749280447,11.2266527936533,11.4159948290555,21.0143272017298,15.064972858138,14.6748720245503,14.3199246431272,17.4421124996438,11.3160827499425,11.3017565881461,12.425454752124,28.4008233029135,17.0368240821895,16.3936650219116,7.66304405279935,26.3730845209404,19.736531952714,11.650694047267,10.8779854415479,24.5800478404839,16.5471093948689,14.7233840238705,12.2125245658498,4.32922267912585,15.8848334582642,7.89735636225056,6.89001339932283,7.38044712500067,4.29967397815806,5.89716087762807,NA,NA,NA,NA,NA,NA
5.39502681608134,4.41251536533563,6.15606405378705,8.79860989776559,5.66469114695393,10.4039712503282,7.39601893303076,11.2028567692186,11.1639839920861,8.74402053032683,10.2627547885328,12.5008375548831,23.039212176224,10.9041569754085,16.4724075838886,14.3109275766397,14.1331562393548,19.4414022191869,25.9800142654886,14.2001433475262,21.4658502841381,15.9852676367766,24.481825658195,21.9740826522045,22.5664908937402,28.6401094325041,28.1768954235211,23.4291265524138,48.500415894601,19.4394074983508,24.2175358515756,24.9769747977781,29.3891828103126,37.4599839762394,36.0626042860839,22.7128560626886,19.4183157611722,23.4001293794272,37.7338585640806,26.7525975064098,49.2247237788052,16.4974887916294,29.7729680014436,27.2365341145448,42.5645000235289,28.8744125928489,47.7729293269239,11.7115133353116,45.4756858343752,38.6857574849546,36.2133069041126,34.7267888115391,28.4350449517919,69.3096333952227,43.009578096409,54.7002326818339,55.6033211596785,29.3306631956339,29.5182824374397,30.4679446415098,46.9084699213897,40.3343123357581,27.908044195803,48.662153301076,39.1814011045919,54.6861630820759,34.2372091273552,53.7830655860283,38.7111596917998,38.2550892343067,59.9021961984302,45.9748752725024,35.8932630084554,39.1293745765485,26.6931564674415,47.1225371078829,53.6243475438912,48.2221134420958,56.5621581476644,45.3074202283193,45.4178055801059,33.4905997836082,42.9005764802747,49.1746151431344,39.310776367237,36.6817789359155,42.394516280578,59.3982306438195,64.5997984518209,38.0956913947374,39.0768811122582,69.6603201481525,57.7043623622068,49.7426894172355,47.7525527117514,54.3068707024162,33.1234903231785,45.6952823066468,39.8291554957589,40.2381291218222,38.4446246529685,46.2245869900822,49.4244165873522,45.7177423674089,51.6338611376791,29.31486653209,49.6503790144538,46.3512375827307,51.2197230105023,60.9455813694631,56.0117792873807,51.5522289201252,36.717183402446,51.6642665761967,58.4891085857312,66.3181225567262,36.052988266814,59.6423735788758,51.2883550865751,58.6241119289786,37.551123004339,43.4354449086394,53.6250262475079,60.007756798137,53.1228384513498,54.8007759902581,43.1150029807697,41.8395431539456,42.991314496076,52.7151280123614,51.1512167573368,49.5871447830489,63.3087682105008,60.8268357170068,48.8957610981954,54.8270113001779,50.4940555749376,50.2146640552417,30.6504483031129,54.8261117733204,48.5324435126317,67.2191566068225,42.264400422247,36.8418231558921,46.2675098700211,44.1977321107959,65.9938390850539,39.4798506457306,42.8646767288333,49.4686631824444,44.7914579657708,51.9812130796934,44.8010821147741,70.1840939935052,66.377497751561,56.851415999943,56.2201104544706,49.5446318717586,49.1482143293952,63.1530937793426,61.7269984413912,62.4090844613257,59.574675274244,46.6171270235197,56.7511952419952,36.852417278929,49.9419815594114,50.6600119948769,29.9217046806875,60.5484346503312,49.4248168924698,66.4749771510705,51.7996788080056,70.7519031581323,46.6474141595799,59.9316901903375,57.9957250033415,46.0263512042786,69.2748879105134,49.2375988779365,34.6674064233078,44.8737013866316,67.2537641182935,34.2059541873828,35.6369761465041,46.5113573515324,53.400560712495,39.6819438429314,53.6358489209916,60.4873178162635,55.0970562895935,40.4234660714509,65.5355305467205,31.6807191922652,48.9604886276146,52.4255984645695,61.8514872450706,64.1701885640425,46.4833099706679,37.0007258447478,60.5099890708086,66.3216834902891,43.9068115398969,47.9017682648623,50.8368917827852,50.5116017450498,57.4262545233236,44.7436500047279,51.8378943474782,52.8640682867194,60.3971713332318,53.3584596318575,57.0895519410051,35.8185871889502,47.3141571915551,45.6400661631804,53.5918369790332,36.5222395931823,31.8497322194833,34.9833906364556,54.2618400606854,48.3403554148085,46.4283974562429,58.3327364475237,69.9364246217762,44.0094427930746,58.9335979359322,34.3528131728454,44.3192383658186,68.3726721893939,65.2011403648113,41.0837451390914,44.6248930314316,46.4466228785062,55.6917707616101,61.2842563515817,51.610962605972,48.8406424457323,47.1032943600244,47.7033507124072,51.212150192844,33.5818311244244,46.0732973708317,47.7902854767398,72.8169715205239,52.1790953710325,63.4414630347591,50.5370380808425,39.4967832232674,41.863969995065,68.2460961971506,52.2842621902853,58.1227341762482,65.9730357210611,44.1500756532773,76.878182989142,44.5708984209114,41.6112547489991,67.5413082883588,55.2770025811671,43.5571689997269,63.8972667525058,52.4417538048866,46.7978398491582,73.97189212962,53.060327333102,78.0160856292203,35.9536918670302,46.8262463352506,36.176897646099,47.8744142248848,58.6655469142336,43.0845385656311,41.2702900148223,41.5310803671488,62.9818889072923,70.0119845637295,50.0093603596763,34.890516119363,54.1435405179981,25.7987937296919,46.1028772235289,56.6732720928649,52.3740961274376,58.7013139800642,41.884603839001,44.8140979382547,56.568977343427,43.2027103390403,44.2612182375569,44.1477714217948,28.5320728678558,62.5197918566084,48.3173209393911,53.399940449038,41.7505579652687,42.1406508453723,53.9835599980463,42.1656433351197,62.6591290306322,65.1398892229349,54.5097190694015,45.463644679367,58.9592933911731,32.0328650898267,52.8479989113937,53.8399677477256,39.8599042835346,46.8933734889689,29.5082795422067,40.2882312970434,40.5084257473689,38.2173669962075,37.811401603624,62.6830804808114,60.7870876430072,33.7540927244438,44.9757508458688,40.3543301656349,39.0247661771081,49.365721738836,51.7953062219602,52.5532434039761,42.4958002075592,32.1045726188872,36.9444631981355,29.2817465591742,23.6559687893533,49.6491312237957,46.10211338542,62.9773517073163,41.7396010557464,51.6977226126049,24.9432109732652,55.2612067160352,34.9595517059511,48.9795920308616,40.0835008052662,39.946859302028,40.8004940028425,22.8993587759384,35.8706056703637,37.9007330916911,28.6435904104563,32.9783968391755,29.9538733490557,34.2878219368646,30.8788036905949,34.1346881971981,25.4616445256901,30.1285823027044,43.5788345026919,25.44293108734,21.9795054273567,30.7432271643618,30.7398689163947,30.0589562168693,9.42614913827984,30.4840104946234,25.3704871875415,30.5528637395293,30.5109714660974,39.8934184280179,21.803280563201,14.5781817172568,22.7653938430803,29.9641027745333,14.5379786830133,24.0292917264642,28.4523667844505,17.9730403021377,14.0271706048658,18.8940059670005,23.3438973910405,13.5527987584737,16.8837656635531,14.5214468098326,12.8109726728556,9.94159122267206,10.1914813731374,9.64764405326642,8.37662231613589,9.28882796661275,8.20742929552601,8.82764557296617,9.6425776943502,4.92045032305886,NA,NA,NA,NA,NA,NA
8.80937279297693,6.4581158341107,5.30657803057836,12.0011697523924,9.72364989059991,10.0635992369256,8.81228883274791,14.4088738279117,10.7693367663835,11.7616205599173,24.8313571387188,13.5737446545632,20.2814846114846,15.2973092344837,11.4607821901845,18.0539442419935,14.5249328264747,17.9147139324413,35.3213937551699,24.098769141039,26.5111361147907,15.0292972822351,28.4212415010509,30.1528857778078,22.4857722241199,29.0482358560563,20.7676607814658,36.4883607387362,16.4058475558083,35.2317318135833,27.0111538381195,21.0930033077728,37.6318930926785,34.0889628739536,25.9050814528812,31.4593785662407,28.4638296480992,32.3687315314831,18.808639132353,28.7031040026895,29.4908682306896,42.9298697531539,38.6329024650248,37.8137072007668,41.4377090164556,31.606384551109,41.8771041049827,45.8266526574818,43.0482927736768,50.4516443506966,37.8522413594676,32.1415382713481,61.6005493637938,19.8861313419374,33.4833346048552,43.7264039856483,51.5529928281911,60.0780719467861,36.8649011986927,55.2105732083973,47.07578592931,40.9615702075249,38.16095402541,36.162794903111,56.0546902161647,52.4175424099399,50.9657489630645,57.2753552296088,46.0270375433878,63.7717779490418,55.6307265807809,64.2967904607286,80.9895585234082,39.694702569625,41.3128538626702,70.3770990462634,50.2906099283045,65.391496693172,52.9784947214054,58.2878733979648,49.6466623707225,47.0686582052339,63.3412337306352,66.7112965877308,45.725702984393,46.15415634843,53.9939977094367,46.6058524728705,45.7312570125556,63.2404846049941,35.652218344493,40.2755380496494,40.4253319059771,62.0140676812467,61.2302132518022,51.0826590076217,51.9442848743253,55.8233768835311,45.6928731710275,58.3925491573899,40.6136562040498,28.2654486850509,60.9280034336875,57.0487349389693,57.6090011199948,24.107778129674,66.1427514691066,27.3814060006397,74.9165660801119,70.058071880387,45.5271331903663,65.2562586861718,55.8839255581939,66.9614180978467,45.4336446951051,59.178804955551,74.2413380602528,96.1396805284772,43.100247925765,40.6647862336278,64.6398048247662,55.0070433634996,47.5583868337461,53.1638931154143,82.90346089869,43.7116000130447,53.5567599946305,51.2184269737088,55.0786257279115,50.4346610311102,50.1339739269477,64.5781492892852,41.34245208697,54.2243195649611,67.4311929155503,28.6624980340133,51.823423128292,59.6394146618956,58.0551035690282,50.828548796699,53.0342940499165,51.2563921114505,59.4155287586373,57.1821741585478,45.8632562049241,70.5200687795794,62.6082207044907,62.3416421659833,51.1377346070281,48.9755743915755,80.826830435727,54.2464998070458,54.9092865083625,50.0881618851529,39.0353207294605,52.3474673989442,77.8968664658782,44.8188615636401,55.7834300679603,66.5553740284863,73.1983001426639,45.3095636142328,45.3680331560408,59.7901166104098,66.5382762155022,47.779160190662,54.750642144961,55.7244579281447,68.8954791343893,55.6198555744667,58.3242331405332,74.6136135540203,58.2374105484356,64.7969446015646,64.5195601095401,56.8378649728294,31.5784029128498,51.7974808781277,63.2300689860577,56.5490062755766,46.6198542336784,63.536147153961,45.6980566995524,52.6313217018116,55.0815463106512,65.4994547871627,49.7823908710347,59.0341468434172,69.5367053396699,59.3525693760068,72.1998513003994,48.5327439447036,66.3843207116453,67.8321056969621,61.8081873847734,50.2748784061187,83.6378213146965,69.7800812238689,63.3963927356397,49.6459160563299,74.6193247500235,70.4860801135402,53.2654951002871,66.6570692775697,36.220372853613,66.5160448874731,63.5908162466812,57.4450694328509,48.7348720758104,36.2110315410815,54.0369674957125,57.4400300988649,64.6670277891079,50.131602206604,58.4844796605127,53.275074970932,73.1862570320059,61.9199833347587,57.9897268237115,49.6267094809002,52.195676512305,69.5005530842376,70.9390579308815,50.2653712306178,50.1320039386059,80.4347904764379,57.8775790328558,66.2774384900221,74.4829286549122,57.9280325973403,51.8680532543303,51.4287281808625,68.0910826079508,46.3175882802295,65.3680196578002,68.0327075749936,61.5474009694261,57.1420770292896,68.4267701424306,59.4868821897981,71.6427361551577,61.3118324002972,66.967600123499,49.775137771742,60.8425439710576,47.8591268018753,45.6836641238401,64.804691850695,62.6844617385592,69.7348481575646,68.4396283678188,29.4068434365472,65.642698160982,45.8545584824946,63.4686728458295,40.6921322469073,59.7657822498279,48.7167242483669,52.7147544211617,58.3117829074492,54.407911897088,46.4126341562473,57.6741735876841,57.6170123221365,51.7163959496038,36.4281921362434,59.1708636340236,43.3157378082192,60.5837104333206,58.4978312040201,40.9231105536249,51.1147497569002,43.0946061148572,41.5195776110577,70.1577218084165,38.3236445528003,47.6053581622111,48.4538795225746,34.0932898350426,38.8173009753514,55.4704273971487,27.9642459626218,49.6662990140273,48.7267478134881,60.7587767244886,72.2934828160664,52.1348091935686,54.1094855665294,42.9142507977783,50.1290556586902,61.5097550502276,56.1498248167388,45.7193705530733,63.1584122561984,45.2990566687054,52.135997771645,38.692257152147,46.1250700814605,39.7049854879459,67.1722299482769,30.3021397342307,55.7089351126508,42.0878043124052,34.0090782135999,44.4537460710703,34.6131384280773,45.3414470877354,34.9633736842655,42.8652717243405,48.0906173827555,42.9645718391908,35.9467989799245,47.8715335829791,38.4318657642553,49.5159419835967,34.6167402039356,44.7853047089888,30.5675427005975,27.7244714914958,44.9874449520026,34.0628094997356,52.7131269598448,49.3328672031007,34.0971345826082,38.8255019530608,54.0366706801733,42.1521682186013,33.3883448633191,27.1395559054549,35.7703615129799,54.6977011881562,36.6000746369604,37.639795850998,22.1985442111836,44.4005403628877,31.5483602053548,33.4853783216754,34.4683181828324,36.0839720648342,31.7021255463452,44.1019798160986,34.1827733157597,20.7945711179419,39.9062984506634,45.014705471558,42.7388394902496,40.4140774715546,30.4670023677509,48.6394008993569,30.2435595003,43.8734361363536,30.2275955927442,37.9202137257194,30.1020150237086,37.2204318332883,23.1456076900844,31.0687317006723,30.177366239393,26.6293326249709,22.4338623400031,26.4967721167187,29.1410252943532,32.8699115678266,22.4270204876934,25.2597898383029,21.0207733152123,31.2399792965949,15.3639472781094,17.6306283334525,19.6017762032676,22.5990338186989,14.8067169135279,12.411959750369,23.1053309289453,19.0741413521369,15.2879423203915,14.4554847690371,12.1112994517192,9.82509683154721,20.5873284581691,6.08051668976855,14.2495219625937,5.04021038496871,4.36690806917721,10.1461099166428,16.4030906227283,8.45438574993075,NA,NA,NA,NA,NA,NA
1.96809065939359,5.96041702408446,10.045870522598,6.00130197204183,3.05461295756527,8.91811966993788,9.76044088270789,5.71327108779506,4.52413130261213,9.08191576651377,9.53282026046593,13.5414394273064,10.9282179548319,4.18244669445312,13.2665249830339,10.333907025547,20.7005635749632,10.0945636524624,30.0730473754517,20.5100923904946,17.5981302083704,11.1954596407507,34.6816877011248,10.4158666153846,28.3768051900373,20.5283228873942,21.112790542887,10.7710556798814,31.3565659181634,11.070505726383,21.4222682478724,27.4056248923997,33.6463032238721,28.8068361669896,42.2987954576377,35.4896769879427,23.6689454744877,36.62284542424,16.9141619585406,12.0101027690329,31.0006928530432,40.4703345615898,45.7997285297168,35.3141784917253,25.9371425396415,33.6892379212662,39.3232711962056,48.6926896388766,34.678502536305,27.0961708401818,32.7715531896669,43.1494214149016,31.9378460959939,51.3491693641313,39.949800781674,38.3858432671768,34.8365152944584,52.2490848431136,30.5838456687721,28.794581824573,43.8324081364828,46.0288358202582,43.3815453849481,59.7568990145398,57.423066627768,57.4070392596341,52.4576948388229,28.7997720805875,44.6818010210288,71.1795762778247,34.3699870624298,26.8677956079427,52.7664434167184,55.005908729574,58.1057979902894,40.6898606324485,36.1508865209826,43.1617878492138,24.5770187771088,33.2665967008827,41.6258551208501,39.7371834403676,40.2000150683312,35.1615303121721,54.6137485531216,45.0692129537431,48.6784352068806,67.2323971978561,62.8836545523463,50.3477122641332,45.0694944854107,68.1530121049586,38.7818749847894,60.0512481302668,50.5893009172719,57.2019888141925,44.9216505692101,45.8491538463588,35.1109017708349,66.5212197570292,33.5678220789261,58.604016686379,43.3386353060189,73.3378149615368,53.5618084067495,27.0321838809561,52.8674426627348,68.0236145191855,47.6029575643313,34.5492609380258,76.5412939036129,52.2412742316134,37.7336685757246,42.9561318750062,56.2138253489556,40.8915184155548,36.4053024818821,38.7488741250455,41.1247443642421,42.6047420292637,50.9689060641153,35.1962807617678,37.815922562782,49.0730580410867,63.4666077420458,50.3760664021063,56.8362071202885,69.7518704657665,78.6170001578478,46.3527702479014,22.480408670494,51.0481957643918,57.2473816532007,57.5387532135291,56.9934692322225,72.3741681557584,50.7857621231355,59.5377459060883,45.4161241445901,46.6095831495744,35.7465043145147,58.7144377819387,59.7417277289912,55.8568375986692,45.5501689629704,63.6717708679175,58.6569351099123,58.2437371221764,62.0091039643256,52.0632306536707,70.41731574415,53.2789489893525,57.4730518437228,44.6730933867835,50.3730503175356,56.5182397983266,62.0040690427868,59.602035121365,52.7462435137382,63.0824920724327,33.5353072836441,70.9677314530568,54.5177333585873,58.0924172591303,39.4206521320915,29.7828399687849,54.0157985635542,53.9470512704701,44.7862159224828,65.2084074948817,45.4627544208389,56.7289925766441,53.6144572508296,39.6550957931852,51.1803260091349,52.5950393231529,39.4112984009253,73.7997346860056,51.7234751649695,57.9989750425846,25.4245374612079,42.7185738128804,37.6875869462236,53.5719197072858,51.5524510547484,45.8651912404706,57.6634383144541,38.0543415717325,49.9682751366937,58.3473627314517,62.1308536929883,41.0377844997842,43.6385576748448,49.9579880863117,56.8935058978096,64.1700083748889,48.360965397884,54.3939977097734,57.3808759757711,53.7222583851957,55.7349979908438,60.8745882632478,66.561051093662,72.1085323891902,53.4790500726436,79.3201815667234,46.7657128465536,58.1588152821775,57.585783421721,58.9408238598366,48.1647715021858,41.9597782533525,65.2046654892798,69.7395088161416,62.4116692950794,63.1743145310571,50.7276634775702,49.9102206393056,65.1128630897744,56.2236395843419,39.4405726342319,35.2121659296056,54.2193364005974,55.7942343001422,44.4062722217024,66.3653002375705,61.2374999341266,58.3298822252178,52.2377662665686,44.2438907956084,60.1789818001492,69.594396126873,43.9256472301441,36.8178525076415,43.4244638369644,56.6954185040728,46.9503925982298,59.7601303301458,41.8875260175009,67.9347654359668,55.120700019775,54.9777282649145,39.7488762419568,66.3799266324769,41.6265581803567,55.9027016727444,43.4346980780739,51.5549906892582,27.9179390656658,60.5919910464197,72.6082833269445,48.1931621903414,54.5725669549292,49.3165160847971,56.2630027943073,63.4843139878156,30.1251727045107,54.4751709175514,74.6698819128679,49.7311476222235,59.2417038694597,48.9576222793742,62.6286010844216,47.9267462801777,53.4893023554345,47.6454031630481,57.2798307915166,41.9976835932236,60.3258868968643,73.5957259205465,52.9173511448218,36.4082968365264,50.4637337520165,46.428837570326,45.6489397850878,57.9650181516943,40.874654117965,69.0763103796506,54.056475981278,46.1333441363619,55.4236395355891,42.7198255297172,60.7619212236135,53.9448187071102,58.8729797226498,54.367496765777,45.3924504646714,48.5703745812351,44.4736297909547,48.6841616844011,68.346425986906,45.8115807277092,53.4881948382257,46.308187516453,47.7228832329109,49.856212347241,43.1401108848372,58.1388216416091,49.5122137474092,48.85854276049,58.4894005911956,35.0288822372947,48.1718974649606,44.3584718648589,36.4512609074975,61.4535869256254,47.9288441149099,40.4081120435952,42.4279446967024,35.0289175942376,40.574780987808,57.3505167466715,38.6115666116986,51.9630576809251,39.4102502642766,43.1933415727905,71.8063566514175,55.8998068329048,44.5533206882967,50.0107495438148,51.312884833614,50.2092217421243,55.8914999788935,53.9851172627417,34.5093716625885,44.0486444980474,47.671341811617,34.7491172723591,46.839326872782,34.2269548837386,62.4791228677653,30.8610178707691,43.1640887038566,39.9311361210157,50.7101261189056,32.8720981899715,28.6590761069387,51.1697943882722,52.5845366438949,55.0262059561456,34.3723621421748,36.0342281949757,43.6793452379251,30.3221412127311,41.6116983237784,33.8407980992898,41.4478553578834,44.6046309414187,17.1490961998362,53.8995664340175,41.0092454924394,25.7679443455636,22.8602883605877,34.1050943698056,39.5594036602648,28.9476435896869,29.3989521459184,27.5256435271108,16.4938433606553,11.4567106306709,11.3944306170735,20.035734662525,26.8355395938965,25.0970192583428,23.833779280773,18.8744830501676,15.1023482522262,23.7036910342882,19.4810939178285,32.33962175939,15.1867719750629,14.7474060067986,20.3956580820318,25.650687111432,10.8382300425464,17.6363330740177,12.4650490218526,8.1045285816959,10.7205591801468,17.3180362279606,6.77615408616641,19.3319361491083,3.83867502475734,11.610063095148,21.4104916707076,6.49128840485585,8.29773693071959,NA,NA,NA,NA,NA,NA
4.14648122191582,4.46467124693574,4.50505059034713,9.66728678271912,5.58650292396606,10.5207406157887,7.10978518112149,8.76236264109916,9.61155662001942,13.1617639884028,30.6972825946471,9.53650530366181,31.6478489923212,10.7715083084717,17.9355892503907,8.98657978631324,15.8678595453302,17.2545709768881,36.661717217392,21.8299421273812,17.1532168426311,22.3991457034919,27.4271917816729,32.3864200683997,23.8572420569913,26.8099308739731,29.0678953537327,12.5423379988837,36.3868630674322,29.4681761842279,17.7791911422261,26.6075954984616,28.8832601165708,20.8082996084478,45.2536010855143,32.6417333682515,32.1802838893889,21.0141635619329,39.9700477803801,25.4767246336124,56.0596343973351,31.4845962612148,30.825875521551,37.2798157498907,18.9908548510235,40.2169511210037,42.3600875405891,48.8986291566739,46.5633153398641,47.2836533989721,42.429976897374,46.9629510664096,43.3180386686761,47.5313190553568,34.0124765085092,44.492405588689,46.8130029237266,41.3411142903713,45.4747088309258,53.4722620187984,48.9990859940309,24.8032831089685,39.8095933712975,43.3119826273592,38.955210133242,47.0793426050832,34.5879323808059,53.4342830935043,42.6505323523882,37.0218882711852,50.2292593167232,34.4010684090144,37.7913924246349,31.5696894855619,40.4322824470968,59.8625625541263,35.1736814177851,67.4256041963158,44.4589410852198,52.7358934160345,50.2806284546902,29.2861451595205,44.8324034458635,47.2693618266175,52.32641397063,39.1825241652139,37.7021871701893,54.6138714759928,57.8395670602619,51.2392673262575,50.6387775661252,46.8421558470318,61.0105673128049,56.7538053150663,40.4554556351478,66.8742989344611,57.2186115135099,41.7665575494479,59.6635233793161,42.7876190042971,67.31269159974,47.3351537611604,43.3538676759607,66.1404269353704,43.156749788597,68.2026231011059,59.460637031499,57.3241334444664,66.0252041329053,59.0918614181674,46.6122770098426,57.9746144377208,25.1093197629991,53.1624057822212,41.7291191797996,29.4089320190988,51.5898684015209,52.4039536288573,60.224301631365,60.112349687516,63.5907427764638,76.5301578928957,54.9098212929903,66.2365702179362,48.0082686315681,61.4217561994543,69.3355384080716,75.7561075587892,58.6875788636268,49.9285947640811,37.1277486229734,59.7558592056126,51.5155473944219,41.5431334599153,41.1935233271948,28.4017085094843,46.4253585372888,48.7558661500367,43.0122282274192,50.4051799548052,53.4399587926474,42.9185729090046,73.7439058810213,65.6101120243285,39.0001172935018,59.7624072683054,67.5910356967929,62.4798185715395,65.3105161287482,37.5899859414468,72.8737886238453,68.0315130950211,64.2926141606638,55.3710052409403,31.0579146932853,40.7896372797309,69.726570635179,40.2767941773382,59.1998705017313,51.0177250600346,47.9252203699937,52.3248187252094,51.0767645260698,49.9889209101583,63.6143683454351,39.8212022685392,30.2634567923386,35.2414673152153,44.8777235962888,66.2369287425711,52.6135635449922,58.6447261959203,63.1701595829314,48.6723880825503,53.8855958164346,45.4431287770603,48.2025956118443,73.1265778315204,63.3472144784955,59.8844090203326,42.2478779119087,34.9273835008375,45.5390260654503,38.7020540469928,61.9916566233736,54.4292541629223,49.2900228345503,55.3421433513358,64.9729610617523,56.4905008481494,32.0013424250358,43.5649744281738,74.1663510608978,46.6359900579962,53.0984335835295,50.2724289195805,81.5056843169852,65.6166783494233,58.803991826355,48.2860539308507,45.6489510832037,56.5564588304996,63.3499474546115,69.7578917330217,55.991977926748,65.6933011112159,59.2115249471117,29.2934063420318,36.9620876771934,40.1730401893542,48.4606019297564,40.2133175780929,57.2206470816414,54.9190559211643,49.6853466346996,39.9072695786293,56.5152286945389,31.5929423519416,69.1842171359496,80.3049094496368,52.5003729165954,50.2505338165405,61.0510677571787,65.8103594126915,50.9218514429284,76.3554278951805,53.0824436492516,52.8425324809487,61.983417458383,46.7245198260625,56.681616600863,48.8693923333888,58.8053722341738,58.1247302474432,48.9194750454484,54.9898173962486,53.4307116461114,54.5445603403643,49.9414878499101,75.0209480726117,70.1371273299604,40.9061008606272,51.4236082902018,56.7048269946542,46.1696979889955,48.6605483398353,42.5715333401204,67.9214416136042,61.5161421146456,37.753319815355,70.0833798261622,41.8907939819322,54.31155308942,46.6426897152063,34.3893557573669,52.076884203748,43.3116596488742,54.7619213970587,56.9756853392463,30.5058724397864,49.3686547603681,38.9917409105067,39.2563267424671,68.6669934529498,60.0494781736447,47.5784809409981,43.8137824669765,30.5495195241119,52.3208580536545,44.9462441771173,49.9529483603086,68.3209430197856,54.9940406053339,37.8950793537116,61.8168173811599,48.8044852741376,38.4187396010205,38.7757185110932,48.9670752441299,47.04861058642,66.8343753753927,39.5904549455118,44.8251565519149,37.2836157270465,62.4356388225081,51.9147188941666,48.2459214101515,40.2077778113643,43.6051228424708,27.552906811102,46.7814758404346,41.1002600254984,48.8597748055477,72.8601906639459,42.7983327594956,55.4306112203008,72.8652395973822,28.5488448199091,50.4893345771434,47.3484111737655,65.483461734259,58.7221454205565,38.4234125670459,58.3548502155494,48.518522245307,42.9503727140551,56.1866240732822,41.4024065761748,50.8642756880206,39.7482428170314,53.7451575866333,47.9742767859885,43.2235749180303,58.4710930460333,35.8730279995538,64.3255019276482,33.9571994644377,25.7101090683343,40.3135094529815,40.5334257920961,35.4100167174235,40.0567668620252,48.2028470406482,45.2147269613402,43.7774761232246,54.6136059049953,45.0101512431969,37.9423130825059,43.930983454739,37.7918826399147,47.7203700190924,49.2450995229017,48.5946521654372,35.9969154937262,61.1583265777916,34.1495034678852,33.5316626913083,48.4384278722739,32.2182733620109,22.9400331392536,30.797080226932,38.7110462063351,24.7465834092165,27.8314232964597,40.7155662834111,27.3192585993993,43.7138722634366,35.3207485715427,24.856835775174,13.3266218128164,33.2673912607652,35.9765817028757,26.2465835075667,28.2876918517608,29.3494528531812,35.0119019919131,29.1154106161856,25.7176367240192,27.1666975966216,20.1728145410863,24.1892603815052,22.3176095921773,18.4538080541604,26.00080776861,27.059534093628,19.9785926519311,14.967625599933,20.4858577213147,12.312921653325,21.4710520108633,17.4008867114528,21.1766604777654,19.0328205847185,14.4685056112243,25.6308585336034,19.7944223896622,8.84732848939953,16.4822543050379,16.5760900806351,8.39027370720151,9.43629200241522,15.0508275305876,20.1054856069567,8.2530670293239,5.08871732738033,15.9004772050086,8.20267981862767,NA,NA,NA,NA,NA,NA
3.35793747157351,12.1815440508059,10.1949744563357,2.51306960270053,9.04749546417642,5.36005618694843,8.18937845224899,6.03411636344546,8.54940754863484,11.246833637736,6.94002962793058,14.3245747664621,10.030634211652,6.26001309751033,11.3976185159743,8.44915947863132,8.07258046023339,7.03751411370892,19.8881851645883,25.2731098203953,12.5754616197723,13.4153590586305,20.9693862900105,11.1651473488435,7.86984799382515,20.5728432074851,13.7194411361324,16.4891345363693,18.7234994239665,27.4343099996563,12.893949788569,23.6263603533583,13.8776564176427,21.6162448508096,30.7229126768843,10.5442142124883,32.4176558508882,33.0668594975447,19.0744148502229,20.5229145990764,27.9462940902086,16.6749395945618,36.3993922183675,36.4299159178198,33.6798427237993,17.1226038549877,41.7186853823044,34.4350651624846,25.951484698516,27.7824585166542,42.2546461547764,38.9361712907405,27.1795139402412,50.081502576322,37.607952894845,42.4970051572912,25.7867329830755,54.9385298709081,22.7185704676949,36.8116658955066,21.5694550915868,32.1148372757456,42.942240184338,47.4039753712605,35.0951176272622,41.5546192709352,41.8089722339814,36.9355343202093,43.7671814258449,28.8249293698969,25.4453851004692,48.0789341201852,39.4872720112901,30.2201851140045,25.3567235975885,51.3875576935425,33.6674802692513,37.4448429687611,38.3813339247826,35.0986814520718,44.2761366456093,46.6770195434782,36.0784435826173,36.2831731203359,42.3401335355074,36.0051339609076,47.735107980031,60.2780854604716,46.6707840262082,59.4747653110042,30.3956067788914,39.6469524238306,55.4862324176929,44.8651379058733,37.5548936750026,50.8654423399577,45.6550970871161,40.0499522628684,26.6739302276141,41.1099528696575,38.9028469340051,37.1547837510028,58.692333751764,36.0864238954136,46.2125389565756,38.2733097240548,47.0221686104916,56.2128332263553,48.8730483229988,32.1371641191356,49.3149881179306,43.7112626556231,39.6940892295283,41.6410136078912,37.4556246008614,43.0941114573047,42.8946012413865,53.2236508308781,47.2428292684547,39.101438536325,40.2022530151343,38.0330588109757,40.2790045789363,34.6750116945753,38.3705393226843,37.4072656485528,38.4517845239615,51.7663867934948,74.5140472456755,53.0782671022065,62.449157615867,38.0360323461343,80.0424641411105,61.9505151975942,35.4128664369166,32.1806927125929,51.872860725416,54.1893509756853,32.9665270637857,34.0172582815174,50.120237630889,47.0228250575427,71.7307665949495,57.3879938407907,34.6611642987023,45.7195858802808,57.5602773175272,58.4914347938888,51.2985127113648,43.9962889909333,49.2501711938708,37.756455689719,45.2875654822541,46.8034749745424,43.7419221824846,34.684359054601,51.3139270580253,44.6651400231637,31.2738685732213,52.2496481170679,24.6390595411321,58.918122800642,51.8419309225675,45.0940655660444,50.9775365608141,43.2826727159551,29.2809638735613,59.8209942713723,43.3815256087341,53.3250422990033,53.7359538952367,45.149168696804,50.6836188685185,57.0281206017085,28.1876944569372,53.1896037472752,27.0490461295089,44.9790521855659,43.1870747677422,47.1679721400361,48.3833460178051,54.0010735030846,49.8017343698304,41.7382775026883,43.1822691116129,51.8085753373539,36.2191829363682,23.1357588608752,52.6595402837013,54.9063567956822,64.4734139151223,45.6124185388861,60.9376468775514,40.9689209798745,54.816108085133,35.9361528049365,68.6514639240122,48.0792503289168,53.3061410906254,35.5089816414841,56.5637408077316,67.0228402633299,66.0345778914126,60.9533396916085,42.7533333477781,56.1245794986388,39.4245252063273,45.8340734386733,46.8815416503306,38.7919732778475,44.0604265735147,52.8928882517161,48.1994708878023,37.5441630465941,48.8177674815551,63.2685502977255,40.7943322915891,63.2781620672885,47.7214697225709,53.200588244066,32.2013523633278,59.8234155235306,59.3651825823916,52.3733054089299,47.5870466699486,66.8700470621827,37.8600634152392,46.3476670347894,50.8102511949294,32.3586522230215,62.2920608030874,63.5577011271381,54.1549916483436,68.2801906590916,45.1622516972906,49.886700869597,50.5558474701015,50.3395783439421,43.6844471326342,47.0968218276382,55.6011102697409,55.488802455438,33.0149539811574,32.597290321612,54.0420174534961,30.0237435608526,40.1067046791495,60.7310487127159,52.991592889665,38.6862602086064,30.6036376233673,53.4259753940671,51.9319001461809,60.8262051743902,53.4625289554515,40.8635974344242,47.5084480290137,44.3692153493943,42.4577213472483,42.8590801215179,50.7838631473241,53.1511898749039,45.1950451579492,46.8749107229777,79.3276276287269,47.370525014911,54.2770337574954,49.5668588389086,52.433466980775,44.7085339518226,57.1309976914781,55.1060721337733,54.9580949669708,54.5387858923831,50.8083411707825,37.383876498028,49.217596977989,50.9922627765247,56.5727328742889,49.2640701792128,40.0075055673583,52.047453182123,53.4557172933971,38.1539124165716,45.3514110068909,44.4690518886656,50.9192778879556,45.4224273510928,47.7971378018953,43.3221387173079,52.3578189008928,60.6525077650866,38.1537098932291,54.6538122709632,29.6512264639472,48.8517313943874,51.9687310051629,57.6998484561149,55.2404707121576,46.9399139239234,51.8226813129685,42.3085198401519,40.4037136300075,45.1989522311984,45.8119209109372,51.1122107511487,61.6211595473078,45.7051890708648,43.8408356841928,40.017166108674,56.3541466802366,49.5645216140273,36.2541587571851,41.6576230089504,49.8323258199382,31.4646071167567,34.7393053657321,37.3790771306898,38.4099777506147,31.0917935411095,39.7957574809667,51.2618099331316,33.135759565839,46.7525325398681,40.7672137258547,44.7933353665785,50.361094261801,28.4451284486248,33.4037482971001,47.5111024422318,30.2429427706478,39.7208372136436,29.8802401562939,25.6252973807552,47.8229499560526,40.0889453084311,40.1495901098535,28.3833795670552,26.3404113124619,25.8649684607782,40.26988206961,39.7125603066533,26.794596359731,35.2180298270927,25.4264393082095,45.2106182792041,26.6542560288513,34.757357043563,19.3415174269201,23.1736737685796,32.0334280500417,31.912292497606,32.0120937215965,19.5864981034894,39.8027929834087,31.95674453641,30.6644068529743,17.8344310735729,18.7815060869815,28.5959739627891,19.1027454799169,22.198961803858,19.6746662295076,27.0301297308819,20.0216834356048,20.8776110973666,17.4692317766217,14.2874204395617,26.7797226281082,14.9831705809694,21.7003517803172,10.9826835652222,18.0814889269655,9.06553458856581,20.8993260380575,10.4755232010755,7.82561564013733,9.80123725737593,15.4686148437743,23.3154594850845,6.83349077831991,3.79771355548528,21.3965408016977,7.34866726223409,6.2521640615634,8.61512839460585,8.93162591071495,NA,NA,NA,NA,NA,NA
5.57084888964379,8.01220149906596,6.17193653467725,7.89170511681122,6.46695318083937,6.54523456838221,7.56522231226949,5.62801120138628,9.2431551892183,7.16379031027326,13.0341162316631,8.67648318163753,7.70643751087114,8.77979446312449,12.6317604073608,12.0302005618427,7.86131281748192,19.426146092008,19.4288945009556,18.6423136910879,17.5582396016178,21.7939303874433,22.6942884689334,21.3090369635984,18.5478827489715,24.6752464442516,17.9374908730904,16.6869572257658,26.9668314969681,17.8765040422505,31.5682824674571,23.6837890059953,28.972528231867,34.3500513670502,30.761037635003,21.8160884621819,40.7670360294732,26.3505451477062,30.9351456102028,32.3079250385412,33.4113271160245,27.3605298189448,30.018017021555,36.1377541604653,24.714491723526,31.7788140837922,35.1292723180415,36.399857224923,25.8151551143488,25.0476293584324,28.5852446124683,41.8669652848384,35.1183575686305,47.7397147362982,34.0183724791286,31.3863352455193,26.2660673463778,66.6773871066966,60.301498356272,43.7730835784319,45.4383177154085,53.4051220831482,19.8556723850978,45.8428620838401,42.7041639437113,46.3678522433317,36.1597703443567,58.8390089372111,45.5346372330447,66.0643569017114,40.6967473293296,30.6658467344443,47.8457647779925,46.0083666191065,50.673718818775,26.1135628586133,25.8138211983871,45.0786459190187,42.4359053257487,39.5100703806042,42.2592143598406,57.4733873238557,21.6245617189677,40.3215798795001,41.9933981542613,39.5377338412017,46.1172149552571,29.6766033136346,48.2140092756476,38.7579230567051,41.2164431515705,40.3130930121657,35.8562411917391,48.260641442428,41.3878763538737,48.0530234454343,41.9790668669783,29.7994152364867,30.3858292259936,49.9482179305914,48.3870309947874,58.212171101672,41.4471933055689,51.3080067850195,41.5940051120408,41.1483120161575,57.6076020513631,45.476957732197,55.591352756576,45.3423627066534,25.214038336528,31.0221877314079,48.3514762922808,50.8231495272815,52.8769315437413,53.2169287114461,34.5879293207374,40.5827240694982,46.2277464712425,67.1216751875714,46.6950275892599,41.6306907174239,49.0264403014764,47.6842146029953,32.2133366789473,32.3374777094878,47.5522378710914,58.7622763440189,45.9016806686085,51.6055603430193,48.9711237638183,46.9567018557327,47.1974372178828,56.6010902753057,40.4804359178504,47.9800936481577,46.6794430720775,36.9159030275518,35.1393219364846,49.6304026562648,41.5900844059735,57.4460690725578,51.0931902757851,45.4479878454993,54.9340744187199,65.978355778409,52.8318718406929,43.3336718160402,37.482059168915,66.6146568058662,38.344046106782,42.5237091986159,42.5506655378003,36.009137190477,65.1403101640873,37.3340977109224,61.394348986045,57.5130621957064,37.6394631013425,61.9340513322552,60.1859119860779,51.9619430877023,60.2969875465223,50.3430471578405,53.0876981642893,25.4362948102546,45.491021013266,42.8262119631391,42.7071151167192,59.283556124047,61.6019005364268,54.2054193685048,80.5314917313162,50.7006088472018,45.6398898343021,59.1560226315575,61.46670526765,59.2021927462095,70.5909968337603,38.9808852473327,61.5690910696566,61.3675785216362,49.856248739981,36.0948825112904,55.8315608535925,49.863166710684,57.0562596712964,55.7958274496654,62.22803790333,63.7683772828338,50.8328681938408,62.2859295616214,65.9238530695562,38.5320718501312,58.6072951328707,64.1786268460762,71.8973135538993,37.2049676745776,53.6282826074215,65.7196015895595,32.5433170669652,62.9187884009581,42.2312952139155,62.798708703846,57.5915646552447,55.582271227434,42.8272479244853,56.3213361507721,44.1879991843577,38.0068200119378,47.4321749758529,63.7866736309418,75.513899624911,74.8362124001292,43.5904106055162,50.0780912300665,55.7770543007303,44.6492667706386,51.3619057949139,42.5494396248456,42.8989212395805,31.7582304261125,63.1583372116207,57.7112441661094,59.7688784054032,55.7581415154077,79.5157194857025,43.7416153579456,52.1947299987282,49.3464755139466,66.0574248127364,95.8314501695373,50.8402030205408,74.7093603644972,66.78156650203,67.5080341785063,61.7241383470907,59.02386964807,59.7495264325872,61.4625359745745,60.562528005295,60.2429776551502,54.6897842156724,64.5865466659009,74.3401122562213,68.1487953155771,52.6733027193005,51.3098118833586,64.7840345577227,53.4476657267728,64.9852113804285,61.66996979685,46.5380706738321,64.584660194642,60.5914793837712,41.4162911875635,59.2904391439067,73.713888765551,46.7743808862045,67.1428712783717,50.8625696837277,41.9990899069854,77.5860996976453,45.6620296098388,54.3295558239669,58.4088722579822,53.2965530246136,60.9570134126122,54.5413611969215,71.2512559418271,47.9429838982677,68.8464647993985,54.6435780054927,45.0863040515944,52.2135038075293,44.6788375075817,48.2401601262972,61.5899511146029,66.8092807793739,30.7072794745959,39.9870848728811,41.9900548639084,55.3003466781255,51.0755419071754,67.2350312820136,57.0968000610008,62.8439306033207,48.1588546200392,66.4623999342908,54.7146010015805,46.4496254484476,42.5371696520118,63.3063298195415,51.6824527164984,59.5135826026367,57.2640493602074,47.8558425668641,54.7263446423683,51.3576731066427,34.0886983639198,66.7117502619942,68.8482812005609,47.4192931316263,55.491859954843,48.8459371714652,41.2550434357985,46.3988276560612,45.1398855224233,44.3545660183344,66.2428910517815,54.2474329386508,50.4035563703041,52.2056316396018,52.0862648450165,29.1713877308693,42.1367815668006,47.7431226717333,45.3450717751414,40.5834388936681,56.0717812818545,44.6141161543263,50.9000093619116,43.0418929528146,47.8562006066141,42.7509365942508,46.487095507507,46.3943487832968,37.2127900184271,45.5081304958581,38.652403205209,31.8270794634861,36.796843924506,39.4514576103801,19.9081997522004,38.8251203609159,45.9691514667098,44.5639455612071,46.582765345795,42.1402436119113,38.3633007942628,42.8708315769624,34.1251459373166,33.2897921378311,45.9127859876185,36.4614824776987,39.5162602847373,30.4622860199412,49.1092682138649,30.831588982239,38.0371820871717,26.2269793413809,36.3496539380746,28.3734904476105,40.578626646077,47.8946766219965,30.9698697156058,30.0033148640744,22.42859407651,32.1718560299461,34.6134093508342,23.4969454677161,28.8046604589991,42.7575776961227,25.5073365935914,19.5070966437773,25.8260076234907,23.8405756599662,18.632434067402,21.6058371907631,21.8587825103599,15.5485047382667,14.5345128742993,22.1361362257409,15.3971565345384,11.2712589908692,19.5260683095436,12.3576126607051,10.7818334252905,10.6673181469683,20.1351480216482,18.5118496326467,16.4193363737988,4.62353279564081,7.16878580123269,10.8866643625933,3.28237850302008,4.3052884917525,NA,NA,NA,NA,NA,NA
3.72789781218839,8.46476145455866,9.74335950135439,8.37848320131786,3.37140624850642,7.62567083083602,7.04405621179394,7.97355575178335,11.2461241587371,12.3680638500286,17.0658300586078,11.0325729462025,31.2862808372259,18.3840427826505,26.6409309623016,12.9399561874041,15.4879076168242,27.4539819939494,16.0656018807596,39.8685424423203,27.8789009554951,38.6647274379256,28.6167980027577,23.0458681263556,29.5976437981534,36.2933396118932,31.0391450103692,10.4309682431304,30.9932104355827,33.8836613058296,27.239500234425,28.1930210918224,32.6973488177458,34.4415715479292,37.9822390769925,41.3807239195342,30.6691788613203,30.0493641540785,36.769641388358,31.8590270236499,28.9633765513221,36.4223559150687,23.3745011993577,45.7221064608312,20.14610222887,37.2305854066532,33.0563644254262,41.7444102544594,24.2379087804635,26.6346262678445,37.7456883960633,42.2041818368956,48.9947647470652,40.4660554669369,33.3100967474807,43.2807724548254,33.5464833814606,52.7363356319933,48.9642643139329,39.1986547548662,48.3247025876331,48.7281957314557,59.2946522111519,41.1000719184612,44.331056295679,39.161796069804,57.3138422544184,64.4493718616655,47.0242437114977,40.9444857313624,32.2098860321221,34.6192342609319,28.2511333230357,44.3042596229514,31.540155745135,40.4964237701519,25.8266825485052,63.2681668024226,44.3421223690532,46.3761401630115,61.3261135994694,50.782638648888,54.0371527370392,63.8483942206655,31.2948816720917,40.7317702757606,41.5613740384939,58.4094528962326,46.5667731434035,65.4865127168555,48.6889789283577,47.900191585061,37.9890548087703,58.4029645686232,45.7074155167261,49.5649299170305,47.1755361908972,56.9606466915341,70.0142179189955,59.3649749700886,60.4379772203247,62.8511945393215,54.829135694962,62.3193599045033,54.0824728813743,49.5833564827462,68.5528805903675,65.1402294033636,62.8663863910154,67.2609004802769,40.4134768046082,43.4691413306479,49.3221000971549,55.4055128350045,68.7508924786425,61.1165619877748,61.1671193516756,73.5422971860637,62.9409135990981,66.992996772143,60.5026715158303,53.4345307751124,59.0002712925407,54.2940682794057,50.3764980164067,54.1305167292407,45.0811871253695,59.644906598328,39.7467843167227,48.7674341060845,40.4980984774563,63.7988225038249,71.6591342562169,48.011203552175,57.1634047673704,57.6051699054843,43.803899318039,68.3115799815634,68.1625481611268,63.4551472472619,58.325578097167,66.7695587551042,62.8174257916734,52.0105580036725,58.9265461992827,38.6876732493775,60.1080719271846,43.342031301665,50.4596598065174,43.1446920570633,27.3487654797916,43.0918100991302,36.8219634166123,46.3683841786578,47.7758891420771,51.3648998655649,52.1784390819614,49.1961037091801,38.2570100352288,57.0716828001862,44.2235547638665,58.0002358128653,47.2898154386042,49.5681523659895,64.6082113140695,24.9408245938841,60.0263291527795,58.2010158919843,33.004846420437,66.0368549528543,27.254995232667,83.8830291260297,64.6191363651141,60.8741061598507,78.1035092668653,55.6908783510123,48.7184723329875,55.3454719737733,68.0459869745051,75.4611257879383,38.4205330554581,53.0409432432343,50.0855558130421,55.8973998786253,46.6104280818913,54.8419597351765,66.9048158126362,54.204351094441,66.4364133244341,33.5252275829736,66.348759704549,45.8523522786615,69.2868435746391,35.342863809863,90.4065168577608,59.5257675639616,66.2539452296915,65.4518274876942,67.2818020375021,80.6828358937021,48.5132920950407,65.225753719876,70.1378367486309,64.2180577146336,66.0560663614218,74.7129925602589,50.5121794296201,63.4052231092897,43.4778832721972,62.9298936215633,76.4449801673911,63.4667177825985,54.0626451828742,60.4964368187552,55.468915131847,56.2084702468594,66.7929023624474,62.7571236001147,74.880470729163,54.4908173502081,61.5182805437386,70.4095504529527,58.5345211897583,35.8190548479238,70.9006828154278,76.2350832779593,73.8112256888696,49.7715554872593,59.2843911069764,65.7750690402447,77.0557747738243,60.9493996441601,69.8221310397063,68.8380468861307,70.5532934621025,73.1920615496364,64.9220663865622,76.679286015952,61.5518999720392,79.4190321924914,78.765784504252,68.5989208784169,54.7225210240145,47.1971570684776,80.2515458925599,71.9208380176897,62.1984161655157,54.7542724542002,67.8598348839515,64.0697857202036,73.0955083986387,49.6488470069633,52.7478500935238,73.5671735953357,73.295060126547,55.5660970614785,61.3181078304181,71.2427981053764,68.272661058953,63.1438144166537,54.2362511913413,56.4751216587283,55.8961592356852,62.8698640838916,70.9965495189985,64.0826560157683,62.4305353391693,72.5356629381083,47.7994812382324,59.4110399784005,65.0460651064203,61.9303167822175,37.3268890824559,60.4804460523742,48.6263440649019,49.8824251634873,66.197389751824,77.2050250852725,48.2502782445099,49.2176002412208,57.3818159343184,74.3845476211855,50.7650775817751,51.1461450045112,44.2676716176284,50.7559639836071,57.6493116257044,66.2016835816338,54.4387703243873,57.4584188470557,49.843829444662,53.7774142959508,46.2459408051592,46.0987687877089,69.9486937225299,57.7257472343879,27.5115700803356,57.2127673811314,61.720908721718,38.7616976434844,54.6843611163071,56.7561205689252,49.6553500837438,43.1592510547866,49.6380912291392,62.9841757801884,50.158008985535,55.4141462240327,42.1868669418339,52.0431774389972,56.8614648652649,51.3166501622191,50.4883947314566,60.9859155336821,57.1704996364307,55.1809778297031,59.6646181008827,46.9224351133117,50.4112077001363,50.6136509113745,49.1332376468777,56.3879338340693,48.1139346250775,55.7607253088644,40.7410101376749,63.8211271110424,41.9617273094328,30.2849494777428,38.2700138829825,27.9393194696893,49.9476379887526,24.4297015893398,53.9621848558068,37.1321739016434,44.5492147337048,46.6079131565489,37.1277887263763,37.0931908079991,39.4695516978279,53.2530917421334,28.5387359690603,36.5392421833259,31.463314199019,46.3922673878744,35.0800451449345,41.5047241456886,37.5807169706234,39.6807398490128,26.1316005605043,35.7070173446126,24.2543018503367,37.7719304497991,17.0246611420062,36.2237176698661,29.7407256347492,39.6650784218056,37.6447136605551,29.3811527534812,18.8596805450677,30.5426212551072,30.7534795923609,26.9732027089727,13.6567494611593,24.2696739195458,23.4391733293493,35.2642888668205,20.6552172092313,24.4862289338214,21.1665316379648,16.330110201347,22.033788860225,19.6462557580284,18.5716213603541,9.46704351304668,23.5226979027962,21.1516723206838,11.8095479425731,15.0955391864843,12.6322988058721,7.02321235222601,9.33356069470347,13.7537039631172,15.8879420448464,7.92086972383288,9.68308023319178,15.9413937610665,10.038813712521,NA,NA,NA,NA,NA,NA
8.29525858891556,6.85233674708055,6.42145956233567,5.55161087419962,6.36313170348262,11.024467685595,8.54475164129595,15.4362422181281,18.7744344459977,14.9914071172709,22.3347136694679,5.83056939052446,29.6270910643747,20.3958405551291,27.9878251320197,21.5405342271079,14.7593836125858,27.9620586548835,19.3025345433347,20.8097386853155,24.216219622608,18.7060840515476,27.3940903247561,34.368363889007,19.870843756978,18.9252617365494,26.7216536792068,35.4055097895204,24.9805856463593,34.1543216118791,21.5815588316186,24.846513964368,36.894964269712,28.7325974796403,36.1349097170196,28.496990142552,35.7579451815331,35.3387291835213,27.093285416013,34.5006184373473,35.9415185663216,27.924608729935,39.0971145576267,30.85325454989,41.7726305447631,36.15859186027,39.7743715305361,43.0555436100692,22.2540825878016,59.6701097189912,34.1559709070123,47.1288897445289,41.6072655270337,45.4794844065693,39.5860617240908,56.1813478891146,53.9979064295797,65.5011689221977,47.6104426488783,67.8844727857242,54.1940504943644,57.9148856839762,38.8153171972789,48.9909821078018,31.8029517412088,47.1539944642153,51.5591562194243,43.7606309205062,48.8658493675027,39.190811605353,37.0867713112499,45.8812839760507,55.9181595203716,42.1915106193651,56.8874847705737,40.2703613705825,57.8998818369298,49.0477858196356,64.5627384296865,61.9892520690849,54.580589671148,62.3740041116616,55.0066986871054,33.1548604794454,73.1717527122055,69.0309516047255,67.7022435071354,45.8083158385672,27.697211122524,22.3281010615031,65.5109833896161,52.5327944018582,67.202309065108,40.2278343843641,44.7780369136174,60.7582892012937,51.1349070491245,48.7347981489934,46.7426073612444,28.3331343826742,66.4374734080609,50.9307207714396,44.2831133698038,64.5398039461755,67.9574570013923,52.4857403369194,44.8011708454365,50.8752303254102,59.7222455448922,46.3277584041347,55.1836122788553,67.1690511005343,70.9475331476382,45.3630237917013,49.6649996788103,35.6917932174509,31.9401395845587,28.1244353002404,59.4375745888925,67.2680817890091,48.1984824077818,59.2177431139731,67.0897239709054,75.1918101667743,53.4447096278474,50.6931572665485,69.4479277347711,51.2020991780234,55.9953936031886,52.4341551298925,47.762724742258,55.6564603858962,61.319321425483,58.5245916372306,48.7729906063264,41.2097198954475,67.7073988221008,57.9715408724773,47.0539832072372,46.6488846250047,63.9723398065502,51.961040746502,40.1692499114328,63.7892755614609,58.3978619156286,65.378348413789,71.5233222190669,55.568440325124,51.928977296371,72.4781621013352,53.0082850835024,46.3658864787008,60.1524895716281,59.3190675789055,66.7616007641616,57.9504566892728,67.9929890376594,82.7592328284521,48.0944306352834,72.967233766585,55.9857733463802,78.3874113073541,63.6715468391735,43.9918972973301,73.6428384076981,41.0846297241398,53.7188179550885,54.9741786473143,43.54860965915,66.0401047229945,72.2588662377559,60.0959505824172,71.1987967817325,79.4492153279413,71.4421088154609,61.8521389845127,54.3820264167491,51.8614299743077,62.5551925907675,48.6393989155046,56.1415870359286,46.8122538921992,81.4575574738335,56.496735657808,46.5798622172007,82.7283147380352,69.2020452298541,58.4642100822926,60.4283172326376,51.4731698855076,37.4506134196218,56.3407747121052,41.4128115895574,62.7632650584238,69.8518832380187,49.3938220396545,66.134098565366,75.5863088071534,66.1437878799714,58.1672540716708,74.5245962709254,68.7101000277762,52.6110599272603,58.8378875104678,58.5910278393873,76.8545361886481,65.8384268516741,62.6002457739881,74.8210267994956,74.808324412184,59.6352154180118,81.184908651318,63.7182773126666,66.8431074083951,46.505158102615,61.2758945467735,61.3167000615288,42.2350293027973,57.4552077039568,67.7305263353798,39.0831436267315,68.2922522416121,56.2422184726154,39.4020621599814,64.9628148585436,57.9077777376626,45.2572854032516,76.9964206374251,51.8558469780771,35.0340575614199,56.022698540702,60.0219395102446,66.6763283436455,49.6284279938945,41.0913662222773,56.3901130140009,52.8902933179467,56.9186114507758,43.0800564754019,47.3916274841618,69.9783487692216,68.2607268604307,74.7467927222254,42.8075142090482,61.4010650792275,49.2414766102498,62.8864022464865,59.1717497396713,72.3433521388689,80.4252130562883,41.6581475253617,55.6915617655039,56.4310564836063,48.4155460682574,49.0688217335192,30.8808940404263,64.1865039763477,51.2272902062055,48.2691496226096,52.8349921329178,49.0950188087599,50.1774278568024,65.4172627889374,47.4913168587519,61.3404587555167,62.306148411979,74.9705160810018,58.1497978568523,50.6194648602829,47.4906106709443,36.2438371654141,50.3006694085233,74.2007442026246,55.5550893139545,48.7723186042759,29.5429909147637,53.9059677501222,55.8185956558445,62.0828077751522,61.3850255287892,48.05697659447,55.8395155368942,67.3413883441255,60.9932550875049,53.4716684471111,56.374911561601,63.8139745142046,56.7869181783389,55.3755328726531,48.6702691476376,51.1534972323513,53.9745579722811,62.7629638361394,55.7639004658193,45.1795445947365,62.744394758793,40.5989138778417,61.3089211954724,65.9430848906863,68.1333122996398,48.8066358302897,36.4259312586061,55.740757864186,57.8600453792593,42.6010448893319,55.6540117181591,47.938964827965,34.9294596032433,51.5349423510105,45.6394269342727,43.6051802711053,50.6168447564724,42.1022535596238,53.3627869096178,58.4980990837659,51.2100522377567,71.5462950650163,46.0221186541191,52.9611465737987,49.9017048957829,53.5774721269685,46.6778481832468,56.0512763450188,37.8391696081785,54.8897112581862,53.4310597152571,29.7436164931559,48.6785999336524,38.9695576029293,51.0432221296167,42.7466121319257,36.8304399933304,32.1643850470299,45.086117977436,47.5240866378486,62.0951225445327,42.9048547753347,41.3824761215879,35.2637752523188,43.689684056436,54.3878388927529,43.1962423722412,47.4899012106223,29.8067774075666,38.8195039350798,32.9706463952535,36.9905984812225,37.4005703957222,24.4570911099082,15.1062064037309,27.3047449109211,18.992211739131,32.8581089918931,41.0566786876543,26.0960802794212,33.6770992954398,27.5305220724084,23.1808863361903,23.5266385975904,16.4556869098988,24.2809092351084,41.5018917963764,25.3577112754995,27.2564760716838,33.1630318095725,32.458960772824,14.9253737578676,18.5130834035794,23.3116781896946,29.8606615669939,21.9175520908721,15.85808125385,30.9818333759702,18.9361024566272,14.0338799046977,17.5790877386499,16.9318218708656,6.74953681718898,20.1554539840628,8.73713389978142,14.6639700117157,12.7549327786046,6.30398580290225,11.0546000254124,14.1762679753369,12.2716938587963,7.32025498466315,NA,NA,NA,NA,NA,NA
8.11064566090117,4.74619663280409,10.3345814753917,4.03289501709103,5.19946999761402,11.3370683877185,4.58368262132224,8.25547668657594,5.81136204961549,10.9051275568597,12.119959932072,9.83153704972945,14.9898910595679,5.59328826417881,19.49005362475,12.5679703634089,15.5043792327852,10.8425681201304,38.3941318771446,14.836112361379,10.1106199066182,29.7300038224793,25.4238908130797,27.1337976117529,25.3052060703161,20.4574529900719,14.4424921726358,16.6252925541489,28.1094359076187,15.3907692553738,24.4269009683006,21.8598543093009,12.9091171876573,26.2226482197737,22.6811087265592,22.590326793639,17.4268889125536,36.4827400397858,17.3553168170773,17.532241318785,37.5460553918364,33.1689854357941,48.4650595495294,35.418537698711,30.1148679504203,42.0397611128146,34.2800473353363,30.4832517005203,43.4921287489308,45.6323685860063,34.4104162135741,37.1462673755838,25.0469844346865,44.3394936586465,38.207441125943,32.3310779251243,46.3142842199957,47.401296682825,31.1142287086151,33.2013290106379,31.64703592054,50.3715632325099,33.1901472467898,44.8391173907707,41.4249315513192,44.5303024760515,36.0174790429688,37.462635027658,32.0936181025672,36.1614879709097,51.0482857616327,30.6538763102333,34.8753535373547,35.903380855901,34.8116729344461,36.2742518901452,51.2465868236659,57.1641315717555,40.5150539724083,31.9484238943265,50.5111570860341,44.016084927996,36.459991683776,45.4550351218027,41.25120461355,53.4805782433105,40.6809261571556,42.0342136697563,32.2420746210602,46.6087163834416,38.7179779868768,40.605084152898,50.45452735498,31.9500546582271,29.9557581913821,52.1241217617764,47.2278578115637,38.0939701691305,49.0972309705944,62.4074581239514,48.1963040955976,45.068092463329,28.7267808258366,42.7344423491783,58.6822733656348,38.3386301906967,55.8833620007179,39.8049993023665,42.8872802776289,52.3862473716256,39.756424714576,35.3079308131727,52.3462359847677,55.8679033847325,35.1314822916404,42.1998785908237,42.0804629306096,44.3962816565905,45.9694562946498,49.400588935563,47.0773904561505,21.7772078237609,31.0659285675512,34.1614548552408,29.2873884587009,58.6122386952567,37.3704716691536,47.2040303081617,33.8434552731999,50.2848950219177,69.0670906109165,40.3557731722793,32.378493585154,55.0299862325794,41.1843487371526,33.3003876836144,55.6123883230457,71.0262945793593,45.1582011590227,48.4985135429972,42.1733638276218,38.404509347942,44.4884744184137,49.7304878364837,50.4602675688292,59.1018600395976,64.4364200569647,35.252170421293,74.1475082883836,45.8572701616231,51.5918767758688,58.4034931676679,48.6044992426324,52.7034527010043,53.3485348683935,32.6308934531331,70.92584014835,49.8816243439298,36.1207304258858,37.6061494759214,36.8399364612865,63.225793665995,73.0354059319397,34.6569792475212,46.4676353765197,45.4748802432811,46.0399239432944,42.9603987196983,35.5317449475704,74.0752605630067,43.8532937957383,36.3441688119621,49.4793901317467,95.998836085749,38.84718024383,41.8971754768628,67.4827541932157,63.1295266547869,70.1927479348659,70.9436461811,76.8954281678547,56.8957426929683,76.5327926070107,51.0901818606175,85.9738264098119,60.2501892121161,56.0747576095972,45.7384747323648,53.640856126124,73.3190986884551,57.9141983324237,51.6876423840561,72.3537302666603,59.3419847596417,60.6085372468957,60.7639283236376,73.4031837615412,61.916918133656,40.6263875042359,62.828666853827,65.9200139097897,62.362688380328,70.3194832684951,59.8453837097596,55.3329892243489,66.1704338231922,51.2277105704241,62.8221760465979,39.2328740885644,62.8389029242318,71.7416374478456,42.4329958472267,47.031213795924,67.5118699633077,60.800796707347,30.7817896454255,57.1509825043416,58.1845170391,42.3758630100532,64.2643705487006,51.23499156514,67.6800454542772,48.8675730016567,43.6315321599582,54.3754861414848,75.7427320310451,52.4634433082656,39.465639399499,53.377927787394,60.3081267490256,61.8901017928581,54.8331816528932,53.8850519071914,45.7703601729784,62.3459370962851,64.332475129081,39.1383115863807,67.4758136107074,63.0022456926765,52.8756787048771,68.8479395291034,71.2237205240184,66.2880687616623,60.3972053793605,66.6170381799795,61.3339021308229,62.3999515903981,65.0186137121455,53.1785190254924,49.7884448995441,63.7339257187539,56.4365259546528,68.5660448725401,47.4726271684378,64.0754594739863,48.2860917632778,62.4254681792796,47.7006515003485,55.7700126814369,62.3403718008303,62.6854001079977,65.915266654232,66.2242763784771,51.3871438511771,63.9390328234844,56.8995101832859,54.2963247675622,48.4655426833519,57.4901394673348,49.4129415759165,46.9498847421549,51.2476783990351,46.9708342126858,53.4143782862482,46.8557959136244,51.561798825235,55.3875322476235,47.0214888403521,53.628274155056,56.9475528546837,72.6524716195729,50.5400765005947,47.5569497932646,54.8835990411488,53.4492780765561,55.2880099576542,37.6820193597153,47.1363368722884,38.774632566178,41.4379558026038,53.19090233857,52.0850381257827,42.3790455290175,47.6316523022228,46.3824881123022,45.3722375586206,24.2032025436608,43.7416257348678,44.8209063277141,51.0394692894774,57.1258681285735,72.2157597350096,50.2225733054943,40.3685087582237,57.3295218612134,76.7922152632683,59.4560639908435,53.4038062326442,43.9985614888823,67.199499349449,48.2919548525837,29.7748071226187,50.2642249070392,52.9633872369616,38.8839357362044,43.0251961387325,38.1365644693844,41.6383926961442,50.6348615484294,32.9876932462248,37.0650216563645,39.5519888420843,39.6612273412095,31.2246469747767,39.0786580319647,56.409500494374,30.4467237283335,37.2517050485254,42.1743296218022,60.5938026571927,51.3485525803639,27.7022671763943,25.5821547616922,47.209799875087,47.375791459706,50.7300513188792,33.9334562955607,31.4247508656062,30.2285534438675,40.6451549266902,33.0200165037075,35.4774132755617,33.7500714286534,36.0598097515829,30.9336314378085,40.3737707026789,25.2814908848407,27.8326590173567,27.3066092827147,21.3942376677709,29.151985016644,23.3824698513289,37.0964932650537,16.096857396202,41.7696587274706,25.9806067676484,27.3286097577478,27.3957342213422,34.6042941310393,14.6451334657136,18.4507530214304,17.8731848149524,27.5549423908316,27.8731334324304,22.7677525654688,17.1495686427028,31.2465577718257,10.0745595715384,15.2231563719142,12.9859897935002,26.13786517607,19.6728600843055,11.487949353923,9.53308311831251,13.8803219622238,13.1579479022854,4.78481798738954,9.6369842397046,11.9363088286921,17.3602038035789,7.65946078969704,11.1045130776471,10.2405117244957,9.06527900080794,13.0669388041966,5.34316884730622,5.80437871222098,NA,NA,NA,NA,NA,NA
6.44815655196745,4.10613186583179,11.694194916624,5.96510271462376,9.57593497568613,5.77801826519066,6.68594267604903,10.0654545542692,8.34523520155707,8.84712632348048,14.5847490867716,13.4615783720521,26.2776009982608,12.8627941235437,15.917676397601,17.0875112867559,9.59237740394928,17.2279814040268,26.7158837648631,13.6633561568562,9.664885937342,22.8145972585989,13.5711964983188,21.0628126710517,23.7718314831314,30.053733246361,15.125820969629,21.1161223448908,18.9694538949262,19.9102237185641,26.7419184457129,27.7103785741281,23.3430134662632,27.2111013857387,27.2865459692417,26.4671380811218,58.3438681355075,27.0680854601468,22.5208433133259,26.885286076562,40.4852211448266,40.1064438476803,33.4842834386448,20.4556842619659,37.4280905960023,26.4655934871661,30.462529257223,28.6025492631288,38.3549757464823,44.2617906560557,32.668595486696,36.6033106952367,45.1795660459553,46.1434230278363,34.6950395790367,34.6024922376492,39.8780128153155,37.6689945111504,39.6188980784358,43.8273265350302,51.0931233698654,47.7113917429981,23.0502848432349,46.2736637938409,45.0005379375046,42.1279437392638,60.9106448873803,63.6793676006398,36.6728597385077,34.3271102236607,52.1189966806041,40.5493108281797,50.8332752756101,28.0577928330656,52.4305522929901,49.6706368032724,53.9340911980625,57.5925278890145,45.8603844373234,44.6083378231291,49.0328064380901,55.3985915524091,26.5380261028333,48.6742959118895,36.618086543766,36.4218415622698,50.9069460744591,40.4846941113737,26.5105235162148,45.3167706170098,39.3175585474836,37.353733276729,44.3685953646305,46.008809139635,41.1401893816837,40.9605580892979,58.6313775855982,55.2963984792464,54.4453523094275,55.1586317736672,48.8702748667387,51.1423194952131,55.763442216279,47.8161812141718,56.4286167463434,47.2385275073243,47.998338462876,26.0647890434291,57.0806282863361,41.3409774232794,65.6637995932559,65.1511819612749,37.5537056825341,47.3634339427798,47.9939293257356,46.7425103603634,43.767350232965,50.2166352110066,52.4689057056463,57.7842537946195,43.042318909093,62.3440271798629,49.1331767910311,40.9065764892188,35.1139066765455,53.63088039686,62.5458009881588,46.4445801017349,57.3717141115321,51.5802069508907,47.8186218729569,61.6631419697374,65.1878266599352,47.1809177074353,43.2067626230898,58.6221265459812,59.5971146975749,57.0360211306558,45.9027450450345,59.5764110729886,55.8972554804444,31.993690958411,45.2962963655098,42.3570568984713,45.6815134187185,49.7963458936136,61.9936617503646,32.4277644465506,38.6366643559686,57.9877469244777,51.3462513460872,63.4493900009892,46.1538974224203,53.8693437993419,45.3270576894792,49.1636672059855,61.9654840188437,61.8773164667912,41.7352337473794,56.3058704540599,64.8248076911635,64.5045328332345,67.6177708603578,63.1121071868252,57.1007195810947,32.6237277458457,55.0288799112597,63.0796374923598,36.7459558639856,43.8380706539888,59.7562791266409,48.1184111058601,70.5294692334912,56.348817048956,50.3444122403199,59.826214218335,63.3006394195235,64.4607275312778,59.8774883655761,53.9705669248063,40.2975070397017,55.7810112919915,54.0187690736771,64.271180633178,58.1980238842161,51.4939163639881,44.3902930560483,49.9072795549374,37.6823819942119,68.9546276789842,39.639990401559,55.3791950680828,44.3809838833953,61.6054319591693,40.7122328121933,37.8877427250094,58.4511902144883,42.752997740271,66.6504577352316,59.4375985138778,64.8064493566488,57.457075956343,43.1386315255094,54.9728896410466,56.4101305036504,65.5474481101225,49.8020837887023,74.6874941726728,54.9776990167286,46.6577466657333,66.9137555125913,57.334691813642,52.9842759835232,40.2078010680957,49.5058034178526,51.4115218921865,59.6470150295495,51.2964796535643,55.8898616349649,44.8500549375692,61.2056783268159,61.4512804637502,71.4913229849935,50.1187287675337,57.7018189447889,43.2660579222349,53.3424997115023,55.7416945046886,64.961482976782,61.6290870408349,72.3232430058051,50.6580995671439,59.7396124545686,31.8621913702309,55.3467235161105,62.9476535256755,54.0409382222736,61.4901428616339,64.8145289620759,50.5791575247646,66.7103995970778,58.7886310667358,41.9795946555213,55.4547406930549,41.9891585687248,61.0725729301846,75.7796107184112,40.8485729572918,56.2329867885622,52.7543241397007,52.4725472763323,55.1478106075504,55.6861258538755,36.5361511923333,43.3537700203915,35.8978712581368,37.5955626902259,40.3504139619744,51.2224553429769,42.3356773434441,60.4369369681371,44.5855600528004,40.8498203905245,48.7926995302071,66.7820826527806,46.6762326495291,46.6766759482959,43.5287394673162,47.8403851178357,39.166356166267,44.2534040256036,68.4134831102468,39.3866928026619,66.5116058006657,76.4480864375804,56.8863040909868,49.4550142252403,61.8699370608387,43.8473806318841,30.5885527531404,71.951438776819,36.7218535031281,57.9811758776772,62.6731384329964,48.957892884079,42.8598204707433,55.7241330956762,54.8075837756057,46.0793334060498,50.3002418878711,47.5038846966906,52.1577895859487,44.7453921826438,46.6339155154352,41.9911173715138,52.5659764142983,42.2562873294959,51.8124950230181,58.9427258883197,47.5238742780898,60.9222985961247,38.1715904580626,29.1592767859246,31.0756851318806,67.8700913731652,58.7561741746669,39.1841671168516,46.8756727173857,51.7718733716815,47.2891470363557,48.2732648553086,46.840121052046,35.65516331077,47.8554934351445,59.323985517532,48.7995573685985,59.8389803167633,48.7933037694533,44.3963156641304,51.580915723334,41.8314495229252,37.5851327721735,55.3010386786908,46.6852639926617,35.6393342009276,35.5100956232259,43.8402662910625,31.786334427609,36.876603501944,31.5316905704813,56.4361370190711,39.140525900229,45.3782238554219,32.9557507066334,52.5425152323819,33.2640104043821,46.3851373543513,35.9371714816639,45.0202003906421,45.8035733088353,44.7375122130648,23.5137953877452,34.0430270327038,21.4233779270867,35.4313035421994,28.9973754781257,29.3098973668512,34.8660621621725,35.3289536190924,19.4171268125099,31.7766403668939,19.659918406907,29.0905508728595,16.8304924105727,39.5104855576688,40.2663480507302,26.8570561955987,23.8409238252949,26.9780185131073,14.1144291306755,16.0306733908722,20.9283389267758,14.3583866257138,12.4791720722716,15.941295387556,17.637918977682,10.7761114363635,11.7890094781892,16.7646544191002,19.3954585481419,24.1461102785816,14.5951893020495,22.5842394009539,25.6368022907907,23.2432432893295,17.6021482342375,17.1372982665416,15.8922014655271,8.32005895505547,7.90315554027253,7.57030486267061,13.2544601053614,14.7430192981924,5.72341260230411,4.20259942429531,17.1495398892806,12.5476088645147,NA,NA,NA,NA,NA,NA
6.8032863057201,4.70610231219846,5.37584095415248,3.432521254758,10.4535583724601,10.1658501805258,7.27795524142191,10.3122359295416,12.2011663521033,16.4661733935322,16.1308069489438,5.67629707179853,16.8198835250999,8.4255950155481,17.2845157295207,15.2997564483906,10.4836205016473,13.6417974333971,21.6415892419122,23.3832556096677,12.0735660212764,24.1653973050964,22.2856384731715,13.911081268559,18.1843055570345,30.3484908738471,25.5683391223701,20.9640542900909,27.5743438122944,31.2848797860533,22.886515406927,26.7412503170149,31.5911626543674,20.1529546065795,28.4522475101801,42.871962161419,48.6223367445335,50.695513386892,32.3935971007636,42.3289450340047,54.0211709426902,34.3164581789649,53.7193700049676,33.566088642526,31.8870096299117,8.25916158042891,27.5352187573398,37.3204368485626,50.8193065337322,56.4384333815298,48.3176628325271,22.8270476151918,21.3548775719425,47.5768721879222,46.9239941619485,40.5791594632903,56.6002050050855,54.4397014658225,58.7014437155849,41.4180772972619,43.4322512430789,33.5157936142938,41.3817506411133,56.2875562439982,42.7136332669666,48.4114691994312,52.0716238981218,33.6694864731043,40.1670092865134,34.9446952847932,21.9202837864012,52.104189996654,44.7963929705848,29.1124216735203,31.384618187827,37.1349228600919,48.3931730551835,41.8259467976179,46.7448178820367,44.1149113908868,50.558703550154,44.6037467947015,74.1214430747347,55.8023302098783,59.1004500174147,49.5402504899234,40.8394391721273,66.5196055602537,62.3206316237458,38.039611365316,46.7817905573362,45.7695388422248,56.4095587259117,30.3762387329722,37.4424952564706,59.8791450968951,55.1029345360717,58.6942193495246,45.6462535782747,75.4528863787145,31.5555039782678,42.2474709087109,53.57233133962,45.8884457539139,47.4674331491644,53.0185638571014,62.3799054949988,37.1706103080413,58.4848168111761,61.1102132614341,53.6523580151593,51.2450153784702,47.2389773098557,52.3363630851293,38.2208430120354,51.0246002306927,50.1497961618786,51.3310694011924,62.2403206765542,52.3976194381373,66.7935346280903,63.1294011505048,42.1726749113026,42.1172064045165,59.4899070937639,44.4526719296687,61.5005258444101,36.522858109284,51.8683897883585,41.3922870168082,55.0488168485759,45.5997157657412,44.119734374078,46.6782529172304,48.06890565314,33.7302148721225,56.9032611724633,57.3253023993254,56.9857423924604,55.5782846451699,48.1266111506335,56.5580853482765,45.4350100188871,63.5204799042619,57.7063897515758,73.1706615138893,55.7744815276127,28.9260930053837,45.1365637774436,36.5310355267685,49.3711210761382,48.5219261008302,41.9700750928865,34.0529868574352,64.8157868496195,38.8593408061068,52.6637579975845,51.229770299425,42.4662639509445,46.6783384038151,52.7627309661324,52.367260137767,57.1403045504563,51.9558646329765,56.8563702717429,58.7491288396509,82.2874167647155,61.311510293094,35.1013893474851,48.8969338425976,52.8871701282163,58.010924742463,54.3717886033147,60.73037804021,53.989267811733,70.1063165148266,54.610281300293,80.8760155714287,45.3610721459064,47.1308944074297,48.9182161738528,41.4660020704522,55.2810046769835,35.8853420358519,65.6112594304698,56.2311227856745,67.291994941028,49.8425549072552,49.8854016756235,76.0008736656368,58.972600309969,71.7423598980072,67.9298331652875,33.9225143002914,63.0184028526209,49.3739195518479,74.6056558702701,57.8129936009703,68.2748992114391,59.1807347186135,59.566952594124,48.8924637266194,60.841983928338,82.0966055277592,54.1700509789238,68.8534416475921,64.3103435259474,77.8482259884043,56.9517206172914,49.8711870969528,60.2027232423822,62.0313489838779,63.5302859737072,43.094718408391,67.6111184033292,69.8396840299177,54.737215308113,66.8704002824328,46.4540059469531,50.3300147586112,53.6222962356441,37.8752502770502,68.3023024560844,66.4492457757472,72.6462100126174,58.3855392341634,77.994705525662,71.8017904916756,64.000035790171,68.7468605147356,87.8888037152688,79.5687079256488,49.07209417361,76.4554913075926,39.2002770460468,68.7105419824244,62.7774051255861,60.2524733514994,74.876943057797,81.3206289624405,70.8655738995263,59.6694234006663,65.208489409604,81.3625297471782,56.3118634474083,61.2975178579724,56.9353846887842,70.5805266601066,62.9292262874985,84.8181174620466,61.2964338408622,50.0137776347125,71.3290013238376,58.8431463911459,58.0230647180018,65.6557252489236,82.674806987191,69.3800092096634,70.9311460178461,49.1183662321969,74.2432605342203,65.155345560532,64.376927251278,43.7912671493471,77.5402218797052,63.6697138634355,67.663036958044,55.1895102580297,56.3980610954029,60.9024736954278,56.8609386198516,81.6506803502657,66.9248635761796,52.6370046875721,65.9439273537383,45.8496385559961,62.6480826942793,66.4750620789259,64.0966892923342,68.187915875523,53.2512478372695,46.5942601999343,53.4987431553165,45.4838821436741,47.7317284734748,56.522910478338,43.5488795784616,33.7640908306771,58.8453279929247,50.1506303808433,55.600685110918,48.16831429357,55.3762254117331,65.1394107608149,35.116468776188,59.2124462365717,47.9299795790667,60.0430025516574,64.1331403923792,64.1533317537963,43.5513644606238,51.0849933805714,53.9149835174833,37.7253911634569,67.029014793589,48.4581398941518,42.6200056386415,53.2309220779518,51.333166203277,59.0723865477831,44.704815812656,43.5705643151444,46.7923802502654,59.2987069786698,54.2196384966597,41.6889472273079,48.2203353678872,48.1859837277137,46.2801562122782,42.2196811391062,14.677534106308,54.586140293275,56.4553710248881,57.9205840896886,36.1665772659667,53.8901254845086,53.0952236611587,43.4848089559657,48.6104690595141,34.9531527441429,50.4276554476545,43.2564786749002,27.1454103300008,32.3810884693891,59.5842031143023,56.2534537568613,57.5294286469572,43.180905595997,43.202615268922,45.414462875318,44.6984559241287,43.8185580501045,39.8689916293053,49.2333459197518,41.2851527235604,34.6196311307333,39.4735263852605,44.2894523312867,38.3708219581594,42.1273163050653,38.0465923508934,31.8600812281676,37.0411116122225,24.6161185088554,42.422259122479,44.7014860840925,35.17895176813,34.8911133060156,25.4629026278251,32.3653400093668,27.6351988137159,33.6487503999827,10.0815524522736,18.5697148161189,22.5275091226198,26.8184959202719,19.3839642303569,10.5234787270099,29.4900343777003,35.6517801506783,27.5654688244516,21.2048429157593,23.7715319585594,15.0385834522908,8.95185132596515,16.1667224952178,6.05957592831615,7.66503683329152,9.09244886446221,7.68813818610104,7.29838608213606,10.3863009186674,10.0704694278072,10.0761105406079,6.23514105828943,18.7606497293542,7.08712588582833,NA,NA,NA,NA,NA,NA
5.84531542572953,4.82847950333974,9.57686057741379,5.01085138899779,6.72361845521455,12.5395562641623,5.51024302271763,11.8008426750939,13.6772285575088,9.64713843295491,22.3861512707497,8.92828532092643,22.515680248752,16.9371639883517,9.55392741351744,9.6648486480045,16.3793069218001,13.1334970952028,21.4763851417839,17.6504433911311,11.1920736325065,15.5041457429872,19.3274327296455,25.5433305319859,18.8459400407428,8.82087236835524,27.5839967610285,15.4113535067457,36.4651086123932,22.215125521659,32.7903243656957,33.1138001062951,26.8562759310089,33.0949121548677,21.1094085630451,20.5539560850558,28.2320481389765,29.248707107561,27.9640823970983,33.85644737163,17.9608199649018,35.5657332836032,33.050279191085,41.6379161219212,21.1152848782031,33.3392646604157,29.3595427421544,41.6845090439668,42.3144900116974,49.4116621202833,18.7850716959007,32.4663284995035,34.9320822980626,24.2538365523028,31.6844545653945,31.1233235560369,30.0742969506772,56.5534931462602,29.9409718293769,36.6384024153515,46.6198327402636,38.2731233365358,29.1059911264926,31.4014040160679,47.6425657404054,40.4366921859684,45.023863577297,47.4256991814342,50.7367282418,40.5742967512642,39.8692022374555,35.2199686098459,45.4913290947538,47.8382705837554,37.1170139726162,62.8881596686442,28.6564194145105,38.3259504676996,40.5215921179641,29.8904051725413,43.0524464515115,49.8072342219995,62.5778113922912,40.766815482852,28.1417272569163,44.1769176759314,38.1214769393514,47.2074375701623,45.4750467011623,46.3984081005976,49.3179788325326,47.3250327637329,30.4359491531895,54.1093757799681,55.6133377966626,45.6117040188377,30.1449086514543,45.5779156282092,65.4837696380634,45.183465310937,55.3695716727471,42.9503498716042,28.831869565133,51.025460245735,59.4831974409089,49.2180395063249,39.1308406625669,25.8765290735056,54.5160677243405,41.3083607896238,32.0037008055743,35.7146340254741,44.9920000971687,38.2224252322525,40.111123366316,34.0770811847839,51.2539097402544,61.074589317088,52.412906239916,55.5354241569391,34.2817360221587,46.6339355691277,54.2799707643695,52.7305418465605,54.4605816939518,53.2415750089158,52.7863719181606,53.7178510789219,35.5899597058654,66.1726118219891,67.6755951087723,44.3283324275741,40.6081400938347,56.5138093936016,70.5397358515473,54.2080863331281,46.3756470475315,72.3251776992187,44.1699273859434,43.3564187870833,35.1592609101369,42.3609591744119,28.9010290534731,26.9366756540015,42.6133578302012,62.126949377665,59.7649203217422,32.1553017130371,51.3616972684551,56.0649111051233,51.1065037715374,43.323924086778,59.5757844226699,44.5203167321638,57.9027372844972,33.4641998809891,69.1682396832968,53.7352599929312,56.424495742179,57.3756209300336,38.5087537243429,40.0637452894199,66.6871932570825,41.6304725543034,56.755396542575,49.6043847729361,40.3028498921337,46.2225055847891,32.3150082605993,44.1999230671008,44.8058828095131,61.1721448824386,56.8428621256393,54.4112120690501,49.3180843446175,44.1448817208172,59.552748109823,36.0719919154701,52.486618676489,29.905164219531,47.0816373644582,40.7080451529445,55.0047008638791,53.7207224150201,39.5512050106243,45.0320440799782,77.0615898250123,55.7380422815502,44.6119363037461,36.9063837263683,65.4579157177401,36.6761284841213,50.7186600432232,29.2809303042143,71.0670956055781,45.4095298364783,60.6577248133401,50.0908066853544,39.6480734401127,64.0652684024254,63.6585385391468,70.5952076721948,34.6223064438928,48.9183197435605,43.0370293629847,54.9527325092371,45.6884861623184,50.3697493437006,55.1626851262489,70.5970681084128,66.0978841642146,43.6768250228633,58.1670961731146,43.2863151684865,49.2183157336148,61.0800755268145,69.9287890289085,61.520460776981,55.1002057194748,61.4619404763063,32.2846910600084,56.9061613089913,46.7150004562676,60.3734283839678,64.2879164972535,60.2056512365025,67.5461189409868,43.2905711510496,36.8070382048628,53.705932161913,66.1648671056424,45.8857214927914,49.4175193522912,46.1294138779803,46.7896978741873,72.3436478027734,46.6003652355092,61.4535125414201,61.4920287639951,54.6943728486166,41.182425974756,36.9407189897126,36.6768019249673,40.7247457600564,57.1152663135055,58.4179570302344,61.4662718351527,36.4615663833903,43.324030848978,49.151412209872,47.6406576411879,56.1267931893549,48.8810654659053,60.84021673781,41.1057149413492,50.8621471355723,70.8480066442788,60.4406323232968,45.8681286798426,41.6303369664022,61.2790224836056,44.8472508371808,27.925947500414,53.2031386469902,54.835645858699,24.0654399102913,57.0454269997687,54.8879939147918,38.6618024375223,52.0880507088859,65.8664313818627,50.0654927815928,59.5847516828973,60.010972957436,49.0259826776356,34.8769555787269,45.222466032249,63.9756576711697,52.0528936458978,53.0189192572837,69.0963988853978,62.2802387413684,46.5091202168801,41.001354804579,58.8786961943812,38.874590882045,52.8723443352226,65.4105068053155,55.9248241620031,51.0817971162201,36.3740050658028,46.4624719817276,25.6267322526061,60.8132217633962,37.7789481256686,53.0843277697004,48.0610276755008,52.5208371264335,53.7926889851721,58.6097236028549,43.0976161190799,52.1342472444175,46.1139961359589,35.1420794539299,50.1892236935485,40.6831392959506,47.0409626108735,43.3021478929187,47.8851435136396,54.6029545169942,50.7709741403386,40.3176551706184,23.1902027268926,56.4762246600229,45.1867041092077,47.8536953481364,44.7007195624263,30.7662609614903,28.884440025357,48.7347784196868,43.9855747895147,36.0383338783697,45.6581114373691,39.2997826352664,37.6227249419573,35.1447214365269,30.7486737096408,39.9911119182613,36.6391390320569,39.1365910531357,33.810041601647,49.6482594988354,43.3212063736715,35.0459597510443,45.0157546078029,34.3476796255483,34.5328251981345,30.6294555145732,42.5185341898715,39.1985990209626,23.1839324165185,31.1306944279243,27.4931522238483,29.5156007867597,32.0448349263919,17.3987218640451,23.2098435410885,21.2849438289154,28.8039302208456,19.9075009427801,21.7910113506845,21.7223481536707,25.9443005743396,19.084500245456,27.1549742440675,35.8486865079797,31.2637403659302,28.5095685103907,21.2805391444318,27.0948625545249,19.260119862351,14.7332506056753,25.7884564647583,10.9191031590383,21.2274331778109,22.0269348256549,6.72054328616294,15.8083110846334,23.3902608731027,20.7291741592074,19.3495118447207,13.5450554295017,23.0303149944272,15.3838384161413,12.3902966461873,9.80563304065369,20.6500769006246,5.39725645510438,10.0994975716157,11.1276743331543,6.94700316999577,5.70952277505119,3.61740229723981,5.21300584588774,7.48057295958908,5.05645853221641,5.57456020148034,NA,NA,NA,NA,NA,NA
5.62881991122438,4.77166061026584,6.67400298485572,5.30848346695904,3.30896844471553,7.80454063713713,8.86481648959197,9.02256006107325,16.428490148188,7.0214569853052,23.5811025488302,6.59071852511729,17.0754241451721,13.4013789255832,18.5734933826617,14.7235313203695,13.8013531360266,16.8775009332403,14.6184004318154,10.7701942958584,12.4312786652072,19.2276709427981,18.8228109163316,16.7477251563274,22.4545670276101,10.1387090500117,32.4389301739037,22.627045074602,22.2547047727338,36.3218046017062,20.5597330574172,28.9116427937606,27.4094892734196,25.350637896475,43.3704119917123,25.335682321793,35.3360949222728,26.4487929213274,25.6597108176327,23.9128520062415,27.9212560018957,38.7406334159939,31.0267790664123,23.505670870498,36.145745938227,30.1050343021797,35.006637319686,29.8734879847285,29.1692709035149,37.4155832973398,36.3277076071785,26.3423804333685,62.6249139431577,23.5069675484245,22.7303041966294,45.0760302227906,63.2664142810295,59.0956931679204,31.8516227649081,60.4989415876607,55.6762504684285,46.4629125654299,20.5595506373678,46.7449218749037,47.7702538724654,56.0030653524496,52.2142284394518,60.450554387095,60.7891360422079,41.5829672414326,28.157561891755,36.8701005322831,40.8543850978141,39.134302253124,53.0718575847295,36.1153371595753,70.2786709634213,53.4581051222957,39.0546405642426,64.406394021803,40.9177096928515,48.1626973034693,56.8699250298273,72.1530391458495,37.4338941862501,51.1408960163561,52.427379531416,52.4445103665847,55.4373735266727,50.9959365675632,18.2187971242705,42.1786595804963,42.6064261209451,37.8696100590674,41.5800197553491,31.187035286717,44.884591504458,37.4294447879782,57.9692079487226,32.4807413118144,61.2569969550161,59.5162012262261,55.0327650058317,57.2388197397526,52.2848858465804,65.1862071382884,55.7069303185452,65.235792107712,67.294445692421,43.0041174011386,38.6852225938637,64.1179487101713,51.548439912997,50.7145109357,60.1832047130614,34.8270211411201,52.9607903916063,47.4969727681806,67.9877437239112,66.4873704246645,56.4334344232926,46.7967227749828,59.016136528808,48.3459419844881,33.0182357206959,49.7407669901897,56.4852238488997,35.70088192638,43.5433139816458,32.3962759625323,39.919750046491,62.97738296543,39.7741072840556,60.736052439284,42.5555143452628,35.4102266472746,45.4723981166761,58.4080400575981,54.7661715356737,59.3685428350629,54.7894801881055,47.3768643488751,56.8691184388126,40.8796966820195,45.8304687088631,41.9390475592753,57.4516905353606,45.1906185987561,41.3263771364218,48.2009845461058,45.4018242831689,39.312927719392,66.1007094619716,50.1936246125716,68.83689878753,56.0699638981889,66.0726353309056,52.7795875929206,49.3677126444216,58.0215988058123,59.1164011271488,67.7408294108976,49.2028720798533,53.8358348114522,66.5133378033283,32.7529444879528,41.6448097212622,37.9660739735034,44.9761437429098,73.899592522061,67.9184628559983,62.2045907738122,65.3735453262818,49.1906951047852,75.3425672245067,55.7272238698688,54.4442718372728,45.2258962572233,72.5567709937518,69.2931366380958,50.7756182891851,62.3079169025971,28.6972954424447,57.9935648291847,73.2005671591254,61.9957093615924,74.1210593164779,52.2303410703089,74.9848097855054,60.8996550748781,62.9793021747411,54.0711314332184,72.5431512728357,38.0767378676157,76.5264215879317,57.1185583482162,79.9875888740229,60.6145603866263,41.0422630250454,56.434800832334,51.6514395144193,64.9689328511286,48.9154704250824,36.018063098938,50.8657215381549,60.7599086027043,58.8139915030449,37.8512929728677,44.4423855829788,55.4766080112376,69.3478306573927,51.4931518561146,37.8198394648931,35.7957324401747,36.2295539626873,66.7909929400618,62.0282821561428,70.0135586242899,71.351727033569,72.4277565309938,54.964708544889,45.287730101458,54.0356560460801,69.0988176393661,40.9087309745809,42.7586874850033,66.2570686112182,46.5679487143579,68.8784260801047,53.4157420246117,61.6720207215751,60.0074780306129,52.0131339290222,42.9823742962999,34.1114235001482,42.4401958495631,45.1723823516955,71.0454245678395,48.6492544343339,43.9793519957073,63.3623334364382,44.768881834081,50.7691533137056,70.6887453983247,49.249506105727,54.7947176191509,53.5090936791445,57.3083357905451,57.1595744463923,47.3486032252681,44.6428239169298,38.6356863380247,65.1289885000245,33.6991157126374,52.504164874505,66.4853987829995,56.2677618302543,50.4673825872613,60.4359914804287,71.8242557599257,66.6343614702351,56.4573164932895,47.4213676351226,32.9163707384492,78.135159347357,51.1619163967972,54.8096929882221,41.6855934303399,46.6352081979372,52.8948430511266,56.186772528131,61.7879408284464,68.6917805761075,47.8381788125661,62.7407944380165,55.8990974632838,48.8944905201897,54.9132890353794,61.6981024416343,54.2189515869854,58.5196550473432,67.140127856431,69.5895057306331,59.7075707653227,47.2155645461438,69.5861462406376,59.9907067502226,49.0127312938293,48.2238384143152,46.2586156506669,69.6214426214165,36.7628362628729,68.4261020811722,55.4892581260918,60.5980349785137,71.2725697478636,43.8916938106139,59.9013867246198,59.3695812320896,48.8885784223602,55.5783589759479,55.7210050111293,46.8110473998018,57.9158901131586,49.1146529641544,53.1128104145274,55.1550747690544,43.6903878965155,53.2408816115804,52.6447948635304,58.5004547080423,52.3773183092454,40.8969015086501,48.9886873099023,55.9640343480942,50.2089988958748,56.3177503360395,58.3885567982642,50.696790221276,53.646287143918,73.1619128431046,63.6319349292337,53.0537921903409,44.5461350190186,41.8695437452407,52.2474705137035,56.2134360083741,57.3476650361996,32.1432181748742,46.9191262237521,32.5216959661116,27.5622859908833,36.626279898936,38.5682692500056,55.0396273884977,62.2986687721193,34.4060925890998,37.3762269863142,31.5022734590853,38.4864141907238,31.7331289154072,35.182323082518,41.6748626822512,34.5499592108719,43.3436453892197,38.4499238430633,50.4942855760572,45.6301760103672,26.3990127408403,39.7644122572654,26.7357266593935,40.8731318142915,25.3838809830154,26.2319840556634,37.9131269555447,23.8162579299846,27.5426295226568,38.9169106276582,19.3001463109557,38.2994789968007,33.281693626172,29.2556901659415,12.5990735309648,19.5869084515919,41.1172333082384,14.154415599445,21.9408028870584,23.723441695854,22.7343666614028,32.4647628316049,17.4717634043086,15.9745885869486,25.2802172058698,14.6673127330236,12.1462936072109,16.050479947177,21.6284143919363,16.7261458229268,22.1759172209215,13.5736792312749,16.0433016029076,11.4298450838803,11.275016100866,12.478562478482,14.5977194705308,8.94714059475593,10.2813017647339,NA,NA,NA,NA,NA,NA
12.0860008860365,10.5184525780788,7.29904975039162,6.98505618845499,6.33480419305514,9.4798025285924,12.6674609442363,8.33217209294535,10.7688606095046,16.2960587505921,20.3298265761172,11.867448088732,21.5688151547888,19.936610030076,17.2675473107787,19.3643956058597,19.4151425327149,23.0012967684738,22.6245874443716,24.8719037161181,21.4944539079544,21.786140531808,28.3889381404574,23.4541361493993,23.2606316718949,13.7856344579065,26.5447624698862,23.7057266310337,29.4668273752811,32.9036528761284,37.2827482476731,27.3137060286,32.8588422330601,24.8388227004029,41.7920987862091,35.4114602981473,32.94376084958,44.7873448306933,28.9533774079259,26.9745976960946,44.0343146639675,29.4729905235879,48.8518775061325,32.3409140125174,26.7397793933474,35.6656867832929,36.5585905424803,34.0000831175275,47.9895025400955,43.3985047822899,34.0243852786454,30.9858613399952,54.2341179890878,36.3820700657955,41.7787010331963,44.9907503558429,38.3137427625527,60.337190783138,40.970598066231,43.5977096711161,39.3888105690552,25.8684629040713,36.1762835389192,47.1615837070357,41.9415067770563,35.4117004203467,35.9001891943713,29.3635138685975,42.1765130384605,22.9285929756495,46.3084102805742,37.523573942699,53.2900502330819,41.756845994065,52.1011905299491,46.9880034393179,42.2187957606986,49.4641779313133,41.7944756764735,44.6258945454924,58.6269845257566,64.8010404192969,41.3053131594097,51.6094864052882,64.2993337520664,47.2727602390441,40.975666653245,48.5671731781494,50.0608017059704,47.4728519441253,34.8083887465723,59.8405309712938,47.123953841716,43.5081021386542,49.4196172280292,65.8682839461658,57.325886502471,43.3041924146683,36.7021387240656,61.3771900291723,56.4820895340677,60.2325493590071,65.2190155281016,49.6039738655817,47.746586738285,42.5244670259375,62.6554128442687,60.2393268151955,29.3060656161678,74.9700435906529,52.2336528948396,67.3533570177014,45.5062370185606,66.3207562009447,35.1763380027432,51.6798408453571,49.5099370811575,69.4304660606458,32.5296929349224,73.8550225008058,48.5916608426131,73.4045150040563,46.9190932615874,67.5811417493504,57.5044132740997,70.3857093694532,52.0971190838426,72.052534394668,55.8063904013142,66.2149361545322,64.1642890299972,47.8914875119825,50.773039972696,49.554991359943,55.0446922775183,57.3989423703326,74.7578923107533,58.1730798678355,63.6495348584948,52.4431135931378,64.8007863426638,43.793242873334,47.6713848488143,57.7305915476887,65.9932351975916,79.2905018203267,53.2387047074063,78.4762268586901,55.1650406164587,48.8066387100543,57.6786803522369,43.5145050573135,72.9431669561957,60.9536150757439,63.4615488714624,58.405626132436,56.1716441668103,67.0215810800636,41.8142533109182,59.1711486857684,54.4929220085292,70.9571401535957,69.2940036657029,60.5493625571846,61.5240399381005,55.5734470053636,61.7347488984106,59.1098487610956,35.7012907291293,79.9040429352516,68.837865644207,57.7815821550397,64.2607583676889,74.8101719032677,58.7313941484174,62.0657746908157,83.6439022101242,57.7809874473541,46.2531913680112,60.9241742074822,61.3745942652613,50.745222570832,69.1411300243528,53.8870413530327,51.1883231420132,60.8248947810504,67.1750017809656,58.8042971979548,50.411507639744,63.3251054199924,40.3508060792535,90.1793578717637,64.8096171136022,76.0732921279801,50.2759151389187,54.0519571254298,59.3554594795159,60.5454470348297,55.5448465765699,65.3752033215202,68.5822656940292,74.5405200512368,50.6545801891016,69.416475980638,69.01123284713,68.8357671669321,70.2841222041522,62.2536807840103,54.9735457160467,73.5507178887762,66.4949996474393,51.4080612549589,41.5525749092953,50.3270666524044,56.0157655967869,56.5650031339974,55.1056707584284,65.1079397625375,58.5123214654762,69.1382097800117,49.7976803000758,52.3064681524699,64.8666716496539,55.632877338524,40.0283442716258,64.1281858367579,52.7054381069794,55.8000489301753,58.6539544674599,51.3291608374588,59.2045588124427,75.8408952063176,35.4705966830326,68.7945472859316,56.4117884114095,72.1377763003798,59.8778250028237,59.056685223908,56.5348938659197,47.1769195240917,43.7166319049656,52.9167785581816,46.1446655897363,61.075005452977,42.6269340102775,73.2359085207082,58.7124688533446,65.2735144115195,47.7116034278989,52.0068525971586,54.052407133339,57.4503028696208,37.3743948098,46.9148654387988,57.4373357348604,56.9428481431983,55.4570541548308,53.2163346278067,47.7158342924726,56.9700206742721,67.1619256643271,46.5598027326485,49.3761360763495,47.5557721280854,60.4194823498632,47.1090271253299,48.8149145906915,61.3350696442132,53.6934412783301,60.3863761116291,44.1984534254892,58.0187984033347,59.1057474429047,56.2888430568436,50.1164799273229,39.8946001849993,59.7114733435783,57.4941386504919,45.9428247316719,32.2609535533028,58.1345423932766,45.0757327586346,42.8225579552924,67.9727469481088,62.4818175872496,59.2990651399867,42.9177987114454,37.844252244244,48.1160658180714,50.0304672472819,43.3720660749428,53.9739216623386,67.0972985495048,39.7754024807559,46.3620840528601,41.90480084625,49.0868332906003,59.7387506154827,71.869427268358,39.224260771895,41.3440913647954,65.7200286409135,58.6091001333779,35.8238470875562,62.2588612435514,53.3724225732213,52.1429659540498,50.5419913294538,51.1745679503343,64.8898326751764,50.9600419843871,64.0191249396522,47.8133060852227,57.4296285165706,61.1704914668058,48.4226908349601,57.6462815249865,44.889211529102,44.1445451574423,39.2357611702818,56.952106214809,45.2755895447096,44.9862088875344,44.248832484736,40.4395994184861,36.8610819776023,37.9874415744336,38.07558394326,37.9871875105381,45.2813380425944,46.8422878708723,32.0752188379897,31.851953705851,24.715789417352,52.3044472289918,24.6098246875247,41.7973926426201,35.2529955876368,43.755420661936,26.3624425788857,27.2901983172144,35.0050381687588,36.0403325062996,37.8521484051317,24.0636110233394,30.8488085226427,25.1031312534737,28.7073500370937,21.060455387074,33.1863541604904,25.0873332551007,23.276624125603,34.0974872099444,28.8650759943088,37.9853229567816,44.9760735301439,22.4255684068122,14.2404613864224,26.0579779701822,24.8473868271252,35.5878124509834,16.7626787416777,24.852380967325,17.6325080241773,16.8976001028705,23.1202768829114,8.31366614323674,16.7786500589537,33.5222527054641,15.1756834455854,18.2347923602785,15.5955551645657,20.754780078145,12.7398533608634,9.76171237928017,12.7245151189391,17.58049034282,16.7741075641536,9.20057885710198,11.4275921203953,10.8016741099633,12.8203293267018,11.3297915648058,12.2410469570519,6.03707176564822,8.80623207712846,4.96787460554884,NA,NA,NA,NA,NA,NA
10.9312947503082,5.11329395899838,8.20216011049753,5.49105079010807,7.10654763320953,9.77115209709084,10.4724153226722,17.7655696984449,15.2088072984458,9.03484203413344,23.0417159365642,19.9496630745075,28.8633640911067,16.5653091228362,12.8351174069886,19.2807563348372,30.3229985854535,22.4443595228276,15.5469746385227,27.646612920166,41.220760114329,24.0182411101337,22.3434715800199,23.8885859413569,33.2499895379382,26.3883269296974,28.1046655953296,30.6939087938119,58.4369270911438,31.2310698762575,24.2879290233192,37.3209455414482,34.027030376558,40.5351427505296,32.767785557086,36.0519686303215,25.0533072335504,32.6908144462957,44.5777951631859,28.0913800552638,43.3220657994162,39.6048974441838,36.394694725367,45.6546396576721,27.5020038241949,40.2859813666231,41.3483372317869,48.6016123636804,55.5243665351371,34.5918598870421,37.5520356644103,49.8618108429122,35.8905847398785,44.8835524315121,41.084673337998,49.5793240173503,41.9642856721475,46.5106204926514,34.863154437387,47.4670267437796,50.4193586972331,40.0646051501173,37.2821344271341,42.0631385449224,49.5464533286109,51.5993090690492,34.2957062336017,43.0843070959083,66.908512910273,40.3373225844219,53.6299249284451,52.57385986831,58.0144982011151,74.4019939498648,34.5296623412474,60.2858766521166,39.2879224194371,57.2053072517798,46.8822789656305,31.9026284282631,79.6225151472919,46.7618905744182,53.0785619776391,52.7268797116592,55.9475941429662,35.5606475510555,41.1336987412027,36.6439167108047,47.9240018149416,49.6944878530159,63.002946748215,60.0021669465952,74.6661250608246,60.5231804286252,65.1394727089984,89.45249335714,46.2740818987812,68.2327294372046,52.0827346673699,67.1213738682111,51.9507625861769,55.7816449252109,33.0695613877474,71.1113905046353,54.6914127918798,62.851267196299,70.9223544941681,62.9237838527227,55.4443064684509,57.632073098891,56.680015224066,59.0723834292993,62.039553639327,51.3982012217244,54.892002860745,66.2569314033234,61.9565678166421,57.3644353037182,65.2266604310825,63.4556942450432,48.6031352131354,58.2145091978398,69.372140033068,68.4235285683331,64.3156737261125,34.8142840231683,73.2010017516314,56.757789004455,57.9276144645189,80.4783891621445,88.5371474040653,55.1388837871119,60.6831813424174,73.5200215503209,70.7469705528396,48.446498597937,55.5867966339769,67.1124820846517,80.2873096288005,60.8970005180345,47.3052965265718,54.7652950013375,53.2374377260723,65.2867510790449,77.4325767843525,73.5274954449669,93.5182765321492,50.5853954064055,44.4311745927823,53.4323459324803,68.0910771156416,66.1882547833195,50.7954417995237,52.3446093978507,69.2885295631119,53.7713069779507,47.3265040666236,77.6102132122173,37.7163133787471,82.8286177594135,73.8810932289955,67.1359711102776,51.1323926331723,67.2462933196832,71.3314070555709,37.209620578841,59.5335908029207,67.4227256912067,37.4932649143049,80.9994264602044,58.0418966271977,88.9643369672312,72.6508429051599,78.1961543290428,53.2225711652348,79.8456861258205,33.9099290573268,67.5390966806913,60.0856531928499,87.0145634918356,59.0299956880012,50.8114027998495,63.1560137395279,60.1214961450127,69.015807558539,76.7969034663019,60.8280283445706,75.3390618990854,57.8318437689048,60.0326008649504,80.3017091789614,47.5707079243311,65.2895479648828,32.5087409446241,70.232425983759,49.3434465994007,77.5711568557327,55.8788968327056,81.6621331925873,70.5871874231608,62.4450884659155,68.0511771350277,49.9366755056132,59.357346442633,75.1103099832325,56.4851857731476,72.3544489650372,68.1828480238896,65.9981878468889,82.0907580813161,72.3617526030556,57.229700960575,60.1829242932262,68.5942395230549,74.1476410440233,53.7762797137366,42.7717452747348,58.2200575447336,44.9192312180472,63.4903136178038,63.0610739601314,58.6023311735411,71.3129391101869,54.9525676506654,67.0141999449123,89.2920645027958,57.1750952924562,52.3368365750751,72.9489589512654,71.7659387587167,77.8161319205783,50.2098818540038,73.3615815990573,53.010442471146,66.7912726543276,91.6190361279435,74.9445513634093,64.1681878858835,70.0328075720611,64.7911531433058,68.3462319812473,92.5568622976698,58.2851554523271,76.8859256392274,80.5713980707157,91.1326146416327,55.1164364209682,62.8522686632591,59.2340168735117,58.5636178670778,55.430845826313,70.4994178420891,70.5398044470121,48.8189761751494,74.7981081940388,67.5033828780254,69.3923798797975,58.0771690678675,62.2750865565471,67.19206196251,72.2045641901637,58.1498408535402,68.7748539216864,48.9788576678206,52.187235638405,58.2085424190296,47.9094114060237,60.0641590508449,43.0208721494951,70.3430795847279,46.0137563756834,61.7399817610217,70.1207983314079,67.2408802833828,74.0747756338984,68.4153669623449,64.8154567727685,70.9011973134666,65.3131603851654,40.2468994276114,67.8991459693253,52.1213756399471,60.3077984931496,69.2324366436605,41.1551812499212,72.5647332336598,61.227784913,58.5622625705626,51.1191937523507,54.7075604375465,50.765008298514,60.5718320989828,68.8255957290831,58.0094750947589,56.9818880964116,51.7253035523534,44.7390956640494,40.7893152770613,41.6990839287422,58.1875672220743,54.2956322776977,55.2716100542604,50.2667602650501,65.8694719548089,54.1152023384731,46.8300973216801,55.005341313952,62.2583456427584,40.2092373231932,69.5016655994243,40.2472497038249,38.6679787819875,47.79039076326,43.9432044465262,59.6787521980603,69.0595574275578,58.5771574783155,62.284088283531,59.7873450390686,53.8222252321131,48.3128380299409,54.1746021620618,40.6111281837373,56.9087925932696,53.8403775454659,42.6855172138835,41.9857517463333,50.5079346165934,59.1056522488561,46.3084724371225,39.7079390877222,45.2609059627861,34.7810670229786,54.8066350857573,39.1502068508565,58.0335746799083,53.2401624281421,44.1390189558901,36.5957583563717,42.2449671616895,38.3353001834617,37.6019493499342,51.0006251144793,41.0375436654183,41.6911344829443,64.2149930064242,29.4165212557826,47.5600323078154,30.7599231348998,41.0661666523399,42.4050656667951,29.8512010989079,38.3748962981113,45.5942962415305,62.1286389044361,33.1511597803173,41.3770836149291,21.4065736484134,31.009491444035,22.4245606435537,15.5192144002262,28.3307646549895,29.0726289497452,14.3379989658652,30.7832720170034,24.0897220890075,25.0503157018004,21.8773709053621,29.0911753649773,29.9162900119834,15.7621011759446,20.5449952032165,24.1476246344654,24.0125622662162,10.7464386556198,12.4428692156372,18.4832969500628,14.8387864319082,13.2245693495791,14.4085498122089,8.38596754352764,21.1833423431572,8.34887711622563,7.00671923512014,19.5997305732882,11.7215692616332,9.08210029668553,NA,NA,NA,NA,NA,NA
4.50167089370097,3.66995251801163,11.1009440067879,2.73864994110116,6.00641978065975,7.7956369000251,16.4604477997612,10.713730269462,14.8836518128153,5.13995807485778,12.7809068636586,12.541028295875,15.8768018669381,15.817027183276,26.472079940428,16.0848741276516,14.1673851636727,19.2606523222013,22.2787588013471,13.8158604661427,19.724228077846,18.6673810618563,24.0086783009589,18.2722686099176,17.7406378027336,22.2296007866455,9.76934820773782,10.7672533119789,49.0978928942889,25.8449357099383,22.6509599884542,37.3160932210913,33.6965467650022,39.9762145144611,23.4342035040635,39.3772296879446,32.6775382396545,34.0928807069378,43.8300660398413,29.1125138091357,37.5969817044497,41.1272521767918,38.9748734504032,23.5432792019074,30.2534749325558,25.8874577825397,37.3781634160417,36.4331641517364,25.9293066801437,44.6720194860554,37.4502376793762,31.0499245502092,40.7236802913476,35.6976824565271,27.7301296095399,12.1114470257593,51.0841865463843,32.7579965982755,49.8459349155388,43.9299982262885,52.2277884206864,52.7521284483799,36.7095337049729,46.9114311851969,60.0278469125011,47.320726961887,51.679402955202,44.3636643202992,39.686984670445,64.0754728286966,38.8838839851589,36.7128487165142,29.2782418334657,37.2651176053046,51.5220228939639,51.5066034708528,40.4717489709756,43.4048316750154,56.6382334963232,37.7625586086607,48.9243130302916,48.2467142590879,47.9867446739469,49.317305554988,43.992949531715,46.4735858566087,53.9229157888824,38.8616303683585,39.8594069485199,54.5545372398761,36.7487038422238,37.7760080917284,37.1448502679422,57.1252079874794,67.9190987781746,45.708678767318,36.08588868588,37.2854731788869,53.260915614305,57.8539308176651,65.0638461477226,46.646175447417,48.2976799681619,46.8136975372511,37.9222794399821,51.8654780511264,46.4513697803362,60.2809090075497,50.5555778941261,42.8930405225438,63.5553431570273,33.9887875629305,64.6266886875477,43.4672977021848,33.8326018853662,58.3675585161677,60.7476428330508,49.6768553084934,52.5447894518402,55.1568156960282,47.4440424910454,40.8383613221591,49.0639362440193,53.851383595967,55.1365512264959,51.9262008287003,41.8480930665745,51.5686541349555,50.5621403849631,62.0915432620498,60.6215798246758,52.6217045940197,60.9924592304533,59.8848714057124,37.2169603329819,47.4839178187918,53.2863986066363,71.064195900355,60.5805072438671,49.3189857713381,56.7378963894419,52.3034794879267,36.3880883569928,55.4201187352889,50.4866763349932,40.445023959196,44.9586944422646,46.7492558209024,31.5874903381524,43.6120022968226,53.1682627187116,60.1963901895636,54.9965493911434,46.6398121566925,41.1083440989153,41.2539373608906,68.6598820794748,40.9130605101354,43.5433672751143,50.7597701709814,54.1121804438732,59.1359504759515,44.4503988300006,46.0169439533198,52.5574204785894,29.6761804310723,51.2205705771029,48.8974289140421,38.2885707991095,49.300629149594,42.5606514201427,49.5707903215855,42.1521447790734,60.3795101094165,52.1365634447261,60.8371605315698,26.3826782475267,33.1599400773433,56.9400951616477,40.8257321553408,39.3081919804879,64.3776854964619,62.3887106621191,58.4044587221337,50.3152119113053,64.0185945714455,35.9981773850001,50.1529199760757,54.6404582235751,50.5353161604769,59.9705833860275,41.6705542380919,57.1746324193582,55.474292327479,54.5806868726748,41.9992281204272,51.4893620719121,69.5365181966536,61.0513792747924,57.6796973892143,48.5966119731745,26.7535978626198,27.6235515338115,29.69971925913,54.5660368981871,56.4003430345421,54.1961470905179,60.21399405143,37.0022072190196,43.3139215102022,46.327525910479,44.1473423724828,58.893502688439,35.8236341584179,63.3862430881001,56.6047155604669,53.5373786093118,45.4041564717445,58.1499818015913,66.2281425855824,61.8856158509899,64.0195265166266,70.7487291032552,42.2380885739885,43.1840623356877,41.3488756053702,60.4803525676026,41.9313028143361,63.0260305003024,67.4053877849563,73.818055167646,47.2792918231427,45.6965948726966,59.3224299735319,44.2852578870285,74.0104827577431,59.6655249098252,58.5033688074381,79.6581269883274,63.3373212076177,54.5386771481124,67.9641798447881,34.7880337701016,46.4063517659675,49.7810626897896,78.0453464002585,52.3646595228452,65.1088384056434,52.4648164840721,52.006411227131,49.9629238142885,55.9878095190389,72.7328629915871,56.6061856395286,56.6122297823902,60.2024228127901,56.7120572959223,58.3534272251685,53.8371954880067,40.2078753608171,63.3579648549528,48.9271520613267,45.1610313644481,60.7780508707495,69.1861600181613,61.5783820292947,52.6017586298211,64.7016243020756,62.5853285593817,60.5132345835997,48.5834538852729,54.6953957623142,46.1207626014973,29.1261975779916,60.063943421752,31.3745466618156,45.9956068409851,58.7713524396607,63.2676459227814,46.5446511802027,48.6174821786273,53.3669212156421,63.1182115119158,58.0199742527878,66.6354306565796,51.508573283006,44.5091457846203,30.877187660911,44.3542497050361,55.1957046876149,51.1752532579051,46.6253369412101,48.8220274057074,46.0660343171399,46.8833875369654,39.0386172883085,48.0215862914815,48.3566987517249,31.2429660089516,51.9033305514218,60.1810510039948,40.3747205962765,52.9376445856147,51.9510419442932,39.6477317309632,50.0250835058809,58.2981354789675,44.5999011112303,55.4577533983107,41.1117623117823,54.1209001913572,57.3784317060679,59.0151365861963,44.5558741311465,58.8252786486872,49.2208357730859,58.9562576036986,29.9948268626627,69.1653926970054,44.7317752872431,43.0383254593958,38.5587967921925,53.8534905815464,53.5544814065916,48.2629364111302,45.9965452992236,69.1201175399517,48.5667545794754,39.2453699540016,43.9406918988362,58.4705543404965,32.9771193512242,34.1969880302262,44.3184679342728,40.9020562015832,39.4346720644361,38.5094932429468,44.5974571211807,39.683995459182,45.5938031368271,24.852469475405,40.1601960899706,43.2399091221378,26.6384660776226,45.2270293637808,44.4218552974218,33.0399579366005,34.7913765530611,37.0470677222396,25.4207714493471,29.8746128328827,22.0275723446081,26.9630191509018,27.228410975292,31.3845566905162,28.3405919497327,24.7938239708449,39.5147655803662,22.8034982032738,15.0586523550016,25.0442848249216,26.5484376439493,27.769725680362,14.0249487670732,24.4501651784431,20.1189866707339,16.9483822454935,10.7237854565741,18.0156012343689,23.3335754764796,13.3018711284151,6.96149862300377,14.3457891974346,16.108589305495,16.9278348131659,18.5995838904597,20.8331714222396,11.9992996668361,9.07175928094283,7.09432425794744,10.967801069438,31.0836567479742,7.32866739736949,6.98939068831425,4.98312841745707,9.3993607842063,5.83427565679405,NA,NA,NA,NA,NA,NA
7.36916118058883,8.85854696644906,7.92919621712007,5.58178315522714,9.05115244795778,5.11915435155312,4.90949492468148,7.12059825217007,10.6506976057594,12.930554970483,11.9254573337402,11.167293524113,23.2108440088575,16.2376322100631,15.6844712820425,6.55629780711601,11.6653665162721,18.5742553356822,20.0584540741173,13.2158288777,16.9562118274505,16.3672541985244,21.0146569462899,28.8018929555835,19.8954341016039,32.1752761369086,24.5365886718189,25.3949790397288,22.114277893979,18.902461668121,16.0401395454892,44.1414973838903,40.0438945516781,23.5675879597312,29.8974730989293,18.3275562340314,38.0612668452994,26.2318890594948,21.6453996924345,48.3909331674777,29.691280597397,33.8917341745163,22.1377927428328,38.5883655815913,27.6420776012394,33.4984172254338,46.3118064766793,32.7216639047606,21.3510716106977,39.374718454978,36.9556008271273,49.2555740265184,23.2252454676661,55.5260895929669,38.9538446466324,54.3711625096971,40.788953279007,21.2104964887316,49.5303977348743,50.1332828096804,41.6680784858247,26.9309003160555,15.7768168098954,34.84009330562,41.3367598604654,45.8131195042946,45.9471976849782,35.9001547510383,39.7621615866844,51.9133837143765,54.4350916279064,30.2195543321488,45.3750969432525,44.5563983536678,44.3195269826282,58.7980485370883,50.3115470879373,39.3697592011601,36.2718933219556,38.3271239283101,46.3107325933588,47.2540594367031,39.087506500263,16.0034473590091,39.6955684662653,47.174984368926,30.1373464348967,50.3298237523443,44.6828414213063,41.1017287644069,40.9938941375629,45.3907058069556,49.041696986308,46.4642418021867,57.9054976345427,42.9035155792779,49.5890484047104,38.9712398046666,46.9758676060259,36.5298074657553,58.1165652400732,43.0627362346231,38.3633276448118,55.0111027993405,67.0714836464449,39.8050080988448,49.0853073827106,48.5649124593386,55.4473033077525,54.3987410306493,33.0314538421493,46.5457297311155,41.760375627084,45.3451089627953,39.6437338787837,45.3392436682469,40.9434653667108,48.9294428270568,57.6255899319576,60.9207335324663,33.3470431476226,44.7822106483454,44.9583531035578,57.4007739791473,78.3833308987584,57.1873238729853,69.5683475858675,39.806851327573,40.3465185459576,30.0572018558847,32.3700634623396,56.9065796545992,53.9051579667855,38.0193580980243,47.7084108155731,34.413042285682,48.8348556057578,39.9571387899845,35.8499859219493,32.2025222265045,51.8105238019125,50.1112363859859,42.0181891888073,60.9204777145751,36.6308196844384,47.0802566592353,55.245627402382,54.232969135532,65.2505612680225,38.0520999609056,55.9301387083521,39.7705470286408,54.3981924785317,42.6075815538315,62.1861602037432,53.2932879328992,50.1938271854674,61.5588387699836,43.3624405278061,56.9904256663921,51.4189161877379,42.0193708204298,32.3775272466486,56.4962154641051,53.5460099408536,51.7908523118606,45.2660124280076,52.5416743705959,59.624966472963,61.6682603135825,43.7259305335902,54.0303244515122,47.3629166080049,53.2773312413052,48.8359223701184,48.0680598027883,34.8711158500629,45.29585275846,37.8872662894101,69.4498711598968,39.8440303481497,53.7026705615653,54.867673052599,55.2109898510137,47.6362528303761,52.4434554559914,59.9928250646541,44.9431580172848,49.5939504199845,29.1309374387712,58.5371878023527,57.1185985268325,40.3694344554257,49.8853834606394,50.8833141481165,41.2633104232926,56.7713564526725,53.3231831153378,36.1548865187019,46.0498644118581,56.1669567254347,49.4829552483143,43.1872892407006,35.1315679076818,69.5437560530654,46.9049235033559,47.7093615401101,61.7345968555561,37.3488142920557,69.0522172393713,46.1023001517356,36.7386138654392,49.1677810787693,46.7151541949627,59.5665368576078,38.6515044051471,38.0930380182254,56.3314054104401,40.0996918087262,50.8352431631649,74.7388009711427,56.9172441418145,58.0163558549421,56.1642085039954,48.8444698022721,49.3905360728549,68.407364591769,29.3757494624003,67.1226792463,60.4035808581717,79.7561203236212,62.7276959565112,70.2362815971463,56.5850559577557,46.9769181419412,61.0770219246922,41.9855677639488,61.4223069427745,63.2777492103634,59.3153764219001,49.1744218491177,59.5719453433759,38.3826314958034,60.8769518703216,66.996675451137,52.4017697314105,39.1562144260389,40.8462328586387,49.2763692694139,45.9383308201177,60.4065761064762,52.9008192428721,54.3752169723774,62.2602022858755,58.4180375896118,63.146022931943,75.9960191819793,38.3586045959615,51.8140318264317,53.4752755371486,68.9187359959014,53.6880376020114,47.5133495475107,45.3576218089226,65.1954754577077,50.4317771719301,38.7089762339441,55.1630608384275,65.2735552515996,47.1746231234267,47.1582032584918,59.8605901072358,51.5563872717363,47.7640193870121,44.5043343466803,35.9379037463973,46.8968031905982,46.8841337145306,44.8261017160568,54.2468331910022,36.2986652451293,52.7889327528152,39.006236878642,59.3102005406751,34.4294688584014,51.0635600053866,34.5401265811065,45.7370837747462,52.6861251219455,54.0686717654762,31.3766906930111,51.4696606564852,52.8226659307716,69.7469574421764,56.3313055645801,51.1659022334074,39.6379893724494,71.1779541449333,51.216863838158,47.2337122164409,45.5666212827418,37.1586415510043,69.3941516651752,50.7585540655151,53.6406036120959,46.8712373808665,60.4558861508614,65.7428635133003,51.363697399446,52.3732354016652,49.255037313583,38.39740547016,44.4124220986528,56.9654776881927,59.1950348959085,37.2100446616258,38.6296429212725,40.8069740778753,58.811707147419,54.8027146812963,43.4557767652527,61.3490829609081,54.7389859935071,34.4673560974934,41.0065535380752,32.16797605093,45.4847966863338,49.7813588483028,31.3198130231616,51.4994575781525,37.1113846812354,39.7704499118008,45.3333757000145,29.3263679522655,41.337149202488,30.7872405418426,49.7738266796546,35.2797888814071,36.1105120167983,20.7095776794804,27.9149785119834,28.1113030642683,45.6378642856511,35.1723196241723,26.7209483228605,31.385973408322,39.0982430371428,30.1694721259547,18.093154031732,27.9823456363629,31.8895192011039,18.073116422399,28.8140436272681,12.7501385352994,35.6630472234837,26.7517164567702,22.0469928954073,19.0072648521905,18.6287264475954,18.5031111370325,26.406002173407,30.5880186058567,25.2421606834445,21.4094372527179,23.9256577651467,28.5478693706579,20.5545641145838,21.612530333148,19.182531191974,17.7095070281886,18.1632640221795,6.67376811790942,24.910238253647,14.826082552681,7.47126386415791,17.0594512020518,20.1511499566665,10.6381886786576,10.1251545388664,16.7730992958762,10.4402824544818,10.3457960635699,8.34956484297193,6.76517048979702,11.8447524632588,13.6155682697807,7.32542262793999,NA,NA,NA,NA,NA,NA
4.94084599936771,8.21310041265628,15.6324737688605,8.14971843986595,5.53919780238624,9.73529586174004,10.1798950205109,16.8940805692011,8.73859184788524,12.5269296585423,18.650642834195,13.005560057537,15.7258803058911,20.5550602381439,19.2633223629551,13.4051775595754,24.8615819423529,22.346761819105,35.7061824526342,16.8419114256833,23.6344949097886,20.7857732586728,19.854984469643,23.6639143084805,39.0878592768278,20.1689058260471,26.9471697289354,20.3779063162903,24.5864157026465,25.2014467128283,23.8306430899781,32.2904187962041,36.2779203973244,41.8573282199614,27.3741974712222,27.4711177434323,27.0732926341139,43.479162308772,29.4376638780154,39.1277255039106,59.3205497910877,35.4151025368253,36.4854237482912,25.0533073298467,36.8807610424953,54.821579344627,35.5796997809769,49.7635487501164,41.044029049438,69.7125080985754,32.5398375096933,39.4832279507975,49.6202620255941,53.2845001473898,60.5765439849757,40.2009629524751,34.9722612683725,50.5932379880805,37.6132711474266,59.4801302104916,27.2808701961856,40.6082616374694,38.6822695803955,50.2292647733984,56.0055403397244,36.5950973233038,45.8545730326626,37.5954987558803,50.9569869943401,37.1854330839903,40.6042144829242,37.8106819600887,46.1296940930471,40.2086737064461,44.8647835279077,43.573828409941,27.5501394488469,50.7922642126205,56.0447403089829,33.362294296635,58.0576208652341,41.1711342320527,64.7955842306574,42.9654779552584,41.6634965016684,38.8460596178236,52.3611845211431,38.0387402377476,46.4696706747077,42.9767836101022,36.569235020496,49.5663804038967,47.0489433983956,54.5592710423773,44.3107526328933,67.245671969935,63.8783728370498,65.9605537957511,51.4768972963669,55.4126238551806,46.1760357445032,40.2839188821711,62.4317255772938,62.0058519432068,29.1435937878072,59.6336843320765,46.9838051657913,67.7887103365171,63.7584531703333,67.569749264591,49.7343988135269,42.2149136994053,44.0813604875493,58.5071086624788,43.1580256958477,44.0968465080126,51.9282270809435,46.9238555346929,35.1725634911063,46.3165377880093,34.2374917300633,40.4756433629427,33.1311408070226,70.6670235940835,65.4661874989047,59.5705417106354,70.030890915605,65.4044906720397,64.2621016757433,47.6215576747037,63.6689577084158,60.5409507377958,53.1127991796784,54.2406592098607,51.2894056293969,53.5011382661305,51.8379648490722,69.5758123361273,49.7889020717561,60.8548264649278,50.1544270009096,29.2516817126998,67.3905257927924,63.4301663290925,39.4923218630894,38.6872121527429,77.0782879322501,63.0301698493918,51.3012370279848,67.6984941703848,60.4824279169662,66.8910506923911,39.9229761069349,60.8008324825437,59.3486564846532,65.0278703511429,59.0176607743219,53.6636094109284,56.5026858396747,73.2522412703604,56.2640759227139,49.3343899088263,66.0241285720941,58.5202354853683,45.9644660943803,34.0621143566888,62.1420076202058,58.1451634414734,46.72242348273,71.052077326231,54.2146922037165,51.8722065274825,57.2345667138793,59.1990643059597,64.2704408527339,75.487329229926,61.7968660389144,50.6831220563867,67.4477514415438,60.0575680979685,61.430638858219,47.5861006039805,30.1140721553632,64.4006672718275,54.6528927205783,75.0804872585578,62.1893668226535,53.5909694698223,54.0707305124148,46.6569467012247,61.2595537246756,60.9110282562526,44.9447165414947,50.72910060475,68.0736745262408,57.171145659968,52.4770449160904,67.8171112824295,58.9949022788393,49.7953627015422,51.1906365978308,42.8473246151257,55.4671445753896,64.4364722020244,57.318117293556,62.3243069052595,43.9948960698638,69.4421536210805,44.0541063229196,48.7253115273775,43.9490856473351,57.3958853470257,47.3170692320251,53.3795855042705,68.7685204881793,62.8864785966267,52.9014382504684,49.3653070895259,70.1137072614797,56.9787671845734,28.2394401405132,63.6379866068362,83.7402132809322,50.3333107448101,78.0568045552897,66.4769670557203,51.1346717059195,66.2026723895904,78.8053202533258,67.6582876324036,68.9066181324698,83.9028422235857,56.4492702656664,87.8932286051409,69.1550327370064,72.3369806102566,61.3550631149272,78.9539593739489,74.7159349147627,56.7775455547045,65.3811147765165,52.509421869188,67.0762817644135,55.996578106101,73.7570498673968,58.7043403617229,48.4345256554315,52.9091641152237,82.0707054487871,65.2698732502758,41.3081690687304,63.3759999453433,35.912675633243,60.3586075081826,57.7139793857133,68.0574540304744,55.9693964073865,86.3673964982646,37.7960983713639,59.7433433042428,55.6114730350066,50.0365208648365,75.536331538922,55.7777421470417,55.0074528614376,59.3427010581326,57.4742709438704,68.3536277084875,53.9033536517419,52.20139078319,38.4742174452417,68.3122892742759,59.757082737452,57.4272307176781,50.8593946852951,61.8658419769973,57.274292574495,53.8053405848976,47.6449027958893,57.8185613772234,67.66134118951,52.7391804778504,53.9833327320333,55.358865606513,62.1333051489176,60.5740171232291,66.7745026843996,47.6920095928847,45.818700606457,69.7325928071804,46.6618497810094,59.4098583354326,72.7717249272658,67.1384759309226,50.9226149344019,62.7433086339316,47.9092521517956,58.0612016630134,57.2824531692992,37.6564621700834,56.7453613965017,52.6169200802863,41.4423808207594,48.1788632543123,49.4615631140801,57.792680951883,47.1836955793662,61.9018432059052,48.3022873744496,48.5444937715379,42.9882123204208,48.0228254069013,53.9827758616355,68.7760469936273,56.6515922505055,45.3087533718938,48.1846384090655,54.8545202255747,62.6687569359944,57.6334483702761,44.2747239578875,38.9763191354987,67.1198833585666,42.6773625375039,46.7736016664096,38.6474703606111,61.0339139426837,51.4152683667466,41.1884155235405,52.4579382073436,47.5510172774253,45.0875555734661,36.2600602085804,55.9090461314831,38.5427581337475,42.2014134134529,39.1052337645159,22.3482935931487,35.9422817033998,44.3670572583801,39.1649283183675,26.8130340328234,54.3296290100665,37.3262566861451,40.1862225325934,36.5966088744745,40.6506780314899,29.2149604691798,36.3758995941756,35.0166919189975,34.7278683984218,40.9951517814119,34.6804239662686,25.2520894194072,45.6362431168629,33.6705744152949,35.7010532545091,29.8733148467221,35.3252461498911,40.4625865466586,27.8774011359655,19.7981560180705,21.5057562679768,24.9324015471353,22.6050618129201,25.2253338339624,22.1014155059462,19.894325589636,35.6071178859648,32.6481986322518,13.0356107941947,20.4388577127111,25.3620564681403,28.4714415962488,17.6339985202216,13.9119488825766,16.7484068405689,19.3367776767031,13.9994072307612,19.1684404883627,7.81028550412705,21.2633985050486,13.85180725513,8.0966984613565,11.198116025313,8.86449746892138,12.2818462528552,NA,NA,NA,NA,NA,NA
10.8058178533242,5.49749608542115,4.2998387314404,7.57694854693953,11.0465732838363,11.1213046836899,9.63137427581627,10.70872092941,14.4680402444029,17.9235680616614,18.0845532459092,12.2045648143622,14.4564217073935,18.6209378576306,14.8792871080412,27.6425750404945,36.6375170344098,27.8740987593355,11.074113997133,26.2677814800753,22.3742020350002,33.2589093440482,37.4461310297781,21.95937151129,30.1546347314002,35.4199483002099,26.3758624222898,22.2855388273347,41.7407895897452,24.585988909934,33.5432024820921,14.8897313867587,40.1031466102012,48.7020705513163,51.4605515353168,36.8175802320265,31.4201938694811,52.6493510987004,33.2506055802441,37.9226859738624,43.9898001468706,50.3817212960714,33.9113904959938,51.6132857434965,51.7743246660828,48.5448163911665,37.8438793863196,83.4264527581583,64.5945511508001,56.5133584723801,40.1124042161324,60.8733350197354,55.484500405841,71.7472196872596,36.3755490455548,30.7961812186983,62.0104740915793,38.4111584901974,52.2172704059099,55.9959934232519,66.1248331074583,45.8626912705135,52.9331942342277,53.6191207201044,39.2012172395288,49.1746051273268,34.2700307852026,62.7085004081281,43.0366729636983,75.8408433717336,50.1449894476767,71.6672730328169,39.3978576526477,39.2608155911443,38.3703560992704,60.3601511597975,53.9872423618408,65.4141120646308,63.9459939482489,36.5792639565962,57.4665584224604,67.0136984419728,67.1741813621722,45.9169938739429,55.6101764103208,37.3221110059307,48.9749191287044,60.6881013923586,43.7013217503059,50.5612043629989,77.4720206511761,46.57091029993,71.9354433854097,71.4361334858907,62.3269059592104,74.4822676927872,59.4591270645891,57.435628557137,62.7908245680441,58.5994106927989,53.1711276837719,53.0985002133365,50.2407726893765,74.0681112801037,57.9382606109127,52.6384052064311,45.199942700931,61.9450773080064,72.215070617356,52.4440603860511,44.6516238256922,35.7862441446976,49.4709083608543,53.4985339432435,49.8554827743492,40.5046728513976,51.9365536974785,46.9467258689538,64.6223432155231,55.2189578499587,47.3782307839211,75.9063944879274,32.5585332155736,54.4870401163072,66.630003001064,63.4516483018627,50.6762466654116,35.0386663453143,58.9065019105155,68.536472654172,59.3127768066217,63.1312437840478,59.7910188475998,35.9441405621841,57.9974747447945,63.6625774739612,39.585389536337,55.9018178299386,45.6186084744731,58.3780017213334,56.1601073449967,48.2557091539338,66.0225055391107,64.6377433020911,57.5474635091606,68.3656995593348,66.156174371377,54.0361838196346,56.2140984683218,55.3240287937897,62.1761261253623,49.8660804494029,63.0500589985811,62.0540821628242,56.1027088082801,55.8026021498891,69.2881230819644,66.7425856770933,45.1640287806345,49.3349401350831,69.2532606092204,75.9851792358229,68.0452228975012,53.9304414629176,61.6442636277039,54.4458408656511,53.9782354151078,68.7687604573508,45.6720864039578,62.9401032431952,47.8641030329061,63.0608972348561,81.0393471966708,47.9752291139547,74.4549351142788,48.4779542997426,34.6845922707358,50.5368170869235,58.7792716500051,76.032334306109,54.1150628417439,46.4000876497453,57.3249448241308,60.3538678887312,61.6500730255065,74.8995703253196,56.4977618212236,59.4699431160802,60.1031451922588,78.3998621041462,81.6213479645991,72.4759391767247,76.1125512857944,46.1160036443985,52.4710167425658,35.7723615187031,73.2004440716058,62.9031873924924,69.8355451581299,51.7404549617636,67.0365282166362,64.0202058392905,61.3738007797188,46.1999834194891,62.6280496656281,62.3605249840599,53.9141034264549,56.0963110970017,60.9667899897461,58.6116642165635,69.0378415745988,63.7143548492382,52.1488805043276,53.9710468016025,42.2258936204522,56.1465051574543,77.1440353153542,53.501152403792,36.8901846691282,57.080144639375,64.5344697165413,57.9720179014021,67.3456870786004,49.8172521534218,53.1169476712449,56.8727226106867,66.1363498245536,62.3792468993257,51.9656959454401,35.3087823737863,61.5305671008186,64.8417131884468,23.8336866180918,70.095132769128,41.1437045529696,53.6380876488395,42.6621995722685,51.2079994730549,55.8724702834237,73.8725520759586,53.0713769054402,41.3331246031788,62.61552333849,43.5920178802438,76.5982758921893,72.4671437373717,68.398976702968,46.4058849108512,68.6155128627588,45.4009483679343,72.4562888962924,38.4618910969151,59.8488790788509,48.4774355232093,59.5971215495907,41.3369671771101,72.4881507741086,59.0605271322471,45.0847324557216,31.3457741940205,54.1047039692653,45.8786368207944,31.1183470142472,68.4897651710462,57.8135455390718,67.9415401939034,41.5843608848495,42.6997485957435,57.2671339738305,49.0584680271164,57.6380065032742,38.2836382553469,55.8647298895343,51.3768391412494,73.6393704616405,47.8856435063347,78.9336106407361,51.7354558492473,40.7984628637673,44.0864553420031,60.2186685910842,66.573880546173,49.8328507995356,35.2480954145019,53.6993782451507,59.87594085237,56.9844826907725,31.9656982538195,45.0781614222998,50.65847512657,37.1723988569265,49.2178947121367,49.413098517206,49.5778272672626,32.6704578501892,41.5798353362967,42.6922205316234,32.4497099429087,51.424772237336,46.5173880216561,34.9148505374832,54.5071540811077,42.5761427802961,35.2203184192675,43.6402551393774,51.0744991589024,48.1319865885502,63.9532224945145,35.3130833353778,36.6487282613537,56.2926436467746,37.1706262702497,49.774266861106,49.0171346656796,45.5521207847585,45.6473616856383,50.3227100463858,47.4682726087223,46.3081921675919,56.243914777399,55.8297926806069,43.7121653619028,38.7405033176561,42.7342584261358,33.5554072360192,52.9524451493659,23.9519813122658,30.8272315555677,50.6536834933394,49.339751990898,38.6223363356129,41.1139340182256,38.9821019960425,46.1316973748435,55.3165578947742,38.0408468951734,41.9614881402116,42.3047007200922,27.3259568624574,27.8941783220076,18.8458586757808,28.6723721353963,25.8691363068914,30.1401255368536,37.9196737239153,25.5839856825156,38.5232788040211,22.6537127834407,27.7052726286647,18.9042079828033,24.3024280919036,37.4143762159608,41.899567741612,20.7882846179859,28.5319543429069,28.8267946466065,27.7968217465986,39.2480662321213,20.753079355883,22.213230292878,23.6915873507301,34.0719738751513,27.0846188374502,37.6363517602189,26.6887576172338,28.0268719202968,17.0097590670019,20.496668560826,15.3342793088621,31.6786375401859,27.857348042574,27.3085172763898,29.6079451165451,14.2175849961504,14.0954165459595,18.1074650318079,12.8646304183776,16.7328897322405,10.145580680006,9.41579673726012,11.598964169947,20.2377067907516,19.3150129493148,3.30763868463852,6.03772906464135,8.37246018425476,5.38431851049306,NA,NA,NA,NA,NA,NA
10.8156797974545,13.4859467613278,18.9615457280229,9.9521926273473,8.5820928954489,11.688796553461,6.99252759163329,10.4113837737977,13.8548424650636,14.943571321426,28.4600117039001,5.94968877222681,23.0460159908981,12.1794883326794,18.657579707284,16.2257136018945,23.3894655071886,18.110587017628,10.8502956863373,8.96804967956585,20.1002308008564,25.5781507449891,35.8431961817194,44.362046708052,27.5675269904364,23.3743443987702,23.899745805106,25.516419473896,29.6020203347597,54.8874880511477,30.529672063416,29.5090962997432,31.847826732144,35.5197727004543,48.6459215160024,46.8534129368353,57.3808381056787,29.9771545539134,49.129906322767,43.4773840154725,34.4945533592703,59.8630451436245,42.7311091045992,39.7281867134803,37.9843865903074,23.8298062978475,50.3049772112828,52.7323317016191,35.1719291615975,36.0536141202479,42.3036730886152,36.7696932685283,59.2528416890236,35.4964881335629,22.666221280677,47.48009485697,46.9595350033957,63.9686208033354,49.7666070088919,51.3206126234495,44.3019273262222,55.7980248046357,39.2514883349384,41.8878580714091,50.8151147721162,52.7443309634013,49.3115664972128,47.9235763985472,63.4044438991194,53.9563324503681,58.8837517763947,54.8577542756941,55.9674378796454,53.5012906145718,51.549683223825,73.9841889024944,42.6815091004265,70.1846712935566,50.40591818661,48.5773792253916,50.8836156481009,38.6250867900871,55.4468749630157,52.1861871126558,50.2612183411739,58.6782816598997,36.2849402705496,32.5548047466561,45.981712829024,45.2316278019241,51.3782990179312,39.5187118897114,54.1676459634513,41.817529156991,52.178610707175,43.2509087389998,50.0470461216746,44.9509146336159,53.1941630319122,51.8255455748412,50.0803309473971,64.6697528468018,51.5374064502603,81.3439578090699,60.3567627852706,63.8010958692656,77.4287514065376,59.2125276171621,54.214013585309,66.3551779214465,51.3722461185358,58.4395269026263,58.7572052144949,64.0189214723874,59.0712747430613,75.5288724883572,69.3742815733811,69.4976462173081,75.3241655894547,85.8737751813445,45.0392339237531,58.505270972649,55.7361189763313,53.8134557340044,58.3373180715844,32.0438011053278,61.9651470225761,62.2277397255377,41.8733156381911,56.3871641964806,48.0671694578861,64.063282355803,70.0704791776749,74.2524139240977,70.444660276336,75.3433873005244,55.6775172696643,71.8753181666305,51.272104970678,61.4856273558998,42.6916180936674,62.4826493187515,38.0945542783789,70.7253256577519,50.6165004160421,59.6027778660867,86.5765216251294,61.7832537402909,56.5744598775893,52.1842284043285,76.2023838784226,72.6619043123552,52.3799136558238,57.9934258360927,72.4221137923917,57.4778844881798,81.8172022197837,70.991393573624,49.0983040521943,56.2463731177035,71.8464650364645,60.5698937479837,68.6552019582102,52.5950493238367,65.1296129429184,58.6242308788929,67.3053157873321,52.8108561628333,34.5693364259773,64.5354552241283,64.1362936011811,57.104047617127,71.3632775669114,62.2202493717753,71.4717491339855,73.0111420166963,55.5164135718234,50.0601977536092,67.6486469140816,57.4822667798902,47.3331119717673,46.9568690698157,86.5858844007128,55.115965297355,48.8851314952007,78.2994808131175,57.754825744334,60.3603765558605,81.0483975666614,51.0353099336038,47.5249103139831,59.7953135623498,53.6304460772285,31.057014269585,50.5204735345052,46.5686702240635,72.3087612564238,85.6581684134471,79.6598568856752,76.5347736259176,45.7089744262027,32.2103655388807,73.2189377085645,66.6625159855162,61.2029618162168,69.3565872269748,62.6677924581599,57.3932965368478,72.4219728178862,60.5307738225833,67.1015109032032,61.3646922414814,77.4807830460098,73.6805740665803,62.9427513607929,30.2703824637311,56.1794733595285,60.4510153196648,76.7691211124742,62.2321599980605,57.0841901249799,54.2546079720515,74.0984726953849,57.6429330476035,51.1648703071103,66.6431914599147,49.3160767352277,56.4324432388683,72.4690561538832,68.5316461472626,94.8177211621852,44.7429981092036,60.7750594232285,54.3836537740686,66.0672027026965,82.7435254297697,69.6588787652806,58.5187686988385,57.5584707423055,59.5533933777164,64.1749151206693,49.8740094480614,63.3740092984376,55.0938782421205,64.9758416261138,69.7219837214816,64.2628787344648,53.0431126029167,72.5422601259938,53.6082224228394,80.0073813456546,58.0681463505935,38.7219536063279,73.285092673818,72.5696190908247,66.0152062464925,47.8786762684724,46.218811381291,54.441561370018,71.7586361541189,58.8408775606248,66.596911934029,80.0151873474923,57.8592120188676,63.461827463084,63.4635321957401,49.5879725966324,48.1129017993522,47.7829589684056,41.0983616168798,44.1331864388566,59.5969389368621,60.8505492204275,48.3434547498217,67.9600965575611,55.2710999290384,46.6315213491105,55.8268180366837,65.1533872209956,50.0349415324553,58.82248134869,54.2675976931356,64.8554077782155,84.2880157555594,73.880798049974,58.6289880049006,55.7521691501666,46.6044786848603,60.9818671937725,69.9207373997848,78.0337285335724,69.3333289516745,48.186818324668,64.6690164742644,54.8816782424009,49.9770823432841,36.5592548734473,51.4788038694205,63.4883535247592,62.0127374421443,60.3925568443618,49.1240826224274,39.6415833128707,46.7508469587252,50.8696195996856,54.5098987002105,52.1702063444341,41.3136699182843,40.4628839316668,61.0280700294232,40.3407168690272,45.1768827284388,47.2265886001618,49.910555272347,45.7673738944571,54.7481664437229,42.7853919913246,41.311992005669,43.1349606255935,42.5734814782871,50.0404649304196,36.0163602950855,34.7504079134179,50.5733605022141,44.3686904359527,39.3529104518576,46.4248365297137,41.116858592658,52.1655519377837,56.1792372355284,42.4093302603749,56.5977072012577,25.0846157606002,28.375367362001,52.4056478327208,23.0140171477305,36.1990975055065,48.1178318927634,43.7514557131248,42.7586686331645,34.5364830710121,33.3567339259953,27.1548036396682,34.351341345409,47.106945601838,35.0045605393232,24.7174461967742,33.5859375480039,30.9738007189411,28.4316552424972,30.4818049765552,32.7889844003128,22.4063638689553,33.437020634908,42.7497606880824,32.3220959686856,20.4653273537395,29.4911232093953,15.9215870076475,21.8701594490267,24.9808341159974,17.9571655588322,29.5265079235442,17.5060353525543,19.7957524545436,14.7590794494633,19.7018729392057,9.78031908458063,22.2484170132987,21.1186804955931,15.61614644272,10.8591196171479,17.4838785914212,10.474358323246,15.388285981057,16.8250166765626,13.0882399518268,11.9401663948716,17.4049724139441,6.2059185127383,9.18658436767146,9.4786029145241,7.28624488045921,7.4752955560674,9.7562384615953,7.32214954537238,3.48756953768774,NA,NA,NA,NA,NA,NA
6.27429273534148,12.3678443305695,7.78719784074898,9.22813231887023,5.27555797830788,6.72266164449155,5.55577781231425,11.7481067306817,21.5949295959957,12.8710398704021,15.0977036879062,8.65130848951029,17.109383885367,17.0768353199606,14.9528115867988,24.4579896137772,16.8807480709861,20.1332151093141,32.4389443344129,22.5442231704872,21.2222929364285,17.2216689393635,24.3329051473137,34.9190823413808,37.1573627617759,33.4052377849699,15.4032649319449,31.1125053416438,33.3575735252916,17.5431122615464,19.4218091164479,54.6191197316464,41.9150019920828,28.0459155654639,38.7165733652393,17.1332146981773,31.9883956262072,23.5918759708181,23.4598522025672,29.0031542357545,48.1331358341275,33.0170386340747,18.5102557303932,33.9564961211462,46.4401044346477,28.2899552720728,33.4611478550051,30.3302478899109,28.548453234774,29.6136126906559,32.960111376895,46.7244938037395,31.9494055016628,41.6878988876027,44.7943559576958,50.7049647553051,26.0608337753018,37.4029046946522,35.8106915901768,54.4513669401526,43.1032302388623,41.5839028184753,49.5663630607745,38.544912176222,47.0297328433394,46.4217711311005,55.6379040391337,45.3592630658418,38.171718633932,63.8145420416573,54.2016415558124,46.6274204461057,49.2572816734983,40.1689352813296,56.0158616160194,59.8797573487142,51.2821270724186,63.1820830598434,54.1318643691458,55.831801423561,45.5882970704161,59.7967707762128,48.7120342410862,50.4626928880203,68.4576589330809,50.2075708594663,50.2729366425545,41.1664827595957,36.5219361705831,23.4246034415356,43.0638161063794,47.2734303127717,46.5298833695071,45.0668193054045,58.1413884728157,41.597684346938,50.6310927100897,48.6162525815764,48.5810800292685,44.9437853211959,47.9080950223463,48.6381713987575,36.8131335418405,51.8078531514062,50.5370469388154,58.5450835351837,55.3618170810521,55.6543883561303,43.465791028038,56.1860319604589,25.4540032383357,63.9939198114283,42.8907944946019,49.4214434731614,63.9949519757108,51.2322717962766,51.4032166674419,46.5406188157354,41.3683136214786,60.9656454133868,56.3020107433329,51.2903920315018,61.501073582403,42.7941668447355,60.5306486694893,39.9347198042086,57.5635762291315,47.5899321500437,69.0516705711285,53.2404017267482,37.8768798439993,52.0144794951006,54.1709593608144,56.5219992861172,53.1617748105864,67.1570237171181,45.9404291850319,54.0643582890266,66.3580916271552,59.2042831999023,51.3063240014248,47.3861845732811,67.6852842658588,58.7137610089353,48.8590887114786,66.5766687598393,48.160750436637,28.6389361745983,24.6732964799761,44.8060606127759,51.9099049549537,66.4156714432863,64.5335384914681,56.0694059583766,62.6965403320563,52.407025003884,68.5045579622466,51.4141750868575,37.7726582853285,72.8144670127722,61.7181328138091,64.3236227994112,54.290412154918,49.9103560393315,51.2674490663739,28.4454334157682,72.9190418832378,48.3920654466362,56.029842776005,58.7874415308303,58.5464637499655,61.6705058310838,47.648074773183,48.475802977311,47.7251882468319,53.0213775879191,57.8743120539032,59.1400560343693,51.390965649088,59.5261346676772,49.0548430128112,62.1932147399847,64.3828487033428,66.2231088958117,66.453967313814,42.7794267595008,68.3563773829281,68.2424536823924,65.6928172621914,99.3838752855512,78.9670674094704,70.9147395186797,72.2783093520842,50.7941326752577,64.2282844782884,60.4509836150545,58.1563844556856,51.167753340166,35.9658971979221,57.7304664228025,80.6290600338026,48.8032391255157,52.2694587387609,61.7552203661856,66.45162614173,74.2022034562912,43.9778046746805,50.4697104073562,69.5173569814783,71.5454023941768,77.436690224935,62.2603420028721,50.864898285608,49.8099146048526,61.7551202304041,50.6649507138629,57.3283431298509,66.4914189313433,59.1134742483528,65.0414398789892,62.5648173482382,78.7293231860649,72.6692162908346,62.2869015449029,68.3099216883685,51.7289327149708,51.1144689253777,60.5408333291811,78.8723384098723,57.8340718415054,64.4260784665703,64.4990389420402,36.8207045641665,55.7384416770445,62.9224628041159,61.1515778147899,63.0879268622477,56.7859215022543,54.4212298669297,62.7877675575362,70.8095143830048,58.3293532132266,69.8807592933545,59.1437204682697,45.3585891289527,65.2675119006223,45.0094988520257,82.6536370565832,62.1932920831494,55.8380177613251,63.7117328040467,46.894647182779,49.4875885379723,74.4963587428082,75.289577342849,55.1218259488683,58.2813271825076,48.9882234379474,62.4597499046685,60.5662412609797,45.1459238184146,45.7874752232904,56.6698373260924,59.0430796651932,53.2114718391786,50.3293063448596,50.9820678396396,43.9349840048596,42.1006299166938,41.9749417771615,59.0381924740939,59.8255160341492,44.131228312601,59.0382586252746,47.858656369528,49.2151503192531,40.9360612005431,61.8002313516902,52.4016578761987,54.7261737570211,53.768570017706,65.1816401186279,50.1753780034212,48.2033036348197,62.6721877429519,64.5217819030933,80.3967379532268,61.0714712964078,49.9111689972141,62.7450569303709,51.2260494900823,53.2495644390385,47.5657600337781,65.4198482223871,53.232434658054,70.4332459722787,37.0192802170776,67.8093887214961,53.7241673968812,64.9788961092412,49.8543112668941,37.3910180231185,59.3526050697789,61.1861870645823,58.5551169045436,54.2361419207169,58.592906698502,54.9061663564077,38.4661317959569,58.9552651114428,58.3160068619685,52.113363169923,44.4481190912566,35.8212982190282,56.6059587097498,32.2283768290949,31.6685806877721,43.5398684042318,54.700071033863,44.3358054619393,25.975796534635,62.3320884667371,52.5168566555593,52.3060854498941,35.8065422943612,41.8692391944261,43.2927663487227,41.0360083037701,36.9019200989883,45.8712214389419,52.5220558896108,46.0698489321096,48.1935435641874,44.8912632725802,45.6097179374817,37.9483455558034,27.4259618516767,37.7802187034139,53.3053346850976,45.7550898919569,39.6911885113184,36.1965121980643,56.3064742209333,26.6163198705871,29.0295714141022,21.6341088488664,32.4593475537387,38.7912296739816,26.2068145263933,35.896288687718,36.7935759971529,40.3940554028207,17.2353024680028,36.2609372640398,39.5422291645605,37.9075059740449,37.4507960663132,36.9836401488631,22.6415669531853,25.449280458904,33.276067564298,29.1556935586408,24.7954680802909,26.5581295979304,28.2711515821221,33.7889615142057,28.5741609146903,15.9121002668884,29.1425763915935,35.488121479817,25.4021826654402,18.0558583428032,25.1657146561671,24.130687754879,22.6249014817408,17.8487798011248,12.1717095808005,15.5152855688917,20.2260289846406,14.7229351776293,16.5493273465133,17.409373843634,22.4279285712722,9.7327523422641,12.2176841416348,15.1652171553223,7.23907634426673,NA,NA,NA,NA,NA,NA
2.29259068169718,3.30411310148183,8.6187220450962,3.51029067995736,5.95009695870498,8.85707720595128,5.2239635887134,9.09479451837565,6.77213641759765,10.6854279945834,14.9163604854444,10.7836370546935,13.2692417002404,15.1935573163223,16.4682366717117,16.7449082025087,9.05485187344697,19.9584520175846,25.5845945640181,11.8737166065944,17.9993765177596,23.746605247879,13.9990614491304,32.5403761440823,24.8742771161506,18.7743336940193,16.4749634927415,20.1759356458268,29.2637971948167,29.0771054249423,12.9099268979121,32.6976230671135,26.7146921598551,26.8553647512834,43.7979683296,28.8758149228466,40.611098131904,35.6172327895,25.6871446804822,32.6820353436614,54.9521156904958,25.8181581060755,39.5253609817605,40.0072642087482,41.2089987905844,49.6318595392722,29.1073626586787,24.2223163569391,40.4416742730183,54.2448080949103,42.010735462001,39.7927873027903,45.468996460017,50.7084709526648,26.0259616104929,41.0259061160238,19.4824299392672,35.5818091203538,40.8452147727536,44.6607861111127,32.3999269298988,53.2132652046983,16.6133423492819,23.8232017154686,58.8514722321319,48.4911018365902,56.0574091883514,44.2465198583563,42.6472877429883,37.8608080073955,43.448390292092,27.5403627068087,39.8397005143268,44.7818997782275,38.5901000445944,63.4982781847653,41.6956806116822,49.5581808534686,53.2810884501303,30.0610140508927,54.1094791978165,68.6005127783228,43.1761467534744,45.5840339315378,50.5395049448229,52.8235503109696,76.7862204845546,46.7091652138617,42.4438413400959,44.6425584340437,45.1115352533703,50.1393050732814,34.7087663691568,27.1467766349145,51.05784016573,50.6729702053912,40.4279520363001,28.849431343228,43.7642436886734,50.7331175404934,61.3150170849808,38.8868989065341,64.6571957517948,56.7888593230536,46.5354104956111,34.7496998944132,49.3410981280017,42.2311794811422,45.35720392736,52.0701890084551,30.8071222721584,48.9920291849077,41.6844201238683,42.9872897452901,39.2493936517849,45.8829578075578,45.5683952907997,63.7730537639675,56.4144071963989,71.4520247751473,45.3194621485312,49.7396986319237,60.4370896516149,41.5204503425952,28.0005588910726,54.5297320234668,61.0372431190258,42.5005808482881,59.4692162157194,55.5978959118624,57.5347229597462,48.8340005647941,48.9117513583541,50.1005412495649,46.3345271042273,52.6075801273564,45.0825922317915,43.2586196870741,30.3098495034827,60.1095801011702,38.2321460564602,47.7957120626277,47.8251984459395,46.5460259340997,41.8733431157425,46.8431710323786,37.7139716716985,52.3315900895608,53.5659451077085,49.5163421070203,36.7040545267346,45.1402928218496,36.8582211465359,53.0641764411221,52.6465773956569,51.2821350345525,68.1048625327747,57.1785178324271,44.073748514803,61.5374711727845,45.086084227244,45.7279085581052,65.8270751046342,44.7501494025784,76.5440118762089,37.4534614525874,33.3951084896881,51.0625250532916,30.0706942515072,42.4529685134715,60.6125228272001,55.6319442290895,43.573254570531,76.1561395709568,43.2785932304523,44.5961373304193,41.0699063882245,48.6460667241655,50.0001849483481,61.3074422363897,41.8829354995018,48.4729868196036,19.9660937456646,62.7522265951229,67.1350502074939,56.8238534862756,56.664568888784,62.328697240428,69.606657880096,69.6118090616324,63.2738916413308,62.3910831259138,59.6683893953149,58.1283474226751,57.2847946906155,60.0241445541502,52.8187530454382,72.1919629488984,64.2489958145521,42.3931857384199,41.3317283709766,53.3676538201974,37.5469664368035,54.2487065921406,54.529369966228,47.0222625097242,62.3301658510979,35.1166104303273,58.1413290993102,42.8615049518557,34.5001813569146,53.2188165259529,43.4363382520122,49.6035032188381,51.7567888291111,41.6839564987506,74.8711576033848,34.6586259184311,47.8942789535069,49.5379864945315,41.3169726962585,60.3985146238047,63.449512549575,53.4976224821619,48.0988165204533,42.6773329136777,51.8163755360606,56.8740477173569,48.938531715954,57.2168932669666,54.8342412928994,62.8143923466339,39.9973856873809,51.4196101595508,71.250609574311,64.3402649200242,62.088774268281,50.5629414507724,56.8985079681339,52.4687636984724,39.3913788640959,56.7241481719574,45.8217135804727,49.5765548902842,27.9848479199166,59.3570287525455,53.8267061983897,60.0653862036642,61.4489657579613,51.837393097942,54.2284241193913,61.5571587947802,36.81249478365,43.0760795414423,70.3477109666593,46.1597551584282,60.3085948119828,47.8335508892985,50.534564267594,43.3663378125852,42.7866956557269,43.4602768829086,33.849406939024,35.8725497449714,53.8232999550939,44.828589382359,39.3353359786346,56.3457783714117,42.3551821109701,40.2569973410981,44.5576840804574,56.441263005138,43.2406777076999,66.2554753339593,50.8921860580615,34.2007290930236,30.609056995428,45.1390539359781,43.531472101129,39.7778840712921,51.2540543534294,54.4701239055634,63.0782692816621,46.7336383037601,52.4540387961763,61.8678288482472,53.8555034599815,45.9120886499777,51.7098199598229,49.6853313585435,51.4958112060409,39.9585285477572,50.6339590517605,47.8460110930677,56.995746130595,50.2230712474966,37.1541567176666,42.8654581732182,41.4488393257501,41.7561645887552,30.0788540708229,61.0534814703361,41.2768116966557,34.1946839157503,49.3053890907939,41.3567617361102,45.3042725911366,28.6863702704302,50.8559272225855,46.0427729531029,51.0946128281959,48.3918768823507,42.3620677205387,41.7532477481841,44.8386435422492,36.1202094138869,39.6418418249796,47.8887487929279,39.0637113532604,56.6968570253345,45.9716555064989,33.7764138216897,40.2163134956001,29.7407880836972,37.1540345712455,31.5751090842039,35.0808295905643,41.3724586429342,39.8791994625788,45.5075722263441,35.0442124878348,35.7299820853364,26.0900161343994,32.3796295561376,35.3373771219635,26.494175205025,32.413007452836,33.8415140232275,23.59174305434,32.4121090866744,32.9063588624912,43.3203309382171,31.4725396601779,31.8306594417219,37.4842441852826,19.9106275548417,32.726908902779,36.0485064899461,33.8833221824608,26.9874186674129,24.5954067401028,22.0011102900137,29.3346167724844,30.0882647586455,11.322442611266,40.5764317998732,30.7587604240884,20.1711882455676,21.9383882972054,13.8822826980695,27.0570337446063,16.7933572219798,26.5110667855896,15.8203046271954,20.7248901975175,20.762855916463,25.8108073810728,9.48230056125047,33.4871250004231,13.1432413630419,21.9235465076875,16.8168514705131,15.9018230215412,9.52243074761575,10.7219023584202,15.8008893377756,29.0077220420863,14.0873474957352,12.8226074510534,19.6675525424944,13.6200494287883,16.4382120529528,10.9482113690584,9.45709062107094,6.19255609100265,2.98861834270727,6.0194801111467,NA,NA,NA,NA,NA,NA
6.50054858450063,7.74847914178623,6.43922831000443,5.10290661383335,6.53575573794131,10.3477653160666,3.65262624519399,4.54143293106776,6.00105849752096,9.59374511638375,13.608939483335,9.23073801139526,13.0351780643309,9.60433853587751,7.50211910382475,13.9660767012675,9.27787517087995,12.9100530957782,45.1812638116858,17.1789846508748,9.06727060913066,23.4632561867558,28.6861523398876,15.8127813367068,29.2640273106804,16.1268961444516,16.3947906137645,12.2382908304202,33.3229593863147,24.4958414597388,21.5277800050951,25.0680705767026,22.8417864306205,26.0997611843394,31.8550501618604,24.2764023224921,26.6807439852952,27.4355630951592,20.5596362928815,19.6799052200976,28.5305781048621,32.6186541205049,39.2420794422248,25.6400958760646,33.3270285220518,27.8032121328764,26.6942653015254,23.1654236295731,43.9614948781066,19.5928927373753,41.0887841797195,41.081977738329,52.6005284909276,56.4053541266075,39.2117181130916,49.8169131716772,58.2419603577363,46.8657897828837,37.2917888741335,34.966226448828,37.1587764845078,30.8763454381834,33.2193591395828,30.0201837356637,31.3278435258971,48.3415379130346,36.2023173670534,40.313438002944,44.2466382987405,37.0032079697587,37.5356067144786,54.3370110985763,49.9621784412878,39.6916886494591,54.2822290561078,54.0669204748788,34.5456855573737,58.2277537868572,45.9666360946289,30.3519375326996,59.3399159889178,34.1895927426982,42.9134327510048,25.9426553550465,44.9669096026526,47.2633243745613,40.8389733872,28.8152273531709,41.5728072763081,45.147121755278,41.6309335364135,36.0828404844926,33.4353412351379,35.6870977445545,49.3284862445166,49.3878541084736,39.5418460007635,46.682421841911,40.0591429663021,56.7159155301051,38.1843037823074,33.1202182687382,38.2730104027372,57.6931229061349,53.9425024587472,35.9753073103981,50.7129257275567,43.5625575550869,43.0024272526224,52.9976179760583,34.2850133780956,33.3340612607811,43.6056680027646,53.7406518221954,39.4441080912071,39.2180974632857,33.305297882832,53.4024478956358,41.4614762979131,57.8894346642702,45.0482223750032,61.3493182422847,56.0398434782406,49.1872055627619,39.5932793799504,38.3165648440918,68.6496255781375,56.6768962844276,46.8077395409626,27.7000683269304,54.8927350598436,61.2036501101682,58.8583180896596,47.5404345845855,51.0548638531629,71.4426080570616,50.9773323648539,58.6126766614248,50.5338262534815,54.1985149834323,66.8885212697858,50.5879171649241,49.494977195052,43.9562398681491,54.2757872732701,69.3265824007898,43.0020507982729,47.9045149157211,54.1311717173959,55.9840026690169,42.2736565233713,55.3334952076585,43.6377775710583,60.0194194265485,63.8586596360338,44.2398049954115,62.6951772131058,46.5950193018721,24.8139450230781,64.3821506379801,63.5158991734019,52.151567088224,52.2554389327829,37.5110459242605,46.8716488516348,47.175846686023,41.3184233115207,40.0318489904884,25.5265142678239,51.6161764277949,56.3615720886521,66.915499681923,67.0024041511637,57.3001243832673,71.2788534539379,51.2906420952716,48.9920124488623,35.1881227512647,53.0208881565972,62.2961939565724,50.3334039414527,64.2189194553782,27.4775285930784,73.960536762215,75.0988934839713,50.038189392534,57.8714905603537,41.559330182675,59.0610324352568,47.210018649797,81.1040164244794,64.8831269826176,47.8347697998479,48.7310252227649,43.121563142139,44.3478441208274,60.7780312733996,59.6294446512442,69.1788814880663,48.3793976081588,44.6124231531256,66.0293175318528,52.6675780431745,48.8677442928138,65.0057404046504,59.1073349341003,65.0922950204983,67.6982883638814,71.1332580431062,42.9692106919358,62.6979851062748,60.8188053223151,66.1750914089801,60.908316499281,55.6870446621789,35.7114759550869,50.0573973662784,55.4251492449657,52.353094430021,60.5802755495493,60.3938973575971,55.9342099225461,51.2403199724444,73.0197692306635,50.054981497185,51.5682151959226,55.77351258953,52.9692587322288,37.386532041981,74.5469357122502,50.278198899414,67.9120737284937,38.7484200672253,45.6597567541837,59.9760022018587,46.661800588806,66.3400680161109,48.284133695103,58.07778034698,54.3294444376053,58.813345205114,38.3084440899301,25.616560691839,63.310284695178,34.5886354420319,57.3773094780633,38.6556020895851,57.3044276312851,81.698689988499,54.2407667124255,65.2837399039678,53.6156907705926,48.4097666588148,57.4162515719204,49.9458037648044,40.105289883866,69.6128091055572,29.910720093224,59.0946831201058,40.4466802903724,61.5165724310396,50.3727829631468,35.0687635536789,48.4448065504327,62.8820548137012,63.8190533453635,42.5058314142042,45.368745958142,49.8387929692604,30.4415313136346,56.7470361254264,58.2453549480172,46.1072883908767,44.7592982604058,17.7461922002974,33.6477807770202,45.8488161926829,36.6925289501333,54.7635300968,24.885421630244,54.4617689233256,27.493959509849,41.9661494998539,44.342602410326,57.5066225869969,49.118487172872,46.8763081042654,53.4027239546552,51.1524875718098,54.4049619177459,50.332300897333,53.4018918212596,41.8920067767666,47.4185149044153,39.2092737287251,27.3246947502289,40.4087615129334,48.4500638066625,56.4053105751793,56.175769829149,47.0979284083184,65.7612439216351,47.3273379069387,42.7990508797735,55.2196966853135,43.2932796179674,40.9461468624982,44.235655266262,24.3337114570036,61.9479067043376,47.2114456735686,27.1136619769879,43.9265310762877,46.5009700657091,28.7869554155763,36.8337441453379,37.1795375374711,34.3505249438356,38.8867883545866,45.1000045519466,40.5150761564871,56.1322499289667,40.6579770916429,42.8688164867359,41.7319050539872,58.6920458304987,39.4987032362352,41.1595577894697,42.7802520402753,46.7760382723509,36.1175581826715,42.9632021672958,29.6149543672864,35.1905267411326,38.6396957706693,36.8724587506677,39.5484755609421,49.3594614830344,21.3007322975655,34.3936350195476,26.2721458417396,31.5326536278631,30.9969671126808,34.9084942723596,45.439726010068,24.6905774168449,30.0206814710276,26.4421694820518,26.5206997238204,40.6423885901079,29.9950859734573,22.848113945186,17.7605857203015,28.2390717993702,43.2719130354118,20.0096159164606,23.4446954242411,34.9460984560138,19.8638003281776,20.0414810326285,29.5246685657547,16.1143025953566,31.0192350676149,20.032277838917,25.4880590918569,20.7809207007195,16.0102682180458,16.3672096791021,21.9093423339814,20.3347711677113,13.5300224811373,13.4920343736041,20.3452768402732,17.6315115939784,19.2596766156805,14.1353676923967,17.4059840025076,11.8800031626123,8.13920890711159,17.6190874239564,9.37131172585452,11.8509198393027,16.9810445878914,4.15879292281686,10.1222728117686,11.4928562214366,9.16841035291578,NA,NA,NA,NA,NA,NA
9.73027061561619,4.72206349909987,7.13596863724531,12.5450105686735,11.233475727257,6.46830865602558,8.09145701484367,21.6065318178081,5.42308346344053,21.5978168408767,14.9046554164087,21.9772256864217,13.8587403021479,19.6722132219633,40.940360176088,29.0996756527619,22.2649695799172,10.5659001221325,28.1110056547428,12.7220146688972,30.5229075350894,21.1564523107855,19.3732649716678,54.4783958827908,30.3922527812963,22.9463579620262,36.269153183071,29.8864787142312,37.2613253861065,35.7180807118685,22.8951894944054,35.2240372302852,40.6065689070882,29.4500802918978,46.3306786167697,36.7771389367311,55.2235883526728,25.5028704872355,17.7305326486722,32.6232824031695,35.9296868998624,37.8002558763197,36.0003490125351,33.33581197077,30.9723303907918,49.9867799131778,52.2385154000028,42.2356894303011,39.1392200785318,59.7647068685988,47.1813610350916,46.6235346852383,25.6673398693287,48.8858536691838,26.3066130287015,51.7359134757382,55.5036290762072,36.3557472666526,42.5567351158382,48.4054892454281,46.5055374821291,61.2787855637849,44.2727572523087,51.7364218722327,51.6404531221786,55.152781893947,44.2836847924815,59.1264484568902,74.3647906250407,54.8073634585845,77.8327420384523,39.5904454683418,57.1735146720264,49.0762042652722,50.3516973778094,32.0540925257054,52.0280093012652,44.3001288063098,44.8998207461184,41.1632598876823,60.7308203949756,57.4597863731561,57.9338009453642,47.0759436565731,45.7645740755833,45.4293504978974,45.4826719420825,30.5247058789189,49.1612591025055,55.6580646135641,34.8117935727166,48.548823929178,47.443448049538,52.5727375306531,55.9861172855365,56.9840053406991,30.7720998320937,62.9953043088064,39.7214148819767,45.3772267966006,53.1384410753848,55.8427609585162,54.1599560643755,38.3770186569545,55.762086155455,96.4547341129213,57.2956216749123,54.2767651206511,43.729291399677,56.0199368391163,58.5544887485014,49.209181131945,51.1742709500209,36.3719833009021,49.2752544987101,61.1263759437991,57.6654891710214,62.0636571265737,80.3404656393729,45.3730337754007,41.3977715219509,81.4482432749128,36.2055874133215,72.7301139738581,37.0831351284912,58.8003900355756,64.431155183785,53.5415345923632,36.6533866236153,40.485318836371,59.1547268204157,60.8717272967228,41.6989476359328,68.5097111159142,57.9074636804453,62.4151487673835,42.0512103612115,71.7323990700844,52.0948575186233,38.8230580762892,67.5173827804404,47.6235241948555,55.1797388016612,38.0191259777704,76.0023343305846,48.9374186395976,48.0201825239408,37.2451443256254,56.2860553769163,67.234485145705,52.4002800636919,41.3548734931168,44.1176243659377,37.8682703038075,40.2197177523878,62.0517387316801,54.4294232481448,70.4769331133787,49.5833514103468,60.7628836409344,61.0502234062023,48.4121404505138,49.7931518577502,38.4934626459712,38.5387733327725,41.6086457309976,54.5030139742545,50.7447385005401,21.8296852961807,67.7231558042648,40.1678111345683,50.0741053491086,66.7850194859795,41.2466531449576,40.6851713278724,46.0132130721886,51.1656607657507,50.157200223426,70.9271254873188,60.0991364467793,79.7048119628085,72.9576297315207,68.1571490917077,46.502101515802,59.2439792696403,67.6976377913587,56.4736094547004,51.6383632513254,31.5926841007604,60.8466416766735,37.8871596595924,41.9469237832452,47.0662117593062,58.3336419563018,70.2055609583258,44.2076931857155,51.5589319758757,71.8888051612249,61.3457460275967,35.5510575855195,72.2520433820065,53.6762634412624,59.0390397215758,58.4350481409734,58.3357412398541,47.4511286110798,95.3940280930363,41.5677681025062,74.331638867244,71.0819592658016,48.8570155720797,60.599185371057,69.4998502829958,42.0379698421134,80.3551047361935,58.26230857557,54.736151895126,68.9040638684253,52.3622584256015,83.3907172306422,53.25588341703,52.1231969400282,80.1260854462253,61.3441772373523,68.7053235208485,49.5749561497175,56.617373499601,88.7168899139532,64.5041327880777,59.0543863852539,82.7225338201499,69.0619548247438,43.1185571931386,33.6440466941069,97.7762314971626,60.5556286041762,59.1099456500899,57.3370383186856,44.4378198637397,75.8364746606388,67.9189063965372,56.583620305678,56.4216174998219,67.3749939849524,65.0405970704576,89.4088635135559,67.7845087962148,63.1927027745419,61.3567418980269,32.4569263579405,59.6235037379172,40.2186851686544,47.6703913605379,51.0272389489492,34.2477287149531,65.3956599328121,55.1145891690183,58.4263046522886,58.6657447023318,51.6313864562863,59.0056864664386,60.804120468635,46.5555328887402,40.006614200846,61.38570635659,58.9092262484427,64.3664539707479,64.9356106117228,53.3947946319228,67.579477085692,63.3540996358814,79.0952002513719,48.1669868393068,42.2868999433807,59.7960243412483,58.3027109183703,56.9001223989261,64.1468317724754,66.2924947532347,41.419470622377,75.4065363680509,59.7182186122058,52.6433974631606,79.5761647454275,63.1775480591033,66.3468892833725,65.4668110762047,48.9391704333431,48.4751225515125,62.71487510343,60.4033498909969,62.694704379857,62.0481402903008,60.0012411435094,62.0735327035518,67.690980773596,55.4509626378644,63.1786774237202,71.2599943525823,61.6086088618796,81.1009983885235,44.9579656522247,65.307003411,54.802407888909,40.419772944436,66.0582678694782,34.0806723635586,58.8824938944133,59.5685217373466,76.7479677612945,66.0751754747335,45.2694867628899,47.0612785046619,55.3485355514624,54.2472197859624,46.2889173585103,57.7742761613747,42.3704903180205,52.5339722616621,48.735797498314,56.0987163606012,60.0153320688379,63.4209989980613,42.2873632769415,46.3074928224735,50.7588916803866,48.037414806783,53.4005166135003,28.4284459257012,43.3606310250135,78.1693384948154,59.6908303651643,31.1165964414771,21.8372966028312,36.9193110764232,37.3398035588691,37.1359700871073,33.3196487379255,48.540888720572,55.7696587026877,48.2333402336598,40.478937836178,48.2066375653357,37.6292303135279,43.4374963846356,33.7563666776279,31.5255015665443,23.9903149697463,34.4598785163607,47.0885638993592,34.7576172617917,36.5048372336165,28.8537583336856,12.9955153256214,46.7269759065326,26.7267455071301,19.6299896562699,37.9820311902743,30.1898503805843,37.2785323950961,50.7388068622284,21.0199062126456,34.2909846558059,33.8897042082347,25.4054078083933,33.6198981175292,11.2417949471897,28.0739702316172,35.0162393391839,17.7091600983618,13.3186341612319,14.6013381277541,14.5019995962041,23.9267815569082,16.8930344381405,15.144906326522,23.0766697816785,27.9456837150238,21.5174904368755,42.9517854445576,16.4427861816037,18.049300031675,22.2222330743062,8.21809903444338,13.4059221349008,9.42493245576997,6.67914859676361,NA,NA,NA,NA,NA,NA
4.56100260668635,9.82540660099755,11.650168066075,7.01937169916888,13.7209952821574,12.3074253839801,7.27843378864339,13.0062932982407,12.7966487825575,11.5122252670946,13.8478038617376,9.27529757414448,10.770155606889,8.01344784939984,12.3627983722645,13.8087911720758,10.7244284926319,15.0627582433266,24.2816152381534,19.6452218159095,6.98229313198345,13.2416132358609,27.1573885562739,19.2458670283734,18.6567752839338,12.7357708779042,8.41468914697782,15.7075197218261,20.9784441279055,37.5300283920716,18.9134788849341,37.8829846325591,35.6148715992367,23.6733166404075,26.6877063103216,24.8509359647523,28.4715527403745,36.9359646025752,30.007896874769,36.4988108028945,30.8706199173509,44.359893269691,34.3552792291942,16.1844039143852,27.656695567455,39.6646997752256,32.276730641353,57.627374036039,30.3330215167269,42.6922454167901,44.89064918195,40.26387547969,42.0066878225055,42.6797543911355,50.911098509222,43.8187687840672,34.9875948957041,37.9528077437294,55.643532245015,32.9579950444681,48.1994387236922,43.922229683064,27.3323518669393,50.1887094514077,34.4590812210288,39.9001913081323,41.033190546388,34.715375345997,36.8090785482419,38.908859198364,23.9768491195405,48.6855613097631,26.6974638289322,37.5295071776179,48.2772761433892,40.8717455435296,39.5225839106909,43.7277995813036,40.5409807737065,42.2666849434157,56.3244532639961,35.2800501559337,62.6685374024972,49.0527631988219,55.4225867018325,59.9790505748053,48.5848773902458,31.9378114833665,62.173453396705,41.0667624600166,43.0794767844092,44.8313743723863,51.7595685260274,32.3158353435401,57.9145572410031,55.0232615767845,55.9630463946831,51.9366839391853,57.0150485693088,47.6065077264566,55.8855585713338,50.2002483756604,43.3233073474583,40.8847238275766,37.1995129505544,43.101883123037,42.0081749223815,53.4736633967939,50.8197881707692,64.6031042291848,54.1083940650636,44.3044250538625,60.0317565179691,61.3851041533866,37.9247569000023,62.6829431942718,33.9972742083125,72.6291401840139,69.619891423023,59.7741627328384,56.8172014306887,71.9198547100892,47.9635154078149,67.6843621894916,40.7848995548266,60.361899229773,53.5652186716725,60.2408202933991,68.738667440868,52.0305832364403,49.0569329464539,71.8680020630657,59.0093118503127,58.9002064360803,64.3876964210887,49.0943055702897,69.0222042917422,47.9973515702568,42.9988556852729,74.1416320276219,41.2903136281473,50.877798735225,61.3939068172538,46.0404852374851,45.397383669122,68.1190109293117,89.7850243747281,68.8776613021575,51.3370068622073,54.0827869308316,45.7220861837637,54.9446238719333,55.4663627098631,73.2855279310609,60.625474581746,66.3602956718278,74.9882103790014,66.2470848706245,57.2853621485256,49.905131696967,74.9792510649518,51.7062400481273,55.4153626502286,47.4505915702256,58.8705984256067,52.6063133384072,46.6826044777966,36.3539610340944,51.6090505531216,51.2900097568886,53.3974346826698,60.0502085748781,61.7099043953056,59.5937604699004,58.6585262653096,66.0080946556033,65.9467884109585,53.5272345671826,66.8057118958132,76.8079755875884,64.687507639728,70.9224604034662,68.9541838561888,56.7464221327679,51.6415755319489,61.3139648665004,72.4252219974217,62.5137111953341,64.9347125595748,52.4625681334015,69.929235850235,85.5725537229869,65.2678410575817,22.7881536992855,65.7675883275773,54.0126702240585,81.1311108255833,62.5996510182071,61.4032872050966,65.0823911264352,41.0275484637727,46.6538567006893,57.9167953440093,57.1096785844066,70.9812813888802,52.8450536529801,44.2044815923958,61.7238196394824,58.247111222359,71.3486789757221,56.9721260897765,58.78028663752,77.0872772198982,60.5908432217195,59.8663025279518,78.5926155078661,57.9674055216402,64.5643260643257,58.0284137130325,80.0113149721607,72.3812493625226,69.1812423063968,66.4945904655542,48.8593455183857,74.3680352463868,69.1702001768506,67.9048624041309,70.8036310356079,58.0922035132634,57.6908295602719,78.2229985574686,83.8378630253798,72.5443462592163,69.4461946187619,61.2337705909279,38.8715245565557,63.7631044967755,78.2053504655182,44.7192324511455,66.6364438774985,65.0358200700908,65.3669231680708,45.6467719435751,68.7369855867685,58.7779896161794,68.4484564082434,48.0756723949523,66.4039917667342,80.7448304795823,46.8734141742008,63.8047073290892,57.0795872284233,67.5918428155253,65.1233947783299,70.3002941517581,66.5299281317827,68.1875219046287,70.5627704047315,50.9612463203277,48.3603432877398,53.6945590517976,44.5739910972553,59.0732274150989,67.50918324645,62.831435351437,64.4051544600256,61.412815887358,63.8924165715438,36.1053379586402,55.7141472202948,54.6802300596223,50.2944535280355,59.0065263718879,55.9012778866786,45.5559144740093,59.8617197590404,61.4771913589124,53.6518684247314,49.0390565646445,60.6111180467092,49.2951048804791,56.7425995649471,55.1768563724921,57.9419977763835,67.4551723047537,68.0738195476096,43.520080013902,43.6912704046604,51.168674981945,64.5178905176131,44.3416720630826,46.8109134942757,48.8484119369774,41.8959682202125,62.6243990011932,54.7379833123479,65.3094125432938,55.0302863020181,51.6743743698522,56.1289527481672,48.2463497527472,59.5981041696329,58.792615123912,56.7698403827412,34.4614442376349,40.2916124974493,35.8111244259175,61.5477638092939,32.2347082301676,45.1856926237157,45.8891791106559,46.413918642751,42.433405616862,64.3446055245478,54.4454696431296,54.6671815570194,57.2078274479862,63.9154238390224,47.0986929044345,54.130425838474,46.1311310402714,37.3229972451248,41.9341793457378,38.0273251174509,36.1726055897467,57.486478317636,37.1191566378121,34.3025928561966,57.2693895749613,43.0152898528305,48.2883951463087,37.1728190929552,40.5607927776498,34.151401585239,30.144220777019,35.8385341650332,41.1787006032721,41.5232531619398,40.468341065929,22.8162023392367,38.9565039651611,45.3327163996249,58.1424112089937,38.5592418397238,34.4296554091944,41.1546222380937,34.7844565365707,23.5982122449078,41.3077637229865,40.043034518631,40.335180297505,23.8177895650304,35.4491636610935,36.4094053986782,46.7251880286676,42.5934044973259,21.2326390316396,29.5672988197459,20.4833338292137,31.4914105873426,26.90110362597,28.3536677359796,16.3008431358837,22.9978729347697,26.9715143373903,23.309821229979,19.263805506749,10.3693768831404,31.5985227943655,22.1092755862495,13.7206652322666,14.1460478633324,25.2526051242126,14.9226056054737,19.2712891908245,12.4607538455734,12.524586148021,14.8614953707837,5.32739461473261,13.6174556652432,13.170056868972,19.1863645654264,6.92555046928271,9.83837751287981,10.2394133795977,6.35103056927617,11.0292159440109,NA,NA,NA,NA,NA,NA
12.2891548506131,3.20469314904936,8.31503981363755,9.53457207299097,6.37233463873958,5.66189559073555,7.77807136548603,12.5802276458086,13.9293469640697,15.2741715002504,21.7975934002248,18.986325845578,12.8542292963756,18.2544255281835,39.4129402501919,13.7676548876832,11.7853385756219,26.2866366162406,30.6855674621829,11.8573264769054,29.0970718162649,20.4148187876302,15.1928249533338,25.7876086028622,31.6505682468121,26.4896585961028,36.565310288704,17.7796184973432,45.6529450595632,40.12523476513,41.65692568162,26.5687221213189,37.86103214913,45.5937343363662,33.8926246022439,39.5258910494236,44.6169293803299,49.4390247127296,39.1468272197588,36.4583944218673,58.891263765444,47.6704708353941,53.251002797963,43.3515372979134,42.2888692886949,55.2232676587754,53.2575234813507,37.638609713645,35.4977777109252,61.7732028790928,46.0610364877825,63.1971878713062,61.5104588834869,72.6068915082404,59.6741706087964,49.8711940306919,50.3566688826265,43.1528015652387,62.274790769203,53.1488543236911,47.4200265298646,49.8287090879584,48.6288463969996,41.7616522119753,69.9576032096822,56.120502419622,53.6478848488917,30.4188103421261,50.1209384346778,72.6594715834389,58.5459131412831,57.1687943250095,43.5337921997469,27.6065440630068,39.0102135547953,36.9699966837438,62.0264455739394,61.3667076160955,54.3528614459797,58.7824166756211,40.668136012821,51.521626081751,71.4813068395983,68.7196399240749,54.4583498743492,70.1196601720818,58.6868223761908,44.6668464554543,71.2501899000326,46.2030037838531,55.630711732657,56.9822571367112,51.9902433170965,50.4259921838016,41.4457147589676,51.7874627853381,41.081613420394,47.0731961956311,55.9561323166191,54.7908875019413,74.4118555492752,47.824508681155,62.5162603812727,42.2515865254584,42.6169009495139,69.6656397641393,67.7970345586874,61.4745378496709,64.6601079250567,73.2237372391831,58.1839648155787,60.4940476232354,45.80962027149,54.603446217179,54.9215450849945,56.8185688629986,63.0890496913611,53.0244441474119,59.8775842512948,64.7039004438459,61.5945128713983,43.9415939012255,48.5838760848674,43.9918791151284,42.7045109762422,71.7591998885326,72.777223277377,50.5558980533895,61.5305978878759,60.1784086471712,66.3124552712672,46.9221745854263,55.2581153931392,67.7154930661603,38.7625070902124,41.5962798517438,69.0178411306538,71.6998934686513,70.3798764112569,80.7799193170878,38.7414595339682,57.6908165561644,58.5416952642178,65.2069879257722,68.1767375678742,42.9071107739421,41.7664864885995,60.2400880663664,62.1597625602682,53.1601959385161,46.6533366970002,50.0603924653183,53.0782143898643,68.1843412960455,64.2759180078239,36.594093092825,62.7027697091201,56.1124781698094,27.2448622315323,67.4663422417643,49.8377657772359,74.5293592485244,70.9216218872122,60.5716756353441,66.0256014856759,69.1200070527671,47.8000304245774,36.1131900055066,31.4785915928232,51.3068896978921,37.2396774568721,54.5079454467779,71.7928380185598,88.2480911664009,34.6483905120066,60.409023126209,60.5990680286295,52.0655271362223,62.633193585321,55.2858040692197,74.7833271912322,52.9537621948875,72.6973101146662,53.3867215161648,54.6396160337683,57.2215436128999,58.5973705140457,62.5288998550802,51.2212711333095,73.646489423615,26.9253482110259,58.7082258103945,64.6577200794758,66.192776554078,62.648220726451,74.430421083952,55.922181945849,84.0475582908252,45.5794210544409,66.9476602372495,53.3439047805877,65.259406740609,76.6291787778775,63.3984292624151,76.356473516822,67.8618083620146,61.4948755326231,75.7237404726498,64.0169989974837,53.6076803173392,70.3135016933213,75.7336363449213,56.6042059914092,67.2980215604603,71.4401842807928,72.1210512484537,59.6089140223386,65.3409725734162,46.076965667451,64.2965797181527,46.4644895130902,51.9083418105414,76.16678717862,54.0965090826639,62.7985483641711,65.5347291271012,63.7304443483672,76.8493022131031,76.2735013574893,44.681143283678,68.0853649567018,79.2216436797177,62.8691967142032,66.062505917445,70.5407358536982,61.6263680582063,66.3399791250931,54.6154469427999,54.4996395829422,43.2972078142008,58.035204235893,54.8605338036898,65.0307321333109,72.1984784163003,57.968405549574,87.8437703063286,51.6138954859989,49.5308673560291,56.8953178016673,75.8324818720423,49.3654302851479,50.8337542771644,66.2162554764166,65.4039166504039,49.5621497742238,42.5877196494685,69.0593319902199,62.7108659534075,76.2344251861727,59.7414730450807,43.8705917646142,57.6791668363354,88.3040725002117,38.9804026609861,55.5056514482689,57.6595027646836,55.3406380367877,60.0057695571933,58.7273104983015,49.8696769493861,57.1533500111538,64.4237068990652,47.9847988098727,65.0593814043829,54.1577119409048,50.5437130530387,51.1118880839297,57.4474119561751,54.066232478572,58.7257749539089,46.6017419957501,44.5027268148774,52.9010936583027,70.437766190941,34.5665871140107,51.1953650442904,51.9566832642821,60.8889172603155,50.3307515091033,53.7406143675881,44.7093952470111,34.1721805698768,40.9919451797133,43.2635841318364,60.0927704034936,43.0483940282531,40.1812436973331,34.891050511896,58.0975696392133,44.6652666955751,43.7248304076966,51.8074571708096,52.0259639658625,48.3552586832302,67.0766883333591,50.2882353720797,58.2049703727752,61.7308658911544,47.0332783290927,43.6109685568183,35.4759959974832,50.6206857965228,38.1692556073256,47.1765825884762,60.3817884198969,39.8430448385921,49.0296690597375,42.2191032733532,51.0005872470315,48.4098846231916,60.2723774936255,58.2644706445704,48.6829238000028,43.6900670980719,53.4298377935342,28.4687804296746,45.8992644109803,43.5007730079938,52.5770724024684,46.6563607879978,43.3804960834655,32.9565446255822,31.2505084617342,37.4483584382889,41.1608602590228,49.0407876346834,41.2386842785293,41.2070009872684,43.3943239001423,18.3826125868414,32.5646920982973,30.5608950773482,36.4794369520298,35.6638369660173,36.4712146326192,39.900195628592,36.7060577528221,28.0857921575278,44.795588191984,29.273337557862,20.6355427508141,36.429743118828,43.3815615953679,31.9289346766641,27.1159401974125,52.6910768125582,39.4622798381165,36.5665591659724,20.998765425544,13.9588695279536,30.0185054556133,21.966627152235,15.4789104506815,23.825792804628,26.9154779324424,25.4464890074273,12.3480650902027,15.3809706263219,26.3031748189459,23.104976599723,18.1134168907167,16.7680686099358,13.5668304160541,15.3582620681832,14.3613204174217,17.4663121927681,10.4230906066648,14.1814496453436,11.450289402679,21.5601921407957,11.3436046720571,8.41309178830995,18.6392841722121,8.65237325476748,5.50869188160333,9.09085814536587,11.2813001756506,NA,NA,NA,NA,NA,NA
3.80797310984514,3.94577090824023,8.22867081392414,3.31593626207456,4.12823267706356,10.2585108338307,13.7688970383823,8.47470269525503,7.80775318510839,10.9725015996615,15.9229483267981,14.372559461414,16.3650649458855,15.2177846105734,28.2899509829827,20.2802265429477,13.2514332473848,14.3359123987591,9.53536309224753,11.794605663012,19.5154804426676,20.1199527031319,6.02654735249756,12.397742320271,23.9462213842039,29.4457316604087,26.9094338317243,21.9458876328242,18.3252092128108,33.7350640413183,16.4063827733869,13.7640297440945,31.7055741962784,26.3836622839848,30.6566747320468,19.9484719199467,26.2519205896861,41.938965831452,31.9394342275129,18.2744336721054,26.6888922794179,30.4642137108414,33.1373779938101,27.132983687165,47.8464700191797,40.0552032801428,38.9063464310453,43.8865078690087,34.035643885791,33.0067117020281,35.489401605404,44.3503986680878,37.0209567850249,47.0790135805126,56.0437582213702,42.8145824168181,67.7232562351981,35.4847922657027,41.5858971110256,51.7171147187205,38.9127750967479,46.0788687622446,41.3322153705375,62.0568756309481,55.0410678104372,55.6837195757925,31.7632943321126,44.4298454693745,51.6160833331204,59.7524122806196,40.1125578836637,34.3845647385839,55.9777104819352,41.1344709972112,35.3441636077001,51.2125585230092,64.0167856847265,34.0330929834344,44.4617812301845,24.2240588604758,40.2886873131478,56.989800950397,58.1984427039462,56.0834133340829,53.8558649495761,33.4665725705183,40.7175264498594,42.546549656591,39.6235103017127,29.2929777653763,61.9693472921889,39.1930968460219,67.5291325963542,32.6983750992193,46.2575184884982,60.4865821544793,37.8238160481263,38.2187511907201,42.2446157274399,51.4330238737499,44.0858554571146,42.3504517032402,51.9099187486491,42.6619122444744,35.3572556803152,54.812640175594,61.496700341407,33.1667099278289,44.7725892609265,61.4043107262085,49.6931412760173,40.4207171428856,39.7432749954724,52.8661044368636,52.5492022140496,46.1600959702364,53.2383351748063,47.7820744852904,57.6046864161552,41.3104520074955,50.9685060385879,47.2420900942238,21.4085466757361,40.8315481054525,54.942509578091,46.1191218143838,36.4620532927989,51.4494155752026,67.0520904131187,59.3387374459426,50.9256953724238,63.0470144568755,56.353116534677,59.6510084960795,42.357939587593,42.5619224487211,36.3502843962473,57.3406058077073,35.9848068003874,40.04264902384,61.9480671467226,45.7925956812558,78.2922003489259,71.3463342830475,40.2692430128383,39.0025680225466,80.1815073479958,64.9348421703368,70.52322574644,42.3961643799974,38.0050381465018,52.6935984348568,56.6079150240364,58.9397654505711,69.8804063847189,65.4527577030981,42.1640093756523,50.1408199285381,48.0018864527062,56.5285588337845,58.5268272468452,50.5783936925383,46.297476430677,63.9885666847811,69.3819950147405,34.6743098474073,45.9623177946485,38.1624006729866,41.1937890735367,59.2177634571366,46.5328747042785,35.3147718401635,47.4403312896579,48.4732011963812,43.3929988322405,35.8771395855238,58.4467909547538,33.5917804997381,47.9178945638032,53.8191181853315,51.2143957323074,54.6283763111794,73.7354515815584,39.3783288515811,56.2818907621883,74.8643066528085,63.2505291195492,51.1149067737137,42.2579142420885,51.0679463284193,55.2987647363058,34.4934582667589,55.2522835052468,41.3597753568974,60.0945019707839,37.5450346982773,56.7031120740439,48.8231865528762,34.4606095350703,68.6208464271141,73.6447756001688,48.2959466858309,61.5287008604932,48.60839457314,54.918365318446,56.07818294249,60.2898443104058,57.3852404705586,38.0185412689594,45.8194723902502,47.5785778356056,60.4743014841041,54.1070220975967,61.7061150155619,52.8248374239135,63.8056219413022,44.3213164284853,54.9973688164533,65.2883198976217,47.1791639974425,70.5875898652713,67.0366528470413,70.5095996140598,67.2711365274287,31.7862613752374,46.7208352199973,70.7761443202827,66.0594406899138,57.4213194910505,41.4968165099445,71.5287951652276,55.8068875103956,51.2534220511478,50.0363230062627,74.0435717540952,61.2056967154525,66.351552964726,54.6368131702917,51.3911313746444,52.3923773954127,55.0524359425631,53.7284584435516,67.5916039571618,69.1165334419967,64.5835050811952,58.6387296087193,60.6394530678492,51.758781129106,74.3520006968799,55.6375826709544,58.814640934381,48.3160089788666,51.4703241916182,72.4890734900915,54.760525634473,61.6698978352343,37.7529228772337,67.3302444997188,61.6782194538758,45.2162074926231,60.4094651200104,48.3305384513206,61.5916120901029,43.3818025256339,56.2640338938411,65.1711010588228,57.9065343100445,49.6622340772584,58.2668540698096,56.9666642312615,45.4307481593886,56.3145562323517,23.8752349197643,48.7129532912286,39.6565438549362,35.7128497757908,56.007397308191,58.7419727178868,45.4383903263191,54.6392319382208,72.4650224019645,55.1052421991898,59.7112087280035,46.8361878049842,44.5082437057851,55.3378590667337,42.0415931131307,35.3400721399041,50.5797671595485,66.4682043036501,44.0622304361949,41.879183665483,61.9428907972427,42.0093144357987,46.2858997623868,60.7584665027029,63.4651758637847,69.3495996741834,62.1432196961739,62.2943555003984,68.5671982688502,44.4563352977239,55.5113908424104,48.8000824564005,44.7433839399781,54.7490871198171,42.036046889281,45.0582124292572,49.1789156276609,41.9341622995818,44.5517074058728,34.1648773821951,47.5368776851596,44.3396403445193,60.2111917718191,41.2763696881984,60.6934042579086,47.0937507104047,42.6442458472876,53.3418909431822,40.7049442204206,46.0775748356594,47.52414571714,56.2084429326215,44.7290388094389,59.3612422917716,42.7010192285547,34.7579490830315,41.7738471777544,33.5835885877684,37.8425665254455,34.5928658781986,42.0814252327178,20.8119040796392,51.4626790083517,37.1909033415819,31.0087737905269,15.9042495710023,42.5879823576503,45.9665294800676,33.2146629797707,36.8829713102084,41.8381985297286,41.489452067578,26.8254591181786,53.7148081060496,39.4099939757671,39.9994857103919,35.1399402354776,28.6493957296552,32.1740613937971,22.8342047292904,20.532898669826,34.6244448294141,31.9762769038111,31.9221315986126,21.7868375423326,19.2624071642834,24.9954376733694,22.5869603613728,24.9447001517311,19.5594684734627,19.6536378974364,15.5729627938349,21.1929839861869,23.2316301298746,23.6250247981944,23.6857541721392,24.9112705142094,17.6308210966479,13.2962613181083,9.99480341880176,27.7471686663226,15.9605186811041,25.3164165061904,18.9543548322361,8.37525301545354,9.50299359395619,18.5686842998019,9.44334429665472,20.5232247774975,12.9487521330333,8.9788230507628,16.0662224922865,14.4775749736717,13.3086572639082,6.31692836239169,NA,NA,NA,NA,NA,NA
5.47083532719459,14.7037959924055,11.0900363521296,4.83789970351083,9.37391208575122,7.47851019024006,10.8274029165194,10.505645221613,9.92022451717534,12.165684110829,24.4945936301091,9.38189074151019,30.684748083356,19.2043146878419,19.9253905554675,22.5840311286094,18.8606566585724,25.0970827425986,19.1064596174463,30.3134475983175,18.0445437477659,21.5103459869258,30.2891465274434,21.6706391283666,21.6317504697203,22.3661410398091,30.5432507286108,22.651021981267,30.3619943164671,26.5616380340402,23.3290983192611,28.1260835598495,33.0540232236463,29.1141646288193,21.6333373798425,34.9269239840699,33.3411960740102,23.1524399299406,34.9211689016863,32.2150666023861,42.8319197027548,43.2520866537024,39.8212063101033,46.7692108776877,33.1668517726364,38.2042642659784,44.2305150695085,32.3823714025068,62.7379697658019,23.6690032966846,49.6015736354263,35.2037186837239,48.4061608897989,39.1994047292396,35.2899399842028,36.1212893938234,45.7127954274072,40.4512178161839,47.6079788638264,37.8383559489835,46.324015304926,40.0231931219293,32.6544232477045,22.9489374759442,40.0504943718837,58.6638305350341,52.5547666634405,55.5723058176944,36.1847293977262,46.4358455021909,34.8692245079532,37.5931196544162,25.3687242348621,37.4849918584083,34.597382572503,53.2764648064883,36.2445588690189,41.2377205995187,52.7939704836409,42.4106215688487,40.4553066094197,42.3437633411771,62.3674730206905,48.6958735533198,33.3057102206436,41.8459130219096,47.8113898151356,22.1852438154244,49.1616200068905,41.23146790959,35.1976183709416,43.824476580064,55.7899767216408,53.3566964394854,60.0442745140471,46.4334439382348,44.7688492695104,41.034006549989,69.6621328319085,63.151498865605,49.8099037158451,49.0775640785528,32.4807634278028,54.0288865331574,49.2316305654285,55.6864773897337,39.0925524346618,36.9634410689737,50.9034749793283,66.0351853008531,45.465433707879,57.4542146232069,62.3656631971453,32.7862909197692,48.939802705242,50.2169929588763,62.9095719679367,64.5727645381384,69.7234567817239,56.1107312301052,46.4868267629453,42.1482593869202,47.7383637093704,55.4345684718912,54.2764165866445,28.2315818253658,49.4310054833654,50.9983785374515,47.6214154564057,39.1950205310227,52.2787510735869,63.2930220978052,51.1547387603474,60.0182762936793,74.0339444580566,31.6928595463988,38.3750736158439,60.2612848665329,52.3909875342844,54.0416111682929,55.8292073318076,57.4296683882024,52.2906270902781,52.5627463200702,59.834401801654,54.4522041823473,67.995112337674,39.3951227176008,65.5657346537124,50.8188768124124,58.1939853601301,57.4071007142223,68.7373550515285,65.5142106807758,41.829725446807,56.2236682821369,55.8550153040404,62.4153367950264,35.133808371566,46.9413179423409,67.0074696761053,57.0363867543604,50.2693878076495,54.3099583722367,61.723233861099,40.3551802485056,45.4689904930679,58.7149600524889,39.5754471231688,47.8078312419794,58.3013083441318,74.5868605813847,71.2432055265681,52.1698590889881,68.4449439366714,61.2573241189392,48.8216901752526,57.482422567238,54.9721025252754,56.7745165467921,42.3263052318713,68.2294628801037,45.4276256980209,61.9815596169504,51.5859214160084,65.4384667403319,33.2084822463835,49.1103295678719,52.2374370473418,48.6367825031066,82.8755193524913,47.8002858964486,53.6824087865963,52.2057131875245,56.5824241464035,66.2898563267413,74.0526549348318,62.8702128604883,72.5681943341243,68.4107497948332,68.6155602578282,57.0490810417996,64.9739088139905,89.1340556026959,77.7517245962308,49.9714758044789,55.1419150885404,72.7993619371347,52.5765637647002,70.6517144072625,46.6329896564872,84.4307248101221,67.6845539591918,63.7329501616999,86.0482480964038,52.6225827446351,57.701640355336,65.0299573554669,55.3820504751438,78.1577267171598,49.9422757655303,77.1401855761979,75.9760676378386,58.0886373158562,59.8211569760481,67.7056069170056,42.2069998365961,52.6183515780786,50.2680625486364,82.9562406880818,58.4263600019992,33.1950018416146,59.0030284243648,47.3968709904363,40.5105326445928,54.188699740533,76.5719291467112,55.1185316232347,70.79474542095,47.8851013328098,52.5085445574053,42.7017388494029,50.678583473785,51.10465654547,47.0754276118658,61.6511131238257,50.4053109508358,71.1218858469734,58.3746239985036,60.0861576656959,48.7633075163077,36.0895165570122,47.0676993625494,60.545990965891,71.1379219686913,43.0778634570603,45.9438709158356,66.7166241333367,76.4594965784299,63.9275646209068,59.0485704363717,49.3282819918215,64.9579300129115,57.0046678871136,68.5315213108087,69.328690274703,66.5167689122586,43.1331560585989,56.6037066936166,53.3424494968341,51.8948760438634,62.8618709061471,36.4942034592793,57.4787677109288,55.2005188416839,40.9438015395171,57.4721001924269,76.3973873684153,43.8716523132759,67.5515582120145,56.783528154976,59.0472126966355,39.5371399318438,51.4945595597402,43.4619754628136,56.1912510766958,26.3765334550577,30.0335064462216,39.8535236557511,56.3824042995065,53.6302301536375,31.712029398103,42.9250343257996,62.5797595338314,51.7913329453223,65.7214326578951,40.0832387190269,60.7418864193932,54.7287306399354,44.8456097140504,40.9319367550029,58.3442295674993,41.5872493772846,58.0260914341894,49.7626325451654,48.2085739831222,36.2792495604775,42.655733225205,47.4597550352109,50.3724616806648,41.7780703952337,54.6407096761509,53.2809104919211,54.9510103595579,67.3167738279328,54.647703818898,46.576527433645,47.9365816453697,40.8780048599756,45.9453725969703,48.8350053680272,42.4160280987435,54.382045785395,35.9094734434083,52.3963586888885,45.2085369620648,40.7999854768739,35.9767125003239,38.7221949760084,49.7371409862765,33.2592575326533,44.6883985494532,44.975056251828,47.3618578094429,35.947070223426,38.109673415952,38.939025052402,45.1094516680605,33.9029885622624,16.4577231500842,31.8947859260214,42.9012792677138,44.7510878596535,21.0421126168175,47.2603088887272,35.1958493652938,36.4139139596203,28.4133197053345,31.0504057984837,33.6076411382413,41.2818533752641,18.5216638133477,37.5015080279344,31.3129006228634,38.1385585938119,43.7561868409782,23.9671947086216,31.3559750037765,33.4141534453844,32.124165248776,19.0852000211061,31.4182919577271,25.9441989268404,19.7944462117438,30.0763016463569,14.9995474516357,22.4912223916038,14.1546677387134,17.067949303245,26.4967950836773,19.3694773768837,17.9350704182026,30.7866940653412,22.7765589250066,20.1895960691528,15.9337833672508,19.2688322480707,12.5664797787682,9.64611143185836,4.506405919234,11.3691816112147,21.2333385126653,15.5233308119804,5.40526694874735,12.3223602402331,8.09649121070281,10.0799596971525,NA,NA,NA,NA,NA,NA
1.52222082735342,5.35825537931848,3.81093056764124,3.10009816618221,8.00865003240501,6.45778393734671,5.83119968838158,5.82528993175647,7.10465315526256,18.4015261359012,9.77915916391353,12.5716299293881,8.32177253482,14.6056892112431,12.7236642545235,10.7196185259553,13.5334862931498,14.2149238173204,23.4888729263662,25.5706961071876,21.4930651676088,13.4773812859496,20.743963048866,25.0739516928954,24.8748314217635,17.5078439568188,18.3774231127456,12.3255850206021,16.5623120275809,12.2560878529493,19.3370684062623,17.7898552831161,17.552577887059,15.3999194631418,19.2744693031261,15.2646805644938,16.2161792833335,14.4622599483713,33.0886487811435,20.9812012338,44.4158689922946,20.867169390842,33.6016619553332,29.8006136024994,26.1259371185219,21.9188026864567,49.3417100807512,37.3949438354999,29.0839866078037,34.2393993653324,48.8479590872201,38.0494067415799,25.7531335310288,32.7773096991851,30.3565485832863,39.1871556054359,40.2020347149316,37.2236446228254,20.4531400888967,32.640063923108,32.8242571907118,26.297050023679,26.199467628814,24.1274479171848,39.1714917451565,44.1724720309101,38.6564546830394,30.3523097133287,47.0357595475669,24.5720306774674,25.8927686066847,32.3384230557483,32.1947220894798,34.4414104550721,39.4083238660543,32.2084757302368,44.9168960273074,33.991081079073,39.0450490915866,30.8727415306828,40.6875328123792,42.9401765575015,34.9109214546257,34.4580812930934,39.0173606519795,47.8740053559414,47.5367588071042,33.8429747307802,41.8437556622061,34.0898542528469,35.6904314438356,43.7336773140565,37.0527529865038,46.531754718442,56.4189608643694,56.0119519575029,34.3202830915371,49.7697937334979,39.6250262150172,39.8917749251353,46.4731051401603,50.0067260814387,22.5049914765079,40.5325517791129,41.6178249869436,53.2906098517339,42.9291551616734,48.5314525568554,54.3702873307763,46.4919615282001,38.4777723276935,38.6386977513165,41.2973363845186,42.0665149371912,45.8521117122452,41.3007187834876,37.3595249944495,37.9854561269608,48.5087952612041,46.9384420165051,60.4713915784709,46.6160912361206,36.8433502058004,31.1110007277389,40.3899898247692,23.3426616979465,62.7530018023398,52.1163725349201,36.4454995455955,47.8023523796534,60.2924879441781,61.6094147650663,63.4779955403528,37.3502865715878,42.7619814853899,21.9357462791211,40.1971711747842,50.7265159836877,46.331471772994,41.4616683016855,62.8830349814138,46.8382768032392,59.9103360570256,50.5498401236939,50.1987269194909,36.1891789073062,45.0312258644652,27.5642634960895,38.8472071506121,51.0497447788422,43.7541879607574,31.9054171089641,52.9437524874858,44.596250180742,50.7456439918439,26.5080830925255,42.590673135394,50.5115846846465,41.840312905611,62.9606332472399,55.8343281743383,63.0660887608278,53.203378812156,46.456685104954,45.3369612493945,47.6187151824486,39.2951838870861,34.7714230819419,31.4688858007301,58.8351685237817,50.0452269561844,53.9412736401657,51.3231671941631,60.5096768536665,49.3540992504,68.0925443412789,58.0834022595675,44.8838055944705,57.9831981700179,53.273408417174,42.0612659389044,53.0111819529109,38.4236622841741,32.3578379291747,31.7787650642547,55.9897961089573,50.1492914323881,39.078307583938,50.2123278396149,57.8885193704762,63.1186871765367,41.300026614689,49.4782400009195,26.4653607872232,38.8910726317566,41.9180182144136,46.3213757850452,47.2035374768078,40.2105235323964,43.9361291442651,44.1458947660373,45.4940085110336,32.2219570350641,46.5311674286774,34.2545635572924,43.5881939557309,68.6842762031876,35.5870057040646,43.4512308040364,43.3726029731752,56.5492725042439,55.1253970308237,47.1597511705101,40.1190320177846,58.7529453162685,36.3895347859859,67.6624944313987,28.1334555126487,36.5611770853376,58.3375696151551,49.9073839895068,39.4352077222751,34.0869982560807,55.5526140670673,43.007140076366,59.8624931023809,80.5447822510419,57.4308359509509,49.2312701237339,59.0760135750802,63.5589327004359,60.3862731693484,60.2023913642511,53.2662758742464,41.2062594526395,38.6261450330864,53.4534544527074,50.5073768135225,37.9565102392236,31.0473214417578,58.5597411440015,43.2185379581277,62.8447747305078,44.4461791463224,53.3488266152133,54.4563243234066,51.9980043089428,46.7698654858061,52.4257433453591,37.3458488141249,39.7407082270506,54.7254126004641,63.0915991612277,46.7017193194739,53.674967513732,49.589036764138,44.9839413525506,35.2717265577651,52.9778170049783,35.5031867486932,45.7721695302962,43.4282545812381,44.231759807258,55.6909058842,61.9757509143345,56.9560177096821,37.4247890582672,40.5470731278813,50.7451312132806,29.7855977157074,43.1326283676285,55.3869782885161,57.6248705355889,40.9359610810359,63.4084963306531,44.6426300480676,39.8864317017235,38.8527247012548,49.9391430789122,36.6205178386525,70.8280094966216,56.297640111791,44.5752794301988,47.4247493583039,50.8988156498189,31.8774077617103,53.5966966010934,42.4112404693094,44.0017029336704,38.5042454603552,48.0290097826944,45.4567673833556,48.7659993494128,44.6475805613793,41.4380536300321,61.8121215274449,40.1036313082709,45.3021393915934,46.2682581754613,42.3036379608567,49.9475808514852,60.1443222569142,45.7598561148061,41.3484381869502,35.8211608822774,51.3695653249867,46.9470813067799,39.0713682817493,25.6660104826669,43.3046804361255,46.9803430180813,31.2478654102247,36.9805523719106,35.9210236138227,52.4059959044969,43.8458403901354,37.6992900432206,57.6434829443414,34.9237664067108,33.520007828967,42.4554488426506,37.9157183014693,37.111247236945,49.4881286981579,32.2540927940785,22.6017567613188,45.8537074379654,31.2127580855775,45.8954585476887,45.7856355775617,38.1767818334348,27.6773461808329,33.0108763700696,27.0399907721653,42.3240068794703,31.117729802446,39.3721061590846,21.2552238581426,35.8957677911333,26.1202539542404,35.615051762632,27.6745501591302,37.3507046663945,33.3653404361366,41.8741263404098,32.7770455289884,23.2229980395611,41.2353319276877,33.4805836500298,26.9345712357708,43.6836725476844,20.3292800292478,17.4445845477721,28.373778106766,41.4392757939502,33.1364769709631,16.5240643477512,11.7831340145157,24.7745014806256,19.8327514661591,20.5098130116244,10.0208556331188,27.8037333790381,16.2614240689572,14.0984306367845,17.9631203387794,22.8370657181519,7.36991135600565,17.9566962061999,13.3800827678137,10.5656437862434,4.89602942363201,15.6090829726914,14.9097225804856,12.0869077780643,12.173871056489,8.87683525525596,7.95365179789292,7.995401479441,10.9047273945375,7.83244358532876,13.6814422329801,10.3705541516236,18.0556123433725,9.26674363646853,1.93747217319042,3.33422774098168,NA,NA,NA,NA,NA,NA
2.73100602043013,3.69646619333627,9.55506959815697,7.32606408868175,5.46518679940374,7.08622574417192,5.78734261843216,8.34277594552359,9.61698019991085,12.5203681526202,13.1248016094023,4.99033413131564,13.6311881017762,10.7767005784758,10.8549577187619,12.3886784034276,19.0854907162246,17.1186606177377,16.4101044374105,19.3990434275515,20.7045330803015,29.2494555586624,25.0966609194548,15.7698730531895,19.0534591706546,17.951671833683,28.7407814193358,19.9014103664881,32.4370714167792,15.8856664549655,39.9185219875777,24.7957401058031,21.8744120232917,35.0828443612504,31.9720037055045,38.5205656383296,24.294646375952,31.3801550162936,24.2869805997411,27.7693893584266,22.2852995311714,37.2906151670512,14.8301723477505,24.546771182338,29.7688802432274,28.4956707167546,30.2517142163213,24.0664242043907,35.5444976143824,22.9952332029063,26.5138287530831,37.5376487185437,35.7649179051907,44.6732710930697,29.2997583622776,35.3689369080196,44.5815151532297,32.2418524335807,37.4611411021017,32.0592533052534,41.8430585505734,43.5877404251778,29.5662259007974,35.6975783851748,39.6692334430426,47.3964066629592,46.6146112208044,35.4017617165689,40.5121401985846,56.7686166832509,34.3516921814219,22.9542543448531,47.9219748174614,60.8155230634913,53.8580814944557,40.4492843295275,34.2490747170042,61.4232664360056,41.0710718902616,41.0637132827557,52.2007971010528,61.2370144564366,54.4682942126985,49.4623703933864,53.8680960899804,41.6539719206932,50.309703211849,60.3911566270955,49.3293885972075,48.3872066196342,33.4881516076562,42.1939595051847,42.9107298916655,51.5214209020693,36.2032613115563,52.6951720542221,52.483002338737,36.762457866988,53.3575326888085,63.6615746368994,61.0818538651087,44.8717357804633,47.5515368947959,50.4613377640228,30.1628063585798,36.0890624286908,44.3310038715673,41.2973862910471,56.9229428444974,51.6525296228454,32.3060260039404,39.5762580715727,53.826120246378,42.1862980897895,56.8352967442373,54.1232804207265,54.9277916748628,41.1902591739358,62.9437361393507,55.2460800260293,56.7662494517053,31.671159106674,22.038564533908,38.8765504062108,61.7948041902533,35.3876395756086,53.4440807697947,54.6904935524271,38.3886064695373,55.6047829410354,40.0610950957316,69.9099600705016,39.605315192945,52.1367053941397,51.6862886349272,60.6602261082396,55.3643389204975,60.8896353438187,58.2323367873605,51.4138395137053,43.4612854769217,46.3013032607948,54.9593194475555,36.5199857152759,52.579914101891,53.5290414782457,67.8955421856246,50.3198010540221,49.0772219077302,43.0867158949937,47.1785916598454,30.8232500861566,49.0203615812963,52.0044025547729,52.8308113705385,38.6042282237921,68.0104041841141,39.1618784399757,25.0337805037779,41.5339790392211,52.923531477651,40.2038004472589,57.6412634934369,39.6389531960412,42.0362477693894,52.603060831733,43.4714694614687,50.1953926487378,22.1857613974404,58.1480136670427,61.192884137949,62.7111369195651,63.8441554637212,43.7903192977646,55.6937368943176,42.3127765865512,47.081060882685,57.6284611742596,43.5176010443555,57.5013064829981,31.4875303392863,39.381542449664,49.5892369026767,46.2864265219334,31.4323350915383,60.9164552238048,28.12252749987,44.5622282739976,32.2323749536819,36.4842849032764,53.0758808451296,63.6475448897057,67.7447471062708,37.4494294365586,65.5932438699349,56.8960293441313,57.0923782365947,67.8935956012418,49.470009758321,66.046592298242,52.7802521095601,35.6978645733851,58.8482483421717,54.0946218171627,53.0757662549688,47.7309888924811,44.1836299051608,41.1420198263082,51.0535751461752,55.0646811229086,55.6417800217021,31.4589799393822,42.0032031194777,52.1189821271059,47.162464301973,56.4590971196532,45.7259888888148,61.6488628962566,50.4987460103267,34.6990313862525,35.6445704067077,54.6100595952922,35.073508557693,65.218488283485,36.1455478997732,40.056190077584,74.8455853127402,68.9834233389802,56.6201193016806,41.9615096012435,61.0345225762844,42.5517505322123,61.7658890442207,72.0936249049017,58.298402152715,33.854897108907,54.7894446429532,53.6287379645335,61.6867772143477,51.4396051913165,25.7110887763212,53.6889530254953,50.4047737526372,50.453160919717,49.7984757427992,76.31746583205,48.8044245765779,52.1315300688684,45.2232449678846,63.5732435997728,63.1046114254999,52.1005886110439,58.5801458410813,50.789525594427,42.7787804026467,55.6454885938149,61.1910201090393,59.0888629370287,47.9859921681891,58.001641559556,46.3493848168662,60.7764362575909,49.8051376087386,58.9055721133442,49.7555131380281,59.0165484153977,43.4707500440131,62.9930014545525,43.4286367006676,53.4023097657512,49.5249869365215,50.9268338880134,61.3069313820203,55.3094680770173,77.3361749777323,53.7134370117473,59.3786819740907,38.1499750127977,49.1226196078439,57.6721799481885,38.0190676724733,33.6047826182655,48.5590336212298,47.5814385436311,47.1437959515355,45.0105891795942,32.438684492722,50.9839806328588,32.8325180705708,35.3196585235154,43.9575614097539,51.7574050741516,43.4592632458732,55.8437549763463,61.7511548968398,31.7674118790519,39.7660867391877,41.6470344907629,34.0742877421014,43.4182891460085,34.4900194026123,35.940260946796,42.4135103951467,43.6145731257106,43.0832346051832,43.1660052927795,42.7860738534473,47.4009609364219,51.684144711658,45.4658544232366,42.9159996144928,33.5217483659342,48.8512961215739,46.1508964913056,54.5917180071556,43.2896170188134,46.3663595922478,54.9652331699032,47.0900340720227,31.3678668928721,48.5751028129675,33.8484748822265,42.8315168516078,27.8030540047939,37.8521530440061,33.6311650446766,34.3423627828338,36.3376877426802,30.3720826213942,28.5662227018841,54.4336910577741,36.3212183348467,30.4228287936823,34.9653286957825,48.0195156517133,47.0059636805941,38.6728457897917,35.259490978772,29.2748857495493,32.8240524976408,47.2181397399493,26.3264138262284,31.6821440919564,19.8061223742103,29.0703061617858,43.1591680968717,34.2543709807778,36.0572760436143,36.8883912568234,32.1750756415427,32.5691220271534,26.1915087051351,30.8464702311825,27.7275085984149,32.9280526442746,32.4175462074195,25.2162922864025,35.014667716992,23.4881876928781,25.2985476594379,17.652970168124,23.9023560312129,20.4994248524321,26.2126915239171,20.9972678663786,24.2917021130778,21.9475784854657,15.3137720616669,24.8587407332425,27.236472275954,8.66858232457522,19.0648698896962,19.4709468390518,13.4801304251738,15.0195739724055,18.1504211238725,13.8396692228606,18.1599344820398,6.5673937445393,27.2306967432475,7.59882232257593,10.2808476824486,12.4055622521703,10.343135997548,8.70781554387683,3.17609462249755,7.0459362087281,NA,NA,NA,NA,NA,NA
9.69134064476736,9.42193556617029,4.29647915814691,5.52972230487439,8.413536122941,10.5147940426568,11.4512642522861,10.4783676109616,21.0461539891725,13.0109411756756,17.5568572197234,10.1006499236437,29.2859738348466,12.9925683828293,9.24993196710086,19.0419526914452,15.4449635077394,19.679412868565,27.033916181596,25.0977075860424,19.9628086419096,24.3695865472938,24.4739446099619,28.6672521501171,35.2483755140529,26.9904297969776,27.0657187042814,25.2323273905653,19.5506746186164,28.0609878637549,27.9773152468024,50.7362102662065,22.4722101110243,14.2787596664751,26.4828731107756,27.2105710288688,37.5977838213843,33.4177640434941,34.8132737833005,31.5014350670069,46.4829073370548,36.0268392522947,42.5581058531708,32.0185541506387,37.9465526284661,23.1927102518731,26.6649275434249,21.8461534678945,38.5203567663575,40.6672404080675,36.1412448327856,51.5831143385688,61.2009916293336,53.0308706114297,29.4758620694679,38.0005753520181,40.8419914806249,60.6650481209217,55.6841146652593,46.2591485403451,47.8738999415633,50.051048034763,45.3071612721818,36.1305924761636,41.6796154746223,48.6847285497214,41.3706592670207,29.2404544167938,50.8701736863452,58.8811295019699,52.8721209926884,47.9418387935553,54.4931554522565,46.5290836686158,49.7830296196003,50.2128198376328,49.5590326075563,56.323048214389,43.9812904961337,43.8500607939142,52.5402520107485,39.8891974814493,49.3375865434742,47.5312804782496,41.1839645732478,51.7488994110012,38.4009066157312,53.7696962557006,51.3050529747974,58.8919444983558,25.0959967455041,35.5456267999567,40.2775062127238,46.6929494508868,53.2416158605575,68.1180903368036,28.4308028871975,39.0021348948356,47.016234980844,61.2860292870552,75.963037422779,41.867232737313,49.1512822884419,70.9219660452365,54.3042089651679,63.6973409206897,76.1357576328544,64.1266318447135,27.4808856330675,80.4755385567354,48.836175264551,67.2941750454412,56.5110166128116,47.6758246202043,34.1846672016974,52.7526314949789,74.4989508237735,63.0928078900205,51.5656606746127,69.1582667249575,60.9262277227757,54.7212603397728,66.6291096683033,61.2555293153017,69.1754075396769,40.6133475584299,43.3217658358751,52.9257873989357,78.3858379560622,68.1433886681905,44.3351549686162,77.7342123753241,47.0290007560987,82.4755147199257,64.3356998062199,46.4375003196501,63.568861833775,64.5972409662275,51.3500483336068,45.8517534386601,56.0576900850758,49.0787508788127,63.0227734624501,61.6358340034118,62.2548836008946,70.7174618447766,62.0644987863218,63.6412617160323,57.1012979435387,54.0578918615129,64.0948882077657,64.4346316138162,66.4873465989831,58.9437681298246,79.5586391319899,55.572375002615,64.7668624587767,58.6304687346139,49.5216818080821,65.4154852371482,33.700109713107,68.8621217987368,42.9388853281115,55.7990438935397,63.0534006399145,34.2308822944021,70.0156102091537,53.376476282828,33.0114847653608,31.8578051666591,61.5700345420269,61.1760947879308,67.9466866482626,42.1020732077264,41.9926629314012,49.5089621394274,45.5104751583868,61.514123774562,44.177695937538,60.5030047942331,76.2952086060263,67.7342884444253,70.1129662187787,58.7018775880936,60.5340142073912,53.0128915113673,65.6060793960758,55.2021212755719,63.7993460607135,59.5130770186533,53.032083578584,72.6492434338832,58.01010604094,52.0866795733958,47.0560959401547,39.7657362657189,53.3180017443702,66.6916282884171,56.5918522627426,54.6917029553322,52.7674685689246,88.8625916505448,56.62330268905,51.6190702484898,55.0941182404433,50.669285970025,65.4015369042087,39.1387568048235,75.86345803531,89.2008292184762,66.9680138991293,56.3345192393459,66.9640916199078,43.0689915374037,62.793832268311,37.5586809756098,51.8832389327712,52.3884539392765,41.7769817544963,75.8425998918981,80.9597425513171,67.6849771330053,40.9160703959892,57.8203771877698,38.265340147239,56.088888462456,59.2419047519296,72.6507451379684,56.4889475671855,50.5161052359392,77.5263400252443,55.1340225600614,57.5547794836778,58.6315048610518,75.2303408802984,42.1454542401376,71.0223562932996,44.9101240849209,65.4957206105553,35.0973392122555,67.6384764694062,34.9797568484863,48.3184574657407,49.9536233500387,69.5221538314305,35.3670964978388,50.3452822093926,60.8716505177846,63.5481142284585,58.2768941684304,57.6623982504789,42.3322113896431,46.9707419238468,88.9740066020353,54.2412077134767,62.7863351142827,59.9727938109974,47.4580989876875,60.3941306430989,58.9652491853498,63.3214480415207,51.4704594070425,64.0757524904564,43.117620337857,65.6414460100694,82.3129118402333,61.1398565132413,59.8080988006499,48.6897008342749,32.8886228176465,38.5470899002394,78.3133896870238,39.0324351549859,50.977157984313,50.3482326600734,42.661013848081,64.8953498624312,55.4800068016079,53.6814069042745,60.9192286985034,33.1876178720099,43.412281464224,60.6256196993896,62.5391269488942,52.6374595817894,67.3645212729208,31.0237046793502,56.4421202678065,56.1840196483818,46.3935136235106,47.5809047644873,43.4315316882858,28.1597648096279,57.5776267433551,41.1410047246912,60.1551295110596,34.5877832291237,35.2987473709174,52.8611712669003,28.9465909423373,57.0736701603248,57.4344310261083,56.8045618586653,58.8153772647201,54.290164950511,67.4814845731376,41.5446446584713,48.2949915081674,43.7801226558672,38.285484051396,43.715134908193,37.4661797329253,44.8700656472309,39.0050698719114,47.1282463503656,33.5726348148409,61.6877075953177,42.8430455389458,52.8736486642607,44.7653259794125,34.9038289172233,37.2349182889696,46.6643555155005,58.7698393885979,44.1973343134806,50.2422051247251,55.7464771886924,43.3443881339699,53.1998170938903,35.8971347571473,43.6913295980853,54.9959519641877,50.4932372534033,37.6900576692192,59.5773688040466,45.386695383479,31.576247221733,38.2802548057139,19.048625964177,38.8021798458732,18.6327418939363,36.6706704265219,46.251969414623,23.380394643152,41.5828278985402,43.4355153597002,34.0460707839735,27.5303568029081,39.7433340830774,23.5001087972975,37.7642217707927,28.258396613553,32.1722914323119,37.4219543747156,33.2559893411604,30.0444272151597,25.5848217806147,18.3485069825767,18.623650049915,24.951469223165,21.2076802064844,35.1879937441017,34.018946418364,29.5185317862045,32.048598444021,30.5027620850974,27.2489847505874,26.9038542469872,14.9744276120085,18.0316799703405,20.8511062359537,13.433247112522,20.2577456159197,14.1235633788038,10.4430706435465,18.7176045476691,5.91467795045975,9.94529222078626,10.4948760739984,22.9027394187442,15.6127688721404,11.2704046315839,5.26787812553099,5.98213032279068,10.4598134057914,5.67614670232444,8.72542746813214,NA,NA,NA,NA,NA,NA
5.20510505960893,14.6018822893605,9.58383357072345,2.3277080221371,5.52599196644156,9.59466952423588,10.8872241274108,13.9965785831574,4.8616837605199,12.6813862986526,23.6952740806068,10.5482263290775,15.785522400703,16.9360631742702,9.40700913727833,16.746258095853,24.5612107636845,20.1548957568156,29.5430958217767,25.8789365673267,15.4071960993848,26.9177764132555,35.3781873090174,27.7813504293935,25.0576802786739,30.8891961526082,25.9339912143674,24.0883327163112,21.621247866934,31.4538883340284,21.7511979582342,36.3212136334952,23.8682137257007,26.7620850519108,19.4890104558771,24.6411555966354,25.3481730847203,42.4886232217816,42.796231658901,28.1915564971075,37.0014890798292,45.8912033952957,36.5042684247106,53.0741021887937,32.2936039263456,30.7192340208561,46.7291630726716,58.3235624304314,34.7203471347706,37.3661672865168,40.1750429402456,32.9880439802359,36.2658522427422,53.7760676728,35.520381259664,42.516684893743,50.4544634774503,50.1186686436274,35.4543026253931,43.7529056756192,52.5328333091254,29.2079389328367,40.4403756972123,40.5028037207135,47.3178992038217,32.321294199318,44.4454166041053,32.6880118338167,54.465308848543,53.3536770171305,37.0062733465015,41.6791119434042,33.627217331944,39.7788441944756,37.6495858523244,50.1849915302567,37.9670131704314,46.9423133706383,54.0931127831624,29.9198359217618,47.755096459171,39.789923343973,57.3285452731063,50.5743924524201,50.7621871198562,41.8102696949995,47.3944103652702,53.2522113273519,27.9849931999595,47.4843375236545,27.8195878916128,52.2488812765316,55.2087618588083,43.5786550495197,54.0566360324038,56.2031795140962,42.3372951718349,56.4992510639604,52.4032741578679,46.5854087181766,43.5760020186078,62.7689489531028,57.1904589759836,49.7442456764451,36.5360970616179,25.4970863189378,48.0962755678524,52.3249068599251,58.7504084827325,53.4516671148561,48.9980661947959,50.2727532524972,43.3359433713439,39.368352610725,12.1292530667811,41.0178631650551,50.8037649422033,68.0976760012542,49.7776853612931,50.9009235093302,50.3406516560121,30.0414566938055,65.3700763212998,44.4642522264783,61.2941038612084,52.4774354718324,51.73866847756,49.7810397911267,73.0370952697599,44.384767663911,52.0240122476096,59.5102202041063,50.3873516539553,35.9460506999245,58.1930822231787,48.9931296823757,44.6364665358814,55.4331736017375,55.1251024899579,41.6224841400953,44.9488271884157,55.4178505839103,69.3420885685563,48.3860433633132,32.5454289772452,42.4846453688308,61.5999080092813,68.0898673554094,42.9179988606598,46.8383545991648,63.412738631155,44.1884284169598,43.3107243322395,29.3056452180799,54.6995907147848,50.6817669575798,59.500434915371,62.834531940485,44.2635161387817,67.7460113553849,87.9809660059581,60.765366319222,70.0793801817161,59.5558500705654,63.1869066934238,39.9249449387352,73.4760703816491,69.76086303041,34.6992808698181,77.3705551849966,70.4039969534081,48.4391887671065,67.6894941410807,53.2068112462079,62.9622882229035,42.6455935318796,75.0703518031516,52.6713911539946,70.6883419896786,57.9012360923576,36.1105923408593,70.427127385385,68.8937832402079,57.839956285057,70.2928117934811,53.8288798645772,60.5028515376573,33.5895897755117,71.9297434679082,44.1232562924172,47.6660684552737,53.0214586490651,66.3371665172586,54.7099826195991,89.4482378042465,50.7086482906596,59.1162526283646,61.2893497722883,69.2330507678618,63.7201169330549,62.1634052307013,59.1458606145471,50.9054361153139,51.9735485015405,58.7544868248403,50.7214731917493,63.2631166648284,46.8136040039019,55.5076407974938,55.6227376722819,62.894316838926,57.592711381291,66.4872876548559,63.5082517206755,66.4720850747331,67.4449212553553,61.6569852838947,56.6270363302435,48.8293475475587,54.9854180640736,78.3571859204785,44.3385021628416,78.8246348353106,66.1847096136487,37.9011516199263,68.4070365611584,80.1202671226991,57.3140433051123,80.6727660948847,65.863054186748,61.8511416377919,52.8059311107768,54.808639969147,68.6038196448651,45.0578440653257,61.0521415056741,50.6986873741303,66.4315412145159,62.5790001943463,65.377664356008,63.4407289696381,56.4228913095161,43.2963358396777,30.0541648723137,64.1582083913626,85.2769909939019,39.110249705752,53.9444809145957,54.1230830186697,69.5038966238212,42.0855759231644,40.2395071282849,45.1697304202387,58.6946977237209,59.9578535639607,59.5999413289637,69.9628823508451,50.9336645004458,50.9027761720004,66.0037300574278,52.7558518211707,52.2423562158959,51.3410536825825,51.945245816647,44.8085710989819,45.2685591348248,57.7071116283589,47.4495438679278,53.0480440497555,78.7443790477098,62.9024038253513,58.8639817847936,46.140092114282,59.8872802890322,44.7394341339633,47.5740814566537,73.5813943203671,63.6445412279745,39.9403613829477,51.3422739455087,57.7990944176755,64.3894907481269,45.6340965806429,40.6748463886736,54.1144444467855,57.9968753527341,67.2436540374507,55.2067162936306,46.0386026832167,60.4993711856942,64.8373933012167,51.4966636793965,33.7512817850277,50.9196519619855,54.4416723202161,56.6627055085515,51.4699021056336,54.919438764548,59.387293441795,45.5921846886742,43.9784731594664,50.2472858861688,56.8332372990675,41.1996697879013,51.5685683772925,51.006271629193,43.9173233873612,51.360143629346,43.28019239651,42.1913520079164,34.1312435901272,45.9174093712087,44.8367353551131,50.2970591606705,63.4409408555236,63.0392361915972,45.5410504734261,46.8373032757527,35.1977389512308,38.4349109940467,41.6926134483116,42.1151186331521,42.015136038765,42.6072021688425,48.9316895733619,42.7622658741085,38.8292000407551,32.2005413252377,51.8910390219175,50.5217910374942,36.6895579946247,36.0996470443059,36.6464656686294,18.6325808162405,49.4351866731284,23.0775632582199,70.9404837494706,40.1775636559159,38.3261359397513,24.9454250700739,38.2508050129252,41.3687429628227,38.7916087642131,19.9885517438076,45.4405274665595,40.4076507239203,31.5664274601861,39.888516892007,26.9987784580018,25.963578733175,41.490873893407,41.7663716379019,23.8492338318232,19.6680133890619,30.1983864654418,34.7635171861841,19.8333566711453,35.2372511412093,22.3856847717577,22.6740036898039,14.1076000376978,20.3479453833327,35.1932816352611,20.5774224019751,24.8265397177336,26.7840524799181,26.0308069473062,15.5509644211743,27.1163610699206,17.0195971332851,20.1915432573597,12.4071611427225,26.914494868206,15.3273238213958,22.3649825798505,15.2233639711306,9.37077727466226,14.5046014756191,19.5643180750786,16.5849455381993,14.484196646803,18.4713599431719,27.0353532914387,6.43591295204876,6.27534432720001,11.104598732339,11.4660801599967,NA,NA,NA,NA,NA,NA
6.73482494511307,4.45888168004534,6.93404845229374,4.53241321358952,7.71536301601553,12.9703937615135,5.91334470590442,10.4714358909998,11.6619114923935,8.67894601628361,18.5279381333084,8.39405662224058,14.1312436738691,9.32703599161157,18.9845740835907,13.0691132961389,17.3162657817549,16.207896008577,14.0192377031386,14.5644050132955,19.2700095412277,28.5201430962095,28.2488923202774,21.6960453885294,20.2120440492551,29.5307095132214,23.6906122335309,22.5052691965202,50.987799328533,32.5942546003243,37.2336713070224,35.687228102848,28.4219392789576,21.5540813476697,34.2114583258714,35.1387749960995,31.7669940338026,53.2207005451111,18.8235542210944,34.1540624217834,29.3950583734995,30.9781074158259,19.7560925563883,33.1584868975607,28.3389701234144,41.5997464609209,44.3572507358529,35.6259058362311,42.1950742936279,33.5224553054506,31.1961594237838,29.7008149770039,44.4982656609644,31.9330899181834,43.1290942014716,27.0594158185809,38.8771709014189,27.4895343682565,42.0848924839433,41.6446661421426,40.2614705392067,42.0758789921464,35.8988243079596,41.3595152431327,59.3652144327711,53.498301317387,57.2979919255261,45.6739912117767,46.9112552343842,58.4596593070561,50.353236477816,30.9945786904007,59.1052414142768,29.680423065621,42.3210838680474,57.9058263478232,45.2288473733988,30.5361877731212,40.2801857700327,47.8819780639757,45.0027294210814,42.3567375758209,48.0611431185616,50.7055771525859,41.4498661142812,35.4869971483716,32.1068432755736,52.6124968867151,53.5912724888224,41.3336444003865,23.9726220985008,51.9773394071276,22.8356418488833,31.407798032428,41.783028241564,33.9487430141086,28.8093037386961,35.6732047031827,38.4103770617619,43.4101322041257,40.2008370098697,57.7708634349648,64.5442511101355,63.9095157165563,36.9624763310811,48.8405361519913,53.5611737426787,45.8393396224162,59.7716174112687,42.0566934286253,48.8138361811066,43.1601107837413,55.8947117446769,42.4681250470235,47.0483492439491,49.3034739164786,43.3099379697134,60.4618692294987,52.0137884333949,62.1875120288953,32.4893788742022,46.0815951380844,42.9306580729887,49.1151915250895,56.2929151611921,57.9343968591144,50.9399560720245,59.9758956983449,57.0552850302221,48.6152409292635,54.8371459335615,58.7656029203822,59.2288198362781,59.0357435929813,53.3765908624044,46.593130682199,70.6956610850576,62.3750855708123,58.6125552970921,62.2730413537336,49.3348316241627,49.6062061700577,49.3993231406977,51.2691666790579,41.2636996035044,38.4055001632752,46.2545588362736,57.1515315895974,38.1080600568789,55.9308291091593,36.3970905676434,61.2396133035398,49.866548319786,66.559508130357,55.334458769898,37.4079571649118,60.3846670251695,53.6076532292981,54.2610780540219,75.8063472215841,60.5201946044993,55.3711623091611,54.504865122366,48.5179835608188,56.0626178746885,42.0270337770073,65.1207412776011,49.8402005486358,40.9954234590405,41.8103678344061,63.9785502366979,53.3216409468808,64.0711519156536,47.6018693055037,58.4260160835878,46.1551765132404,54.4712177367028,57.6494619912913,59.8867168256092,67.3089753519654,43.8638946248216,38.4026871673505,56.6117569674118,39.0708265379756,72.3293266346758,60.3836440797451,48.0299980441188,41.5060204528011,55.5402657234048,43.7669029908909,60.4191673455246,63.3076311949195,72.8258053516332,38.9270934577264,40.0030718798266,56.063011559621,53.5619243047506,59.7424388897369,45.3011667800698,62.6039244340991,56.9076418348045,55.7350068779334,37.004141283625,48.1520598103487,58.1764616729344,59.8954938819452,28.5155187121249,58.1156224473724,74.1553490523441,53.8294850203026,22.5294382060251,49.3854692721994,47.7823752988573,47.8361460371574,61.3546350591239,53.4646276797348,33.5716774293554,49.5816888769124,41.2884546074121,47.4296627364602,51.5304058768541,53.4622387511212,67.2271084634488,53.166221557166,59.8077066474912,56.4840886972646,73.624831773451,42.1140658476863,62.4991795959109,62.5110423098416,61.9262873481364,58.1395479405695,72.4080455197307,64.4275818298673,53.8677225209946,57.4792008914948,45.6071266738795,55.7982430752306,82.3951378244988,53.1494715627827,65.4959792326498,48.9978621098029,52.8648152779338,69.0782137440264,52.7734834763487,60.2433057017836,49.6680974493674,60.9913005373793,54.6435786137933,64.877802692933,38.217987568148,50.4588342575977,59.2315649271316,71.1879836604826,56.2087979690901,47.9880965038957,51.5557465004653,62.5605009818937,61.7893383336677,54.4833740320612,60.7177477855605,52.5468767367076,43.4309872833536,52.7090083904573,47.2965101639614,55.9460109164232,57.3238962155177,51.7564049252344,46.7775094096248,32.2620218782194,78.4992107638637,44.6358251800297,45.8212618955497,52.1440281953049,42.5224870913727,49.5976845018491,51.6926521743067,60.7753246398241,45.9876919789143,50.6476493131626,66.1849827402687,46.2369404569962,57.3707128424352,70.7632948346775,57.7663023770378,57.2986711735606,46.6974234135617,37.0618545832038,41.9161972546287,56.0861923186415,43.4523168275571,53.2227876692172,57.2749739927466,58.4774648994117,40.3556134935554,61.1411252672985,35.4813102355054,54.7597908373378,56.7381678016884,50.2443175813575,46.3352549473234,53.4415356897544,47.8391140262562,45.0437896269982,55.0010252604849,50.8555457269148,52.3171948455558,49.746956016848,33.0872799178622,54.224853098736,47.9019468734865,58.4430722778584,42.4843206784087,35.7609616056227,61.7866179733397,35.0306778863516,40.8697710795895,46.7352202455959,56.5534743314704,39.4512234615216,43.7044546117584,57.9668680362442,62.2500308588118,46.1885875145247,51.0221900968752,47.8871379322313,60.6417894086335,40.8982662385799,35.3068850527614,49.0949468836427,55.6650353678214,58.3398970211029,31.2088827680633,41.7948253353323,48.5536893567674,49.9729055010027,41.0323744654049,44.5083650419473,45.371277473875,51.7575273936379,41.993520631202,43.4306547468818,30.0243403411513,21.8077325294703,43.3581496422331,43.9595208757912,39.5969115399904,36.3523642719532,42.9088011496864,32.4761534322868,31.1460272031946,25.924775700846,36.1009673639415,32.7911749732504,48.5393381529132,22.3141165484517,21.4248247064462,30.3749271354566,23.7815385087212,19.2645377514456,24.0003424443654,21.7545321204018,51.7559932901881,30.4756412677269,23.0163407088302,28.3612977314607,20.6040520844641,17.3949526217006,29.3735067965581,12.651261280395,18.9560557219893,15.4119710743404,22.2119119963441,25.7518136182572,25.9314670785385,12.6409818489272,14.2412650424156,14.3483864162247,12.8525494686482,19.6449017326339,6.53781074264489,22.1690427163841,7.48882611926228,7.56410948783894,13.2529446013057,7.25299731044991,10.6190141003997,NA,NA,NA,NA,NA,NA
5.62609685895932,9.60613023236555,9.000606229094,6.35300892864566,8.34955818208918,11.9756237901796,8.86087719664928,10.283983298874,11.0956492505787,14.2129778460456,19.8982956226205,10.1015888616775,14.6901738135659,12.5671571070268,18.8843069387328,8.50113279274779,24.8444829438089,16.2777141737755,16.7097558598066,14.2801692312019,20.4954560745451,23.0057244333853,38.7738648582736,28.6616997587692,26.2046225030333,24.0390939622841,36.3293477733924,23.6500010316154,38.7601173863951,29.551026509688,32.0799280887009,25.7502815153501,38.5752016873097,24.0174803961439,35.9212376117443,33.5565848083571,28.7233861965305,33.0745177133714,39.5106521766269,20.1264525079253,30.1119161068292,34.9815503294526,39.5680450000385,43.7102676574395,30.4593694564813,40.4576611876619,32.79468387428,46.6868619007846,53.1571485754178,44.7892499398163,45.0740388431432,25.4242420608034,48.4635994702141,41.3038217736308,37.1964035110304,55.1982277137859,27.8756259728511,45.0585520649363,44.6806069294938,42.5878454600756,47.5983869698182,47.5240110041175,37.4750919839829,37.6556523410625,56.4422266815973,44.2748799841677,39.919085018803,50.9873805288501,54.9606711262445,29.5527756675555,50.5398711546489,47.8904066828578,62.2015277945847,54.2506195752538,38.113986087976,58.0529976024326,63.6101310067437,56.6837796482945,54.3889218039418,53.7678282053405,49.0329842213436,59.0498347090552,45.1640242241937,58.8899496934829,40.9841209003135,47.3908568915671,48.5271498664377,58.4355219252423,30.4593940628994,50.8618396616751,56.9515012961436,57.2584344067869,39.8632763643187,63.1940251739777,58.0251265070838,70.1075684924213,38.7584940383495,46.1595445644335,57.6195445579362,62.6229471704054,70.6987630364781,35.693894823721,41.5591730968764,58.5963166350171,48.8747082400843,40.6492835829626,52.9847494405627,48.2904042779511,60.7479346588923,67.6135199263474,55.0248503750344,58.4413660889495,76.7128426264469,24.8352176074107,36.599101970297,60.8350223767129,61.6438666455074,43.3379448085921,51.8340675892764,69.0115607671517,53.2299787844938,69.3387079744431,61.5852970328553,61.5991144667567,59.6184485733528,43.761081188897,57.4964592322329,66.5399674491009,52.4536532863684,59.8181254706961,69.0022471789009,65.1102006050126,42.7864801787939,42.4050227847968,47.1616675968624,67.8659201856451,48.6216680406834,43.4241590850931,54.9558682103496,39.6742033049996,39.3882193930719,40.6768393642202,50.8688484400676,61.8157398084097,47.7322966008122,48.3706093993997,60.7240724053642,62.4603002167099,33.5606337840197,59.3014061471097,30.9094944430757,60.6873687477947,49.6494618302505,48.2339104920074,68.1769725465158,57.8293036976851,66.6636642445668,48.3892312675036,40.4692741163379,76.1500611708344,59.4371904088116,71.82381731039,60.2506604904849,53.5988495327367,55.3590540645785,41.7593340173558,47.7789222606414,66.0900449816453,65.3216102867699,44.2926238225215,63.4859460304153,60.3143550915681,71.7219319204623,37.8590667377575,56.484118614958,79.3419648274555,47.1541151854044,60.4679909147932,59.6298765726986,66.3045586570752,54.4968357577585,49.9888942066068,52.6295894500445,55.142973014241,56.2135569520376,77.1883699218606,54.8769062611505,46.9213669708945,52.8095762973492,51.5856748097112,63.8550671765596,61.1203449020377,74.4666244334246,42.5353345747861,72.6447641976507,58.341633530092,51.2821926746724,38.9009091326982,56.9363312817556,72.1115554275823,63.8527142372919,72.2055456506417,46.616275325786,58.7727438632571,64.1812396034558,52.0138170689716,70.4656003443034,56.813204396684,59.1102431387321,56.5670224763034,64.3099666986309,55.6650286564645,60.98075645586,37.0313864219835,55.4691654730775,58.3901878850841,58.22389440024,50.207376749615,56.2472356814016,68.7432526728677,47.2873595016274,74.9800979679441,73.0622219701821,51.9109821736655,65.834466392393,46.540101837355,60.0369447565461,55.4943295855922,56.1426488333016,47.1523560233065,62.6409813549551,41.0578633959967,40.2547067530761,54.9554871125131,63.0510354535251,60.6551527564078,62.7718787764483,68.6279726941756,58.5599594165478,49.1356061765016,57.9105978099803,59.4368342112838,75.8639047703109,19.312383538107,50.0969374546535,65.5551249057391,48.1144630027801,82.0419405556249,55.0407108132325,62.2243735141128,68.3219154953577,39.0242794147598,78.6007228324541,41.5493101663573,65.2287870757001,72.6860915607461,71.4016617490289,66.8761048324596,45.8460455431553,38.6032405627154,84.2672110786166,74.1433853874733,62.537501781634,49.0419831636154,51.0338885622247,69.4923170868864,62.0667620617272,52.7734459288447,68.3337226555641,32.44201649043,54.96448093172,43.1656425085569,64.1114832195924,63.2861029403538,50.2426375039132,48.2005664860982,59.8667067425595,72.251660777429,57.0162001913977,50.0616852350734,46.3882180847275,61.1929992902338,45.5184082852161,66.3425620730052,52.8137652181085,43.2159856450232,55.8413096990683,57.8414969677684,54.7343197524,63.1770151630034,46.774693775406,62.0999117359141,59.0490069342419,55.4770348426893,59.9860768011272,66.5156533558752,21.9294163917106,50.569257140083,67.3894476120517,61.9734607585489,51.9802142371916,57.1143353608829,55.6902654691606,54.1375764073096,62.5361049807987,65.9552003433805,45.7128741811524,61.0764372262575,57.0866658706191,53.6441724406986,41.3271424037081,51.7196546323852,39.8326467053583,67.3683810165498,31.7526151960969,34.9536653273453,56.3696855657297,55.2976424698401,39.2332660825242,38.8880803253729,43.6017053531736,37.4802807795311,40.5822613237581,29.8207117296849,38.3067635290846,42.0159677886517,42.5059224118593,41.0112026542381,36.8546862543389,44.8225308319334,38.645652226793,39.7583009760027,56.8537208445187,62.3171351344725,48.4813187355129,28.4433190924798,39.9401691469586,43.3769778489567,35.7261551878906,44.6723440076087,47.6582634377284,44.4358117065923,42.2046781116321,41.0896581663176,26.4666996397683,29.1624022986595,45.0963747056367,44.7284951755301,41.0441037328794,26.7277556942954,33.018316332541,50.0571141417868,34.6381756717555,15.0065140801757,31.5831544407247,30.6996134050388,36.1624746133007,22.66227811961,21.5802446770685,24.3364132597961,29.0429722958233,28.8725587733543,28.0282679070697,32.0509058438013,24.276061766702,15.5431594723997,23.2453646677632,19.6473493650853,17.9254203934902,21.6859626264986,13.9875194345615,15.5283880700928,21.4553278945145,14.5280129780331,11.3823932909083,8.3988707399716,15.4125733490627,21.0617174291554,15.83353088984,5.37534163118725,13.5612574168624,11.1759874970646,34.1707099558572,7.78747092081033,7.92246088630773,32.8023826351986,10.6549954421571,NA,NA,NA,NA,NA,NA
5.12521117340141,1.3642772791466,6.46014022914815,4.8149990496734,7.97864911389359,6.90520611214427,8.56083642580079,7.15106831819329,13.6201031421717,10.1157239972394,14.1370433552521,13.8814379584501,7.05187129767174,17.2765169195937,9.91985864460654,10.4132526942722,23.8208036611901,18.6102454275989,21.5896510756024,16.3439607312416,40.6049478642604,13.4038748371305,27.7964892475511,28.718559665054,40.8553381463747,29.6777498530588,28.5458090724458,26.9539652290565,51.5963165458762,19.3151116255567,43.3894421031503,37.0899810422215,24.6323222650632,38.6416839225828,30.6864052439115,37.6810098439945,21.9952698852433,25.7400391664141,22.6953714730736,27.3948762102929,49.3878112322673,31.0711394245542,24.2867746797587,43.0123643123099,33.1201200997993,36.9193916553236,42.5208896967488,58.6872357196892,20.5749428037268,66.0099688253813,47.9991058067991,33.1171573508554,31.1600631322651,55.4717464536964,34.3752536703088,42.4709280511924,40.6595374611067,47.8584296733665,44.4066470405325,63.3896556956858,49.5732724745131,72.7317137633912,33.8249885810207,39.7155508600833,88.3467931590259,46.7507588090509,36.2068319007358,51.2633296283359,43.5718506563658,66.2493405936314,51.0537797814227,49.5262533038035,62.2474820204236,45.2004239862841,56.56266791895,48.7560017337319,68.5824435291383,69.4161515178204,74.6627868848914,92.5147673565139,67.7942306545093,49.8130661445293,51.510604071532,52.9602381054011,36.562035079067,63.5506811984984,42.7724760387994,79.109293757515,37.6475811370825,64.6885503444985,29.2464961106515,51.7581320858752,50.9061390191049,64.7121917576189,74.1607502895,57.8570091407718,40.1061253815453,50.4581977825312,76.2211138274597,58.085380266506,64.8939976016848,48.4444988599764,43.6451205931912,48.3406724640943,66.9766760879852,65.1704967088131,46.4466506852209,63.0168197920739,46.9254238430209,68.4220259606517,23.7171667166136,56.6161373143746,59.7639483297325,54.2587915242676,67.5085780617919,56.6926204307597,58.2714789444096,39.2983629355621,58.1743058144407,65.9117033346573,58.2695551678824,42.0005461972697,56.6623595175704,46.6244184348146,46.0914461509358,62.098334786299,63.405467239777,54.552676289982,39.6530124335565,68.6491731762279,57.6151567788133,65.0489699004863,63.4253463397346,74.8907150350785,40.0623954382445,34.1854038466384,73.0107961932918,68.078898568592,55.7365860899055,57.9341501738291,56.9562616540231,32.2897959483103,70.3258450131734,37.9264986796455,67.888654643808,49.6918413820114,25.7407739838698,66.7628578219647,53.0976521702006,57.0954557205224,62.7074407735907,59.8346565768397,52.7336583643754,46.8962712781229,67.6323040945515,62.8860713216495,71.6450381982077,67.349469183983,45.6587972030017,68.0349356208116,55.9292955935946,63.2672502741732,57.5270222538063,55.6738921438673,61.3159305390691,23.7587400763835,58.0734109688679,50.3567927251364,43.6108732279745,59.9001146294086,50.0232170212459,64.8989528498686,76.0814813247335,40.5222929730981,47.2957672251599,40.2707688773082,46.9092779127372,66.678482889378,53.8855031451235,56.3490405151576,57.8805034691841,65.7142363722836,63.6130071895323,49.5187729283043,53.5189164139424,51.2294617470072,76.325960037066,66.9393684039836,49.2870011278404,60.0001985184743,40.887822693122,40.1384736661278,66.0965098815845,51.9243789037087,55.7985323622473,58.3170112743267,48.8953426179047,48.6239690237193,41.5692842496051,73.2922666444697,68.5661216673273,54.2115634260936,58.686373253407,68.0618322958318,40.9525679507043,66.7770160779867,53.526495227668,57.3045439536191,74.4546305270557,61.6130049146951,69.2958357730398,36.7283831219542,75.8087265188066,67.0298126449993,52.4444594984486,53.4739441434109,45.9648404662054,52.6870965856655,49.5613740362951,79.0946737945195,56.5340689764842,40.6169280011942,67.5665816612927,55.239995127548,43.0663658234482,55.4117794976396,78.1237602662486,44.7900240643197,72.3302036377653,76.8638594490255,50.6963850819658,59.1703990359844,54.4630479204907,73.9588634919964,29.1995537699593,50.9383102564486,70.3137652283391,33.8194963436775,73.9884728033799,56.8584894755813,52.0155542242394,72.2553558939015,74.4106937841363,57.2460366454814,72.9065331911096,74.8383655370591,56.5211710786815,73.0074897662246,71.9142568990609,54.8687170348228,58.2362035064628,47.1020566052963,61.7346048999228,61.6100017293504,56.4667902385508,57.5855887541899,75.8336447787682,48.7334601993509,45.1848445873927,57.7539349754842,37.3414649773346,80.2873198541542,44.6468676865449,62.5410981157827,47.0815880597514,64.5540760631915,42.9818716715888,63.351182135279,65.836447759554,56.324508658759,62.7489308044907,59.8451543370206,52.1118743293688,57.676697699115,72.645114225626,72.2735352640713,68.6005383775993,65.8474267809056,61.4467540248896,61.8409404871794,60.128623094367,65.9636653712274,67.4846421594807,75.5514204691805,62.9362867021543,68.8475659436427,59.9991751549955,48.2707400000049,37.0648877607099,45.5120620499798,48.5139336522301,47.8768932217552,57.4306164098061,57.0676832191032,43.9523083617982,66.0443023659849,39.4795998017014,64.6335858060696,51.3057442779078,52.723898750459,47.6075918768074,45.0412048034882,52.7577399220021,58.1325022961851,59.9734820463837,41.2808786920993,48.5144837954572,76.2406873506157,44.3570097359816,52.9970841439813,66.2876981655434,47.6716860429978,62.6917273866076,54.9958067155006,54.466437725031,55.1702347036099,49.902496784295,68.6285547728929,56.0152837142043,50.6656975875697,55.2136274262697,48.9084533786633,53.9734277899333,54.6091925572967,42.2339422171837,38.3545559518797,63.2575916251518,46.1438926929639,41.4359057400942,57.8196545354781,28.2212963024034,39.3140420044419,30.9669748720061,40.8667020587991,50.5780085110337,49.90268264434,29.7826495837069,43.7343957935662,46.2412898589905,41.3300353397109,38.2188902888149,34.9341968370556,44.9498132889552,23.187392839874,46.5563609643178,37.765523862272,36.096154555649,43.2487094467573,35.4069325329764,22.6076918228924,28.5006539578758,25.2362906393682,43.6713448040466,13.9853040605425,42.2495731526456,40.4925111721716,45.9190771298533,37.5056272844045,21.9589878025461,17.5967249658241,35.5298757289757,41.8481962946608,33.2124085633723,33.0527471940376,29.2975982775846,43.3417482845845,19.5690465400162,22.6397698828016,32.7697260556771,34.1412271358844,18.7334369685377,17.3434339043026,23.2910993738784,10.6006286367229,23.015081985926,20.4055700847168,11.2609943413993,31.1091498841253,12.098100336848,6.01125182731285,14.2737189393365,10.5619952500804,14.587451884367,12.3085028189779,6.88960235571706,12.167979871766,7.02023007592638,NA,NA,NA,NA,NA,NA
4.06934051362418,6.9433011381181,6.91471832033196,4.28220826886686,2.85674354628788,3.83474446271941,8.57441293759637,7.84961020509153,11.0925558396735,10.4287908933994,13.8141834287942,7.7621736804021,19.7855712651565,14.8690441593208,9.93792199427279,10.3984153384696,13.637578971998,17.7521882692816,13.7328444091198,8.74230581043359,9.14984641944908,19.0514584323172,17.5474322758145,14.4792595421417,27.5241144837681,15.4665796064924,25.7133052162715,15.5194780937456,21.6809673091451,28.1273244087466,23.6761774930058,32.22051383041,16.3133072828391,29.9052464258384,30.1694878110311,33.8232255168172,36.1591047064906,24.5367720972865,30.10701723591,23.9597374789211,33.3462270540107,44.5542822804895,44.3865171532295,17.9648899395793,32.1248353585287,41.749518522797,46.0625232848575,43.9478834656465,27.9902308647985,46.4455882094472,36.8526667685588,49.9496364923463,30.5651737273439,53.1255484499218,52.383284781961,37.9102677267718,34.1911245005902,43.7711120051789,44.0363499342589,54.7287815868001,42.9004074170676,50.8049828221444,35.183155944105,39.8949581981688,51.1477535604916,61.0855572713286,45.8462115754869,32.1999949257354,42.783163439077,40.9197694829635,41.460143617703,32.3778831255613,39.7023584320168,49.3255924101158,50.8533000640142,49.0694969552859,42.8230021720745,31.5552630476664,45.7505517058072,47.8867777779107,42.4052190646998,60.0988642566268,51.8370838410999,38.9322159345179,37.3364049533577,70.7970245953374,47.029565739148,42.2697873825008,50.8882274026566,61.0366486629059,45.7727166043451,33.2350552904455,40.4824529876874,34.4518088654133,43.6572630425906,34.236657566297,32.5960871814712,39.3767303073927,53.3381360147612,53.8153258077175,46.9963429223648,38.3648294140213,35.6818061794488,43.715181111998,48.5646308971241,51.034555273926,51.0840935453154,68.6331358001439,50.6242241650029,55.0058137092831,29.9517180808359,42.8715903444634,48.2002116330205,53.335333464311,72.0172459091529,58.623891880417,45.4136771851933,44.3919701218602,35.8722261919806,36.8102192139541,47.3247980608453,43.9307176314413,47.243199361085,47.476355184791,49.7452601180045,48.420558057379,32.3628950454097,61.2014695293624,48.5568589480414,40.0458473469417,58.1539483423688,51.8910087808052,53.3483026670647,60.6064944047445,58.1778668976344,55.9569388049996,55.7680692309308,39.2652973768525,53.0545900729064,48.4610128174631,45.7278162177311,49.9888778845425,54.1432323927784,53.8999765755729,44.5897428305638,48.8795744929281,59.7749551950362,53.5473261988215,61.2986950204865,48.4407960803414,37.1481269858386,37.5398009804034,59.9045926830903,48.7803853063627,63.7246457384474,51.5074281805324,62.7453303225607,58.036561091666,39.9221531098289,59.4043482425435,54.7278293545538,54.9795826029495,63.0880149089686,48.7737580248674,48.2101267294385,20.2443229375881,59.535609431389,66.4461288240901,33.8065654760864,76.10250660872,62.4053090886739,53.3691718228772,56.8940801332809,40.075283459837,54.3960291712459,47.6695111538045,38.1110210607822,41.3899979263186,55.5108320789005,63.1196473667109,24.8618725156568,58.9195087853578,40.0310134214828,74.2385273818622,58.4916212501139,71.620117591293,44.3745266341369,51.7378554988524,52.7855782267018,89.5315868673487,71.3348478035329,58.9811345603299,66.6807120114878,66.5423004356595,60.43336700561,70.8232401664918,61.9040825399749,57.5716191457074,56.5565388930768,35.8744393762463,56.7161471957603,41.7496957637042,54.9674631358024,64.5037590157542,66.1532532313377,65.167054318591,55.7105555925679,49.6631652304679,67.7697047525326,49.5900661765508,40.4723775241084,53.503290613714,50.5968212874792,67.2519547875869,58.9768079672423,54.3156125238139,68.3641042813599,52.1015335710352,65.6030083083546,70.722992534986,48.6351086093003,70.8939901198035,44.3680830816163,62.4766356007089,59.8571485885887,36.1058450530835,38.2368272523209,53.6020723544829,54.7635420375703,49.4095877553775,82.4869241578897,36.9577959964835,68.4207734876644,50.470894346899,46.3632137159063,48.3060196653799,55.145708964634,68.2944007876466,52.7495586197992,69.4471245014427,58.7683001921664,54.5160662863164,60.059225514472,66.5764269848691,56.6557717295118,63.6403450144865,54.0257090596478,44.5561378571425,57.3191840542189,63.6485607540947,52.3673289606811,42.494597440133,43.4560669025557,44.6211750437485,65.6669368915357,57.4633855808542,57.4300575009781,57.5700655952468,55.7834819587061,44.0799709639979,49.5676726968744,61.241638215544,58.3787767440953,47.7091358273013,60.6368620430252,64.2090254985754,45.5235610123882,32.2532634886132,39.972173452346,59.3733306310307,61.794782073699,53.4535294858347,49.865642187169,27.1751916251095,34.2738379961674,53.6761044226557,51.5732899794219,60.7449322306886,37.6016604032148,49.4758061667909,55.1821994202685,39.913671564477,61.0115486970696,47.1117884643228,52.2488996804232,38.3711146459535,48.0923425326757,59.2232845545913,60.5399238613953,65.4065547071976,58.0092849324034,48.4922448892884,62.9333771947438,47.9323152675839,35.9594586623993,46.2979392362881,45.2573915370532,39.8166695684105,50.5968142717148,45.8983480506429,52.4071674632785,64.4236711388291,65.3904903362289,32.0538276249572,54.8027713519808,41.6744552310773,38.7213146452279,55.1105489154648,52.7102068395272,63.8101360820773,57.0716920245044,22.2668298634905,55.0213459440901,44.544266784718,30.0081568177031,49.0762753510574,46.5476971280071,57.7609417566612,40.7559453318401,36.9644352219507,53.4595707220811,63.342754934174,42.3824996641468,36.2449840436618,39.1837724366512,37.2311704989968,47.1097929291426,37.2473470223229,42.1870751244455,48.3736083571069,32.8407042500055,38.4632921893014,51.6806293505134,38.3917216293916,43.7452623896242,47.1062552197711,42.6031419813917,46.3648932248827,31.9234209217616,28.9684060360777,34.9530716336436,38.7909244933367,34.2998366763299,29.7804662636296,44.1207990131111,45.6027239939388,38.367524688613,32.849214290558,29.6091536384949,40.5214554424431,29.8805135595619,30.1041825123334,26.5833489277528,33.1460927764516,43.9124911324574,37.7146185398148,30.4668872053796,27.8250200089606,38.9203563335247,28.4654686142903,34.710422531119,23.2885525513772,23.4172239219738,24.3082302018779,26.0744367496723,12.3474246620784,20.5594564802191,15.7027907279101,35.4843030883227,21.6370978800423,14.7359799490239,14.5483026316171,27.43977777271,15.3232034213328,24.053363367195,18.5941621884213,20.1607472672235,10.8979277442922,11.7703918583096,22.6187206257879,17.3671774018102,24.709122630431,17.2209828527742,13.1851309606218,15.4270536782097,9.58034945967621,8.05225180100389,NA,NA,NA,NA,NA,NA
6.06731558130784,7.42753843532048,6.6737567872163,9.63527732334413,11.0151519890167,8.57417261883748,12.0031793879378,17.3290769380614,19.1255815567215,6.91792707550913,18.573882958189,20.4164744370425,19.5841846284757,11.4695521217579,15.9390517258258,16.2703889411155,16.5376108342963,20.585943545487,59.0772046683341,21.8779726506393,20.3941426423341,24.6992807745897,37.5733511438239,33.4528240984821,21.0070533707276,24.4695535345635,22.0036501407686,23.7872651937572,27.4102253501732,33.7425700240999,18.9837544304834,18.5480497525544,22.3159325050661,37.7423770775648,37.656203294684,34.5939677996176,28.6787534706342,26.9912994913879,36.1826375537442,22.1443117807976,45.6257654825675,47.5781626089296,43.9387950720881,41.7540149089121,45.3042573766425,48.9144056299932,54.4199387679715,34.8066480742845,33.9592743806507,39.9536715288057,47.4099481154608,61.9725851410714,20.4266117331637,54.3177970440862,31.1666107137806,57.7486152929042,40.3542987327424,48.7929785034367,54.3733852542489,48.6217363752371,38.4579797829807,55.3304385598856,27.0631683401798,51.8594294906382,70.1637793662858,51.0435929435382,33.7958847252313,75.6408391045377,41.7866415811378,57.6324817845651,77.9754876591555,71.4918914427529,58.5138470827487,41.0558829795149,54.454904993397,56.1763325206928,59.4894224112347,49.0266567962565,49.9429325337394,66.8430824246212,53.6358922631085,44.1793293453537,41.9683111986431,29.4860677277919,45.7921780021196,28.8401996433585,64.8250902206203,38.3349365119861,64.7268017944341,57.8369743317915,39.2780237941851,50.0967482354939,65.2731918553039,43.8031250199543,63.6914787350599,49.3982020180645,43.1378842161856,51.474673410749,62.117375223403,58.02661348569,49.2631152045258,46.8551483019716,46.434565949184,63.4407409726234,60.7201770647468,65.3985787175371,64.9202536796431,49.8226291582773,61.4925907614584,50.7552488533579,73.4038750335166,60.9914378764266,55.8844230553622,49.4438445587742,46.8705303211481,49.365288634126,70.3911483392521,43.7306273119761,57.0385011374475,62.158386674847,53.2907519708838,64.1395834705423,62.0445068644459,56.080749939528,64.5085428755754,66.1429078951252,58.8192389572206,70.9291795723474,78.8124625371998,64.2994514593565,59.2268538362043,48.6503585428455,49.5344228892104,71.37917714414,57.4414668742111,44.6861327181941,60.8684927806556,59.7460235088968,40.5498730499808,60.6235872654865,53.2447205268253,64.0651244175644,55.9425805386464,72.3914330417747,36.7247664509121,66.5446857128144,64.1224226199251,73.6783119252253,72.2979691426217,60.8262159742483,66.2161163003282,86.2520642574077,58.0936356897003,65.7360986854055,80.7820200547317,46.4435024838616,66.27448608028,59.7881250869426,53.2485093437796,91.1651331738799,54.8762339489592,55.4993975999806,65.7586822021778,62.2894722270795,56.791787325862,41.9167123046661,59.2167593661759,48.722655448955,42.5028909340733,77.8194798675172,52.2545222856955,81.1620702645031,73.5548713088042,48.5233742557993,61.0426808197613,75.2737246571102,65.4200213455263,51.325867752155,72.956011840061,65.1714654194441,68.0662457769262,64.2880647401113,59.1399207609893,56.4946365786857,75.2357277971778,59.820703896476,62.3545346406071,40.7314799525107,42.0278829051182,55.5140049629952,54.5411353036059,48.5317090345063,73.8445189709746,45.9949243631506,55.8520714602609,59.9459207961236,72.4136253638227,96.0572112029144,82.8616931912123,74.9098177362467,67.6453569486943,70.9738565612084,77.5854054654801,73.536892727189,95.097956976445,79.4754468629764,64.2282176242147,64.8905993389813,79.050227760018,47.2222183414642,73.2982926238862,43.9855853501516,57.5333636056608,82.3531336764706,64.9131473241647,65.5478072848686,63.5124225723149,54.7196557644917,41.6372620886595,50.1437838171412,58.1123493368781,57.5967707682649,77.5466181533542,41.569926375876,58.231089991317,68.1352712794021,67.6524890607102,83.1951119974351,73.0477643415666,58.1025024670172,43.2059330430121,73.0518048194015,71.2695644476355,48.5375783229701,43.2556161727658,67.2637967597419,59.0963414555568,56.4345466935986,56.0506047725719,72.316045699612,46.4149622007198,53.1944982312146,49.0074777286887,60.7559110909806,48.2852566322619,78.3740120971164,49.8275354469684,58.9086511643429,80.0566549393241,54.893691010241,75.9745473772324,56.2254845470295,60.4478126527886,57.5671534094935,74.4463119128697,71.136705138673,64.1645540698058,64.1928135557213,74.7492865624785,52.8518831202502,73.8483440515862,53.9309746201887,54.1664444773287,53.7395561625913,58.8087376808554,83.5039524071908,69.6195322212029,46.3354457683879,45.2227417095244,69.6240450254557,54.9955207607426,55.8410684948062,56.6383599113677,47.7824525029201,68.4480264319549,56.7994888526832,47.873443526185,52.6902318036112,45.871308721194,51.9499463837995,66.4196151664926,46.6876554888549,45.0803704681732,69.7142608698907,67.9374690984689,53.8066471866282,53.8805378729751,68.6842811770543,55.5766073710867,54.4232598515864,63.3027841099718,41.2642611621304,53.0878883104512,61.9326173084434,65.7811523220725,59.030778312043,57.2127418431162,52.9576857413518,64.5027893389337,40.5419210911277,76.5429590866137,63.421768230879,47.2329127924098,60.1665228223092,46.6747427636592,41.5603742943894,44.338214750928,62.4141218496417,51.7458454038241,63.5029360952224,63.6058198140072,34.9259194036621,47.3985950484175,54.9331304065509,42.2395164735802,49.6744757654366,43.0803069588176,52.3808111920903,45.4895160344286,50.2473931761784,67.0621638091663,58.2125650078764,58.8809895199086,47.2653226263954,49.9950551095335,45.7550623245167,46.6008232925154,37.4104930292798,53.001258720149,50.3575616769293,46.7499262277718,53.7825609405493,27.0808672388886,44.8736118425312,50.9682612145608,53.7265322102036,41.1636227730075,40.1180811015104,29.3934905061839,43.7408668761039,49.2095647065159,32.3063917129738,43.6081286024706,42.1479227954395,34.0224705829677,40.6571805167937,23.1660452786263,46.6612158928936,29.8976087781113,52.5305271643927,45.8334374576405,28.3010778103667,33.2701223961434,27.6409737202732,30.7844538587601,22.7160356158896,34.0096139130375,37.5658024786594,15.5194680249055,28.965423994078,27.4762211139106,12.5679854307954,18.8458888346699,23.8720994846026,20.5213560704381,32.477437901025,17.576114188839,17.7264608409928,28.5347277158244,20.2029058132936,16.6964805346156,18.1910363202019,22.6865939491644,18.8563418861384,16.3736957258704,6.65134441915704,27.8277376817042,18.9464196702474,12.1413222693912,13.4372026250787,14.1711795801813,20.1748728680506,13.8905543388999,4.5340130923378,6.31005124807984,5.56333629476668,8.23530267543062,NA,NA,NA,NA,NA,NA
5.12211372620715,4.32623856904245,4.99178008409549,7.65189677824743,6.80837789223295,11.5545466163506,7.57753054039001,6.79377436425669,6.41537995966085,12.6429843390182,14.8065827935379,9.46376235332363,29.9888329127481,7.99331985074032,29.5821912685715,20.4193041708804,26.8767898571935,16.2714456703974,26.1185965280039,12.8011840594152,17.3669224514311,25.5068200234834,28.0588453861601,13.2512284165874,28.978967475479,20.3322319559238,16.9429147931419,20.411944028444,31.2893036094889,15.5284460114123,22.4544807215847,29.5814552690179,47.5851337148834,30.289039145626,27.225321216158,25.9347622515129,22.7765683937622,35.8726159068727,24.7205990285387,36.5191930147994,31.7090434064809,40.8229984660606,21.7171557126333,43.3706625507246,26.9845130245603,40.3079715899898,50.6312248353066,39.136636040829,50.501913531973,41.565154248829,29.4744348188888,44.80854475653,47.8427782084101,47.7878778096673,25.8987819203061,39.8445518783919,47.3082730590774,46.5955350554154,44.070753848063,26.9094191855628,41.6954542356682,49.6023453702671,43.7586286060875,45.7484633289817,46.8306061230144,44.4965041261666,47.4025324479619,38.0649328241267,52.5385052025082,37.3393780386785,41.072759549751,43.8668448305209,42.9707997548964,29.8467487269564,30.1830679735531,49.7270021433061,31.4735322712441,48.9074435931507,46.330964735635,33.3806311008263,40.4601395154931,35.4412153803226,62.9830962343193,49.1252686301714,45.6223083738833,46.2176392143597,40.7058325339282,29.0162141672219,48.5141825625037,48.1914895126278,40.8905013803817,42.9125246639994,65.0055473255628,34.7630525360239,66.1359941233716,47.9396008582672,42.7294038376205,37.8261190236627,43.9639491807065,45.0175847463413,58.8194271422606,46.7890750200143,60.6536575105538,60.4505568011944,32.0881333557088,55.2581453111227,53.9481848420489,48.9071208636642,39.8831360355232,27.106796033907,47.289952467538,43.5612660622412,57.227736394488,45.1085755530706,46.1121133288522,50.9987066878362,43.068685826447,60.4616558111537,74.0847244348177,64.7645508706457,25.3543664521505,34.998484615111,56.8963764184028,39.1448452972415,52.2518888078979,51.6123653214462,48.7429899424634,43.5271713712271,50.2632485149997,38.6811787649737,60.7947412889643,38.2833963810841,50.7933565276332,49.2687727567738,54.3027363174018,61.7983136172289,44.5045474836422,49.1174148090547,54.8272980882331,56.9119526292107,34.0078248235531,48.6674344560205,59.5610152693677,41.1604387523406,52.1397186053431,53.5250321285929,64.9972120967097,36.3228398811804,58.8485896095684,57.687757011333,52.365733377362,49.5353741031642,42.9710163078791,57.7076980090387,63.2015914642617,49.8804711288369,59.8861498402007,62.418053706484,76.500350331973,44.7488627864473,48.9920133760237,83.2732832699632,49.7285673734916,58.9696503425554,50.6705479871877,57.441828057338,75.4739197069169,45.0795514251972,35.925513238133,86.4634782137531,67.7711430499748,66.688618184753,64.4984126830066,82.3470749921105,62.6584704885891,65.2339629567106,47.1855870777773,33.4616082999431,44.0382813831943,68.7041884363774,57.1618906438419,68.6748236363286,63.1880204203071,53.5573422909207,77.161412625404,46.7183375315439,39.1342940393838,52.8908232862298,43.8022003392202,59.9004335190049,25.5754266027725,79.9584782312642,82.4916672488089,49.6743144338657,42.9976689046075,63.4699545677617,51.263869224602,60.638334934347,49.6336327462349,71.7619509393604,57.6717587223513,58.6631925160776,38.9268738139013,63.4015282823286,56.5438704856474,66.2530876714548,43.4153924102805,44.817009758063,34.8212637060252,76.6925966037501,42.0174757235418,53.4519970032765,55.7323941528332,72.4697173388478,58.5591578944387,51.2490485372943,35.0492352984364,44.0473055214431,56.1758754501775,55.7012502630704,68.1014213296842,44.8801250593631,63.2417786595129,67.9777318120353,55.6455288518321,60.5521155055212,76.5732550066312,78.4677822135652,81.9373988404124,59.3987998709071,62.5529632516446,36.9438796735806,59.542187625598,65.2805442884008,68.7882506410341,51.2653225292862,40.233798175607,44.0519814121976,61.9162446731973,60.3452475858578,59.3570257780615,53.6621362487042,56.1715962093877,57.5112000941687,71.7019376907523,62.4481854523541,51.5444362141552,51.2204694452234,71.1363816320831,41.6449334464267,61.5795993521454,48.4310883214273,60.1360926497611,55.384566111534,66.1179153756587,31.1845655141012,34.1452351265449,56.4339323516403,50.6787764000355,55.9950389483088,36.470297756608,49.4041697176071,44.6453567405441,40.2348983050944,40.9019898445668,59.097986877789,49.0045252765381,44.9537137936038,54.4217385452856,44.8106296001536,69.918990170828,52.8957212743402,43.7805228125124,42.8528936977942,64.7183230450355,54.018203946997,67.8337428555546,62.593499893222,43.7153022066492,45.5187361885569,70.1386978571925,52.5711096241195,52.8850098273264,50.2930400257315,54.9774453741409,58.1796186087572,37.2013152982667,38.0255390371414,50.8850127991022,74.5012139594953,42.7318200984489,45.5129339504639,41.5166127157047,47.06448041317,60.099877724191,47.16736915486,44.390906132905,29.1170582115366,48.5139122684012,40.2546156503903,55.8076104065709,49.175411802663,28.0972488709938,60.0335991027171,53.636162309624,38.0033858927812,38.7607562464642,38.7811805170129,45.1159987959021,46.0553682159342,48.2491412041283,51.1446351534148,38.3334906982602,47.8289426504212,51.6531075968198,57.0137332907808,40.3708344195994,54.3440188114865,53.4778185554198,49.8846885952374,48.8774209611431,58.1677945191652,44.7740590146546,49.0535704657358,42.9870671260269,56.0083356405895,53.6201890637651,32.3124300855594,46.1001865093739,49.7068151028939,49.9925980070419,43.2287966339753,22.5999132384996,37.7193978824953,34.9296750598436,27.4499063046693,39.835451533578,45.0487195997888,35.186300166582,39.9526304996262,31.2257154832932,39.6790769911982,38.6638748446759,42.3372470584337,47.8566837929267,34.3261853793831,40.7355950327368,24.40979131927,24.9644448445009,27.0614610909025,31.4544291396647,32.4288193877995,32.2619992455467,27.125285162578,49.854315765314,39.6226002741876,25.2724252098303,37.1807239756503,24.198726005423,21.7686437373056,34.38665013993,28.3504666957256,26.2425573195583,17.5894327540918,21.3740436328578,23.0213539815432,26.0093898133578,11.1391662115103,27.1395097551854,8.82113240977574,13.4940118181053,19.1655648515129,18.7878158130167,33.5276743025905,11.3799373853028,20.2663171034031,13.0983175581793,11.7034642792884,10.0280473729408,19.2319940914441,15.2049185117268,24.854758857453,5.88487276593856,11.4026629662299,9.5703917162936,15.669667917251,10.6496750826952,NA,NA,NA,NA,NA,NA
3.8905833065023,4.45338150944438,6.55419468070966,3.05817686551573,2.89461703668342,6.07190860136884,7.60922587789087,11.1901823365839,10.6421028399014,11.4570050725239,17.0627134093603,11.97618278963,17.7432481445977,12.0239748155306,24.9095403661626,20.8240508315171,10.6806498359997,19.8325422525113,22.4155239024024,18.9993060469472,15.3848583354446,10.4200382684927,19.6033569179055,19.868283467555,19.5047491657779,9.19899674786745,14.8095930323653,16.2643186957292,28.843407264156,26.4506440540286,29.7478043537547,34.8758487091195,33.4173414045694,32.2526698936803,45.0581708232993,28.6048817394306,45.9841336594297,32.8324139954062,41.4880390349705,28.6208314629562,64.6999070688647,46.0586800394915,43.8662063161549,40.8358296791451,38.4240482937497,39.6466172429067,27.4864892380941,50.4281783622833,36.7376289122421,29.8982964413338,51.8471409683586,31.4896944261696,34.0384662807556,37.3015224099703,32.0894046441589,24.6718552525047,45.9489114239896,45.7849891993993,28.8232273165123,46.1227463579371,50.069236224087,40.6828223578763,37.1907261274389,43.5933181629608,37.4752445230037,36.0298897989074,41.6538557689394,36.7441891734764,47.3170310317496,43.999661152402,49.7525367234727,36.7418216502452,47.1461947130088,33.052228089385,43.815424913308,42.5838897767466,38.4614311253889,46.8075745633251,32.5263051281815,47.3161086587561,37.0507800949216,44.7839861294887,51.3293596214899,40.1881916159845,42.5883673583903,68.8806477974774,43.2311960724709,48.2126143029894,42.0290898996645,26.9352058470348,32.9704083348585,58.4775838940267,45.2925755322622,50.5449454216884,53.8159966770012,43.0025914211197,26.6776865493665,34.4895856754818,43.7335194551495,22.9727664453696,50.6094769372173,40.4567174330265,59.1425679308158,51.6235785595411,53.2787685015877,43.8544500780528,44.4345853724627,39.8716656240908,39.8286351519011,52.4678687031527,65.391286595194,37.2335477991841,43.773885673546,30.7113741957459,46.4361839700552,47.1232035555702,39.3166564775933,30.6302898839995,39.317436780628,53.7119283500447,34.3502090256435,59.4081615944966,62.2137443549595,46.7086407159154,70.309778067579,41.713078711498,62.5222212190137,57.2899450769038,47.7176714156136,56.200132797375,46.9554896498365,69.0799822889739,61.5929351241876,60.3214838350236,25.8732694256266,46.4668750544975,56.424634023556,68.7213792170235,57.2672904750862,44.4039906055915,61.903309758509,53.279081615567,56.1986443454186,27.5088048678017,54.3440422872723,43.5481574850549,56.1839908797375,61.5690508546285,37.9780307300543,58.0323865989568,50.0525918267491,56.342722293924,28.5955990516266,43.1372258027576,43.0981628562685,29.8828192841103,58.23348710041,43.4921452791987,38.1534421299788,56.1538402918413,54.9004424933605,40.0196394192763,35.9909397341539,40.4783880145868,38.9615831049522,46.2081747911944,54.2878976116063,45.6116712962988,37.0166500672653,55.6947323970517,52.518711748468,59.2609614018553,54.9847570236292,53.2243345296571,50.1638291123992,54.624556877621,41.3920884325858,40.235911058876,40.9008214472399,46.2095737361648,33.3531269002869,55.396668061595,39.8790446119773,50.5045112515928,61.4909797388361,47.3040814070177,47.7038352850528,25.4108123726942,51.1211973194422,30.1794583824453,63.7228856928489,39.788504642137,55.3073771378919,49.771149541663,56.7273207322619,48.905487993111,59.2508482957787,61.6742654884919,48.6851658978436,67.9553981502896,47.8271950924192,59.5308796333647,44.3130217942825,56.9584117490599,59.682628757606,52.5573062312474,49.2417969339588,43.1569323310972,36.9203178309382,60.3104084881307,36.1569481746855,65.7030461910964,58.5248748914315,49.4316584760517,51.4772738952015,53.5275384064384,53.9561686466876,37.6326389476132,45.3780701548778,53.2284850723671,74.8540411246011,73.1659079217179,38.5650989212982,50.6521229603483,56.2077237749552,61.1565805420397,82.8656955619193,56.0270876024208,59.6117715284107,44.7023554282557,64.7800573847125,64.8359711491194,55.2251769095837,69.2836834083583,33.7626769294912,65.9574176322803,70.8810214087603,52.9310337545344,58.4624190990172,69.985382968875,62.8039561770196,60.3236830464689,58.9507709472118,52.968980498117,59.7303962475713,48.0673653425543,57.1599305202851,61.062571014069,36.4053643363309,39.2414710475869,63.1991591875593,38.548894406446,55.3884437070326,39.9958505595582,73.3380251974906,49.6785984301951,55.8521524492171,55.6107089451932,48.8494815752328,69.8239880790082,52.2808210260626,55.7563310047594,58.3805050632791,56.5644440976851,47.1934148847801,48.6463892921665,38.4913040780998,54.033506144643,36.5209125825069,53.2116595690346,36.4121630499611,43.1068431627144,46.8246605286006,53.2885372737393,48.4426694605224,44.4610033391969,37.9282848397803,37.4170207735192,37.7424437730931,43.3100573344767,49.5267811098542,40.9062987987243,58.1448834166995,43.5070432844817,42.1399453737676,51.6805437721828,37.7932406236901,55.7923616001432,42.7217869411759,72.5771759800516,39.4031139086359,42.1910724166677,27.6066315734154,44.7198102313819,55.3520278804697,52.7219475308591,52.4633222114791,38.203081039247,62.330651867445,48.3883547566498,32.768042304408,53.8718687147309,39.6823210490176,56.3236440450274,52.0665526128975,29.1515517288885,47.1102125087056,26.2091757644819,40.051354735803,46.805354326965,34.111023530052,39.890003983469,40.1354215284961,54.736420688794,46.7053524946858,46.8416140002352,46.3199663594677,39.752722527709,32.8934714304105,20.5403404829004,46.0156432292842,27.9022658313201,46.2443432239772,34.8314758479451,62.0360952282916,38.8989302947414,33.1009824765073,42.8464059526627,39.3723977943002,42.1224149706561,38.359812334598,41.3241935218018,36.0603990542563,36.4475922286731,42.1569763354696,25.6324018318854,48.5404801918099,46.2377065519433,29.6264147424699,38.0837897180558,25.6064270261901,25.4569919449159,30.4964655648565,40.9066888468962,33.3972347666686,23.9161618995831,27.4627054306133,31.5445644803431,24.7056967839696,32.9981330677508,23.0316043355984,19.1317709752738,14.8395406695268,20.9299268146193,44.9258443138277,32.3046599945416,22.9809983321678,26.2576029479726,28.6818356462115,26.4995148078648,29.1419706020261,15.7508544454532,31.8055836348363,21.3985398122914,18.9457183041624,15.5494430524745,13.3307766607503,24.3759261421124,19.9793090590785,18.0494230165049,20.2255420455014,13.2780186750717,13.9758877058748,16.4822188100617,5.02674064276854,16.9205548545217,21.7335641994134,15.5912638561906,14.5263326337109,36.8330195024039,6.78471208747169,16.798942885867,2.40062093057237,10.4844473082108,5.03834930664894,5.62591712066005,7.62535842444626,NA,NA,NA,NA,NA,NA
4.66554781730388,4.13135706554781,7.06742157169694,10.2995285295856,8.04883320265876,16.0919032815679,6.98074514747668,13.6214419839837,6.56977740191115,10.4937203498342,31.7064026043725,10.6340010885631,39.1241589310181,19.1275933756017,15.0514785877558,29.4210343028934,18.7911572734649,19.7656272681204,21.2196884504853,15.4481218574266,18.3130684344248,27.4171903725236,18.9623512524472,28.9460367694114,33.0667531692947,22.5337751406694,32.0606529758571,36.5391530422361,38.5004718121343,26.5579700662516,34.0148378007324,45.1959772350323,30.6096702673783,32.226248450914,17.964422706497,32.6683611589585,40.0566067058963,30.165463286901,23.2300792032481,31.2007752268163,37.3006801426171,41.7176151424356,40.9534437864225,33.5617336238942,21.9720781430848,26.9755217842259,38.5405240268285,23.9645061479837,26.4287863818615,26.5334960636417,43.525513195025,42.5416613494563,25.912037316035,50.8186308728099,32.9601274776329,45.8982847633929,49.634260670938,47.9182469119417,38.1233980661055,43.4748702411439,40.676006004869,51.0527795158312,37.126839250256,44.4326132088206,62.0737622581736,30.4421068564201,41.8028863402626,57.3312173946421,36.8020045963091,52.1466164746356,45.0340672505607,30.9946999012137,52.9300953027244,44.064864168872,42.6697508579323,37.2494758002691,53.0250430512593,44.0745946314018,48.5777454828166,38.5610706779239,53.7180527654708,46.7099305752345,59.2171833657433,30.2450609412003,54.2020774891815,51.3644131687481,58.1401651166563,45.191417729431,40.6535845580863,30.5431002466078,46.8168901586241,35.8366402195947,40.9064411908057,45.8804746165269,69.3815618499799,44.8977353326223,44.6268768120133,40.1116214051175,52.7155059194527,50.2315226048792,49.1960925602255,38.1198687787878,38.3651453154928,39.6486803049934,51.8709097263694,67.8967596011481,54.6457389556915,84.2745371330143,54.580644017984,63.2612954638013,41.0984471901033,44.488253610556,38.9632930339403,44.4540396547473,44.5993819613672,39.3933035681249,61.5002190628367,47.0239428555172,63.6718220962452,73.5814160557037,44.0577891085177,33.0056034127937,44.3528715973338,39.0014485506515,15.3768125776402,52.2427514044346,54.4637554436488,63.8140802083559,44.0854496616495,54.5336460276899,39.1530689622048,65.2445598612607,47.6335628342278,52.0981764288546,36.2023132805199,36.0591441334935,73.2986411424158,54.8882593335939,30.9601156660975,35.7608365544896,50.3555762013492,41.457277651429,34.4594631977331,44.3192591796993,65.9814013131761,70.909170139674,66.9913558756764,62.7423995184708,61.9984436661662,55.6315425388896,57.3530338645455,79.4632742095316,52.0969092104107,64.8089033899511,53.2432103364966,46.5750516601512,44.8608137710548,65.337009103812,33.4051956667139,51.3823972028319,43.0050536929674,37.885107767184,73.9048660306794,30.1612003841894,56.9000405843599,21.1198640317881,53.2534189144116,34.7643242213742,49.6673378540231,48.2174300719964,47.2425915712004,53.0803473169392,53.595636486146,62.0470100321728,62.3643887746148,57.1929086009703,44.9426891994875,35.8976882799321,40.5652645420474,55.1397676084996,49.8995740918854,63.6333171760934,47.7816977845347,67.6766242882406,39.7413193259898,55.9492755387117,39.5249079630207,59.1424452643032,65.4212296499901,54.3161346688578,52.091053157243,62.1910956584024,46.977964705046,29.1595215487098,58.2304530302399,62.4669156360855,60.2858021922746,55.9897018305995,58.448571429291,64.5904587267633,59.9359037930417,63.2750519054984,47.0524093080987,62.5061840317728,66.5924978917539,64.5484875625592,68.9015316644714,58.5071228057057,52.293943851245,41.0021620872866,53.312738576654,49.8651728238587,51.7732119418327,47.2596534141066,47.4295802267482,48.1682517313662,55.9737188325746,52.8021000674897,61.5225354586918,51.3700344738557,37.4262798520655,52.6080907147088,61.79939407098,46.8729785074199,49.9765080839303,66.4150494039403,66.2155646813538,33.7564305354712,66.4979054383525,75.3127505541835,51.4035643428387,50.8832708737603,53.5400605750125,48.0673437853739,53.0200281519482,64.8858383030322,56.70666129631,41.8267866331106,63.0981806255859,68.5123571572011,53.0133114273301,66.4341610380922,62.3723183554005,58.4852184445874,53.8812429360608,60.0736171308828,42.2576894531559,65.4047034621377,79.5564141557357,65.8188852163004,60.2815980136834,28.7278233513563,59.0186292834621,43.271292240256,83.0476796145842,40.5768797637786,79.6074047102322,63.8140317731974,65.6791909376609,43.5388855142598,46.6351156950868,72.8548185408343,56.6758003626124,72.9661878608942,52.087271939775,71.0718649305755,49.1817684776432,48.6034561353104,45.2164102509222,41.0318563130202,43.1885236260063,39.9811822527256,53.838378297419,48.9762340244762,59.7487980116342,41.1242086292437,73.8605839468905,69.0352187294959,56.2801562372436,47.4577716573861,57.858909693102,42.4669526689309,61.9650547757322,51.2814867996092,57.0586817545912,54.9846302210723,73.5899165723655,56.5964854392535,59.5324476258385,73.040983930973,64.6452327008522,59.0089585415562,37.7324571620123,59.7198733641513,31.4041646114218,50.0709443954548,40.9637120373277,31.1305294371504,59.5043400140063,65.0694684955133,53.0163512298915,46.7907297156584,47.1788512577859,41.9682175410061,51.0155306813012,58.2490256748485,52.0686475013467,59.2037033385347,29.1873274174891,47.7444468551574,42.2598468200805,36.9539767134457,52.1133192970108,40.4440014513446,56.8181158652677,38.5438228916393,46.7847972103055,57.8253683997538,55.6181163493569,39.8505869625134,42.6732279457758,56.5003749119704,48.7551699972908,30.4777778987872,36.4737529227341,52.4192091963865,40.4810283208856,47.6118498218617,31.5792334276745,41.1596335682624,57.7280431477723,50.9184027746567,46.8624195223582,24.042584290035,44.0065713628576,36.8108022256397,45.2641661111256,46.579878774458,34.0963535731274,35.0304599869597,27.649378455099,37.3613099746807,34.9703694828367,48.2384682564862,44.4959492062361,40.8991116755338,32.4957814695104,35.0199472035868,44.6277189596476,39.3901301005254,36.6875071537419,24.4174535249865,22.6290871515435,19.6526515983332,31.3972921258114,22.6993229589543,16.7851715733972,26.9664094179446,17.5445936834113,23.6777691067807,21.810795588593,23.5251180796134,34.6971088824439,22.6118799424921,28.9897959539541,13.9663799500175,12.6597255974093,21.9738369167288,13.8501523194946,21.7368253834564,12.5742765064977,17.2933798755738,21.8972270059636,16.7836160257159,17.2942379467922,21.5929821783815,14.3055026915476,13.7035554011205,9.25021653158984,16.5248148708513,9.6832558963603,15.2678111898623,8.330941741916,10.6633610461171,6.29403691971808,8.13777927306426,13.8795776709604,NA,NA,NA,NA,NA,NA
9.31931746998531,3.78306651361329,11.1386193094003,6.81651486044304,10.3107067291881,7.49852476810553,9.99362346493006,10.8517554401664,15.8525285789131,14.4650609555845,25.0653902074026,16.9521612852601,37.4323051704568,16.399238830289,21.7050254857729,13.2425643677455,17.5840658495647,14.9662199031449,24.2222229222493,13.1438306752668,17.5860259543497,19.5505860553738,16.3816291587722,27.4984486748764,17.3016229501105,28.756408432334,24.7209649759884,24.4591630488118,21.331422195282,38.9327531621359,13.9075856085863,13.7348652478295,33.026851775911,26.7934817713893,38.4240562183117,40.7614025125712,34.6280546915678,33.173242717495,31.6552635676684,46.2982654967381,43.2853336327601,33.4875592977331,46.1896355320166,36.7906199864169,33.638576032064,38.336404858727,30.6548873594701,24.7553664131826,42.470424500713,35.2470558016512,45.6945376766463,41.3585356209677,28.5436791982698,58.5712318642522,19.8843388080856,61.4636283497421,36.1928165697683,53.7210401851354,40.1669411433203,45.0395901974046,43.6453719540044,38.3153702197851,41.2296198597544,50.852039653366,48.5440337213914,35.027735082503,43.114346912673,65.6444245397161,46.7471898460497,56.634457065395,48.625473780128,41.0516536883732,52.5156579690886,59.8237546687272,51.241448367677,58.7046945367237,60.7145932590112,49.1567531590311,64.8369581374908,51.7320184002168,40.9873517471745,60.5230269292546,25.3637238712504,36.666750385861,59.9530961692701,36.2229781612968,48.6925695551109,56.9338434677154,48.7165258010074,38.8524979508725,34.0657775989545,42.302720063356,34.1772034105593,35.4432028818977,51.5542342649225,63.4240869007361,49.702835716589,22.4798866434723,59.9009365724121,51.4729991932388,34.7471935956964,50.1865863934503,30.7000887225454,59.3605497076101,44.7212569732134,60.5777604939433,76.8542344568161,50.285856319975,65.370925853972,45.9499952703581,36.3351973082576,54.154187478112,55.4296383568758,55.8018188608037,41.0307443680432,34.8535130093892,52.9326541814528,66.0366705583951,61.4653438667337,58.9938972012219,45.3030661366103,79.7863032820594,49.8344359291678,44.0441672217545,61.2563224761737,61.9962843262156,40.6988561192454,43.7979883572416,47.2650100871244,47.1877173053046,62.5558540529337,40.0597238506446,49.143825347298,68.5492005996223,39.6206170914162,49.2321958636418,45.1623664738766,49.3483309939944,40.2622593352086,54.6511709821468,41.0754721294629,54.7466267798738,61.0715601389713,56.6777727046127,43.9120996069952,66.8674535356366,76.9143595964072,58.0302495490383,37.5823351527951,54.9651086851497,54.8979973038238,57.6561278749389,50.7395345714214,65.624377465437,57.4902239949725,56.2918816158666,69.962664574706,52.6641421309193,55.1102376223324,63.0604064758603,51.9787390027982,59.2079913667617,53.70161674049,67.4387738633524,52.0963125879349,57.4224667273205,36.0709327425062,50.4736956761522,47.2612968179213,74.2010176626563,53.2705170661119,74.3544554824399,58.1687767405891,55.4175157220869,43.484705214266,62.1818697701716,74.5067675731145,58.683224801437,61.6782506079238,64.8598660997258,60.0390438688749,64.5856278122172,65.4969540913504,62.1218604734456,75.956146031471,60.1703641661821,64.4436371246538,61.7445022217322,39.9248639090183,70.460147486954,60.2585678095716,44.6668611095339,51.4262371088597,40.522604923754,75.4420189967395,56.7908798194812,73.8319008084874,65.8127744949838,59.7551386230351,51.764275206104,48.1705408020424,50.5818126897317,48.862561198215,57.7460568962556,47.5228280135675,52.5292677197062,62.629091949904,59.6349934197263,63.9137450887214,54.9290491275122,52.2335496582153,66.3376210716019,61.9054062114057,63.9651702735512,46.9208156244216,61.5926909521588,72.9847794607439,71.0199337871427,56.68541000862,70.2398165624645,58.9272090450568,61.7817483725346,57.0473473554746,57.7067252574476,65.1301164006952,53.9642785644666,60.431538382767,58.0925069000218,71.8483035957755,52.361299892674,60.11357789459,81.1424803322904,79.0737172016748,36.8862592062039,52.9223259500297,62.2848388720089,61.7055557925998,51.6109719435544,64.4469548152908,50.8999762431994,73.8951808790271,54.8300760290283,57.9178237481175,54.6859282256482,45.405143789221,69.5220328798131,58.3671951831402,54.5497473526912,63.7391547936864,62.7044266815507,60.652153583285,69.6950306504826,59.6471758757802,55.0969326113886,49.6642030369135,61.0337319565317,60.00958378825,62.8019940792605,59.613117675316,70.4368278471841,63.949659937391,56.560854403698,62.1815238774009,38.9785870615576,71.5902529201493,63.0189197103743,56.0714113130065,44.5009476127024,61.192750253415,59.5198655821669,73.0452835797814,62.9316175422259,54.8339259230856,57.5481834066556,54.9480976332407,63.5455442217136,53.4124251844542,79.2788457974004,52.2832825692518,47.3093380888206,53.4704791307323,50.7559696578638,65.3118141135952,60.9493247737006,41.45277289066,60.6048115440871,45.2616733900437,51.5200739343135,51.9036302396371,75.8759020541998,50.5329276112606,53.9834957358485,69.5564650850593,64.1724519414457,59.499044114594,49.3073228263777,53.621849360629,63.1316760596067,63.1446076148762,64.4190228513401,47.7661113659243,48.2677966455162,38.2829979762112,53.7634501968419,53.8555003988793,51.196453405743,52.0582778667422,53.7636580774554,48.186726248858,66.1824615627951,61.5050866461321,65.2496497270066,48.4792874242955,33.7144134937812,64.643052908954,48.7818788569574,58.4087637213245,72.9242063716613,48.8727341491538,56.102118862266,56.8361303053728,49.7918361124582,48.0691002405901,40.3197430174326,37.6694431610573,48.1496077239003,53.5862105797842,33.4634237532626,41.3263787518243,40.9532615515831,65.8304695628829,38.7090322985499,45.9393512756953,38.7766324507284,71.9559279344187,40.1363478673799,49.8632269604263,37.1254681421742,34.3319586788174,44.6616271586084,47.3497831796562,40.6646312399369,51.9618771633717,46.3859848336387,47.4803167758793,40.0821312276757,39.2869499684995,29.6355967379983,36.2096277127726,42.3501390636369,47.587078733246,31.6234416500672,26.9985982054843,18.9522506625529,50.1012186606974,32.585588284953,27.1771895054684,38.6885047457486,33.7489139211884,23.790259710571,37.1903093931571,30.5160215418354,21.6663935763616,25.7852588523191,24.0550375433744,20.9376415463184,17.0569511882243,15.0680214185614,33.6296254559283,24.8584796036619,14.9378259054553,24.5465047492887,22.9005615025331,10.499343265054,22.0794260369183,18.0484510660626,25.7564875210217,8.73411341902014,5.073468840127,26.3809638554104,12.9331321024081,10.7683175732753,11.1704069988261,9.63461906757799,7.75915422782701,16.5666385294242,10.4289547967851,NA,NA,NA,NA,NA,NA
6.24794827332336,5.50229433100698,6.81970918613901,6.49855342634234,3.50122836833333,5.9653332492704,6.9601075025395,10.2429003848889,13.7863378934319,9.89034870745575,16.3272174640188,10.4199338104907,12.2121486520834,13.7803029048547,9.31729762489797,9.88987294751397,10.3433943186022,29.7097285631404,31.5829377357229,13.577544926601,24.7467280925821,21.8691492412472,16.9803316754323,36.324448517179,28.5567413761295,17.5987146013885,19.8528708781292,18.0757591526543,51.8222655593462,31.0781107763159,26.4315298206245,40.5231291497562,27.580675787736,28.9286472690528,40.9972949415318,38.9586596234452,33.7734255118642,27.522702567861,20.0475549686833,13.3895582723983,43.6110612256926,35.2020709662647,33.5994016122454,31.8166433733606,33.222930769908,30.8393353823889,31.4358416507865,33.0809614528979,36.3123155111301,38.5763462546282,40.2920708778584,43.0333322546681,45.0070503567593,51.6825796238302,57.6029468478294,48.715009130767,39.4075680147441,70.399961635235,43.639259326541,45.2105900132519,41.1115450852278,41.4915194953625,33.4368558856953,46.093397934603,52.3653831698109,45.2542177375745,36.7809429559688,52.0687762941139,50.8580315119466,51.2786956263532,36.129948484411,39.3208365157503,47.3937976990773,49.4369250826481,71.2209539076764,63.5388999997023,38.7744833611501,44.9206216691823,45.1856358739885,44.1726145070148,50.3360908186039,58.7267665036212,49.5338945287395,50.9679354778851,58.9307062251715,36.8251628507512,52.9570131789104,40.2261770790105,49.1914069140996,42.0975795969583,39.1472677872504,36.0061009668595,39.0863173504847,47.7087171005144,42.0011107581889,41.0624484522636,45.5107004243604,45.4521458285282,48.3576750886184,48.2341422022471,49.1475199312932,41.9442996670075,48.9741098138393,63.741802892006,50.4235748558079,48.4560779309515,25.8901036849052,64.5339546149316,52.3328424082787,47.4817076392572,45.5493629734288,39.4457508523698,46.673417187691,36.4274939590948,48.0985672836334,47.5417040347938,57.224079135303,50.2896768543796,35.7967060135635,50.8839412884869,47.6719630740585,69.7586744765093,54.6731928537882,47.5135439795009,45.8829159590069,41.6404392435722,58.0934303136405,67.863995998516,44.9668170171705,55.9697366418822,43.3527720507196,65.2027647924765,35.5679819885866,48.4762090666568,41.2661790543763,27.5496623817639,56.7959375975067,47.0052472881994,47.1359559800593,58.6651198461514,55.2216737207024,49.5064266549264,56.8789319390164,52.3848578383601,49.8467580541114,37.3308513985264,45.976212982604,41.4359457710227,45.2563860936743,42.2086000546001,50.3674743271157,55.119083597367,39.6787025513326,40.5433571493846,45.1553562035358,35.2648478858829,68.5475168532026,66.662720899995,41.7557000806373,50.4900339443301,41.5884891230638,48.6414650249243,44.2414935268024,46.7381769604824,67.8625562161326,33.5473292401475,69.6402751354085,58.4499932129307,49.3718664260105,71.7721550191434,43.0861277813535,58.2032536607932,41.0738787318938,29.4034902106096,49.5936649142306,50.1077023279268,59.9959200053736,58.3934929143791,40.4652149654111,71.9430270499117,46.6185143511987,57.1640496055759,40.1106645038144,57.9669749688718,62.9376694530443,62.3458302189909,53.0761155144603,51.7359867575858,54.2320403321251,62.0963327837201,39.7300480121116,57.7695243320084,41.6567767681513,45.1837599830125,53.2888226462231,59.8688805104108,57.3433585163665,60.6292459549982,44.207373644222,65.8195740565385,61.6342833296374,44.3079796075258,47.5053712233199,69.0088667089061,64.7964521063326,76.9201293633824,79.489590819157,32.8981796855148,45.4466801739164,36.8884477403752,53.8036706764554,44.9381616948098,36.5594450515506,61.3429946870563,54.9226039848875,42.6070451569766,44.2864965270213,42.0488586484989,51.00465772096,35.2970157567449,31.5287934020594,42.0443219769595,45.6125355584282,52.7393618527978,49.535342346541,46.1031230189529,41.8679800748616,48.4246030374461,40.7805423141391,64.083434550189,43.183677616736,60.0276519446496,58.7308920768098,47.8670357796129,49.5438973272057,54.0213120781954,53.5593255772254,53.633783557741,51.1060244835793,36.5796562819198,56.1107161883587,40.6670100620859,30.7249295317868,40.5276829799284,55.4626416288853,68.0025108227891,36.8466735328642,47.5552318078675,49.5283577217553,52.3155967055142,56.2308722509586,41.2831309814621,39.9270291239056,51.2985209923034,50.5650475917998,43.6173531679723,83.2752641349766,65.9432910294687,64.5259412512667,48.2121896967706,57.5241037108636,52.6950616497427,68.5630367559718,44.7855710557274,64.9207562065035,54.3024489098476,59.6402025299753,47.117534207344,52.313649321027,52.4954047372486,41.074578385679,52.4306718373678,46.6092319885179,23.9184127915049,42.9365330218046,47.9625717103687,41.2145296036622,45.9529598684274,52.3065226847944,45.7855196516902,55.8857657900942,50.3386859270425,46.7190446884114,52.2333695449225,47.0110257740141,33.1246400256396,45.2479047120023,55.4434111233176,55.1563175784535,31.9561162148434,59.6474223475773,53.8367574903408,44.1822990030278,51.3486990980614,43.857929933641,37.9131185153304,42.9196583995441,51.7153834192909,50.1927496843901,42.4130690393542,43.1514742549817,44.7255269794594,52.6353232141006,45.4354703786727,61.0146589875384,31.1314627412957,61.8687409256814,48.1261949288266,27.5434590696207,50.6942912351574,47.0595514139588,42.4400898795484,33.6327075559012,55.3807631007307,39.6221736873719,32.4473445678865,56.3863183305707,39.8074228290848,47.179443025079,50.4749613193442,33.7342289199237,37.3161291267232,42.3424234131982,46.7643274818837,38.0786855272182,35.7296010371093,33.2777939707321,43.0867411092901,38.8981098347987,36.7530450402236,48.2383163478521,37.4536429076937,46.4436261582321,32.2131381787957,47.3370421129912,38.2732376614979,30.3421931052827,43.1625416076424,36.4291234907694,37.215357071738,28.5785748488409,41.0511295406563,39.283203882351,31.154410877622,41.8272179010353,35.7617707127809,37.4923440005224,40.9706780770165,25.2077094888649,27.5872877797043,25.2206760197269,29.1046772995038,21.3191956986307,25.4921066157759,22.7598358605062,28.5731887749051,30.4803473668359,19.4995411721192,12.5379502522471,27.9019051696057,32.436738239827,30.9977605316921,25.6120901877206,21.4485338607414,19.5810939970086,19.7179937477894,26.6832950689006,21.7474956983999,18.9236630953211,23.2829179834311,24.7926375657795,22.0645350145397,19.1955569757454,10.5146083712946,21.4782166054283,13.8651200462737,18.8792695236747,11.4919975482241,12.5359685656107,12.412648864442,11.1939774904687,9.62621558144752,15.7201811559797,12.2938194510336,11.3449898526507,22.2477175282497,6.71116952447029,NA,NA,NA,NA,NA,NA
3.22881806794393,4.98110309067504,9.72257252672413,5.69657541970116,7.0600085195741,4.92784646998008,7.16893015253843,7.23158356957225,4.81055152625403,16.3664933115326,14.0082395517758,6.66963995837198,21.4428781358592,12.3426711359166,12.1406462541321,13.2511128351231,12.5338438257571,13.8185465305345,19.1820491061675,8.64047669220504,19.6939304302168,22.2720606491293,30.7205159827473,23.8263624705375,24.2937328530008,19.6083263568758,28.2032069845145,12.3326071784141,34.1843989835229,24.4090972554055,26.0807542120855,39.2301813054215,34.5594649732574,24.8646787904771,30.845502516904,18.5721410904831,29.5330846155527,42.8159910224261,28.7328372377667,21.6353113248945,16.5398521112271,45.2670913776314,54.9424545894912,23.9364012905423,44.1861185247088,34.8518331002672,39.4992243600715,45.6581410670235,31.2684936278069,29.1238845838828,24.2491362871869,31.9916165950869,63.8537836555026,36.7657892201229,40.0722572729386,39.5736294107233,39.9524937349992,62.7135556991307,39.0279642601838,44.9889302482762,50.6473491774363,39.1455660735202,39.0208881540899,44.6520024033547,41.3345311774634,48.5111408364392,35.9061272383316,22.8810318127377,53.0329095349659,32.4558350733934,52.9399580472314,50.7850084785798,37.7550074138667,49.4605046144458,52.7505850749947,27.9323599129409,46.1864937097432,56.2728803111433,56.4109696679206,42.5686420203783,46.0188627168762,43.0942272694109,41.6860204614004,38.7255972564319,46.0187960174288,48.9963941207841,27.1002867291361,53.6313471054877,50.9475347145156,62.0906362094859,48.4629826841976,33.9358885294271,55.5336756230372,61.5544986625212,64.9944596887492,52.2989632214492,47.8212958098497,30.4608540438953,57.924282951692,62.2167575668218,40.6702115290285,58.2850168929141,42.6379079164524,52.3133632130025,64.729056593762,53.5025726258365,46.3527930140719,48.9171085319337,50.6053825719148,60.7865186972911,39.7632834855874,56.1891897559686,51.5639139846518,49.3479501886675,38.2925090938208,53.745027709513,56.5491944252406,46.362075327146,48.3760336700963,64.0497072558665,46.0502288309207,32.3278784307504,45.3900109768115,49.7839619432232,59.2159787773452,35.587551480898,69.487037107745,57.2235416353538,54.0172567745172,61.2453414644985,43.7447268250021,71.4103653124721,59.3680619989614,61.0164416173575,73.0726078507811,68.5412277318414,40.974401441638,41.492195082746,54.8999758178775,40.0492101032307,45.7452813514767,50.6318416631262,53.5970292724932,50.8292906083485,49.9235726653618,69.3785751824635,62.985061249213,46.0242268659993,58.5951604612193,53.9398749342568,49.9445645761708,72.9833331533552,50.9030751414172,43.195667847766,64.2462985895485,57.9293021953996,51.1431476540224,60.0720462937957,44.8480367150122,46.4984824784863,68.7870979697968,55.8657399871685,39.6074594562687,49.9514867203792,53.1014142566728,36.6703326955068,59.2545724960426,41.6552857962856,39.1703051724907,65.1561983720555,51.6650782150195,75.6723634608118,55.966874304222,58.7124818923099,62.7150858928668,50.087291601649,41.8386824692371,59.6317429237931,63.951787963399,53.5500346270407,43.1168521979939,46.9339729463042,54.5795244252728,59.2550410567471,81.0100446998504,55.8412305568676,46.0038515559216,57.7177912829385,56.7336349461004,40.8260532326857,28.938094803095,73.1699488910089,53.4700720595856,57.3005195461381,58.4386270257265,59.8370865412233,62.2618087089836,67.9146718803606,69.2318486062255,65.1427864609921,78.964507770743,56.927609759426,50.9961125934481,60.4106312920715,46.6213026487238,59.8087958460522,50.549109554044,49.1246771566926,51.9325463390228,37.1529049462972,68.0720068182036,71.7407208035851,43.9618310517671,60.6612104917561,47.088554325036,60.0071629886091,46.852976075895,53.3374369155079,52.7284139032981,75.3557318588451,60.2914494264243,67.3605081860616,56.0594019600513,57.3968704192329,52.771599856926,69.0965463537822,60.5301827557974,44.398868159526,59.4295476333641,46.8020730346564,59.7233395266569,66.0255619021954,62.4220700665964,62.1361762745381,76.2549349700304,47.6431730919621,60.9966527621021,31.8747726932577,50.1439642224957,21.2149423627629,61.4229191659203,49.6772214336835,33.5916970067197,61.7640085938131,49.4336946462623,62.7846440785767,40.2298055213776,77.5993247390549,63.3464614767686,57.2224021206647,56.9013864399095,51.5039183730234,70.3521880908187,44.6558001045707,60.1681237068913,58.9571843765009,58.3472895074552,65.2726364676221,41.7097582283721,46.8218106572677,58.8597900076324,57.657398322088,55.5846823970851,51.1767741845261,41.6784521396339,68.0684216533955,46.4573761142943,61.3640556878259,49.6278748042103,50.7574534289659,34.4939099219948,71.9117726220839,47.4060235713086,35.8006636220183,46.4133448017344,62.6106285597524,32.9922140709466,38.9782725831536,41.4276751763848,49.7461318271326,56.0491688226247,47.9205468043565,47.8262505083224,64.373263400007,41.8836790571522,56.932828120138,58.4839374958755,64.0164685003118,52.874162775305,48.5237378375132,64.4129763551934,61.8482248795083,43.9618684260412,54.2390197293841,38.7726294759023,51.8973706999636,40.7355624115844,51.5083609991837,45.221226253876,62.7012245408189,49.7305888803197,51.2533516483853,34.0560411563092,45.1542388048655,51.1530133434148,59.3605044587978,57.8241222873898,41.692895813402,38.2400056669357,30.4161428619024,43.0297077006785,50.2738129748717,44.5232782392349,38.4783254108149,58.1688999994888,42.3545549709924,36.3168713516022,47.5862343574671,50.6622848936342,45.0203542676116,46.4811083576294,55.1083991321024,45.1849762473844,42.7240547843483,44.7430309664668,49.2743574281593,38.2730406603469,42.288112371264,31.9593930799908,39.2257657667683,64.2986396556176,23.402857798612,37.596378433858,47.7525270932184,50.3192705271106,44.3746688581032,27.7100063834706,42.2415794575682,35.5248725705992,33.3320195464382,38.1262087966885,27.878231611888,23.7780170765731,36.2456374047534,42.2628514334538,28.8520673235264,37.1807166414143,18.8045862937155,34.9456126804655,35.4188932054139,29.0631513506953,31.0473959666115,32.9569283887444,21.6481110637346,45.4062772484993,26.4981041265962,29.3629794794061,20.0674446969181,20.7367698892681,26.3052833940409,27.2561228135267,27.6547918121777,25.3755982349872,11.7161110244264,20.1881101568442,24.5333643038416,18.4707637936622,17.9091816802024,26.2237023721838,23.9340006696198,26.9052696492093,14.4748493812201,22.3089205662306,9.79188426607658,25.90598086474,17.5444462855959,18.8254552958855,17.3206125524437,10.5178033345643,17.012500370628,8.89315080458594,16.6028484423126,15.4282002691016,6.99669338287324,13.5481784711507,8.6112136431966,6.88815659887402,NA,NA,NA,NA,NA,NA
11.5486677929723,8.71625638301072,15.351756214624,6.73453855278161,16.1083664391531,7.6136011501606,12.4533260462182,16.8626903690842,16.70328759114,9.02774749604857,17.623839215731,17.0733637075924,29.206405288904,12.1497492493229,14.6063436786743,16.3464899091679,19.6689647916516,15.21587398597,35.7392950668733,22.9784143798408,23.3359618960122,19.9207888459682,15.8096619460364,23.361141017778,23.1751229062774,16.8845599856033,15.4483307424343,18.4164726119904,45.0319671332853,16.4023207522761,28.6741020463263,38.925539619898,24.0500037946624,28.5389480686078,49.7455810296045,45.1322917545522,24.5839573650316,29.8578646308788,23.7041986336262,27.4756018340102,18.8486746690604,29.2163664499192,46.8644637982238,29.0839796697184,44.9727688075309,24.8087303061002,42.2612240618238,50.5895430348053,53.2572604235029,53.2120331998017,37.1188943951931,18.826717340805,41.8998902035562,46.2520414508155,37.3769750525286,51.5634377121191,41.8227831882035,27.6551751631556,32.9035897018066,58.9781984713166,39.447391287456,49.6336998666955,43.6658326943637,38.4833755042937,53.4308074192998,56.1394894773294,42.5098965922471,38.7266151756567,61.0284011274556,67.1329441745623,26.7580415691499,44.2138763484807,66.1058704625639,41.5882740954103,53.9484729383337,77.540617319932,35.7878479193266,49.1490658746427,63.5887831545776,39.466246012436,48.6617466722286,55.0535313248524,55.355006898083,47.9568801081342,44.792689193368,57.67109728876,37.4559098725823,58.2362935768129,54.6955223876312,29.8093543305601,51.7388056805229,53.8722104346291,27.0221521770378,28.6665557471343,32.9526087835178,54.5405124627951,49.2975318744752,56.0427231384683,60.9822951853047,41.1885709451984,39.1857604275809,60.931086652811,36.9893096470123,57.2047899738654,49.5405729395651,53.7398864123781,43.0211483398831,39.5424379994035,59.5413419545808,46.2143666097403,37.4773161506148,50.397827705279,48.3950617161321,50.5600540986483,59.9328400598859,54.8899497563782,57.5363316347541,53.5815460100779,62.8581226680204,55.6834776989363,43.1249248334073,47.9566405469716,48.7745155534364,70.5482973408426,67.7940226707619,39.2016287351963,63.1031249543283,38.5308921613094,56.5383323261626,36.4325191558931,39.8899866763623,44.4393195075088,53.7047418151019,68.9512202247336,45.4783624281671,50.0322458699648,71.6933447839757,54.7831918143453,54.6754173884973,68.1797901468262,50.9408788523807,55.7021877977702,68.8148253022331,40.7510137866825,57.251705105958,55.813821333804,73.0529884631157,50.4900026389351,69.7088680412234,60.3394841550688,45.7440129760521,66.4226777634588,53.6804796555093,48.5447643034613,63.263750710686,43.5528744162678,55.5717183011675,50.9248225204919,36.2194496014126,47.0743817550937,55.7322683495287,49.7139685284062,62.8073292980047,57.372596729141,58.0672875550102,28.8568052911242,40.3153418379609,27.3160816773165,51.0676678876505,51.6904353672589,53.208930050621,64.191914052867,76.6811078766916,45.0630639329047,57.4841618381892,41.4636925548728,45.8474132476596,56.4710603538023,53.6681133784207,49.7298351767281,59.0853581854333,74.7333412237529,81.4912906359739,50.5085683410923,75.9165795191045,68.6517867241079,57.4812600666017,69.297243055715,47.6578904254061,84.4488169215898,70.1816015196763,51.1641770182893,48.0756348055797,37.7756287732905,70.5518713247983,62.2641425819524,48.4236449270904,51.3113558324594,56.6020778782834,57.4403296465074,49.2150289643683,53.5275318369649,36.9518569270902,51.2541621426372,44.3026561717172,63.0927606376863,64.7886166800801,50.9262389474264,60.6834877803867,61.5097051636591,59.6582502793793,59.4824116388801,52.9460815957388,62.0610243517376,44.8231169616332,67.620035835752,34.6451674879852,79.0751186708523,40.4326825700669,51.1130396544203,45.5391447096664,76.1685165692543,38.2273185888884,63.3484974653493,61.7564841402663,76.6676964313431,46.0167927901558,53.3312562638783,83.4807383652865,81.1306046227992,63.3397206124871,63.0243068038952,41.0815378726087,73.8742771638996,42.610914541198,67.1885731002174,51.3251884359295,50.6115917905285,63.2980042716873,50.901187576714,61.3508263800964,50.718486573032,50.9374240605044,39.1597922972404,86.7271152168748,55.65413648596,54.0211786668981,55.6996983889409,47.2393531287481,60.9961777283613,48.8534915760524,55.549485449318,71.8141975983374,54.682174801766,50.3373194118932,59.2912825251186,58.7089745372325,40.8317767767111,56.3638340554248,55.3580573455514,48.2363868799199,40.1339624475395,58.6750578476177,50.8240878498436,65.9776826366937,59.4078027685839,58.4004252764561,53.1914132390985,42.870303011583,51.2613793682622,32.6174773061455,36.5021733691505,45.0525283057038,43.5418388895445,51.0090169131904,48.3565643304226,58.6898022964695,64.1064499747411,35.8229114687932,32.9759543720052,47.1914439829344,41.980798173603,57.7314231124786,56.4210263881132,51.5012867481413,57.7739783130505,36.4128130878477,44.9131562861216,54.7401749219295,48.8085072371058,42.6247713036404,60.3012352906482,34.4164062853332,46.3905184593154,55.6910661575381,53.3615340396236,36.6166276882249,53.120044633823,58.7571848538551,44.8803638673537,32.5610661009004,31.60061887278,52.3460029420225,51.030388753869,46.664644547696,51.2537050759155,31.1610166215551,50.9672434876347,30.6272575188232,49.3623965080835,49.5547714774745,38.1973302225319,38.1668524723692,30.7553977930114,46.7743439964483,45.546677577158,49.7229423582822,59.1564505530791,43.5805424427612,47.6950105135242,34.2202785069097,39.1175854779589,41.4551352720081,38.8314008711447,64.4798861851745,38.0594506479688,45.7770455533155,46.4034973496418,42.9925994563434,47.2021935611687,31.7070606215765,38.0185134961793,52.1041505979137,28.4660083343401,39.5600262210715,43.0721191120796,26.6589588516305,41.2626457778141,44.2715115217999,38.6821739459751,35.8432279562636,36.991389071462,44.7242539285591,34.5966556072807,33.2646435008168,23.0216926859208,40.5429271974637,29.555659502358,22.3517169880412,30.0228001029373,20.3418419442653,22.5347093491597,33.4260585281716,20.9463029180956,19.0922131661834,20.8057686352547,36.3158184040559,33.5396049980942,21.5112029205004,25.2015856553613,27.0784311890162,24.2495532291069,18.9682874866446,18.9667626929417,21.0499032180294,17.9448984124034,15.2172120847516,8.97328100335034,32.0866945067584,26.417990694768,14.6122661203437,15.976746262987,10.8343808183522,5.9006702930905,11.9657016243486,12.2084367108513,12.9053877447166,14.3504551473403,9.89406913178377,18.7054548041921,6.94226510202791,10.6415331606044,16.7690021938797,6.04433337193633,7.35124844665965,19.0277666227891,8.95877530903116,NA,NA,NA,NA,NA,NA
8.10222997307002,7.54810100568738,6.95837759272403,3.59073022248847,6.46697632570138,9.02932975458856,6.54797955156143,12.807906761157,13.6793188192115,12.5166139066726,13.6322218075415,13.1134360442095,27.4173066709904,16.112038910046,14.4579729916046,15.2781109165393,8.64019806794188,14.2587916763153,18.0570271213553,16.1003962494889,24.1192326027519,17.2933529040662,26.4489034945919,29.2662995458878,30.5495958293411,28.60585171674,22.7446602818232,18.5854362423055,33.7636856204447,17.9376629596818,18.7833141996995,27.4596370673326,40.5023057310097,27.3885121843246,47.8835092105127,39.4288566009294,33.6914194213934,23.2624099452061,25.2430792717532,34.1997210316692,35.5998589324033,30.082799591052,37.7413272526866,29.047031067109,20.9284373999337,38.0806358967366,41.0555006733082,47.4812399666032,40.8771663249478,47.7492001358108,34.5203151391328,55.3816645165281,34.405321907639,53.7330613268815,40.1425878834612,47.6660723767658,45.0233854653827,54.4787951815096,33.1000685205422,39.4444480078524,39.0315152589418,27.1798079097108,35.68421964319,38.6036347824695,62.7318693731819,49.2661871667889,48.6593057998485,33.403166337383,63.8875842068066,63.0472706140436,61.9799577396347,42.2969603223846,46.0503405121296,67.538257831912,48.0706169755503,35.1461346903314,37.0109225516264,49.6680851333248,59.3750323374328,32.3461907780492,49.7275724305134,40.9906465865242,73.8414411273291,42.5178177959444,51.7204933835261,40.2576183859264,31.7183072907363,46.891881868819,48.1099954169546,63.3977035875931,46.5065956011702,51.8865255256459,42.1974305415047,67.4737725162252,61.2440537538626,55.6565799177558,51.2851384246819,47.2455249237715,53.4822071488569,61.8498520190977,65.345101621594,51.3735528730438,40.4653982416087,50.8969741562232,63.3862516980369,36.8759392262521,50.5680792934152,42.9436387687694,55.6627754828674,44.5848641330581,27.6494843892361,24.4639850281555,50.6922988482293,54.0870838467482,33.4989157248414,37.5593995018242,46.5013161537967,46.792309514282,71.5683527360288,55.7733591676945,47.3070136498719,49.7671607764302,49.6383833886566,55.6527841057984,65.4137392298686,48.5233080390923,70.129291750858,58.7065711060805,55.8833422724375,53.4232836986844,53.8533245069866,45.8519990084166,42.9749170301191,64.7704027465544,55.7408634061324,45.0188976415365,61.0472061733577,40.234781053408,52.8122719377112,56.4004104583797,29.3658041859621,51.0840916284308,58.1584023845054,58.7122962688033,53.6517535880875,57.6119021437347,51.2989499788996,39.0027727803182,41.88994681324,64.8087472167721,58.1526128611923,48.5444463673935,52.238126950241,58.3999731231575,46.6176089464343,61.2844137425472,63.5762487854876,38.1910568027275,52.6341713857444,61.907398994372,52.5518379873107,49.4771793324753,33.83791890369,38.326481301497,49.1390735835852,62.1424282692612,53.7903547299052,56.6821930714672,47.5619530266075,61.1687017993153,40.4861214369585,70.210145318076,69.2490975427178,63.43295770012,59.5399910952008,63.4482038503097,46.4507643327198,45.8999749408587,80.1510468572027,57.2374522775366,63.257936826976,57.919895104751,72.889109362184,67.5489546385901,43.8425143069025,65.3920496512404,48.7318867830429,59.6919737552498,81.460722826414,67.6183509253905,58.7395282639275,67.439586850743,61.4032061891369,57.6806342285964,61.028717117802,51.5424026906541,91.5152404678361,49.3741728884525,53.7926007481456,56.5177670614126,57.0851517625867,70.2849576912437,67.9085572143818,58.4554903393921,68.8097337398935,76.3851949197633,67.0723032637505,46.3886313652787,54.5866680834528,67.3173612435439,63.3709273138872,55.4108775064926,59.0224756167321,60.0942152166715,79.7289667000139,56.9536064586924,74.2443491256692,34.1695870939024,54.473589697153,63.5696090321465,65.4462435840388,75.3198481621012,56.1883582564487,77.255803178638,63.6946975932898,71.1428137515099,38.076390611987,73.452672888536,66.9897176165688,65.4307853571032,70.2459480231682,76.3048042281301,56.7264241130382,56.0262910427216,55.4278067467537,75.6307601283961,53.2997491770918,38.9904873044736,62.9660139016052,59.4603808978561,61.9866227090173,59.5651356697447,47.9921942863438,50.4058906338242,77.5804292226899,68.2160157614369,67.0811973732896,68.9011917684143,72.540789915985,53.6932974527305,56.8362437120966,49.6242438767298,46.8799255804662,43.1492678720397,55.963293547657,51.5414748420669,68.919422359229,45.1709700094924,55.6081240705135,39.1681001754188,62.7055105626668,55.6202849056193,58.7393405364377,64.2935379604967,51.6668469078214,46.6130277465636,29.7121471431508,39.5570524521045,58.9744624149891,58.2352006202979,62.3495322595939,63.4467036963722,53.0114744688974,39.9458942224846,63.6658530117016,67.0441569484812,58.2152859198328,69.586070658116,50.9668106077002,51.538401594633,58.1066001543087,54.9837233790565,65.341370372928,44.376086118885,60.3151843931121,55.1741284058427,44.0347310463346,46.9364703894105,56.1878536451674,55.6891598570884,67.7507958385875,40.9745086257381,59.0307964055664,59.5324803238758,55.8656180770729,50.9521962955651,57.6348400630292,49.1150306491587,47.8069003785408,55.4924495527364,71.5573970052352,33.9480330283516,54.6763774358666,62.6209362142983,65.0504813148211,35.1781506173914,44.3188671123641,62.9212627309979,63.1094352742165,44.9987985041372,30.1088306486176,45.8564025583199,50.2021374464635,42.8417169467246,61.8108224659197,32.218759253883,51.8849923295904,51.3874265071936,58.2718102341536,51.3817376817096,38.1757035691141,52.3841163482646,39.5852054540764,51.6352044788782,43.2617797448674,49.8133177575138,56.6225084751001,39.1166641163893,41.1677778951863,49.988363668627,47.0619144669521,42.1953046257493,41.5036792855503,35.8283926800205,37.0472419618329,51.4438139003827,30.65716140117,41.4692150190519,43.3162209703337,38.8633625112376,20.8757992907288,35.851808450014,44.7661937689743,37.5119990775647,63.8940191144428,66.6309920429655,32.2190774626553,22.5558245193071,24.1643549482547,39.4432077700313,39.5888519135347,37.3296942648037,33.3018269904432,25.2304493661998,52.8203638824917,33.5383787451489,17.898265476534,22.5189673840383,18.9610589695461,20.2524346115877,21.3408856627711,24.5613578287009,25.1341867906281,33.5071650243887,31.8041917997429,17.2988375089913,18.0886910520367,11.9009035916629,19.3965466937303,35.2936903081543,28.7178302973753,14.9377489590521,26.7244798380164,18.5474178366499,20.8736312706845,10.2613510957753,15.420659974149,6.97806106567853,13.0053912175841,23.9768765838711,12.5999889894515,23.4561185145844,8.56613220151127,10.919100590664,13.3885894937776,7.32628425425328,11.4782201811463,NA,NA,NA,NA,NA,NA
6.41280215954501,7.9994248243391,8.16577959269745,6.19638502742427,6.84986064848171,4.2588732237565,13.2840678612302,9.30436631848334,6.70142545792526,15.7130527503314,13.7068906991698,18.9714197230255,24.8554248445849,18.5466431886008,14.2081689627225,16.0840575744555,10.1168765653089,24.9039282605556,29.717137320255,25.1205760627191,17.9359231224387,21.06237085974,14.69044844653,14.6205059801685,31.0764902302473,32.8436667458955,35.6240909600401,23.6167992046227,28.482820881155,25.7923506735776,35.3601943500479,35.70868853812,35.5662222842732,31.73632660141,30.2851963623779,30.4620257828165,42.3894772634491,21.0824652077182,38.921946840699,18.4530044231869,49.5334929319682,42.9558170598074,39.6846926033425,30.2884529160597,40.6896964420845,22.4756864839525,43.1114290774841,42.2667054837672,24.1162660641223,51.07342019071,44.6169597276937,53.2087800335179,47.0712245354888,44.6928622862029,42.708568310823,47.5128400707865,57.6395416743694,39.6242907756558,41.0398007773999,55.1500163236638,36.9657188585191,40.7487088967016,33.5491404173187,38.3479183850452,48.9204116865557,55.0618483519358,35.885753386473,41.6925215656419,41.5266147049712,42.4167545041197,25.5717323873903,61.6549382203558,51.8083021010102,27.7144550259697,28.5202034121036,41.2713371102768,42.2289758630261,60.842359182647,39.8620143642178,52.0757731623901,38.0361366053305,42.956150914629,36.5200606505609,44.0553797156656,45.1478702147212,64.7665962457329,51.0798644002351,27.1893630936132,62.4850942737622,23.9421198241212,33.4195133615729,51.1869185234002,29.5604886235935,23.1884489868582,34.8098889626232,45.267952322873,42.7167426142263,45.5068695494436,42.0047508196461,38.7680027229481,26.6656415651393,48.3955148448864,51.2652842736672,52.267723603224,42.8375840458085,64.8456474841658,58.616169238738,48.8752381052157,48.3380355409932,34.7676372954127,40.143419933988,54.9972763030748,41.7597791384399,25.6625337458567,28.731442835671,42.4403224793213,43.3559038374859,49.0293055554629,43.0122645474806,63.5737284909532,48.8124884055242,55.2254363440105,42.1684471173517,32.7679715717436,59.3286710099402,46.7487117680709,50.7004993646257,32.9956472887373,54.6840430191594,42.9406085088211,54.3412642740396,40.9769141462027,70.9375665799208,46.2320066339319,47.8918717712766,38.0008686385693,49.7469232020627,51.6543314744996,49.6053500024374,58.4666296768198,47.20529038534,49.800404100508,52.2661606729368,41.1526693005497,48.2264849868698,53.8220075553704,63.1183569314803,47.5523331857333,46.9259846055675,42.894786301961,34.7483906844707,33.2319537691516,40.5492431825574,66.2975568010431,65.0814748658421,47.8548580872825,43.1357291058253,52.6102083067766,48.9583065549424,54.3585240874432,57.1500486856234,56.2410487301059,58.823718808145,68.4389738954826,63.2025216588893,30.7104719741595,31.7301323963846,54.7544752406337,21.1573043349725,55.7435800763492,48.7826515591644,52.3120510298238,51.8812588767032,49.9329501825804,56.2326254036225,58.6409391348616,58.9196433253833,52.7008112611689,44.4237337104502,52.814491662344,46.0156258371155,43.6597428584846,55.4662395360804,50.5358950899206,46.1497594821892,39.9740719608711,51.2128273796299,69.6050150067609,45.8378964338103,65.2500417235183,74.6187460929768,33.8680206064109,56.4685546740277,39.7310002257506,67.0880745445946,36.0038163243682,46.04493748951,72.2978942588255,36.276743185112,54.5598032887187,50.7818872925566,79.5734853297348,50.6692051693778,44.569413735019,48.7201174438762,57.4598651241856,58.9632463853466,44.0539929025361,48.7539896990509,34.2981354837599,53.5217622364104,60.6683949041316,40.5309382237394,41.5683449174136,60.9178234412068,44.7350323644687,56.2536341608975,53.8990697088201,52.682614789983,54.3156927950608,64.3344791122208,64.7880011940975,70.0616504436058,57.1992327702871,60.7829324789943,45.5156261088384,43.504859899982,54.3393240348364,55.3587386425786,65.2348403672769,70.4029049855378,37.451346200679,39.6336173105478,48.2129547710086,43.1599675640322,50.0507623107141,49.7449826594703,51.7349815675174,75.3384657198427,55.4767663312165,52.0829102159426,54.4273220872739,67.5705665376522,67.1120107697885,69.8589281563438,70.6944726611286,64.0564327288973,48.2847390958878,79.9780953307784,61.4431634408642,48.9820254937309,51.8830404659357,43.401436371179,69.2010639811492,59.7222984577496,58.178573781422,62.3315372586585,59.0607436749261,60.8640879678516,57.6808039036257,62.3575594435409,59.010501488871,55.0632299020734,47.0271558631944,56.1691002885475,53.5648759470238,50.3185013973963,51.7469769997603,68.5807466581519,51.3594880693361,61.2039830097122,69.6260845037126,58.0140539344345,52.422138346367,56.0655439971999,52.0851996407466,58.3240396048066,55.530562981179,55.6886253109118,46.9228418327293,55.5168324690295,52.3384385143071,39.9283524092434,62.0269675275284,58.6683904659797,52.9037546886681,34.3680730421131,56.5059176419388,55.7273896745404,49.8389860170637,38.5485253550647,51.577936653378,44.9492857813256,50.8711913730276,53.7773880585764,64.3549991047446,46.2887410634274,54.4546516436084,58.5444118817729,57.9392793484589,60.9234702800428,59.1583724121651,48.2288439222893,50.2024746473091,48.4990096771965,59.740406202087,55.5323999146623,49.6611878340596,40.5745101286821,56.2666747447302,50.7685771347666,37.2987093772029,47.5570634418345,41.7325981431511,52.1871250681237,48.5060664161641,59.8086704231197,59.2309182919719,47.3045304028904,58.0383966336449,45.188541268866,51.7513403636882,41.4040300791212,64.4046547007099,43.2461084676826,41.0904081900209,40.8797201642063,50.2067473601632,41.4824187852282,32.2875611259912,39.0268185984895,28.0623789459809,34.4011431890619,52.6082400782619,47.5052809569326,34.4531469531844,46.8668757033597,38.4411651532504,25.6546277167072,39.6815038963983,42.9158446595712,24.7502829573124,48.7932900441098,33.3066651179807,36.9349247539995,52.5275341972614,37.5687405000607,33.4983008592954,38.7271378629869,20.7925095537314,23.7801758953994,31.6775711131423,41.9825975742372,35.1327198984659,34.4998816393858,47.9044377292883,35.2977844171147,24.8476013622702,30.197922383422,21.6018642969815,32.0767164778583,25.7509357306458,17.5170241463457,22.1306077786822,26.9282182741609,25.4983179420412,20.1608316575086,16.9540457279412,38.3333567555365,22.8894349333195,18.9012177820878,15.2681081407893,29.3797520689201,13.7331039803275,21.8361068163243,18.2951847131283,21.6911476351783,15.2932750908493,11.5317912879156,16.4588712904622,11.2477270464111,8.22940604467137,10.9386297063779,5.77299383795203,11.6598882857489,11.7529938074261,6.91317533978822,NA,NA,NA,NA,NA,NA
3.28623975026094,5.52803699966049,4.35588222203787,10.8277689303469,7.03452578749811,11.9510216929051,10.0867300726234,9.63093195749768,15.8158210426857,9.29762984923899,25.7384307019608,5.56712406077317,23.3744979480918,17.2082203539047,23.5967008478742,16.6713347976449,13.7196626228965,18.711121852657,30.8013080413123,23.2285724260122,25.4342041839427,22.5532443708385,25.8260634086911,32.7833108508186,34.2362056306846,38.9091933779765,30.5280775077718,25.6498297344992,34.6174452855276,22.6138243846419,23.2968457351275,23.8376360164985,34.9436117534303,38.7905433098453,33.7104994937687,24.3727996625331,17.8111825091182,25.6086702156338,30.5924135663319,28.3355311528165,31.7619587156739,47.0260157755251,34.2772248010674,32.6162612121712,25.285430128714,32.8338347471779,28.8051506768177,43.8282545091079,27.5978948167113,18.7422242301867,31.4356943540522,38.6166370703708,65.8258393973469,35.7880907331785,20.990863746608,45.4855691910287,42.1125072520441,63.5101360545553,46.7296405759476,26.0644316209725,36.659660306011,66.2955694558689,48.1446017402764,39.9418028263595,62.2179842325404,45.9138096807303,40.0808830324572,54.6087645814908,33.5693500724266,56.753895308747,53.7728260562379,47.2066228598076,45.5147579819792,38.5968188400921,43.5830524401323,44.1892435682858,54.0479691968085,38.6544329815606,49.4253849201558,26.5480594150325,43.7517078511193,44.0961893790838,58.9726766079332,39.844249374353,51.660647856362,50.3743685020479,44.7587390977046,62.7557120258778,42.5872929932177,62.4179828910065,19.2359331056626,38.5809095891988,31.3139822914566,34.4081633788624,50.7453105978934,58.16679847329,44.1398345714988,39.8098800779092,49.6313040173054,65.7089465129257,75.4314253157518,41.8703097764478,37.2692379211357,52.0229202057003,43.1548125756384,39.6378632333744,53.3832604070455,55.3719819621673,59.5857692341109,58.4700015449614,45.6749961732303,52.4934375227,44.5902727313357,27.3010611213533,62.8200628294526,31.9105397915268,50.4058885567734,64.7307825441734,61.7784788832629,74.6458153268069,58.8104784738961,67.7377736884544,47.6837595164265,73.7327581913586,51.4522331105405,53.064809336946,51.6527991130608,52.0402444897765,38.842406080359,49.2320863119633,53.8276380290335,42.0648773585531,40.876126742534,65.809871395996,30.9290598224271,25.7751057409128,45.8654404018345,53.6489261454742,47.2296943360871,66.4838469756741,49.5137059170187,59.4060434189,47.2388474067344,42.2237787062021,55.1970420969168,48.6103184988322,74.9107684901196,53.6749333508111,60.6209750639388,43.0665466054838,68.4969914160631,43.1395472890132,66.6371216923346,61.5964013476744,39.8773734662635,40.3282410515497,58.9975536624056,49.0487022006486,43.8491206552846,58.0064683040333,60.5815647767539,54.842911906453,41.2498532096557,44.8409261406183,54.2288177100791,51.7101280399702,53.8743885208382,61.99636096498,51.6604321722621,69.4168786384416,50.2863802500649,67.2417064584171,43.2858344864466,63.6524084165872,58.8528978216034,41.9010640278067,62.3243080476753,57.7606351187056,50.5586799441803,62.6461623045174,38.9999840523978,57.9368827974156,58.4766678225114,49.6990559266916,45.648794477281,63.952303111147,50.4980898138874,39.4169242902833,53.0170569443604,54.7855601797889,68.5603921054617,52.6803533132941,56.0335083689279,46.638376168127,53.5096785292081,61.6991159800715,46.0683867383269,35.9767011246118,59.8884192955648,70.8444653186681,47.8547346480075,43.3675117060961,49.6428620919824,64.4819116412686,64.4246821184365,52.4506699982416,60.7173417983284,30.6978377234886,45.9400453113442,39.45353605149,49.1624483913755,42.9601067067272,34.338728376315,53.0083812148864,51.9976473580515,59.9113866321388,31.018459130038,47.2020930176601,64.3382907190823,54.8846077656105,50.4679876694945,36.3359529016286,56.8594897621414,54.7796103093107,52.5369434313152,58.8904767040163,55.1242056465492,52.6646777484805,54.5031867264108,46.9431405688754,60.1288774969858,72.1120817706068,44.5278570174663,58.4636493862022,54.5401913123172,61.1875112902416,49.3815073962977,61.9345631257789,73.3417945171683,53.2892348368702,60.1203288143473,51.8386195089396,43.9906568931448,52.9861449227356,55.4070413119972,66.2260210933544,61.1567791965464,73.0547366846902,45.4425351508437,58.6243883318316,60.5031512522947,52.718330802106,58.952394346786,47.785896847586,51.1675046790787,62.8319426151328,61.8120403331492,63.9736459406703,50.5265875832831,68.2629841507608,36.2778666781962,50.3453142042383,55.246221348164,53.4224379185761,64.2808507258637,38.8534956125134,57.0884294097322,31.0138813544256,60.3970146670119,69.6123922304679,45.5642763782954,66.4542122610025,50.5895816789548,36.9909410534392,65.985231912449,55.4248299683619,47.7045232380258,65.1108740495325,41.7383463038092,52.3919962159512,54.9847940627178,48.8063350063647,49.2096975925142,41.3951485889342,50.4616489811389,56.4056806537665,58.3638379126817,57.4816395944698,52.379017243704,67.3326827039638,68.3188401731727,46.8261255597057,61.4924773969941,46.1110044674409,50.724173576483,66.4875231294282,45.2183627051691,51.3032410885237,54.7255397565542,40.2049466526573,54.4590022505942,49.0773360242961,39.1275290229135,50.2284380331709,53.2632051875669,55.2318698037833,66.3685069760903,63.5154526453994,63.714286886339,41.2660118026696,53.0199998058489,46.2107806292135,48.7962531004011,49.3970702793479,58.7933202264665,53.4762769374702,39.0111308311337,46.33023402943,40.1453721756571,35.104385663128,59.1399280418613,49.9010250365429,40.6649519819249,37.1326371656538,52.2840784187877,49.5769633089565,59.7668018416593,33.7406194322919,37.2315649633487,40.7025199966936,38.6170680667928,36.5401292662265,39.6129306973626,32.4619474016937,54.7509430958515,25.9179738583469,38.9106564256272,39.740921789563,53.1279288021263,39.8313020215235,37.3938849445547,48.0232975670569,38.3994884467822,32.1905509520268,45.0911817244117,42.1258116298692,48.6048604712371,31.0807063512197,33.0685848426028,47.3924452083334,34.5660146935904,25.8732813692822,27.8136726649459,24.8247036232501,39.8562528400296,40.7807376735837,26.4600333692195,26.5214899785616,16.9960203950821,14.5885639705923,27.2184092700712,33.3763863021096,19.0573868110915,21.8756862364051,29.5418990126284,27.1202413468017,28.7333147442313,25.9448441602414,17.273694719102,44.3486202844593,22.2237526531052,20.1001655733705,18.8586096648737,22.0800356761334,22.9855338452002,19.3892099894174,17.2846529847921,17.9110121156335,13.9422803472265,8.82698818599436,10.9650480311983,34.8967587391057,12.7937675020752,8.7138650022188,7.61558776793922,13.8414609410895,12.0023259803751,NA,NA,NA,NA,NA,NA
4.45264109596796,5.8621405691078,4.90577320611151,5.52774665875763,5.07554678078849,4.05934839376464,5.52506538035457,11.9267052608049,13.6388521990449,10.1186117754733,9.78319065988561,9.71100122343642,9.41802736445134,10.704535546753,14.5056768721264,15.5497497365148,13.8453298028419,10.4161283170167,17.6556479195249,12.5170175264102,18.7602643983358,11.0858018545774,12.7320054207704,13.2934094681769,16.9398953110814,9.15472860150667,15.0889854528128,10.8220767568475,35.0013035007781,16.1548434405636,28.7427328057609,20.500889266489,20.4540932676721,21.3363175067314,26.4656240544535,16.4093203160273,27.0518944213755,36.8916195694706,23.2848756917119,23.025637462753,38.9990534731869,25.8153411028033,25.7302738034799,28.6644317315723,29.8939728905612,24.0538568623383,27.3571010189374,24.5804819989842,36.7201893453912,31.3705093431885,15.8181223793508,37.7332863490245,63.1509539218368,32.4685994395007,50.1407832883166,21.4417430752438,40.548395195501,43.9778834577276,42.5537363687229,43.2501507284597,42.1456908071795,59.1872784339588,39.4334780238307,37.2199914352863,35.2129874888439,55.017958170894,29.4074361783303,31.5410858999109,26.6566021691915,30.6954122452239,32.0200551239214,37.7389953738885,41.7136502483942,25.5725088398676,34.9616834055447,50.9582998874877,41.9581928466178,36.7557058469604,47.678626856367,35.1449754420696,36.2055302318393,53.1605784935254,37.0666571811409,33.0830199344711,35.6314477573712,43.1411637620294,49.246727589722,26.9739020490356,54.3907530156169,36.0331457054538,50.7449026019169,33.4520550729253,58.90725798018,35.1452614875507,33.3624855074236,63.3395969344516,46.3392705751833,34.2267400821801,46.4355560543184,55.7031080163492,43.204595559053,26.8374935138342,48.5714886812673,49.4404385775603,29.5238644848732,46.5704586324546,47.0252279050314,50.4791946794695,40.2333624490484,44.0625701907404,25.7980099630069,59.3554497434236,42.7679419785653,55.8112878764543,48.4761191489002,44.8607242443768,44.0101660655277,69.4517963009254,59.8893341234954,31.0304104437286,30.033895037943,59.0399383881288,44.0004193423603,45.3750722019638,68.1118873499194,62.3483187340683,45.1143284133576,47.1730742021391,41.658266424089,54.9972280714586,49.2919267620622,36.4066041711553,34.4093951005731,58.5759803692695,35.9082739006019,37.3515319915869,39.3178842671199,56.4833002375267,54.0182765622463,60.7545643037455,48.6477559925573,45.1675252546442,29.9608317302047,55.5650134116833,55.4417223738946,31.616221639582,54.5720020863586,43.2303992187459,57.8653746672959,54.478995821798,51.055640211831,45.7209880072597,48.1442523480552,43.1226101900237,56.3234956609891,55.323228389687,61.9968314756769,52.5307813676012,42.1728064378982,34.6781369982549,44.3886413551644,54.0945935623374,33.1881526765505,52.4441302824485,58.0030522146688,35.9230600428395,56.8259993010184,53.5637340969818,43.8671589640285,56.2021259832264,43.2056143337276,45.8325472481539,37.2414774690597,34.8917326244415,33.5500222499508,44.6053644087086,42.7528992914146,50.1520102290659,53.6780198257956,58.7661702345358,23.8447287513681,56.6683790445275,16.7308826306297,48.3283283638098,48.7414381549555,33.7700231725438,45.917249113102,52.4116813367872,57.2458047368602,64.5342834856478,45.9617559159894,43.909621813767,48.7593434217639,42.4038151805118,65.8886769440156,35.5264667452964,62.6905394222362,43.8137126526813,43.5518813430825,67.7790289688942,56.5805005936636,44.5209797151246,64.4534910044722,64.5971076032799,63.9236547227278,61.8428972955915,45.1861635677752,66.8280260605211,52.8305591090056,67.6109480816153,67.0101891150115,56.6221620532784,33.6911919805928,69.9547382467934,45.2484421607354,65.7386211895605,36.6100965915961,55.5708915052041,37.5800446808991,30.5375555688099,41.2092013798269,69.9659981713057,47.0836022543815,61.9968904346947,44.623685375787,66.2152206306672,68.5404606206711,73.0148793091503,60.6179028724311,49.3293191984445,56.6650710563063,58.3168395568183,47.1910673064101,64.1982043650075,68.6437186986625,73.7261928860726,83.3031713642583,45.215183688385,47.6781782394377,43.7345584716965,61.1691875489328,80.0330174527021,36.0358402602865,41.1793762133916,58.1170897437289,61.8583652115688,46.162553771363,53.1824265504775,53.9439608210518,36.6364976152813,63.2339959682992,41.8030428880196,71.6516370934326,58.3597350160901,38.0406276343775,62.0227508033814,56.6973180228824,48.0195759228655,63.8843170107542,55.2070132595143,55.3598506839299,48.2087731533151,55.1103371516978,48.7896966187568,68.4622424594286,57.2385139476032,50.8060846707582,60.9363437199899,51.3669741148154,52.7844475468834,39.9629361322019,58.4069353058533,44.2684676530113,60.9154028278961,45.1470024684386,35.2071307003472,43.9302327848124,51.2681950174264,37.1291279234573,44.6761040853982,52.2239922456805,50.6410954786403,52.2733448967727,62.450393218058,68.6294539698261,51.1245882119513,61.683422577985,47.157626983713,62.7610116900158,42.8741431367106,45.5835661686649,58.5328979232025,53.0714910834822,53.1633487570131,55.9945158867492,57.5224609083965,43.3543761632626,63.6759267982186,53.3343465172245,65.8968304171704,50.5177978381361,42.9468802392812,43.7045665083481,44.7274640694307,60.2208674555709,51.7807372998584,44.1879692003118,42.6461844063965,39.8497275733607,46.0812393135899,40.2182242801805,65.924884323977,44.9586124094524,57.20268438018,44.0572951995884,56.0774266410315,60.3052173054121,51.2551017591814,46.9059366404786,46.0613446254839,57.0091398522632,34.212999891087,51.6447726654412,46.9695234343913,53.7406897683145,38.4487210523281,39.0935611747264,37.8056261892216,47.3465463485079,47.1038163019853,46.5263103088409,31.1389170620064,35.3313138787388,34.0429111277255,24.4502913981087,37.8094718673869,34.7786420413486,24.023337546241,33.8611106109771,28.3740512646607,36.8949094954759,35.6919036791865,15.702497702399,52.0372880989194,31.3245209941268,46.9653090821951,26.4704133147169,30.6697731749854,22.5323802190869,22.1226604628191,22.8838682694587,27.4887373500635,37.0295419788017,18.9371588866571,51.9177936067176,23.8612083441304,30.8534825688007,35.7439636609794,19.7987979710107,32.1367242537423,15.902224970214,21.6735794132685,25.0455477394482,14.9349036424929,19.6188483706007,20.113719421627,21.6117973916595,15.5709431463847,32.1342696194498,21.2096254497577,15.8923295326837,5.38186641634627,22.4663937079954,6.81639029570273,15.3668705197123,14.6418713201843,13.7867311266183,14.2530002995068,12.3022934226367,7.15390472627231,7.43822788183444,19.2701033628492,9.40078654825531,10.2702871202175,7.09891925447938,7.14188875685178,6.3756235422076,NA,NA,NA,NA,NA,NA
4.42450269947517,7.45655523710943,7.27162897094924,8.54588876170868,6.32577787738726,8.04339002799138,6.36849356744331,11.5950996898765,13.354624137443,13.5553762828245,24.647382325279,15.6355351487387,19.0082824071291,20.6452393755837,15.4950086085315,15.8636953186368,21.2461385665287,15.4309107336886,21.013187689688,12.6251415782941,9.29570747664299,21.662007042686,19.5074875022823,24.4478842345548,13.319924818303,27.6519112720426,25.9349587626797,4.89862034782931,31.5602354560507,20.6088298402892,31.3100291466955,26.5776477944053,24.6129580453472,22.659922642774,36.3608554916081,29.0119611656953,44.5358940383435,28.5122144768514,22.2035918965939,25.7580632596706,30.6491043544665,50.3120330148922,43.584578760706,32.4292868542806,27.5146270532999,30.1528706661687,35.8305801183546,59.3547522916717,28.6465256822347,34.8528862970228,23.2625312218079,57.279890493038,56.3688710110853,44.552826076793,32.7619541473272,32.2751722422581,45.2516211924188,57.3135911655934,39.4138149267951,51.0651982389583,45.15674193139,30.6588333884974,36.4707500286343,51.6722336438104,36.1441943040245,36.1304710475632,34.3311084769212,44.3065871471425,46.233831555533,39.8302208340414,36.4303577663709,28.7342293437397,38.2926212472177,26.8134448960472,40.8308979305685,40.1986849288728,31.2421419476821,38.7559457107381,37.2214372175683,47.3102341662711,46.4259343785942,41.7636647549273,47.0498880683078,33.7285363529002,37.3980751553133,44.2326342231776,45.6807479264742,39.6043275681764,39.0496322435712,52.750535136365,44.5253042702121,32.9126904921979,45.5802624633629,32.3108793667191,52.5904261826393,70.7589116907956,46.9678864902316,24.5515444036256,51.7045630595964,32.4249219077434,45.2334939268752,46.4775962171118,53.8100091825107,58.5765719609427,60.9684953604346,49.4452118267845,62.5089472708812,48.7045973503314,61.8717771332493,51.6754477724924,46.2723526792901,65.9682231674197,44.8290211877558,43.3705826387826,43.6105744903105,38.4606664093646,50.7199072209362,47.3137952222576,55.4910056485174,71.5871515843426,53.6996770514833,64.5241364385138,52.3238872303977,46.3194905065198,47.3609247897671,30.141548272237,61.0043668986887,54.8760683304054,52.3416224053323,36.8937487164737,49.3755241963323,83.7207674270644,48.2061963312262,66.4497363971305,46.0979508232964,44.8165534963979,59.9819402360326,47.4576848142766,51.4152733212011,61.5719668531886,47.0809124851045,39.0155230273116,51.129391452961,71.9159121522205,18.9313944390507,71.5339760626799,81.0192666535891,69.436787312902,74.6545562526396,53.7568099098412,54.1231278538503,55.6803272194798,64.6366854609442,65.6567204184651,68.3533516688631,38.8466037078226,64.32325968205,55.0082454860284,58.5913440875891,86.298742633315,53.3192894908991,32.6245778642756,60.5561479777101,55.6880512511307,77.1628923767753,19.8846863955802,65.3597376140733,36.9982667441942,34.7549852369605,76.5968334815845,53.3023671197007,75.6192470541302,57.9957605765627,49.3247859260689,51.3082463355226,64.7225267337031,59.2231009248541,43.1877576368107,58.7721135222171,51.7854849417707,47.1558598341257,50.0461173609697,65.3526574611461,41.7160767194244,48.3894277991505,59.8628681394884,67.1909464263363,57.338023056974,48.7440580579606,58.9795545089381,66.4474847311856,53.0651789910193,55.5902334351787,52.522951763638,62.0896260193175,64.2279722994518,69.8363794551754,46.4407726941065,61.8494439306612,69.8966195661719,51.7246693062853,45.676669974236,55.0010938257498,69.1992978934988,65.5147599557579,51.3832750402642,69.5783763619929,49.5193550941167,52.0894550812629,43.8075397187831,44.372736782466,45.2947372252512,63.5163165422092,69.7457648062992,61.9936972691283,39.838235733625,55.7562558907384,49.9132796740974,50.5556144874767,51.7352379414894,50.1791081741538,49.5055926497174,71.6994562867746,50.5362223554917,49.8565114281952,56.0461144157157,50.8124448336401,56.3825024612455,62.0383995538118,27.3858796159928,68.6145446459913,49.9646868981151,70.5601012237533,62.0658954385121,41.8176363317743,84.2548464375011,61.3464784864572,56.521595781004,62.8790950541142,64.7936081707675,67.2740013343517,62.5183224508233,51.8127971372916,58.4439264446147,59.8289994201076,70.1991121520057,54.8180238145973,42.5309779446606,63.3736043260712,60.0966656533422,56.4847401364643,38.9290283177058,45.1314298731174,48.1287523985121,67.2779605931373,45.8551435708621,38.8011258817437,54.3963954998813,49.8984283216378,61.0255220083822,50.2636619109176,65.3753800570557,55.0836799502082,46.178397810756,54.3902291671666,52.5950144844822,54.441271879117,45.7910902186191,64.8610546682323,34.6560856753235,39.0640077358009,46.9301402557553,41.83375628319,42.1984043818025,76.5354219370715,33.5421892280323,43.1542411301827,52.3236884939068,41.7646948019731,55.3834676112778,54.7021121488539,38.0599876971587,51.8312579450262,43.0682799365328,51.154208381766,43.666673712508,43.8185701948102,50.9616090262573,53.1901847302894,56.6596934546832,61.9857428723373,47.3931043148925,53.509860680682,49.7232734862208,56.056608751992,52.7402671024608,35.1096723707361,52.3166763564262,38.3219560692471,34.502082808532,52.7970992411408,42.0426587629147,56.5067557296076,53.0279885304278,60.732710842692,53.7140243282007,40.1068336255238,55.3490542837476,48.8676319819371,44.4118392413548,44.6042102834955,18.9243751371987,44.3265560575357,46.4536584199482,55.0059692549555,35.0995602113943,58.2549973837285,57.2668735229403,37.1947956846146,39.3547216813845,40.517189443164,44.0030388672351,39.3048269008808,54.0501616560138,16.8581761431977,62.2488918666937,47.0247994394902,31.4259993245276,51.4546352413891,35.7902418284999,38.3383203032662,40.5827879700856,33.0152385413552,33.2967580957301,46.9864010529596,36.2657993019512,31.1946171720366,45.3055901250233,33.6921232668964,20.4466145933195,22.4019850639674,41.7160799709814,52.806319844118,41.3529754856101,25.3393946803391,38.5237420011365,29.6718838543956,19.6675782835264,25.5461899493356,21.9142282345785,25.621863821835,29.633736377191,24.742404144109,19.3471770983713,25.688481078873,24.6462752541321,12.4514897584088,22.5143686684213,30.0501573008666,9.72262585832038,32.5608568554957,23.5345395822066,27.7344373661197,25.6644034445584,25.6384566677996,23.0228756097689,23.6385674019629,15.5784626500492,15.7298602513546,25.4737822544493,22.1410061730235,9.02970264842165,18.4894817743893,16.7864478658272,18.5861518489698,13.8967101387162,21.784765592131,9.21492536127604,12.0562528636579,11.627224679645,4.72467499463051,7.37708048260486,3.24692843618392,5.16717359974489,6.69988792107306,10.8018322624955,5.53687868084905,NA,NA,NA,NA,NA,NA
5.99303424416229,7.22770304165552,9.11911398521349,8.1709492856621,7.84119862782582,11.6228553610044,11.0498962295238,19.2337830904075,13.0026173584973,18.4938063089138,30.3771835944147,17.4747843612833,28.8092461391588,11.5629396799314,18.3612446381055,22.3015622010984,12.8842835501579,26.0481357912019,35.1693163999418,25.8835573727753,25.1225960887734,30.2079440946868,27.2374736083759,35.900458632897,24.2978503183509,27.4325149276866,21.7409367666773,20.5037602247215,29.7127067892798,25.118798144591,23.7880354509767,33.6670229796175,31.8621851648235,33.9528123334311,30.8068846669935,31.6763833797963,29.0298106672006,34.2325101325939,45.0712279708686,19.122673191415,37.1817088649703,53.6527643091696,39.2796226795334,33.8683033856324,47.2016002415492,42.5696931701745,49.0706808865595,48.949037354931,44.9928385595905,61.1617894038731,45.0237173028637,36.1389780306555,56.5718110634651,31.1984859220026,34.5839079738444,52.5615425221205,35.6164921140021,65.5656936333782,45.7555517459896,47.2714737186379,38.7151737412352,44.9145207982473,47.8138592260975,52.6671328915406,66.3979205229379,56.2998377725016,30.4197638648144,63.5476319251029,43.1326287650157,55.3037591334373,34.5846839582218,37.9749483849625,46.8399605675978,33.814367347575,50.8104664759183,69.0471467565114,52.6353142253398,63.7241259049529,58.7397176119506,70.0041015956995,38.1466594806674,48.5504459372604,61.2678456175249,59.2736445897986,62.7816511221394,59.8575828571439,64.2639324966808,59.1325596933556,49.3861551648134,17.7086079890276,33.3281995554986,64.234101741471,45.062417997198,47.0670164585134,48.0026108597895,56.1059966045471,40.811086108339,50.4463911832051,55.4921424483303,50.4799131560109,53.4692498714683,62.2798076681128,47.294434620169,61.2928943398249,58.2623361512963,48.4220009588275,42.296539829943,53.5127705508067,57.7506332082857,61.7922112047019,37.5868429802572,70.4761276107207,52.9422051557078,50.3690626084528,54.7882412164864,51.6252033557394,48.2231432808536,55.8634942484622,68.4110250601188,58.3017097626625,56.9859676487264,86.98395153857,63.3251785335764,61.7187360126997,58.4482515778651,41.3847011866863,89.3439620212327,66.3341256300646,37.2920299775701,62.8271069179485,42.635642226661,73.4142634966861,63.840880509433,60.7598293277852,60.390603902523,44.6400472912714,61.6170563235215,56.1809357058394,71.2904698110035,49.1890053967985,55.0089934420261,50.3342067273515,59.184638209482,51.9110201383669,60.7515463018041,68.3054752801419,57.60709785322,48.9222978480492,44.019087788798,53.5195488064939,42.5580616529732,57.5176919110548,53.2236152732316,49.1327187429656,69.685181128737,67.6778177638487,76.0872281306372,60.5131597544296,47.3599657203648,65.0795262800358,47.934746771228,66.456374559785,53.7341461575956,54.0797411725685,64.2939696394082,23.315178215068,49.6266486827253,69.823413912569,48.6268571707319,88.591240473262,56.8422954743557,63.1043814173925,65.2655096805722,56.3671323420238,50.1849497063568,59.2557113061696,62.7923461476456,64.464096386377,57.9825595067096,63.1229414631471,81.5732195485611,54.3811321577219,66.4114517530648,55.5981247349078,58.54810358631,72.8636535367582,72.3832314628973,54.5016927455672,47.7609194652958,71.9132212928353,49.5432749949521,67.1311086855902,46.9631612947694,54.7315671899426,48.72537205704,50.0236976793909,66.6603426156818,79.4607905395622,75.3336398957526,74.6305113828033,72.9078535367843,50.8338927654245,66.5899583282002,79.9750422467012,81.2503632029464,47.2138246855299,68.9534983198633,60.7637508370204,57.9537400012624,84.7858200774126,56.4196522249343,67.3633804637254,48.4474276996216,55.4863334899832,50.4985580426676,75.1594499841111,62.1541436398489,61.158050786163,53.8298101038341,58.9024374008213,80.5675641398657,74.1098781046378,70.4223021214209,62.636890144605,62.7932275711863,77.9430928728838,75.1448045702192,68.5003171931193,79.0521847170687,51.2174002110913,57.4136117482457,80.8914014052725,66.0065112744344,61.750102501088,87.4464655708391,52.0201730131778,52.402559924327,44.5876178981382,75.0418015992656,74.1548670647894,63.7703039783352,62.742676410772,67.3274859428649,59.2503035369794,50.7934688503109,68.4202077041798,37.6835400452858,52.7973132889536,40.7827128128364,61.147279877173,60.0632983634457,58.1346619395926,49.3728728262883,52.1225187261893,64.8785350575734,41.3485591862914,46.059445691329,55.7994773763827,55.9944017734598,61.0493609301194,51.6358011173338,86.1956003163771,69.8939470568859,42.6785234817349,66.4706023757975,73.3683700866506,52.3324059181223,72.2292915952023,70.3207895703739,62.3802667953182,63.5844613455151,51.8842070214755,40.6644407279829,54.4364670084814,78.5136611879398,54.9461791232665,59.4818088287677,52.4817924404233,56.045945682575,51.9234525002242,63.2155860602735,34.0736001702225,46.725544364744,64.2741253653854,58.5888932719463,59.9569868839645,48.1510461704253,48.6744414464661,45.6600583449636,71.3830161521051,68.3139692836873,47.0653893328262,34.2868100362272,37.1090875620856,54.7901573028769,68.0742143252167,37.0095764590192,43.5779398213783,64.6250663981927,55.060801260749,70.73328374925,55.1488462624372,48.8987618987612,45.5160661012434,56.9680434085258,59.5709967014257,54.6756174213168,52.9170969546901,61.4390305319257,51.6857318651999,58.1297152633621,47.6531211371698,48.6523601377309,50.1852323345445,29.9050052885265,41.7424320295053,41.6119759617805,43.551826282735,37.7583654025679,45.7870350048583,55.0917267369456,43.6578781396606,50.9482657412872,45.5168011144733,47.0842935482513,33.6859935411607,35.6987647915047,21.2517170779512,33.5376357248319,44.6685197034391,59.2080489051342,37.715956688521,33.7283221368989,35.035381546588,32.9394721077174,41.5626163238018,31.2770834821004,36.4547294680795,39.2933654918831,37.311508114646,47.2625854903224,45.8453829591091,25.2469954959558,41.3351587311495,36.4069523508293,33.996607566377,37.570347034281,37.8410892468382,26.4464285065086,26.0916299322548,28.9538150370123,28.4854795549176,33.3988793030712,26.0814363317747,41.9287367729756,21.8933862901146,33.0401170149031,28.1388408796062,17.9188020775993,21.3355093125572,22.6687171625028,24.0845206795369,19.8744903528907,28.965495148967,18.5956649654623,23.3083390984752,13.5026162310761,7.09942055144077,20.517313899255,17.2760592049201,25.5747672075358,6.20540652425584,25.5873492304721,13.8426898884245,10.1150580936156,17.3216764306466,16.0694233355648,14.2877903239145,11.3942338273405,11.9547317696954,15.0596981039096,5.19047983625384,8.9783194317323,7.41784538988473,17.1354924887387,10.3923446775675,7.27542594086787,NA,NA,NA,NA,NA,NA
5.08793057732793,15.2728761154623,17.5616280793479,10.1523144862479,5.55971909557962,15.5825918401263,7.53105428848014,12.5152475612017,16.2542184512243,17.002720153538,26.4540937172113,10.3621695467289,27.4341854145577,15.0290377930209,25.2275164386055,23.3933294263638,18.2870796496297,26.5410556007549,28.9372491729878,40.2303234611707,25.098943258186,26.2747374520607,25.3446476263952,23.0453673204812,20.844126235811,25.648450599758,22.0452579392681,40.6739649837113,34.9735504726156,27.5400874903048,42.4447735143568,35.6214396747771,39.6619400299955,43.1582748842756,34.0435113380318,38.6896519373656,62.7172505989476,48.9269427761658,37.3558365242971,43.7384221971924,32.5429187609948,28.5072179113651,37.7666890975127,30.4135297158009,41.4561326717306,52.6613794509512,56.6721513050048,28.8020019673737,46.7024019685297,67.3502531269431,46.7355243724335,38.0836697933037,65.0880898202321,35.3743113308291,54.3302973599563,49.6881749049079,72.2685379808858,80.1618065684181,63.1598461146389,77.0759212703494,49.4959342776034,56.5756977883964,26.419105403671,50.4153864888893,57.6656314134937,53.6201282401116,42.8784920824763,42.3930256741022,67.0954512441305,44.3442252340866,43.5604946567978,61.0319626470832,49.1968137104536,35.7252810996414,37.4975623550455,48.6253385158759,47.3119231872209,33.9497988043483,37.6389862610422,41.0082672969738,52.0473376497676,54.7094033282668,30.1550970752171,48.2761344529274,42.2071499573372,57.7106269494642,56.1998629966191,51.5518918716943,55.4068464600562,41.0767059102102,29.5747888834068,48.391588464477,38.6960153045676,41.7442199072687,50.4293786713555,70.3174478939784,27.3820396541797,54.4055323294897,71.7963155358089,48.0666188396479,47.4458394564308,45.1234161433588,61.400209655143,56.6241165068649,59.1354080767897,63.0962050482935,72.9312900081734,62.8633445559553,43.2950994251842,48.6994632295834,52.8143101379528,59.4117964031253,68.1063849841588,58.9919674536872,44.6697318529056,67.3294495019604,51.8562249717862,61.5325159037295,61.2406732152605,41.9416653525325,55.5234328032694,53.7418146510733,37.3939207215274,60.9142493716365,33.854802061226,41.609026577616,56.6093414472667,50.5188725786867,63.8157619479851,43.6099651754582,65.2364331198386,49.56645729937,48.2959376988839,72.28680566661,42.1777297661457,55.7099383254471,56.872619651576,62.7612950344388,51.2932279925695,83.0572705483178,75.5017079217489,63.7452291952282,54.7004017204734,63.507115627953,51.6566962974412,68.7619176762977,31.9114047866117,69.7474369891138,67.3918681085661,60.2067124581042,55.4131400002787,55.2174557917122,60.1980105526879,83.1278182106689,54.1718061021796,57.7680354423393,81.6237014554514,56.1190747701858,58.1721167577747,57.9868538811798,74.8313680978209,73.4115551513385,61.2178860519311,51.6923973436941,70.1508039621038,83.3979793088866,53.0692359167766,71.7327269170946,55.5740552634255,72.9794410660015,65.4936526876358,73.7395456911485,63.2909893353968,82.248956144218,83.2732886248198,64.1704215201531,35.8179549064904,52.4489739586025,58.7018125982381,62.1651343815228,66.1342259467053,86.9632869032637,56.301019961286,62.4515046690178,48.5756603183773,67.3335357184018,66.3809075030189,69.6126571301383,61.6546634413718,51.2235484320225,39.8855131146037,74.2042198030512,67.0448627774438,76.5542048655735,60.0660005698738,67.3286270523704,53.7251616081604,56.4910304580369,58.9919169307022,59.1284415869302,63.8107167627202,46.6035866506242,47.3303438500999,59.1930160549283,64.9103516036298,56.4715792051817,69.2241205308263,65.2637445795356,67.1799379669467,46.509487119476,64.010059785646,59.372037942422,74.9398368684765,54.6050827575917,58.8167823954553,81.5776790414241,75.2550887709752,60.0283263707423,53.9800854054077,46.8695044152256,48.4435998230268,59.8241832492746,91.6448784216762,58.7171849255545,51.5813932196478,61.0695135862736,70.1162565428843,61.7272393544347,69.9524364630245,66.647008415091,73.371528903041,62.8308669160178,73.0647121568896,68.0384346264106,43.5770741540728,86.7090048691752,67.648402281763,42.584014985011,44.820767673587,67.100914457254,68.5724896779371,62.8696614318669,38.1166444387695,40.0709131220888,50.5979488488603,47.9377367595101,56.9103737091367,56.6412428066214,61.1882566154643,37.8094688448395,56.8436671613519,51.4688003931746,61.9990276622161,55.6911859395705,41.4345309462997,59.3036563948915,54.2114861991689,57.3515808531075,58.5602278504993,62.9700079126017,61.5926488537468,52.9436516892019,58.3652578170774,46.1069892722504,41.9696909777889,51.7364231304917,64.0637477639323,54.6891770852453,50.1491492210086,47.3464766664953,73.0098830792261,75.1682655001908,50.6468959688097,37.3657797098421,49.9666594107053,54.3238488245845,65.8869344808956,52.4599748579999,69.9449654196561,59.6505025536779,70.4477891004313,42.1836300185139,59.1405199590675,48.6362364390391,49.9122214540551,53.0921938677828,84.3019471336127,43.8718947319091,60.4561202811857,64.6477099760405,62.4192441355154,36.1213626413659,55.9322255490668,68.365505454655,46.2608244959219,58.9635357694366,44.9091681692529,49.8539458942018,44.8727747470558,47.4808565159339,53.7303015445905,43.6832692028207,52.7132163970279,60.5362132768785,43.6390826343275,57.2673790781962,55.1076631789158,48.1225050803614,47.6735059438563,46.7479296083043,51.5963097295756,49.3183532256097,66.5998056039003,56.3169160913262,70.3407550466819,61.5686437111909,36.3504973952155,66.6284725002093,53.2352185975018,65.2369650524986,58.9577623063561,57.7805247949202,48.4385859942383,61.2726856587415,65.0802263716479,43.6378008321421,53.0553080271156,55.3375844305324,36.8119157572356,61.496501677189,42.9794098459913,47.5897275547326,36.5133833408524,41.638464672019,49.2637166125042,66.1088517291651,36.9332456254264,46.2236905628013,46.2805506820841,47.1393735568061,46.3646680146157,35.1939085349846,45.072331003916,45.4405651389959,44.4212702879297,38.2835431307265,34.0619629592918,31.5381735736752,39.8353485030185,36.1134369751373,38.5296897567422,26.6137747744939,33.9127026782657,20.6663243221583,44.4545763935703,32.5609394630777,23.6203989233883,30.9682212530741,30.3775119202725,15.1869846658545,19.6478874554359,25.7451199784891,35.0231064518161,20.6242093749991,20.9782254586624,24.075529667714,21.5449966360031,18.8419662391132,38.4349437325926,13.2699883580846,25.4866141172037,14.8828330531127,17.6389740475197,25.8317742164832,16.6182642568287,10.5947435438265,6.07204363761985,11.4352375595512,12.7572387708798,29.3520925184512,8.67056706173315,23.4148027239385,7.19090670292078,11.9490863138458,17.2505407957281,15.3471165395314,12.3204203277827,NA,NA,NA,NA,NA,NA
6.9192234408958,5.4318830529675,10.6014572648652,8.22513541423532,7.79812693994059,10.2067337682441,6.70679178916466,12.114379653512,20.5345317765852,12.1297139350624,21.2397029180727,10.1083032103624,13.4298553305085,19.2583156992264,25.0747181777035,21.7334325422229,13.6417966604211,23.5390312321684,15.344727616839,10.2110746088231,23.9931987108887,15.0814192965909,21.1190101076014,23.4840269778381,24.3740663328429,17.4843542367769,26.6519398552852,17.6618161229814,31.399814652035,21.1650984130553,24.0180659502042,26.9662001431625,42.9729768482784,24.2384234644042,43.8874748720254,32.1379779652388,38.3424923311905,33.6913789331803,34.3821758754974,41.0645916994135,39.5625507121055,34.8911650088873,44.8197727974239,59.2547380326044,39.7034208831013,46.4676423225388,40.2674412168536,41.599983310484,51.3679349629787,50.7780371490643,53.3585310618736,40.8849821458937,45.0065039057282,64.1840093937408,54.139277836742,64.6086662789919,53.9398303550877,47.9710166221721,31.0060010405466,46.2459313940839,59.501590451975,36.2733471650663,47.8558831278723,38.5548006368669,45.4672568053895,49.585473147226,47.2722278939512,40.8981189974208,59.7469568330608,47.9342124149938,53.6117229605313,26.5966220848571,42.7049054985277,39.2992320002285,51.6157474403346,44.9605111038481,49.2427574232435,56.8486139399549,47.6025630392768,41.3852818313204,68.8886179088585,48.128547735427,48.1415288459065,41.4363923802621,40.6676056741891,39.0833950075095,37.1409148932278,55.5899274619574,37.8120394967495,55.4709535504153,28.2423937689767,48.8806157874669,50.553251995357,42.3720097249563,57.4908725252157,49.9235153298029,42.3773105511411,35.4046308189495,51.9985209782852,46.4328418976025,59.418667341614,58.7521378601429,48.3400744541084,76.6479767687624,26.2131262570108,51.7683522272107,56.7988208811222,70.3405586643682,40.3928398424071,58.0775830075994,65.4203386494368,53.5823392600471,42.0181058744589,28.608103398005,51.2482021476596,51.0230667530415,62.2137970923243,58.3000525888397,64.2566291259201,55.0324895306652,41.2922357835704,57.9854162795256,59.7721353214408,59.3326170110366,62.5650583485233,34.0541103982791,56.0940668322994,64.5624455755219,48.1105331575033,55.0502389200057,53.4633884581009,58.9607520133043,66.5199731177886,47.7535610579192,55.8971445135331,73.5582136323437,54.7255035788156,61.1824243530145,67.5078209951992,64.6517977000055,35.7151246551165,70.7987459095936,62.438419658776,26.9634510293204,45.6715200940637,37.8182042729909,51.3300462946669,58.5124759067803,35.2688083349851,41.8252282965301,47.2323737285094,58.7074385517238,56.7521819958468,60.6488211175217,67.0994488090444,56.0201307147008,28.3975857978412,41.7768843356692,44.9499241911211,64.0592394514624,51.6805096758336,60.4011287722291,68.7074251585124,66.9991566795092,48.9334409139086,29.2735650428199,63.0051219370471,61.6567719426573,60.2995753620293,68.6996222882814,58.4865397600199,61.5892538026078,62.6058697100382,52.2249469442245,50.3786214641235,67.6566572777837,55.2494651080288,53.0424750263003,57.0138089105443,69.0637227576292,50.6106578069522,72.5334324138227,60.8597749502324,71.9025015005015,44.1827253974513,57.7482446881675,78.1791564075436,52.8829782565695,59.0988898036813,51.5921211231445,71.5610240479155,70.6422863395392,50.5114620987627,50.1154370683333,71.1543834194372,60.9394515910741,89.0273139936979,92.2297539778755,64.2389890185067,56.982161753892,54.3193336730578,84.8109293780543,54.1041854336293,63.1793920544123,51.3250313773387,49.5886452508058,71.2522643735593,47.6178137149483,57.0018063040858,50.5029764479674,42.904748914194,63.538519711357,75.4431052014446,60.6434142825537,48.89820588469,59.5697113729472,56.9388677343929,56.758016923898,63.7663453416188,62.5479367273197,56.0988782416817,56.420285865602,72.9678884357874,56.6218527214082,54.5377359908613,63.0430452107138,53.9845257971494,69.3582776069423,59.5986686610223,54.8904945374598,48.5113384857588,75.7208902508616,69.4062099962358,57.7797991636485,39.0751156263382,64.3582649353179,57.9079499963077,60.7516375564473,58.5672197173111,70.8435179888406,73.091035538738,43.2019850745442,59.7653117709562,58.3338706224049,74.4212826285733,77.2183638234264,65.1184001403646,60.8320191727916,59.8301546853205,72.5713216850172,54.6225245940385,64.3644217323864,68.703577052463,49.3037497464965,82.1210930366125,73.1972137929153,68.8706846839008,41.4023932891051,65.8049337925979,55.9993966879054,33.5306963049893,58.7116981129904,61.4775859481737,56.7480060760656,53.0219371685797,46.5456524931795,55.8123555378493,70.3006144317276,70.1558403497973,62.436153346457,35.9157229553959,44.2555027620775,53.8203320346019,58.1900084919416,58.9116140896228,58.4511674455888,50.4038818316122,54.6979455308331,78.3475697207241,56.7317241585035,56.3776946355295,54.6542987200373,56.4606090395222,55.5127184926738,61.040475570047,52.6124362109847,74.7638938440062,38.4817337352588,56.5968668056883,67.1356375579697,70.6476424453367,45.9371389558418,62.225628808045,60.0079046148344,76.2790344080489,59.8399894288294,50.071679796974,61.9294489489595,42.8714302801863,58.3059324886293,61.1948816289654,54.6056855733179,47.4510832658559,46.2076781830981,42.2759665603523,59.3794184386935,48.2747405721983,44.791314688251,43.6984893009883,58.0990579263583,52.8726864402567,54.8696744325658,62.5711678678141,54.7171672705964,50.592735424621,58.0986893890864,47.6957877315672,59.0644044117679,41.5756485046275,46.35828408812,55.0548281076809,51.7398611543887,54.2110783472079,34.2618591796625,46.4329836985484,48.5745222835033,41.4686138445383,39.0164884632872,50.0416734735582,45.2706362497166,55.037267558766,29.3647136619147,34.1958682487742,47.5811185697151,34.4834656334966,32.0361394993544,30.9693853834658,28.9354047531543,50.5111554262782,40.6456300769457,28.786549674746,32.4790260218575,40.6307036421378,40.6568354472496,31.619243644781,40.8402048063699,25.55131954603,39.6527414540192,31.3266583467608,42.6789568435186,33.9312402095982,36.5687822140392,24.9939250350116,37.4944658854278,31.7892415484406,43.7548684095771,30.3059055339156,40.3707289434428,28.4456320707366,14.5523407323778,35.7547070899631,25.1428070777408,29.7134295885201,17.2596261474053,20.6917078843658,40.2036746267402,21.034043142189,21.2380611705835,20.8569765464971,19.8732540815644,11.3516574993191,21.9753804617411,15.8312755366574,18.4883471599024,11.5889432653634,19.9853183799944,11.2845365999064,13.789442517995,13.3736540120131,10.5030220784715,8.09809032396753,12.7227225699426,10.1122044044354,11.364669531521,9.79642664747177,7.28538348676121,8.03398363334067,NA,NA,NA,NA,NA,NA
7.06846879103043,3.72958473520253,6.59025046368332,5.85432547022514,12.6279041809022,4.33814028395758,10.8391764333957,14.3892900243582,6.13280794532269,14.5161364509243,13.9010690931046,8.31957530390937,20.8388651384693,11.7027681516806,34.2969059422166,5.49371230409441,18.0771485229217,19.8024013064314,19.3133382227883,11.1840012956105,21.45742068995,28.1788623792906,21.9704925012744,35.1704959111315,24.084079147617,32.7975569425213,15.257100482866,15.1671174316615,40.6430142719073,31.0183555989856,20.7359228516317,24.7720749226167,27.0936693238903,40.248560504904,38.4242367148084,51.0071230996695,32.1636380836132,58.3152622037075,31.4580468721349,36.7778607904825,27.7622993672107,38.6433524989319,48.2750626802771,67.9103473910346,38.0709050851543,36.8771074968968,44.6743022186968,48.3389986571078,30.4081805991408,52.4525994057904,45.9761287954561,42.4296212250878,55.9951489914866,38.0719863321453,44.614430559126,47.4260317311005,63.2160398828501,67.3488424942538,49.0174798130359,56.0935626028805,30.920890151713,78.2190065668031,46.5896791627657,46.7157902390724,56.2566560023084,45.7855851102213,61.7463043118919,61.3981296697703,62.6177244060609,66.9978531941282,70.4835413941819,39.7415020741214,57.9403953873088,54.0648543160459,64.6991791002548,37.3421980459407,60.4149078649605,51.5690147304293,60.2928150834159,56.6539747019485,52.2284396567881,41.1414481550728,41.7257787288145,27.0360910856874,49.974964415108,43.5056156415143,43.6406080606387,47.8276013874311,63.1175857748338,52.3079106593582,50.5462401777223,61.6715070663064,63.6996466671511,64.8133220845272,58.5039868255341,25.017566500294,74.4123147596519,35.2940138835442,65.166564454191,67.2208384837249,81.924991951494,57.3425693664903,51.4938810819761,71.9229056349286,75.5878726896983,71.9495728527751,63.3714770564902,66.4782264521062,75.9970815390583,75.4123876316031,44.6305368003204,64.6941453391867,64.2531429993753,49.1856827138269,46.089372413311,47.1115036881246,63.961050640485,59.9238317093534,76.8701193480484,91.8528380248761,61.0708680297434,70.2627178264206,59.7381980348297,60.2084115155762,64.4814326388633,65.3225742907123,66.0139384767596,78.4777047827506,73.919434259243,80.9232809371843,63.6852531115004,72.6882833130088,64.1982062122687,79.3974649393539,67.5944657595389,73.8236606208258,62.8777415109089,71.9961362496084,63.0205242775011,62.8740798346682,61.1222087318606,72.1926725280337,55.211646889574,69.3867866998496,53.7608884114294,65.6512547275604,84.7669188421177,72.1831888347344,52.719380393006,63.9497104374823,49.0062556690444,70.1380920199809,73.2862636950831,77.3961579443115,59.0917193888636,66.7944413220198,64.8705633796494,59.7869758111733,52.2475696586811,76.5710461593657,42.1319417500984,64.360701366855,53.2416935765638,75.8398346151291,47.5079783312716,42.6667143079826,74.3585996080424,66.1164540669053,52.1689978636709,64.2025555732623,66.2535131210345,86.3422715511025,55.0383417956134,88.8289850079235,56.9017377166719,57.5981701825502,48.4351984311202,49.2580031436413,60.2516987747599,71.0159982758346,50.4092070277436,70.8216298745539,59.4433609183265,59.5307323030912,75.1419397371298,81.24747185305,74.4453342044502,54.2960914225709,71.3359258270344,55.4026908501433,64.0355490297863,67.57502603375,86.8021742295611,68.3929575269495,64.8216128724145,71.4855915965241,82.5612954152526,89.3265303944286,67.7973280232237,64.7876691543627,79.2206815653685,57.042030450025,51.8544202145569,44.8363418924984,48.6789370107078,55.1309899545858,50.7187740902052,60.9342931854907,55.3589465075005,74.6827397662563,55.5466650683211,55.9235694416981,76.8230617804644,60.9044559800012,73.9749899187368,53.8692805460972,45.8163392620386,63.8826460499472,71.3240174251663,66.3683705800156,74.6553925887893,77.1256602712358,47.2913034842688,57.0111851483417,31.5825688904432,73.3391027165028,55.2039533807447,69.594463416377,49.7145368612254,64.3941352139293,57.4900477883513,74.7392135316148,69.9615879263124,52.1353465908556,68.8022151567711,69.3239451629124,65.0789229852634,68.4881681237691,66.6047445885024,55.856905325579,70.6045999774059,57.2886028359171,56.0155883834025,25.208440256302,61.4669393345473,71.7800833977232,73.1241566828464,63.0866638035627,76.2990286410901,62.6510981046344,49.147988835504,59.7772103249903,71.1675862767804,37.5225780498022,73.5509437989617,52.1862603317244,45.8882196214217,82.1716449828543,68.2139660333499,60.9485919560812,42.7722276176886,60.5052332851436,69.0202864087492,67.5162490883687,65.7264722655196,68.9773335802524,49.3657143541308,60.9517293386602,39.9049842339114,52.9483072692663,41.9014816983776,69.8525316379302,49.9818853891337,59.8316178305058,65.2527545737652,48.2356086484551,70.4641688867437,59.3941210146288,46.0196677168237,58.1138988557865,60.2121604170123,54.8923018907603,66.4024148112123,81.5745432791695,44.5426632079393,46.6547583034649,51.8069531183668,39.505410792152,67.6049049898085,72.0245451159482,57.44474221765,68.8531690226011,37.5333260541411,69.9581975445514,63.8542203231317,36.5817556839133,53.1112134984371,61.1524222715719,51.9478965936567,51.6050655959066,54.5369495130472,43.3919304391775,42.8525989369592,30.0343375669655,57.8303970927225,50.6638777109474,48.6679221392384,49.0557926171056,44.2193846352991,38.2050183960541,60.9247407301112,53.8864479980793,45.7292841969062,64.2193411690043,61.7568912984948,60.7612582687471,56.0369051060644,73.3618927298988,52.6604070757351,58.2701512284705,36.3065032429713,40.2800515310742,60.7152962932183,48.5186780330514,47.2207089383342,74.1639854615495,45.9311863808628,55.0403110045251,54.961348296292,57.1176075898338,38.3000636268295,42.1292449638625,43.513409198548,31.0834298819336,54.3960967268226,51.988946763226,40.3655465307479,45.6498473063651,51.451891844791,47.7589790600826,42.7418361125525,36.5866891793374,49.4467959630763,41.1967987824975,39.1323869412976,46.9809535670317,26.4459041897818,31.590374411878,40.5561915154241,34.4520297440275,33.25404045104,36.2237476919049,32.8431328277544,27.1395419283022,27.7097438456678,46.102071552648,41.5304954232079,37.3140690108292,9.33004275998531,27.2235670876237,23.1328383250709,22.8879945633392,28.9463867645091,20.6431068419221,29.2586436988738,27.6084745166823,25.5753746596953,22.0984659921984,40.2980719908934,23.6871179009279,17.7497746731568,17.1002725906278,15.2967045281631,14.5912791246564,24.8356804304745,20.712504798329,15.1462211865745,16.8433954030103,11.1208976438791,12.0756218587115,16.2694943995924,17.8974902278405,9.80449213223724,5.50322750506929,7.8059061581352,13.5677952125779,11.1721964264602,NA,NA,NA,NA,NA,NA
3.03392974790624,4.32425727167774,7.57822071141364,3.154705401879,7.03418982506387,11.3799808501537,7.21487567280176,11.743686892702,8.85097494460239,16.1839929122879,18.279865615409,17.8638744205171,13.9638826711808,14.4752008475662,32.1659147402323,14.157189458716,10.977026925897,13.5907180893585,21.082157671442,15.1680180794468,12.6130568279391,21.1176771717969,15.4672769251967,18.7364345216454,15.1836961838124,25.6772742260067,28.0178495451252,17.182057453453,31.0878024651071,22.2181495001874,15.3031878706542,30.5386692944596,25.768821019569,28.4583053924784,18.4252723137033,31.0715866840802,26.792755619724,31.5611080520171,26.3095889024348,24.7756840523609,28.499343188383,32.356743526062,18.4684756008912,23.9239102463431,29.9726235694002,26.2521070786456,25.3837263793317,43.570628173773,41.6618833869359,26.4919408892352,22.5068413941628,32.5072367120684,44.491180432596,51.8545231185361,44.6173263675375,51.6381932876729,38.5215789288884,42.390134135994,42.5519625912374,52.9981573993554,49.2466643800064,39.0322980802423,37.9094672199586,49.8304722224055,44.2018184812167,62.907130821693,46.1786998607309,42.971872143586,48.2100137835035,38.1086105540725,43.9692904870414,51.4577396052282,53.2572272854866,34.3378471802734,44.724380577672,53.1178923186495,45.0317792288739,52.7984063394622,52.0517522825832,55.855032376397,46.3180269262787,43.3194413726082,56.7235177914986,38.5768696281495,53.7823240465015,67.3369759693637,47.3947817699891,30.5270881506647,39.2564373072845,57.7818113938797,53.9738134396879,35.9183719215787,54.8265910190284,40.2680043570933,58.5590233832992,36.9024901354258,37.1554164280785,37.7311731477272,42.0526931853169,47.5550876354118,38.5697900622313,52.9296883833776,61.7298885334927,43.7428207697108,39.3805600620556,43.6411291913722,53.7803931206115,41.8216983725904,46.8794568211964,46.5782283825468,33.7195780088422,58.1544558680178,40.0270034242235,58.1752108261658,34.5796622401738,59.0436027006011,47.044374957724,53.3044282790971,40.6539851199621,70.6352820010312,30.4061476025904,43.469417557826,39.5869080091382,55.5060492451772,58.410456987156,28.2141756511243,53.4783965486628,44.2353026211115,46.723970676947,47.4115930733962,62.3608339943295,50.5459854215541,47.4050953712409,40.3137085596288,61.5556245700969,59.4006536284764,43.4095370528113,53.8375449127903,53.0959356111653,46.8169352491615,36.6488236519037,34.5894209088237,56.467644766291,58.9387853529783,47.2672042260085,67.4423156467396,65.2442148653214,62.1900649325946,48.0623325509863,52.4705942350748,35.5169487330088,46.7071828782803,39.443778719176,60.3134718055354,44.4497181503609,43.9424189782944,61.1978137766098,57.2805345598112,28.6953234501054,53.5308565879921,43.7567400599806,32.9191670990731,41.377724143768,65.560980537579,46.20425804424,44.7385958446215,51.5830054082592,56.4323161713228,38.060698676988,56.9641030047623,37.7348437987955,55.4888465218723,50.3730127164455,71.9924717395356,37.2247390773701,49.5021881371072,66.0578114876767,56.6064981711447,68.6009689852993,71.2176005998441,49.9560477964411,65.5597831525182,58.9502088874223,43.1756253876591,72.6974954177996,54.9181649966024,57.3601768159192,52.4132010110507,42.9853462689802,59.3611137521837,47.7386466448864,56.1517619099009,67.3090954362953,67.9671831168724,62.0119015664111,50.9837768324992,76.7702161706143,30.0656404924682,50.0709575400887,64.5645814333835,51.1728882614274,58.2589401175283,55.5731193036609,57.6382461294744,65.3605663975278,51.0862427000942,52.5996684408693,42.7166311251261,51.8092382284284,44.1106617123025,62.344065039535,54.2732807500189,61.4828923020688,54.1862018000633,43.7202285060355,46.2488277020046,60.7309028511513,50.5467849782313,46.2386868314832,54.5553839495392,44.9758569391834,68.186320439839,74.1669895632533,42.5071355952775,57.1962608013896,66.888803666251,48.4115746531839,57.6159505346949,76.0756058575374,56.628245769277,80.2393672722381,69.2262122096309,63.4402159485891,70.3465534621695,51.8861912921121,53.2362022972338,48.7099291914575,54.9723570312389,54.8416419115102,42.6561123039771,47.6126153694419,51.514909475247,31.8219378110065,54.8021906173462,52.9010465177887,81.7153373810748,51.9349633324907,60.3154138999378,55.0279878028697,54.3921036075511,69.3762528100691,68.7454813402217,54.865529213426,52.7785058766539,77.5855770321713,65.0133584438867,63.4063975708591,65.6181984951387,64.2674187520265,44.8279307212999,51.366997380146,39.7256852075467,58.7487039736404,50.3464596390497,52.2140005484782,60.0872995757004,65.9351540906626,57.8453192436835,66.4912521041923,45.2209773852937,46.9349361357799,59.0225528025497,47.4364491545194,50.2813693284205,58.3069260868931,61.8493289844487,57.639711434735,57.1995902245762,40.1298987434366,58.9994684444158,56.5883053454439,48.8291362486629,65.1089565546212,55.1735404777332,69.972775096051,53.3752634291031,61.154364570266,55.3665201182943,48.6567827248785,43.8074949276489,51.6581014937208,53.5288930408792,57.2965466380222,74.3277698973551,65.5474526916964,52.7070157946682,39.5679536527592,59.8408074977537,40.9785578561723,50.7849885952527,48.062806917047,57.6755277854414,39.9452514988609,50.6230053555048,69.6367572057305,56.446902233701,57.129173543739,69.864930162864,67.6557004542985,53.2837215559553,41.1159433494841,49.0255786417731,51.8861701347888,44.39071351608,37.7911945439751,49.3292117080123,52.7228139636969,53.8858095626989,47.0570335248792,44.5502810675668,44.2137840321985,47.9854817206747,59.4633304319653,46.291948475446,61.1230421148447,40.5508924065821,33.0196577013113,41.7528538182575,40.7104205638948,36.8429931248176,45.8329038871245,32.10071095205,34.3977490311484,30.2039557546751,67.3200821284507,38.456805116874,41.1071447142518,37.3013911752728,38.9173213707537,41.4207309335781,27.5159715579467,43.8932992852579,46.8025657498831,33.5512018611057,41.8903366814457,37.7806394715428,38.5376163809844,34.7156795686137,42.3853580261057,44.1190355832937,37.4157835879791,25.5807768344263,25.9619823890188,18.9674712506628,41.3368062147533,24.7057221916785,15.1617050757123,15.791928235527,27.9664920792374,16.5586954504509,22.3922545731607,32.2494244276499,15.445141355525,20.6415964827994,19.6148592208886,22.2659375714801,24.280909405406,25.3228778997492,22.3048033563786,25.3529976171185,31.9305657274942,14.1046599359118,27.1765223800265,15.9597073146553,27.2431047797309,11.7171660519557,29.5765024458336,22.2213198115826,12.7544585694378,23.4902629387521,13.5109963039191,9.64958251733107,7.65684732456306,7.23839489312461,5.3094107644459,4.22223328611547,3.45360111834801,NA,NA,NA,NA,NA,NA
2.15449217900722,2.9450209669019,10.7929352391174,4.4642938868656,2.31991465327418,8.36247916415494,8.73889708141906,6.09233812297556,14.5258191223529,11.0070539608028,5.66034864151059,10.0487747057429,24.2589363557041,8.49609638055297,28.3552271111059,16.739657397625,13.9900630430742,14.3887470261804,23.8474089975661,11.2490947889398,16.5208898740208,25.0783441566258,28.2967033246106,22.1934303648426,16.0508742980246,18.2933008717695,34.0121867230362,29.0768990240713,37.9348606701195,16.6066806899684,22.8625218519651,43.0748422046475,17.7663548876268,47.8638562889913,44.9119445308448,34.8289833822135,54.8929920855762,54.587994939595,31.7990852458235,29.2655122808751,46.3858571990657,41.4737151904359,32.1705610493121,41.248286575373,40.584050938039,34.590501412679,49.2089053127504,42.2689343355083,42.5746609207116,41.4464441649953,45.5727707961613,34.3349788062369,27.948264639405,41.8409136884828,47.9408952542837,52.5938154254013,55.276156315486,40.7096736450537,51.5359452060198,56.0913023122208,47.030357940342,50.0367431524686,32.4341114168073,49.580883174685,51.4188848179161,51.4462137877604,42.1783112887391,53.5008320615706,40.7940105055604,65.7557105101431,49.4891116689249,46.3397754016412,41.4163113337815,46.0422715206749,50.7750987997899,53.899967364321,48.2943213587168,49.714938538687,39.3567538388357,35.4912182839816,44.563151427888,40.7260026205338,48.5253516419717,32.1243000228713,45.2431454912854,54.7828314275931,33.8086761821964,34.2264375485514,60.9804660762901,55.8979499958269,50.0131173646923,56.6410898023368,45.6894024135507,45.1684082889962,51.2327022684205,54.9455720112293,47.5027986620775,42.9092178597451,58.3544955237097,59.5874016033587,56.1048777828104,39.6706657819802,41.6071478093362,49.8882109351734,67.0120596779305,57.0318317445212,50.4725558561029,36.9152610606772,57.1396335496101,60.8421413194736,43.5568163155886,54.4439489917828,30.2870254094099,49.302221178048,58.9970494904677,58.9314388015508,47.9478653317181,66.7080288198639,57.8301657626887,53.1521073707186,54.2810795087144,45.4008015534859,42.6319503720745,37.3814235627973,65.5864184052076,45.2140054018136,77.415252035906,76.8264646558245,55.2151446030765,70.5638751840725,46.021437053072,82.5162852949831,42.15314061528,62.9364694063027,73.8511402546532,66.9111912347934,58.7650510794064,60.9137683946945,42.0640154297138,54.3050707455637,37.0744297256859,46.6954562802547,35.3619431735622,65.3401179568138,48.7695989330357,63.3298724759196,55.3256445111833,64.3746419152187,42.2004142496544,54.6634443466292,47.4732191927542,62.9550159488971,57.1144832636958,45.2034545303172,55.2497853865156,46.2793909709181,52.2620097268818,53.7600461307042,63.3225539744792,52.1477820154939,59.1815084863933,64.5582921988964,66.0890588793763,53.3962688128628,43.6335487173912,65.289992456657,62.6120230800492,51.7109765205403,42.5382146595161,56.8564531087919,51.5302271360277,80.314926373013,39.839945603452,64.2767548737744,49.2516138642829,40.8170448062213,58.5962425211438,42.7051023344634,68.1937831091888,62.0456236547275,24.7455174226739,65.9865497617193,54.2648413951148,65.5723099183337,54.6446794578415,58.3432065441782,86.2387680439181,46.425201004595,46.2666951875212,52.5797960990433,61.9129664620129,68.9752617352023,52.8203091238077,37.9277208967698,75.2466546985516,43.6144983219349,80.5086988708795,55.0216462657994,58.2306040617188,87.8949339124465,66.3342365271028,80.8620203600473,52.2856486932962,70.0904367130338,67.8388512693935,56.6334656204132,66.7623561890903,52.5159834585109,53.743733788992,77.6791803600366,53.808924407873,66.5925680202144,50.0533898724795,60.9562924554388,51.0152929950536,61.5728069453852,55.4056773872244,59.7238184727614,59.1673327169903,59.6658002874722,59.9032290154996,62.7247013383055,68.2878709268424,62.9394343200359,33.1862014409032,69.4056454377672,68.8443914495141,54.260146999904,51.2511262258317,53.7641793686996,82.160719758866,65.1913869005533,62.4340736846193,66.1531930537567,59.6604963754595,63.2819587548513,51.2320838746694,76.8418425351046,34.9722961826572,59.5663821975826,70.3686418580511,64.4958051759712,49.725173478672,59.4905876377107,59.2752260134581,79.2973746876357,34.5418370500863,56.9718901447943,77.2313065096811,52.4651136492374,56.482588746998,36.5006767983078,26.7798169688881,52.1946446425957,48.3166127848272,62.6733442065361,44.1515001427713,62.5092222052211,47.1810518610126,60.612985755077,39.7306276606012,39.515406506399,50.9115862816442,56.0861667826993,42.6980628307012,64.4417386970005,55.089302638243,49.0707491282617,49.7436471698619,58.565626159581,47.0661968216005,54.8170224309629,53.4212406189885,57.695689173312,47.1511388769162,57.6534706283436,69.4354501693909,44.2729372204777,53.0054527889221,38.918877213915,60.0602410361323,46.3521292909325,55.8255451213993,65.9422277908901,63.2618871436816,61.3855891789881,62.4605897935172,72.1049066058105,52.1229965255187,53.6781743495485,56.3775555443846,62.3174204120253,57.1351429720114,70.0294586698297,53.8894205839639,68.7398729135348,59.6242268284509,57.9365072438117,52.5748060123202,43.3507122540953,57.6940180119194,39.4327856178226,58.6653854051305,48.9108380302418,43.724559339121,39.8446578042169,55.818260058655,57.1407463076583,51.5383690737586,34.5151893901796,60.2285776680411,47.5606361092863,39.44470472944,64.8347437363858,47.112680128336,54.763093646432,51.4196652627838,57.4051281778677,33.2044980759118,39.9988314197164,53.9159476041293,47.7875835328388,45.6936011104146,30.4962937321219,54.3036873975257,41.5825322907538,39.1517004386288,38.4522830062491,36.70885025835,40.5686330001974,46.6727977685908,43.9456916128157,46.9934077904155,40.8078827554117,46.7321316469142,55.7015387804745,24.7760213978863,34.940014629093,58.1750567590067,27.1800811210175,29.0172188762633,41.3671889470428,49.6659348393995,35.810127948922,54.2621674663822,31.2418852697716,44.4857226831563,41.733374508714,50.9206391256943,30.9477242662365,31.4911600333552,41.3077236849432,36.1968024563122,28.1006308854427,37.5640684599824,33.3438456481107,28.1725077127353,32.0286734480098,16.827382793842,22.6223175547314,21.8562439174527,21.0487393937603,32.7670455125572,21.8535653543934,24.7533454643102,24.0618608623863,20.2699639442366,15.3180796974632,17.0600442378478,26.4214774870464,13.966969505284,15.2906756412354,25.9065849958638,16.2502244164749,20.6762385742602,16.2711001862692,16.8559975603509,23.5581359213852,15.5327438704598,10.7339475677723,12.624671298526,14.4162037653447,13.6063649845542,8.53376148278051,5.58212650930208,16.3782002507511,15.2938386861977,NA,NA,NA,NA,NA,NA
3.87810002970312,7.6688777620261,10.9159888432004,3.01902468967557,6.39159515975027,10.988846629004,6.89091533857428,7.01020587385338,10.3312718599627,6.33081806992127,18.9616078520838,15.3073857579535,27.0198303879378,13.1414159043466,17.7237957294734,10.7297717340498,12.6009795527395,22.9261512102813,32.2937154004639,11.5571034442322,17.4317493869085,18.703163356326,31.6799426831735,31.3016431303706,32.7311138437287,32.2931378361144,27.173454391306,26.0752975574704,24.065454187114,16.5114453244093,19.7537067263639,38.1337874050241,27.513108275488,43.8083172108251,22.4428427477069,34.578369779442,32.316786098702,24.2714057837394,23.2318169547973,21.3643360883574,27.743483775336,28.9783571284288,39.6187152539766,23.2411479382876,17.739433354006,23.2891327373917,27.6520858907738,20.7213323249028,45.3580564104672,50.1052713281733,31.6644942203186,50.9149344533584,33.8064126302542,35.3630076616974,49.8805195311532,32.1630036471215,44.073978642663,25.7285993440278,42.697594619086,34.8158022439498,52.2872758137679,53.5249657783037,35.2298616442921,54.5915726636732,54.6327942067745,50.6536959934215,38.1650527354078,50.3443290779282,57.3643934224732,44.3817495852028,53.5415221199658,39.9136102301239,55.3903652906022,38.8055079756209,38.1151447459397,71.3538266408548,37.7577892922198,55.0162753868431,43.0921899888425,53.8197446353861,54.3679057607559,47.9039729261535,43.5481255450337,46.2814301070823,38.040011685259,36.0386167256654,52.2095966780162,50.7624263079125,50.9575070210912,40.2364843678869,55.2375185731487,39.0764773886758,47.0483089585159,27.5094115230814,51.4896698651496,63.5426950047369,46.2210862430285,51.0197891831739,60.1370265433832,48.8340290841641,58.5073338298198,43.6201007007862,46.468187030825,60.5084376136076,65.0378674011407,60.4623669966373,57.7493833974026,42.7427234899575,49.6160890143923,62.5322006663533,52.3739146366669,73.8164916426022,60.0481437018257,62.3915514806669,54.2970816242267,41.9264688983632,53.3618502945206,48.3065605499116,65.0455005263306,57.7495443867959,54.8065924080213,68.4401021694168,68.886355007708,53.545293752988,33.9052407407745,63.60206357333,55.0554972954578,68.0679615430211,75.644410936865,87.9149880373792,70.2196037441802,71.88658729735,39.2657069235222,59.5660735390461,43.3168726514315,37.3373436137211,54.3304496512172,42.0878171343513,42.3223978425148,41.7844765070356,63.964356645532,57.6866733540983,65.1040696940655,36.5880447360321,60.702069382695,58.3314348715335,69.8669602557455,32.378135051813,37.7238205898461,55.9859124050904,52.6864408162654,51.8139034264179,66.1820705779206,34.1867869789399,49.4167593018702,58.9803718335668,53.3013487900531,68.2526667764186,47.7700991867616,89.6557981514721,76.416887008742,63.2329877988754,62.9589386474971,50.884454724404,67.8548799985384,49.2894646693624,36.1237099832176,41.6829691340739,39.4626625317009,53.4331553578939,37.275717312067,54.4808003328396,36.2699217540928,80.8795302347875,34.6416172334064,59.5680921045062,68.7911936646875,64.2849949874353,58.5653186735185,61.5062059231852,60.6671444026808,47.7556981453343,39.7968458184987,61.7836008873859,73.9522497190227,54.4152504949422,63.1396088048848,46.3394036076822,63.5949550608688,76.7876365191047,50.7922652654621,62.7895971845361,64.3873387433329,44.696586419309,58.5937811857419,51.9996751801718,64.1401722905894,57.9495454328645,40.1499233716698,49.3446515564541,50.6407982752061,66.3792067970904,40.2176140965615,40.3816567465819,43.5723320200189,65.9634928231746,54.6849624294982,39.9636734718017,51.1804921250805,65.8030389251166,37.7618509651669,62.9365706630645,73.8230641375822,63.338615678549,53.9000717185297,56.1563226134506,67.1802080591719,52.4305883917287,51.8283584195926,66.2935620867003,67.6595746727557,62.2673224973644,70.3318791132647,57.7496233166373,58.0667410574268,55.6182549201984,58.0297122013711,41.2963634988429,82.880902862318,38.5204299639758,60.9521869196238,69.6752800609441,57.570065947642,45.0814945305556,56.8016441316315,36.7417914726258,48.2572823447662,43.835520341971,52.0092385615366,63.1581860887995,59.0833136255536,75.1903360473408,53.1390593355686,65.5743024187393,72.5845505794153,58.656219240334,43.0329713733462,53.4830082963431,43.6929738913699,69.0665990745362,54.8567917933176,32.533016614165,40.0451335157298,68.3223630100331,53.2523550954804,53.746689324898,51.4400695529112,63.1376867389134,39.1135609960822,59.6773568924279,70.8768117868882,65.8788983022685,57.7677244692007,42.8460822645781,45.5878471088215,46.9218858059193,45.7123505808671,45.0430276030175,56.727774943182,52.007809472358,45.1591973490901,41.1676555400858,53.6446979985423,46.9313049487175,60.5624336174593,63.8190201318775,69.3094802709172,64.9607978977994,46.2069277958546,48.3934537160737,49.923030923543,50.6768965880243,38.5171844105344,63.4139482311907,52.3227326450149,51.8534383072937,59.7858830740848,58.1149599019932,38.0912673806715,50.1944619832109,51.2389709737918,42.2987928099,53.6224506130441,62.8364546182313,57.8401382598378,69.5423768591566,54.9861249456898,60.1953227859548,46.7507972804248,36.7036834309797,50.220792077598,58.0536985892154,48.2775252144588,59.9328357487327,41.5392999512083,59.9269319750498,44.5802836872376,43.3291601990112,55.3505895150025,53.2433425235899,42.320851683415,39.7545993490698,48.7567131225981,47.8070882251108,57.4813136389953,53.467908323974,48.66455335934,40.8316958711607,43.3985585069406,42.3443831480514,53.7578408191935,39.8391443874357,49.3448670976874,55.1811796111282,45.1834923547509,31.3607393052412,53.8888270013155,36.352129555569,53.402243599795,32.7415511908711,41.1853592731669,27.800549341181,38.3269121351847,29.4563394373025,38.3382168002779,42.7507121018661,30.5165530088657,40.3349010654542,35.4145422314768,41.286498757123,45.8752146421703,36.6990072809777,33.4407612926427,24.7293388997436,35.9528632770437,40.9890339801744,23.7943127858642,34.5219589616173,47.3753605776993,34.46504657134,36.1585428776083,29.3432020289263,32.0744665782495,27.5638156541786,32.3437250116003,38.7915013356661,31.6681229687431,27.1325517533393,25.9822884037813,27.8707273442314,19.2893866716072,13.834152074411,35.6110624852147,21.5517203707804,23.0244455015834,20.6845572487177,11.6738712716679,25.9727784569966,19.754783257858,30.9218226825519,11.2008618837409,21.4745769897493,24.0185702696173,14.91685258808,11.4429429020618,14.4003902579801,21.6783772969614,15.5259486299619,12.172447903682,15.8627691199691,13.9177776128635,21.7473569769042,5.20401187474066,7.71394053778779,10.2350327121311,17.915832027127,8.76591425956153,NA,NA,NA,NA,NA,NA
4.76937895852144,3.94012105616449,4.73041614529707,8.22348783528898,3.66034648092809,8.53856440595631,7.18614758180771,11.7895858688597,3.57272938667208,7.92994925896074,12.8409770520712,13.5030346102666,16.1195222748509,13.3770307135002,14.0634061658534,13.6329876064128,7.69431396808436,21.504496716864,11.497125761166,9.16892776587462,7.56294621663197,19.1066724718209,10.0029039714263,23.504160882441,27.8945721346747,16.5497022892187,13.8680259551104,11.718270671409,5.47035926929364,12.7197869295053,18.3132020439301,29.3767903440622,19.1920474589859,20.9459382759288,17.4776981170379,25.215395928313,30.4607208397095,23.330378500019,27.7815355614749,23.8885608616067,24.4102306069848,23.9515503541136,30.5026506556899,34.8068673651691,40.8931130839993,26.8043022666298,34.9028089710378,25.0053459615574,34.5032653429416,35.1172247042643,34.3077017285938,43.7987490383924,37.4733898894739,40.8569922235927,27.751193248029,31.2362186644146,39.0882222129867,32.4067814154168,33.3750551344065,38.6177712917183,32.5103882097711,47.3175236914681,45.199804560917,33.6681359118947,41.1205491253321,37.1988478839223,37.8505386518267,39.7471135896917,19.4027026561715,37.4623757707274,58.7002071175992,42.6989515930657,52.5492863214596,41.5088761206507,52.4150015098503,65.3049176850708,49.6873982957651,48.1354308016302,34.2149374715007,34.0764121255727,58.2752545837698,37.3766413958473,42.4368277218809,34.0297343972094,27.3483301424369,38.7299560632394,44.7393148560305,33.7706431223124,46.2235880935932,42.6244274471298,38.1263044523998,38.8334906968439,49.59295545733,54.0575740854018,45.7004847364177,41.5823750816999,35.2158457213332,57.6976616453497,41.2265004284892,36.7924261908569,59.0301129494867,50.3218202360545,37.1846531326712,57.6302046892957,57.831988580323,47.2449081229875,31.8020068808077,24.444240215553,66.1219679155166,62.6063156995621,34.6848185164828,47.1648781656981,58.53002065763,25.9563766230488,29.9741632902634,54.9986644193784,28.1249286452191,40.2278184493906,37.9135826515429,68.8871305727752,35.6783494542554,52.1626721805155,55.3303485536682,31.0532385549842,45.0843887820682,32.3244005184169,35.9461168595727,53.0343571057983,57.3467096644983,60.0167775572495,50.6635597459531,45.8990116619213,32.4400458992865,53.3946142105919,49.8569123802556,33.8885786813527,35.3421556368698,37.8921102992864,32.8914996695861,41.2324270790915,36.9997011432825,27.5844053250776,49.3607192346381,42.3443944178033,30.519559728912,60.7592060498418,45.0918976424644,33.628945692813,37.4943851039082,55.5924978456954,35.1466982072643,41.4801303438385,41.7610546796915,35.486271224948,49.7289364510472,52.7699343555176,44.2346356994578,46.0326542724078,36.5707616779236,61.2337342973752,60.3123298753512,73.9360030132575,50.1852309862121,71.1619623736726,39.9919405738575,26.1287316352432,40.3707156935856,61.7514635128586,24.2306939084617,54.0751762162887,58.2229775900112,54.4600796856024,58.4212984311742,47.0504349412741,35.3900629328789,49.8043151610259,36.7640366171294,53.1225744125449,54.1713432751063,47.5579136918757,34.4046457771498,45.9091495568463,50.915544204777,53.4945689799913,51.822908783885,38.5099403138046,33.6160962076502,45.4254768404588,51.0220368630499,62.0366818269857,55.5899835177676,66.0833413785402,47.9531536321202,30.1561262278373,70.2957239279323,62.6251381471845,81.8177760718592,47.5308402049943,63.9768569658861,69.0829076900267,66.2816978024991,68.30371197152,54.3102398582773,47.8872084063241,48.8430143050303,70.2217209543893,59.8635263787392,49.7919171141,54.2137845744395,47.2498420652035,69.0536086388629,50.2888170145362,50.9046164062213,64.1203162883336,45.6007391584223,49.2779198449988,50.4460783496438,45.8700098303346,48.611012289025,68.4457977417142,44.9418995541591,60.6775497820442,48.5599797126009,42.2051762134393,57.9158735590896,45.4136746312216,45.3887243047527,62.0815023593698,54.8816762888062,56.5194411544369,46.9645186408354,81.7805800731639,59.881997886423,45.3475025889116,43.4029986313284,53.0240808663587,52.4476006894856,72.0264964485927,73.1102763185493,50.3613546048123,64.2161938661771,46.0299519067345,55.738661593966,43.9958100261596,43.6614243866518,58.3143989536342,43.0276557603976,70.3994366678614,60.8443100059095,76.5285048222945,65.0785446233396,34.5183013025793,45.686310997124,52.7521224105482,48.5200104430102,80.5389977480361,59.0996548159375,45.3041538975908,55.3567369139928,45.141939862899,62.6561018480515,52.9176396959097,55.791837802188,53.6501618709395,60.6141886593415,64.5127724129046,46.8939537661113,45.4944794390164,48.9723967228288,51.9682018384647,51.0859304349426,56.6843656324411,58.1479547001734,51.6690871679666,44.1497078416,59.6284199742708,54.9612765101452,61.4236597570192,50.7307062798392,59.4056804954001,50.1889672516997,42.9213803307612,47.2339964448618,43.3121055621679,60.777152937884,63.7229321497849,54.3750183560204,49.1258383658852,48.4874987329454,51.4810107254445,51.1129408972057,42.4637488245688,48.894296154984,56.514488474425,38.1859004019277,66.1191923927262,43.9783849100321,53.9931840514529,67.9248082462298,55.6641132304691,47.6501497754711,50.625681270008,41.1325899841129,48.6810256081926,56.4373778894634,49.8095931031584,49.6499569944206,57.9552071754962,47.863533212629,48.8891839386965,52.4519422030668,30.9821867630899,48.3295949090522,40.6123353137845,39.560636380975,57.8644245796856,38.2210996059587,47.323401905429,41.7055977375839,39.8992549514197,47.1292297502537,31.6162023763053,63.2624319190929,56.4072374460012,30.05875464596,46.4623148205103,50.9340958627527,41.4362818093104,52.4558182173617,42.2875256765893,43.3474566533738,31.1981565483087,38.3806152001122,48.2414974565038,49.8984023153887,48.917473688076,39.285563534495,45.3292058391973,43.9982785824674,43.5887372224175,28.794059759107,38.9193015786773,48.1712954442556,35.5319276772634,52.9104328895126,45.6046624832557,43.4369745964538,29.8589603536514,18.7518938273634,37.7592579815126,32.5902991000252,24.1202448794113,26.5412174518906,27.8173247284931,32.7009204710027,41.0137362517662,27.9119978581246,25.5485982631834,24.6934832634688,23.3157674383661,25.8351142231478,17.0597720237889,42.0405702532067,28.3604787611403,12.0361373219041,23.4434567476049,26.06508606136,21.3108752615392,28.8116911970442,9.73131114265069,20.2363920303231,11.4660617281688,15.7505001097271,22.7249461890228,21.7047217563643,16.7011051017834,19.8260548657376,9.95716777777795,15.8431714516016,11.9544716508537,13.5651842366836,14.07463757451,10.5777057898056,16.334249246963,3.84458140037451,8.15730379911695,7.06248368795003,NA,NA,NA,NA,NA,NA
4.04444690950512,10.3250402039982,5.87047338483522,7.42992125753773,4.97944683395793,11.6159756813607,13.7875588866353,13.1350927059197,7.33592051352944,9.71776149307075,20.836969655151,7.25014643105771,26.3108767099616,5.57797293235934,7.49334712860781,15.273379974635,19.6374334319001,26.0403418761126,23.4706980450695,18.2688361200199,19.3124361740195,22.8667000359213,27.7150356372773,8.26445639852897,21.9806094873106,37.9523995460454,20.4643436113549,24.0256520292742,32.9434799967586,39.9028848021253,13.9561894544717,33.7841137669663,35.1047707127288,20.3853142158917,37.1091510637029,23.734434700761,34.0085538534575,28.172402876782,39.8418354749694,31.0323454303073,44.5853943391111,35.2290155309238,34.5351842996583,21.4999204712499,30.3624300117796,32.8655931929877,36.5216566973044,12.2880561651297,41.1347022495708,31.2709717408971,26.4246727778856,29.8302698292409,43.663130558247,21.593284403949,40.1644857638852,30.3613091712754,36.6209171574484,40.0229210489637,34.8589439939563,32.1190982693402,35.5888700725089,49.8712064990809,37.4673488620725,42.4082235375952,53.6577345605689,52.1717490463582,47.2109626819171,46.9261413365798,51.6606523111705,45.086581493645,53.2186768898565,24.9356089942976,40.4893199605929,41.9406911762878,57.3441708928433,62.4411703560962,50.3401714702012,51.3335266817191,48.3614950086462,49.0175301392001,57.4690501970854,46.8693723700757,56.8990044955348,31.5950582616869,40.8353031066199,53.4087989466182,25.1571666439021,62.5324773474528,48.2518881436897,36.8930909034738,40.1515041315568,51.7728724038033,47.27015644629,43.6607525403658,45.9610305155021,59.3859135150968,42.845207485726,37.4295898427697,59.4456760671328,62.361200121668,54.3667142427363,69.3632076716788,23.998350152193,38.091557114445,51.8291415395897,63.6265609502834,67.4122369870061,59.9482644807219,52.2863728459487,46.3613480637924,45.266999419994,60.5792537366693,65.2692270459902,43.5078775055824,33.1652601796567,50.028657862111,54.5942573639119,56.0249373669605,54.4796502547789,77.1053533366766,40.065503129388,47.2656311934603,46.328490467269,61.387117514656,38.3824436446339,73.2086273423439,48.0915728717358,67.4867730677354,63.4803213924859,62.5812939014194,57.4843275332136,70.1957483968869,59.4357515604778,55.283327355017,55.3426586163024,45.80167310371,49.6133327967785,55.8780543210091,54.040132746912,43.2046205289634,57.1223996299062,45.9376351584354,58.0611067966589,26.1885753085729,64.3103151173657,45.0972448282321,66.7972002600261,37.4444781570095,60.1158479172116,49.5744793665842,44.8765524609367,55.3741634999165,54.2428078662464,52.1113367583236,70.468536026264,37.6446110455351,61.1612342342538,58.4166259945911,41.6102086725935,59.9913584570495,41.294425781438,61.8037791402655,60.7605223209369,64.0098086994091,54.2605304029841,31.0899515845691,51.7915172655309,57.5265136528479,37.8773350654483,65.8544533682632,55.168293721616,56.3151776116407,54.5109998973118,38.0491444998397,46.178028078393,62.4247627666662,49.4604822951819,62.2096188510484,73.0610913047976,63.0098082424037,42.5890885712193,69.6858400097206,30.4400656211712,67.9169574523888,51.9210167557856,43.7576716526333,53.2847152095357,47.4442441399054,44.3544115053327,60.3748121319538,42.9052514594057,44.0852830924496,52.150278180952,47.3816781586476,75.0898665573616,78.1085555317616,80.5077601689909,84.498233359119,67.4316702427913,62.2296046601224,65.2122239399685,71.879016088394,45.3003184963182,62.6743466430942,59.3372024346792,62.6505134012027,56.5853426005314,66.0104872729279,63.4426663553198,62.8180451613767,65.5358435333886,77.7127210812322,65.041776525983,54.1764281382001,65.8248053284411,66.108782331128,54.0386528355561,53.2894012347184,56.5168263660208,67.0301255223915,68.7570123140545,75.9875041248022,61.5398212141202,61.0291030103961,53.3778876395622,36.052773520366,55.929482232651,39.9885731170799,56.4918964231611,60.8944249233513,74.7819047338494,50.6295307180484,61.9348734610747,66.3204787995045,86.472889750919,50.1198986110453,48.7899383726129,58.6922962799456,75.7891327217899,69.1323325722778,63.837677808619,69.9653409260596,40.4277575247844,68.608334344855,59.7053864325624,68.0084130652887,43.2641502125978,73.0323671234401,62.6170636263712,65.9715473776624,54.8143379017339,54.611114322897,58.2425576730714,64.5305004254188,43.3410212740942,78.5879991421189,59.4415339764435,70.9085099847754,53.9168075345206,63.6932436864628,71.9136991291316,50.9953789604342,60.4179747202558,56.3899365787185,53.8717633634561,71.8676351408411,78.7799831165193,67.7488380548013,70.8054134066638,47.8614733869501,51.8594406246757,61.4914723724277,43.2341851974502,49.3182097135627,57.1540761059719,65.4966613568854,70.9038236931011,57.6246338976018,44.3176516496839,46.4542323210076,52.7964843989945,57.15483830176,41.2557820776051,62.1705139992724,54.7491093619669,70.3589196637904,41.982468078576,53.2388015928666,56.2557301614716,64.9265167094389,57.3057262397424,53.5215732735057,43.7152236984663,57.3946491881295,55.3448146917564,63.5437842155218,63.0392756354433,62.3869479745114,35.8159318792638,55.5008418404802,39.9684235605061,43.8940460771941,52.6450708212563,41.2082422926563,37.8057562793362,41.2798498395191,33.0570174399641,49.8964658406894,65.2383981439895,50.4550115678062,44.0609782416207,58.4511602802815,40.390109046886,38.1217356039145,50.4755932360292,54.9950531554114,44.0511778722358,43.8673449558193,33.5920765335079,40.4858467855168,48.449996302453,35.9858206566755,40.8378282029278,38.5223679273158,30.1192752424344,41.9042096789679,33.6343625489677,55.0019373891996,41.3729304954306,44.3453193109126,44.3470293363702,32.9393682061807,40.9346733247814,40.6221581817554,50.7692232145189,39.1055487106388,46.9517362016654,45.1673378316587,51.3195715005754,29.7605044869038,38.890523075923,31.8170146615734,53.0427577167743,32.8946333671674,36.7333921521768,38.9641165281479,45.1870984766424,48.7722820101295,41.1298439881845,31.7339876775932,33.9954003764322,43.6718844326746,32.7408014439386,27.745810064703,40.4207218785876,29.8386975756983,33.2339639102835,24.5487689095002,17.7750748368841,24.5822957710322,22.7877125722804,33.5302772187128,20.662074270601,19.8155106298494,27.9155231269043,20.1357603191325,23.3794417250997,14.2102580708653,18.3139285428284,22.6017335333227,20.3884531759625,21.8961663989702,18.2141571411179,14.9562364489998,24.0206634251374,15.0398637226467,10.3397692626682,13.1020634510934,6.76750452455717,6.32060030035142,12.906933656571,15.4065020914105,14.3052316994087,4.06412273273069,19.8110423196265,23.5179036311987,12.7958760190003,NA,NA,NA,NA,NA,NA
13.2885170885713,3.29605209345647,8.05864762614464,3.82398913213826,10.8151694220761,4.31405208240128,12.1141885475613,6.66961201405704,9.64567111337353,12.459951591643,14.78337719312,8.80801918844043,17.0505752705415,20.9407274164283,18.4472405706647,15.6879236480897,28.8564273464366,23.0113706290223,19.8120274710414,19.601795358713,18.652957057918,21.0279893419235,28.7038626839824,26.1840278172738,23.2439062530587,30.3613791430473,36.8179432440133,18.7855564433646,41.0956803711952,30.7651102808897,25.4067008043367,30.0778758158281,18.6931346346471,29.5820826104286,50.7862866359369,30.3456841337666,37.3780727403755,40.5887117371895,40.6616505819768,25.5258160275984,41.6495297236257,45.2128520537198,31.9624696762839,23.3607237121847,36.0811932170455,47.712000798028,49.1354233572057,43.4816374094433,47.362335778947,61.052027098982,41.9070550481801,54.1619317106701,32.2770140053719,37.6696470736553,31.0403310265201,68.5322633082821,40.8493121203754,42.3155224605485,56.7495744248436,25.3130465587159,42.1569074305049,43.1890531147892,34.1484704708895,44.3361103435365,44.6526695871557,52.0801143464201,49.432242355583,31.9102219048328,48.6493485642041,52.3844416112509,31.6390674318952,43.6228726861935,45.8543010414835,49.0671477758623,39.3095547999863,39.8902711626288,37.6205233409511,43.385401189219,38.2828748811082,36.9471286048651,43.3801902618813,35.7429159016412,51.6755774400771,35.6541634837888,34.6976738626171,36.6744265987461,51.1815606453362,55.3547477029908,51.476171770713,55.6478996009609,49.2890243512521,46.7090768189904,57.0289409169241,34.6612094524198,51.7048873625985,55.7175353892848,41.777998178287,29.6706164469872,58.4888625014151,61.0215151823237,53.3620350325181,34.2900907531293,49.3122211795995,52.4034439905931,43.9054119428523,33.9173256002714,44.1029671793965,56.0839232052304,52.5645545461229,42.7259934936393,44.9055496848886,58.4305489406049,44.0871452023286,57.3812987986491,51.7270733253827,53.1919470606502,46.2797811719249,48.0347194300227,47.4316118747416,36.8978880646999,61.4537168247295,45.3426172206103,58.3758196801766,59.9022804996755,62.5807623510069,52.9509417397294,47.3849865124503,53.3353584097379,67.0204828765243,40.1743416129598,55.8709946073716,52.1125547402408,54.8877170233126,40.8561961788674,43.0595974031762,44.9145888102399,59.6458671958584,67.1130829838208,50.0570325067216,51.382602759499,65.6047864204581,50.085797626688,65.7099043881854,66.0607171015226,49.2933080251589,67.8523704282515,51.8739275172819,74.7607959852531,73.750584437574,55.2867753882574,62.7420952228092,56.1423210917754,53.3106248471913,74.3702222089372,64.5229578931924,50.167632863364,51.7006425561441,66.9241371382956,58.7875924120021,67.0155247263734,65.5205867024941,70.755518193295,46.7669013110681,63.0249717607051,55.5886958744819,76.378174729941,55.1844624984069,47.5144359538403,32.2332554526933,78.2301816036717,61.5064345736888,61.2501404750652,77.3309456013028,66.0669996492073,70.7224947650104,63.9360568020371,87.889932142357,64.5880303036007,71.1582185623847,53.7270036183764,49.5316747987866,63.7266008762963,62.3670425321641,61.3146664757497,75.5921863570502,59.667937406842,53.2114886092321,42.0236823419137,53.6180410812314,53.8460080939398,33.3154251772555,71.150141175542,80.3913705041353,69.4631874147602,45.182817348683,57.3966781654756,51.4250917181659,50.1143518363869,50.859363330173,62.9992268359321,61.5213292368189,61.7092287295497,66.2098205520894,48.1076907586198,57.3572913534002,50.422830540831,69.3708337948408,55.3952117384695,74.4540663212473,71.9336249312094,64.7925388106526,56.5799515801699,63.3581769657534,64.9343921663862,46.7238164319627,70.7572695331834,55.8281961109736,53.5551412491453,82.0034022635232,65.498034279251,40.4345101845262,74.5181861399528,71.8774131066225,59.279334627934,47.5099242372657,72.8902678631724,38.8574961300922,63.7754148095474,60.9333364125968,56.0618839327262,68.4432528547763,71.8942875516904,36.258878723291,50.3155591343402,45.9969807217694,56.8062638393133,48.6504678636217,66.7308234415186,56.8992289496227,58.6149115952548,62.7717346789868,54.0221230915758,55.2343265068564,52.5899593057401,53.5908082540245,63.3493948857513,29.9199427047796,60.9811071704483,35.1697336034128,39.9695870833098,44.9307040168742,50.1331944833691,53.1254762074922,60.9938212332316,54.0103131027857,50.0305907485516,59.4658111715131,49.1114997023396,67.6646868840165,50.8795835273342,46.8775700486626,53.2674284013097,59.6145667013066,40.549819115081,62.3772002669526,64.189777003504,46.8988936341015,57.5512762007664,48.8883027393302,37.0533252794922,45.7193075123675,58.8894841743804,44.9643339806997,50.5383724213555,61.65733756506,42.9305092267102,62.9917860554454,58.1215040904024,71.8313297244139,53.4389985083084,63.9290342378548,45.9035924833355,42.289981533593,47.0515068228025,55.3472773917004,46.6140302491545,66.2614481189623,51.6651993985027,61.1912526726377,62.9726099531208,65.8353230219846,47.8472014822267,44.2686381860116,52.8194638692084,39.0361150654858,36.6557859653125,63.3150830692747,51.1039401704842,66.4772509671931,47.2023403552688,59.9597896741601,54.3798897592656,32.8288571737095,41.516072024301,53.444363751126,34.7576165405764,44.7716984879763,48.0634094750253,30.4238810981877,57.7364242368329,52.6969299141246,47.0464497171891,48.2615963082985,43.2010478486466,46.2822874759378,57.5509293978373,46.6292156644193,49.2720704135117,61.3960846651334,38.1615859875818,50.5125291960519,49.3392376315975,58.9882897560017,40.6600127798953,35.9276859733999,51.5379008238173,43.2842669783857,32.4856514733897,42.6721393474922,38.8012266103758,32.816318055402,37.1498811463293,31.0329669946494,26.694791260706,44.6588403280604,30.6488163552655,36.9650830206143,27.062676296809,28.2461830702175,26.8446504495358,21.3958065586806,48.4931618440209,38.041347491808,16.9543982691874,28.2163631058087,37.7431746858093,30.9032928600261,28.7934682654717,40.7769642769778,24.3900474182472,26.1138070930337,29.9059599803393,27.1053291226749,31.3960209632605,31.6682238559648,28.5903576783464,29.8210258344883,24.2281743849897,16.7760506035421,16.5877702018982,14.8067083745641,31.2112378806096,24.2267214704287,19.0282877784429,22.846554865127,19.6538946305583,19.7062269496189,12.8292116233619,29.2405042938042,18.9953400554773,11.7184943489065,7.66840353294118,20.0868123466131,15.0096195894667,12.9436835896305,13.114413410308,8.14714791467477,14.5398752326331,13.3420770681139,11.1265729914621,7.61983847062274,8.53379360410047,9.81183034546154,8.39390498469508,4.99989358376207,2.36674202824267,2.52939959114717,NA,NA,NA,NA,NA,NA
2.86925906077157,5.96407707595089,5.4757305834678,5.73165865949035,5.90585286698866,6.8510703758183,8.31526213955213,8.52675193392587,6.32952036200495,8.02771529738684,18.8356504153966,8.71049644323785,9.83033412774944,10.7534972727276,17.6356071623995,20.1327350715659,13.4874282743666,16.9404373426363,7.33165161911105,9.8577904685156,21.8429573073455,13.253060679933,20.6011051369041,24.8498376442534,23.1966690292115,24.3440447936076,29.4378558651249,22.3381891005767,24.7737570609601,30.9782753131744,21.5408155665384,21.4236473033466,31.5152917901437,30.3073941107239,45.1246452371849,23.9553639331746,37.5396988825528,25.7332293026853,27.1031996080016,33.0586605877206,28.4451101894759,34.878079516956,42.3498833656895,20.0450262962563,55.2094369416644,44.5348823656863,30.4530094037574,49.1864552121786,32.7268268797322,37.2405675167158,32.7134594906454,55.5956240772242,57.1289041242181,45.4305965608586,42.1464293906986,37.8861205444936,41.5387779975033,29.676752273718,48.1163651038064,27.9841339467995,36.5210999570519,42.2638389400617,45.1028490160759,42.7171959633963,41.4234794293176,65.1987213378935,28.872034828884,42.3084594371432,62.5025436872224,31.8807746732112,54.3127615489645,40.9333938707371,50.8104714445968,61.8403428127748,46.105601739254,45.8651077651493,44.5376115995445,63.2652040114161,56.4948458250365,64.3996469531043,69.1580447485074,58.8081929690074,51.237136053517,52.221179858926,61.0056082206509,45.899185422529,56.4639756296209,58.1884583025539,63.6171065405655,49.0433170769671,37.4582081808319,55.9207474657356,54.1733541358391,44.8873552816352,37.3078367987613,52.2084777069848,59.0506148568358,46.9981725894969,55.4482982308681,74.4372443932481,56.2944595755612,56.1659721455354,61.5820227161634,55.3088499920324,39.2530422522443,70.1577443703772,61.4570614559468,61.5842401891511,43.8929743884143,65.3214829316035,53.2190684404431,50.6499638938914,35.7000115201004,53.8696749747399,47.8846535295574,49.5928091570744,59.3150156860044,33.1408463165799,63.54890445143,40.6065365389424,57.2645503860176,76.193346184433,49.3694712668169,58.6220628577024,44.5042008765256,79.0430223420557,74.5707876309232,54.2260050141288,55.1012717625856,37.6802442951008,50.3484820107439,49.4161692116378,46.6683366795087,68.1568638381825,35.3996656106706,47.0531434937691,55.1607195445483,74.5006736743159,61.7233757554045,61.4310144738652,67.0443843422286,53.4464986060727,59.1503677370824,81.8674467902139,62.5135927851658,68.6155791498658,32.4645317946543,55.3917357381993,56.2297793553395,48.5836934282413,60.7118619947794,55.0911964465077,47.9380015298781,65.3752371968479,52.9703434183342,47.6025886029028,47.2257451324836,59.4630640526452,55.5966944598417,67.5966757681532,44.2783563009711,69.9327407237721,50.4560638029458,56.9708470817947,59.1001977601253,40.4881036159776,38.0638868097898,50.5499555831723,69.3072498252836,58.5452602256982,46.3174347545667,40.9594500633922,76.4871546091263,57.1200273387549,56.3232625159724,57.1344646008032,73.0033443853184,57.6113781203751,80.7544060538181,60.1744879095381,40.8461288749396,50.0290734105564,74.6721221309864,56.3280222976074,77.0701440295208,58.0617436382041,43.3393633040065,48.411155120873,40.7374779193881,59.344320187669,51.1475479778905,58.9248299347898,80.000818906978,44.948321807967,53.8806109814354,37.8836530861337,69.5034579470493,64.5522584694323,48.3735719312856,59.7718995496824,54.6605573538576,59.0895867467173,59.8504166353572,55.9960858257032,60.2372637199381,74.2400305513248,73.3801106179046,49.2887266815206,50.0391362065454,74.6155150970546,65.4712701502161,81.4911733824764,88.1254249537273,60.7583874174327,51.4617621309131,67.645073019549,47.0926432657849,73.1196691377744,46.2352073863541,69.8104030987882,79.5892091655373,69.1345282680444,82.1112012572656,44.9914956746121,58.3883109594927,68.8054672856517,68.2411300032764,54.9171332071131,66.6193057086543,56.3861281511828,74.2262051633041,51.4824154571085,60.1639967633338,52.3026183894048,89.7524040368898,79.2056980413798,64.9590061519452,58.066780555929,47.0599695669604,53.4192070865221,52.4296130908099,58.6516925468812,75.1756987680334,53.3022235874153,71.8144598128016,66.6816669324042,66.6994757186896,59.5654659474319,59.288046271829,56.2455002676078,66.2093216139077,62.6621910402615,63.7777876656275,63.731657466865,69.2428462226306,52.7020911335204,68.5680872676538,40.1772399083553,46.7121435112628,42.1749190230428,32.3392362840592,50.5322009933267,88.3030450656586,38.8057819645396,50.824644221908,53.5907154029113,68.5069578917332,26.2204731295247,49.1472966816319,53.6609482472455,62.5233663448376,64.4525773218501,51.6197878182218,44.172979427532,53.6336432434646,37.5726554304074,58.0228732560943,58.6825840249127,56.4711373004518,56.4028322028342,54.2762420839899,54.0369636108322,54.9142839669006,73.5070197959856,58.1079183852466,62.3035183686733,50.0524438397076,63.8789316371655,54.4969504687064,43.6948365756162,74.362050348692,40.8959178196839,55.1759867029737,50.270807505053,49.0801863859814,71.945165872497,46.137437567608,60.7135796220775,65.1566668448937,43.8031396097687,65.7237605941251,60.9995163505377,47.4241802020094,56.9438934483338,38.2795652944714,49.0419073822883,50.1183553668405,60.9165448944747,32.5991156523064,52.8783921432687,47.9138402019527,38.1324998932143,36.5531295150573,61.8594354613297,48.8051488519056,42.3769334382684,57.9259457790576,53.9127386055604,57.9064308307146,55.0559252433201,49.4664129488,60.1481306032775,57.1154686871206,44.2980957849747,34.9373692520463,35.2680177184635,44.950250562787,38.3716974113849,28.5817737990504,53.4503450977684,41.7916134250383,47.863206881668,44.5797905324658,38.6797778890317,30.1314907786787,38.5882639560799,41.8521751557631,40.4316817715342,42.2054627516245,29.548114972801,29.3873657060294,38.1353859539894,43.5350210816076,33.437341900694,34.2699261966325,42.4152248008273,36.812600318944,30.1021579322273,31.751614134778,17.4525281702391,35.211319964454,34.3254870783606,26.548476990936,24.2012851210338,31.5884574616048,47.5206270479575,30.4227299713094,38.9665166707544,23.784849421571,25.8639829520797,27.5962792562973,36.3832241146003,40.1148132026055,18.5921509581755,28.7551205456157,27.3096753076015,28.4255488474211,24.7577981351774,23.1738357747744,29.8742271111268,13.6608314272724,24.6496576290828,16.2332358081401,28.387600968096,21.1489221128324,10.025288088317,16.1084587351531,12.436918670613,11.3185999540644,11.7894932971667,12.1408437541789,10.8418504823421,19.5539346144531,11.6506871284659,7.28352894747137,23.744002465504,11.2725463505363,NA,NA,NA,NA,NA,NA
12.1503468797609,5.90274789705023,7.64518149345177,14.9340584436539,9.41689378505161,11.8637153494435,10.0658712689731,8.44373502511853,17.2727059765579,6.51189496190722,11.1570083945326,11.6797675569916,20.5046350795964,14.978235039382,15.6776745670097,19.1440140600757,21.7697320107675,17.8326473694446,31.7245642518612,31.7509824247102,18.4267212212278,28.5314692246323,36.8465794784633,31.7704078005795,30.4339162529525,15.7597279845345,31.5733815149642,18.4821686814578,57.7091208053292,41.584541309229,34.6048438736844,36.6639221728877,45.1541395836469,27.8669523593836,41.2334596748664,35.5982020825607,51.3330710978061,25.1329625770335,33.9369097212822,19.8808802512493,46.950511645681,24.1065530007697,39.8831307257835,18.586164339211,26.6683076601594,39.6240962242999,30.0624256618568,49.9961633986827,50.0860255203754,52.2345876708525,46.6391925594724,34.3455604982312,51.5350102715414,40.645627291059,39.3082617227551,39.3553724009861,35.6400469573914,44.4410606708681,38.5429522862765,58.578678433956,55.3276114865525,43.3928998116716,22.7410795968754,62.5515251699095,47.5296743873654,44.5097047305043,57.5918667719131,72.6978822376716,49.3592513800458,64.9941436781147,52.9603991427933,33.5834823353826,48.3988185944693,40.9425281400513,40.8950575757881,57.5914685195306,54.4385769505308,61.8038593805834,70.2923834312382,39.2002332915656,60.3755314800056,46.8521585909759,46.197467104312,50.6694020673024,61.0474915925651,46.9009389748771,42.0995663879882,24.574803007275,60.067472122932,33.478561286329,32.7327637210306,54.3590057841583,59.058160687151,46.6956906482334,44.9850662988823,43.5780777623908,64.5291608151073,41.9917112730256,55.5947510636535,51.5834311904453,41.3355449812969,51.7361581990649,62.5387872081851,48.8845717207737,56.9783565332996,71.0393532865596,54.3415335834412,50.3581519510983,66.8835432930364,41.8229100604195,41.3530262571515,49.3467780699169,50.0422555690254,49.4108431819141,43.7307084390687,69.5604801173588,57.2734288053266,41.5614849979554,67.4098018038834,75.6309904795528,59.6828675633328,68.2323230504751,54.5850647449498,59.2608872700601,59.3466678701802,42.5159014904043,52.9159031648551,56.801350178245,54.7680176930186,62.2257141011583,51.476387508883,61.948511722494,52.9273810221095,73.989487854833,50.967347321659,55.6637491769233,56.2947725492625,68.3970238259189,62.055190997495,65.7280521229313,71.2540477842839,41.870695896622,53.1357017374814,71.3959391763424,34.912893241833,49.4576955845436,43.9927440548276,58.5939992421861,79.0561164474826,67.6523633267441,56.7777547546575,42.2640959918774,55.6686059749206,76.9174720495575,62.6209836923836,39.7363389484303,54.6880385472774,79.765312799541,48.453844587214,73.3037706885971,56.0227252523126,58.8150475524322,45.7922678862333,75.1142051048782,51.5546230147632,58.8591187032229,54.5915809737461,61.4792534240207,55.8072942071209,48.3066839244722,57.0119335229255,64.0641166597682,67.9970465545843,51.8510117065357,54.6645352228705,56.5198556477616,43.2612124385992,57.1006491282775,30.0547969087968,60.048689346339,50.1266134230084,68.3932808518294,70.8420507056207,48.0356106205174,69.6344022549107,63.1381985462084,41.5424201624417,68.591007604778,76.2080019873568,41.8247362677311,66.198267946816,50.9651642203921,50.5392163259452,57.2148552308696,67.0207847069855,49.1761788006044,74.6060198164151,64.3331361236636,57.1772338921186,66.143680456634,60.3089696485513,68.1547006629735,65.7509777764291,76.3858202796321,70.8902219771653,59.0118141079141,61.0051738679321,34.9907530462426,55.2943401166368,60.2293328674315,54.073906360826,78.930733460764,79.4787380933704,69.4907579821312,61.5613078775717,68.3720491180919,40.5580387500817,80.6339132784691,60.7998633614011,76.2719139683221,44.3664215513082,66.2265380654599,43.3273261171638,67.3771367518625,81.0154018271168,79.8984943185402,77.8238144981296,71.3837058805921,61.8005605268837,56.9404039911896,87.0863222327953,80.5340452578096,76.2581225176678,67.9678361016407,57.9317414903662,60.3072956099317,51.2294992438577,83.4473432205659,47.5945832000364,71.6089505054688,60.4819991728269,64.341577620629,58.4041111901629,65.9707764212012,40.803086670423,74.4016534908022,38.7815961094665,53.9639111254477,63.1824551871845,51.6187513555567,62.863145178489,44.6479792637968,48.1034990408517,64.4394944238992,53.6535564393493,64.1247006879768,54.9971202646021,70.2597750317865,65.7529873647168,43.8549172119998,56.3504332633752,43.5009916267988,60.4825013888822,68.3454798795997,44.241891236619,54.4841102138814,58.9825162927804,46.4732380581471,59.2263060765476,59.9286192481778,64.9877196669869,53.1997531272373,66.1710365708184,55.3766648453794,52.5929165240715,60.3042980452898,47.6802044886729,52.09288380965,43.7169211644613,51.5597778605055,64.4448163487428,49.0857862111539,53.9426320337743,60.497209243448,64.7737205461609,65.9945823665296,48.7080545061747,40.1583498094677,35.535272915154,41.9568812347217,66.6190775691558,58.646243959887,61.5448729429899,68.9950300646192,77.0900276165818,67.3699333836263,36.1725658371054,59.2005591498622,60.1099864356097,62.8638560188361,69.9307181315602,63.4600842344513,41.0804166552137,42.7975835072537,67.2093252964812,52.2144592075546,59.1311421775102,66.9408862253983,52.8781633115603,58.5036217169877,50.2422735050868,50.2502702420735,50.3749289235253,60.1642506454862,48.3792956147113,50.8867082215271,51.5340907454763,59.0591345228958,49.9229179052651,66.0464160594399,62.3767796099384,60.3251668391397,56.8507142227746,57.1923787841678,60.7724598773836,56.0283274331131,52.773985609392,58.616325769174,31.2916746418233,59.1943131018006,51.5448032194651,44.7840400792637,47.9966742379159,50.6171269879091,50.5861465351905,49.576370619664,54.7318856993253,34.837500898222,50.9697847993721,31.2847385761719,40.1403407103905,43.4690223797178,38.7631743583416,30.5152086818864,37.575200159095,30.151476943463,47.5600254123382,25.8362306917249,24.408930966702,42.4396090203643,36.0124359869961,37.6553424023183,31.0223689566658,47.7835178039501,52.9462642243835,41.7171386234538,42.0262404909349,35.8686144194278,26.7244292486244,36.1936259010285,29.6221186375532,35.217138360054,36.7316086266521,25.4604751005207,46.1410238774833,22.7882257547228,23.4395055721046,24.2779856116811,19.3214797794468,33.8937056882929,23.5226412556683,17.5953428845927,22.5058726938644,19.4252790748442,9.85982727316081,18.330986992361,9.19783723745314,14.5970250928932,7.11133152132108,10.9983852980105,12.9546012319321,22.292479728164,24.7925968065819,12.7701863162742,13.9319832209548,9.20513987173451,11.883298734954,NA,NA,NA,NA,NA,NA
5.90122546730692,7.76347538330363,8.32721923011802,5.33511756882341,9.14055294390756,10.9776810881949,6.49043993466852,10.3182512547616,9.63526095988583,17.5551705852047,21.9391449805991,11.6767038385836,16.9728516371638,14.4775402633989,19.0519831441008,11.5529959763991,14.861483372603,18.8301283306513,43.4289325973822,5.8281224262047,10.6112397594775,22.4895821364895,35.4894255055538,35.714306796085,41.4344887864636,17.0445858785302,24.846088229849,20.3038103883282,18.692429871093,21.309748986151,20.5314035178073,16.959236912473,29.7959339394456,23.2639568888999,38.3986681149432,23.2279179500137,23.961256021637,33.8269949109945,33.2978403019764,26.1838246076637,39.1167645305613,47.273539124421,36.2913561137202,40.2872834384946,36.451962372424,9.44297573550533,38.0319590700107,53.6217494295822,37.2640101294991,64.6266815955609,40.7561123709916,45.2301100606915,59.3585011656631,43.1208580069709,43.9465964880227,46.2607852536077,43.5844724844943,63.0671727037568,38.6978463893816,46.4047856608086,38.0611777658727,55.8039386874369,32.3374557785885,47.8789744668124,45.8856020991814,38.6521867320948,43.9241754467061,56.997144878216,60.7456702325327,36.356583579933,58.4634397299616,36.0497739823768,50.30035631702,36.8039525148828,68.5618604497979,77.8345185032484,50.4024245711977,50.1957744648311,39.4053132517204,34.3965401654833,56.2123105385194,45.9670312387814,44.9372759169216,31.2007550110048,43.8360680865265,64.9669317561453,49.1464816593069,64.6251724112311,48.9943639891277,62.503767134342,50.0307196538707,39.1701772198631,57.5131141180522,40.121669554739,50.7989748952673,38.223019312197,60.2153516731676,49.2468225675091,41.2728730921966,61.1743011902681,60.2550690476423,46.9795882055912,29.1430835651594,51.2972057934456,70.1131073835416,61.4341625402413,56.328950387231,58.0387464723543,56.257793505782,68.2159650930392,41.6832564196239,65.8158762375144,43.2083256563099,36.1593111716901,66.5235632078491,56.7285622712869,59.314166700996,61.0551123389962,55.6176537935741,63.0061922083306,33.2280139967924,57.0331015367484,62.259856333502,57.1345858575185,62.6595923524906,51.7115987914665,53.6109269207469,50.3909857351919,53.8278359234047,43.6473920755341,61.3893311647725,63.6737561473336,54.5269066234035,59.5381429327354,39.1376103487857,62.6686707166676,51.320195265777,57.4063565983418,62.8731354230011,56.2537822652864,52.4467621586175,46.8284637754934,49.5499775499239,58.9494318682833,30.6928321724191,53.5102402910846,72.8566830798795,49.851386551221,58.3811950433871,54.5044746486025,54.7746266626005,51.9967045729663,43.5821600931352,44.8895628501464,61.5704556688946,45.070892871369,51.0628506416817,52.5291949443592,58.9855450106843,68.3444033727454,51.4342270848781,58.3681363624199,68.2226760250453,55.8767356140289,72.7529524084261,40.8595234702727,55.798436635622,56.1487792829217,50.2576544343283,85.5349107873381,55.3336303915398,49.339364165798,77.5809286778204,59.9190411130852,66.1874473080633,59.4669440036932,55.1776961472069,43.5874928616911,69.3577387004193,75.3532620432622,47.9333831197768,70.4925095209241,61.0165015426746,33.5771240330424,57.3206089385012,60.0059414627269,54.0329532267574,48.5655318048427,56.8735690784498,51.0986469167527,49.3991977704767,60.8186861244538,50.5191926643473,53.4561022892557,69.2642145684645,44.0973351227801,63.0065834483778,66.6129605327954,63.3131412437338,24.7415076681432,45.4809464325288,50.4926633060778,60.2507446066889,66.9758360246004,72.5050536336612,55.3779856632791,78.6435160903457,45.0258271298586,62.4752975790198,43.4466030736443,48.4555270236909,47.0650097593879,36.7446742183869,45.0564541854523,55.1439016857342,50.9732613227839,64.1290042712091,41.4247437383749,71.0186925758302,63.1824047342038,52.3191353960262,65.9264721714443,43.8308475831704,49.0805753070561,61.3504959627418,51.7996450333622,56.8991891082058,63.2882150582373,57.7565809822014,58.2832702404309,66.4895407224396,60.4724499249126,85.9074993470498,54.2045364829962,51.108003334367,68.9122557604283,62.1502328473163,61.6744966956697,47.5224964927755,71.0261328010409,56.4659315851091,53.8904534713572,49.7427479527681,60.3073484243587,56.3778838984729,53.804303791494,59.3671394979321,56.0163319778217,77.1918858386057,64.6073411965377,49.8682697702716,49.4341113196251,55.8736010837832,40.373926266245,63.9940742332433,71.3786822031421,65.2312032293766,75.1147369899811,45.2029834922466,52.9108343178483,53.6336033503274,51.0146990407739,65.0367305028475,48.1286004539316,66.7463680287512,53.8618734802321,46.6405735500841,82.8485207470377,46.8206598247415,61.4119526107568,61.8490145297018,54.5672954579809,39.3574164840704,49.5924453408395,53.1602564165957,56.0639204511157,62.5810939668704,69.9068152121901,60.7790673044551,49.5822690862342,63.4877236668781,50.2822162773497,45.8201486632231,58.3269213859458,43.3418070645071,59.9431826011628,48.5164458681663,55.7369068335946,67.1121465853181,62.8832412994975,50.3996525000785,48.1073992601515,41.4605019237465,62.9611478230278,66.0099140691996,54.0246418139821,56.4205651682381,60.5240848685462,62.5752724200896,61.8664448504305,61.7498428174814,44.5550716680475,64.3147133339611,41.5807088070478,39.416654777543,53.4442587365968,66.3308890745261,38.132259254795,52.3600756170882,65.9190430359981,53.2226112987055,41.6211067751499,44.4615962833589,65.1939340972411,62.5427375818234,41.7742193782082,60.8930187380742,58.3246345308907,52.7256410735131,48.9769965779886,58.286437151197,49.4809232802172,55.929109077861,44.8778713272066,25.7749435142306,50.8368477145904,47.8416345212732,49.4053164576323,36.8571867365947,47.358737539039,64.655270513114,42.5207070910507,40.4178513096399,39.4448823619281,54.0964848283587,45.0419710424102,56.8333658594097,40.7114248267184,19.3172870149104,44.1609588574986,31.9702910728746,34.5795584027826,27.7772664899846,30.5490938203861,30.8889108741575,41.036373042249,42.2083952386151,34.791568966161,35.6874745340191,44.1781297869204,34.2465019341328,29.5146331427138,30.3168745221482,16.2283457924971,57.4463683263118,25.3249368294051,24.269992545129,27.9865769702313,27.6870075838027,17.022701731076,12.9556969498227,18.7922676389127,26.8435378470128,15.2905573562753,31.9164115134713,17.2108520821594,13.6230841517849,19.3633985123531,31.0756298913066,17.2786609460485,21.242883106004,15.1764197565054,23.3377689854229,23.89625573064,17.5122712568649,18.8711523095325,26.5947677353646,15.8978853741876,17.8136957192897,16.561021288983,6.62100986016347,24.5478458794999,4.46092573870092,7.13935590947273,11.2394918878486,5.04409500405509,8.20047106846824,NA,NA,NA,NA,NA,NA
3.99117932440338,4.43028219930335,4.30653323932032,5.5620411204473,2.32179477434515,4.06590099638353,5.4418401270585,10.0861369836285,7.01784693902727,16.0880128413377,13.1117990896006,10.3294872761065,30.2951905310383,8.42363392231207,14.3157348970749,18.4225978860011,10.3535223252258,28.1983683211263,20.1735671004146,13.1628542024124,16.9479642075833,17.8462904869911,24.2720162843735,17.6584351482258,30.1348856670512,17.2427542540366,14.7826272807976,21.0438132718497,13.9706132953727,30.4330372506927,19.9922561194191,30.174431667184,41.351550256654,33.5709023403065,47.5582950464115,26.6243719449569,48.316195917046,35.8531410248494,23.972820652892,15.2753108766663,23.4112517637286,49.5863776104032,41.5260217935201,38.1559629034314,48.1644059778823,27.078628595899,38.2329571573452,40.1258565564316,36.4269693615854,57.0997359880852,31.3921932347975,36.8670666211952,36.4960508152926,65.0240817020353,46.6356896419602,33.3159967733336,23.3385173751887,54.7640151049262,42.1817507517513,64.9633251601831,52.0379930201369,50.7454325323746,54.5081645897628,43.5482612325681,32.897360945346,47.022895062012,30.556767219053,46.6647954300393,49.4529210274336,25.5972114802702,25.667564348376,40.2237189576351,45.3563560214925,33.6085140444517,37.9071594865901,59.2582382785507,51.1988646818518,57.6498215388323,51.6095079764246,37.8807538093368,39.1851052546547,48.4449489743237,59.6273589333152,36.739730806845,59.9014632660609,39.3220854777019,40.6959348123665,47.5163980312774,62.2884678959522,24.8550349273014,30.1963058880589,47.852767973804,29.5874642111603,67.3625581786245,52.7692992039252,57.7695835441331,32.1613266911507,33.793006351969,47.8338749867118,53.6484218518558,40.1392299523463,62.2728054212149,64.646869000432,56.7530806922647,32.48026542676,44.660536642445,49.9864290312017,54.9314691058538,52.9321177366571,35.4268217399923,45.2743418416055,64.232956629638,47.6283339490106,60.2967269774913,46.9269195049314,54.7146340252054,42.1189034513278,54.6852964443699,44.7566101448303,66.2674053639158,38.7489576269971,35.138753465416,47.823075917272,32.5803630944425,53.91585401436,68.7748138007479,51.7073378390491,63.5711150825881,53.4722360796556,50.7109872081385,40.7899838232425,56.2523771710489,61.145264918684,44.0042090425165,65.2313380701872,71.0986081924297,63.0979956750514,45.4101228024852,45.388273225161,57.7211023118536,67.2995167891914,42.2676000106343,54.8829818174852,65.6590831867981,38.8348354339867,49.9042465860043,60.3757137085483,60.5605600282454,60.3842755708038,54.5458132745983,62.9317682386254,55.3590735776818,51.0479225775854,50.4342458957075,56.6711985376668,50.3913796063122,62.691828650862,61.4623959210718,46.555441981439,53.4079223458856,66.274375397797,45.639783595839,48.9129396360396,57.513294601975,61.8019585663343,53.7357226108159,51.4169772062987,43.2386236670234,29.1247502377396,61.9222932912466,54.6905510736038,50.0093072116485,66.8520904184851,51.1778177885598,47.5199123291545,56.9378992951094,42.5291871224007,39.0319367229486,39.5774241090777,62.9653231706582,49.4286384544283,55.5012313543452,63.8463641636762,52.3160887079473,59.2294044525056,52.073683504924,63.2828767599075,65.848816962367,59.7422593363195,47.4292754914485,35.6637769302104,53.4502470593973,51.2483895984122,58.1761420262227,56.1552166890746,64.5045764025079,67.1260647249923,61.4671042928801,60.99110029708,64.4500691874097,58.2266970994017,50.7562455060421,58.9056702869855,54.1586590926727,73.7646424488098,71.1772369736915,62.2285258443468,63.1544485172231,90.8076566853896,70.6456308629909,46.0580920436932,53.5283086941294,60.4197386140942,51.4772783696175,53.4826401784729,49.8125042089903,63.4461130707277,53.5630485902559,56.7639575818058,68.1503209769463,52.5531814864984,73.5280072464066,58.0905215532249,56.0026642234935,75.5446925521276,67.6386624257871,79.291549096238,61.7943803926363,58.9613101893351,44.8362682630494,92.6437047122496,69.0601491083486,63.9805469176675,58.6474277975881,39.1943152389628,52.4466763517559,69.2548744990575,61.4068803342598,42.2553931344689,64.1990670463534,43.6926231069914,50.4319772630115,63.4238103942529,62.0175114965879,92.2477607843979,74.2942193611415,78.5267084451286,49.2717591992207,69.8244280129296,49.1911275676902,53.9944975054426,46.8795449914488,50.7545855381485,58.0826829229152,49.961813762454,48.7868549950682,65.6721909620301,60.2909319730715,48.6743607131821,75.3899920044003,68.5691422994655,71.436100932382,61.2284662992615,42.9216802353815,48.2978061833242,63.1136683404898,55.5201728414933,51.2836256980304,53.7718400137983,56.9346135529396,45.0786972979606,42.0603017047145,58.3619934043678,50.3823445268511,66.6010202089616,32.2530098503377,53.5953099008879,51.2652644724405,44.4787494753799,41.7799170981833,66.2202873846241,44.6535783804731,71.2267289124878,55.9546951462338,48.4070115018669,54.9853139203331,48.1026266680603,53.1189507202935,55.5439950692699,62.7394904143414,49.1318809382595,15.8124223829052,46.1885552102493,50.2809060104344,60.2401697095199,44.4456458479148,49.8277941271228,53.0657785728834,51.2711907659695,28.9143502720649,52.805996859485,49.4944945148756,50.5967026863382,57.4144037697557,59.8242305305934,64.7595300384928,65.8180672945397,23.3165077418916,47.20142396489,33.4586884258406,51.4679148119547,36.2685073235799,44.2586507303042,56.2419509444118,50.6020809903409,51.3034556985359,46.3597537256877,39.9552176139226,55.3550675072514,39.982597455594,35.7949376512379,52.6562702062709,45.4262449837127,44.6966208003767,36.1589661636363,32.3236752818506,54.0287370492305,31.5222945095961,26.6530260015428,42.3270910185648,53.978378574447,26.1817748230195,34.3046911916351,30.9320059975317,35.5054730352406,41.4429136334377,52.4116596067435,45.5637723756782,46.2961190085856,36.5317678011477,42.1714856564885,51.0340550489316,35.5670878348984,37.2747647961087,36.2852383163254,50.3436678244544,41.6342743946742,31.3787016671435,31.566613697662,50.2421787936152,40.9034723830877,18.2976863562709,32.772039814393,36.7139824805604,47.4036783676046,32.7554757586733,30.6376210812087,29.6838061451033,26.1074543109754,28.14039023656,18.7096589730289,21.9823239253334,40.8269235505144,14.7723784392981,31.2497221463138,22.4309394574264,22.8572082276435,14.0983784821331,25.4877329020056,31.017074152738,16.9236866086004,17.097028048635,20.7870226121979,13.6423988188375,5.56311571867765,23.7143922640404,39.8058024473596,18.2073842979405,24.3120832977501,15.2172696365086,22.8663128379241,6.15565581577699,6.80985741982385,4.12813621832728,5.37752896707706,4.73612508659544,6.10729244523178,NA,NA,NA,NA,NA,NA
2.19101325638551,10.1615095341246,12.4105677503948,4.3622358719591,9.63833034497823,15.1710311366349,6.07422366731726,10.0646248688302,13.4000777511157,13.4137918466797,16.917028917014,10.068198125126,21.0503847097465,5.12421256342848,32.774858246223,15.9035569758709,14.6875498993849,13.8538576559141,35.1944647027016,18.8413333571231,19.1410791043579,20.8254077334572,15.4144823037081,27.2179089737654,19.5298221772099,20.2989658302928,20.3340186090835,18.8389627744137,29.4563576245811,20.0163501582457,20.308448818236,27.7005846584419,30.5212658847329,28.3871639855202,34.4874451074543,32.8571939944144,37.5007696746464,19.6920682106881,29.3102138914485,22.3066766143993,33.8561076254277,22.8235944186695,42.4433787497897,34.8441484387818,39.8370142611898,51.3247608363897,24.7060297506808,23.185212231269,34.7392788200619,41.2950353268209,26.3019200591245,36.6599853593847,35.2330414408636,39.0287279673335,26.4611944186608,37.5447346246501,39.5669183713678,42.1632616202838,42.5619204765885,52.4187738462049,24.3826498121601,35.527986848551,25.408615375372,38.7364216322589,38.7202473649417,45.9922067235315,38.680549415036,36.4924536202206,43.9201545055811,44.0938580657367,28.7921262037009,20.4424632424796,54.9163223813302,33.9834653636058,42.0093593158911,38.065863982624,40.2005967167839,54.4415563675747,36.498317901335,38.8796171682999,37.9770092135301,61.0991006927823,48.8420642551855,43.2148702782281,41.0039343830111,40.3829834520232,39.632949686064,40.0305072390799,27.2703885113407,73.9727565294382,44.0444549366395,45.4612748834329,62.704727027743,37.7003244130144,30.2646395264072,54.0236842199495,41.6382474413269,37.8296624398304,53.3051229066117,46.2127014145824,55.3938639652433,48.1720393106755,40.0435447374767,48.6581772843987,48.7923984780321,39.4669253860038,46.6532939950069,52.1091546590069,28.8453160037552,38.4327952971642,24.2690477650511,72.3564711825318,45.6400445055674,66.544623496851,46.6245874363728,55.4605586615256,62.2152585574608,52.4485425531922,57.8845332944262,60.2427694342297,40.6370729353914,51.6632942370898,38.9400713123362,47.2378344452444,52.6892060727062,40.5069675509886,36.4307015006497,52.7872584613761,58.3755027445878,31.8737181974397,51.5967604497309,40.8999073184003,57.626825396628,44.9316480944764,38.4704993325654,54.8475857272131,58.5960673359996,66.747287066844,43.3130303562281,50.2227051587443,54.9255679910494,60.3159245373285,58.4667707012092,65.550161242406,54.3072125210014,63.4766843941311,43.4664457735881,57.4055973285155,42.0515363893986,61.7619226921748,41.3348188378791,54.7721925458816,57.2611669779585,68.1030768129466,61.918496199672,47.3641297208775,55.2087396081721,63.6402451556741,31.8068082524379,66.3852347151898,49.0463839155711,61.1743962935204,55.6743278463018,49.8909974668801,63.7792335508198,32.6523747445443,46.3806155009694,73.3436590924782,30.6782136311704,72.4238290295096,50.8658305781715,53.971852526575,58.9446070200272,54.6251370868435,59.584560664481,45.905028076066,41.3406879437938,39.8732807443691,62.5266036592758,50.7329661535965,36.2301507811004,52.3858934314295,60.9123100987267,43.6552068512012,55.2930382485961,70.4820483483446,62.1062021769005,49.2821256531777,61.6984001759573,57.0089184469108,40.3744068816648,51.998918878005,68.7265629474997,48.6843008216669,60.9030148496586,63.1295781238078,68.1713812393806,42.0001045990987,49.540991556363,64.5961273651402,51.8394747959831,52.1227603882741,46.6751185690901,35.5351327648716,48.5753486498032,72.3729354416223,43.8272619626676,40.2533398493549,51.1876889345982,49.7116255134455,50.7432878534986,60.793102204847,62.6670553951605,61.1893813673148,53.82827889455,42.3236513449773,67.3488693058917,46.9621827516965,60.7469360194308,66.3584186295832,37.7172805276778,65.8226637811088,66.553953796767,62.8179415692451,66.5406729663641,74.6340817168064,78.072501363486,61.8428909978469,55.84696060984,47.2052214783902,37.5160293139272,77.499281046861,48.5465551094839,56.2586888167679,61.4109950832028,76.9272718271627,47.9017441086992,58.2308860819797,65.0563892404863,26.9361409660088,30.642498236766,44.3953721908403,42.3888685303411,57.9024760008095,57.0545692665275,77.6161490554556,59.3482280144695,42.7621584210905,36.1728516073141,54.8052084891867,43.6782318301741,50.2226718446856,71.8419916622874,62.8326891151027,52.9613391617347,36.5139976837809,56.5456882894833,68.361633762935,51.2520861965759,53.6116040363225,42.278672928912,62.2913182784069,46.9921708466671,51.7820265048447,46.8131929067699,48.6020965664107,44.4575635442864,45.3233265574936,41.446947915507,44.3658427899049,41.5454160963652,59.2093125932704,51.4732011013965,26.3089031902562,52.9824893551989,44.3781171488425,47.2279802298748,46.5646411223175,65.2334690391159,47.963969248026,60.7944283009133,37.2768949107115,41.2342090878019,53.3272245988516,36.8300957443058,54.2901043609526,57.0271544007387,47.2272931089988,67.3032450988961,54.040908148657,70.0400226841335,55.7594605601735,37.4002359930021,70.3460577881822,58.6705408074543,49.4340837736753,48.8126688824081,47.0126806883666,51.4689409752341,54.6034977414092,47.5628028771685,45.623702501458,52.9020269674149,44.4734132128235,41.742063053423,39.0964440463686,55.8289007962111,53.4720306432597,39.5909567295018,51.763421724303,47.8285871108305,43.9552191042707,46.7843628732526,39.2680442329321,54.0651347369726,49.2425663531995,48.5529031437087,55.7748434818555,36.3811483496306,41.2203205547712,40.6529888984286,39.6481727421824,46.0302454412832,52.5122918707211,38.8877734338068,61.5924956424823,42.4155900522926,48.8619979742887,51.9042545387755,39.4427665767009,47.736778280121,40.7823921279988,44.8279589524065,35.4316017285744,51.6358030593454,49.1796992582137,38.5076307642106,44.1788217396666,34.8847204003266,28.4959961624815,38.9564075213764,38.0712517772322,30.1126677909636,33.9979623469809,32.6793834308865,45.9631168539993,31.3343115156598,31.0629090317701,36.1299422567074,51.8843753581641,38.6211905925469,41.1849711849294,34.5738441121366,32.8762487517892,26.5035662782029,34.6267462107961,36.4442803106898,22.0448472299654,20.7582008226046,18.0487452576129,18.9794994683488,19.996172613387,17.5924449920629,18.6398325789782,13.5698947688907,27.6613282168468,24.1678526284048,11.2452172610886,32.2997049839176,18.0334048147782,18.810773197389,11.7192724750773,22.8133581907376,17.6733595451856,12.6058778924204,15.295047182673,12.5708610530741,16.2600032434765,14.6411041139638,12.2545069740125,13.5644856184656,10.4849869532184,11.8380180084072,5.28065367277036,5.58033278901882,19.3126135820992,8.46884659485798,NA,NA,NA,NA,NA,NA
9.34507876799074,2.45964753432603,2.7397565355397,4.93495672992471,6.16765848081701,6.33566796116362,9.79041585758396,4.63215218268488,5.03172984151231,16.1169028754432,16.6314408306265,15.8719811171726,19.7683671753664,9.41351081325353,23.1357321423356,12.4082161297306,7.93339574958293,17.5681475515177,11.2389664239612,14.199347884821,20.4776887145447,16.7718399067166,15.0358919427975,10.1392452804974,13.251097780748,22.3335563859964,30.7405022648192,22.6103595975347,25.7795946903685,34.0291341509547,21.666921258009,35.0842805973322,24.3694459022472,32.3985768179296,19.4740199639207,18.6509815802322,28.3269381228492,51.5406949109377,18.5625544945409,45.826094764718,21.35227201755,23.1635877244094,50.703310469279,33.6686810723901,37.9485652645168,32.9225402434958,33.9539903761339,33.1827099613119,32.6752394594544,42.8564839797993,44.1988744818231,31.2360158112345,32.8644810938998,37.7287831060762,53.7248303278534,45.6060414724858,33.4968840361203,44.0326943877145,46.1794763857098,54.5032697643648,45.6594958215731,42.4319206823697,47.0105460033304,41.1217618423616,53.9865935757059,47.3351263462654,53.1277727844851,44.8952247343769,67.0479066982854,45.0746140712752,52.0871331281599,43.8000206476631,39.1003942114907,33.8388859630628,45.2520572452526,43.7271429294596,41.7238226920435,62.9980091918376,59.1653991242436,52.0325329845258,55.0349011989404,49.4417356878475,41.9190521684842,37.2210498969996,64.8091255256193,39.1605952333331,47.8289836966407,39.5194407049328,47.1662665338967,45.9549260410644,49.0717603556545,40.4385456659426,36.4594529923712,31.6398820656552,41.0616468113533,45.5253654331132,52.2643942023412,33.2914768207477,63.5690256341756,51.7631117525368,51.1585615062641,29.9942560853743,58.7738795026049,56.6605198147484,42.1624456775435,46.1106183070851,71.0863072876007,49.584745493552,54.8174289606828,48.8149305852298,50.2490680293247,55.7254794925442,57.5848999629452,63.5748472859747,45.8200593493145,61.0388521655922,56.1273897649962,65.0900047748296,48.8865324962186,58.2917003994768,59.5631906992704,31.1480190464676,49.9913125543304,54.6302511607879,18.3799239575421,51.251666282027,44.6887289471838,50.8182785233448,48.4297676463698,60.2240900545983,75.7333480576808,81.1449372932768,68.5892627867692,82.4625809680911,44.2879522119001,44.4147909949178,49.5662133823703,55.0351123293373,61.0034380707069,36.8352998502952,62.0387996608262,18.5904461359497,56.5127351750302,75.2017343691661,61.5858342194303,43.4789468446157,63.4745751128232,75.9505195554648,86.679461031101,63.464957494177,54.0360486455471,39.4019291435787,76.4134253000112,47.9626683598638,57.8767197043031,84.960787342,90.9003575960663,44.2414682400885,47.1355493756626,56.3517829857872,49.2920569228429,62.0703487393635,71.8295986352804,53.4374584508625,72.7384644693417,75.8844639164071,43.4517739519357,63.363430874422,34.6352038572809,70.7973070265979,50.355879359571,74.0702194710818,46.8158263473338,63.0370400550216,58.5598224383312,56.8333180832966,64.3183095529437,56.3354200913866,65.6174670406649,63.4794273607233,49.3739459481515,60.3644018965224,55.9471592123087,65.4354808015634,71.1867970002191,49.5736619423694,66.5060019587318,52.3254226263147,42.5817861571122,46.2551768362828,48.4079540377371,62.8992075614684,48.2447328975099,57.8152297605697,83.989450481942,38.4891538132898,60.3629156987559,60.053755369297,62.4148257756078,47.6296931407107,65.0797623143738,73.3332216388966,60.1078515177538,47.6217607127984,51.6978708952514,50.2042586199196,62.0954835504116,51.1682179159997,39.7536024505821,71.3418945171051,78.5420773379865,75.0762094675271,50.6510684057246,56.7291097546679,67.2940743714368,60.5472748576551,60.6254645662318,55.2504846233562,68.7215752130386,54.1551340224193,64.3381951905605,53.7703811513445,65.9204239522079,51.8738494384936,60.808154135499,61.1045414307925,67.4955552844029,65.8229061370722,65.1815206033972,65.6465233952505,66.8470006009674,63.0490574542689,53.8523684537592,71.4892921983558,61.2209807538093,58.7504299740533,62.1294013616898,59.4970737600112,67.6545816739102,81.875392977524,44.4621404591663,65.4084362534382,52.2965538114251,51.9378836171308,57.889054198969,66.1583681629919,53.8183374281284,37.1413504934502,64.6541589880262,44.3724349886685,43.7710996459942,56.7956944558144,60.3521305784817,54.69508801732,64.43807229902,45.5900500141817,52.4148694371761,72.2831354821794,61.5068845642272,67.5572797021523,54.9889838891872,40.1541789453127,61.8269908492737,62.0628934966141,42.3689561670719,47.5118663317806,42.8669425191859,41.0251363665649,43.5516343065451,52.5718399554172,43.5521434758649,47.5954969858231,49.388612671978,56.9512400349188,55.1002874262493,49.5717530035355,50.56374160875,66.0454173957232,50.4525670276045,43.2593163270493,68.5462893714993,62.4488101120275,58.5788073837669,75.8922096827027,57.8124217660584,64.3470539350773,56.5762490529206,55.1451696178305,41.9774211666473,38.8211130850596,53.2427787854018,53.9110556184536,36.5004092814629,40.0176899276664,57.963618630467,66.4098212406861,45.9435719247117,48.7417137933994,47.6612848116898,39.3419411201076,65.1036830809241,47.9582186874302,55.8126278742543,61.916752688534,58.4609049485855,61.3753235268476,61.3286996176346,50.2569558385276,43.2556030529114,43.9671054524381,42.9177810460272,58.9091946785064,51.0774092380129,50.614212171113,56.079446403799,62.1950402317187,61.6312432367192,55.2962604386353,40.1793743552075,37.2044233177036,63.4071355713952,61.7920865131459,53.4013763822623,65.2468456262911,54.9947046926999,55.3490577551686,48.667411425436,37.7273834889914,40.1529226401797,63.4027923323155,36.6657771984379,51.1539492875579,40.4466038490355,32.3860142740054,28.2781494577017,46.7469627213638,36.3224439283239,40.5051265463075,21.6828762272926,43.0048761253549,38.1854114231902,33.8186537225577,42.8638728163144,41.7894742329581,40.1010006690573,34.0822159809062,22.032806699934,37.9977973597816,27.5163534033309,34.0702083111933,23.1767072651059,36.6037223307273,24.9437136882492,29.2736102146253,26.3137023359604,31.9072412427152,24.2842011077329,18.9390012634932,22.3833982701256,21.9499570359281,15.767689406976,32.6044219733758,34.5944390094552,31.2289299708582,32.0807430894382,26.9986417012985,22.5004521158575,6.97193335284428,15.044005137714,22.0076445490797,11.1654942035272,8.23231848378486,13.5855992340075,7.30005155978289,21.1839601716134,10.4361196358179,9.00771111697173,23.2973428560763,9.32430371909057,15.4185343405072,9.57548864092671,17.2856672921849,13.5379723554127,9.34808382209768,9.06141522595171,3.891674147017,6.15719153871874,NA,NA,NA,NA,NA,NA
7.68213417775072,7.75099826028181,10.8292289000939,5.42891698004088,3.79860124277239,10.435073690447,11.9828506199437,6.1450819464168,12.1500801351293,9.20370517192289,14.0735702480826,7.7279224173694,25.219599118157,18.4862820275948,17.3157667610983,21.9440040471203,10.9565239532829,30.6074059091194,44.0357577334978,33.1224603976683,33.3954383211459,22.9035919843691,28.9294129358327,40.3967814019649,25.1405237421389,26.770386400743,20.3593493039666,25.8131992734,30.8700367285636,33.828190811628,31.0217773112659,22.3636163598673,33.2296922167665,22.23635548223,29.6979279488044,40.102576983224,51.2183179541906,36.5078685373607,35.221051629016,31.5255407797203,36.6439788412716,38.0099451993334,54.4645357687835,33.9601635116623,40.7377637505467,48.25117226319,53.5412368097464,29.525151971917,34.9797613741581,49.8887715718818,46.7407545627413,39.7993817930957,48.1838166383458,39.2022480682465,48.7300650854375,54.8689256465426,53.0571144489974,61.7852863040963,51.8777112595271,44.6405785475534,57.3945710696483,37.9363565545161,46.4194919154177,51.7139954170014,53.5362408340305,59.8757838142061,51.2524456382873,66.6938533511244,63.6551186591642,40.6358207303854,37.7508772954018,57.652007053265,53.955094082337,49.247410326613,48.1358229361677,59.4328377515695,43.1712288336826,62.7495674610182,51.894522776056,52.5548410023675,54.8517680541541,49.1642488900718,36.13696405822,38.9988591613517,51.1965892519685,47.8079346366354,48.9391977947519,39.1833166244811,58.9425852235483,48.7309261390072,64.2085588039778,49.1226775668812,39.4821992308201,45.651931496827,66.4048258530999,37.7187494566124,54.2904736347391,40.9960104659612,43.7229851025375,36.5710366283983,57.3505597307286,44.0948605778059,67.9453566032847,57.3579724665814,57.8644535963474,51.8104539253626,34.2894269284411,48.486268904332,55.3328328817422,58.4407585937983,32.3765530599986,45.424182879175,54.7400700895043,59.5805792640925,44.0403855260048,55.7012777993589,45.1059393257494,56.012015337322,65.1248463508855,71.827651684779,55.0126118928488,64.3012143051569,65.6394912725684,58.4141972564924,41.0721142706585,61.1990752497732,47.8264550015088,61.8853978405273,55.1606421348106,83.5166503920821,65.2493906567403,49.8787542987611,52.8661217332948,66.6259046884425,58.2605644295378,47.4106887208354,37.629599567102,73.7668944581448,39.9489729482019,61.1004648258253,42.9486350713084,62.3419915600632,56.9381104490967,58.7147163877953,41.6414563491536,66.7705931375291,75.4393866532738,60.881303931033,47.7114194921032,26.4365286146135,58.9085718835005,51.0203832789127,62.1461664607288,59.5825308342353,53.253407503064,61.4686520501712,58.2409048120442,51.9215818876842,32.4119064802293,45.9168952466682,58.7364162813294,62.0765306096602,58.5873244843937,49.9845032264022,63.5029897757905,42.9764762741909,56.4607631369866,32.5185244458875,47.4836293080249,50.7408313127307,69.6963731766942,70.8962559206133,78.4484717567809,56.6327793461093,53.1953416530351,50.9284809304261,55.0131628376256,52.5926042624416,57.5486700817115,47.479660498071,52.5990366314476,54.2868705950436,78.9977104545323,43.8500593902805,26.450759636584,48.7942946585588,62.171688876159,68.4326588238023,48.5517646070895,70.335478992549,33.7334233802458,60.7709171966418,63.0130659721089,66.0381128198829,59.787691730751,55.9466526246221,49.3550663364409,56.7444377568349,47.1930600171193,35.8611986473085,51.1620566085836,75.7168174306853,51.3498300983954,63.0649497776877,41.2325094760269,63.1173086246443,70.7861300426286,54.1264986044364,75.4143961100272,60.506857438448,68.0830296960327,60.6414959148782,42.1630743109101,71.8773060401833,49.4007286771925,55.3288906046128,59.9625338481705,45.5658657594101,61.2160385416815,76.965429304548,58.2207419493238,70.8517206990908,80.8212841377272,44.3137295454915,50.188362476332,86.3656829984715,54.3005920221075,77.9125840053848,46.7163518025537,48.3701441530241,59.5534245254621,41.9122214418185,60.0757618148046,38.0650297995839,34.5375887238609,64.8285614229637,57.0421432065214,62.7689695938444,55.0829758421722,38.2945506916022,67.202122926609,48.8030854459162,43.3575949709858,47.8681365847273,67.7911671677328,69.7423470199749,60.008972077779,68.3667048433345,53.9040088110361,53.5045541024549,53.9971919686715,48.2864258560368,67.311573405241,44.8944015409427,49.7940907123207,38.4948068306801,54.848112444704,55.9206352326466,50.0727255080944,59.4526686820774,76.3112176453523,55.4951359091555,48.5298722588671,52.7221613745297,63.6057970331043,40.3779143827242,58.239575155594,42.2503842813584,55.7395952172847,51.9115584782793,52.6631464973172,59.8663937487997,67.1438484651676,45.7600081768595,71.2676219491861,48.9137817371271,48.0937792745575,65.9410719514212,73.1199872981454,49.7777829538322,57.5717779604299,42.4004259592285,51.6937667165264,58.1325944650598,42.7050295161401,35.5141462629623,51.3266814128505,51.3764178417598,38.0824611314414,59.7678597874601,64.8723648364095,52.9442930497117,80.7856066696158,44.5156103014887,53.393926020112,55.88870151115,51.2103770061722,57.6482355538621,57.9929667147029,51.5729269735804,46.4738260067844,67.0076477397384,27.5261316850403,31.2720596441191,52.1219310947309,49.5065096060405,47.3189262127157,58.6088199975608,48.4540883235153,54.7640328523185,46.1012473974162,48.3928798314808,54.3511351001104,37.6858920257349,51.735739588021,49.7602461038743,43.0461093020887,41.3500376099791,50.2661354924145,59.6052003367152,42.7580164590215,43.6443129091792,48.9528501533233,29.0309839779835,30.345990968576,43.0460753710387,47.2977691586133,35.2719021753398,63.2612402989764,41.0253415649757,53.8991787754004,40.526662349884,29.1823255274456,29.8567688785264,45.9056680893179,47.8463653656258,38.3963740004255,49.2405918656149,31.1323880933331,34.6313895863661,21.777054449013,34.6373676269877,20.9368103718702,48.6691489609022,33.3002200395564,43.3071034806332,33.3142718665818,20.0774087892811,42.6186800641976,39.5284848066019,45.7092954027571,25.8979386631397,27.5635435433276,28.8283887178309,30.4926378343989,20.7065897844402,20.4696061453575,42.3043082628972,16.1757854321763,34.6176019486905,20.8727420554139,15.9251463957756,50.2228010313233,12.2582556070018,10.0434214501092,20.8993748480884,18.491645051621,18.1996209554552,23.1412596949244,19.5391943126312,25.0847863697783,15.663589153601,14.790762798953,19.2838289014899,13.3354885327706,16.8412287599295,17.8559417833477,11.707550998424,6.89626187335139,11.0282149887605,18.7835492942881,6.20849537585664,5.71839305338561,4.86859093760148,27.6157040638602,4.76968829548882,4.96179406241573,NA,NA,NA,NA,NA,NA
4.8295965296732,5.072668342469,8.8812287867621,5.09318824632373,6.90900285577643,12.8353327038557,7.94498309744342,11.5588757226611,8.05734746640691,15.6350569635608,18.4311171287899,14.8059676034016,16.3858418762701,12.8436341206637,13.1671717679204,18.1118775994361,12.9564124187582,12.7569577905929,28.3226062637075,17.6981999825513,13.8456631397528,23.175646872356,25.4411649941908,25.6891525009463,24.4810418490737,25.8205590693859,22.3174735166679,18.5276217753416,38.198176223971,39.0186175277926,27.1170639432489,47.3970898218127,39.0194892834983,36.0697103286934,45.0200397296281,34.087939136216,30.7073740972359,30.5184681228912,39.1923313828859,27.9542857005487,43.2452034454339,40.6999175023638,61.4441375716359,19.2050735351239,45.0312981858268,33.7630153307838,12.9952215754176,42.05887425216,43.1129506503866,41.0079736322294,31.4128661154273,39.4091884672793,71.228535216696,41.7244324208103,55.0379339496054,27.516681360977,46.424173471337,55.065703414942,27.0424643210428,44.6803437525135,55.2933758302113,25.2767208896759,33.9028947574012,48.5044665832161,49.0040707100623,37.2606071857589,47.0903565333409,40.307624721995,47.1386232767618,45.7238504389476,37.898007443227,41.9694784966775,36.9435014122887,36.8113647370697,31.3430010679774,40.8645829403909,47.6553233430012,47.9093382976305,60.6369387309339,33.7775235474844,45.5220902320169,45.7587825041402,51.9745499151394,64.4023083259237,56.198221354406,30.5761108864364,44.6040086242546,50.0494782543386,48.4118440706914,25.2286306047755,29.1101838360148,44.0966684982062,44.074830398153,60.3004601188496,51.735469367029,46.0263192201919,46.4804035975321,38.14386520969,45.2065430702714,47.9250293203733,46.6263273134003,46.6499201143436,61.4240284227764,39.7893407326316,69.1969736744775,48.5997432545781,55.9123131054078,40.1587117512141,52.6335761170245,37.1753305492596,40.4324745734029,41.73369891437,42.0121039595452,54.5661553880756,37.295495888128,45.1733372137364,61.5750775613482,39.726689244558,53.3832730179834,61.9297704665879,35.7232607028811,38.8859144741616,39.6322695105695,62.2697327769325,85.3105200380225,44.3717464071552,70.837315175225,53.6106940631995,45.0168608394242,49.2949624292071,49.6056987080845,30.3753188523774,41.3990279060965,51.9730553461839,67.1896628692971,73.4255940364547,45.9749755403627,65.0970945136699,36.4024387337528,56.6451527080445,76.2291764023636,66.1880550763019,60.0158134162586,58.7054102903668,73.2038298012132,66.1254027294989,50.9279278973037,44.2651740513612,49.7314444989984,40.9787584794202,55.2857010044059,68.6664376398031,41.5382291366997,49.3836601650927,60.9142471626749,58.6061527797664,65.8971127510966,65.6641060668588,49.5241475256407,40.6632071478524,60.1779091361156,67.5866116519168,52.0701682533583,58.0963256223431,45.5337072171774,69.7614534145124,66.9904689253575,35.6174519861063,66.8497560761064,80.2585575369924,40.9029727494758,49.4368806893836,46.1069344401623,61.2589431710995,79.3942056852204,65.0380595053777,45.3328638566919,31.164779419745,55.7944252616485,44.7209058366988,48.3199051155157,49.924648247281,47.0247199127144,65.6521295267765,73.8763516808346,49.2810094496456,72.5344498605186,61.7598133059542,51.7125096169874,55.4861402430542,67.7840162582333,52.4829519107442,64.7167163716008,59.8102821603687,61.655906763326,51.2890085568237,65.856535423069,49.3259840130439,63.2698752699971,54.5101986347969,67.1258635000883,59.7164102831926,63.5891370773848,61.1963859114913,55.5793524748561,33.9497937194368,51.0768576949885,36.3537560599529,47.3268374112272,80.3666650089272,64.1011582853222,43.6155009362652,63.9501944671939,60.4129302959487,62.0828428727506,49.7883601224426,58.8309877191271,51.9618144178041,40.3762606227069,48.9129206203719,51.3542846498167,61.4050703305101,56.9723105527791,58.6332368398135,58.7195712145074,53.7340591916644,52.1508011671173,56.5296042934542,72.2887763006939,63.6276566789283,73.9246042505154,65.0723828361145,64.5590454817114,63.4526018899571,58.1303942087367,59.5410660486152,47.210595965714,61.7585617174077,62.1771123194234,44.2282986951429,55.9946512165119,58.5955481853417,47.0647767181129,38.3860047102905,67.6995733665415,71.7839005119512,60.4389305852985,62.5376915710684,73.8501681205177,65.6166870718518,62.0421592248614,48.5224806430143,64.636939373465,51.4017641310417,62.1587662191102,72.7249552206407,59.8725221441761,40.696634414335,46.7641580410444,47.2717171528706,50.7523532010096,34.4847758820074,49.6819003195222,53.3266555439904,46.2038059885206,56.6120103343366,31.1321869618334,57.1046469710133,59.3760948085468,56.9138726171388,28.2091178947953,61.3961995201241,33.6240531318142,38.1400342184427,70.8156052530315,49.2145779972796,62.6820983197698,54.0922006790003,50.3546573593593,52.7609123421977,50.0443812880275,54.7922399778705,47.4247274505111,60.1411003098824,54.2023787778809,62.7309043098326,45.7845647519101,55.9071077818844,48.006357727287,53.0529816296543,56.7901596655304,45.3096148643329,53.2511247635922,48.5928203907459,39.7661956989,57.5595890032975,40.38953754142,52.7752885202971,48.3261168567914,40.4359498127652,41.6231966231428,30.686286386533,45.7725150953723,42.9151875533987,47.6308640794355,67.3309019683416,50.794532811715,64.7196133200204,32.6777434789836,31.8063141077132,51.8889073788974,40.6574020081058,39.5721973960208,57.8780912847984,56.2254002320826,38.6504196405721,68.0986747284291,42.232453687267,45.0360133740684,51.7598117546873,39.0683580902644,34.1270361655022,51.6471971102122,49.4965268035447,24.5786537831505,41.7225337874644,35.593737338909,48.331115124211,30.0337991965417,53.5158490003754,38.279086894535,60.0431577416098,40.2671095470649,47.6966771940452,46.4419255024216,32.0866773802959,46.7147714418175,34.5801292017765,29.2714036077516,27.3255632521278,25.140919310148,44.0141598165056,21.1248670083961,29.6993155077554,50.5732500054055,33.6467838568169,44.1144657886741,36.6851030080252,20.5820744792289,40.1228852199656,20.6582842758425,41.3629227209035,41.2771863460154,16.5414183633497,37.0229844159656,39.6331001238925,39.0149371234314,23.5078701596423,24.294502904139,22.4244372449994,19.1867094480622,27.3203925630981,37.5387317341505,18.2811940346263,20.2280968182762,18.1091344840109,32.4728351393259,19.2787153234826,24.6594578959318,37.8951254721426,16.05861155771,16.7151399081098,18.2335764553044,14.6187803314325,30.617502597871,8.91871802326934,10.3042409330384,10.4387363551287,8.98966025351896,17.8363805304239,13.5716376722614,15.9383131686516,28.1940922448335,3.96967318695715,7.74459024984724,15.051659191407,13.8462230643603,NA,NA,NA,NA,NA,NA
2.83761753648602,4.6269331112864,5.98933141111862,7.07591114771806,8.3781769193452,12.5826346671126,5.85015937819997,6.40682287570315,5.75250816902186,6.04250501483511,14.7325610985885,7.60415092779586,12.5343667313119,17.170487129375,10.4744012999852,8.27224562483652,11.7941936039094,12.1218170474699,16.4277794448558,20.3254163759437,15.0977327564095,16.9667706710163,26.8122321304984,20.535075277207,11.8103266017837,14.8362776435874,38.5683971003676,15.5661892960281,21.7394626792792,18.858129912817,18.9294332203108,31.8500110118293,27.1999410331801,24.7273684445097,35.7810745247507,27.6704409739522,37.3805042100822,15.9217605287528,29.5254535862862,24.8339160806204,25.9342036608089,36.6766887805446,27.9599544830095,43.8680533165153,39.4985757637351,36.8126984386796,33.7407841165593,68.9815205812301,35.2142842299937,40.0044079717733,40.300947763286,17.0016949959973,60.0115413586999,21.6468345604668,30.905630077654,36.095587522395,43.3525390507515,42.310403681038,31.6452565614901,40.2200236266239,40.7652244608309,30.1361522894562,29.7245038536253,32.5528981883808,47.2649184957393,46.9840017635306,52.3537885266831,22.6358728541079,47.658467767518,42.8872445561588,47.4200733272708,42.1629448710294,47.4514730303557,38.3827926134111,49.5077598474911,34.1385445071994,61.5875338976746,37.5352778417359,47.3208842115054,39.60026405538,46.2845055004152,55.4634239466524,63.3305969948557,45.5477874154872,42.8157350359288,59.6580658412585,42.1009745088577,38.930578200527,28.3624265913176,54.3149741714532,53.2313948054449,43.1386860909989,50.071120978536,59.3186631666072,50.4738401212482,31.6485635447999,59.3363232173613,52.195925628279,46.615039745437,56.7269769405696,59.4316101191227,43.4323640506082,52.943602697573,58.4321536718535,26.6070070333601,52.5498555168463,39.0224951995367,46.7389654154835,56.1331694540553,39.2500734273441,41.9921306165425,44.4247458826279,48.7991824403107,42.7899723878169,29.2020147609064,48.47525579869,53.3098528740748,54.1569374226163,51.8992230867091,73.1200451973886,30.6019948205776,57.1239220892219,43.8669646771886,71.7544666727033,68.1367897961872,31.009485841445,64.0781225089881,60.6417575041779,53.6485714122307,38.7264742857552,53.5968526583709,55.8952402872696,60.256326561406,67.9216008632495,31.4233775371241,50.8638208391875,55.2642745263947,63.8772799095119,60.0212286357642,54.9982098779001,47.5345382180528,33.1071228301836,52.1444771995029,52.1066667438815,58.3306679670135,45.1366054957701,50.9802725175068,49.4340545658044,41.7580726555269,56.754481944361,64.351544489401,52.3542396649446,43.4793086279147,67.6820738495606,42.2343919612177,53.1291605371178,51.8126091214165,53.8477539671346,47.053383180958,56.7786687897098,57.4186934198723,51.3513015083291,51.2430403141934,61.8174163307614,60.2207973468835,43.5122848995869,56.1462634917179,56.5080307830583,39.8485467171442,61.7203827326265,59.7922535681099,60.7445160480054,64.1671998008683,63.5857990855112,54.9443831162305,63.6394764474517,38.2376273138767,31.7838673067801,56.4059901963248,61.873358284051,51.8475892816073,65.16461539172,45.3136649363181,59.2705132301123,66.8479004516493,54.1309596957308,58.7369842695118,58.9747173980661,64.241413508218,57.6277704602835,53.570502006354,59.0371438007382,58.217343579559,43.7697371216464,45.8071474919964,66.6250130970382,43.673038648138,42.7064737456116,36.4845369767775,45.6639559457002,50.414439127745,61.5405622785703,72.3963079779387,58.260462534803,41.8047303154965,41.2310655994711,44.3565435163479,51.3080056331143,54.4960482538586,52.6672518577796,66.4491948513415,46.2838532646409,49.6995013850414,65.3838230279997,56.3522970956296,46.7531883946875,52.9020590605984,48.8423551155512,41.6904035796184,46.2952821846356,52.431582586687,62.5637481142798,44.0637246893679,45.4142038443366,65.3600815485885,58.5963200701513,56.4832640554255,29.997227267398,47.6620939522831,34.4756715581835,64.6763576422332,68.6302716946279,53.0417843212396,47.9625549693558,56.6770225576122,39.0579050274686,49.7683241289288,45.677880409561,55.7312036603925,34.6890660612398,45.8627329117733,47.6740686535409,37.9245227618603,53.5396714356641,37.097242886028,66.7396337742525,52.6806866046389,70.8968250924052,63.1497303809608,65.1597696874746,53.1040629575055,43.6919956422405,57.0013928769401,43.6524129054183,55.120390616253,34.6422369177724,53.948191544271,48.8224337659525,42.2546075979565,55.5796194653786,55.7331823918966,51.7604896651022,53.3668347956323,52.5916447399522,44.9080962276074,70.5348276762271,56.0220033605792,52.8835398397193,69.1783999725458,47.8153036084861,43.7505127646256,63.6768157625028,61.4215698352488,41.5622128899415,60.3138155977211,32.6698312873351,58.0336367448039,39.4994580128266,60.634011051887,46.3928373786843,51.1870455564255,44.7837867718785,56.9799471473435,63.0135233462778,44.1449996292969,50.4673592367606,33.7899229541203,48.1702208506942,42.268449409267,67.2028932691547,39.1350421733201,40.1559248401572,46.3125284656507,49.7844768783235,47.6011872116767,57.0566122301608,54.9681419668767,41.1228778801532,41.4445816325055,52.5633507770337,48.7005500702002,32.5311147008509,39.3594461838209,30.4158162767166,33.5945579583661,47.6067597966746,45.358879265432,54.5721521841625,45.0809416370668,36.9042728327101,53.0974615494544,48.5693522086964,28.0670410859504,22.3396660260713,48.3195286682238,35.8909972070205,39.0720951998396,38.1896987855127,27.7869192286741,41.3748131954582,38.0474877849486,32.8307974131534,44.7105665113097,40.2572707561238,48.6091325327932,38.6597244133293,40.7923368017252,32.0629099974436,37.5869909528868,39.5017409041145,44.7199030440257,35.4748028518556,27.1335290367804,34.1738634027949,36.2922094307646,33.4147236706089,30.246589321997,39.876696165256,24.0865764624599,42.3098861136515,35.0724266996342,34.3070216749957,18.2450367785444,28.7136943020232,25.4046461358507,27.9047016454227,22.6970614839039,37.7846487685744,30.3177904981619,38.1742293001677,33.1171989914123,31.4221126013837,40.655208069898,26.6095488683217,25.5001217792152,33.5781372088099,28.2004644670968,33.7732546321789,9.40986962811689,11.5347803046006,26.9301736566947,21.8663439169135,19.3546120437675,23.6137151494583,12.8943228015392,32.3531535082466,24.1541096405718,22.5767725615742,30.5768485531319,27.1281564026146,13.6966963776427,11.7034419534287,18.7309637265641,16.3827472374722,22.5215006221561,12.4946029611527,9.8368604898739,12.1590588459183,13.5188959280046,23.5644627944641,8.55328958893606,6.79664378359002,10.9570998453576,11.0981430266959,3.39388803094371,25.689265874874,18.4755214471182,NA,NA,NA,NA,NA,NA
2.42022002682158,5.86716160083191,7.58398135034992,5.67788298827636,3.23895577389151,5.04698207268304,6.04601569517975,9.06523591307127,15.433967699877,10.2903451756964,14.4643984246173,12.9055493775522,8.24313140113336,13.3389165261512,23.7335643587286,21.2851541169649,10.0322892700452,15.6083461904846,20.6771101260467,26.2671178389812,17.7317191677585,18.0384874956214,15.503790006345,30.8443461163023,26.7648918553391,15.187249365532,19.4019851430642,20.2358732603753,37.2791954061669,25.7223760674379,15.7037399758102,31.6886381975917,30.5073277296913,22.0603364637217,28.3381319001867,30.4286228235507,36.9701505506213,26.9392420827771,26.4718422832047,29.1646382671619,32.8319061911414,32.0445151538735,32.5248320990144,23.6912807761777,25.5386919408542,22.1557680632512,38.7088455123468,32.387397523137,31.9448928234327,41.9713411382903,37.4677330540448,49.6228339761467,29.0449703865042,40.5682181880568,38.846894385795,47.5586074726161,40.900435107313,53.4177782164123,51.2849978246679,53.7540368304329,67.4162565963011,44.3734666472158,31.9887767221362,39.3523019164604,50.2229689446078,49.4834817593588,51.1570811705214,48.8511947377993,32.8675478666439,39.690984969574,33.9472346209894,41.8723980867419,41.086423545838,32.9522299769809,41.2431024106365,50.7247792416286,44.3407064536732,39.8546802241005,42.4971529115486,34.9963650678312,40.1631418197901,42.3507865127472,40.0013907944719,29.1730400724189,43.0998579865449,38.764220269999,40.7654046890217,46.6397204197953,46.2831331253092,35.1686195895128,40.7520665629402,45.1624089825564,50.5510514160626,45.9925530046976,63.3390192258416,55.4787103457482,42.2993748876903,48.6310097034447,54.6601403546827,54.2257094598193,48.3068163483243,40.6265018430006,44.7513576951153,58.6479504678499,45.2810827826572,72.5279160914684,72.3229674895569,47.1428708454106,40.7768717189373,45.7483601103719,30.3965341758046,65.4435469121305,50.2834969087434,26.2130060394249,25.1579762413879,50.1953661040827,31.388533349402,39.2879206991161,41.7799507372658,53.6368120147314,42.2848239916788,49.7987926194832,43.6387231043116,49.4143937236175,64.838492350172,25.9563869604856,57.674891768961,55.5578690626601,56.8630578813897,35.8427238286284,43.1465711535803,50.2786327605933,44.5772419127954,44.5761173784194,58.2780144018791,53.9008035761996,61.3302737734854,67.6939483012868,30.8789256192958,43.5677381141899,48.2900376704011,38.8809288237526,60.6537694353219,53.940174149449,54.6978463049571,59.6523338600674,54.6206092764418,43.3301470064876,46.9498746056347,63.9962789800528,53.0779963929082,46.8691223968964,64.9616288386345,55.1046232517563,56.4924817794763,40.7064750473143,57.6064813472267,48.3175511125023,36.3037730411212,64.6536197851457,56.7014881573469,67.4374935969156,55.651446201566,55.0385407494161,57.1133347413494,49.2942023161193,42.4699246602904,41.7830154553858,35.4947907044232,63.5700331912948,46.963252914127,67.3286324850536,63.6981704457164,62.1603573585292,45.6372867110964,36.4452882527013,65.8430540012048,49.2206278234486,62.7289985285416,72.4890349719456,43.891540755267,36.8172356777862,39.8622564796093,59.442495040686,42.3376278598043,43.0342593473963,64.5950154355498,55.6907247710797,59.9971033209785,59.364639840675,26.1159206908288,51.5478753947598,59.2378699533233,48.4000889128023,56.570576029386,54.4018621902495,60.5045119848836,37.4226868828482,57.1472068872869,70.3876577411366,38.7680996630845,46.9079245885919,51.4742587427177,46.5982065863532,63.5169988254799,50.6332921412816,51.0408866073535,43.901734458703,61.6642756044577,58.3881683820477,45.1198516928254,45.4100420271384,58.7323317143936,74.6534334316126,72.9831075495656,68.3289386992421,37.4600234391222,50.5179001006911,60.3143303354335,69.9767623462492,77.0455811070766,32.5011773820618,51.6119369452037,32.9210289535051,45.483822091673,67.2745566651778,51.2159397433709,72.0589750143303,31.5046994174427,65.0435690011322,59.7010534628788,37.4219270415135,58.5965102862385,68.2902530663356,58.1256205370718,57.1990910541518,46.7395004286585,44.7396537650883,47.847297570481,48.2449002249846,60.3770712485697,53.8477413297299,56.7019693219496,48.5987671048894,57.9337740085843,66.3410548293762,44.2915393289302,53.4325467539907,53.3254457548007,41.5366438185106,43.9487890178957,53.3756507465543,34.9372574683871,48.3130661819091,43.1825308101712,56.0564470664363,58.1815908566679,56.7019157572441,59.7075631709812,45.9410800405161,59.8086915927552,42.4742980091898,56.1437678131919,51.061661402796,56.6786851595374,42.3810018203646,52.4603362866185,37.2488641372323,51.6036757686739,44.1495572998373,58.0815219680963,43.0583376830329,55.258311343981,38.2357132262083,51.7367579328043,45.7661870015262,56.4199655325365,44.4071042179616,59.8928584061934,50.6052651542658,47.4690911310667,54.0323265249393,52.2402703091755,41.8907225335602,57.135494033631,40.0184690753003,54.8024470236846,39.3575720793205,42.9797564003235,49.9443082014172,56.9466518127938,53.9400155181869,65.8896060499582,34.93998163754,48.2134138381965,46.3658490316756,41.6308684014188,35.6690112633691,60.7231609944442,44.9002345254487,33.0907456819669,47.9481120274946,35.3458673766442,43.9746172814729,34.7680599790955,59.7824618010445,56.6996231391521,41.9958618523397,32.0962055530142,59.4361197677198,37.0916503848353,43.0754735099965,26.4714369394216,37.4610204005182,48.4118152961849,39.7763421070988,34.5182824755177,54.5037742235541,46.5258133822868,39.9058705422866,56.102574157928,28.5758424351878,33.6170694980954,50.3328522619319,32.0904178209949,26.4055663571075,37.0751881026905,46.8603546993946,56.7163807977516,35.6781389442178,38.8957135543035,39.0183696674585,30.4644281892238,28.0681973022337,38.6201045864703,46.2427170928087,32.5563254720398,51.2358188835387,41.8340449924071,37.71343986535,23.1093767135596,53.140820174515,55.6343881155654,37.5345152915859,38.9266548723459,54.0401048165564,33.0151597216893,39.5452169796044,36.0591741921274,27.6765656819615,24.9211750017636,27.7975808964235,16.7767551929453,38.5421692312679,36.6694427526307,27.6920149693096,26.0756905983457,22.5110791980252,21.0786535816133,32.1071272978793,20.9101432591248,34.4189215390541,31.5446779880844,19.4801607356218,26.492469001529,19.7604125358235,30.6089527329846,19.3228255772477,17.5424779943064,19.193544616856,12.7712562812829,9.08286614525606,15.099482199232,18.851354314314,16.7642405021568,15.6623822768039,13.4569107942864,7.11829447075324,22.6492884565513,11.801560530819,5.77298306409804,8.37597067179584,12.2676058266747,12.2496037451482,15.0656179922799,5.77083356594049,7.51900310774933,NA,NA,NA,NA,NA,NA
7.27389227836784,4.0404159045623,9.24284539399629,6.84874096930172,4.07970315294439,9.99353243883046,6.47096526921671,11.2852203066596,11.2930934216102,4.95095663626173,15.4053651043825,14.2245061653574,15.2094802305301,10.9055104584505,15.2221108621995,19.3017318340506,26.1455362293566,10.7941792498338,14.5607968275427,15.7538199175843,25.7307196675885,19.4877144685379,12.8230428594212,34.7343943862339,13.0806690374467,14.8743308103276,24.7722480964,26.5828787525297,34.1317024145153,25.8614121649985,15.1706938581938,23.8985550034155,17.2006942961979,29.9280520445727,33.986175299382,24.7348818924102,21.7272126426283,37.8832113389915,25.4934148814738,33.5078218568529,26.1081645014982,28.9482230877995,38.4259113354526,40.386634191415,32.7844105770852,33.3322582891373,41.5010416004829,46.3183733617113,55.6214089306814,56.3230652360732,30.3192885595499,28.0569686767569,39.6584214803851,60.7834522162018,44.3050490696927,37.5635738065276,32.9307395634754,46.3210417217958,43.8604755727574,38.6003498680379,34.2693500581532,41.9767414228369,28.6639375745235,39.9427506431422,52.6389079391031,53.8087834870773,46.2313805952439,38.3410199641542,54.4354441866821,54.1017718342903,43.2207580031288,37.0135003724938,49.3356358164757,55.267111371026,58.9806426966122,39.9194741773263,60.0158620505313,45.9592673026628,54.8898503173283,61.2928938681364,61.1280050243012,60.9657775362351,78.0958590506707,36.972974127516,55.1247053922523,44.8682440347042,40.9008085922147,33.1217794291452,51.2571679811451,74.99921961446,45.450517926216,61.1513156419919,52.9563289333454,59.4400184899143,61.9411832824354,63.7436828670504,55.5122462702161,56.0853356045733,40.4249313056007,43.8372919478005,71.013934372896,33.8242123129598,44.1403141461384,64.3925020776442,58.1096689681166,40.3008457488178,48.6793107908515,52.942837230551,55.4293924324868,64.0322653512497,54.6764426625285,60.8820925309165,33.8455831236315,60.1443608725616,38.5267451690394,50.2974885292863,53.0364534106894,62.6058077029367,84.0809979933055,69.7883186121695,52.3795684158621,58.161588310101,61.4097845744033,60.5014984164424,63.3250918362558,58.982774499824,42.5983108214421,58.9817222978377,54.3132860463163,56.9226355729611,37.0657682771207,62.7759284587396,62.6912975574203,63.4645936983096,34.5629602215002,58.7750451600592,60.8805962073301,72.0506793381888,43.2220350462833,47.0349581162968,60.5518529955487,32.0518709028916,62.5247905561537,56.4562345186567,60.3208923486403,62.9995095396335,66.9490921493901,60.8869841257917,59.4875732334103,70.0994071789257,61.096664927291,54.6694073533077,62.9846976760883,33.2832130674438,52.3903920846668,74.1924791038003,79.9723413728,60.0591762215598,66.184028461494,76.9666693311716,68.4259938251702,61.3560464427859,63.1910852707555,51.6818949490799,54.7157224111084,55.0040352634543,62.9114386188973,76.1739186328668,46.5496284385988,68.9423663851538,55.1233716061105,40.5324105433817,57.9584047521394,55.8215258678667,51.5605066273772,60.8903358724095,43.6155744256288,57.3408723274033,54.2392738106579,54.6871192321191,47.1788079973211,60.2648677596358,48.036649190664,64.2132861330844,73.8605497120979,62.2684081883824,37.6164301293296,47.9185486586181,58.0947915912595,58.8527894405179,33.830909219371,64.1168336347985,31.7841627599019,27.1761380009466,60.5825493416446,40.0168207096141,51.384043065261,56.145648674807,47.3075096558227,58.7122307635446,62.1901750256203,70.6689874044087,53.7737170947708,41.6929337964312,74.9128560001166,66.589566095322,45.1006285731583,59.7675015665597,72.526915625521,49.5973432566912,56.6344805871449,41.700575572256,57.2636647906557,59.687589634324,57.6835142670454,53.319257896586,44.6958709205901,60.2815800243491,53.3881424563342,50.3208274283,66.9582507504378,37.427682178942,71.2065099343333,47.0259336227622,51.658841508296,69.8605863478622,30.4021246067542,45.6822173519411,71.8803277525781,71.166709653091,46.9818868837608,75.3515894937085,67.3638908012526,65.1148109652482,52.9334115611447,62.5580977880364,70.9680779151475,35.3869377358896,40.5073418472141,51.4648506389185,57.9854745322812,54.2598565132689,61.1942562798755,33.4435769826131,62.4550784253372,62.3393376176859,65.9430691999494,62.6117837235046,67.0672875881644,77.8016424643943,51.2021275024752,75.6636216825572,59.7030157352217,68.3634019272344,54.5249820342896,57.6355233878254,61.4310221184604,47.2640848101856,43.3277460140421,52.8327201475488,50.9196640838208,49.8382754628602,40.0430028348536,37.5473268223201,66.0983285954796,59.2788154506629,41.4073704519318,39.4825454468645,52.9727768602917,55.4113903650687,49.8306216882237,47.1377711875705,42.9523975373456,50.1037244915214,60.496536391784,45.1529875465796,42.1864577225912,46.4997860554433,56.129049518593,53.8731544931733,48.3031986426656,49.8016911015037,73.5855246527314,44.3511524189854,45.2553664604664,60.2229777085067,48.1337785188664,41.7252329886337,45.1142714837199,44.8367318969575,31.8326029159196,68.0863813551207,33.8761042634705,46.3936990936161,63.0305456161603,58.0385992199645,46.5054988288194,32.4578972397614,41.6151947629705,44.549075461008,43.5127202649467,38.0158379108411,48.8847638706971,49.3519932631299,65.5244721683545,49.1525304345409,52.8007851972873,60.4749145022671,45.299931114507,56.3728179982616,56.9898377376259,42.2835703641261,45.6167025220116,60.2592096044905,54.7914544433676,49.6206084655402,57.7652682137161,59.0239061484044,30.5460805760254,39.4373154227992,54.1958649953063,63.0426995229559,47.5381689483458,40.2509991552313,38.5764891176271,47.6846853852425,57.9974307053418,36.5769109721932,33.5809049544414,50.9526708072937,39.4966490342754,45.5171399131963,45.7858825650827,22.82900584783,57.3172322678511,44.0586007845634,40.6560889789418,32.9512807784304,33.6718651311547,35.952116751939,39.9948562590044,36.0209910498914,40.2341549002026,48.4458865058687,31.9949988259747,33.5939954090019,38.8961081301904,27.6024115536884,34.7148104346533,40.738583185396,28.5965990672286,44.3881647852431,41.6095957988558,28.0098351397776,29.8948360089116,41.7119153342482,46.7504927541215,42.8923158209895,20.9021762008944,25.5469797637469,28.3401536207055,38.0479891447296,34.4391995539889,26.1861684485792,22.0753123880822,33.1423002746362,20.8246134032524,17.1885580079515,32.5334446553749,28.1038506693479,18.8655024569411,15.1944098166527,26.3482946890279,13.6494414149092,23.2077363291712,24.2133840721088,33.6723865885799,24.5521001340839,9.59070126703942,11.3854822671699,11.3506367575431,6.67794739103891,16.3964790741553,4.59744535574664,9.82498955047632,13.6500392537294,12.7694477008917,NA,NA,NA,NA,NA,NA
4.6307924261337,4.63594382263671,6.60585843550129,8.62399123520147,8.80351142617752,11.0023247910546,5.91811869374276,11.3717571766626,7.34980591672527,8.92856919607435,22.9106720959806,7.06941225951222,17.1686169919429,12.1083111985901,15.2498221965481,16.5708558906149,19.9376780926151,14.9851364506445,20.2929888673702,24.7290887483536,26.8751497610703,24.331618975174,28.0804147821164,21.3835021844387,30.1708213889665,22.9420195904617,25.3124398164903,29.3324784654528,32.2901671475659,37.7379946941386,30.298170220751,37.8341486766109,24.402053132335,31.1577066378119,38.8179849834595,39.7985948486833,42.6737525913425,37.2768708834575,32.2582275043529,19.5331857099928,33.9952887057816,28.4253150417694,36.0686346572044,40.9860007428895,39.5671662450548,41.4834990661556,22.0714802721294,39.3791747949665,23.5853358408272,49.5475177165034,37.0674007210478,52.0449444471462,32.7832567581633,46.0516404182041,35.7414880559739,39.0487442645849,42.256054934801,58.0329727803182,53.6659885986869,57.2705120748902,59.7188357397684,48.3483437285861,40.9842734445327,37.7526262165977,35.0185707364627,38.6749098545101,34.9849435984513,60.2437063651425,47.0866963520843,41.4766177772855,63.6577423670175,40.14348602954,55.7237508409057,36.8665499020203,50.3395051201441,39.4420255019829,48.214022735394,78.6262693557964,30.803390469951,77.809452615362,47.0701233988416,45.267763396438,44.2133704576511,28.3503831557214,71.8009394147012,73.4249130467076,36.4697124097677,39.2268453849186,53.818460350783,57.8710808265743,31.5129627407489,46.1630881487402,39.1883844756109,54.0852884334769,53.4947876412737,54.2620526774862,32.5068791675329,46.1665114698379,60.9727153712553,60.994442572118,64.3776086556246,52.7437369785332,68.8109628500836,40.5725303305126,50.1500588275025,44.9121735927174,43.9348092902177,61.4149080420807,37.1247278769842,63.3026733451359,27.6120527535812,53.9007482978903,60.8687258189076,61.676985660071,58.9230450565072,64.8849755856411,49.8759353699192,52.3484086998416,47.1314202858328,56.5570477215145,42.9213658974089,35.6171794725428,45.0259962152239,54.5171991168726,49.0643112585497,40.3000893190702,77.9131399468751,78.248561191055,56.8693725887256,65.8428501856192,56.3861500001457,67.902271074983,54.9492710644282,70.3705780775209,52.1800840018482,31.8382910838077,51.3102004038222,55.6949660836665,48.9844267985819,58.1363025108312,51.6006970778001,35.3812841348487,69.1726219873419,55.2688465697722,57.8238226604275,68.2905446644259,68.0854469429312,59.3857829611175,68.8722164869462,49.8253521736793,56.625646751373,66.884871623363,75.3344825711703,48.8036870874193,45.2414144056527,46.3404704324191,71.6474479605166,49.0979378238411,48.6643783281224,54.2915150558681,47.4421784530111,60.3700400347315,70.4303961372828,66.9313997791283,61.0530903476299,63.8758946886865,54.7478422055615,47.585303055572,62.4518773501746,63.3031997832297,58.7657330463137,77.0666373795604,51.7223681549457,74.0952939814929,46.3273410410033,63.1224397495296,62.8026253007889,53.3473653609243,55.3890607448462,58.1099056816223,48.2532901672774,60.4422554793074,54.1753741817129,55.8705685423172,57.168661456127,47.6766460860271,78.9273412628162,47.7331168742769,56.8817944717789,60.132782119266,47.846350443261,49.3456500137283,58.7292195890239,55.7450388245294,69.0114393551342,65.1988437671932,89.5139121807859,59.1941728669871,40.7294140622729,71.9278941993038,38.7487613969268,37.3562531479446,54.7402631226345,60.4919937306528,64.1409783438227,50.3641290465954,48.1324467935242,58.277893783053,66.4097033174409,46.1748427219423,74.6868007241926,74.7918939161752,51.7126598694793,71.0984869509398,52.2363162975519,56.2727878468494,60.1151468880055,64.1866384552632,48.4846110193182,72.2387139844173,60.8139655333068,75.2888519967462,63.4986158200753,61.0606821637864,64.69920504099,64.8557488114094,82.7197956987584,55.0444961564372,71.9283828522533,56.163298417216,60.8007491583913,60.2298084553278,61.6429253916196,62.3378568268211,44.0757954778424,53.8322173610448,69.8441162548191,72.746529655641,42.3306699361323,67.3345956038169,70.9782419539459,51.7732798489172,72.1023052233668,47.0108410760704,43.7295081685138,66.3258747863624,67.8491345086371,66.9148551159781,50.8283526874933,42.7062296329279,57.894268245947,52.2718337967032,51.3980783244112,64.1174897740026,55.1594668933145,54.7266890425818,52.7902950855453,51.3483398433011,50.9162583422746,63.6718803594443,44.3357632076387,60.6031355422802,70.03614222372,47.323131839007,70.2584345292602,38.5349783795437,62.4670357297068,51.3468084083231,49.7414958942795,55.4603596049054,41.6318784001345,55.3299249474806,68.4222410639524,52.5879204802241,49.2525854147804,37.0676885459223,66.6615662642362,33.2974422294723,34.3348372023886,40.1397715945011,52.4128075032132,39.3822112614672,52.7814666374799,49.3710157972424,53.119419684979,43.7724476285743,49.5922783770986,53.1309266487786,59.8387008387648,50.2144567645199,75.4043569069099,45.0309569722141,60.8060754445811,49.2834403232299,59.4889630711987,61.1767475563231,34.0138845475409,59.6834934827237,52.8151843896868,45.2758269619379,36.7990932385601,55.6585014386102,52.9093474599395,65.4944559666704,46.9269894631452,34.9934337566055,58.5307595779456,46.9817395783898,56.3530440907776,53.5646087096058,52.7448986719889,48.5471036203166,46.6083443252839,43.6717961305427,54.3165544558612,39.7776025658672,53.8530091899392,69.9659089974618,51.3011858061737,51.281501080997,50.8713012730348,49.8574483551145,54.4210010018633,39.443327471298,52.2643412938401,49.1483434789339,46.7074438958693,53.2006196367951,52.8418999983797,61.9927532300064,57.0730898342376,38.6970604707077,48.0754661147905,37.8103865493724,36.5469833969509,50.9258037557874,42.1523643415159,33.5433487117409,37.1436437823248,46.5350401201177,39.6598752912829,31.2523775322435,35.8311839623892,26.8290913588209,24.4088785212222,31.7774183073216,40.5804420991487,27.4777689386434,27.4066598810434,31.3231236847065,30.186718674481,31.4528014176496,31.4277012306268,30.3420343335187,46.0306873846944,31.4580442413309,21.428234599072,36.1543055965021,13.8650377422925,20.0607080507683,30.63432858241,21.6022506687548,33.7925991825445,26.0626176591127,23.5451888075373,24.0647671415771,13.8615099761779,20.8160642112036,35.9421441349531,16.077570426779,29.6461870785939,24.0121258991409,21.0671229845603,20.7996430746695,14.9685094451354,24.8601333115046,10.4784619752626,19.615346949112,20.1290208533306,6.75708893641048,19.9524113753762,15.2978395410623,15.0905766921861,11.5805038907507,18.125909148156,14.8826411299182,10.0613877030813,NA,NA,NA,NA,NA,NA
8.74183957122753,3.91122043585527,2.22678677094686,3.10034008494315,4.9442650756578,9.5054586890747,4.72479397735712,8.81535385599845,13.1695820470849,9.40760452984242,13.7901991537931,8.60294692854548,15.4017689551503,13.2769873684416,23.0315345157254,19.1604514959392,15.974595579489,18.3660850580404,27.2872672285726,13.3445982581868,14.7471863350644,14.4506880206505,18.139828027869,22.0863818316988,17.1466769510145,25.8509811839257,25.158672288993,23.521384238177,28.0936696445741,39.7861816183829,19.4573561279511,40.0654738149784,46.1749311424223,50.1963315991297,45.222274914081,29.6587430343416,44.963801440264,61.8754316089573,38.7335828696924,29.3664116814241,44.85941481148,47.2476994770316,33.8650267513351,43.0794620076444,35.0147055663103,34.9113931198068,39.4180292391129,38.4376135438906,44.8043758718023,47.9648061087191,36.7454985872006,61.6802692560379,63.4216861437459,71.108543428466,31.4421459434733,52.6282435273153,50.9873965573243,63.5208687404541,53.4658448404506,62.8682382393892,60.9171637342495,54.4302721256297,52.8543440802513,55.5866347660071,57.0603570492279,53.9117596491256,53.0471138597024,61.295048142831,45.5777750897771,46.5320641360333,48.7012479908794,41.5340764727215,49.3990055925117,35.0008261114874,39.581653469498,45.2664306936977,73.7871569573482,42.3727815602573,54.7780033576387,60.0335324165884,62.5175179640332,55.8348906229826,54.4162474829026,69.741162561636,66.1543014180061,67.1683006419644,56.385547521607,61.0427137232577,81.521639701264,37.9222410112168,51.3466440189991,60.2768349096845,60.3577028724974,47.8158310659158,62.7645722268365,55.0644262440507,64.2872721610082,61.7983802923492,55.6512420166457,53.4986291732407,54.0625565010347,62.3059426337722,62.9238013968036,56.6393679437331,47.9384359714032,56.1973698050965,51.5458460218887,68.7452084266996,55.5436558402023,70.402711866022,57.189817224033,60.9177371280108,67.9884285106066,46.0498387332836,52.5205298959924,72.2019210886139,58.3913238640423,48.735325216651,64.0826567720508,65.1096393251552,49.4648090466769,76.2719267767652,81.6954893145742,59.4300334888382,51.0831521851472,45.0619890751152,60.2976080869768,52.3795158881861,50.1345293658614,55.5271164724007,54.0534957770263,68.8592509205742,50.2960200453082,25.4293203763425,73.0948785077925,70.4896806456244,58.1394143804096,58.9024337851955,76.3681242323251,52.0092899840327,63.7075298074554,62.0037382873641,67.7519750506694,91.9811187086614,73.0829942687819,72.3955493209957,73.3043083978742,69.1378460691319,44.256859587271,60.8306552809773,58.7488435583526,59.7159422884779,94.0565652029414,72.4574091461899,64.2416198954758,33.9784593489178,60.2058941401308,44.984345828516,45.4892599052052,77.515638894884,65.5170777839029,79.5721416354887,63.271489369715,57.2821946751968,59.4918227193141,74.3241658635184,66.6047283411005,65.6408184556697,54.7017097428616,72.8402588720326,75.2640447278973,63.6559409826394,63.8419802236496,64.9661869439491,61.1022767736986,53.2915875348443,60.6587952113523,55.0024034204972,53.7795461699186,70.1684072168421,29.7195485963627,61.7345408952043,28.0354759007742,59.1049990261361,67.5464505739187,60.2105251954749,59.558127729938,63.4178597353534,66.1438907116316,86.2106129533031,55.1194815717375,63.2672383805796,76.314307243256,60.9045899338626,77.0178127957409,58.9997714697336,90.8132033820144,62.0070161515304,65.8357175104866,59.510859747754,59.765598718574,82.3226145407484,43.9885270249315,45.5602781911547,72.0654323712518,61.2770185643062,77.5844273970558,55.1065313869158,61.7678435232289,60.6123923074491,62.3181666321117,68.4148676944188,79.7430262653031,58.5720814957098,52.5461635371912,63.3665370350152,66.8216127677857,72.4436493927207,53.6726947605216,57.5524967158486,44.9315365791182,67.3904412289419,68.591865930892,73.7913939562224,68.8833306407012,76.8456578535584,77.8274799568511,52.9050259130018,47.7862002599867,60.0227992805996,71.8037803974766,38.9994715048056,72.2393960380721,65.127946734472,56.6648087929383,29.5480850482859,47.5571161005392,46.5760452997247,59.2995159627068,56.9141473611466,60.4394945008846,63.8928538292782,53.0242481778955,81.0162443681942,63.15472153908,62.6303870472256,38.576743530977,45.9861802571213,61.0745650518402,62.1512850699091,47.1515384237898,71.0898180460164,79.1139314414376,43.6465676640971,57.6469490539285,54.2657098941412,44.6286771311431,43.444931832836,54.0461972977998,66.2908962174371,54.782415290552,48.0355883897097,45.8624514032978,63.9934538422925,46.7335151584862,38.5668684063597,62.4847751031185,52.1513280347133,60.9681306869959,65.1375715166965,52.2179542200397,50.2795046516758,60.5153189958379,62.006238146413,53.5833114894862,51.4349156738387,55.7763269411144,62.7743352442953,51.1958843888634,45.1863565728321,75.0831865606882,65.9596023799926,73.3685484898626,44.478656255072,62.2608182672961,51.0557834214413,56.3212599311564,49.4189605014081,45.6831810255162,52.7377412801262,45.3466124589439,50.4247750196248,70.0961111868466,49.0288531291313,47.0024281988613,49.2571856838808,46.6503076581488,48.5656480745396,41.7283838676501,50.3888000002885,55.5372309078775,53.9522582050604,44.5738997401115,48.1789792401847,46.0098293733275,52.7382107702585,43.17930783202,52.9235626223126,42.6087151652085,58.7938152599699,40.7947299318466,43.4955034450209,49.6972740232991,30.4196971617094,42.6113624184226,59.0591812418902,41.109817519067,49.1896859607249,31.8138792598053,49.7214680245578,44.1478239023314,47.7616398159939,36.9906704071315,34.4892358557901,33.8870477425778,44.518747731782,39.4458011811367,36.8570823475752,59.1983455670078,43.4959963534493,44.8291317943899,27.5256342183634,34.5772774745173,26.2790378350486,61.5313701273287,47.5461076691681,38.8585408709584,38.9264981017801,23.7385992280783,34.8822718898925,27.2211767667717,54.3028456500744,64.4952566063748,49.8042877116388,39.8540892424357,42.7088130420456,34.5175281906129,33.0854557241762,31.537840723764,40.677124000893,32.6076408245133,27.1243524531392,30.7820509981904,42.7776531304201,31.5942974629586,13.2244940311458,19.9494958198339,25.2422596257384,16.4020033404563,21.4650379494435,33.2067742344377,43.5545913764475,13.7261392156088,26.9413698980923,19.8833277192475,26.0433755549066,20.4995768168501,16.1426270819488,19.5721786313523,21.0166151358974,35.8101787852102,20.3119228564278,23.3714134234992,17.2123596020585,19.2527095490673,17.0635475138939,10.0078406429444,10.4146877893107,14.318804786707,13.2443540575674,8.11773787933876,10.7175965162543,10.8926100418559,10.1364555594809,5.1681687062387,7.22856545519099,6.46678077495983,NA,NA,NA,NA,NA,NA
6.59574418495423,4.10887354457611,11.2098004033584,7.32198218455047,7.36046817724974,12.8727177831898,17.317826864937,15.3495542226109,15.2542676814479,15.9894741677563,10.903780361453,15.7095386964939,37.6856646772542,17.9939452172222,6.21327828241418,22.4130512787808,15.5575767696605,19.3566066330351,24.140199983332,26.9787275956191,20.8669117008464,21.9251708604657,39.1706947588828,24.0797398319611,20.7988210530315,18.6154053740085,22.3033366452245,23.489771985667,27.7612153158233,21.2151364296449,32.0615774969676,42.8210331338744,25.9166305372091,18.1578889336244,52.4679472398736,24.1244510992595,38.9090562508563,32.9158097620465,18.9931482077274,18.0308208582677,39.0110789773151,37.1622857031009,31.8086721427891,16.5611069011822,24.2605395513345,44.579735316692,44.0821984780722,38.9613334641209,31.5658608709997,48.0982203476816,48.5331454653383,33.129656668636,45.4278123065888,41.8350663869083,42.9140598787355,45.4795424008865,18.8149423224172,34.6298064626503,31.5010550829718,40.0130472649484,35.5301930986942,35.4788427339472,41.4574005438768,33.0628405559282,54.9646876331468,56.4070293765681,34.9287208099729,44.6094783266048,57.3805982187433,58.7592287538516,70.3844719478245,34.0393592993213,33.0863926563867,35.4894246989908,44.7436257325486,44.7663739902022,57.5635706083589,52.9889131579518,51.3443065570373,67.0992008269602,56.2395918572136,48.2954395878916,65.5978762617536,45.9640908676397,53.157111904631,48.1666443021552,33.4848201063447,35.8204091489527,58.9916090778894,56.5231969179025,37.4979284405535,63.3973952942018,50.0937444406932,68.833245982462,52.2817338462142,49.9671036953066,46.0942905378568,78.3027922344862,44.7663369838529,44.5889696830573,44.2624297607923,38.7545513608994,44.0243180597139,54.2914662525046,54.5609475244089,46.4566532890539,53.5835138781078,56.1475357860416,54.1392342780527,71.0251363370758,45.1537749584163,52.01509833924,36.3687590528732,44.4731896864177,23.6391898908262,34.4376818132113,46.1102403158267,54.6748502189606,54.2495372759705,68.873281548715,62.6750622940568,49.2649112538219,47.483782772,58.0115907888368,65.6287815701761,47.3015597789686,67.1908203841874,64.1204792812884,59.0820265539328,46.280696747725,64.189086632251,61.5176523186172,46.0331351669744,70.8117773129768,61.1187832361719,58.0154084337503,65.9014467060798,67.3266736003017,54.8037369054564,48.5020071126356,40.0203797430744,48.2622935689871,41.9592518945952,77.0268810500309,59.4933532093956,63.7873426591503,59.1079151933167,57.4178273223916,46.5493056309903,47.2356172579257,47.9950618947204,26.3792563190752,64.2350489937353,32.0926944165489,51.0285497677338,30.2899383127031,58.6922845186433,51.4393480577019,47.7542142859242,59.0419529083817,43.1804419523628,43.0237662254376,64.1723236898385,43.0988585276457,65.3378838232132,64.7599974702659,49.4455555870584,34.2105060628517,52.8891767770162,47.5969395448076,35.1520946375236,64.654218834767,54.1985167979359,62.2531462261271,54.2384113694963,69.504501089622,67.0834115559104,57.3769914857944,76.3099053181689,65.1713987099284,44.0474177168134,55.36116630359,72.1850358485719,61.2899723535282,65.2137854999516,70.7287808133347,54.8336628179676,57.3092270978509,72.0669301674123,72.0013454220017,53.667634472335,71.5515713016596,66.9360765328231,69.8379878928693,63.9749116150488,60.2831228567422,47.2055991749899,79.6853953620686,57.4354706256177,49.8048629554958,35.1876343049883,66.5510096160312,44.3618510801274,59.7256368034602,48.955742662871,77.7328412122907,38.3781553613085,73.2645240548914,55.0983278818243,52.1762082776667,64.0004018328138,60.3432517034553,57.2414040285409,50.1736783530132,43.4260197503241,66.1560913582111,56.5372237911197,67.1790863384916,59.5660472075577,40.233836853442,66.0944016671297,62.8432080236398,72.7053469374274,49.3246437628992,50.4712445269151,61.8032671029335,40.9714798304711,50.7364614465034,67.2327291021046,66.6485033875195,37.4278376834097,59.3031883128555,53.3721424949456,48.5542873043999,70.1757376046534,68.0355622488684,54.0208038349801,58.4965870959905,45.4722455576499,57.4435915334201,51.0034228558079,82.1593120144672,54.2844647401603,54.4984270351804,70.46599721957,66.6122668363613,44.0862093805174,49.5881780435557,71.5703144258872,65.6415086837798,40.912381444724,54.5842072671743,41.9970047093821,47.4073199179975,41.766166358389,34.1263037725323,37.4827269488609,69.2338894960318,65.4407701679918,58.9803657975815,50.2191421977915,49.5929552176475,47.197887612192,69.8674879974805,58.9137254383104,70.6689593333282,59.9795151933222,38.0937770772942,54.342952683547,52.3406074246572,40.0401285747654,70.5080533442487,56.0738237859808,53.4695654701141,43.9099218338201,70.2686226026332,50.3286149692751,49.5550812496805,36.1183905381929,51.699555182255,40.2934315541882,41.6328660503749,61.8402974057374,53.7142387671002,46.8582786443986,51.8917040571698,51.5095951328274,50.4000992839912,47.124600465727,70.1509044242991,50.8616988870208,55.4225340732361,48.583566197684,49.6397123344436,55.722410777658,37.9305739076041,55.6969775562242,53.0862436178237,61.83708213714,61.4371902045826,48.418869251359,55.3288182839926,47.6984254319364,44.6967405701417,47.3241481370048,50.1619224583993,53.7521336245802,44.8185929987725,49.4498948365508,40.4273784949602,44.309019343667,48.6335586920645,60.6912784615013,34.6844852733785,41.5203959287243,53.7912072733114,52.1307567886433,46.7362123934087,48.9786603711062,25.3269846282759,37.0148283034904,34.2937984120924,46.4448075758446,38.3841082326386,48.5811636353278,43.0166375127542,57.589906838114,44.8059987087131,32.629676806219,34.8666767546288,49.833185107772,41.7572940913336,42.1397073606568,41.4142404770616,34.6438974902766,33.310819427107,50.7713964685771,37.6638308604265,41.0156975683809,28.2319317252804,39.0341816175883,40.4008432138214,30.8260517880957,39.9652850133214,36.8658588983051,41.6152476703824,41.1986646181214,25.9283742355842,41.8431366920495,44.490584906769,37.1056899978517,30.7348016712764,29.885946183116,24.1796388166644,47.6832515956582,18.1312620339355,34.0416201541901,31.6005662512399,18.476260422776,29.2645645724187,23.5501496631912,26.0523128359431,22.6620251212225,16.4502863950049,16.2055454975508,34.1231703971188,16.1719952014752,17.4754623682885,23.1923690284376,24.398345156458,19.4562678952723,15.4946187746241,16.3907043116182,22.316236726472,14.5179041011533,7.50905453469393,11.0687293701509,7.02520595409847,10.0457938473528,16.819371466482,11.4679058772511,14.0864499118778,14.8713275704959,3.87559598261289,21.9278255395581,13.9523615710052,10.6861923073177,NA,NA,NA,NA,NA,NA
3.63711370233227,6.9103502037378,9.24342823165392,7.09538406679102,4.37099565440208,13.5014817665957,10.3662065503084,10.8047168733743,8.60598896118769,11.8102615906294,26.5716063186615,10.6501162601645,20.8818923989191,19.568803885927,10.5781337772746,11.5059917501462,12.1816452633221,11.2865515626027,25.7382822061899,19.1679838573101,35.8906304315503,19.4504438321986,17.0647950396533,30.4573466557345,37.3311749147017,27.8522439520776,12.0419495964251,22.9884204412138,34.7175137472068,27.7685165254074,20.5676109408214,27.4659051363872,32.8709357747913,32.2071237251999,36.0699711551607,27.3867461119007,42.4224071174477,43.888289698415,19.7692436268442,43.6682129413943,46.5452018940398,36.0513920890296,36.7777208734216,38.1524189512283,36.7764868947855,34.7965769772026,31.442453452709,38.7666361020691,43.8817597583587,34.2955992097402,43.7215615442342,30.1291592170601,32.7164488925874,50.2450283083956,38.4241009847335,40.4017414250813,31.7348951389267,39.7282638608687,58.1535620293749,33.9153036870984,52.6823589786913,33.8274570586356,33.9995858638451,49.3031917079049,46.0505610922579,37.2557472848279,39.9094996318032,61.1594780636033,56.0871556346001,45.8608623721413,37.3666522803026,38.7101086131408,32.3999315966012,44.4076581334587,29.3860563647879,52.6536673924191,42.3072541315127,44.0479855029282,46.8557731573206,33.6896757696352,42.0727785930568,51.3329164430455,45.9572439025581,34.0434337587699,43.0715618487099,58.2310352480746,47.320252080412,48.0188524688733,54.9165393240816,50.3713541939625,65.0586562667428,64.4810384850825,57.7470031527881,36.5369169122847,63.8116212648171,59.1938758414559,56.9944379026728,46.976193930059,66.9920328499013,58.5862498272598,73.9495334255173,54.2200843421181,46.2245516487301,75.2057056033328,50.420619398401,58.7707800762442,53.6153159510587,53.1463842220885,63.1446536162391,57.0550698658268,41.1507901970753,48.4442662820148,39.1870545537893,37.3164329896045,56.4915417534265,63.9480193393677,51.4519991363849,62.3378600161406,69.2848670762255,57.080755370299,46.3469592596148,48.0088194869592,39.0433569994983,37.1326825974093,68.9734211665104,59.9844252043713,65.5527315768805,44.6909804622534,57.2573564583444,38.7986654616109,62.8650486968725,74.88007866547,51.9778004652937,41.1214264915561,30.2486299984084,57.1735313877734,55.7156084026736,38.2507095887236,53.1586394734755,59.3506032236512,54.2937872351298,71.7216124511687,68.4746365965359,37.3277976971071,40.6644672614748,52.2567573959946,55.2879169714791,47.6463174946628,45.6186443201933,44.5874711409384,49.977827831377,60.5104219420887,56.3711609607781,43.7514717135221,41.9710173004543,37.4578677333697,67.3588286553648,51.2197666448399,66.2364242848978,66.1297052050976,53.4209077027469,58.3167401647682,72.6827730467003,66.8239813001495,57.070516599946,52.3923679958711,48.6659143023421,39.7337294615656,40.8124480855531,93.0263721435022,58.3433684252542,64.3201382011041,54.721655429694,46.392626117175,54.3669241108319,47.9923581555365,51.0647173797417,40.8910164240958,69.0175319497608,55.6647622090848,49.5574010640405,46.0124267862921,31.2947319994881,63.9096799594985,54.6173590675823,79.0964546149982,70.411594766186,60.8814525093009,46.5943261815295,85.5717729370651,57.1054688463213,34.9072080534907,60.1929349267223,53.5097575577023,88.0830546922231,82.5141452752556,69.8577297634424,70.7187208524772,49.08679358673,45.6016183930017,52.4704885057531,74.8517010913162,57.9750454959167,57.2405635091292,63.5353538333014,74.2494052844592,46.6672375426025,57.4767834000717,50.4046200533666,68.0094407709487,68.3282114712736,52.2864557492362,67.6135502702206,64.5620825894948,42.5798129747562,41.3001287530518,51.2571589530761,32.1685892162164,48.1664198243814,47.9865386021188,55.6703501082373,59.8136680023487,57.5990738013233,55.0377971015267,35.3262167092636,73.0879805530687,55.2626616740728,37.0849851053247,48.8896999177269,50.7074532010231,73.2257274978149,59.9774666247329,59.7109057527703,71.0134713511831,58.3312215320201,44.3927816591351,51.9918530521683,73.2100741097136,53.9515964823746,45.9671305936475,63.4926153037115,55.4287805807105,48.0807284202449,44.2739691778555,41.4976683554691,63.7151346602188,57.4287801637139,65.0988535820179,66.6762969755047,58.3600868825855,65.3387200358119,48.4022933493712,50.2675679551614,72.6906340310342,55.9127746066646,44.8814200509282,58.4435631934285,41.5821973237104,47.6382342057697,47.6203818821195,47.4096188218856,44.0973689012464,68.0933585127909,27.0158629142298,64.069943822687,53.9594138350338,41.1479174117659,59.3556163129344,49.7722440825035,61.2159483311027,64.8939534889569,45.9586803816993,55.1194202760571,45.0956026085313,49.8106740539936,35.5743771476788,56.7630010774447,48.0390761162438,53.1500059438086,36.3670734362684,56.7062846906016,59.5868697121995,53.7076255172907,65.3440904501675,31.2304339111025,71.4087303382295,39.9820689765326,44.9092947531938,38.2291018976083,50.4360139295552,50.5761987205855,46.4795177652265,42.4511169557564,47.6305213962091,47.2654680277717,60.0387324398283,44.8649883360031,32.1168651593214,52.5884101213707,47.094700287345,31.8305205281406,50.2013398888883,50.2957995167412,43.6354819877365,41.0782829575089,46.6325296179099,63.7833418478641,47.0980427724518,23.8174702118178,46.1290367836326,66.0396179290978,50.5370298405709,45.6010873566148,39.9282053895279,59.4201185209094,46.4311115288009,56.4459163927676,65.4565197679352,48.3535515304642,38.0924912122748,59.1330454780526,37.6449695631683,51.0679079428143,37.7815429779448,35.0317606246343,57.6069153804793,33.9159723420326,41.3069860283507,50.8841190310188,42.851638969103,41.1557786560453,42.8788033269429,30.1245291571674,44.6925183720121,49.6294931860321,37.5052503110741,40.4296430735091,47.8813705288208,28.7820844260974,28.6903253236912,39.5014972429718,29.6859471170033,31.5910288505289,37.2669753761262,32.474017477107,42.2878592300205,28.2438667123002,27.6639869489696,22.2100900469094,34.2610679028172,35.3768255022051,9.72123930661373,22.0330100773097,21.0633936302243,38.5044129854265,39.9945941407384,35.6937898353637,40.8848570971605,26.4766597355165,20.0057450951579,19.9003436925767,26.3842672505551,34.6620163763631,30.6973927901276,14.0003074848023,16.9964570174861,27.1450385426491,24.0333364489113,24.0728224023467,20.6266399809041,20.4608571123364,16.7110551091745,14.4418404497373,6.82937366984625,21.6875940754136,20.3732562168084,24.3674782487228,15.040479068702,17.5435179748279,13.4322150781883,12.4428753122654,12.5387602018654,11.5056251846231,7.39297949349057,5.73345036267924,4.35639523352935,2.89555543441322,NA,NA,NA,NA,NA,NA
3.87040677350886,8.14751771992148,10.0093709282295,6.17945010249712,7.66393941922992,15.6040688929766,5.25581405580111,8.71769278241358,15.9743691077251,9.82473403710543,11.2992057545628,4.02178478425071,15.3925805464721,13.9191409560933,21.5366474074894,6.00376466081482,19.1818494060434,23.4533102998152,26.1016623837218,17.450709905846,11.4561933190661,23.9833778252371,22.371992646986,20.0727682679057,24.9141440573861,24.2387654755826,21.3542568597315,20.712513046645,22.15270684426,28.3513983918035,26.1983826752337,17.9386907175013,28.6377971053969,29.2941066588323,13.4322997066392,29.750231648724,27.0106377641347,45.0299001701492,21.5430861427043,24.4876789257208,27.789217255764,39.0658027591621,23.6427067092487,50.8328172133143,28.509261441747,60.9692754658396,40.8447794198069,60.9425901976351,55.0723227425754,51.0721234035159,33.1506017495047,42.3708993098542,62.1814022409169,52.5132426721301,58.6147039989246,48.0576645140994,30.9384941025185,59.0190158625272,40.1684725261517,44.0721854916169,41.4920316025607,31.0017116484383,33.0625426384471,59.3017257912467,54.1090422943083,30.3728342130847,37.7826183285009,44.5622081760095,48.3695529601964,48.7961986473819,36.2261925821878,42.4131449595509,32.808372915884,24.2642754552885,50.3882731981103,54.9483172527007,55.5108313442568,50.7995811192248,41.9297192244655,44.314783534188,56.463463410012,43.5301732913132,43.5757949788814,47.6972955029812,28.0106843407788,37.9763628826215,44.7183806873337,49.5688740666313,60.3275602369792,53.6798262453114,36.7807447794959,54.032087267319,50.2104862209327,65.5349495323566,55.1964914927432,33.5384919156473,48.6166595204724,55.5122445209633,42.2220703570021,42.4591305484037,53.7000151863126,37.5915655191689,27.7821530666497,59.6683405033203,59.6093579478639,54.5137996900439,57.7475247042883,56.7222371514437,49.3624190462598,48.2356188874821,29.2322736171506,59.2528797616134,58.8614861769065,37.1793822289949,42.4838305015911,54.9323758430379,54.61080102908,45.2205927515747,33.4696731621263,61.1859194840207,49.0270906883936,46.2517958426897,46.902405417019,63.2930759166515,62.8629416771248,47.0051713660163,53.9040494347797,51.2348103626343,54.5106619754428,66.9564897318046,45.9381127926133,56.7330849046992,54.6265823045198,59.4221924651113,54.5095326066439,60.729233126685,50.1448723665557,57.554865182341,39.654276433277,50.872238722562,54.5172430682569,51.4053362493123,49.4211509354973,26.5779670705852,44.4716150742642,51.0341512501327,50.6637256160773,45.6417108062723,52.4568383304775,41.9949711472124,42.621637268475,59.5753761065713,55.6586918627965,43.8603476834405,58.3181380595153,48.2770169261718,66.4823407987576,35.2431029782184,48.8776891703853,58.2224314233439,57.5441232839202,58.5966876517358,44.4601873561464,55.4463326922658,31.7573059001954,20.1063612095244,64.978027747681,41.6629408910911,53.5660130313563,66.1778273587649,59.0188708052215,75.0308839061166,71.5825053544364,63.4762562578702,67.292907844955,47.2107676088643,65.343530557857,69.3056501746425,68.551022554399,24.878662323158,49.3154517270541,63.8154253672717,56.1119305066629,67.2413952311164,54.1407569183218,49.9039154848059,51.7751254378775,55.589438564823,59.0024162269912,59.4916724677218,65.6553004560601,57.6226225655783,52.6306645272688,37.426463878678,48.7298140056559,48.1056939346318,75.679475666439,48.499914939417,67.8721971228019,60.0932931437903,57.405212555705,61.1421836218467,55.661456498279,51.365168029131,64.7445128479581,48.8355282802737,57.411968791045,54.9420921850105,56.6116614933005,48.5420782884677,52.1573910407812,73.2040193367191,63.2847329663677,56.8933217623876,51.4359771323385,41.3992137309932,56.4867801655015,57.9241991915055,53.9640740649068,55.7328475565355,66.7154167120124,59.7319880480641,49.374574010068,67.6949334262587,75.9067579200108,56.7456403806832,61.9668816537479,47.658779152475,80.3137579518532,44.3353679089409,50.9511586028942,55.1818817410664,75.6458039943752,46.5551625364166,48.2910711724425,58.5623213652024,38.554153899516,43.8546989776005,85.6181658079644,64.5838921760205,57.551586674291,71.9309553787029,73.5331405739409,56.7601664802506,55.8197313213232,73.686744299822,47.9061098563156,59.6493453901386,63.5865498706192,66.3767624256639,62.9750417180279,46.5458334105448,28.3767775644954,67.3948169085613,56.379100259109,78.0399444213083,70.1562512828061,51.5426351041412,47.934948263479,43.2838990477959,59.4636514288614,62.9709411450068,62.6077858837076,55.4574213947402,55.7647539024871,61.9921042003894,68.3884053238265,53.4045304699954,62.698337954067,68.255387852026,44.296837933998,80.0480275098138,52.1496434789986,49.2013901539743,46.4071963913465,45.8547119269397,52.5576391801587,63.1307121480717,38.8243661956174,45.2266239100456,34.2606857695692,52.4943771696747,50.4077753330227,60.9458137055055,55.6209518014152,55.9980163776357,71.8824693056832,56.9421076849092,36.624972648416,47.3064943197485,59.3467070787812,53.6486001664852,38.2811664405349,75.3777950421609,58.7625381433399,60.7084360031033,77.1331368226575,49.2847118731517,59.8294768035758,44.048499219645,52.3251527123109,41.7752972624081,45.3853799128926,52.1801730007135,48.4636799357007,48.6211601402915,42.8218053100413,50.2893715066128,53.9306985790867,51.3974182871108,64.9734363281728,48.4563041586298,59.4917181499688,44.8849400656229,36.5140950456673,52.9473901939888,51.041710809844,69.4734509220916,42.0626412915723,41.7420448108151,55.6544017729309,44.1332729277853,46.6765145817934,48.8814655809791,43.6705574135703,31.145610552363,48.5599240812127,40.8977547663343,33.6839667680718,36.609983368675,49.1384842011812,37.4291377387714,34.8209751457759,38.8870594487419,39.2737446232672,39.9328747194639,52.2137735859354,51.0777004261209,28.1208266511929,41.7957837635704,33.2443378029493,51.2054169514399,43.5937679646179,27.0526392380465,35.5593071537059,31.0012102834386,41.8440467374764,34.8169032022852,38.0960715291435,23.5112890401887,27.1915491179885,30.5204981607707,27.0289751990861,23.6613586146798,23.5845922354232,20.1040499470814,26.5731185096013,22.194138770762,20.160534670973,18.3230591073485,23.2437804599461,28.2718398252653,37.8881258260553,15.1399211088702,32.7583645285452,28.7374198431327,19.9121099724942,22.1720224971952,11.5767666746552,14.9640713905916,23.6334885477296,10.659861740209,16.1034053034032,16.4660782471304,19.8722009150913,9.63518277539931,13.1637605242262,19.7052486703741,17.8612710692595,8.33699195584634,15.0752541298928,9.6301190305778,7.27574358894731,12.421060746711,11.1230608842424,12.8489126071434,7.8909431866494,NA,NA,NA,NA,NA,NA
4.7855740902587,3.24091292777891,3.93709222473112,3.68459769502771,5.50939705475077,7.26077598602568,14.2326414137683,11.5494868445181,6.81528597363933,14.6956031083321,19.0345867023551,15.3934241210986,25.3044643336477,15.6698089860865,20.0609001522856,12.7136191682381,18.4871037207052,26.5446129145013,20.8186076321734,20.0705349051995,16.6918212527834,20.5966173177293,24.4399150941633,21.8301228890395,26.7517629172363,26.5816873765761,33.5088524212553,38.5466312216911,24.6599133883785,28.5401708259199,29.1309948262296,40.1215585981675,27.936088444438,44.6799955876265,31.6856463908904,22.2738705354751,47.8009243225892,35.7100917824648,33.9728154869915,37.0986346447337,39.0553031237706,37.6719473585586,29.9971244761343,44.4135626196096,42.5685888924768,54.4595576365802,38.6308838480993,27.4380416440557,47.506406068764,54.8914562366904,34.0093676209817,38.7307873543365,44.5860519030104,36.9120668130653,48.7107750806653,40.9603059563736,41.900007220303,20.17402307198,29.4489163675695,40.1677257973628,50.6824218113535,39.430528290553,40.8950628328601,43.782568053849,47.4310870329158,31.9488493787249,54.0266687817268,44.8625291025917,63.6929985198704,55.3320197986925,41.7685535932504,39.212930466987,63.2089427753122,42.3060695484452,34.4119396176341,70.8937636298498,30.9368957001115,61.8396168730494,59.5709956168952,27.2874497705957,61.0516284537883,54.0556400627831,38.5976366281713,41.4801308382838,48.727595989648,40.8837449192933,39.2311093620142,51.0492805269012,63.6785671732259,59.7712174821022,56.1053037543502,38.3175736402362,54.3844724595682,50.6426513689804,63.8973291013788,51.6738819717197,54.3847725028258,54.5954985417842,47.8941755470246,68.1567389736271,47.8650352209892,42.5899840759395,55.4656503180666,43.2975955801926,58.9361209539775,36.0211850351306,62.9804105997596,42.115757125016,46.0662065663981,41.8363493154679,47.6836292554713,34.7728161516178,35.9503105790283,56.8678723994458,33.8766990508607,38.6005588975683,52.5924390525247,37.9813847670682,59.8371863752519,66.0124400329161,51.9158131792582,59.1996163124458,51.5484713105226,75.6141653555977,64.927001391179,41.3822338238225,59.118722187767,50.972259590025,40.1261365823611,45.8509186233003,64.1574208848561,63.4050197377791,45.335808892799,66.7948794606194,70.4294397750597,50.4522965540982,55.6633272888317,37.1706336583686,33.2264676840177,60.3451684310231,41.3696066070861,43.952933766587,47.7682592070665,42.8829245634895,53.1075723731927,68.5358042268565,77.6606410624854,51.1068485362883,52.1917475397599,62.5351921065139,36.8484155694251,48.57688121879,56.0519297922505,53.7999585684119,63.26906745337,31.4481762064721,50.6552433055169,58.7239283674283,61.0449542886416,68.4697143540505,64.5505649819197,62.7328605359511,65.3612886999393,52.5660093826197,56.6898518906765,54.8966455211926,39.5348440664312,65.3964387260647,47.7494654307787,77.8053168766369,51.8299882966091,57.0770262222514,41.6975877703963,66.4750459670067,38.8482040916266,57.1800258830871,43.6147044020101,45.8454599497332,66.0257761838553,73.6022573141198,39.8786275001554,50.397313538206,41.8818629379707,48.5318274929607,66.3633473391546,63.9231340499741,50.6852980609229,76.7135657540396,42.5117090784534,63.3685840794451,50.860224714466,49.6097656436296,75.1275553229836,55.8358983527763,60.2529358580705,55.6652494133849,80.3035132818043,66.0436561581419,77.5956532976458,77.3017931040536,61.9695621490134,62.3384913547006,65.6229588668155,64.2107009199967,43.951038502981,77.244788152586,67.5492444260282,38.3712080904824,70.7179211693142,55.0285863720688,53.8654850114874,58.9668033582833,44.2759068251372,49.5132689454852,62.2266110883839,50.8983449411574,66.2360121398374,46.0180998471071,49.3395120007118,51.3747552788974,33.1875060285754,44.7777669666338,45.5809112306186,53.5278213473333,70.1763076850659,59.2415072750221,49.919481892826,51.9070831310262,67.7924502240048,42.673015269759,81.3643004014903,77.239738962705,52.0297115853218,92.9473259039282,35.3648098831178,33.4645201629912,38.5699724653646,57.7267973999131,51.5137901541124,62.5079157965151,55.1059147183121,69.5437497065918,51.6469337902654,37.5344479216888,70.971514898078,57.2686916127431,36.6295206934816,56.7226090302362,48.6178429724296,45.8614237289746,40.9124470907051,46.728641829922,61.3638385576243,43.1545326892506,58.5744783773294,45.5146140342066,47.9055438769273,20.6720269041731,55.6195664735305,51.9450671732991,61.6917544664573,59.4696818597977,47.1304390127708,38.3733922547635,58.4825958654765,58.2002818646902,50.8100708678944,42.7322731273114,45.1923457619308,44.1116849026525,43.5565838109618,55.222825708289,68.9227375381031,67.326820162607,46.4776739637346,47.120377323691,65.1992092691482,51.662940812366,49.9747043058265,49.2448741016517,45.7564686419734,51.5657784266242,44.4758181857827,48.5263428498432,35.4238616330169,60.5004414425068,42.8836510409233,40.1696731146866,35.4860014776295,35.144179596576,34.9509251527125,45.2803733699529,31.2232509181032,61.1402868615018,42.2038236996396,45.0973071008402,50.7555132531145,48.1443369841018,56.6795723428734,62.9197638017347,56.6259407647318,57.3866222724824,45.8177260973151,40.1598183925663,50.3286159691942,53.2529229769475,51.0893505127475,43.6931047783329,43.4325843273552,62.3324279541543,47.6825697053177,42.9027544269501,48.9424714070896,28.1854089769817,44.8332408541762,45.1150153484973,42.9140616994517,58.4864652626539,44.5125977972242,56.6114108849735,29.9721805579867,38.5921824721978,53.0821898220043,46.3369171764196,44.2317478238654,47.3736126356281,43.7672092129313,23.6643996798565,45.8170798189024,51.0826597412019,28.1724730192288,48.4210423997189,34.5972006275064,24.3693172182558,34.2230215502668,36.4607602465498,31.4974706839764,30.8426087779491,17.1206552582333,23.0627363416327,31.2638586627651,40.3192663772018,35.2224875328618,44.4382128734961,42.5896785061477,47.2305492236442,43.6206691862577,39.4012874213246,38.6508492298233,15.0911913120748,30.9844192352701,41.6538916869186,22.0916794023993,32.8907501697187,38.1631639857675,36.2399384469349,36.5571171926536,35.0362313739134,32.3815722325023,25.3561399711469,20.8877124705383,33.1950691337109,29.0627717420519,11.2739848907892,28.2445349297849,9.16608503859384,18.0123004362261,17.2915262017514,20.4125621181139,24.5012006571406,8.86816790284744,20.5611000075918,16.309022314796,21.1083306422812,21.0905182768214,14.3053408408992,7.17104132840406,12.5972096690095,8.55305280322669,9.80885809842055,16.0512291677619,18.1728922244565,11.2718202922848,5.37677742969308,8.85659487374114,11.7395049026315,6.23325907170678,NA,NA,NA,NA,NA,NA
6.5332089141505,3.92212137478754,4.97968727397466,5.79133580738431,8.30268592924796,5.33692449420917,3.81397860874416,14.1984917493857,7.40759897694722,11.3447118696403,19.3678392033524,12.1452004545823,17.3807556861597,12.5748948239259,11.0804855520147,16.0350001101164,9.4487458380291,7.92421789474038,26.6264804988907,13.0834184121685,15.0868571022245,9.17457223374053,11.5410376944741,19.0796069955022,14.3037212049319,19.6584711682625,22.1474874230117,18.09601053336,22.7604895254782,20.7357841819673,24.0661952603324,33.5086999372064,34.6929622969286,34.5238490497211,36.4344558193189,20.7374813488095,23.2244928149123,37.1880095868698,32.5175396520857,22.7954569253626,26.24095616455,36.0134597563367,44.7539558048564,33.0008581149863,19.5981336070377,28.7098158460494,30.0363048900935,36.667242619659,38.7518986132663,39.7317203130879,26.9080336125856,33.894218252191,41.1791234504308,42.833075983371,41.9348571939082,34.2996126469281,42.1840847930679,46.2405372024834,35.7646799253729,33.0766734915862,46.1436100943662,42.6971337298461,38.5498303933545,28.6225850101327,46.5689614351038,47.5028320242336,32.4994333721324,39.9064249536914,39.799385594501,52.5148161983282,37.5243990683886,39.4604548439631,41.6965178575195,48.1125751606829,39.460295936639,55.3151715466024,49.9116740161115,40.4310696348846,54.3473365068742,30.1624657550208,41.2167331483123,64.1755431671625,43.4088141797066,52.2771243388992,40.685392780594,43.0681837278949,53.2653258467787,40.6566610476925,50.5856758980899,45.4752470949253,55.2616495177289,55.3886482988194,38.0014862896841,37.2894127482354,59.7933177056139,28.9807879243318,31.1829936544714,50.8087463347105,56.8473297900651,55.7447072914674,42.6561377886817,48.7898396309938,30.2970783365062,62.3907298218196,63.6268642008842,48.7394578789826,51.903471785654,60.647796721742,37.3516163517514,65.8741641466015,50.1599493720729,39.9598730478485,46.0466458010681,44.7495875692692,48.9800469025857,32.9950299175228,42.0357030506504,45.8154656287704,56.20356708428,61.1539925215155,36.4834039838337,52.6459971505655,45.9735907190113,53.9189833347134,40.1650501233851,45.9836876394695,62.8639625296274,62.8928355867954,55.2522189163781,54.9175198737743,39.7384565289772,55.9899070720217,51.0705767576913,57.9014028886393,26.544936380035,36.048598076515,55.4706976147008,49.1989192493213,46.6451720051801,51.9899084514064,45.0523659928944,32.054897870119,54.1213943191439,68.4872208997616,51.5858180325267,43.198385284279,51.6331333540452,27.5521203023058,45.6459033148131,45.1925574076347,54.7601307354036,54.7195079404654,51.7218478901754,59.2173424695981,53.0411124524453,58.4363930457166,31.1430524327262,51.4910886231233,47.7136415330728,63.3347607592678,65.9152132951311,62.7888541186485,48.2105771680943,40.1774526269001,42.0893635902219,49.0273700475733,31.5475524891827,48.4944203334268,45.3342844386096,66.6964979174891,55.1443636461293,52.7041417958323,71.5002765172463,64.4968878351416,66.2044437488223,58.83668261516,58.5265552484371,44.8521862703755,75.8469462992797,51.1191210708825,47.4970596559242,31.53725831296,38.7790614970913,47.9274415889773,80.4576261294975,48.310471016954,52.6359681329335,67.9595898083634,58.7934317664534,56.5662435440264,44.5667597556494,69.9301175807209,57.2518935752637,38.4879125821743,58.0002651420876,68.6850572209632,32.212123145684,50.7995719889274,75.9857952388596,73.0872492013758,54.8553748207932,44.9056942936297,65.4455570679885,64.8138031934561,70.5800132679253,63.2345232086714,52.6690577657139,54.6420222718377,47.5408804124172,52.6460002928748,50.0056611909392,49.0006667472258,59.1786627467888,62.0093681273063,56.4562283122252,53.8939494890801,49.2709654315776,50.2956892968881,52.7477223644227,58.4923584232641,43.040018507703,69.1953943777115,62.2744003763576,58.2740442400807,57.4353719518179,65.3717699750167,53.7724769396126,78.1662530231686,57.4618378309507,69.2825831079411,63.6199025292633,63.0004085914803,56.1515257229466,49.8389537764131,68.2161033472456,76.3936740601738,37.2140645392541,64.7903273797582,76.0885941624485,63.4059504494491,84.6074520202028,58.1151303993474,59.3463609660837,68.0950485462205,69.1787620226194,51.4997101809342,51.2706409457371,54.6852588171947,72.4454932326384,74.5273962483448,59.7061603380911,46.3638120283837,56.2985913663846,50.7959344542389,54.3422547967869,54.9490816296317,49.4075973448106,60.792383814977,64.2172409682654,63.9162475453041,64.3035899389081,66.7041635371959,63.6917827047416,44.3213197865524,59.5396376273662,54.0893951068215,59.4753975421743,64.4783493640029,55.1334622255399,60.9840096721848,47.3756124738496,52.5865603779493,37.8623773497452,61.7095312753001,44.8391110377698,52.6997425444199,65.6570118013676,60.9086358044038,60.8107918199686,53.4256268141314,45.3244264527253,65.666158574967,60.5532222476697,67.0231336485454,47.9085997781641,62.0388555966979,40.2077622257306,35.6976223340067,47.8370274088127,52.0351540679742,48.1025048404939,40.1125270696745,55.1772488976199,65.2569586174791,43.921961446402,32.4026425332085,48.3468912707056,48.308974244921,70.2444204059118,65.484862503869,39.7443383095565,59.925913951777,51.4005996906988,41.5651915392058,46.9263882428344,55.4979941614796,63.4778086418319,55.7366604934639,52.5290884538977,62.9406924219719,59.4393516239124,44.7607707238495,26.0018352959733,50.3442743286691,51.3452494255356,61.0237755986021,57.4031119618636,54.7814979139167,30.9337718796902,59.5803257989822,60.605962018857,47.194117653857,43.7270840232054,60.4337939430738,41.246793800797,51.2709426235393,54.5020632433227,49.0615950188646,34.0358069061312,38.7969816379183,48.2717979784407,39.1927556265003,51.2615612268983,37.6340818980737,50.1824823512236,37.0947281453612,40.1370824348854,46.324814707979,40.8855553519893,32.1898047001912,26.5371117771069,41.302034906957,32.3847330251885,58.9400837070633,45.6920828293841,65.3838115470992,44.6225679637473,46.2990120127456,47.8992903805215,42.4000612445129,40.8827043247224,25.2024213466879,25.8811954907529,28.4712670635731,44.1910640580486,39.6310085936437,29.6519552158505,26.6860199800128,20.7243252446295,31.0972954303991,24.266370053804,40.5879637490829,19.3376615594452,22.3373166584513,25.1679291145403,29.8483829859007,23.7600269009584,18.8115560912758,36.2552515056864,31.4989396242906,20.0620501197824,22.1333469977858,15.8760615607886,30.0493988246947,14.511461257488,24.1080430609345,18.0675130286105,21.8875059246908,10.0291791758002,16.8539656487275,9.10665050172992,12.9048152139618,13.8661577640651,10.225240089049,14.0226415997458,26.1723349821684,14.0790640270883,NA,NA,NA,NA,NA,NA
11.0481865302578,5.51115411297216,6.82584995721601,5.41993066487683,9.02100691992917,8.58803510129688,8.96285274006535,9.16672252374364,9.51561720900663,21.5809241622646,14.1123865473105,13.7811970939821,15.2134957004347,11.6173731414151,17.3714308985136,21.3105406292775,22.6591338994043,18.3803748871973,25.39073290065,16.2689340531494,12.5553522303352,16.5387529638478,20.9799834828233,20.2800609383591,30.447222092983,18.2574281473254,19.9160826090875,23.7238423801947,23.3827349390989,22.2363457862018,21.6595723863075,42.3049751222851,32.4504069133415,29.2804164770724,27.0729818798506,25.8998385474389,35.2754810123121,44.0852901191393,31.1764400241986,34.0355619730544,34.1648524904825,52.9187277421473,41.317633046733,35.494744070648,33.9664600008495,38.5620265311982,52.9863207788259,58.4415768440724,42.4425329016702,64.0217617230251,36.1950777059583,59.2664684360913,46.3722756051718,64.0171355666846,44.7701943682548,52.3814299221618,49.0340908474151,58.0015397549526,37.1980581436075,48.7558239029148,56.7642470078063,37.3148361783293,47.8870133116744,49.6782700749999,47.1079363935441,63.3421627921792,43.2017059371795,46.2776599361304,41.6964866443357,55.1209954713629,49.1279867959503,44.9422598530499,48.0357795747512,32.1449402546877,34.3867275628334,53.5350479790074,32.8990101520281,44.077907469523,47.1147548681603,33.0493938206595,45.91490542953,57.4280531025889,54.1598811096616,54.641202979225,48.5109937920017,49.2271637820122,39.4003608791984,45.2249558446024,34.7738022002,61.2631190079404,50.9117517743546,41.1407153523527,50.9594942325758,47.2308511639362,31.5655607234749,45.6120386005071,34.8476305731748,36.854329590647,46.9752146908845,37.4920436453645,52.3236637941035,48.9954503116768,57.4228966552139,61.2806937906466,42.2339159370851,60.1420831012193,41.0013237395723,48.2477439380374,50.1307336965302,45.2305478285957,65.9494745534178,49.6814643448272,42.2948631583636,55.2748291101469,53.0514310160258,37.6665864403033,63.5228069954612,37.470538290801,37.8391330910078,45.8052824994276,43.9252681072097,57.6408246354479,56.0573051842706,50.3056195514846,62.3691857131161,40.7353634821429,53.0836894609309,56.7294621125099,56.3342249286959,34.6080708268658,41.3385732848929,51.0352302169822,64.2548463416037,45.5504330401535,47.1062836860818,57.8219628799821,42.6757997082524,61.5813920922898,60.6703586408145,50.9777002273518,63.1912971091543,40.7087363874672,51.6761121314772,42.0592235780773,61.1955109292778,51.5938566161103,34.2521611145492,63.9814770542171,40.7463440559617,51.1534069089033,62.6291404340585,43.8435837645183,50.9405120506993,53.6194230784383,55.856624639633,53.3672809084148,54.5678836113564,52.7172774738687,51.8136907509363,58.6090828074551,71.8234285349711,54.5454404896678,60.360304020505,32.2900259636892,58.5499932074776,42.0983375042042,51.6374399760194,48.3191281830769,40.1525318341634,54.9033780523791,58.4555405504002,48.0998808707526,61.2448841894602,53.6932984751114,67.9823692926511,62.9983526409718,31.9222948092692,26.826169170619,59.9219775992877,55.9759453911364,56.7554324157007,52.227334002867,66.27190198128,47.0451380155288,53.7651737417863,51.1791835379511,47.9356976118579,64.252609227769,37.1493001822405,56.4181155049563,57.9878440004837,56.2574328070527,62.3984343335527,46.1352717048845,49.5584647288227,49.3781022140202,60.8296413373381,48.084514676025,34.6131326085631,46.5268758699803,40.2256637223688,56.4800432566216,51.9353134145667,54.2929863312601,59.8942341166376,37.778448028794,62.5935191425652,64.5538018827353,55.96557516518,43.6876925440885,61.8801935013981,47.8496409889569,60.8074772563747,43.3224509336161,47.887316565744,44.461064113034,56.6488717550757,45.6599027636817,38.3260462465656,53.1199593861818,50.4553549738212,77.1715994370244,49.7694048842806,35.6088438568169,53.598982887561,68.824533753793,53.3791858368843,53.5144375689792,59.9416511660826,43.3475756725618,62.3354857224278,58.1124729337701,46.1897998925068,59.7421482714395,81.1492463574524,63.2525981065273,52.5973093222351,68.4987011612955,45.3943118653887,49.3949469613333,39.4615035024097,66.3231511838295,31.8221134776976,44.2395111269428,50.2649048265299,66.5606520528028,55.659344014236,54.4593994022174,67.0140464217883,54.298171993796,72.1960376425802,64.7598080806167,63.185162175864,49.3742192225466,72.0155787048878,60.3164087848777,50.0515400260381,44.9699673876432,39.6310380354883,56.0961644825975,64.0941098904552,66.506437236619,50.8012484914546,53.178002285054,53.4884546243128,39.2086153203835,42.8957270217471,48.8960685614058,75.4424580995335,56.0742518499205,34.6119105775992,62.6068680730391,42.2509387963634,51.8422407741556,68.853951608778,47.0361147714185,42.7740104792738,62.1278707311608,47.8581723934349,53.6219156059977,54.4614277093994,65.432228319413,32.0494491471726,61.361707728231,59.6107378556925,72.5742773014537,38.5813762238261,52.2127267611897,48.050550433339,54.7890524525249,53.3992636342225,60.7047838436973,39.3108870180863,56.3984483537817,59.4446416567843,58.7615252030998,44.1228524428147,63.1619965221131,33.2535563849104,55.3449233254109,58.8220323184991,55.9537520647364,50.535129002562,45.0963843541005,60.7924013900333,45.7136787616249,51.6540743832001,38.5593457008402,51.5416232845469,62.4826344361309,59.7767549979626,58.5801646418637,34.7690647826052,46.3379488571949,55.2240008685291,65.145555343119,55.3649305879761,29.3205620165477,47.8846881305036,34.9709493258504,48.0392671490878,43.8742322678974,38.4552536263541,41.1393411271095,49.3714224356671,55.0727164033727,47.5390874585169,58.3498609474052,45.2711512454373,31.3767866939925,29.5061443912922,35.6655107869099,50.1174151405703,34.0354057884262,52.4205126134267,39.095396803056,45.1399686378325,32.9128672217327,30.522511999725,50.0153332776187,28.8163509049184,38.0450530333609,38.8227432721172,39.9001429362623,44.088596653316,42.9364798585574,29.7050222912257,29.9456165144717,33.3554578193302,45.3717767938169,33.2774776746182,20.7217558620355,39.14576048423,20.312068363319,29.2380073162787,46.0130103277689,12.8414688172069,20.0940587742633,16.1657466134498,32.1610899584584,10.8681884997865,22.0761127751373,25.3031540856493,16.3613385983693,16.4960018111857,21.8525157397695,21.1739737097841,23.3253438574788,31.5053517038353,11.5663803217449,12.7915470306465,17.1951122299875,14.4070642045124,18.9278678901068,17.694324521192,10.5427458733122,6.07880701644292,8.64667953250675,11.5415106840865,15.0947236130242,16.0985797495152,13.1702598188854,10.9029679524857,8.2424228139628,17.7197729659743,6.51883532128852,9.56391042887591,NA,NA,NA,NA,NA,NA
3.36785353593541,9.99796349725638,15.3230648469071,6.71549514939014,9.37199652206934,11.8106134712928,7.1517892867894,12.8326997014605,11.7461321658558,6.73749641059648,13.4597003899449,10.7350981288937,12.5083173524668,9.00666634788431,25.8963727021177,18.5309653623953,15.5358074751437,22.2076831105839,15.8078996294675,18.4521471174251,12.203910698445,8.19438188965647,21.8288416453589,15.6018785710988,20.3906428702942,17.5374891326483,20.8125222867336,18.6144366159078,37.3628836816978,24.9706471831695,39.2632668899537,21.895247776132,22.8180318720487,23.4461526308827,29.667079965847,27.7227762638545,32.5470261510851,33.4379361040316,27.7756050111936,25.8013065811927,35.2536217153186,19.6641991034694,19.7795862969459,38.9806072888521,37.5840169102645,26.9653122860756,40.7148445331175,14.7583478344399,30.4577028080391,29.4148816363417,27.9691259044284,33.4318208038029,16.7408669368844,36.1164569316217,42.9628334297138,31.7034798031814,45.7519486912555,21.0079525063515,45.0480804306967,43.9906891755496,55.1487999713205,35.0282799890093,36.893808221013,41.8205711116022,52.0061250168948,54.4058114532427,44.4246955276884,39.155012266434,42.3496394421115,28.3722769012813,41.1603027919696,39.3383134604087,46.452899151043,44.6919176428188,41.5612065764666,42.1925641054513,41.541007928295,53.5161439075368,63.6733825480406,22.1346917833915,47.4167541538825,48.423123203036,55.0822485997078,55.1693186815644,39.2792497801662,21.6296762329576,47.9930950114743,50.5590475736172,51.0767108941268,37.7094231237009,71.4709390510589,64.0171334975393,65.0796958317431,67.6254369904113,60.7972311877272,51.653221035272,67.1541830542057,56.639905092398,48.5521375651783,52.7154198883532,48.3792376510529,49.8068802782749,49.7235739830014,57.2910442609478,50.2070239520708,33.9331859373255,47.3980457115098,50.5615707506111,64.9263299036786,59.5554038139864,51.9030320894507,51.5268914986688,31.9781276239885,58.6591817405991,27.5623253519909,41.3627114640038,54.1432716730088,63.9882847335286,60.1467140267053,42.9096224934825,58.7847525969993,32.6547652809665,50.3976618689372,38.0916756594972,34.9937885266471,32.4267894151556,57.8175257198486,40.1060642382619,59.2980529062589,56.9927570861045,53.6019005037032,60.8894788594195,31.177540247058,54.8564412081178,40.9976914765714,37.5988243716886,44.4515040233967,58.3465384569122,34.3397184638276,46.2169995463684,44.4824985708812,38.2917193472515,42.0755758475105,42.5907716452714,43.7125514694163,50.3796330039919,62.6920106887555,41.6638426946218,49.0892364732458,58.6966367097104,42.1779809572329,61.4253139849197,45.1944621889633,42.5378158486252,67.3538877745236,45.7439900287401,57.2356935736912,61.9392275141489,57.0388359992057,58.4597801499917,53.0497532696367,55.293264904129,60.5447425367316,60.544948575812,59.7557392355717,29.9603033615688,49.2181902506728,50.1694397567303,67.0444447119584,70.4397216164706,65.5569999072211,47.3111942760988,46.0894916886814,55.6730558785017,43.5138650005023,42.8749000272294,53.1226638953968,46.3960553593589,48.8152351687473,62.7915378025365,58.5423554970961,68.7076493254794,73.7426969425749,42.3275704385222,59.6274636107331,44.2671708695411,66.5361799323344,47.4665545906442,58.0387046770912,67.3000017630594,49.3609724028899,39.6167812624721,61.8782029519003,42.2926809871001,57.745500307723,61.0029715249876,76.5761855960503,79.8262620443029,76.1849711033696,59.9542657803147,62.27133617421,68.0033474939882,44.1540435869118,67.2690810244098,46.4077324640175,52.0979692389644,37.579056641876,38.2625864179911,63.0051743041393,37.6337612317803,51.7230449919987,55.9124687271271,53.4171582501229,51.4172528394596,48.9797593624788,55.5724011542356,43.8245288243561,53.8221710194589,55.025671798991,49.3354796119192,48.444940384093,72.6885246245563,49.0734853400126,52.8650164772184,69.6571402241137,44.1631946419181,47.8887062626615,68.7460967200941,62.8797099390998,52.3054965323304,85.9217851899749,64.2324675306166,50.2474264523732,71.896048221213,56.978075485294,70.7162707501209,50.5739743287974,72.9331876541924,28.933154672019,65.3060585280825,57.3870623039293,63.9414426919742,52.8223404392189,54.1287529860697,71.3080098111017,69.9098179275924,54.0011402892867,55.642419616238,62.1077524275291,64.7044733298279,48.0344343586712,64.4168555944093,47.6908857167317,46.7611427721219,50.229449871586,76.9300985186196,60.7523959370829,66.6682910147972,46.6096965327653,67.5119675792238,39.6176066221138,55.6720955291887,70.1563702494025,53.2981307745384,35.7381475529674,40.7832170458034,59.044881908496,43.4899539728757,52.6589856613541,40.141529372512,53.0322015494385,60.0433594428667,41.8061765938961,42.511866245534,54.5295928226686,33.903302736624,39.1275544575283,82.0714245921539,69.081803999607,48.4747775381032,58.614014958537,43.301545498889,50.8435632906732,50.5419216019151,49.3199499906395,48.4584249112788,61.8310918347028,53.7896843910722,59.3762631945576,52.0372653678872,56.9550229194153,46.2697103977842,50.4954555520293,62.4128229449195,46.0051641592005,71.6057104381634,29.4044467113623,48.7131949967818,42.6079967652514,29.8221539081382,40.9697080400962,59.4535159932802,68.1458760785702,46.7054622290166,37.8927590539874,49.430888118087,46.4215426595414,48.7708953470208,37.6482004850816,54.5123248726068,49.7234940403872,28.3112099873985,49.8860106534644,47.2848520082326,61.6059611879934,42.5871460575186,43.6847114214517,51.3021135717289,38.217976817028,49.7970312893069,44.1072267509919,33.2962886934908,55.3999357613174,54.0710107702737,51.3403041051404,33.792777066949,43.2789983907068,45.2196180608542,34.6598723254404,50.4593076177924,51.6650202907599,29.9207826789651,36.9603002602423,28.2389829395657,58.2542123020215,34.0984338512672,46.1106331620445,38.8876882468252,38.1929556156519,41.8007003156508,50.2409294596962,28.93334077231,36.8888696511664,40.0077403686891,30.9970514323224,27.6415856340783,32.2705835654186,48.344694205561,27.3527807320086,33.3913310609461,31.6316455730722,34.7311954794682,29.0525128217547,30.643857380605,29.2083258800239,41.2371596370457,30.598662551675,29.5880252804086,11.9120387302646,17.0509326251985,14.8756252999217,27.727861968503,26.4833043765869,21.7092442277465,35.8685121362681,27.2159230711559,23.8973436892266,14.5063889455823,15.9127253122477,15.4708190711922,12.8836248722566,15.1685754730041,27.3602879121137,21.3633044583588,22.4530303346024,19.7766639055106,13.1779278416529,14.7936969261548,10.9927416528113,28.7405149352285,10.7866137514368,14.1663856582937,7.85641238013941,8.27805639068605,12.4952247198481,7.40667668134704,10.9299888159207,NA,NA,NA,NA,NA,NA
8.77621470023966,5.40695837050511,5.5065517506064,6.38954122822318,9.572271715843,7.15441754830105,4.63093298676685,13.9667992870785,14.7199918319263,14.9767752804924,12.9383075260092,14.4664788094021,10.4805204444316,12.7192566419674,18.8417436131011,20.245942454209,27.441099594287,22.7621704484584,25.1377314369987,21.2251208841379,12.4365550882294,22.453185721095,37.7081901270287,27.9708355977115,33.7191657113582,33.250456814319,42.5243671406953,22.745975367198,39.2621678432321,17.5483293457252,36.5289447812526,16.0717261554743,34.1173871028475,28.4402473681405,66.3157518253217,39.2922187200439,29.29562846785,47.5146708459025,16.7787370655313,26.6025115173695,58.9623293743035,53.3531894966092,63.3098291540375,49.6741262677379,29.8264523399477,26.4869152180483,43.8189229620925,61.6555229250835,54.4275144991692,64.3278866159224,40.78180296104,75.8431400838265,23.0300997764314,71.7896700787949,46.1287560920102,61.9838839360356,57.3156804548971,45.7263721385953,44.4035585334513,49.7404333463463,55.7959868563856,40.9809343505268,34.3394534762197,51.2233214722893,47.5778213484399,34.4081998594738,34.3725846858303,69.9377762294484,42.678818903987,58.8458164356191,56.036872532877,45.5378309288666,65.907490024513,56.7019262081525,51.531394016356,53.8655799057709,56.254278744798,59.5650648161,52.641663268998,44.6497631361431,43.1076867144556,48.3439078704546,60.1936843280045,45.8197594112693,55.1118710903713,58.1872630223157,47.2857796767283,50.386675258287,55.2954837113992,55.294799595597,53.9762536064386,62.8795494133976,53.4783211022803,66.3791500368891,51.7365089082673,58.1946128633791,65.8892932988969,50.3663634888119,52.5192457360341,60.3248562822631,57.1191803240762,65.5231639225478,72.0413744938483,74.1594032096076,54.8778531682344,87.2769092377998,59.7319073326521,69.2309148033308,66.986539495175,81.2875734703101,63.9732261828142,48.1237290576979,55.8438356276109,40.7491397953055,60.8883460817554,56.2129273446699,49.2404366672666,45.0942039121265,45.5535903369539,77.3042104628504,53.9064877493055,47.3713433952631,70.5808851102372,48.5312292275713,68.8177354270806,49.137322818503,42.7577979792806,67.7723620898413,48.5404516411967,62.7573138630127,49.1982928787794,53.3392661916267,60.5509139144108,71.0423954337227,44.8330641478751,57.8369797589101,54.6116057657676,51.6590755733634,48.4745980454431,45.0677531580493,51.8014578389949,50.6659903279281,37.5015586796728,54.416166863327,57.2547406074358,60.3166209485219,67.4813754710073,78.9193292080347,58.7263842344993,68.2828076078925,71.7602218732552,58.575465306599,61.4939294802266,55.8767292319349,74.4763814659235,65.4260732000785,67.4789610447671,85.4920936754728,76.914577730515,85.7995050716361,79.545152107977,62.9954647977579,51.7509803457628,55.4524732450304,49.8404573510634,26.7453611486697,52.0944087520974,49.7016788004223,49.9507428538911,44.2426001272596,63.5615345539688,69.8158780153476,71.9355261116188,60.5391495514597,63.2939710912723,65.2308976386755,64.8526971820122,46.7227936121586,61.7911479960973,45.4622523226219,50.6087164992559,47.3780780285226,55.3161726656081,62.3105054452188,50.0479952187329,45.418201727551,54.9453138220285,78.5939449290407,76.37233053257,51.9596441965756,45.7517430668061,60.6779789610201,73.1650240756148,74.6683716330787,67.373374584287,60.7590568713826,80.2041928941767,53.7208703543992,29.3617300850844,41.9590056625434,51.2806391271201,58.2338565929816,66.0019491895683,50.7759457342764,62.919751433243,50.7057963804944,79.1162959121076,51.2085893203069,47.2499348730727,45.826513356588,61.6518716818123,74.1494136383992,85.7892192725677,72.4509386866813,50.0375853020517,68.0350016976835,59.3639299647932,84.82112439557,74.1325320010675,59.9855915324276,60.6545898665449,47.7691286812832,72.0090631822727,66.764988896715,39.8829063500553,64.5873070270334,62.5558783054418,48.3073314984292,88.0908180784156,71.0182142563597,67.3289997465885,53.5666250527247,55.6431454907907,82.8082920634037,49.7767362197826,60.6014491987086,61.7469604251742,55.5740729230423,55.9951468164285,49.3926158833504,56.4448988952222,64.1610602552808,72.7609664144872,61.8535988245967,65.1787123234092,74.8758955897249,63.8768059619813,51.9178886464297,79.4585477714849,75.1079109568874,61.8930123323232,49.0947542033654,69.2581002067202,43.6498542848655,63.3089450631472,52.136388649538,55.3889385176073,69.8390801592823,55.3323954167287,55.7521714218411,50.2908485858924,74.1381989757382,61.9237777590064,45.0592734902341,77.7329313292885,87.98264543758,54.9450522937507,64.439584557619,55.2230860468838,57.524254865596,62.4876201554718,37.3907703428066,49.85963762512,48.6828401437022,62.5850456642749,62.626960692431,53.8015073284621,46.848894135906,47.1121441762323,44.6317773862763,41.7689470539924,37.3187800638845,68.4906748827463,45.1393318537113,59.7738625827287,49.4572308247841,55.8230071216907,64.441998261918,50.5835377438123,55.0175864892116,67.0312149027816,60.3655273347049,56.195506638314,77.569841460451,59.0075831425278,59.0117868016271,33.1940030353146,52.4150126971775,55.1961994642486,56.0214168499465,48.7860432732126,39.1840586679687,48.1101110123449,48.0524201057011,57.1278836132438,63.2245486304139,36.784093636074,50.3035529991519,43.6450336583526,60.5398246879266,45.6140458532313,36.3387617874358,49.2632981825534,46.5266730699333,47.3253814276136,52.9690889519839,60.216542990742,51.2123529486075,34.0716769056662,48.4210861857474,38.5519616240268,48.5309455105295,43.5642347067749,45.6687059084488,42.5285559403609,45.8061678735489,39.2616209419204,40.1472368063333,40.6360923688629,52.7497138072435,42.9209409293719,40.2758734644451,49.1836830371174,33.315284259949,53.431041813987,53.4938681986831,39.872405839191,45.0554602712679,55.9903718201464,46.7732792694289,29.873743630327,46.9358029504608,39.4634095912928,30.4381579896887,50.666049205956,37.9891811757783,43.960819390768,22.0935501253812,29.0999496822571,37.688960536912,38.5009632995278,45.6724123130774,36.1139698572175,31.3653630882516,41.0184682598657,22.0492491365607,41.9047378497006,39.2314852079052,21.4112644180084,25.1259573807295,41.6303130568911,31.1767254011227,28.7009084082343,28.9361304617428,27.2560541701391,33.1364199068112,15.3574983979897,17.8898405749623,26.544056056165,26.4585775424012,15.8778974136787,10.5829502042628,21.4558980067254,20.3543491746454,16.1321024891953,17.8180487333876,22.8324019525805,12.972413110543,11.3132685173706,16.5082522464898,10.7073224552765,15.7386416374294,21.3873212051698,9.36148012748596,8.51818957527925,17.1737895532646,7.63201773136391,NA,NA,NA,NA,NA,NA
3.60875905329697,3.18901128296279,4.99105449731585,5.03301646551436,5.66776196395614,4.47735408096228,5.27771154363197,8.11933900767314,9.97665987739045,12.2712463996485,14.3650165277528,7.91690000086062,15.5577016721348,7.16688601081941,26.5631114408045,14.1024309445292,13.265451965149,8.98750759950997,14.4965082017979,6.58238217211722,14.4152230491145,13.8792901634416,21.9020697631809,12.9951224782314,16.5391171037133,24.2110287706083,14.2588333658298,23.4561994572909,22.1030714576022,16.1244088778396,22.801566249342,31.4486827743987,39.5083359332587,28.642860727522,41.956941448963,35.552991919076,44.2771793443109,20.172323578953,27.134405905352,20.7816216678511,40.5551456161919,34.3717273348053,34.6941254658292,26.9306748429575,19.0883599724509,25.6638679183485,34.8826313078927,42.6600397246604,38.2022186991357,21.0980716272256,39.9222948859262,33.4603483770529,28.1470936687737,29.751643481009,47.283701554732,47.2623314235798,51.4558804124991,43.498421542431,31.4781978109383,48.2519614781237,38.1930700941714,30.3546223478862,40.0916725814513,33.1313686164852,29.6727206782285,49.2723607095673,47.2730378905928,43.4100738543196,59.0989167383043,24.9017522868932,37.9421672086562,51.3008604892869,45.4055299469722,45.9148103197853,41.2326217989941,40.1154538992134,48.9511963895958,59.2334118607646,60.3954215236001,44.052282404925,50.1279379347706,51.005822868348,66.6521102786564,48.7313794521341,45.7726284214602,52.9961503006732,38.040952639185,55.3080161620283,59.9788388223321,42.4457352856465,53.9754643088416,38.551898620715,38.8363443602413,34.1055153405534,53.5109009977054,36.2764599774272,46.186216095011,47.4788224283552,50.9751348114044,61.4327730666293,35.1803476491304,49.9674990403909,39.7420431066397,62.7656989003402,42.6205580647452,56.045530869827,60.4999888959093,48.8302365861924,49.8602124279365,45.9102734100029,48.0249468901494,39.6784064658192,40.0328253191893,50.2713475181112,32.8380243745799,62.4999054610298,58.9622302678351,53.5179068994354,70.7508747891077,57.3999789111256,51.9097014994346,45.3998083854781,46.733600598679,62.3151999047905,25.8202338426431,67.0392066862754,50.6096752725074,44.8113492610888,69.8931750648578,38.3911419560987,54.1619107458393,75.1564508065375,67.8337941586357,50.8399104948878,45.9315578480936,49.4890561035172,73.6290568942506,56.9090627502186,53.0065173998135,47.6993428497118,58.5053590556886,51.1614816515793,67.1260771370764,51.9071993430676,61.7621641997571,55.8505762289184,44.0789822572046,49.3937793909795,37.2693549094991,54.9475776600909,40.1795205269555,39.4239403892011,50.9613596400832,55.0442833943057,76.8306602628362,36.9327950896772,56.0772671050584,58.9740858004972,49.0569702799936,48.569237489724,47.040827549404,58.6436882350547,65.1968225253537,53.1686419686682,48.677180713983,19.0354452028659,53.722822743292,56.5953267236398,60.3575438542275,69.0548499292043,56.5048151055251,62.0477426328654,64.0048443996585,59.2509090855723,54.2823965350523,52.6141556443695,41.1233842880331,44.2797904049636,62.0975136895676,61.1953980564872,57.4907953176063,50.4709221279928,58.9168024131741,65.2806883504879,71.7478996499641,61.8409645620065,72.1494632872528,60.4197289500034,54.531958137165,58.5643843797271,56.6916116194951,58.5340447679351,70.6747233400169,57.0838353880097,59.8575798215416,62.5759826263882,77.3884093652845,83.1757817630927,45.1366061820483,74.7778103782585,79.1267800382315,50.6736675879955,51.4266094911059,38.0849861096624,72.3640658554609,69.8907346453261,42.3380867593376,67.5058593864831,68.0158604115046,51.1421396346928,65.1532998014562,61.9494031137359,61.8965443227234,53.0378633373003,55.6096368021879,61.282662833662,51.0893121618654,68.5666909420058,55.511653158607,57.1012124080018,50.878393522306,54.5187550474565,65.8369802066142,55.7312375931245,59.9852407924144,67.8384555980359,54.3289356905937,60.9411627187175,30.2627160952858,70.1705734612644,84.520676569099,59.2720631861955,64.7279595767192,53.0324315519936,55.6663048443402,51.9492971348011,53.5657257735053,64.7975896232472,60.6135900803211,71.7853376059996,64.5352152944735,65.4300619621887,60.6981902174528,58.8051189144857,53.9453262615285,71.5979679087795,59.9072550196047,51.9503490647725,69.4066094585853,62.8681969824408,55.6625641065611,63.9611941375861,51.0188782463257,44.3912153466075,59.8786346525606,53.0692877483835,62.671566678925,78.4148296958134,41.2718305365828,54.0180829195151,66.333545003806,65.5354157981681,46.0297000091747,48.5505641380811,51.5795640657505,77.2248950094949,46.2705494931497,51.8385634473164,75.9115476101351,48.6226083980978,68.5283824437135,49.302800864532,60.0867826925931,57.1479352960107,54.6694847624871,62.3369936332,66.4978830859016,66.7615769433509,71.2934651974822,55.7363274977774,55.2144110633321,36.9108321207968,44.0474189645687,59.0485789345388,65.1429660448485,57.8998037999274,47.3910625720545,59.1842401049811,59.3895654312925,59.4182039117403,38.6179297426965,57.1684528162115,54.1877209024449,57.1626291689458,62.6124880374975,60.0729832609151,51.057795396382,50.8305615365807,39.5273481123153,47.9320218555923,48.5945180571906,78.0071253662693,57.651951735017,53.0828374647242,46.2312622784357,64.6842858260905,45.5467378578935,75.5207422248574,46.1683105683893,47.1265496719303,53.1865291534045,54.9110627301419,36.5381660146417,76.460580752128,65.9292160777581,50.6410063891874,61.9028499643034,73.5144137599249,49.0829377256894,71.9759279691549,49.7847640971762,46.6618020623569,43.5703809819507,57.6606199210367,43.2422718487751,57.0553992870875,56.5396883063663,33.1962029919229,54.1608555584427,54.5094734592282,42.0651202729672,33.3271392235658,39.3366643215238,43.8814382051632,55.3099767994086,56.0999803231233,56.6600848411861,55.4672170319879,41.2144514306821,48.3569470986128,46.1725951335702,37.1144227103551,49.4668763662602,53.0698097927542,60.2006898664729,44.371145448741,53.0692380566112,36.7476523447122,48.8486708961308,45.9329149194006,47.267621024323,37.7912442403139,38.0220446749923,29.4760841397776,45.8373081775004,38.4006108448992,35.7270700295755,21.6630915003784,31.3014747129532,15.3257918411975,21.0391914434229,39.7770866339701,39.2427549894198,20.8305426009712,20.305716971712,28.796320343945,23.0106886486047,24.4013006093479,25.8512495063095,18.3587428162862,20.15964882678,24.3807771582112,30.1294366961315,16.3972947668687,33.4365182525063,13.0985868698604,7.52346830250842,22.6402548732721,24.9657565367948,10.0268352557288,20.508226824307,18.4901977766245,21.6080484210471,10.6437384814644,19.5230065956826,27.4652750478349,20.323523193367,NA,NA,NA,NA,NA,NA
4.6274512323198,7.5822512680779,5.43801745250359,6.6583378883803,5.81213035347667,5.32755355719422,6.65682996289922,12.679416290787,6.38937721048382,9.99318132434833,20.7179949268061,7.01901705699989,17.2770365250633,10.3508985673926,8.12855660286504,11.8164359738243,8.45811300506431,15.795774915244,9.03857229739226,19.119233596636,13.9433939135242,14.5216851962511,12.1217916802183,16.7553913812914,17.9395777755685,25.5978526718813,21.0902755768431,20.1447470017875,22.0281314757219,28.4995398387213,20.1887634650641,26.1795881928351,30.9551316925925,17.7706889024995,45.5360411516288,28.0283291080866,31.4192876370664,36.540014361145,25.7025712494583,20.85068730539,37.4557336747482,21.2394810346708,45.0709187457372,20.6993642489391,19.8172829953138,49.1737371914596,20.560860585587,28.1793673771107,25.9466218329006,41.7873567168681,35.6713817710447,33.494695280124,25.5658319241527,35.6842035495332,24.1218994746925,42.5415573248554,16.7989100395342,37.7293758174851,29.3691098136973,52.5281077898918,29.3903497215812,32.3069499760553,36.7888847020906,42.7385338354628,50.5126923245802,42.0188671248788,32.6905661487087,36.9123297350224,54.035402424548,32.8958438604515,25.1171303467655,43.9897388623797,47.8963594608971,48.683914420718,38.8294685428609,35.1104487139936,56.6229354807432,29.721990508221,48.5817386419254,43.449103608711,62.4427491959372,60.9872223750789,47.1247361157284,56.5224417846208,26.9748870291648,43.6055795773944,66.5900455759012,47.1929818769827,58.7228301689733,51.7815379743151,36.4412644258483,50.8491984132604,69.4301064996101,33.6954965896717,51.7247278942753,60.3423571906453,46.9989884957247,47.3078373974106,61.3061428504776,59.0358536938716,61.9877514097888,62.7481304430524,49.300990880093,61.3656554310326,39.1283225239079,49.3745075445756,49.8167116084419,49.5151172911795,50.5706174718405,62.5064447582215,49.6164186823767,60.3397823358995,41.0178428275514,58.554846134251,46.7870460479065,58.9998696416196,57.6861915643016,59.6765962612128,50.5739491183578,57.3346212896555,49.2710799673992,54.4157751907917,53.2807668512403,62.1751877405065,54.4168226634648,56.7974085600651,71.4765253709566,46.8729102437251,35.142432134135,28.2472191382536,47.9684606953456,46.6102272479784,56.4920937943159,66.0733901741981,34.1179094401249,39.4378673288382,63.2524390691817,54.8573014509308,57.6703000054636,52.9744278592497,60.5160965126176,51.36173624046,50.4205547946201,51.1694864474416,51.232152744413,51.6760998441034,58.1137468668688,45.6656358730403,53.476081303737,49.2285257474756,53.8885036604423,46.8146959811678,55.1140993889551,61.5707595825878,40.3703840976846,31.008483592348,54.0816294637193,54.7227948734652,46.8273097838144,50.1169216241943,38.7846677913997,58.0447738427481,46.7943311527447,36.087341593958,60.5420733256258,37.7493137740806,32.3948737969064,36.2208018405339,60.6594959708823,60.7315382822684,35.8352464523439,41.9757686838774,45.1431984763364,62.0585437310677,73.6440384049372,51.2599080616396,56.1477275534572,55.1661263684274,55.1164692307324,34.6326762210989,43.8887005951003,57.344742897371,46.2643714967892,52.115420617563,33.5221048884285,47.1153516756921,51.1754279296234,56.2674477344624,61.0017314487164,45.2983212000711,49.6320936135568,58.2497704239745,47.6423259929907,47.4759363956872,42.2712862783628,62.54584621871,64.1977656441242,50.3584125288697,70.9726124614564,42.7526682686015,40.8804664930739,62.9380029262984,66.8384493133515,59.1356768360225,67.271226727474,38.8280731910362,53.9685942390016,63.6779314194025,46.8779004048757,32.2207197669935,54.2674475050976,48.9495897657209,51.1413568327681,56.1980422142906,32.6739867815961,59.1074057886325,58.1117100957265,51.194538025203,55.375123266569,55.6391665822608,44.9294707941792,65.1391226491761,51.6342384515321,53.1786473007627,48.1515421670085,45.8164882583457,53.2968024224364,40.6623620868815,47.4298068133393,55.4035151128035,58.1527998752777,57.2742526073611,50.4212283470822,63.0813758561963,43.3528533919127,73.0366393964277,64.9910451081587,50.5917465452341,54.9635748754613,63.1687223714047,52.817271111427,49.4519559603615,50.4456638050615,40.4831001606428,28.5882846226357,52.4189390430334,45.7299035356813,47.8652187713073,61.5710937144868,53.1560216348112,46.4944626316505,45.816825445707,54.1469465398034,54.4399477895142,58.2169565635331,56.8446241420532,39.4547125113551,61.8313644970993,54.8782898740895,59.4610201128869,35.9189512804562,41.6895429691612,44.7211553630124,53.7575459200706,54.4700149451782,65.3853980024839,54.5512783635093,61.4535293585039,67.4244150034961,55.7976012075958,50.1472876712786,63.8190366897908,66.7997952700236,50.9204985751062,69.847166457233,40.6015629411863,46.851862112347,57.909339248358,65.986265887292,68.2699233837632,57.7899557015383,51.4536824301881,39.6325895662524,44.0723189207169,51.2822382081866,48.0568981181834,55.8894092831448,58.2527787758252,52.7684723379151,63.2777899294057,63.8822971494637,37.2301617836017,73.1518297113705,71.6318996312223,48.9911890348506,56.6758766134248,51.9203749077631,70.1140505117567,59.4645795464032,48.97431231847,42.6047736624829,50.8656155792396,40.2457214893841,48.5742578341793,54.5370738764414,49.7518477443432,56.5407520460856,47.8094856297506,41.7852590233065,52.6046229898422,43.5350578798294,49.9813839746449,53.8868591126272,50.7083466446317,36.165964725892,51.5808513127632,54.6209666974533,44.094719950343,41.5444969631975,37.8274385636691,42.3048908171845,52.0600985440577,52.3123677492002,38.6932746481084,42.0262259385244,45.3898903101106,46.4642439131476,34.5295734642943,37.9120476476748,49.4473213870098,42.189981758993,26.80337141043,39.6622157622604,38.9704328129108,31.0587407114397,27.6505611237785,38.4723774587963,43.7332890295357,35.5484861205088,24.6780725909646,25.4123431891223,35.2253464922275,37.0983095790744,45.7111536581705,23.6397055436805,46.0457569767791,35.3231636342304,32.5194898561303,37.5051684191787,26.8350292585384,37.7969298832414,29.583958515257,25.7459043199249,30.6148834423288,41.6191413760419,27.1847066606402,30.6912506184399,14.8563883190251,22.62446570028,25.8566823073213,23.2907961430073,28.735231636208,20.4522416270627,20.333655046418,31.0801291393189,31.1707975859014,12.0523355700957,19.3952402102786,24.6934373521419,16.9993451072498,14.5095272282607,8.39558945535545,16.0452610110891,11.3165494414359,20.0499911617429,18.7579580882223,25.9876792695295,14.8192698695927,13.0402123591317,24.3180422554114,12.0260031207431,9.11459893054903,12.532714163934,8.4360400287267,5.59017071154532,7.15301711203131,10.5463681785667,NA,NA,NA,NA,NA,NA
10.0607298335604,9.544922242552,12.3588269109301,3.99687428129687,6.66485455752494,6.7127797106671,7.21631168398849,9.44988037265841,12.1072970859366,10.8800419812267,11.9787489873818,10.6383102674006,15.1586953736652,13.8641750070474,19.9234455417652,21.1123721071611,15.8503287389986,16.8473471201091,33.4804621863849,26.7232374424702,26.2987162993199,14.847807259783,24.5823563192491,23.4956157121464,25.2693377830365,28.4160929757432,31.6757290054082,23.8696025839396,30.0442500032862,21.4775626628891,17.2193003245552,47.6488767844764,47.8549660322745,26.0123493111516,26.7650755591898,20.9777770126555,32.5001503624896,47.8404838665739,36.3884883102265,12.356418036322,61.5801085384187,38.0741066927998,47.3075106300684,28.2005846043709,45.0518743719877,45.1410318732738,60.5644430627111,42.5887089128595,23.874826147275,47.7337480105817,50.9759531302634,47.2889286248224,40.9383679461252,43.1368145936366,51.9931108118142,55.1595198511286,59.8623670898219,59.9763106689713,37.117459398186,46.6501748138692,41.999881299284,36.3864781881592,39.4351048816796,47.4704492690443,43.2767368869272,39.997034236627,42.8739551033174,33.2981952752764,62.857817464854,42.963752906504,47.5911198371916,40.2138618992911,40.5893246751137,52.0925933368278,41.4785641852223,31.9579574956045,64.7230803794521,52.5067680868526,48.0819593007221,62.8101128031962,44.6207740022312,50.2486383199242,53.3058654782778,39.9253305313818,56.3209464348947,20.7276353236472,46.0724858177803,54.7585818333394,59.7153873830448,41.0524802862969,45.3642458799784,46.6485299328033,64.9720177037295,52.8390884620104,41.060245345328,53.1087270626466,49.2619958918967,52.9091271322385,41.681582307005,61.4311502360384,32.9514214158456,37.0625499889685,57.3808639566292,46.4773517893409,40.3304766493003,53.2798586929567,55.188825817688,58.7439940793046,68.3355737880437,44.2771578845318,57.2806889172758,45.6855297590937,56.0710229095071,49.9208381261006,54.9742350515361,49.9327573170032,48.4786131335457,67.6535107972017,47.1992438570227,43.7033323297845,54.5018737346072,37.7235991970042,58.1931752122391,52.4270745400205,62.6321656693223,57.1503225762026,67.5288738743894,55.8931098878412,71.7758164985694,33.8787599924882,48.0336161518607,85.1771497837311,47.7989508678851,69.2170020239785,35.9694044523659,53.5896498530273,43.1256123098025,58.947628504466,51.5532526142597,42.8594779614577,64.4334497894807,36.0667013659834,65.1976231130184,64.1704294046227,63.0783121528055,74.9202755701718,75.2116063789133,62.5076369867485,51.6531735963088,54.9608070287726,44.3272717767631,64.1325948414211,40.3022730250084,34.8202129379793,35.7271551157456,41.9815323601988,39.4682304251162,70.2954048875439,67.5293825866045,53.6802922741591,75.9591750330978,61.4460064826227,56.7324773346027,68.9666162208634,70.1650135117843,70.6569756076024,41.9450535488101,46.6755150246011,62.5246331882481,83.7597313628881,45.5185599193145,51.513977008092,65.3788798510596,69.2221239697921,33.2833563233882,55.6559985959413,59.2307809795559,60.4374708605756,68.7950747710534,87.7905446511478,69.8643702349809,50.0524299042262,50.3537716278587,39.1493578564793,60.5699374981449,57.5177294754339,54.6203278075535,52.422471431909,31.6124946152765,58.571866439507,64.0619759799481,59.9090783072209,51.0647011319002,42.9819091513571,61.5851945559834,37.0784056907217,66.1280843477566,55.4299107550253,55.3273133875969,46.8877406736219,79.8235260198043,74.7793768969403,59.0675685844045,45.7026409797384,54.6371086261221,66.1153854807006,75.6287312656507,39.4096216018164,37.0485041396952,52.8656921565114,35.8431487202839,42.8847106566013,69.1035643553873,43.3952938586884,69.526649708391,60.6805379050984,70.3208331945038,40.7024984759129,51.7056499693658,63.6819260343704,83.914136302435,72.3124274382636,82.3377467664772,41.3970897025094,59.9322695559937,68.7305628345348,39.9879301384062,66.1210504732259,39.175345345176,52.8551632420805,49.0241374264596,69.5561129937096,55.5162819206861,47.5759812426109,36.3238161127645,61.0528794116396,52.7111006367781,58.8456522585464,53.6876913889649,49.2552372621718,64.8428123937305,45.1496485012432,55.7274903198143,64.4988774085513,54.2068731909777,76.6222535944044,41.7449783900514,52.978377763418,73.8546486320904,33.8777808867553,57.3956441336026,63.4710804450258,53.904735075342,55.8561624073807,58.4179444452639,64.1820463248294,59.1204830290027,58.0083932977829,48.5902171537674,53.953866221933,53.6027806823761,58.1371260869336,72.8207832431652,39.9238511406846,38.5032256727446,46.3879475576927,64.1855597398182,58.2220782300303,61.5113248889788,72.8359954436248,65.8256972569491,44.6488802023256,61.1106636966738,43.4834264817745,54.7410584058273,40.6416781494971,64.0205082018101,50.0374698723314,43.4024104108736,55.9898304230034,62.2307196626082,56.4708744757254,45.8617860031411,63.36977381106,55.148328674873,59.6521248636742,44.4253690494581,56.7417271361843,47.1141181533423,54.2701552999385,51.4034600641936,42.9439782066422,54.5170830525164,70.6014826228408,43.6730929140756,56.7576341724635,56.8338056649864,62.2851941886396,61.3459702310893,61.5465930501901,46.2341187625818,47.8548455573833,73.0565488139213,38.474801507192,42.6109982666488,54.5312369836234,43.2041766676205,58.8144492512756,46.669684974848,48.4670866278376,44.5413792491687,52.3254417222931,55.056477945616,35.9330363795331,60.9622825306439,63.4229290132102,25.2432578370847,41.5827928892506,54.919774656794,47.3689187169681,43.8239515818119,43.6980492379045,48.1265681030565,22.381202274997,45.1163086777339,49.9547278860813,27.481075915283,61.2765196503895,49.6094752920811,44.5436669970785,41.8410392336224,52.4917528107365,36.942315532323,49.8223811963735,45.8520145887992,40.1860355016729,45.0553967202071,41.9037133178759,44.4269981682609,33.1373623797226,39.6635196310217,52.2498356161017,44.6278918255974,37.5023440497144,26.2659879745889,41.0060875003329,42.0164074566439,30.0030549893788,36.9687837878802,40.1609682768621,38.2957496332143,29.6968129311995,40.6279718334186,27.8211977468654,57.1786323262068,26.7801802566099,27.1203700230915,28.9910426120082,24.3013774417893,9.81352331188539,29.2415938503278,25.695510202613,35.2485708328833,21.9460805605666,30.2319124432911,33.6845208447636,22.8441951260121,28.0753287951594,20.265327940567,35.6867550347197,16.9709282386249,14.9503245463357,11.9763977600135,16.6563559892224,17.6754741788919,9.27983475661953,10.1331712430701,14.3673941614633,14.2966387764552,11.4418935117959,12.9350927707059,7.24623280617317,11.7462352991405,10.9643537433679,21.6629457259309,6.57332061527041,13.7299595938233,NA,NA,NA,NA,NA,NA
3.27678675300789,2.89203888260976,9.61417995034925,8.14427959724619,5.26409601464893,9.55290274771352,12.5654709023446,9.98591934769847,14.9904094462924,9.46260437719366,18.8712919090392,13.1192648356242,22.502865324749,8.81529747419572,8.83994863519125,11.6499226905104,13.7665032586224,12.4294843043094,17.674519213472,6.33466477537627,12.1870487213821,14.9541589866242,9.92786722882437,17.9784396689779,21.5274955391668,7.85693215997486,21.797865414415,26.6123241144407,13.5657264126396,22.9819077011624,16.1815036334316,13.4293361386253,13.8557112196886,18.8885354545715,24.3490878265091,23.8102918093436,32.6035860993873,13.1952855078919,26.3994438968266,16.5041577119556,20.2246068524836,29.0168209377998,15.6476504832353,30.7611794510357,22.4292938715643,31.9506207235476,27.9367336029001,18.837952020314,20.4210551491631,32.7402814297015,18.5702937673989,37.7739601622294,20.6345880873417,32.2536036144933,25.4465090561767,23.110147399775,30.1962843415691,32.436108897181,31.6187312628181,30.3236658862828,23.8797324151747,45.1822323111252,43.8726658489763,34.1696272882251,43.1981586623412,34.1042872910281,37.0241826931388,36.8228915032886,51.9851705404446,33.4917226440028,35.2785579853898,37.9266930731392,22.650689414535,24.3913376374743,44.685752965938,51.9987482014067,30.9067135325965,49.4985753745029,43.1442431346522,43.3506310991653,36.6220570536092,44.9531088906193,48.3232172583798,34.8358339113896,56.6826423841704,27.2946191896999,43.6866179369118,45.7857082528552,43.6084469363479,30.8648097899045,27.9322688126024,54.8154199360649,44.8654581426421,34.000659885625,39.5709684173652,26.9439395639464,40.1688338475215,38.3961254282022,47.9454011437964,57.6807395461291,45.9010568970685,41.3604898622486,45.06316520586,36.667325157178,37.4429230527673,52.8779031245378,29.1907735089059,40.6553363508732,47.7991727461339,64.2514246783704,31.8916514225173,57.4830796369203,30.1388341864595,52.2524851529468,44.2905415337549,53.5234395436853,38.0018514008347,39.3986576158899,65.2786617790843,34.7415158580095,47.1110663564422,49.2020612879838,29.7745832493969,52.1851432950948,21.0890810161884,43.9730118764116,29.5903762329856,52.9891906704167,40.7948599395284,38.1724383676667,57.8173133854653,51.3543609567878,63.7052802418125,48.1621245371955,50.0149977820835,39.7778502512739,43.7847147807137,52.5136263589703,33.5987339821452,68.0596647561343,38.2499900461593,57.5088093180677,43.998214349524,47.3381716669717,40.2547785799136,56.7446635002394,38.9753236972912,50.0425350623202,49.5706304168717,31.5645712503874,45.1590384605783,34.9766430591048,44.3636401798887,64.1610597997799,46.7776848930018,47.3163810008825,38.3114047950488,37.4921033620273,39.0918959212249,46.3954387433109,55.2081031139631,50.6971725059737,53.6766906018291,49.9763222868026,49.4299749274113,48.3156956556677,44.4323376333744,44.2125311858903,33.7273422633679,71.5801753855928,48.8312569318981,57.5710225004008,60.5597924137256,52.2487434175441,49.7813964287456,55.1902838892388,36.6075775905494,36.9760665298044,60.3861342135849,64.7043674532746,32.4665936076919,61.9659128177402,27.1990666415937,54.9475421119734,60.9867759999906,38.3726509557973,45.0717535941612,45.256622182153,47.9080189522662,56.6007411610247,42.287931134781,49.0481683014944,44.0251623960855,47.6140375788405,70.5299537805045,21.3169236775333,47.6793212773413,28.6011460313595,32.3102279600243,45.7092187995603,56.8005217680642,59.6593016377336,39.8494518608614,32.8832004783102,47.9614249322615,54.4083484946102,57.6943528633661,27.2456883824808,52.8244534712961,35.2464547432831,44.0007961647167,40.1392541856079,46.8493198736646,44.6634016562671,58.4652636792938,55.3344171547339,36.5385150087694,62.6468196214824,68.7880207296354,57.2492542138993,48.4875476303686,72.8179645095582,52.7223015410844,61.7011064658583,47.494674149229,50.1261532401031,34.337005698735,62.3805144138108,31.0817424520994,37.9516926803303,64.8269683862038,71.433011529723,51.55396492136,50.8999514305947,42.2821452989175,66.2345475463002,32.5105413881208,59.8158169927665,53.4071929711736,49.7270301496385,60.2593550328671,55.9136042999195,33.9348969490415,57.2019610477181,69.5687732336547,53.3968362744921,47.4916167433669,62.4422195423392,50.5745470946135,39.7144467139346,34.6352796414902,65.949347790893,44.6254289744397,49.2573950387642,52.6811154171655,39.3298964571399,60.2993255930018,43.6307896701398,44.6682631598948,48.6155749995182,43.3112042050398,53.68811627179,52.6664581168372,52.2406820122508,41.179510306541,36.4051736517925,44.2623069081403,21.6760213062021,55.8795066827189,48.0798655488535,22.3720018656129,64.4131297119156,42.7906849563463,55.3595530334191,41.4704023889094,57.6315984135363,50.9458326004091,44.367423549506,55.904674976831,36.8555561653819,53.7667615626966,55.2257100829921,48.9177738825093,50.8406649636755,55.0878369015644,50.8425339090637,46.2596937307715,54.7276525781927,50.2244691029741,61.5106699768925,63.838920668252,51.7676688467085,43.1260677360519,42.6611450802178,46.7733356068719,58.1199097074751,38.766387190389,41.3773879460361,52.9540381737491,45.5667552252918,54.5820334503051,47.0906796021633,34.5626344533771,35.6997306287625,39.5594142116765,51.0308236576876,36.3705128412226,44.1850142167613,44.4399997273529,35.1104664988786,62.1934805409711,54.6502980991438,26.5489446554838,46.7735844604294,49.5472065038825,46.3730102206092,37.0234850027158,49.4499678022205,27.0678408880499,47.6767349992711,39.1068377526908,49.8612741187788,49.081580059353,45.4981239275033,42.2411084220478,50.8930570602952,36.852316539035,43.2371560586414,40.2880583237247,42.0318905844936,42.5273602968216,17.1153273253714,39.4713289880557,45.3600387083349,35.0370793071788,25.1696927853431,37.1484646938107,26.9670979414203,53.0233248372829,28.1507693529144,32.2669751949869,38.0449443650571,37.6891388797379,33.6322053225453,42.1201668052007,34.6138107619974,33.340299113508,30.0863872626519,32.9510686595965,33.7441705924693,30.3561906779113,21.6400107067351,26.6005624259498,36.0896805020425,32.1972530168814,38.9907126596055,20.3727560181647,21.7924066770838,19.3212637891483,20.6066819156328,23.9535418230227,21.4405939173848,35.8386717782036,18.6835579175394,13.0644216163931,18.0415058772859,14.1846830954632,16.2860494946003,36.341125134345,16.4719837011931,19.9215057705064,13.1024929086026,17.7837102821899,24.7256266261884,19.4168610921475,13.8479528752928,26.4865423756985,10.4879944349958,15.0426739705369,8.54481408524054,15.8358317687107,13.5249687763574,8.94068072546116,6.40352515972263,8.93327635391691,8.51425127048914,5.57498528588635,NA,NA,NA,NA,NA,NA
4.08709271603372,2.75337804837698,7.18739086482892,9.04783249096896,6.75851773462479,8.82199596494709,6.1624071600591,6.3509312895979,13.5833717874384,10.7577926557655,11.3308224758446,15.4801765767406,27.0394838880908,12.9901210905598,11.3496158196278,16.0418657510936,15.2499902741884,24.6871715858626,26.3955201045049,16.9244874903667,13.2819364004689,15.5255780793225,25.2224515931813,27.4561405560794,25.9148875166536,21.9251319276332,31.4715647022148,25.5947329925353,22.9531251074952,27.2535922213685,15.5943735463824,22.554762061249,26.2465083632941,27.8245599744342,30.1272686325597,41.3444321983679,24.314206605416,24.8909160469967,25.1063806484945,20.8958037234917,21.7252079952499,37.4891276036951,34.5408499168547,29.8427568349758,28.4319790299905,30.5420084780283,35.0041174690789,49.3740775571182,25.462351003618,40.9795218638852,35.4205849632865,31.1952964025662,36.0163333439444,39.8883571125821,47.9039055560555,33.4248225686235,20.993158839641,30.1841789534096,25.5023471815061,26.2884264144189,42.1108489768486,50.8927330098077,35.8118831315025,37.0338622119926,31.5576405384719,39.5240934647098,47.0768642705846,33.747481618002,49.6412144280652,32.1389949710534,36.1604794385345,41.0615973917609,39.2778293602787,43.1552092503838,33.2592901497048,39.3344543008893,49.2521144123561,36.0180381106865,32.5215372910581,24.8012322233512,45.7886311516888,31.1807290554091,32.5164597230341,37.1525067675118,43.510764635758,32.3730460818217,33.9692196393913,35.8405484169243,58.8448889516973,24.3296438331037,34.9388164563858,31.8684320964372,37.615891134056,37.4038470071407,46.785140910979,29.7703107438606,47.7118699252761,50.0898172341215,34.2052444589809,33.8747893662457,55.736325859923,40.5167077242752,45.2733125050972,58.3329121119068,47.7505076887673,47.2543510679734,46.0229195680152,48.8140401034907,46.0850509760885,45.6404609536083,46.2137175969376,53.2628892416324,53.9305799436452,26.3178891121285,34.131736027235,49.8173315829836,57.1679249920169,51.6286715098646,35.6163692741383,45.1366869522278,40.2273834471586,46.4446197798827,44.4766037996676,55.2800938833427,56.9169872423738,36.9403850944544,58.0192851667352,47.4487419253608,39.7895524173307,51.1173373507182,34.4536948871676,40.4782094987008,42.2372145491707,44.1989484277244,40.4770515026683,54.8434757394245,44.9055839311586,50.3634465530749,37.2037877093219,41.6854357470747,47.7659657054159,34.4604089891864,56.8147366387842,64.2926746879585,43.9172433195527,57.3883470424308,42.3534380881701,50.4856176208481,43.1961957882359,40.367333708007,59.5727135044813,39.0495540258908,47.670838026266,48.2162166295685,44.3743110859898,36.7098572604813,62.7077618212243,48.5826262179133,30.1672679867046,51.4678939520054,50.2881885344525,51.4132123363163,40.6335394801897,28.6961058533815,58.8190675849578,37.4481120649883,28.6412746209182,49.3515333981439,68.7849724064915,51.1042118355744,43.3304286159678,69.5971579139325,32.8492247205466,27.3660740016377,60.8265192388048,55.4665305183046,46.420528275504,48.1033200423554,39.7029965798129,47.616319032742,35.7830608796091,67.9054223419934,29.5851210819309,53.1705336956744,50.5318066658981,59.1143166575288,47.5450435922376,64.4952251323873,45.2967618385013,65.3105005546481,57.5571133824751,56.0636542055879,41.255064106672,57.1899552134381,60.8692788062209,55.2470770123379,37.2965585860165,50.7271009180016,52.898998265059,41.2517216744455,58.4241250790051,61.1411862529389,51.3618124820283,65.943575179068,55.0222966324841,58.3687387058385,54.4255928057805,40.0984699055235,49.5203646603133,50.5177691799896,49.664370629104,31.1898892796881,50.5462799681283,59.0970571040475,54.9012460872222,51.4472218547703,44.2302600225606,37.9499504828915,46.3353657708917,49.1447728830886,55.2363051501855,48.333173062362,53.8988017065655,31.3405494490053,54.5040510261699,65.6492142368529,43.406144993434,51.4099668467167,41.3747941990069,54.0003693755686,48.6890488900567,61.6394313727846,64.9089005387582,41.55727732893,41.7003000745559,47.5376903598054,43.1737877787503,49.7692588503774,68.4647760267243,45.6624448680653,46.1885279604468,53.7571576241167,38.0008826529426,35.2034909248529,47.896686428101,48.4449627920509,30.8886314848235,64.2562087210048,66.7516050374718,59.5563599512788,44.2271295366703,41.0708804877975,48.8020443664044,37.5756231525465,56.5956958029591,60.8744243793578,61.4839762861075,46.9676400750214,67.8122563749039,34.8625253790179,53.0283761962778,53.5999710950274,56.8396190309122,50.5533640419733,58.2695349852849,58.6741281434195,60.1558247147746,53.3629356648269,51.5809924191144,59.9192296541985,38.2515128656299,51.9602177325736,54.0994379447331,46.1878423857017,59.5876970499813,31.4904264102005,54.6150930665743,53.6506638202221,64.1899498090821,50.0874256855698,55.4226350772553,26.9835774804149,58.3671278870844,54.8094438662175,53.784654569283,40.2776064031146,47.8884790238142,47.4892708875944,50.2822545655063,41.6354781222951,51.164333719943,34.5298201742664,37.3421197623206,69.713812605662,38.0912807194829,55.7344536988782,40.6906895830308,47.1545861159566,43.8307499594228,46.2271269019363,34.6515742637276,27.5080660524511,52.4497880270147,43.5436345100841,41.785560110247,52.9159027489696,50.6536929024928,48.2193180074586,33.5436850719955,26.8602493673175,45.2494817333175,33.2730189032045,38.2324789050972,43.5743573193124,53.3021999925472,40.6003350601898,48.7286699288452,28.1090635586918,38.9024247254118,46.3456320749639,45.9481551154982,54.1142923229949,59.3957861597046,53.6198965671829,44.6671269836043,33.1700926402915,41.6720874337309,43.0854604994984,33.661639480759,34.7454081471838,40.7166342008582,43.6735807272015,31.4021764483747,44.381292871951,42.6928022915083,46.8965872387268,46.6914860985896,18.6415028544308,25.5034831321669,35.4149242920224,26.8265399264298,30.5625949886117,36.4494969574847,46.7337522822921,29.3020411693622,40.794583489642,39.1930174177526,38.4814356153832,24.1470619155394,41.8320709141074,27.6535046111324,31.067172434966,21.6906660405139,18.1315840312497,28.7668365647692,20.6963742958615,17.193008211907,20.0113446736168,22.0546200803191,22.2110954461473,22.2740754408069,19.4366131365186,27.6757570758034,18.6803829099504,17.4385185811377,21.3848265091234,13.7924549091349,9.10435532087065,30.1041953412434,16.5019098325782,18.8373225184067,18.7420358410997,23.5819157371108,15.3026830259716,16.9056602048503,14.9489588327267,17.589881298746,17.2320590129268,7.9346959447659,14.5377787484477,7.33889552879921,16.1287858295652,8.37087546126857,7.44064859274743,2.73184178949385,4.18564185909155,3.30364266683191,NA,NA,NA,NA,NA,NA
7.1146990378896,6.65534741802017,17.3006449609009,5.91520355691293,10.767105996331,12.8326266769037,19.8729984820054,12.8938510530741,13.5738364732608,6.74497390823866,13.7399759897798,10.9815142807849,31.7904058980576,12.6830831681096,24.4697012865891,16.9632685629348,19.8183825974221,15.8082302002024,48.8998370701029,19.7017772512768,21.338514413898,28.4300886198384,31.9203010895185,36.7555359621068,37.1133776303826,8.80694364320396,16.7780698080342,19.2188870244154,32.8206920689003,24.606184497239,30.066789893572,39.4245791516717,38.3708177275757,27.0056306078104,37.6415269391719,31.3467410051756,33.7182558733096,40.9638641948666,20.4057085565635,39.5921910491215,45.9561632208944,56.2966888601341,57.7757808848069,44.0314554374572,51.304255549795,45.7929930063456,45.051701779256,45.2513223975062,47.5642145160723,56.6114854987144,36.7080379822661,42.2090693405754,49.2092047775098,45.1371449260653,35.905790585172,36.7340068357996,53.9077024752845,77.6427803387356,24.6939218464785,55.3035004846993,36.9445438891355,52.7305960113358,32.5400930994066,45.9184810567977,48.1282769678681,37.9594380737757,49.9509493285167,58.6239542828392,45.2573370970097,49.763034646668,54.5471004830709,57.2464047905096,58.1693427404554,50.6935507394237,52.3958885878262,36.2716912625767,54.9889445084465,52.9560805970215,35.2616110673175,65.9709137403786,47.275667032542,73.3659629406666,67.7039972871557,54.1088268078945,38.2631049881605,46.7087769775138,41.3782192982443,48.0427958988326,45.5039832659899,25.2330108906404,63.9998340231802,54.7797257558878,68.2178473578733,41.3474007718228,38.5928564224915,73.1019517967339,52.2674269199465,34.6087686766732,64.2330606054183,40.7018202151227,30.7575660499558,49.0464677419238,61.5683649456534,45.5701280762502,37.6842382526906,57.5986499189684,42.4234662021724,46.9450812210891,41.0129893507114,48.1603529220463,50.2283625839273,70.3953579689676,56.2091494366102,46.6705501501311,56.7766775217354,56.7727959654115,63.3653045435446,52.0404489675904,59.2945819748411,58.9218165935039,53.1750648377332,42.06968125853,62.304426446689,50.4180718996718,43.0202394834158,67.4856039643429,65.4079125542607,86.3734670407647,50.2737514008917,54.0731578339567,43.2782682245578,56.0935198929767,69.6834761943407,64.8139070559649,68.9548608058366,38.1169802432137,80.5300526524753,50.8649915832724,70.2274238458172,60.8169294590366,49.6842788144195,43.8320395012113,52.4688239778682,75.464842761359,59.6042446294729,74.7715611287655,59.8088309256604,58.2347266598291,49.2822422276254,47.67548671401,49.2302996257997,41.2755172521496,57.4886443795878,67.0415603075074,83.8022814823748,60.6284067310324,67.6876117247472,59.8392548124537,50.2817827992887,70.7689050537422,45.6374201709674,61.7052489570159,66.4125365727647,48.6431163870301,53.2644544275089,34.1154062392828,69.2646794609181,50.5970545637572,47.506499038043,55.664850548655,65.1576940678959,65.4007932296201,69.939828538033,47.447768800219,56.6159400195805,76.5601473251644,66.7319040842629,51.8426922087697,56.592594155281,77.3168727290783,63.2184609372714,61.7917704141724,73.4423214577882,63.4612659055446,58.2216585313463,61.4394064382108,55.0155961241309,48.7467033440683,50.8739409828639,53.9748930208451,57.7084125075266,58.9722651994962,80.46000460596,52.4294794537778,70.7673660951293,55.3091781779081,87.6446938700441,82.9300423576835,66.067893350549,57.1929293566568,70.6182262321726,38.7289986729576,68.0915022887644,64.6412404652253,46.5969862247671,57.6656604942751,69.3772477539362,76.4885768675616,68.392482442374,67.8473002542634,46.3487637615861,70.4344066172106,59.7867362039869,74.8039476674433,51.297440637372,46.6177443651156,63.459721424044,46.2352273413477,65.8382018199384,67.6813017534206,60.7878662588476,69.0194820349683,88.4770281390603,52.2704231724673,60.8200609156998,80.4772207946517,93.3062473270503,59.3127080025622,59.7679082086093,66.2754174150562,70.5725261636801,75.2812343478695,51.5925579279935,72.8319653390644,62.4234218415417,80.3811292404698,74.9693909602949,52.82236965553,83.7705203888654,63.7801466050014,71.4725415182529,58.4023454119632,61.8762193399455,54.2892374097093,52.1010097701636,75.6618605199966,52.1598779493564,43.647858550224,67.2250607015454,52.0115433833868,57.7205073347935,43.7279077469928,38.4981293084268,65.9735907075794,60.0243784820674,48.449018262562,66.8066512668852,47.5187803760804,55.2168494312006,37.8292644760083,55.9683954653454,57.3727988378817,73.3384953373764,71.6374837196181,57.4383818596174,63.0559002503049,50.3275187309617,57.5460226564318,54.226497841225,77.2887607683029,51.807820176791,63.0034081988549,58.8950282361217,29.7003956422011,73.198242014059,56.4913248390145,58.6644598971985,73.9401199265865,61.7106695213573,51.4571284517331,58.7860257287448,54.1151195358188,56.9417866560239,57.8899912467449,56.4731340829331,69.0080350078502,50.3080859658809,56.6755576215863,65.8835416959626,55.6204823607819,54.0654593360381,60.5850282825598,62.9683997196122,72.2600310947672,51.021562141436,56.4706362947437,39.7536707370113,42.8711609797207,64.2160484423265,43.2299124856173,51.956518837908,43.5628252598085,53.8282338673688,59.4748351092031,46.2648250514147,52.6090672584228,56.7999315643564,48.0494033526393,45.3754042270206,34.9729435832809,54.7703905104279,50.6655121243132,34.7184500526584,54.7783739489057,63.5889916290004,53.0520524495954,63.3902934894656,60.1394265359474,42.8978584673034,41.2536298274615,49.6069161613252,51.1433921653109,49.5532201752204,41.9188335195017,55.9564075082907,55.3421717980978,45.5889094223554,45.9538314354296,46.1303526675782,37.43798060596,47.2156817282844,56.0088051236895,43.5098267532699,38.7718506528375,66.1283883765543,44.4488087876217,37.7234941945298,33.4010193953785,47.2176149207996,34.9909356873792,31.0696520346497,40.2221316781381,52.0110520548318,30.7586204757807,23.4550452456355,23.2675937744028,37.8409096047731,43.446897356121,21.4182604560987,39.3725016187589,29.9611647220976,37.8557690622144,37.1702694572322,40.6896735162022,31.1635316314083,27.7382995734757,30.9959964220273,20.9410542592383,14.2033627354368,21.0618218714306,21.6592471029705,25.3314032405336,27.2066299306175,22.3139322098584,26.3657094284128,27.0222083408881,20.5835891649743,10.8959639543092,19.8885722689071,20.116302931627,27.5872957523219,28.6450978663376,20.7009971772504,24.7544588885191,16.6021673089382,19.5589416312465,6.74758544883332,15.1754431387446,15.2504102243343,9.81729037148297,16.1923099836217,10.5202035404941,8.12906824575244,8.23086607636056,12.7564263353453,15.2760739445504,5.49357911901355,NA,NA,NA,NA,NA,NA
2.92988206517544,5.22340957738532,3.66014610055698,7.13874736217065,4.83796620237721,2.52120324954374,6.44179165204944,11.3030021181445,12.8548747268829,12.9181558068397,10.2571543489994,12.4162473158608,28.7191250417653,13.2071186634991,13.185941588835,8.36785217502774,19.5223882689996,13.1504197683638,22.3892699490929,14.2088191741814,30.8394474753178,19.2080805359343,23.3301952113092,24.5518227329704,30.0018921079441,12.718620268106,23.2347463751208,22.2284078049119,17.3667595717499,32.5563302217755,24.5847560740253,13.8428495735706,37.0345265066532,20.9944128926503,25.8906441583687,26.3357082953966,39.530051180148,45.4499763089861,27.3841838688802,25.4532249196199,31.9795954417293,38.4434487603244,47.1917321097246,38.5032094534178,38.8798106043681,34.631894803561,49.5543043579735,41.8038352074176,43.1847475236637,41.0263070937338,32.354041443097,48.7620659969811,67.0389675117032,33.8292515840653,42.1830959286408,46.8575033126175,48.5282702300218,44.5998470350323,56.1750817117436,38.1650685080602,50.1175272592161,42.1737832832048,34.5817834206634,34.5178788129508,53.3780103657716,50.9402681323646,55.5527941011158,32.5014633671476,38.3343880710871,59.5295223286974,24.6733636017763,28.5199947416561,37.1876575822929,57.7484868311319,54.8893832592684,41.6607796559332,39.2503549832448,49.476615782062,67.0160072102676,33.8479834148785,51.4256230281521,51.9935027897595,57.9551158813595,55.4713386721113,66.6442949177197,53.8119095357765,62.5616058234124,67.1778640528926,49.0277002154241,36.1796238460551,39.0979735724499,69.2851674804089,57.3017734912885,49.8518126822623,68.7033528102421,49.4967286746969,49.3708973885268,43.39146168438,48.2757337657039,59.9634834760885,58.4405073170806,63.0406303597453,55.6911512763645,54.8488326372889,65.0905864199867,54.2912949489421,58.2685395254262,53.8668268333868,65.9631945077984,56.1815205204949,38.5441343605669,33.1074037797574,40.7248194942592,43.4518978221098,50.8306026646155,53.701149189428,54.6854239189492,58.7848412275306,64.0159508234818,67.5024732483129,59.6726426126714,53.3777545026714,44.142669944737,62.0713408801945,31.5576167536313,55.6497760927892,51.2613658715541,52.6897224505899,55.0818520537873,34.7032296989296,46.5066923323552,72.3780157755898,72.5495093232512,45.9470220222008,39.5207585522725,60.6292923179514,35.925644327172,52.6109315974326,61.716638072155,46.640086367582,72.5006538384028,68.5112345244105,63.874529456232,29.7996140071648,74.2328003601209,72.2372164284439,54.0738675750694,65.1759791618337,45.3773624698942,52.0529395374034,46.7506475503565,67.2466008609487,67.6207090629629,60.5921880728581,66.7153473042237,53.6932489912788,82.5457255295513,48.8458841438616,43.1480384359022,62.3867421205764,57.9207616466032,68.7948228592731,55.8346867257694,55.067481434044,45.2971890671397,44.6391124772675,60.9407540934277,66.0661171813234,45.8992155871837,61.8073686081154,64.3451630364087,67.4743378783258,58.7200167701121,76.2896533051833,62.7150077265358,77.0222310109585,44.4141468946301,37.0404592002771,61.0839702963652,47.8349792139869,59.2249658571213,56.0183319772786,73.7783009093252,28.2656130275951,53.1222875233721,66.9823036892989,66.855155284207,67.6609832420275,62.3743026921647,65.4184883158418,89.4834289383841,50.241708764654,54.7051115983207,56.5774885125589,60.9186564500006,75.9140230266829,82.7176442476895,51.3657182666842,71.3164857795478,58.9354332516384,55.8931491290878,64.0574715490156,47.726398433557,65.171622499622,72.6749513445314,58.9364241911716,61.2548823434716,59.2953347007648,66.0179896725571,60.0426047853103,59.7097199983735,48.0727788498083,62.4303605906792,64.9133739460909,50.3365256567645,61.4014391689151,43.1457948651772,41.0309249511427,59.0919356302817,62.4757547004717,58.174790891939,58.2181471760635,61.9489023021796,64.5834789304103,49.1262452132996,59.4813116583865,58.5361356998041,44.5186203764522,75.4725925227741,53.9747901532634,67.7823491085408,45.8212270475621,60.1952181329246,57.8947762985426,39.9520583490888,66.2118068742892,59.0437903284114,63.6934566243573,53.0980995469358,62.1226644093617,60.6646915688123,56.1349246056756,58.1342533386613,57.2910016858697,60.1514159205138,61.5403469709931,56.2793892218061,77.3121170359367,48.746568317116,62.6250446737637,63.4134028300959,55.3950006713138,57.5593611278495,59.466046011502,82.103187915114,61.6060711399672,81.480102537538,70.2769187087064,54.3749594171703,33.7332780116613,46.138616642616,56.48835997381,84.794533798253,46.8126238679475,65.2936281418251,49.9864372248523,59.2486787125678,47.6699079732231,59.9368613927301,62.6003249833548,60.268312614562,62.580766396149,62.7472848826241,64.4425532296668,69.7651503144726,57.7773604754873,50.0894406504108,47.6881232470889,66.2329419271969,47.4454998612517,53.7187415854184,71.8595474882419,65.1377625617428,69.6674869798521,67.2086684957684,57.5638510558439,69.3899028293753,66.8203106105764,43.2816901735952,61.3512149834037,62.3319869853826,48.0849404680401,39.3360370220829,51.0951828943856,64.7621798288257,52.3599129914851,41.65099855524,71.438730078622,54.4946454257266,51.1966099990975,45.1042599223614,50.7447867299502,49.8733145704918,50.9748948940628,48.5380713278246,34.9801426038445,47.6565391908816,51.4307386267628,35.4351976388001,52.6280617966372,59.106736864612,35.9501808593269,47.7092972596567,47.4191819910961,53.2762115169732,55.2492723062462,46.5787675240653,52.260385363826,54.6447853841256,43.9259005569875,45.4682589491643,51.053352976101,37.5252087041537,58.2652746627326,31.6871121680407,42.9921534772882,45.5126194033712,34.522326444449,37.175923068812,51.9703935970201,54.279722379955,39.2644495401549,52.4180650276123,38.0463103460608,57.4168955482888,46.9557998775838,55.4354809202177,35.266956911049,37.7035281856591,52.546304114008,39.2974319438135,34.5590768360612,37.0101563890394,39.8877934370387,45.8183657757797,50.8377570759752,37.8123623478852,46.2433911202459,46.9160624861972,27.5757904785909,33.6622440071911,40.4490695465537,33.6749249141018,26.093061966968,47.4593539659447,27.548418620291,31.0352867913384,32.9176882144487,19.6531366074333,33.8845169645661,34.1673249197184,35.132737389318,19.6009226847956,27.1280276553157,24.3354634366735,27.3305950947733,17.5108435054421,11.2025409164765,29.0390661423262,19.741411281179,17.5685850948243,13.8279503528891,20.099362521051,18.4447664918679,10.7358712478069,14.3302492454197,17.6851005033257,19.3933871188879,19.5319373266786,8.92418175319862,18.2278945329554,5.96429472107309,9.19731159052879,5.42936528873821,9.31308408893493,20.0223575772482,9.15279539908947,NA,NA,NA,NA,NA,NA
4.06885748845904,11.7627163748304,9.0833686409679,4.65134920473055,9.40992813087094,4.88603392072871,6.00030812210199,15.5465320483128,9.79494727484553,8.4556826169608,10.7084884077275,12.3613549052831,21.922801519424,5.84090193372123,16.3881387800179,5.75660711819345,13.5761415389797,25.7810476471085,14.4831255033817,15.6410561356394,17.6969195928474,20.405531897369,17.3798940277452,19.0373299046443,17.8442875302879,15.0005571211262,11.5675938453039,27.8191906271806,37.6902119744489,23.4271636221615,24.3740768583677,26.0926174627142,31.3116497933315,28.0234961499044,35.74456761279,25.0197596740835,25.5065393280024,36.2971023291417,19.8979454489761,32.4831619436651,46.7641737358432,34.4766063123317,29.6647369352184,34.0729117436831,47.7630625613286,29.8603457775431,45.1095100129834,34.1475925213846,40.2811017386379,40.1990906016356,29.6070078702454,51.3987955405094,47.8805513260788,55.7950617857534,36.2097729851766,52.401805073687,39.4548216074793,63.8124327877241,54.175649857213,48.0365471816525,37.3141739837979,45.7817993926905,33.322024261979,55.4323630829802,56.7842602491755,52.586981182602,51.6206378856451,39.4590071405897,53.7609245683997,34.5499732309857,37.803730739034,48.0532044996974,33.8483474484324,31.8189032036862,29.903470317548,42.7221087367716,54.7366113949652,42.8892461694603,23.9887298081122,39.7416298573321,54.8177503690051,63.3751928167396,49.7651427532911,31.7604920516628,37.2441218605589,39.2492522016942,54.254339385366,47.8343572524109,34.902430642567,60.6411665652028,42.7883454375609,45.1488261756974,55.0510575940824,18.6946428048901,61.7474192852317,54.3158335670012,25.2451696381276,26.7902846649641,51.8172763183125,51.8940056786663,61.8038247543343,51.8744747564527,37.2633225649824,55.8796862460998,47.3948885293161,54.7286359603657,59.6245387651619,40.6873175312632,64.6498716399786,55.9869996622609,69.6998458291063,42.4920564812028,36.265675637534,46.5881126193004,36.6884829983485,54.0494261438049,41.6002859196795,59.1586800919077,48.3762331560607,34.7906856310597,37.1703475701063,59.9284289945383,47.4537833221571,40.7532162204885,53.9885951968454,39.393233801817,55.1693011776955,45.4939992022607,69.988499682604,27.44401318687,58.8969931736669,66.1414189733842,44.4101348991312,57.053350928914,39.9902925390427,64.6309556883768,57.2505776885756,56.1255597256716,55.3430845244849,45.8812275764178,50.1361735063111,47.1872467912005,61.4829245300078,55.2545720241242,66.2034090892051,66.986188726114,38.7491159420999,55.4443100991717,56.7397335943383,45.9545118104729,44.9446275193691,43.4809802411148,55.2057516235398,52.8000797949824,48.6871232793985,28.188321622612,52.7499094194768,37.5987594500282,39.1550464395098,57.3376324939588,81.507789321326,55.8284936239338,52.4099470814914,55.7166112763008,44.4645590642704,52.4881632950219,49.6019745464143,50.7488210584111,34.0106930048355,73.0117248482872,53.4207565338101,49.9820605424915,59.9165441238393,38.3006950826924,53.1880268556666,50.411188774742,47.1630625375561,42.3190741282127,72.302043984662,44.151214491747,49.0732385095031,54.5795537547759,39.1513117402977,64.9468089596116,40.2906658355448,50.3149863250231,72.832429990013,41.209727232505,59.2930774290191,76.2874271183453,57.5462104893357,60.3685901061595,71.0602222071127,58.9547693867824,65.4869894351881,44.4848299897958,76.3644632732976,60.2061510469377,43.811725648386,62.332354539868,52.0549185279312,69.1383976933018,48.6406149773054,72.6633833508307,69.6907702484037,67.8807934183227,80.2277453936641,82.9914098063578,56.9238203837022,52.1105543920939,72.3851204349505,66.5167992247471,44.9104544158337,49.750556926141,68.6637580550873,70.2602507751018,61.701776186954,56.7656032660887,65.6131586906169,42.135434441633,69.8675762356516,67.7621003712111,51.9229476310839,51.7391790576973,50.7705776777542,66.3333526215749,59.403392375874,65.528067066361,35.2345635648489,78.9599947200865,59.0257902688013,65.3906202511209,70.2101224897475,45.7817769674587,52.188595311335,77.1685603071829,58.0368846901273,55.0096609620962,61.1662667587581,44.3638627828645,51.1597733257869,60.0089936508644,54.4222300809998,42.994423684257,68.8655772012036,66.3682539602432,71.321047052016,59.8340012029387,55.8725329048381,65.0572820265354,38.4247465668349,61.8454068911321,61.4035499900917,48.8932852505222,67.4029174742923,61.0838375274424,59.2876336942879,70.4055428706602,65.7048534550946,42.1092008784019,50.5592662079782,56.9522549200659,50.2701267231425,69.1648506774101,51.3290032494306,43.1449987358666,62.330626765725,64.8803247894466,40.5125006501346,58.3862385760718,43.5810011462753,66.0706690729928,50.0098634162549,49.6239392036759,76.4384617352125,48.2888184324678,56.1558582142022,44.3536001892607,60.1513203033003,32.0937063273017,72.8849841246431,59.1864223479493,47.7176248739581,54.6532060137233,57.7487784456033,68.4227603912407,52.5713108287081,64.8642244640983,49.0947042043031,48.4224384332,48.0033283949296,53.6086556948148,54.9521062280722,73.1244792310524,57.916412892401,68.8614661630138,45.1945792001375,52.408948072975,30.6177992906861,49.1958816142286,61.0591567732919,44.6054104007616,46.2608662138392,59.8207163206683,42.7690680606332,33.912389721504,48.3953396382888,51.6230215525676,53.184650949876,49.9819824437838,52.4507478841416,39.320189364887,39.1428294048824,53.1122553067676,57.5865800684317,47.2821907512412,65.1362984068777,38.2156922701232,48.8888933174905,48.2705678398066,50.3594528191214,37.7944162055259,46.4817266170699,34.2870417530808,42.7803399520992,41.4012980562291,22.4908232716768,43.248582947519,45.6252175029043,35.3565732766847,41.3649209479046,54.5396235754843,26.9306196916792,35.803363872821,59.7690067763739,51.0997672961249,42.9179890735045,44.8299193169841,30.7352280192501,34.0955163542402,36.8140081496851,48.5555084359352,40.1926956509484,41.2499980937733,23.9692366499342,45.6226243949308,38.446016542573,30.4491442729933,34.3785453882646,34.989746794462,47.1054007125704,32.8744025127306,38.1158331560779,31.402750358213,26.6436418356825,36.8389183552309,38.3976394582317,27.2250210592583,26.6134578580075,27.3935262041835,37.660135487944,30.092894941421,21.1511908321809,16.0375627105084,32.8218262313654,31.9404167972615,23.7977683897864,25.4568613674502,19.0673702534791,29.5226668656793,23.3687792292646,16.1060114910712,24.4694945869404,13.0779636139701,12.7854417459519,9.70386100135098,22.5666754024922,15.5885251650822,6.13892060167118,19.9941695541021,11.2445742638475,12.8733164677097,10.8204662791477,8.92769758203803,14.0555992753215,4.14546462574097,6.16926497468529,NA,NA,NA,NA,NA,NA
4.40843598182067,9.70664122180846,8.35225832589745,6.40989984005665,9.04444492314624,11.5924793039705,9.21004722315982,7.01561190577775,15.1652423906204,9.40359630784109,22.1494784276273,10.3551442093027,31.0825856771088,15.2853797890526,24.1463009499886,10.2591824990161,17.1750930287366,19.9552542588357,24.5267214515663,22.2225117596565,14.8126740321976,15.4331328491447,30.4778079360844,20.2248616285162,17.4954060995843,22.4857158952645,24.2669387768817,27.3332796778799,9.83896001753285,14.8348553211832,13.0207889142379,43.1116925655193,31.5387515558861,31.9337197095314,30.6365923888292,42.0335891245783,37.1276034224798,35.1563269432915,27.916738077536,22.7337990852384,23.6935997310794,27.6848084761691,42.2784094778359,30.25589193808,31.0235023336949,26.9192744768213,30.8502743251782,22.0573191561396,22.7232470997213,27.4659374340454,45.1931150093127,35.5545744012742,63.71822651266,36.263625731341,17.8846128783939,56.4789654406806,47.9669560364128,49.2202794194565,42.2931677028813,46.6916728083352,38.8218164252168,45.849185681619,38.5723001656356,43.7363442382781,53.0673419052748,34.1922123359687,43.297259211008,53.2801417390911,26.9188884601923,52.1382980434746,54.018866697723,37.5081974818115,45.2237887245799,41.0939954407223,50.0353987140741,42.1376244234086,34.0402705246717,40.9004504825321,44.099134573534,43.9738836452465,41.5373024845238,43.1469329616463,53.1148274132731,63.9635378328813,72.7472487432756,57.8747351402315,32.0797870224965,46.3408588197674,31.1325055015208,54.269538358777,37.609128383564,41.2919170723502,53.7826859899719,41.8454376022731,48.141752522589,46.59804239582,41.8891431921681,55.114650372006,45.8924866890724,66.6282057318433,57.3367451381093,50.6556033137941,43.4495761826918,77.890845859869,65.1157562079868,53.2574515361971,60.5429934247981,56.276026073718,62.8695869120971,67.8390146810795,51.366746953836,47.5863838722003,53.7191175730449,44.4029519371609,42.7109912146715,66.1496110701351,55.182318218352,31.3504669131974,64.299379826777,65.7461765803632,53.4007971704995,53.1978772705005,55.6089497527597,56.6950909633063,44.9072430752361,51.8790154265761,59.5827756364265,58.8627670765853,63.4278327513216,52.7012120763502,57.2571278280465,56.8352576800537,64.4449435471255,82.962681380466,54.8912901862174,55.5857367481766,49.1842296149768,81.760457974323,44.1999104029411,60.2793675382049,47.4085859283811,80.3797411086261,34.6885305041073,43.4101235402244,57.9604903977877,75.4519928570689,64.1454217113585,69.2168569607726,62.6236950220339,45.3650551772282,55.3980571800567,50.103710136819,69.5007932399785,53.7256731013915,66.0682403870767,59.9371931039817,51.1218915502479,60.212725747714,49.4268356487099,62.7820245311387,53.9918474696265,51.7637527111793,56.4041399468006,47.731144680736,45.6817928805706,45.2895043139386,44.9297430553058,44.9935774787283,48.3790557836725,46.9685695139909,64.2214293279277,67.732752846963,43.3570300400864,57.313269769964,84.9391335120823,61.1944675020743,47.0035672690156,38.1234829007005,45.3621134589457,56.3108775658848,56.4468011402384,54.2363348460176,52.8906981680114,60.6420759599276,58.7082927233584,55.4426768505177,72.5523312738202,56.2656431571839,47.8417365292795,46.730761286702,54.2705580258809,71.5156276058911,63.575317127966,53.2291055210869,51.0653879176353,60.947882265827,59.1940187473403,67.3446175499202,56.3365420333993,48.2826255826916,62.2854720948514,67.2977213581413,53.7500481194432,55.982049152268,53.4848361135375,80.5258228837848,68.176013286827,65.2727308183434,60.447838724498,69.6844276121178,66.9175993081582,64.0768819648556,64.0280086326041,50.6017744201057,46.7464543041448,61.1774955416971,74.6983514528894,51.451915615135,54.8798748713348,77.1559176056577,64.4491035432034,59.4482021309464,50.9746531398816,57.8358701492808,72.6967277102018,54.6458466228405,83.444795748059,61.4209011503448,73.8188227156135,79.5950563962737,58.3740243551362,58.3742985183682,55.5557483039399,71.9968375610066,77.0107605585184,70.4959217961928,61.7436030983804,66.798578844087,67.5841995111818,63.2337031810285,61.7003461225241,63.4812551989418,50.5704418166387,39.4321754769839,70.2172564897972,78.4427074018645,49.4632392771194,62.678524951957,69.1411579833116,51.4704052940838,45.0026033215176,40.7786127407658,61.7825606285742,69.218926467794,70.2890377886287,73.8029268318151,64.0566637076021,62.794892067862,59.0557335010181,62.6916348494328,59.0805250366609,47.5748733284214,61.3091891090669,41.6985372751719,48.5558814883688,47.2118983977917,43.100369029702,59.1585645631087,53.2632033018748,52.1014600570469,35.2655940922389,52.904836455902,49.5286076127396,54.2909718346167,45.0103611432966,68.0483336214157,59.9271247296572,44.01983817461,43.3317632725846,55.3786869082753,69.2675309163014,60.0877748955964,48.2889874975094,52.6011711345218,42.5982945524416,54.5434404028024,58.1863292490723,49.8228833617234,45.1365559571335,57.6313826501272,40.5042981867246,57.0654212200042,46.2262521580651,52.9047389384478,59.940239172376,46.2286549878161,34.7709022061241,61.8134796314847,64.1609725489199,59.5488394291848,41.6340079427825,64.8360280943879,26.482313023822,63.6524023637088,50.2604851502456,56.6548898592964,57.7659571317888,52.7885653099532,41.1880900868867,43.8134565744027,48.9356467918139,44.1147383961503,49.2926485668723,57.2396008615078,56.9210876221154,47.6854538773632,60.3353198902822,38.3933109812857,49.1597706159079,38.4271702470055,43.1120157609249,50.3331538340134,43.7999973463601,39.0661795725032,52.2787042455602,48.7983483034829,43.2157410601905,44.9719323664734,45.1855793811329,30.0028095725682,56.403750289006,46.3442374152445,36.7542624325725,27.9986166110133,50.7178839229633,59.6878715789954,49.9768265901319,37.2153101292277,31.0659254509412,40.5097370720639,26.1695207669364,56.1885810399676,38.6941641947589,35.9378538811879,39.89760457735,28.5144976532232,40.7861154453619,41.0946631287304,23.6165367482943,53.9249608944946,34.4229062453981,31.5649975909497,39.3506994645597,26.4992050379036,30.8454905850589,28.1353040998811,37.9941757077483,32.7017032762991,33.007911157614,20.8857953243201,31.3762532975925,22.8465292927819,16.6370653898079,30.4845845213603,20.7282809414398,30.5809417328401,21.8550975793151,9.15000208260094,9.92445866155445,29.88454762023,15.789187810187,13.5056290389803,28.9734277796093,18.7863985547524,26.4791195370865,27.2081338630501,23.3653921070363,14.715416430179,11.1829199312536,16.7500221362982,8.02642267359167,10.526219360188,17.1343569639588,17.4615871681782,15.047080324165,12.9546584847133,7.75128687299013,NA,NA,NA,NA,NA,NA
5.52451262247482,4.1901702824613,7.2578039946885,4.08036261656353,3.09431647916379,12.2531326429468,9.43741760583332,9.45499918694015,9.93199455919679,17.1653060192154,8.51318506084365,5.51469595335601,6.40857817387487,12.5417909531358,26.3456384615728,6.7646347623034,9.51079412272297,6.42609385040608,17.0852526208471,14.7599227724403,11.3997384979492,12.3441207495722,6.32733039275008,17.3415276867005,29.5367243716752,26.1368663620773,18.073770456175,22.9843931280859,37.7868555080034,30.8325259836952,26.9806633838506,28.9305171865482,20.8659153427326,27.9329744347032,38.6468220066447,29.8833949519057,30.1383452559,19.0121494651498,28.2782277559766,24.4264080609371,33.4889705259651,28.0135613731815,51.1591850800193,28.1221703571116,38.2304865725472,28.0238515885102,35.2908516434378,26.2976822683312,22.2673201678805,30.2092816698066,40.430678937469,53.9501523804676,35.7675294946748,51.4379268211346,44.9314278740518,40.0429568455759,38.2302830086777,37.1908686816846,36.5170659084673,67.4842513019722,43.2671624052448,42.5281274252569,27.4396967813742,46.5273118765002,45.2857529493803,44.08806231007,35.6737624384255,27.6722996403074,46.0300593233068,42.6062231273407,44.3626350306641,32.4450421329902,35.5703124721478,39.5312779622739,47.2481507536357,50.3002595403847,28.6705643527601,34.6777242775243,33.5506993187697,29.148903550276,56.4317566333507,47.0076493588277,46.2287850079929,32.7879573380605,42.1435603914842,34.9531610022102,34.066448922172,51.7056360271181,33.8607268493014,43.7495003747189,42.3884802233357,40.2343442401007,51.8682251975753,17.9373183580018,59.1565560489367,49.066309034773,35.2470720963916,37.6601704648589,60.9502044831861,54.998470634223,46.2107213543142,55.8184679319097,40.211676834988,47.5610655430568,51.2006029877945,43.1939209619764,47.0248052895257,36.1758607218266,38.5592662775149,35.3867624731971,38.3598722403042,50.0887369878251,51.9548816794156,42.0983106005467,29.4010120655674,39.7463940574321,54.3278366536724,55.7289995985338,49.1852604864456,49.7449157272504,49.6021812282175,56.8625227315279,41.6170587644871,36.5442265897065,46.1182583587733,57.0133125906358,67.0836885005511,51.148092906331,36.9700193590814,68.4909888370336,62.25479930469,51.6051610048801,42.8178369698053,41.7086083071061,38.4198730522174,53.3628210166268,60.5803122178096,52.7831906017067,52.3204825723379,51.1753928451384,44.8184461515189,42.6897109372011,69.0400926461411,57.1706991864391,57.520497117324,56.8262044678113,59.6970728244015,62.255660273287,61.5612847586102,60.0921561799134,63.528326314967,52.5510587614083,61.3316502163699,61.3923982771836,45.1647737373931,44.0374021217045,48.0858636009536,58.4178589624753,37.0526606983089,54.1820321541671,41.5110917204229,55.0248207257152,56.8869674972412,49.440089683409,49.7034569800855,42.657611615644,58.12802388212,55.3568792882144,33.1692635258163,59.7732984128947,72.9874176492862,43.6106024390907,55.3406993979818,71.729932732818,44.7424987398328,45.1507965769586,46.9251425289014,47.6151605581388,38.3461572423429,64.9360230623057,76.902551452417,62.6098436502911,46.2365150739051,53.3563231582329,52.3605335487208,52.728974254888,42.672711219166,47.4118044489746,63.2382258681191,56.1449313749569,30.4123209471039,54.8564890259036,46.9228038131753,43.4648713785802,65.7236151948175,45.4337615029523,65.6293910597671,59.9928306861631,38.2729076417706,56.4515887693832,62.7544988078128,48.1367579911736,41.7883483578429,48.5379526076945,39.2290544047822,54.4209927120239,57.6451837612229,67.4357251566365,60.2447387862374,65.9080654808394,80.260203639412,67.1283655096611,45.3773462212004,55.606653566479,52.8618784195782,40.4416690684628,54.1689605609942,53.608258608043,70.4691334022873,55.7191474212811,94.2358294577174,83.9037020960917,51.1045435848581,67.5361890451643,57.9570812101438,47.6833201151603,41.2006828190071,58.7520920674684,55.685655188705,54.9581939615555,63.7959705890226,58.441510347592,45.9879896881186,60.6445576038443,49.5056415876128,50.7802408929254,53.1057339034611,51.91712086635,58.5267502251756,55.2438641540013,53.6263006564986,67.9145924859319,51.0928110818857,45.9923933631235,49.9293694388428,53.065266492174,36.6037072118095,58.381302246344,56.9186236095693,51.7847795983287,54.6619822448236,52.7955197467656,52.9759575204584,57.4411891760161,55.4874900939793,41.0026396163137,59.4752960011068,46.0885039263333,54.0222132275571,48.524742403891,60.81061233347,62.1493783413189,48.8318946065124,36.6997359343104,49.9950787153861,42.4449005263915,56.3781333312882,58.8568169729014,70.7754398959844,68.3838518768102,50.867394061483,72.5799548899512,67.9595522808062,80.2972300939813,70.9133921388521,45.4817733683884,68.2281489867507,65.5491891459975,71.9487994976537,45.9824543232462,50.1976805267391,66.7792189214992,72.7297748921097,59.7614768516434,60.1774967302596,55.811709485427,72.8521679582505,52.352960339326,73.0501475524921,73.8538133430244,51.4371489869016,59.3093069950356,71.963036445773,63.3495170535133,54.5070832810722,59.4618759251105,74.1320778242982,35.8056316390535,63.2607547379657,64.6531600442334,56.3693434827986,56.0757126980356,55.8803201964043,65.8328678349032,40.4469016316306,43.4747349634518,57.6488089665236,57.8809446412239,52.30224470999,46.931570451837,62.9376280417324,39.5640433367421,59.3439511714401,58.713494828814,58.7827845064361,48.7272752995015,38.7488674856943,51.9296481636616,50.4437768503365,34.6883228089429,51.149118050934,54.0900995250558,47.3208605418333,48.4094425805022,37.6945101917412,38.6664456800507,52.6598772482072,36.7219479699527,51.2549462647147,49.0037025373752,60.9471327918619,45.6604654066163,50.4980402542721,36.3161417370457,71.0253877516622,62.8554756939075,51.9332978112234,52.2386398833233,38.6730908583914,40.3413371526181,38.4307520181163,50.5603378009878,40.553631480118,47.3089284776069,45.9423234405998,42.7929724386526,37.0291414899434,24.1869724877412,31.8915405352319,32.357446683756,30.131982248401,26.341206828938,33.0745404454566,34.635257082318,46.3600815353998,41.5966736363879,37.2375370951661,44.6520427065803,24.9070486449875,37.8108544468445,13.8886686937829,22.2466389841698,37.3474226636878,18.0658964712659,26.5959287145185,21.3716127751007,21.8824171969763,19.0807290162696,15.1573797049087,33.5263408471403,22.26560085935,16.7987016411124,17.971217351526,21.8006561672934,19.3190638043535,18.1948469872459,7.05709268656587,9.66735777351229,15.8926254043412,16.8671442169401,14.5511096598514,23.7281029295082,8.31926664899942,8.85058684000117,10.7244452654901,7.71391165313728,14.4558880600976,NA,NA,NA,NA,NA,NA
5.29234538453227,4.97686583778125,6.0584275790424,7.61093137187536,5.80751869446513,9.36469078560603,8.48736931536427,8.06750165101069,12.6082290150378,7.0668715850779,21.0346208019166,6.14211591994081,25.1614750077993,11.9947553686977,15.4492454607367,10.1495189306641,5.6648155079091,7.49557094474779,28.938058811231,20.8737743668226,9.41225370413994,20.90047386624,15.2705834020451,26.5172266766393,24.8283270639597,25.9572300532536,27.4082044199241,27.8521961211772,24.7779112104795,35.0545730351413,14.0678181769986,31.5486840424861,22.472732206706,27.6016836628595,27.9594728932201,37.1916366291016,30.2772639056199,34.8043740056325,27.111507517311,15.279460372409,35.2236911724923,32.4493061717458,32.9519837519408,42.3932794247303,27.7835709799572,26.2109243673704,33.1952100810966,32.470062008347,32.2388637947852,26.6385791478667,15.9216377554933,25.6415071341655,36.4392841948209,52.1070224315855,19.1556956304825,30.6462212344422,48.1712029682046,73.2574921790096,32.5144032779315,43.4706349076326,28.3731380776621,45.3150875035642,41.923041325363,52.5953865284845,41.2511357588703,40.9899250103431,44.7332148824375,48.91071368896,34.452250503026,35.2877970746028,40.6252961593213,32.9008815384067,20.6646308004526,40.8239330714987,46.004538451836,49.3407580745071,35.5150553452125,50.9333004842007,55.8015999633039,31.0778224182714,44.433385451315,43.9227145670977,38.6321430676751,40.5753556955222,57.2482149565338,53.3150740264569,41.5220385020862,37.4355405949895,50.953406659825,56.2213381997559,62.405185252381,36.4742195977297,54.8657600683135,18.5446329025493,41.4871321207357,43.5768476879049,62.1043382776668,40.1276263584495,49.2513738676809,49.5071566117629,46.3205503335364,49.1863226427499,42.1413995783298,66.1510935680559,65.0878666008558,53.7682086869209,48.9398900844732,50.5331998489701,39.3160330489035,49.2317984989758,47.530870592229,36.4139625741409,39.474616309336,29.1486307114588,58.9655387316448,49.9619728783759,21.7337297669536,28.048602517671,54.8521612595546,57.924322657744,19.9785375144051,33.9282909778028,51.6229129714711,54.9497295104938,86.2614345649365,49.4952396157818,63.2794038420718,51.8157855190273,63.5313049646573,36.4939393691183,35.5180244305731,53.8462279471676,52.3612885817838,65.565685409213,71.2080914704111,52.7009985583315,50.0381536324439,28.5717312044147,49.6515043566953,46.8087578891906,33.5860767557705,36.9310600645904,57.228587209674,48.4229017300323,39.6762275840257,46.5839101947433,62.467646278899,36.1549659483377,68.4720852777052,60.4301557523739,61.0728425267551,53.3222185138759,73.802353742057,61.5662898589392,54.7405759429636,51.794407462458,60.734035030231,59.9412538582315,44.992191710049,44.6483349395425,65.6495080821667,46.4639725086642,59.6288034623444,48.485299401403,54.3768892502039,29.0075918395496,46.2538111223574,51.0631235161435,43.2764310165222,55.4947075872774,48.0064078080559,54.428853323553,71.1749630305858,59.5772496732363,38.0231272025385,66.4523165007814,43.7046973885771,50.4340180086628,35.3119037149633,50.7649556616192,58.4639462123938,54.0521675700736,63.3882330493006,50.0119863871999,32.5117863949096,49.0475440584688,45.2635655515204,44.8958675577836,44.4940503140269,49.3510601099599,36.2806308940286,57.7053285630736,60.1558636333051,56.552037037482,57.3230719953033,54.1557158547419,65.5365473880626,42.236292316699,48.1766128137668,38.4687879544347,62.0129142533476,53.729576070835,53.9318722624328,51.9805974396688,48.4672802876181,79.3832899435787,51.8172941968463,51.1363597086706,32.9435937027323,41.9461082774308,33.3008378748099,60.1878290925109,36.7473666693761,58.7254739721933,45.9049194345965,44.3848011845219,47.4577676830385,44.6989437657899,52.3557547423651,46.725179646027,34.131091529979,44.6574607430681,53.9677631948538,47.3199538813856,46.7741761627549,56.6136352917226,52.6543264385564,46.1329270242695,70.727684655184,62.521021030909,66.6925397918081,65.3170764367537,53.6113416382876,56.8506514475676,46.3599229825907,47.5363938009978,56.2513340065791,46.1155938873631,62.4714528289303,37.5844037140745,66.4982545879826,54.3007986260575,59.328432112407,52.7291542975649,45.441716024229,53.9940583610472,29.9531756604098,65.929961396238,68.9723181807836,50.0280751353981,45.2274378891542,60.8191963284647,36.3190229491354,47.2048691933534,42.8668889547872,45.286777387134,32.2078575682705,56.7703084210334,58.7080308197333,65.4317345065039,46.804737696609,48.4731092025025,40.3175580204621,27.4274085225218,63.0942158730193,32.7386762519162,39.1737017440295,45.5586995933308,43.8544808280338,52.607657430125,52.2993226283905,43.4523273670934,51.9397060067063,49.4742841774137,48.5112140484874,40.6076303751085,44.6315159699059,53.0923342837143,39.8897905854816,25.9886233550614,54.3975674742527,33.0712086167398,49.667551020254,60.978882606813,27.9873034972845,63.3904358394285,47.8481433791821,50.5350421731727,53.1259163390002,57.7179725932814,46.8327090907032,45.5256534829325,54.9958925017261,53.3950673793811,54.5384020197106,44.0615491339502,49.5385073272464,53.0493318587255,67.1307467852153,46.0090029226011,40.7718733554266,37.2496992869009,43.8345189335551,50.7561584965601,51.378821280234,59.8280663239782,51.6127334883464,47.7014056005931,45.0061187945497,56.6414655492446,42.1133864381903,41.9625545807163,46.0396101287366,34.4226624763973,43.8458340600811,45.0757875959836,40.3924284189529,54.5509602096219,44.8859315877954,44.7158751170942,34.3908034993152,41.4487940484176,39.0913713963625,29.3284713428844,39.6181376233548,49.8980074382847,28.565749781116,20.6068580652091,43.832017500976,21.1245855131337,34.6711793940859,32.056464006822,29.4892070463923,35.549907958994,37.7745338821562,35.2428889986686,26.6754999649595,46.0838764741755,32.3151611007843,34.3865988743614,25.4607574215723,31.5012876781901,27.8800215975064,35.4353707204296,23.4013772948238,22.3744848974266,24.2186957861763,30.001020832269,32.2388544468545,15.5021229026594,19.1553772888359,17.7089433342901,12.8999545426214,34.7272214086988,28.3603063905449,41.0827716458615,27.2698683492649,14.8341311219273,24.9438565279169,16.8321716852293,25.7396863583369,19.4699916013704,24.3839282927367,23.9776242339124,17.8880761621342,20.8060517075879,23.3331736898717,16.2949389219087,17.4601611080962,24.1104577255129,9.50158420300695,19.5261073763117,22.5180431400543,7.71204583550544,14.6902491379019,10.5049703299718,17.2050029215433,13.0575324801644,5.37474865021465,13.2243092771251,3.909083618546,8.89943131169656,9.57541351386324,13.406172342317,3.59047110651287,14.8117267766769,12.2764952111388,NA,NA,NA,NA,NA,NA
8.73027644067848,2.15695798394209,6.35500603169528,5.58141913085691,6.8963091787725,10.2781422019621,6.50215450457901,8.31573707007852,14.4115563211172,10.7516163591703,14.535827069941,5.49687385765143,8.07160789570062,10.9204235087089,9.45669291669554,12.6797451657499,8.41184741042682,12.003790252246,9.013413982729,12.0760443469274,13.4157469922041,7.21319888132747,16.9945200672104,23.6282235957904,21.9850886336127,15.9045267346151,20.7227177414426,14.0159314406051,36.6182803032532,22.8371284988646,20.2059290256799,22.4999263374259,30.6885723934216,25.554484973511,37.2645035723304,29.9430367424132,27.4424200609933,32.1309837105294,18.4457120281578,19.0086609424614,22.4774618716639,35.4811212045306,42.1134835019828,31.2250518807314,35.4379669816864,44.045676626537,27.3206369909486,24.7771472409285,33.4165969570783,56.5543083549078,40.2552047618998,42.3900167907897,39.5905598314029,44.2196246558445,24.814133475322,46.7164491507432,48.3229001177282,37.0305695435923,47.818271433011,66.4253001875454,32.732557809885,28.1705450986243,34.9730712583698,42.3422718585728,41.1978340158814,37.4649106701488,43.5944991790018,56.3893175805967,39.3676821340574,60.4181143696243,42.3843505232989,42.7096480485089,45.9242382519252,31.2430078336035,45.0745046457948,35.463909499873,40.8332378850236,55.9016204718406,35.0403775639531,61.4663189103573,53.6923559372154,48.1343410216559,31.6343208604844,35.966002671953,54.0052687302098,51.2395345772152,37.3002217163028,50.5097559994886,40.8696308218872,34.8392779151428,31.9938380109184,30.7789035211431,40.7501907211951,39.2040021426643,52.8354049678309,46.6495006037094,42.1254308419442,39.6411575023345,58.5293176584788,33.9856278546351,44.5713732272946,34.9892349900156,53.6017822080772,46.6724651131971,58.3018303125586,68.0446182149356,26.7789092059715,45.3252599320932,33.0388772000787,34.8133092976144,34.3280107734276,47.2317066498753,59.7103078021333,48.0736510452185,31.9431852699269,54.8973994178974,47.4641698813323,31.9027882609945,63.0003696092805,52.8899563587975,56.0099730384594,30.8588301111772,39.0465015808519,51.5941799789295,36.3131187129457,66.5573838586183,60.7233290743295,54.2578850308949,52.4223689226929,62.4200820120347,40.1457911686174,43.7111122225405,44.3820024906705,48.0503474805491,58.5162535301598,50.2359356624195,61.0090455814462,65.1469865225355,54.0602033256194,27.1967259706506,49.081335857223,49.9942720632898,54.1202975524905,57.6384898883721,46.8189162452669,51.0688868203029,68.7259078283117,44.3958674971178,51.78242019745,49.9727571870026,50.2882497397788,54.0019373670952,54.9386758673222,41.636340693841,62.4539633922409,54.7436330337185,56.9370371092193,50.1819967857771,63.0839651827866,61.3993979927617,67.8377382718053,58.159603877064,37.8307101425165,58.1713868867544,76.5904571360315,54.8253140341926,47.9091619392549,22.7757734510542,42.2833541066224,64.3584477758464,44.0814082568988,56.9563869706949,40.1493552788109,56.3852232391055,29.3329680957814,50.4463000484995,38.2273606291599,49.8886302136005,63.0116331926758,38.7480468871945,54.8791236643787,51.6535908664271,56.6462009908736,54.5033484511282,43.2160198459879,46.8291221747405,45.8551104389206,55.7626751055915,68.9799715748657,60.2991202748337,50.3535850619635,60.3664779701348,58.6310316595319,38.9808313879072,63.527290752057,40.0003196665818,61.5713832949651,61.69382113921,70.5468310579486,69.8260249618448,43.4038142062948,73.10405609281,53.6979442157611,59.0911906700828,38.3641100417436,70.3664301442759,48.9058064016259,49.4749427630184,54.3585061877633,46.9674139481183,48.0637622046943,61.8975663682898,66.6393950438527,64.4164629116401,36.0060601119048,46.1578451654535,45.0830846955316,59.6032479838187,58.779036901845,48.5247376829616,55.2082612323659,66.144838616515,48.7253399551015,74.8914017203408,60.6726988577057,61.2571207637641,60.7699459774045,47.7534554930452,65.0657875042589,39.1873978618987,68.1152250659455,53.8636841815008,55.8691044561917,60.25123607486,36.7844810099334,46.2536317308281,58.7130693723644,56.3717148531486,51.1616055763803,41.9916293728554,61.1976162552234,60.0341733699465,51.6659037761721,48.4365188963032,58.6605872646208,47.7172280045986,51.4886288619465,58.2822801727899,44.9827987360592,63.5111572069536,52.9471502106143,35.4268656368533,34.0349548917528,59.8583980099033,32.248429385765,47.388697348779,40.9967435520407,72.3027704716056,54.1615458400139,39.1750613823418,51.750251821863,36.8993623610088,46.980074284838,43.1473231642786,64.0566659233725,53.3941706593492,53.462521672162,55.1057637266244,53.9655199523486,55.4533578280878,46.5804174909998,44.4717690246983,67.6861040669887,45.719500886334,44.9827463165868,61.3156431705222,62.6349438226802,50.4635065003989,61.1025812850448,36.2579975836903,52.6755390691417,35.100202167477,45.9352532736039,40.3218069232053,51.2566469876835,58.6724473064181,41.4354967751641,39.0243708339986,45.9453843152841,61.8183793923244,54.7255876689426,49.6224120121996,28.6971495913299,53.0463120212167,50.728160907175,40.9069404136128,41.0157481650678,46.6582256189999,61.8275285385689,47.5899934912876,58.4253222327889,45.1450659349818,46.2363608782886,50.027562052308,56.6479216628702,62.9396357194354,41.7343518102842,54.2101415553502,32.3706367664438,45.7714372336316,47.6127324072148,34.6979807727111,61.5759049054675,60.4865132672342,67.7040642437955,45.9131710880781,34.0577603870498,50.2990165209546,53.018427207353,38.2652047383426,41.5930606446456,40.3750827957248,36.1888653295889,37.8237405163513,30.6367171790206,52.3183009102157,51.8575614590812,34.4815527543159,41.5376697284725,38.4738722531295,45.4249927936144,32.2457865026093,40.791070676158,44.1393123935123,43.9076530488802,42.5805116971975,47.4065566831128,49.6159458743662,30.1773215783452,25.4333401493127,36.9964825258599,39.5302512953929,41.2656931737527,29.6679060066531,29.3303036364318,46.2827000778421,30.7186806033504,35.8144034738391,30.1766041941672,37.3956009241815,23.3374732398216,34.3192316565885,23.5984103363778,32.0903586532643,46.0993068695323,30.8705624827867,21.445532314801,28.5861196003511,28.2553012616824,19.8918230935916,22.2014382858607,21.7312694793521,28.0048198363932,22.1495512913125,14.3489146603733,32.4347397113922,14.3825736650952,12.864760770915,25.6414618136647,23.1839855428236,27.005784041841,12.2484105540614,14.8428831092391,12.443972084605,19.1617569330385,13.2810877945501,22.8214748871483,12.4482406111326,13.7804112493259,11.2537761545449,15.1986777456207,13.095179738172,7.38859649845443,9.87019568675862,9.55949292997844,7.26882806429634,4.21231907029096,NA,NA,NA,NA,NA,NA
3.06047245745768,5.76011918655188,6.28182738710019,5.63428691566469,5.18835755367786,11.0169965346724,10.8397908389161,11.1585729856729,8.52086045041481,7.8339154157845,11.2710900254273,13.2084527352403,29.053285343084,13.6559366979733,7.82287182771316,11.2844858045024,8.68869061808787,13.8082704803011,17.8140775543884,16.7714890521339,13.2248202815546,18.401771649825,12.7204204403055,22.0881652957738,20.5502085325442,23.8374415873578,26.4337921526683,17.5172041228707,16.2846721396309,22.4944986575415,17.1795178745243,31.2695870569223,25.8160078782862,21.911552705331,37.5329550483223,22.0444527526488,30.9868454407502,26.6990656865628,29.3411330000307,13.0548316164791,24.1848831892324,23.5165152528879,32.4747071707349,29.9543592543474,26.4874686157405,18.270778029119,32.3877263603233,23.5888878650409,19.7759102062595,33.2277781685842,28.680551809003,31.8559148233405,52.6535453659766,19.3140130624369,38.8666582681519,31.9292093610602,19.1856857264357,44.9617071324385,31.7457694382868,24.8635607991801,26.425449853118,33.0215223053845,40.1538995135843,46.8997088664612,27.5433438745832,25.7371976446984,33.4988644369786,50.8882996296281,42.618353425255,30.4552626187227,46.1234962713675,35.0653438202495,35.336160495657,39.3570481715899,38.0305738238676,39.5194433268875,27.0185319192808,57.6244748838018,42.7358911562811,36.592414108467,55.8912348788083,47.2351269326898,27.27393167621,28.4314411802979,43.5251151348609,40.8299451973042,44.9054434151894,36.9930429752453,46.2222191884286,55.0166575396007,47.3588050395579,40.8562200270093,65.6446175565816,52.6248200039247,48.7590492971606,66.772645581838,48.0920285834289,39.3578899796365,41.6571747113573,43.2142709880533,35.6394107196,44.7812753760186,33.4451703671693,60.223361502183,60.044631924678,44.5455544033172,39.9993156274772,32.3851909617407,59.9612638199363,42.458200691251,38.1744769192737,26.3983007085326,37.2032760245085,39.7167772242247,27.1248217085595,35.6710480841773,59.1596971401865,46.5422920405242,41.4222568030858,53.350173281409,35.9114275424838,36.9188537731304,36.167385379916,42.8955755725665,63.3791882373598,44.180024596202,66.0625629883565,65.2773431730672,48.6469328882874,72.0731881042725,54.4426111341414,55.3056136116366,48.2305486577049,43.4753704076455,48.9847745566436,37.9928708895354,37.8600895869541,59.4508052957798,33.0218017806758,49.0460631382142,29.4134718138977,36.5106497529684,58.994111215807,48.9232349866713,27.4006009615345,62.7822567402169,44.8651503135485,48.6551736451591,52.0017456821646,47.9223952734245,48.9779079972386,44.0668800729665,30.7737748179552,38.445356591164,47.9010961255414,51.6906105839441,48.8549379290959,53.4311753101069,42.464825449329,61.5306855096931,35.5547665867774,59.6372625646482,45.0947191840704,58.4295737563111,41.9177629480868,34.8143229107862,73.6239156620157,80.0113098449589,67.8871676299904,67.198737251988,32.8199277502763,45.5401190799576,45.235722781612,36.83036048471,67.5528105581416,66.2914622240956,43.7742013968866,43.9325600764485,60.4350900099468,54.9770382071615,34.6316062944116,35.2155109761793,51.9880333518808,41.5681832953098,49.6032834427244,41.9667947593171,51.3061150667006,41.2329597301481,72.8582084675167,55.2262867844193,37.3959858120478,53.0526534760723,62.7085092408778,42.2756907653985,49.0968298307382,44.5661812292875,63.62917296252,47.2826837575292,54.8140560719117,45.2040130915314,52.1845209418636,45.0851350690326,58.0723851937386,55.8618780614671,57.4982673572581,51.920386573919,44.7511560169227,35.4408701479956,73.4779568009261,57.3507987327435,52.66910189002,53.2475890426153,43.410667864114,52.2802944992406,48.5532290330449,73.0561080365321,35.9099929660825,51.7434727306428,29.1552162623512,56.8270308052706,46.9606912859881,48.5697591465517,50.3853387701301,51.6880395476108,61.0697662990707,61.0591839749783,61.8423413718757,49.0142911527389,54.4890919020738,65.4897196324497,62.5271596798242,51.8176106535416,53.5713559554417,69.3036611194914,69.1612497074657,72.9442148145124,63.3111043590878,62.4746424170154,64.0564182200925,53.4736005713797,55.7110928087707,75.3443361101686,64.8660088112328,54.0132693114766,38.1302375166048,52.7515224496025,44.1739195512966,42.5528559455022,70.2850570935407,62.804647078664,58.3641926209961,49.5529187714958,37.9327717886099,50.8498988549398,41.846662206298,50.3880737047122,52.0006534775001,30.4218187124974,32.157457625131,48.3695930411597,44.3702435255339,63.1754176271449,53.4042654372059,29.2086547578852,57.7185606236523,43.9823761251924,54.3483965325286,51.5464243229215,57.7883077254634,53.6371403130688,49.0695753432319,65.5890965227075,42.3325943251165,53.6007669261038,42.5622834903787,67.4265071640353,70.8309683986135,41.3437029597683,54.7921286953155,44.3905290614439,48.3526863512078,40.8159848647299,60.6127743322638,38.5883745925829,48.1310263167316,50.28779701293,39.3866947421999,57.5822919943212,57.0431750144028,64.3232894911397,60.2049165617399,45.5556345170817,58.0288686871959,41.9170801016012,49.7515577686132,44.0562094916529,59.2191558655533,50.5513999485911,33.6391212451268,51.2192209390958,54.2947895321654,32.3213636408256,41.2731264530288,54.855023654269,48.1920158642515,43.9583619218019,49.0401829158478,49.6157198095362,52.9595256465112,39.7358696163683,47.0109299439297,49.4050769819984,46.6018017681828,51.7986133656547,50.5319873195584,34.594765042592,42.2768038905352,43.4992532096149,35.541730949248,49.9443439980297,33.9345606268118,51.4271798947451,31.916503039763,48.6092438002142,29.4765672471402,43.5500333796654,35.1962313021143,33.2051646220817,38.3504943192367,53.9467441048971,33.8991786404956,55.7267389931337,30.4854693419022,45.4597383462282,42.7647246350933,44.3888010911099,33.0558853454293,38.1313323261766,38.8395744969652,33.7917171406906,36.9651255330351,50.4443453997483,30.9770039976296,30.660727185325,31.3058265565606,38.523077994423,28.4763905353553,39.8923014416527,35.2449529418491,20.4796679692838,17.6792321073046,28.8365079048972,26.8356236571787,30.2389208571523,40.2417238367548,37.1229924389273,24.1599248464913,28.4033249145302,15.2129132666326,33.135992270464,24.6930084228369,19.8742789330801,11.6482298036361,16.8491308106771,10.5405110848977,20.2261497999554,22.2471968682829,16.6235462016667,15.4312139420788,22.5297741269696,14.7261410128119,27.2516670761587,23.126365289294,13.0072918842149,17.9879803479697,11.8529399479355,13.2407652149806,13.879100327999,11.9915807549848,9.90313663598617,16.6313143252739,15.5719973059392,15.4537128906279,12.1767836677324,9.37513961040278,5.80545595518671,5.21600661437262,NA,NA,NA,NA,NA,NA
6.73733375192668,9.44384092007319,9.91828857043071,4.93857063147103,5.94536384366969,6.54733915753881,7.49342384380049,9.14386233752469,9.86134779768518,12.2425320806846,16.7420692437048,8.71521419635101,24.6490845036054,6.11124113180265,21.3781863961375,22.1708108588249,11.4422820816759,15.08364950315,23.2563525347279,19.5138761903634,16.3385195473395,31.0412953106863,29.5623200848708,23.3515608989207,20.9841615498549,12.5594659187629,22.3644662515502,26.1614794518674,18.1088440616945,20.0778347002114,29.1362884631269,31.5027276140152,34.8344899171322,21.5317846308032,32.9666804954281,14.7595245270031,37.6915235719472,35.5923165619837,28.183243124858,27.7409304249736,25.4568777725767,32.2755742073397,20.9966999253054,30.5455673200745,33.4995085198634,27.9713964495413,42.1103991604708,23.6872503647824,44.2574908962199,39.0316853187589,34.2403970897234,34.6840917509423,57.8033278888583,58.9233287157653,23.0419411403845,29.7384581694473,39.0966347421814,45.4645104082161,31.9778202805341,44.5394531307875,61.6244407001274,43.0738587765718,37.9265330522392,43.8503661215168,39.7636516386922,42.5416284426721,60.0759692422731,31.8730279773626,39.5451334275066,46.0640832124428,48.6010075838217,30.2256244115923,74.0483483188012,55.891588000542,50.965728344128,45.2260665865486,36.8117867644183,56.7943943556324,46.9412960321369,46.3783036525814,50.3380514978893,41.4268375604818,44.3717940819447,54.5312373061709,30.2698316951199,31.2115755876555,55.4806770567464,48.4640531699375,63.0229555938334,52.5274465943203,24.1158699354692,43.9493233733098,52.2004841120325,36.2780809235421,41.7373463561419,54.8607882359804,22.3344261917085,37.6394331880811,53.0178406007789,52.232117431204,55.9922647250596,33.4969502842128,51.805742995366,40.7906072784221,54.4006328507235,36.847085526245,37.0509313755309,49.8136795995898,40.0262280606091,77.5805949067667,34.2610194764008,51.4703332182109,65.348622654406,43.6985420072747,37.2693985838332,55.1591147048539,54.3135246616667,69.5891554896798,62.6341706238336,60.1531844071331,53.3276217294871,46.7024087356825,42.7675109185427,47.571189736446,48.9577923645821,52.6581299639189,51.358062424864,56.1046500540376,35.1451454395286,40.270203862986,50.538933867436,70.7914630308541,52.1016818971275,50.7700404421459,42.0782272957345,49.6863338985408,46.6258443168139,50.5709069064566,61.0441235457953,50.6795186072551,65.0251169314252,40.6070946949778,58.3140092549351,59.3143910014705,51.9004522339452,38.1219546329926,49.5013761323615,58.3291354731492,42.4647327772859,54.3240870997862,55.0473311919509,43.4833607372732,52.681742527997,48.5424007468795,52.2039416420881,49.3657009018458,61.9639549838071,47.9557068420272,27.8275457851546,59.8082281146096,65.2181416312322,69.7312837826506,50.1150790791267,41.8283448723397,64.0073232691959,36.4268378261018,29.2285556409422,48.2161205544705,28.9140739983186,55.3564511719746,27.6230020759046,52.1968547694012,66.350624524868,48.0271411288258,50.8620395839652,71.6908524658628,37.5084179031656,40.5395986379557,59.9809013593165,52.688884140869,44.1817236034137,29.1968454512136,35.7580791334552,40.2153877842637,55.0146202256304,44.1841545626176,53.3019221803314,40.413246963506,47.4640884073125,46.5517882689166,47.9524004292401,45.4278840518477,56.3976977396365,61.5746948120343,44.2460868774118,56.0445427434938,56.5982454126685,55.811822099336,45.0994363567227,51.3803791407141,60.5707270317931,59.2725841869191,69.4479181980253,56.6320772195777,48.052923874168,64.5677607527547,54.9437171008565,65.2614867696633,53.8165285671653,51.1782486566226,45.844040570444,58.6370594921809,51.7139411167876,48.1308278158682,60.4993508962241,46.8215543156447,43.9718321082369,54.4588487775171,52.9678083974845,54.8237658835549,52.8527308512298,52.003115391634,50.2160425313702,49.1251945656416,40.9043611323026,55.0857625283908,53.4452286096909,49.9711135252078,32.1439669741335,73.2393512374986,58.1267833193964,58.8021579798019,57.7619073260771,55.5264347090709,61.5585845498932,58.3840916627846,49.9182500770313,59.2412765694467,48.7669989654664,53.8543732933291,64.7162297911724,44.3097401540893,60.7589671744243,34.2110223202854,82.7335000983083,69.7448368292627,65.4682020137661,65.7322972741161,37.3347605339847,53.1857150341755,33.5899391372789,62.8904283361303,40.3268987293456,58.9617366567054,39.7266734963304,52.6122560591292,55.40505517155,61.3005226715488,50.906479660243,64.8903309354074,55.4114918311251,58.2755702545903,60.0644401095417,45.1858351010368,58.3284357618788,44.0574159481804,51.9256344370029,54.8395813232947,41.6595681070541,37.1917451292352,53.5879655487038,54.5570351389025,57.7932474918405,50.4105826698502,37.2785201914282,48.5125779088769,45.8084109714526,52.0416895540019,45.3942009627623,60.3337899356152,49.9713984095167,49.5042580411992,43.1905381221838,56.344520478572,61.2569993035803,54.6598119186808,53.5607078736129,43.172949709161,52.1459110865933,56.1913728230144,33.0949736254993,59.880390194667,53.7493615638861,43.1468267087701,53.8286048967803,46.7256688314802,47.1488437017528,61.2746783848068,34.6613072815754,48.5388316695603,48.1144911670197,56.8684560719191,24.9172242279014,41.7043571296094,42.548248902978,63.2571116057136,42.8640313278712,53.0570339367444,41.0913699976056,74.6302029008136,33.7708138425367,47.2009516833957,52.4742453789686,53.178935173276,61.3067308159064,35.9840677129731,40.416197011056,41.9596543342408,62.3830325232539,49.7163203540998,45.8714431389316,39.0192348302623,34.2678592869472,55.6118134117346,37.923476336869,41.6632462115319,52.6875464627184,33.541674306841,43.3898857598641,48.9829990047002,29.9985462517278,33.0471614287532,40.7221365825188,30.8943228075026,34.9519686766845,26.7984161289949,37.9134278316743,38.8845468072193,26.3696859397331,31.4373362138507,23.3136798793134,46.9558460634143,40.6106576592777,45.6194703107762,33.1865718916814,29.9465994234622,43.4731292233439,42.3253322975947,20.1240297815515,27.336981562026,21.1527771711842,33.4749024611116,34.9752370076429,28.7086583678223,42.3817727023018,20.0831826805376,12.1530657797559,27.0225401882577,20.3460155427658,11.7621479102864,17.8479904313556,19.4782642766655,24.5137801166299,22.6573676599004,18.9388285210052,18.9201869719308,20.2215800179562,13.3030600117905,24.9452064083595,9.45679673861461,6.50309854123894,8.39307719403934,15.3018647610319,20.0034411771734,15.4265421403372,13.8438553466487,12.02174807105,7.66811004555473,14.1177689734934,12.2982490938579,6.39933278567636,7.01208097212183,3.68885312356292,5.37834802881672,4.34528579544338,6.84747741764828,5.00438166516023,NA,NA,NA,NA,NA,NA
5.76242426856567,5.40717076979059,13.7947492251479,11.2383755292801,9.39945215362089,10.6733301461318,7.37744902266719,11.2371802050374,16.5129879903249,12.4067545348334,31.4917880261145,10.3795115936377,18.5705522521042,17.1928443782539,27.6449869650409,15.8828288730223,20.3332191341969,16.2962768427731,36.9693352592794,23.573302159895,28.9184756407923,22.5842684040285,22.8711932404311,34.6509429035724,32.6254012857726,21.9234917655151,37.00250551472,23.7957871233593,53.8864939965512,36.8113938754525,17.4555533728644,53.7284605813181,37.126239514982,37.9482062611099,40.0100426682162,53.7692700869856,42.7375923479848,38.4650111987763,28.7225069840446,33.6813821188864,36.293883696089,37.7775925038429,37.9431257827634,37.8513595456005,52.3420093174935,24.4080082219638,27.7996314153747,33.6342862426107,27.9597498838553,40.2564235576648,39.4266904157927,47.7499371418169,44.679138904691,58.0765120582327,26.9094870958985,44.4628539243625,38.8663959189067,45.1030217896595,46.2560275802745,62.8502128492452,53.7809178216599,63.243741818361,50.5839764584064,50.5320256795508,52.9543850697223,53.6503268200555,37.997693411146,62.3584978732882,45.1521837475923,60.7438043087455,95.0408562943294,34.9248484840851,49.3784918536754,47.139418957764,49.4625856752278,49.0992951211786,47.2199903382288,46.6369051975653,33.4271915411975,46.5235243886723,60.8677438367754,59.03080012839,49.1296483668475,49.609952330326,42.2611703346821,51.0289378548405,38.3386415673639,63.5623128004608,41.7853841039092,57.3834900198147,51.7476627753727,43.4520225825826,48.4659630031104,28.0024690926303,58.1766790911324,57.9110537406444,46.5170950740388,38.3698783607572,49.7920484645936,48.9577251060913,55.583355152486,51.9620662541267,30.4524984028164,55.4590346265355,55.6278900133441,49.714679624559,62.0740905589671,45.357845978312,49.3021278296549,55.4540943825267,45.8553623064662,47.4478651350979,48.1574395158491,42.0556482766413,40.2905612474344,54.2751128104557,58.2521744238267,51.0131867050764,67.5448104817313,67.5746527878511,46.901419550371,32.5781889314173,59.6136788308272,46.509144231692,56.0537167802818,46.1964615624357,58.9135284088114,72.1110178295266,45.8314896986417,42.710591229668,47.1346940767884,65.8702783903156,55.5541982852171,65.2723313725559,77.8788226473039,68.1995892896094,57.8082520740758,70.9945212048811,52.5358387113766,71.289535549399,53.1977477497137,60.5897017111877,40.1715589729794,65.4614807578112,65.7962988388247,46.0456107887025,63.8202318750208,52.4763453187388,50.0707858905932,72.2216188255854,52.1806054281324,60.2798943924461,62.8287914647801,65.8101190343313,46.0248159409988,50.2638762652308,64.8149799343333,58.9143342591769,49.0770246584191,38.6648119589724,59.4366392016229,75.3610554975037,55.725751284108,61.1800905965841,72.1520233700472,30.9130797456091,57.5555181781607,39.7988796976565,46.9479682774889,69.7857625161323,44.1967420227007,59.8384907369987,57.388424198448,61.7784152576399,61.9724480095479,53.6968778362728,62.7953189905264,41.3506627317163,58.4323313161237,62.7987172320431,68.0154646224709,60.135757257735,51.0621688125054,53.6562847351383,72.0984282126656,45.6951537272846,45.4816388024126,43.7446694469021,43.2321999249719,49.7450597245704,74.3642215322903,30.7888971584424,65.7864216581265,64.6253796275035,65.0476519442418,50.8975425306224,65.7463480323033,49.3667161323762,63.1221710512262,50.8420339657118,71.2458921012135,80.9100913003608,57.8417522036633,58.3507095678126,43.3789007763826,60.9260724499569,47.4749386801699,64.2967172982038,81.7490786782163,56.0675448244656,65.4862129307592,84.0548643714437,70.9083355719312,48.6085467985725,83.6490068308748,62.2051001768735,72.711060068352,70.7225484155198,62.5126274911346,76.6328721786134,40.9382279014217,73.9664318871714,70.5851849808392,60.9403108386293,70.9456416400561,68.8148010017223,64.2925279063993,63.3281794872972,83.1547345650214,70.7255457167581,68.0944197116281,75.913760025735,44.3181081482474,65.0256082816187,51.0327250983787,56.1272553612018,47.4250585904432,52.3388282581393,48.9621638066374,56.1211582131893,69.2037016305808,58.2362146895908,35.8715915105027,57.7070177151089,61.0252787534288,70.6141915810751,65.741206413492,67.6417334317832,36.2276285019537,75.7552109440222,49.5925511357468,60.5815838522859,64.6806171949717,57.6209956433387,66.8137508286418,76.2333393178116,62.3487820775994,83.0922472106416,57.1891276608758,51.6584327673115,60.1894457221431,79.3980683715663,45.2782476245914,47.1254888747054,58.0105399485362,57.7465971971918,40.8533324255155,51.7894776025941,67.9149870428786,52.9050699264909,54.4454586880267,75.6595463768303,40.7484616319331,39.2709471048687,51.5046898265703,54.0990181231742,55.0900835600098,59.268337754562,56.9903492731598,65.7945703306086,61.8282862616349,59.47958463272,61.5457489605644,74.4478557604159,47.2465648313251,62.6867487681144,42.6615664789915,56.7631538040603,54.9986838886034,56.7867749332019,57.1777179599545,45.1054083082983,49.8934366416436,51.4168391071563,50.0593953680337,48.802100316771,48.4746206578909,53.7986504806145,62.7386011257804,52.1765173713962,61.849904416452,74.8449180384366,38.7267685337481,49.7702613024881,64.2231473727935,40.9180569903014,52.6606255470592,48.9408569099821,30.4576356472136,54.7593897513635,57.6579890633526,59.9307614509386,49.2863019805668,67.6717574054496,55.5628560936885,43.2797197758978,54.7703336834758,36.1402043132504,39.980867826948,43.7445009602751,43.469811297597,32.7485429940313,59.719619321238,42.6983471673831,47.3956701544164,49.6917831530191,39.2422714962206,41.9573407117306,54.2032494928801,57.2725306620528,41.0407309707921,37.1365888228765,35.1465067960435,26.3281888590635,38.0708481784515,43.837926564795,46.9087317782388,36.5984595247682,45.4981693883157,39.319451366252,20.9253242853264,33.5157822821112,39.3626600990573,39.2659867681566,38.5374672158417,37.3897309537659,32.4578989441968,44.3103561577126,42.3674882313797,21.5778912744422,32.0652094325605,35.6235133993067,27.950021529123,32.3973070154318,32.4356520290286,40.9594609210027,46.9837128784349,21.2764375371798,14.4986326233801,34.0444984622832,29.1977354116475,34.0798532957535,14.3897973168164,23.5730454453914,31.3323623159165,16.9473342901026,15.5613800774105,16.9337623618251,20.4862417771905,24.3290060751086,19.499687278638,9.82754081864503,18.9714331109304,14.7900818325415,19.2198229114094,12.630758198543,11.0910599053668,16.0685475260621,21.1125217892788,10.4368068737391,12.4185414310373,21.6837999112404,24.9282269503988,8.46660197783172,3.58170975175276,10.1824819926865,8.70270090728187,NA,NA,NA,NA,NA,NA
4.85713579240676,5.95481302650146,9.88298283368554,6.52025281885879,12.3848853297576,15.1680570698106,7.75532955816661,12.6244245198271,11.2084039185083,13.0425524832744,15.789989753828,10.2295780000001,14.0086938546095,10.1315131497837,17.3793016751428,11.5441323162953,18.7650388982424,17.9003817838686,15.7925727745224,13.311794821825,13.5095536539227,22.3743970649796,26.0950356966853,21.7345087863282,20.7764946690603,16.0549177674599,27.4938160439146,22.1101579895362,18.8482841117161,22.2956617372623,4.9087605388645,26.7198960886819,27.6598336816719,25.2652258885123,35.44127802034,42.8134230289435,35.0871375290761,40.6130000964196,23.9765581716564,21.3920617377713,34.1048771762175,29.6882608018882,17.6054830045653,28.2760522557648,18.1537978064698,39.966518972208,37.3083748344399,41.3125771403474,34.4213404258016,39.6952349286093,25.2047603074292,40.2016885981684,24.6625431792501,64.7802916136959,26.6639749269829,37.0337043898142,33.0166928279533,37.5979031169984,42.2836857653168,25.984596459395,45.6830128996802,47.1872595846176,26.2783273407798,34.0330610546405,45.6305027014092,49.9313366240399,38.2792535289751,47.3855988272023,43.9270489586816,53.8606491977874,43.6584236102885,18.3351789591362,38.2814753076702,47.1063587626251,46.2896156295694,57.2442449364934,53.4821182381694,41.2261690005661,53.4988189443426,29.4801554885342,48.7239486417393,55.013836373805,62.8398718368176,40.9424952836109,59.7972096877392,43.6724571539717,40.2969675386579,47.1536920260731,53.5149542331695,44.7274005689122,48.8348409489636,51.8480917753111,44.8619730518182,68.9821558610759,45.4250576948673,32.284255677208,58.0440128192265,63.1712859135157,43.8402416209079,45.4398877745364,31.9499260518117,31.2898675854576,30.983121031946,57.9723904895498,65.7039586508319,23.4899183163105,37.2449895213567,42.0607125723244,53.5741732170595,59.9066419430661,40.0311348311456,40.2108693072115,28.612862936652,13.8518300309998,39.1878645027804,41.5527597904665,48.9518501028116,33.2945484902472,45.8959987566338,67.6843076295676,45.8023724559761,32.1166670108076,50.0961270775655,41.5157194431881,47.2689834693761,52.7829413766229,51.2268416982227,64.3348645737791,57.3293716250428,62.1877157435475,45.3584039908554,64.6360106087633,50.9181428057804,66.3606365658726,66.6575301558736,64.0962063055715,53.8150925691402,56.9282522617327,45.4791093753322,28.8125224712362,39.6503400510004,26.3526676664154,38.8087110272057,57.6080815352145,48.3951560412271,32.9751025891299,61.5522169861617,53.0500412461064,42.9636431569288,35.6562958226554,28.5919587390737,50.1528242105894,43.6546402331359,35.4190296503244,35.1566466126731,45.4348072535359,51.6631320126908,43.0955578680836,48.9229253187728,51.5077834881965,44.6344036725581,33.6131612878568,52.8545168216976,53.746865453006,38.4395312877363,36.7942896686972,38.1305788642768,37.9625012119745,34.8124703086364,56.2271288941912,43.7917606295183,66.4246970554713,41.2484417418642,38.7234795084191,49.3435382491189,51.9514414096049,50.8553979679906,47.4997930010313,62.165177383255,43.661890635703,47.0739185027225,41.9206528426125,51.1693801245076,55.9620559601348,53.306075586216,62.2786446379944,53.283867847935,58.8172856924298,44.5419531528552,60.3227828669994,42.8673184775476,41.2865650722557,51.3402231640459,36.6709629734254,58.5655325880703,57.6558044110398,68.7726436252208,59.784837974795,59.6213371458736,48.9539476237203,49.0986103933549,72.2132574900562,60.0495031149845,56.5785413777296,51.3055264267044,63.0370255903456,44.9353107357891,42.7600859093388,50.470925033683,65.0095887919395,44.5529343668582,51.9513316787085,58.1318858687718,49.7939985627209,43.7559157841608,54.5164961525648,39.7131830534461,50.9007228991242,44.0074486315267,39.4111415193462,42.3531694692425,58.3100080769457,51.7076043900578,54.6934083527998,40.4746567240918,53.2798148512398,41.1066036420947,41.9070286913073,58.8150872896618,46.5221359094483,62.0779535987162,49.8174006221122,44.9998474684798,59.6257152111112,55.8050127208236,41.1130431393764,52.3869422155431,51.2269097674837,59.6728934609982,51.3745454961513,52.4378917897639,57.1750087375872,50.2024726907635,58.0224459529148,54.3822077211658,69.6264783486987,50.8948319468051,65.827082244734,50.0482343658378,59.8369445670421,49.9487864751729,43.771865779754,58.8704437646861,68.3737589450332,72.4521778225909,48.2427440829146,48.2895780236293,45.9018138161916,59.6946717618178,41.0255751784986,54.7444588682897,52.3028952626518,55.7343777919506,64.5668682782558,44.4183478036319,54.7276226886638,36.5959941922878,51.046554727266,59.7323299443042,53.3335766572019,31.128669194253,48.0045865427048,48.1116965345613,57.4099852233204,55.091348665734,47.7096255776815,42.2845143777517,45.0581978215906,40.0019899824346,50.96086073368,85.8084520567216,47.3975769254577,43.6571799535739,67.6687030012066,47.863373967341,54.2841393734606,33.9623703550353,43.4561956809179,40.4821259220056,61.1726604265544,50.6997858136005,60.1456525395027,30.6412769229095,51.5386059212719,51.3471182530667,49.229264763765,58.4146364861247,62.4760509457107,55.8531125290833,40.4977868488376,41.3788766183442,39.8244589387007,41.790530814579,48.1348055786262,55.3878005084288,53.6712293096473,54.9113992256937,47.3494429701066,47.1609965695518,38.953661209825,43.4589403627628,30.9976829229184,37.1373106344952,46.988845347728,66.4529340577522,37.2026444555338,56.7114787773658,42.254270547301,52.7295345144486,31.2189937932654,40.4691624650457,38.7777056395849,53.5880804855864,51.3137081919325,32.8784479117714,38.0522530003684,51.207641657372,51.1093173866859,59.6086065993201,48.8173076179577,44.0284189516633,51.6700707726983,40.4447166435985,27.8330140716618,59.9717515879227,37.7609962434372,28.7820313259593,52.262261083639,32.6668843493393,35.4160103739731,35.0187548104996,36.9305776523005,42.2777173069942,34.6614597109661,39.3950510753341,42.5781065361528,36.5945461569238,30.2453110411095,19.1458231043122,28.396026857624,25.8013949874706,29.0105676148151,26.6995558458935,20.5137632455673,31.9698960696078,35.9573241830213,28.4769352285645,44.3174217589082,27.4672413472131,30.360341201135,12.957672965431,24.9650148144334,17.9546158036587,21.5522507910815,27.7706001060313,17.0224917341644,17.3563259763135,18.4535025050396,15.7415553217732,17.8382705899235,22.9734005939886,17.8808558711962,18.8524566114892,27.6604568536638,16.6755475836928,19.0479937800276,6.91142893415594,14.7865375652571,10.5043135551918,15.090253863263,10.2111762199953,13.9448287517771,22.2040271794598,8.77772091851096,9.33673498163356,11.2281129949833,6.30675222428716,NA,NA,NA,NA,NA,NA
8.18195751123174,11.2818364888229,15.7891141330139,4.9859961455956,6.64842488462734,11.6422093736765,4.63436934381286,11.8751459429548,14.4263744900161,6.7719385872553,15.6109597138546,11.8238655905474,24.1752617835033,7.20773308143796,15.7395592578522,10.6830869162715,22.4174534140436,14.0409121090956,21.6132186988681,21.5132750184525,23.0605745163648,12.8354302648067,33.8664779528264,23.2901932510078,26.6538143315103,26.3815597170737,30.6096389403287,21.127522512676,33.1563918681293,26.5000837816492,26.711700959239,34.116379466148,35.3853010941444,26.1078179120773,51.1727027108376,20.3116374958533,39.7625986071819,26.6007801395665,42.909177748108,19.6464807239346,46.5606737158124,35.5773821886348,29.7633124285969,46.6329988040616,33.422161389161,32.3108254976663,17.7161266495477,61.3870951678341,33.2687534397533,30.8657634902669,22.694931097008,37.2839531990793,47.8878624378882,50.2936448930791,46.2457238996408,46.177872168198,43.5573820270167,45.8006945814817,30.5725787891082,43.7843502176767,36.6724052055669,44.4366135725095,47.699486897525,42.651560786015,38.0240642195932,40.6372516101277,40.9623236374016,45.8869040367125,49.9135046853736,38.8898775216936,25.5572814254621,44.2637932747798,38.4800857075293,41.8123466017798,38.9699152257954,54.0322015084818,60.1074400793497,56.0045463400808,63.2067533039856,39.4788180859306,42.0487981983818,55.5334198196733,68.2724481133658,47.7227268932994,27.3103331105464,21.3376262392024,50.7786147912058,39.2580436812018,38.8483092348176,29.2282299413092,36.4696456783364,38.727458423674,54.5286942772797,41.0199502181403,74.011744190275,55.0301427646266,42.1858158115067,55.6150717376288,52.7414658189988,46.2007580744459,38.1382279581515,51.4210822398644,46.435311352855,52.265487616513,38.6766489558595,51.4901437194982,53.6065644912161,67.2280833413757,55.130108795069,56.3235139961476,35.1966915911246,48.081698196796,48.4032080273699,42.9472255318959,45.4897805952356,53.734737181507,47.5567164462197,53.5758340630577,40.1811801085174,42.4137702184943,40.4968330690671,34.7824079559795,47.6557448989716,46.7575380821621,32.4037145028439,57.073200033174,34.8809598919196,48.7105742744258,54.0258053392997,37.8987044937267,48.954623783257,59.5091797948203,53.335389717669,35.4945682935864,43.3251725238804,48.2574511842144,57.0591714895227,53.5706933596547,57.043142461047,60.0854495643623,47.7013754420312,51.4828379596906,69.7156577862161,54.7458181823403,39.4482515106981,54.3734149408831,58.127147402262,57.3670698539574,54.126889431772,53.688568758284,46.0573487844049,42.7049727032237,72.7565660152417,75.0736142113725,57.5092230016422,50.2616924824757,34.870310791655,58.7993216736387,66.66780813925,56.0336346454996,58.9548294863542,67.792867944512,51.8261799899335,70.4210368368078,77.7045144429263,48.4007290784353,39.032030944147,47.6146011892897,54.8033934119544,58.7139841738585,66.5310988841696,67.5360203750393,59.4623024925236,42.2471404762516,55.0121373042414,51.8633721678769,42.2295108574602,52.1492645983492,43.7365358594271,71.7640745958185,43.9679706503054,69.6959595527624,26.1459614878843,27.4977964215583,67.5826817236404,50.8755336272508,64.0369142030178,58.8018088168737,38.2391183933942,55.2882172674544,52.4775218974545,63.699801694616,75.2417074136737,51.5144226430176,64.1586867137826,67.8867578284098,56.3090143957721,55.8379721517498,68.5986921400552,57.9983793075245,69.036575588488,46.1657834333219,58.8306357666951,49.4322878839656,51.0370346643597,59.9787196722296,69.6606993413584,43.1981816628661,79.4624040296286,75.5594130034381,63.8842474684193,61.3232041858974,68.116807331746,61.2608509493954,68.0183608403298,49.468731680504,73.6875198375928,60.5935873176646,53.3082710839783,70.2750159329323,60.0307551490302,58.5759065733984,52.5628419924237,71.601701376564,51.2914548372676,44.7332993064339,66.1120281868495,51.8435085841641,100.085161689031,41.7820932822424,65.3338507441084,71.612834067325,48.4805202694562,47.9986857269431,60.9237784588311,48.0347287195255,64.6234278638243,69.2797447871101,69.0079675334307,60.638635833397,53.9284358456906,74.6402676921644,67.5994970958219,65.9877832910997,54.2434582375651,84.2076250644257,63.3966709302166,66.5539639701749,72.1378545412383,61.1423132864011,66.753019677256,54.9166161575959,83.7181744832306,77.9299814131131,78.9279225578067,57.7821546148317,43.5348804084026,58.8729574288573,54.8733701430943,55.5312059228088,65.9163097137903,75.8300765350929,53.9586549011922,53.3973220935625,52.4168358373739,72.3296766913918,63.4518536375992,76.3045637683794,66.6639561343241,69.3089852358945,44.3986643184029,31.2175786404642,67.6721307468359,37.6353004443362,61.3900891539339,47.5134024896901,45.4714583935629,59.990225932322,54.883206201788,39.9279124355081,55.9767278828901,40.7124916961408,48.8784430918559,43.9185286781306,61.6081764944899,61.7954703098392,44.4852829556724,50.074271679341,49.4995469562192,60.4730463047048,73.7870895472026,45.2186202023736,49.1962946729828,45.021260068114,55.635437921905,72.2052928845234,33.3656932961842,61.1394013982638,48.6099008318094,54.7308464149838,48.7605524888093,45.3437470483482,61.6464496962368,49.6384689151946,47.8924755140514,48.3218424390609,45.7689615447593,44.0831795789841,41.5783108520777,54.5343305363881,65.3213748355741,51.8544025419197,41.7072714812577,43.5432714068464,50.7997019516456,59.7148173901942,48.1534939295815,54.7188782283037,57.5547224410946,33.1828346257768,45.312140904203,36.653926536842,31.5169753176057,59.5658487762093,50.6203761791032,50.7173360348627,43.9424960280142,36.413122144362,51.922179276705,47.260650397044,26.6960828518957,54.1685069350593,36.1180764406841,35.4121207239873,55.5801674804544,36.0883730697358,52.0481261847134,46.6190718405307,45.6696051666329,41.8666261687217,31.8159783071295,32.2178128461752,31.4121113547856,42.1908491597298,34.2215283152191,35.4656963825297,35.0903650412584,30.3662424451641,28.6302867459762,34.1530482559228,33.2656156253553,41.9924654223996,44.7743009850718,19.5681138311073,40.3153808418569,21.6986417950181,35.0518527442258,32.9735882905509,17.9873390133275,14.1874336583212,35.589733500843,30.5058095787455,24.7726062222274,27.1301539087133,21.6113042951829,32.1824841160099,27.4443426143519,20.7365736750795,19.9296858636693,19.301540681374,22.6199468474888,24.3870896608054,18.2593600078112,15.4340946098627,18.6209431592649,17.4557694991508,15.0354787806627,18.1384673797338,19.7878493319556,7.48238426575728,9.27175415564147,11.7670278513059,10.7648195814496,5.43796668961836,15.8599866383867,9.18199177529177,8.97279888826804,NA,NA,NA,NA,NA,NA
3.37940815359002,6.47178386263946,2.58341234874779,3.54645120664821,5.67901425880456,14.4234682742407,4.96380405624342,11.9204381192327,13.1086390051648,14.9932828078294,15.501196908568,18.5046626443933,22.1478925855291,14.8977218597406,16.0929467459611,10.6414011402827,13.5184690033204,18.464454309016,28.9793056882056,12.0520165089203,19.4875297939496,23.343723660627,26.6409808089543,34.6111487785665,22.0384218890441,27.111303314685,28.7075312427845,26.1601805934729,23.7821798168339,17.7276904830247,15.1669902148654,26.6480715469363,30.9495357478551,20.3260205357912,37.8148041971355,22.8604577708447,29.7673917646768,45.0143809196391,23.0598856158818,36.565987293074,25.5634373486383,43.023891248515,42.7743388435746,36.1953448418915,24.4792716806423,29.5352235715844,41.260786253054,51.9417574123113,62.3115862474509,51.519804650976,33.6121784893453,27.5921928314662,37.3312010967202,33.7776989175051,47.0270704013053,45.4215360336074,42.3918146618243,25.2899181123797,51.5794712390826,43.8858106435311,52.448514506011,33.3637421978973,47.538727491101,49.1503167582926,38.4271628041618,33.2169439849716,48.1383355405919,40.2851369207476,66.7158430696811,41.4325709838706,48.8444392624527,50.388095726686,43.1010485679601,43.0350564582082,54.6488945616477,43.2578369030203,32.4755351027474,63.348435785475,48.5438026118677,47.3792945103972,48.4209802373947,28.4688197586267,50.6633743969732,38.9928146531565,54.5672845464626,34.6394122637944,41.5817395173605,49.9308134527003,53.534125294526,50.9649862568207,33.1229303761437,52.7517170018203,52.4423040077555,45.418082504996,46.7747390123825,75.0115837301575,57.523200222556,37.327224058181,50.9629871448944,54.9946503807127,47.716424471962,50.8113368293602,49.6737238952472,43.7110582879398,51.2120856547827,61.5892896884653,43.8596653628554,52.9121875960921,40.1567239693061,68.382094217087,44.3742726359636,48.4323408088727,65.7389069537065,50.4584311615611,45.4228297227283,61.1337399393019,34.8581242894425,70.8280962350892,52.6858426210832,45.0527254910809,38.2549189956025,50.7529883611928,50.10492882305,39.8665500852613,49.5404407566524,62.3093219106617,56.7242958285408,58.246317185824,61.7010909965381,69.9239821504083,54.0881558162888,60.0913728837448,65.1493554738723,60.4280115900759,53.032817755628,58.6818380053736,80.5842686722647,29.8900453192512,62.1907522707116,22.8896982372996,64.8853225553878,41.8742363524549,67.8973891147984,64.5492964072634,33.0503654670262,46.2881181705405,46.7900629865222,61.5023620309462,54.2300950985487,54.021953726253,60.3723811444511,42.8909753999861,63.263853264024,73.1288795686791,37.5733309784571,44.2017126278411,54.7073125186506,46.0443039756525,36.0675794812072,52.4298548696196,41.5544782028139,46.7669916105997,42.2115139073748,58.4049085460584,54.6291227524061,40.3558245308261,43.191142358302,52.4612280273887,34.9748575664645,64.1409522832849,56.332327157349,46.7790011710343,37.4527421100285,54.9938328427658,42.4330670292368,44.9320385155925,63.7549182025726,55.0891588108399,52.4042009343292,44.6998800772799,46.9667986308556,57.2688598954211,50.6914153173096,55.4365929763162,65.1109553850533,74.7975560496108,57.3844873094272,52.3627909614491,45.0958000948623,71.0757350067352,28.8725936842036,45.6292081554135,76.0491300155307,63.3454605739019,51.2362515941109,60.5541487410323,41.1016690742488,57.4333002983919,50.7985374585682,53.0156576880647,66.0744015607591,58.241424335577,76.175079818866,63.3569947719074,48.2691134830797,57.276417439565,60.7497235815411,74.9420479899238,61.0525808709892,67.2485389344134,54.9908099897692,50.0496568869851,35.8092140978577,63.4223586975971,57.0264273160222,64.3294608923377,60.3314008690857,48.9642770332087,51.8810982770005,79.7821870781037,46.0192321793384,58.5714447380041,44.6254259406597,82.6333677271939,63.1464104624638,67.037776292663,59.8139243320645,52.3219496985953,59.4907694238633,46.1012902177051,60.0517459233634,62.7094684347002,50.6178993853945,36.7646883580678,51.104624607158,58.7749850653217,73.9942250703451,48.1747590408978,58.82383371073,55.4528921967786,55.2257870452038,41.9649787335926,34.1902041020082,61.1001816394935,55.2504347120477,79.5025694312284,51.1477089052028,69.2104200742021,68.7045095280981,35.1156365616486,77.2267792638975,65.3882603066047,44.5184077960817,50.9199459932592,62.6029217311933,65.3167281545608,57.0053893236064,52.9116487043106,50.402138608453,67.6145610637125,64.7155609377517,55.0747807694913,69.1160759300695,45.7719215682068,54.1654359698542,70.0221121100579,53.4882680687509,46.1033546161036,74.0413104850632,66.8056701717261,60.7958239440058,63.8062252012346,53.0580954652652,48.9308591743371,60.4531021920828,40.7073381690477,56.9718944128553,43.4594479123476,60.3230223678281,43.6804573687321,57.3746793145575,58.2892413182186,56.1529035884892,63.8537998349092,50.6071074169005,33.6794237136011,58.0654825716077,32.7632197077025,47.0046076986937,55.4586566085504,55.1529014079978,53.6331420589933,43.996594645917,63.2903793834859,47.5824902995646,58.2240400042269,52.0029552556369,57.1412073466851,36.5534500309245,54.3013667689606,55.2501417316604,47.7939202306591,34.558510802057,43.8723446632634,59.9182947304103,51.2331249987577,41.6168145332741,56.5543421783648,40.9987449287976,54.8815580904123,37.3784122882538,47.960315590165,42.7216622086843,38.0084369425823,59.2724940942152,44.6830784886699,53.3985750791759,52.3427004393607,50.6781788643753,58.4264776048197,41.7770920229317,45.0249873603451,49.9698969297939,44.4866010127932,39.377319626655,37.4705611840751,49.5750731734583,30.7639429654504,44.1537926873358,37.8548854832756,30.3605167015214,38.9130047890393,41.3926272788268,38.1467091005893,53.3600302839509,45.1508927735054,38.801491330693,42.1782364048434,40.6984742412019,31.6021049934827,42.6367648348901,41.0088204014997,33.5194325330567,30.6936717860424,26.5541315824159,43.184559582593,34.6647782583564,39.134937841606,30.5979406920957,45.9781448789127,23.6836345009226,36.2728908376832,20.0939116277504,25.5679538979945,42.3782247035398,20.2806779430436,21.8454543822088,30.4562342253536,16.3985931546933,18.2002825090667,38.1314924463261,28.0429543407894,23.2367546348966,20.2330341115242,20.27027486175,24.9388112199885,11.9596147107537,14.9605710307217,14.7175549768431,24.7816884514486,29.3271767508279,9.17276637802875,15.3150669964055,13.7846209490991,18.7445657693259,12.3844259172207,19.0037559584695,15.5115214190176,10.3172209068408,17.0107454337513,10.2763369701591,20.8359544765307,5.91275410493594,6.31708502272858,8.196041326885,4.52844063315636,4.58206856191676,NA,NA,NA,NA,NA,NA
9.01064862103425,3.15325266230516,4.57327393214588,8.3128441093064,12.2831322973206,10.5381814121274,8.54234573224519,14.0150855087979,17.6331534405058,9.93732893725864,13.5105038267204,13.8448913186215,10.9865488584176,7.23274708903383,16.4215644159185,10.3768288784822,15.4210194179547,11.5459151585556,14.1283977532761,8.88327103425804,18.7625980328521,17.8738608424764,27.8000844515658,39.321333260501,21.1312982439066,22.9385652007272,14.8651487491645,23.9165427648922,35.8642264442528,14.111294352991,28.1536363490833,32.3981305861467,40.0949623615166,39.9525028804043,50.6331764313873,32.9634599851188,39.3827655391352,24.8500991334772,27.6671590744909,13.6981046602795,33.8556424516419,38.8137154385501,37.0053704971102,26.303444652525,26.3901634447213,40.630872660566,37.0018609737336,57.4994428409504,31.9789865071026,40.7751818228167,27.5341294987371,28.6209381631574,31.6996643926499,45.8024981308322,28.4105136678536,41.9357235824823,44.0691812044338,39.1216315766328,42.5380977256137,35.5812572476528,40.8479989288814,41.5046658414046,28.6257740448463,30.7000649518361,53.8173369591046,41.0944667159304,40.8679025458844,51.047020398308,34.3922620811377,45.0021470974339,48.8990143650299,32.6526105556274,36.2979705445127,32.9848596560842,46.5339323004712,34.4661466500111,30.6898231085638,43.1049092561971,51.0390727935305,35.5917354019104,54.4599226528911,50.7888413766251,66.0544770002866,50.1969011546984,58.3398052228639,47.8705810458659,56.9552735368025,36.5711883050962,44.6103286613516,54.2017913818432,29.9041712274938,37.0867060738093,43.9142671834306,35.2433649849214,49.3898357833925,50.0259843021502,47.7118327346611,52.5510235499154,41.5673039747863,48.4616301317742,64.9402913218473,57.1896961972643,48.516321073294,48.3238395994802,38.5251665321789,55.8233575114841,47.5135796259884,52.2552326968351,46.7842158508064,55.2005259027604,53.0061942340461,45.9439693265702,35.2346755557829,56.9553875792248,59.0473592693903,25.4522142373608,43.9277338485368,61.0200721196147,64.9427445975261,50.9688065606757,47.0970270563842,52.8527049626948,41.5038753601368,44.5224712602902,10.4342672781092,35.5563078149476,38.3171274948689,38.2137190228364,48.0361827314407,49.8773675123604,58.4301325478459,45.3273097775744,55.5258538613877,48.9456760879547,59.4685966093354,48.0767991061367,41.9914451617515,50.6402021282419,37.1577824451018,47.5721505598812,40.8476235168764,60.9708078605855,48.3069458823227,42.9637797319592,38.0588584880286,51.7174723460246,57.6879397475048,66.8453332784765,58.7201263193736,57.9524501544956,48.1321956493202,44.7285745481726,49.4709145094153,44.9068605625365,38.1112890457938,36.5362474330394,83.9865730016326,54.3189297400552,51.9059051209954,65.9531666945903,60.6330904017073,58.5149374905466,47.5850243949397,55.3546533083939,43.1333886778376,59.4115655595368,43.9655396426029,58.000331078633,40.8050605654967,40.0321826401556,73.6952825874741,43.6332848407278,62.1310567866723,68.0753616149536,27.8537181527856,56.9899383327333,59.9042808530639,70.3972266509387,55.3247906648828,56.18356657499,44.8887609534499,51.3041920958313,42.5624963434201,50.18892692422,40.4367381833783,57.6465804385033,36.8431376156011,59.9295090425792,50.9310919702716,57.5503260517322,43.6279212012747,51.2208561126457,50.1087536881637,41.7047505944928,46.188964212847,43.6631694300304,76.0143471145855,69.9411181285075,55.262385292573,51.3396905971051,49.4461598755248,54.4111632174607,52.3505914593869,54.1243230560234,54.9546412996699,66.4038189578138,48.4008556053417,41.8129807749211,46.7280971521789,68.8674569658629,48.6167184972736,52.6405435784494,64.6145066298256,65.6773449155182,53.0444344677293,46.8525710939241,62.6458891320447,62.836640667504,49.7065551549221,27.1839233426078,55.277729228533,37.3960986414069,55.4069515423944,48.124465993918,58.549386803124,78.2897188158207,66.9613923337298,43.7493678195352,49.5518618653809,61.2529493669947,40.289058577076,56.7959694274818,64.5064984573714,32.9473962000279,45.8182005801135,62.0624016118525,54.3704275499807,46.4649814006055,33.4945244879915,44.1927869686163,61.5966459417684,49.451544567624,47.1158659653165,44.4275358175196,39.7652570030582,56.8667279711788,58.2890254357932,62.6174115568992,51.5943100241006,53.5477704792152,60.2492427731551,45.8756124880595,53.0132469490033,67.6193158197679,38.4074165183384,62.6893638150459,39.6859693900872,36.6356411448645,50.458458744488,52.8150393277148,60.2892456429775,49.6662059170586,48.7796868606902,46.5158746382712,40.7549856234121,28.7457996946778,58.4011662912861,58.1381039941898,41.9372683212097,60.8262725809463,28.7345671489073,57.3364616703643,25.2188736433479,43.3389497979698,57.7590079429551,56.14194573395,45.4410644375603,53.8162701146838,38.1281047945887,41.4705617963186,53.2516649534369,32.83373002553,57.788324229001,60.8436937077683,22.2002448093148,62.1635116313976,42.9321880483485,53.2352533614579,55.3621562032237,65.2339097719284,52.4777833927838,38.1207550505702,48.366238267846,40.1688505459618,51.0228312630413,46.6922860227283,44.0321934577549,34.7798930720787,37.8022396925974,47.0327066375764,35.069561279422,50.066123457053,42.1949906112076,44.3217908537869,51.2454374221994,34.682421197887,38.5493567585724,54.9453800078369,32.3072512553646,27.2357780208491,52.4944904690782,36.3917808609488,44.6673331575312,50.9899105010483,40.371769981642,43.4968339575428,43.4716249046437,27.6827493228437,47.9044479465498,39.8847772764847,28.3466850936485,61.8790818960279,37.954713849857,52.7045405463196,39.1466103423477,56.0314224584044,60.0081492570271,34.1842056976183,52.3576517415476,35.4176652047099,39.2522601200934,40.2416994152666,32.5017307956199,34.1911241885435,29.1339104695566,39.2648098788843,36.7371820918347,41.3883128756675,46.3329947620633,42.1513664037049,34.2331720266776,30.2336373355859,37.7560890295966,29.2307130714326,50.824719200384,27.8119938014441,31.1661108162639,24.8143901836899,26.564760730169,25.9151930278784,36.6219183914733,23.3930905820794,17.7924116350607,19.3347169584597,27.0368381331503,26.2824813495351,18.086099815956,35.4116822318712,20.6340384800947,15.5058671311755,24.8397175682298,30.97917320291,26.3803299897717,25.0785091714646,13.0552010820541,19.1232694609728,23.4835296571522,9.06475190952136,17.7513407810892,19.7397915911779,15.7125403710373,11.8956298518732,27.5302591913052,18.5974366651346,22.5953225298268,17.6191541949254,16.2850355050069,5.66715055377995,9.83970809526949,14.6387648776233,9.9433911205261,12.7490674745771,10.1373570847129,9.39521279551625,7.65995562465439,9.57849150620928,12.0475091986211,NA,NA,NA,NA,NA,NA
4.53367039434977,9.09017418478753,8.5974345931279,8.44452517357236,10.9575035169069,10.3178374479087,8.89827649151438,11.6188818603085,16.7214199588154,9.04244784493998,15.1683125987472,11.8971433071292,27.5926989646614,5.08204367733807,10.6668817242864,8.1807877374183,10.9643320856266,18.7414205525693,23.7812459985999,17.0728606606045,29.910161405107,13.7862781790928,30.8855812324854,21.3366205230599,22.8943369391375,20.4576912466994,20.2641527978022,23.7930158653927,28.4138138515339,20.2836895353587,11.7712122063805,36.0251913959328,24.6292827172507,28.2993736791237,44.2630689896152,29.9008918781614,38.5425779103291,30.4764920314998,38.5919591556988,35.6288083414211,32.4635592445729,34.5471594086769,21.7025051022248,43.7539191660508,30.2615426454253,48.5343989517337,33.6513973230932,21.647516726026,26.5568869944355,37.6290510344352,37.7955911607565,31.4777927194584,47.8186038780417,43.0252766948324,34.9168779096167,37.9203891588822,41.3576965377883,54.7911915443664,45.7352897440401,40.9898497479666,49.8188501118528,39.4455758544919,39.7486563090016,50.0123914352326,61.0943642273117,49.9133363320253,34.2441474569475,43.8310510952197,46.0507006653355,48.8769282625774,46.6318038503984,43.2589418275169,22.7441461181971,55.3678105121791,45.6227506685017,57.5071295659232,42.9991424156524,20.8639053513571,50.3597611970697,36.533477265963,60.9960195351989,51.1764849170263,59.3373495973836,44.8814496894675,49.9985767099664,40.507690374074,59.5960404083725,39.98414254531,29.4321230361101,52.3525295785602,49.2385232569059,44.0587317008789,51.1156593415304,23.7954378400741,48.5801445855773,47.2476009068845,48.7551435277622,44.7753280076239,58.537832261234,62.9135339296937,72.8923715178367,60.669963375059,55.6845523769577,47.345095225112,69.6347546721032,39.3770201866733,43.244156153185,31.4830736071013,55.8874875328805,68.6172161104745,56.5659471870194,35.0284925442051,41.8328069964335,54.6769224160697,39.5757445654417,65.6677916400073,60.425221374443,47.6204092427223,48.2696834296025,70.9372042824697,43.5773228751271,48.1277434967007,46.2100144111006,57.5170014465387,37.565830224988,77.3123452839391,70.6494662785974,57.4163512577039,70.1856386709589,64.6946374779401,63.8594373427166,77.2558224890458,71.0560660899612,49.0201695588495,46.4943544021108,45.6264496080725,51.1613472642974,82.5346247108862,57.2975675663612,51.4050355630371,55.5009406487664,62.0462690488585,55.6902121009154,54.464455054334,39.6817505711732,39.3010779483991,54.1223521084216,54.1068051728462,46.9313284303362,43.1661403158322,52.1734326615605,62.3728435897184,56.5500581537593,54.7103885790665,51.7851844992457,58.0549514138789,64.6687774589461,67.1554470780045,58.4302698407461,53.3577088090583,72.5019963272117,63.0125887841561,55.5165449775783,58.4945273521116,49.2245137985098,61.5861145074739,73.3601751104362,52.4565808742281,50.2526753091046,67.7078547980509,65.274464719559,65.7908422464566,71.1829672700735,57.7023468956082,70.4011279662816,72.1269136698803,68.7425898884313,69.9806455244764,52.0380749096008,68.8874869951333,67.484363249354,47.8054924670356,51.7572893694609,72.0259625136822,73.9532548152356,68.7936956808416,58.0326011388578,58.2199026425796,62.9103449909395,58.9539288794048,71.7257961821225,77.7234312675552,77.1696873120515,48.2417750141688,83.3902610021148,72.0446611702228,74.4329125829561,75.2997942569472,72.5219549176583,79.4778241873056,56.2827384543105,59.918025732167,47.1066174693552,52.8242784504997,45.3546074466081,64.7342743928335,54.9835309014536,68.2839175654747,67.6986719188728,73.1261242839385,65.9674554443125,57.6323092573919,59.2141394274541,79.1547019274956,65.3811943289348,48.0796898427336,60.5378259051143,55.4781856026646,50.4156963254537,72.0320913908318,61.333674365025,65.6765478442018,70.8248911471182,45.6912369626596,57.8526277050952,63.6661691485915,62.3712861771955,61.5866243306773,70.8702160362503,59.5271762890998,60.9967686006786,50.3970814847904,60.1940025243961,64.7630374040278,45.2408949289103,80.3116214085556,67.1454273696767,74.8721649579307,76.0507425445471,54.3960021093551,70.6994180320717,71.0796965838178,78.6442738097468,49.4790252303073,61.5083687227819,60.7657314272138,65.7091050641264,69.8601346073869,69.892702851256,73.1726332914339,52.9921601044645,45.2932519859967,64.0560562657061,75.5156061836697,52.3638756224552,66.9965116259147,72.7004418381005,63.7081641335535,58.6380751037686,30.5326899571608,51.4891065053985,47.3980546764341,60.2240638730767,53.1677008329791,55.0248707151467,56.6057411580403,47.0190463253671,56.4333140134345,63.387684303054,41.3321732969637,55.976422135075,85.4213271919076,67.0083969481373,81.5106764778289,64.5836150214311,38.7352097845883,56.8855712185725,53.8280894660092,57.979625104615,49.8783129949322,57.4199227010502,58.9370637786501,56.7389807699761,62.4365029379156,69.6915722431877,69.01499448093,54.909801867502,51.6981294460518,49.6562557722537,51.1661301619145,61.9913744464125,66.2152372579844,52.7216890787017,50.3488455997163,49.7884934643762,56.9445997655647,57.9663295633441,57.2629147867848,63.8831536639647,47.6645131424653,50.7583569019052,45.3953877341574,28.9973377978401,65.2522041802732,58.0985788407183,57.5052947338513,62.8212520675341,56.0969044114364,51.8441306627565,66.4510938519061,57.4551064545177,45.6244333830916,54.1064753338513,40.1987832524196,62.6943670054846,54.9106318687582,51.9794553532314,55.723764238916,54.5975456206704,41.9583948745306,45.8448665992717,44.340845328404,51.2190150010432,69.867252045318,37.7742573946703,55.0862385393311,51.151898611927,39.7055524729925,47.991412017562,50.8441375146975,43.4809303900525,48.4323202496065,45.5718577452415,41.2874293313884,44.4178894213286,49.8000497679413,45.2207496430136,59.8872398586925,42.3924767761212,58.9458201124118,33.5564724796963,42.731880710461,31.744212396418,32.0414250646812,50.5902923506274,40.1403330017547,39.6116015958325,36.839891226814,22.7513952646073,44.8821880974815,37.3643289954941,35.0130284420684,44.7540949590755,44.9227310451089,38.4202142302871,33.2052320205949,28.3561046469673,28.1284412306172,28.4670755056832,41.7147248232941,14.8778066984522,28.4444917559865,30.1193211115637,20.589246170537,18.0133401960384,14.4369169097031,16.8893420962491,21.6543934849279,28.8021062986739,19.2180477126382,19.7920933763262,13.4716914473263,23.4029649701773,20.5149195487607,12.7929871099814,10.9684063904286,7.35183593264442,15.1885076255987,15.1967852493119,14.179737264813,15.6228644906088,30.6363024750192,14.6028988302385,11.8827701251314,10.6906308683901,8.41544020337581,13.3428066333658,NA,NA,NA,NA,NA,NA
7.82819396376155,6.65420649378097,8.46414257513333,6.39240952826605,7.30599835501024,8.2563225066504,7.74572995278342,11.7357859584627,16.6217163770263,7.18452186472769,21.2508693156103,7.40207486833661,38.272525022222,13.4007096420208,20.3860514142365,9.45743108945688,22.0740270218686,23.2512950733842,18.5135451414785,26.4207212822382,14.7163479259215,20.8786673990412,35.2407970829142,25.8405653981611,31.8987919724014,11.5075360731563,23.0785303605186,13.4063599894916,21.4495493582655,26.8185188048041,16.3302227533427,45.6537025063591,21.9043750038428,42.1609532523814,18.0738854921801,27.8154578745604,33.5208830642878,49.7194196247536,36.4989270110797,22.6205053554094,38.4476883582839,38.7063150018457,56.7621520801579,30.2024485032294,42.1682196231569,35.0275357679075,33.9957928193697,35.9902120411894,42.0204716751507,25.4625026317737,34.9874896744816,41.2403520101295,25.6884463124387,58.0757620664831,28.4624102530907,41.9030450659797,40.5931001699101,60.117087981261,47.0203753648789,42.9477167069963,33.046071657137,42.7534661193288,37.9338969730217,49.5987010807721,50.9772975924705,45.3270417455803,36.1020485746944,47.7296424207072,44.5089583042748,56.2149407695246,46.6458465945592,36.865983494947,64.0686653638242,49.6345787771576,54.4008321826233,47.1001098542352,64.9425840325199,63.4409354915718,60.2826246047847,60.743341617007,49.2209996151978,43.2076381121647,41.6671712933167,41.1924901779778,56.8331726670614,37.1031477579069,43.4543910865028,42.2713106502255,42.7172384366563,43.138405693757,51.9974912722432,43.5907805652198,67.6663964186198,54.8461793608598,62.0529444369115,54.8886933424585,57.2172712623911,51.4676313245438,42.0926882834417,67.7783315556962,68.6871419597944,55.6024784412616,56.933574018279,68.6836936345053,54.8655935120851,45.2073899247617,49.7243801536522,44.7994672257563,56.0026783560085,51.430872710954,37.8952628030589,45.6305432975677,57.0810806054454,57.5397087077737,43.7319236779857,37.4442558906693,46.9561254848509,52.5151638693123,47.9520971565556,77.9133699365518,43.9261209841852,94.1308684004162,53.2571610362192,36.4391878125549,80.1931245891665,49.6695818827188,59.2080458698392,43.9461485712183,64.5125851857189,55.3788655084218,91.5926747146019,77.4274410523023,54.2224903786118,54.7022978701979,63.9924503154904,44.7731422424457,47.2415949759869,56.9127622281056,53.4838290647286,59.0716616101902,48.6654956186019,52.3846301490601,66.3458752251565,59.5920831581682,30.5024062013218,65.8408060685796,62.3486594617484,51.7991463626102,42.9097674758472,68.9922229076716,60.2368527149549,44.7012356802905,61.1168622006836,38.7685930977524,79.912974913279,52.374518547409,72.8720122691177,61.320453205666,42.5115169465728,45.9649991567308,35.8139308909232,84.1304357001088,45.8541126233089,64.5853332388529,65.6377358587211,35.4759771922124,83.9711562112675,61.5635134611213,72.6708728454669,57.9049603628744,46.4307546791061,67.278874182692,45.8616159757032,58.4921671751522,58.3386629298022,50.3875228817472,59.2259384862758,56.4683695447814,66.6247051685938,60.8226989420453,66.4183597595155,40.0425519401993,54.7269399345103,63.3332662594566,75.5421794024771,74.8370408431505,40.5265829683855,42.3333257248408,60.9255003511621,53.4947629109733,79.6656984267749,61.9891470187613,35.6658737496119,51.1111410113293,56.7217939012845,32.1274432129594,68.3828079408519,56.3448882866808,39.1631222991045,65.8106793384152,51.7523491054567,52.312545718341,52.2303608574548,64.0733131088342,75.825373131988,71.7873243239777,51.5058212690023,65.2160180529712,42.1258364662684,55.0549121074118,55.2570135567022,53.4267013009214,41.5432709864878,49.5876149511993,49.0181554420673,55.1656370034686,59.0348629366972,43.9720921281329,61.1934480666861,40.1427246940662,39.6425881289915,44.2529894386589,52.2193927272501,46.2611305224752,25.3387494830353,74.2638497632197,46.4360922640596,57.5090684930578,65.4541104993247,53.3316925408868,57.4835486959822,52.2714836214839,57.9876211002036,58.9318320545648,52.2591660602448,70.2282787824172,55.3907882809296,49.5074448502024,31.5896059115956,50.0628530060643,71.8238940699265,59.1767516767531,55.598412447518,49.6688002073316,41.8995154684498,52.3721555446529,45.1080542760474,61.8326056996864,44.5611442198333,38.1019851477011,44.6173878656565,34.8545617533484,43.9854271556489,44.6062729912804,46.2012305016197,65.6397580971304,43.8133316179229,49.7945481213417,56.6355758500144,44.2144881191259,57.9681519324523,53.2363056082733,45.6159744019205,33.7619040791787,63.0201568074071,53.1315298415263,47.2053942595104,41.6084559320483,53.3664476391013,48.2949122797586,42.2970853407213,52.3588404967294,55.6035218696929,70.8356915670427,48.4893892378598,48.5724379158602,32.20197274461,54.7925114400119,53.3714210623465,52.7745305430916,56.3020723252323,67.0972433404161,56.7355169509328,49.6122079509992,52.3399996508085,63.5148913286104,47.7810734512055,54.1064921687685,44.2782808402537,51.659286944035,45.3176450271226,49.8088249493878,42.056315332493,54.7417387069621,45.4083166855508,58.5454117618703,38.7213514290741,59.3168301349181,64.9657366127288,44.8199986711708,54.2914980616633,52.3518195937182,24.2798224926152,57.0744907027478,52.2633583488683,43.0148440871658,42.3118363268999,32.7789666978177,40.7468896681907,46.694859441257,41.7394302413608,36.5623562370829,46.3194797286495,56.6727285385933,54.0157295653406,41.4680445550954,38.9844427722134,42.9918553733674,42.090405041746,38.2391055360073,56.8799499236764,51.3457873332675,67.6083902284169,35.8877107239291,42.9519271373644,54.1233835934046,41.4084140057588,51.3385028003347,44.5928675499694,53.7252265222297,59.1293855889835,36.4374926594926,40.8332975082737,42.4668324749046,60.5666782442747,68.6110665818475,45.115550627273,34.1460198221376,39.8024020372972,19.774172684262,15.7341541790698,27.3366574655986,31.1272040248518,25.7473751341972,49.1384422272208,43.4242766769627,42.236442236254,25.2393130944091,16.6194078735094,35.1096272605565,32.1250571343553,21.7916453362992,32.970955637631,38.3455917257049,34.3545464759246,26.9151974862839,26.193231238884,28.6348474896951,34.8814667637657,25.5565171012366,28.8933233322044,30.7251008729327,16.6472650680814,15.0026993610523,25.752972810164,17.7767733267543,18.5957045208157,18.3927547497452,33.2025535703443,26.7102265673015,18.6888030677103,14.4742284426866,17.4774748304575,17.8174610048548,27.9571051757657,8.53694841611943,19.9234603595611,19.9522951683651,11.030220238801,23.0079339600488,13.8081384055638,22.25739511784,5.20684573970821,4.40303089148884,16.3167926394381,11.7556220619566,4.11897211326155,NA,NA,NA,NA,NA,NA
5.33021395022885,10.0181175610827,12.640674208111,6.01268730780399,6.7016635412019,9.2368841867123,9.1496729022005,10.3652173327758,12.1475088757295,15.0064840940243,24.6573792187301,18.0062500533779,30.4933376182568,19.6153202507773,23.4208936911588,14.0301375256519,9.67217705103329,18.8087456729252,22.5851659394001,25.5957882248774,23.5626884700553,29.3858698290395,19.0773732215705,18.4520245335262,20.5527751932695,37.9073757128528,30.0407306314942,25.7869972269185,29.8530266243519,15.2678749992824,36.3302779121357,24.6261350515077,39.2562209832828,26.3685698626909,29.8744351723821,12.2277594243175,33.6578415752171,45.7534088050878,35.9190423172353,20.0631062340263,42.6463346325248,41.0499869138606,30.9983892307309,35.9741188609643,35.0140987753369,40.3074427136562,47.4744182819653,32.3224414149964,34.4017477721642,50.7172385949568,31.1843748327763,45.3100781475898,45.4535794349542,27.4187537295734,46.6910648257821,51.3699723172065,39.0941818906829,41.5352330169103,51.2976636033214,42.9408844025743,63.2448459357747,46.1102002525539,33.1993096732088,48.6175799692935,50.2418749140375,58.6803998337983,60.6839677842353,59.0673115315836,58.705196802413,39.6316594161144,21.6106832290322,40.8347249601023,32.9041755031713,43.0791234911855,46.9483371056975,45.3234694362819,50.6737414778026,40.8213163439489,45.463980664149,23.7817522857165,49.7485136929448,39.7471262130354,42.1972114638845,52.472599283595,32.8910234213913,19.1696478452543,41.4522445893098,52.657902066254,64.6920405696134,38.3388376759846,38.6588002464852,35.0026071209449,55.2789480898698,42.0180734192667,39.192761592457,48.51981724995,42.7765717814414,34.6464115573682,43.6550958718557,30.5273597227894,36.2305928301496,37.2370677247432,64.427846969497,49.2160763456593,30.3464113161981,41.1082521238534,46.9586088695979,42.802438647365,36.8477707683159,46.0928663422375,44.5561752115737,59.9958603010687,38.8511242176446,39.2246806092417,48.6086051089196,55.254631358693,46.7545731644026,15.4322690095067,55.4853883951186,36.9839108645783,48.4080387589208,52.0753368124537,55.4391075328307,45.424616945365,47.0132864286813,42.116714409727,54.9396145140042,52.2142575771902,58.3867207474504,35.0926708694258,52.6157064711259,42.608749005223,54.5964816343256,49.1690222695073,44.2810634666285,67.3976168673223,44.7969822772017,56.2503763255404,74.0384939255249,54.1128933509494,47.878908709174,67.7655785853984,64.0627924441,42.0757287606084,66.9554781233076,55.5351875356514,73.4824824659051,37.2188296332681,49.2070923606549,47.2205208871914,49.5906613829727,56.833148694535,35.8402517955901,53.9138425564261,34.5450715388129,28.1853694379506,70.0119327122717,59.3163258794422,44.3274250661557,39.1675692498087,57.6789509169278,48.3129647483859,55.3771444626442,39.5780478138071,28.9487001378859,49.7061088969417,63.9422209892673,23.1127968911904,33.8738442642507,32.3942473407305,44.2798715395646,38.4961910204682,49.4824535095183,57.0237506695375,41.8820053329962,45.4865945477406,56.7913818715059,43.1180748428344,52.7190324357882,44.5001592926749,42.0834519192827,60.7552203930862,36.7755029257687,57.6308532496398,45.9925861939269,45.0806835206315,63.5777177455387,46.644643875405,55.1457447726892,52.9268836861773,35.0262103884367,67.4017690180836,39.3306874641401,30.9078272831414,46.9791336574554,68.7410481475178,51.7131686281045,46.863698990976,48.1405681765048,68.2359680977199,56.2421210470519,39.0840240517462,59.6028354190793,61.058624155485,62.6497468844588,46.0339669097291,63.8655395330426,46.4139441309755,58.034647986501,49.0321781788528,75.5339223868649,50.3011084447101,45.7793088655381,70.0535036480203,48.051060299041,51.2613728579949,45.0168671428851,28.102491488245,35.7286780678653,49.132707222671,23.8330194501403,63.2924135970609,54.843790694781,72.5337230228642,38.9647653973646,41.4271225236842,55.9239552842123,60.2627173598596,36.6531124509995,48.0675363897464,54.7140895199862,53.0975184332573,48.1706867038506,47.5197804777106,44.1370539830406,40.4119844359766,39.0617197588313,53.0205989104631,52.3381964055598,52.4886058750736,63.1967448536001,36.5784492651937,59.604587380688,45.9493851324251,34.8799369998263,44.9277698289691,57.0070635698725,54.7046585586207,58.7910450569088,42.955970742614,43.9442166021332,55.2630854300257,62.2574123938015,55.858953417278,38.0713507305029,36.9324987808435,62.2545129539588,50.8451295046992,54.6840359113858,56.732844221516,55.0801397859157,50.4219651090544,69.3482804316485,40.3479346616025,67.9643102990141,29.3992375370681,71.7636938540948,54.5430752745125,55.9641235027722,46.7717132084715,49.6868650332029,53.7584832811345,38.3434284727663,67.4163049848876,54.1819322927454,72.3371101231887,68.1384637061927,43.9079428157253,53.5786187534269,63.9851837958183,53.5207976920962,59.7506077587507,53.4557427914976,59.0546165806437,42.6680930498451,46.6928769338195,43.6739158302477,52.6650443439381,47.5774981509694,60.9474706308076,50.3155118397812,32.1183629777152,46.6502871615825,73.6642832732028,53.5979145440084,51.4619858980813,24.9498113196803,49.8556928482658,64.1962197976182,51.3678070603039,46.6408402344633,39.3066826945656,66.605313627825,40.0088896870503,34.0456072294855,51.1080944665467,46.355383413681,45.8161181331596,42.3508137988401,48.398546944645,63.6859027965283,37.7653197230055,50.1584621225921,43.4915216497286,31.3443895753927,44.4751088554739,36.7394690283328,37.3255895600487,34.9375707958065,33.2072258974197,36.6356760753144,51.9096701838857,23.2620424239429,31.3478931535904,34.8230388476051,48.2853620641896,38.1069410475446,38.7860672909128,33.188176114171,30.5839016759915,38.9798986172777,32.6903804784939,44.9079526404516,37.0658170777335,41.0708990683899,38.6232587165615,36.1884935675732,29.4928472699563,22.6092118152741,27.9680086876651,26.7946522951613,43.1606013459321,37.0538249912334,25.7462021430123,15.8204612116888,33.52415095296,29.4803055781076,24.2886845884574,28.6312574242016,37.2482205744825,41.2434279766506,30.221405794241,33.9259937976643,17.0413088256147,20.9458539932909,24.1668414695276,30.5729853119231,16.1791596254093,11.483723008865,22.3539966906454,22.7125731635838,25.8694380013195,31.8303464665539,16.5485660614804,11.1878633913558,21.1006286542953,7.92725661010896,18.0968349485814,25.7501563220241,16.6249333191282,16.7954154966819,14.8870203345612,11.3858308300195,15.3571526385371,11.9053744538201,5.21013591883778,13.2923817934507,9.74291955175253,14.2825802665593,12.283718783465,9.11870819370161,5.26918504884664,6.67387289611952,4.74873751529483,14.2950304640941,8.70462669274791,4.65477303740989,NA,NA,NA,NA,NA,NA
3.91888684480774,6.1147565395611,7.2355848252388,7.4068819179274,6.50273959149436,6.3042125067407,3.66928723622304,11.101681338373,14.5967189561128,23.0492733145266,31.4609637453796,5.82256180548058,34.6678568880922,9.44523351913002,7.61287280372883,16.9275578461444,18.9677460880274,27.0137248926232,20.7496784296964,10.5950046123925,16.4922462920381,21.5209506724406,31.6617437165136,22.6896883408234,14.3031427297497,26.8432276596047,27.1290676068957,28.9906814662728,25.8992852418137,17.2785651382448,20.0278157490343,10.9825245797641,44.2085920878247,41.7121586896559,20.5136276878216,31.7331501826993,44.3732585557194,35.8894503764663,33.8983025376641,35.2754557976667,40.706684152203,44.6767105073486,36.5810312856583,38.487483535406,30.9084831080364,30.7176281259042,42.828028207012,22.7608973289054,41.776749158383,37.291634245971,35.5197578477257,37.4525157636822,60.3954741229871,47.9438868453188,39.2647291861497,31.4033518040276,72.3093632075434,74.3069034354552,55.6477232592153,55.0598045189979,59.2047781043537,50.7210028658441,34.562366057539,53.2021863607466,57.1373955539823,46.7027952581255,47.3845630181487,51.1993813150337,42.9525764679337,40.7916761584873,44.3804670724709,39.0293760144351,53.9251212791299,46.4467410682811,39.9338805914501,64.2523364351802,62.947305632929,35.855213639615,50.7109626145171,44.9550298101828,37.1846781513557,46.8466526178117,48.6349241393894,36.8588046263278,56.0308897770508,23.5147079845653,49.1832126841472,64.5088862190013,44.2521731843911,45.1796522429964,35.8746708399362,63.7465820843238,48.8719753103243,40.2837419727178,51.1260613284814,52.3660192711817,42.3948328312386,50.8668145534384,41.5148090697328,57.3075877937386,54.2062920550374,53.4937197864538,51.7624707382534,64.6088159830624,52.1645829049814,46.8414432920356,52.0060511465678,37.1283087023207,46.396185756917,49.8345430842067,51.455219391946,67.4093064181554,65.0620867482354,52.7356111606102,23.7365003355182,63.2666417873219,45.5815604957168,67.389826892352,58.1661426071026,52.2226647613833,69.0755754193908,35.2038106695533,58.6381580266553,51.2786598405519,58.3397754358868,52.6901505376796,58.9985795297109,49.6228612834611,56.7415418844948,38.4048281057974,59.1345628467733,50.5612010725983,61.5006382242822,58.8821247704399,52.5590108327844,43.7515392146929,53.3007001457996,67.4124716931397,50.7904473715137,53.0566312691211,43.7574208543279,52.9222127472452,62.5954105679157,45.9127054446696,62.8734785117231,73.4244566126458,70.7416743362642,31.2495296196358,57.7177996758873,54.8768168567061,52.122234588746,47.6000840518335,71.1258353439267,40.7568502505835,48.5689200800969,36.2092874488432,56.3789381752578,61.3552644763586,37.5128784356175,68.4667956324522,42.1442641742866,69.1334102534761,64.0542636516263,55.0374040871221,43.46400074839,38.8281070144814,49.3870399873061,43.3770868253486,43.8617583691125,66.9382596442657,71.8822227152518,56.896493600124,53.2373767853452,41.3501890306252,50.7346327824743,60.8901629263466,74.8262078401221,49.1389569796528,70.7217172463255,63.7699230262842,55.2785650243372,66.8475580079397,62.5951516856135,65.0343095130714,65.6342592937391,66.7423946294367,51.692359586614,64.0782624745342,43.3422115226245,49.2958384704601,56.6104409348517,66.1642751742416,37.5041286052572,53.086986042866,53.5189545839899,59.4824405709059,86.9295910262118,60.6323077609662,52.9581210842632,72.2737199121567,60.9827425883836,53.5875039395891,52.2800421295631,53.6450397351191,63.1040185623201,57.9306475996021,25.0816310252761,73.381653475173,41.3446634272274,63.5615779977463,64.4819397735522,62.4171257072761,52.7153284671123,56.3968018994417,56.4899024670344,72.4036502732566,61.2507024819929,61.8843431185205,62.8319481952103,60.4330110402663,68.4832642303692,52.7510461470719,54.0621716955397,61.6483227338968,40.9388338858732,57.6878127423803,56.6006804110698,50.1684089653659,50.6205240750485,60.9917141987934,38.1109351525852,66.6431735563195,41.7161661465633,40.539645687349,69.3487832543275,70.6938631638786,42.8169582290715,70.3987751692417,68.8228630233344,56.1463818822539,71.6755069892143,58.5631881029596,49.7162950878683,49.2818282080354,52.8804449840584,55.0512684468166,50.7551201415343,89.0428981395376,51.4161251301803,56.9948304481768,52.5029083585324,65.1989007215249,49.0052848175112,87.2140078197726,63.9551576906377,55.7367667878592,37.9933924434135,59.5333591462418,35.5604060022166,52.837425684296,42.3146517103185,44.481278693562,53.432146470339,48.7214877939174,48.3730963189054,50.309526996561,43.0802003288782,59.9014209428563,49.3407942759724,36.5510226953511,69.2617597222207,56.5175924804861,49.2705134506288,54.6118785097084,80.9699277024751,54.85350746524,69.3316890731793,40.2003471581045,53.653062096802,48.3617321890036,65.4415313460373,40.3043755545333,57.7797306218306,36.5301567777778,77.4984515143211,49.0466790787356,56.7058439894473,63.1873221260258,54.8732271332108,39.5001091332494,64.8810623559022,57.2438731917913,52.5720590616928,63.2445795045201,60.9170867002965,71.6643542204967,53.6209511613932,56.2624782689015,78.8303470245062,43.6871213464933,49.3035147309662,39.0890411892993,42.140036848922,63.425553153899,31.5117358975278,61.4699885327938,55.3158380781119,32.5373138167697,42.4727129015989,46.4114853188723,58.5477913846533,46.2429090461063,29.2264465266028,52.2865974267945,37.271656940567,54.1950288347561,63.3036872731274,59.6750204239287,31.2628935367837,40.1013648912848,39.4641999573729,42.0513726802409,36.2394671990088,43.4189874379332,59.1282283310208,53.3217818421988,34.3101087635046,36.8838426941029,52.6319460607017,37.710348121338,38.0745846016356,23.2927564162377,45.0429160161379,17.9921733898615,37.7642313255147,37.9295645773728,36.3622480922876,41.7195640002053,39.3461281708296,33.9402550738586,38.9565142969827,38.7017195100112,33.3509880967561,40.4964609010901,41.6152710550912,42.0874937155962,21.9783878296352,40.7267752942124,30.7930403290671,27.5042075641197,37.0639725650865,29.3984028596926,32.6039775730041,29.7687576804612,33.4255713999801,29.9598142968085,23.5788786287785,25.3851323333375,25.7096173684791,21.4685337485316,38.5467578379095,34.9873908344851,13.1980359402966,21.5521385100492,29.7417430961766,37.2540012732056,13.5456531719346,25.1070035991795,32.1873016963358,17.4287934792573,10.8979542262647,11.7338933725486,17.6495388395185,20.6821655568486,15.8663968818477,11.5661713640887,17.7692869031441,17.7265347767991,5.66861183056016,23.9196997232749,8.72921284783524,7.25485232003647,3.34684418359153,9.01945144570361,3.2286157994901,14.0753911856202,6.54949218430001,NA,NA,NA,NA,NA,NA
2.78295240239312,6.03791565571093,6.71698880020499,5.29205257732479,7.06384224860389,5.09122025492921,6.55443319567172,4.66955610077461,15.4262400247395,11.7048677222495,15.641366938901,6.62289881529117,18.0844063748168,11.8191102947278,16.7458105299653,11.8526039727169,12.6388975413911,16.9607070433132,15.3961583543969,22.3728236938872,16.9889555122468,16.6018842533409,17.7497248526013,13.564635545696,16.3408637018264,23.5920283111104,22.890000345079,29.4154128085901,15.517430596243,10.096224890852,27.4322873273506,29.2221741064652,30.7395883192051,20.1880082741094,46.4666116870395,33.6807488458225,38.4988371885848,26.7381215431028,31.5723399579643,29.6675884621326,64.4235305110731,27.6673490012612,37.6580869694114,13.7820200507205,46.9834163130014,42.5586926186628,35.7026575199887,37.7819660301507,38.2072298308787,46.0749979606339,41.6158686880716,41.6903084772606,38.4142138792098,39.9281678221189,46.5701543657755,46.5889162295788,30.9409748510577,54.0322808657546,40.4918252897301,52.7964566386162,57.9382229010292,40.8696345960149,20.6590097193264,45.8451990907242,56.3574733670757,45.7626865561144,42.2307524736734,46.7871150109273,47.101979511509,25.1031861325561,38.7101833487012,32.669990107909,49.3156715743926,34.0919082551903,67.522360619932,53.515492056147,53.2858276200912,36.6604671848853,48.2799059723415,52.4741116998714,45.7070797017297,54.9691322987892,32.2049140423228,45.4088681537331,45.6762630583104,46.7535618210583,51.4369995163425,63.9496744567017,39.6731519315475,27.6311194790894,50.206203632231,60.9584020773325,58.6843200346736,47.8829279611767,32.3214201528501,51.6066259483222,57.058451515001,48.038140834957,59.0410978196436,59.220734528344,45.1137462065175,73.7454792254213,53.0976807805882,43.6345330054737,69.754123828742,69.0273212302631,59.6331562841106,58.4132135655342,67.9671568608791,59.8172304319734,61.3705362497291,54.2233605496328,53.9385248987764,48.1026001995576,74.2367145500031,63.8178846924423,41.9116655446162,52.3648209528793,59.5277602754838,53.761973446998,69.5628703078096,50.2931590024735,62.6604244609108,43.9701453241178,42.362651874228,49.8141526143716,60.7846763079933,56.2685650341355,43.9252875216735,50.6484651808728,53.8654692772086,67.470355249447,57.8319370628412,53.1504849151698,71.2852373612735,79.8667793682081,49.431946439829,49.2326501039925,57.3015237908455,59.7853380324984,31.4957152706224,51.3895810761411,42.7728959446247,57.4439935056377,55.9901703574013,49.299153576211,49.6130860542424,50.9034520319533,54.6110637572452,58.6692460712865,40.2700735121488,46.7874387988403,51.0163515570658,49.8324445660988,62.1930663538205,58.9610381651234,65.9420833188865,64.7356624650721,30.4539201229541,66.0675393616644,69.2199812002287,61.2947138694523,65.780631812237,74.5264072485994,59.5523772969772,40.4650496716644,63.4451340697063,50.0316179951078,39.3303120696534,65.919315965692,45.7029408445138,82.9884316526954,58.2404877916465,51.7983141557224,60.4962448668201,61.3172650331804,38.9808396656365,71.1796879918846,60.7688021954764,60.9387079596194,28.0181732173973,44.8103952713815,33.7527686422212,44.1241325090118,55.8059483420558,58.4548336420737,47.0378355376004,58.2590614921973,57.9473099738349,60.6148961803936,40.6683772042952,57.2857776807674,63.1488881897012,63.8191639189667,55.3328208193402,54.8289303897081,62.7632382020941,75.0829157590879,79.5848609295725,81.7868883586245,73.7456397902371,62.6716313307648,49.2772321194401,64.4747516218161,42.5531475124053,58.6767786755093,58.5202974741435,36.0172290210998,51.2758723438874,68.6541636238979,44.924850297404,61.03685458053,82.1504712154354,52.7748168357975,61.1130448645182,44.5222304011665,72.6862732865744,46.4429309738738,73.8294271344987,59.3427947230753,56.4950297009196,64.9633609492842,62.8953955992892,59.7590115105458,61.9004166065967,58.3779603151143,60.7072345474113,47.0523781250439,67.8075532778346,59.8850791085989,46.3909222603874,59.6950645626046,41.5557515113074,57.6743767769316,46.4058247780031,49.5492559233793,44.1199956343383,57.8948124495642,45.0112018254525,59.9327060787065,80.3529312339748,40.9611628498783,74.6820957310201,63.3794533631306,57.4474168229157,64.8540234251033,39.5040672394519,50.4315624608276,77.9443406563213,64.6892013028577,45.3354089089414,32.8293251263309,44.8071409710685,28.8349240381872,48.2988113553778,45.53490052697,70.9600928420981,66.1519535221636,58.1892157484463,41.5520855690397,62.4323817657421,35.0328587605765,71.7380703980512,60.2653671805897,51.4959699820015,60.9263833339161,52.042226976845,51.8078784348309,55.982249939339,73.9130880570049,47.0559558096114,64.5991407907412,55.5361731281383,61.1497660092873,64.9156712384791,60.3507862498032,55.6092595843447,55.5952252588283,62.5689751811533,67.5783928890349,44.300334724986,56.5071098412303,46.5722163806408,51.1839972197276,57.5892392891615,57.6030456337187,48.5577489252974,55.5247556687694,49.0256469176612,51.4041710387929,40.2823742145909,68.1911132626727,61.6742301688399,64.2131558617296,48.2484809047091,55.067090695576,49.5274978780123,55.3689255815517,59.5398360101368,56.310116231875,44.7090583791058,46.8696545369933,36.6122979464046,30.3451425334519,46.1635681908485,42.6315360077168,42.6457359655645,49.5257958923114,50.2394970908354,45.8516597535415,50.0188590740514,36.2569596799549,43.1404353439633,49.7182701659694,33.3437926122419,35.1259757526873,50.5380445694138,46.7306065253264,42.0094177505738,46.5801683020734,67.1288890476734,49.515296430169,48.8460999740481,44.3136255680753,47.1224065292905,40.9981318080372,52.9512549344418,55.4698552760117,47.441143931171,41.2618642302346,28.2893133209321,45.9500932515493,40.6180326521874,42.2873332722668,52.41343422197,31.6536635840292,37.9127105626685,37.694635051776,54.1792469881665,30.1932337705131,40.4724039421072,17.1128129278612,43.0330229836011,40.0914981469833,40.8692127055173,46.5175653867464,35.8911691119117,26.628879429245,36.6960321439603,16.1985584695909,26.6455608491996,37.9365895084912,42.0017707336321,24.5948268941738,26.9772090053046,24.8999805203215,28.3619736015515,29.1366915366529,30.5375807038682,35.5467840021292,32.9672579002759,32.6468510784367,37.5380008083791,28.1315346915725,24.9498204917857,19.1199115061783,25.4513209881352,13.2741846777328,27.7623034746482,27.6345598411156,18.7342521604515,21.8021919389347,19.3424375905927,21.495239781034,9.57651100562199,11.3754686078461,5.35668733626518,18.9298957669072,8.29680403699036,21.0907492768719,10.9858813717201,12.0340703876884,6.52513305562078,11.5437210947606,14.3674937570454,9.65017067125224,9.78321111054292,NA,NA,NA,NA,NA,NA
5.37504880625038,11.6922726835861,15.7436595705144,9.7870884421697,9.62856021685338,10.3591178125758,7.2598371337489,6.94099463316541,14.0313918978499,14.2987909716683,23.1288199604314,14.5472559531844,25.9182301470419,12.4914752987181,18.1947163603431,16.2913270814438,17.6374020534243,12.8366378460484,24.9496808698591,16.7649112425884,21.8062461025194,7.38810398527733,27.7900923257953,14.86294210418,20.630332117518,26.7178050450383,21.7995010207829,20.9489404970112,35.1723988356645,21.7858209568501,44.4176011606832,30.486510332668,36.2218332859015,29.2509111808963,35.6325130579461,30.0674570048136,27.8934534721389,38.9004795976126,32.0546277437445,25.2995680984935,28.8016415622207,29.4797402078473,27.8676331343385,36.5117935573393,42.8322245142229,52.6485970363385,28.8518448897436,48.3207062821647,33.4264557734873,45.3098797219249,28.9869799238242,34.263045166908,48.5758887561272,60.1857860358894,21.8903606600279,36.011817218996,32.7131111313021,44.3431202584042,57.2256350862143,35.1116794533945,52.0391547618632,45.2814607366931,39.7279652923397,41.7933039861681,51.7561067069284,40.0502192567899,36.1001606792688,31.2898249239404,45.6979084719022,45.0791950040144,26.8482322083536,36.9322550600088,35.510762238205,39.2678177064192,44.7586387490394,72.2616275828502,44.5797982888335,40.5074663880128,53.4116765669344,33.6751871211093,57.6784775722404,53.3806518693926,48.5348690910662,42.4315748660996,41.1230847316704,45.5914547465683,44.369594950292,40.7654322509131,36.1674347257433,49.4609204025256,51.2377025237117,43.1086958714251,51.726989881728,39.6292923223209,36.4953425108235,52.7021653944717,36.8330744785925,36.6598198234573,58.2210522732899,60.5760671909622,41.8742912802414,43.0355624952649,53.6901164382628,48.6495673902736,39.3356875030515,48.017732755264,61.0561823583875,60.7861815933807,45.6133420428221,46.3717666423179,48.4246535463612,39.7976063988068,65.0486152520428,64.5934418460818,33.1961887086898,60.1612716649824,45.1632388727245,44.1754707035481,37.7033930011289,70.8219487884921,44.6131055132902,57.6269766947414,53.46818917915,50.707053250388,60.1203299717819,51.9701673852803,70.5719952258916,67.9162551382299,38.606597024574,54.7857643198505,56.4257093689173,72.6960043865828,51.7223558193121,79.4997755517985,53.6363316047564,62.039626850027,81.766778354094,70.2680903350118,50.4492429900242,65.6946819949372,70.5047201048466,56.9048208549998,65.6755944325038,45.8586879927443,63.6135375548955,52.5974525623033,52.332225230346,33.0813300111765,52.0227783390158,69.0311332359444,59.2327970428708,64.3714251584235,53.6407660868201,57.5202967529488,75.4484147450248,56.0682067530749,72.998340119184,35.7287298303684,44.5340931977114,46.8868820475825,43.0844309212102,60.438478184425,57.4895058944978,61.9488499096453,61.1131721373323,65.7823024221517,71.304651306106,43.7377372865855,29.0012238669597,61.2600660133312,69.3350969576225,48.3955662512932,51.038555752392,73.8974545246199,62.1485200233593,55.2474840014999,44.9516314399502,65.4146583482746,56.2885027512222,54.4506931974075,46.8603795287604,55.1303921807185,59.1819975308441,61.2878519650389,53.8450048642902,51.862372219071,56.2320835054642,65.7802936175105,58.9169079995063,45.7033165379709,74.5869474482945,52.6917527375858,55.5588393093664,54.0613624084888,61.3742840482341,65.9026785518606,56.2917741929227,58.5334225544665,61.4666961969119,46.1206427064187,67.1418973190058,87.836051414209,39.3901107291509,50.1065628027573,39.686840657449,71.7723161147834,64.1056713170911,59.295523907675,88.0163365022162,61.2544128026419,41.7813198189461,68.691035815754,66.7099233163264,49.4385518916472,54.3592845418778,60.8527384161616,54.8084841424216,70.7963945076419,42.5578557417829,52.4220304496669,71.9859737500117,58.8245203498861,54.2266064070183,39.9063497830983,68.3604750796814,43.6670829535256,51.1427372049616,41.262515855071,82.421340282526,68.8478873486852,75.2764815774192,78.9688976020318,43.7774244673699,72.7923659490788,91.6935848852187,46.8866840243995,47.924688050364,52.8427604011579,70.1041466260494,41.7492206297178,28.6244995779778,43.5687158065229,43.0159576168969,29.8037065429389,67.3507661857255,69.7036199571471,65.1454687842184,73.1708785508257,62.5864504074495,41.2730543209157,51.2837519893239,55.7504922219026,40.2616356987712,64.5258964039254,61.3457610015325,46.5167193708444,81.4662317489559,49.1133029514249,52.7090640401534,59.6720099906829,68.6567530760915,73.0980566160246,63.0098950118487,68.1698095295016,56.0611111469187,71.9657340389415,49.0574650243398,74.5318009788168,68.5869224281657,68.2391101529387,39.7300652232371,69.8047091970185,46.2658526507165,57.8200676673404,49.7704325336377,60.9202835450185,44.5128641262868,48.262756080925,63.379592755463,53.2389699288808,47.2828970098963,72.6703319078277,45.9680622024288,67.5919382843576,62.858087050612,76.8434290452292,74.9718811385355,52.125623669899,37.3396546044027,41.817365313845,60.9991801248288,74.2135165466568,52.5116545577724,68.0461629697952,45.3316680698366,60.5337652049619,48.8876113606367,46.3039601265201,58.9963872915392,64.7341857748661,43.7141252978473,63.7432066634434,56.3588354734817,48.5093357769317,52.5796421580814,34.7084109810962,36.2521359938778,65.19026181856,34.9016946240872,32.5061952322351,68.1343119756856,59.7875229671186,54.5206826134976,61.1399716860285,43.626573361355,46.7413113018175,50.6093240285963,51.8118974229942,51.3027542657675,55.0417648638326,43.1868248408149,48.2728012249227,53.9150075301821,49.3682919675826,46.8031038994256,44.2406805876776,25.217639623028,42.7643389451758,63.5447238751467,36.588275130898,44.4184882154107,47.3278546288349,34.2358947343557,30.0046737775353,30.6034750048334,42.3342588863133,28.1109913988408,50.6679292889856,50.1867345301445,29.3013001533584,27.6312856000553,39.0766833533161,30.6878886987183,39.3064397788536,32.2981552357767,19.9301580191767,33.7230663981113,40.5443897021253,34.3468064095949,33.0306234842087,28.7960890533857,32.0807834219243,29.2810497549027,32.3548142359236,29.550081220318,23.4512330184542,17.2707710256565,27.0127052536502,20.267232322869,23.5232430647913,27.3530339678705,10.5226481314624,17.3464691187321,19.9169432672219,23.8784811368319,36.8698833342478,16.0012928269619,16.1110656205149,24.9901576328943,26.3847003441723,11.2131974994565,11.6941581253241,13.1832579588971,16.54215495064,20.6052252632685,15.9913463472011,12.5497119076666,16.3699479150088,23.1411821200261,15.2876931313333,9.89618624237281,13.2513807064458,11.852564282647,11.9427539057605,4.61603254041642,5.7480805641792,8.5009792800103,NA,NA,NA,NA,NA,NA
7.19130601435056,6.47825535320836,10.3641147106713,8.63273685720239,5.83999146365858,16.3297885255369,4.85238844906559,14.2578718686066,15.7106800224018,6.96729706384122,24.7353807095203,8.01484923912963,23.902824269753,28.1749037559145,20.7400625869765,14.7742267836794,26.0383818553671,36.024580939533,25.4827323792074,14.9685842017435,23.5104781360746,21.2350172289011,28.8061150003478,36.4481121322597,43.1133323119332,16.284825170886,36.7636160374867,32.9884669208967,24.7314108000786,42.7460735029025,21.0954884203162,31.1287234832654,29.8588949615231,39.3578938784472,34.0279831295978,32.2875698073285,39.1553714790266,41.0640452156396,25.8455882150983,24.934959884878,44.454861588456,45.2056619533304,47.2135918508085,32.9708596565436,35.0005771786244,38.4019051319703,37.8005019682832,53.3724634644206,25.1309954960977,30.3885730692225,35.0455730406155,29.74303620303,48.6349365651445,41.0600780951941,33.1568899216312,43.5962109072227,51.6565820457071,43.020321037511,46.5490935466589,46.3737283877561,44.4631488981716,42.0180540630569,50.9987741742169,47.465719526642,52.4621530202317,42.5994704811203,34.2255029846789,50.5322969432788,34.2147054640498,39.292998739379,61.4356580989739,38.6585561156705,60.168812809053,37.2271920484925,33.8866693245214,49.1437013233653,59.038137212494,69.4807554941914,49.3188656154644,51.6110490630665,40.2148469597447,34.0001790115789,42.8696515825458,60.223837040706,43.1412004973995,52.9732648974548,43.0601247024968,47.3639677462541,65.7537987031879,42.1245860969146,32.2553673038981,51.7193242886186,61.4812153846485,41.6188327580707,45.6024374830128,64.7236525689512,24.2164623497746,35.9195206455178,56.8640333232178,45.1779573232164,42.0042625363132,61.9508195225455,45.0625619925637,42.4026982092786,38.7316809326704,43.2510774012277,62.3390254931243,53.2354070313791,47.0244723683664,57.8884579184066,37.9108438249531,40.9801655479791,58.5556456480967,57.0808969265673,75.9629788392621,51.5156875168168,34.2147683966262,50.9476290810736,40.6067443784066,53.7142054361404,42.4179513163416,65.5503524921799,35.6923384617213,57.6135512032986,34.8286242348656,53.9715314624063,53.4056982625037,55.9239338683195,59.9428889720732,49.2717347974317,51.5434370316638,63.9284081210186,49.2871961416009,45.1501519965114,42.674214640099,58.1824950737657,45.2785316566896,44.8852784517991,44.2728637107599,43.0412551689415,52.9723322426075,38.1895289553479,46.4636414008452,42.1519889380409,50.2176639391829,48.4239943673364,41.5488199477974,48.2333068262531,56.7526317599834,45.6313772525387,35.6222660617702,37.562813701461,43.7242779510391,37.6688565673776,56.0793277597072,57.8654118207293,58.8417203503498,66.9500956047519,40.2983644750179,59.1105842942387,68.8813988939226,70.7347436085486,59.6213463055553,51.185102735032,50.6711645177955,39.2808141946146,62.9107646866573,73.5678560453523,28.2720665978242,76.6491862222104,58.332170799056,60.8807296032427,60.2595861333864,70.9874362005477,74.5208001140264,63.3264153420181,55.890279675896,57.1572132734041,62.2643843538521,51.4566900020401,50.1622941353082,51.4578649235075,56.4958766670722,54.7291035835662,45.9782258547489,54.3769018865706,41.8812729970721,53.4844706808584,55.3434026109799,62.0293800977475,34.0716554271429,63.3449593149911,56.3149493369396,43.1856824263875,48.6458028222792,32.0189002540021,58.5994467429959,71.7110300215521,49.1874074541648,57.8722314175831,55.1463828003195,63.0134611108843,44.2278227368042,45.1830091969272,53.7856191483706,58.296223082682,60.5947543186496,32.853989564199,61.1131288647293,59.7658701659454,68.0513220253828,66.2707772379421,58.0798660291691,38.0855247579103,62.0549100121781,56.1278371179177,68.8146762583017,55.3893549616466,71.4140770826348,53.2700001726026,65.7009606165941,67.6645787368867,45.0113618668765,63.0833874511789,63.9045499808438,70.4143590707409,52.9224519285588,86.7497239393477,48.5571761268045,61.4282111119081,76.3506697991899,72.3097919554075,44.5386224789582,67.7570817385932,55.4157775636937,56.2129794855288,70.5178640951484,69.8338412173008,39.3506792300224,64.0551483215392,44.8457640488498,43.1517942767573,55.3387168076723,37.8497610450023,62.0178070285991,69.0788894497484,63.4183654375705,51.2571766367769,49.6233779565241,47.0024629435574,49.4685571809792,73.2773663416768,48.4793808681594,48.4033344431251,44.4781669832534,41.5576961993596,63.1918350835953,69.5259847041323,83.2361028086266,61.7834278828817,42.6990480923335,75.6645745385854,75.2826979189963,45.4894739197448,55.8336309488008,77.1617805991569,55.1850577162166,60.3124959886244,42.8133859987895,55.9173451712989,38.5798475039317,76.7125545105091,61.1058271413561,54.0997444076119,55.2648563046616,54.372812412382,51.1277581594753,60.6348562091423,50.8743733438817,46.6763718980276,95.4482770011286,64.1830522071968,67.9660465026403,61.8727501341645,54.8859944653399,63.690489640008,48.1588912043131,56.0232268805847,58.0236522446611,50.2326545630911,65.5009189353062,55.8047945286393,47.5124345493232,36.8536213622009,64.733453049907,48.2613859672254,64.7606939268879,45.8290878098035,66.9172863176383,71.858037053871,63.6609852953194,59.4382384658428,50.1299123760829,61.7770790037369,58.6939086892112,62.0102703378265,40.4232697177784,38.4053410776215,43.5224518886686,62.1323281738599,59.8493051932547,69.4000241929114,55.1376187079917,64.720521134238,62.2334269696852,44.9956002514971,47.5877662868022,48.1424625837795,43.4781746465749,53.8674264522345,41.5888883732548,37.6935524935849,32.5914483103595,45.3266914020022,53.3976670034402,45.082223796043,36.0180294678453,31.0398238198385,33.9047346656305,57.0071263627964,44.571755030133,29.7163175483839,39.6893800248543,40.4918127248931,38.4466552832899,45.863656446502,43.5383302706153,41.4780791306045,43.3382193408904,39.5054012319246,33.5326251406673,31.3189507230411,33.5822965082044,29.9536847733642,38.6283904822069,43.4808017619206,49.0988551151562,35.1610066663569,38.9058739644402,38.5329336627962,30.6965962279425,15.7927229230041,24.5108174276216,22.9989862479304,45.3340135720564,29.6883144457215,33.9723633518841,19.6544890579355,28.2209317730644,35.4890057332648,19.8357762314943,22.7077829627882,24.8714922439505,28.2657013879333,27.5209584582312,26.5670254545953,14.7536132423054,20.1220202646277,36.4910016377946,26.0343559373743,10.3675190920725,16.5232998249992,16.1154221144557,6.26945307640269,17.8073848689043,12.1580380969239,17.9994911368302,15.7520163551902,9.03502605249825,19.3986164955063,16.7046412035413,14.4240796219869,10.0322506799788,13.9541553096333,13.9933608254017,14.5289549387997,8.34154012736306,NA,NA,NA,NA,NA,NA
4.7121254357554,5.41109650644232,9.25059390470946,9.21852064597268,12.8281211463485,9.95724745641214,9.23820558486195,8.47264813633113,10.203427167168,12.0549630489857,21.184818384354,16.7974367072804,33.0054056703172,19.8006002787979,16.7869074357465,25.5578380564154,9.87852534427,26.2441745458138,23.5921399389333,36.6826497129479,16.3636941717528,26.5360120702238,25.9700582843144,26.2007233860488,38.9002288924976,10.9558937700807,18.453673031053,20.6810828965611,19.2039728462668,23.5075380818226,13.8450222572133,42.0794696405362,40.3842883458309,20.7764877128854,32.6695943571267,17.4300489721154,31.4537736453425,36.5707101249664,26.6468575622595,16.1650639398121,39.0168149042357,42.8037007705975,34.1642401572943,24.1044488734158,27.8001703021368,29.3301999803893,34.8115581754144,22.4713901925305,33.4958245155322,43.1205601252125,20.9380783890447,43.4460977791767,46.0128749355812,45.007140400968,43.9059898804609,34.1910890921537,41.9676946866594,39.6887152642183,35.957542898042,29.7191637336565,41.9519210841457,32.4545373291396,33.3051128173217,41.746829470437,38.1238211046534,31.7061359256835,39.6745243771832,26.0878541349594,43.8216813950757,34.2274648909147,44.4095532896061,36.4097881858688,55.4537174539848,54.090653160726,47.1363961385961,49.9923592440437,38.9623618357767,31.0406119262356,40.1725785092833,39.5733666530919,34.6563398308497,37.3838846521109,32.0828912799016,51.8784225441275,38.6932925130924,36.7029740414654,50.2495624310259,33.2205089440311,59.2019698615601,39.6905696006054,47.2521826205186,34.7066528841045,49.9039825813506,25.4166051531235,66.5813664465751,32.8548997634799,37.7032233983297,33.7765365479452,43.1072824730022,53.6869246453919,58.1821547736169,43.896871432817,40.7791149105349,40.9428864780089,54.6664152446024,45.7621606118258,64.2113766780456,54.8838958071083,41.1239061329622,62.8595415415191,34.4986059894218,26.3460191315557,48.4542576518407,49.7196408862181,30.033008438954,59.4755325343563,42.0680501629341,40.1122068183205,46.736997221768,70.1992835218875,26.3370585150265,40.0651417056033,52.5571027009799,30.7886916771467,58.9635210493451,32.2384355077794,69.9197195885782,54.9234728373382,63.3394774039636,50.0615062777789,59.7526556704643,47.1550363039507,37.7674697893483,60.0923431654586,34.3592943042777,29.2935737287214,51.4447139569532,58.6097411402648,42.1917215585417,54.9762013043943,41.613181068802,33.3119526457845,41.9993494065559,68.4315606589386,51.900070556043,58.850643560293,75.3990679847494,35.8017431879975,50.2780863670011,37.3299135524266,45.0679801715867,48.3056508133012,48.1960584877222,53.8171725960249,65.4640083015701,52.9086811163194,67.6067666509019,60.1369095134186,34.0082974102138,50.2454711180586,58.7173793687304,61.4600018791569,42.8745435850224,51.2493834944381,46.2429783380337,37.6110245627888,30.0870223091932,47.7285134544821,42.9390804257794,50.2761064693,45.2936682214009,66.5680420557657,54.1649001503408,57.9603651699335,62.3309185476219,45.1864130891389,65.8361156740403,20.7508030562438,45.0113093544495,53.6984179136663,55.8806648387811,56.4259085712265,58.6626171312951,56.2683070896907,62.4669529275915,54.0898912170765,46.2581272284154,47.0988169761941,32.1812276810229,63.8729292050728,38.5799542676915,56.5104379051657,46.275820258597,47.6182115269498,49.1529973205376,55.7765608251265,49.3868162392046,60.2896225912879,36.4127696757642,48.3381781837192,61.8128886613795,65.2752522039793,45.5247751464508,46.1921979474347,54.8797487596,54.4243853569034,65.8020170535193,29.8236645727801,57.2579431216983,59.2207442166407,45.4286591642565,46.3733295897183,60.3732496815494,63.9937954412177,69.4672514111187,56.9067166448859,48.6025293117785,76.0501563711527,63.0406528520851,70.9404635156708,51.7383509755489,41.6635521718126,43.5592151169273,67.0800895758832,68.6326534955258,53.2950495798011,52.0171354144128,50.9462320788114,58.8532577141492,43.1099978309341,65.3920610958467,48.7619187465124,33.4082838970463,58.3678296001978,85.3471383088358,71.6812450850617,47.1329301084388,51.8340941432461,54.292369395059,54.5220103901876,46.7262485106844,55.8158433506282,48.4375033549614,51.5222656928902,54.5975731511675,69.1928747176365,55.3291288855507,48.4070426236359,59.4408482036216,50.3714063487192,63.682004247577,60.1212242376639,57.3958423024923,44.2564072221915,47.4833748045321,46.2567967146998,73.7444363366943,69.3821665722209,61.7251862449905,45.6666879206055,49.6869691405089,37.0323874728091,51.2144219088363,31.0191483224638,50.4320161859588,44.6803863631766,45.9455164463456,50.6805374881863,61.2170333414989,52.3038998257218,44.7729652459841,52.2122593582205,58.7971503003391,35.5796776907514,43.9461456411552,43.3738375067928,39.3403629274966,48.4217329359389,55.32514378819,51.5822819802285,37.7118795056574,57.9971640436086,60.4783467207233,54.8242516521824,37.5413309263652,52.8189803624848,48.2448038933735,38.9310111671091,40.2008358160674,46.5487077259576,37.6526254186631,48.2446520576103,58.2445498949693,46.1960473782982,53.7691322244964,42.0140049066028,34.8817840506771,46.0426439220952,45.4546622016169,54.5848453862951,38.5240966278244,40.872114648427,39.7521610857647,47.7901417233516,38.7180287671642,36.0170939189555,38.5549277836735,50.5846560684936,37.1173896823928,52.6793677616879,59.6031981727973,28.3060636618848,33.5827694193695,48.3642728303773,48.9671982861648,46.4943767292274,55.946733231182,46.5649097648171,47.9337108981009,49.364253657099,41.5660584143289,48.2256184691872,33.2539498201919,53.6158934154589,59.3719243951384,37.9374755306513,35.2364008013987,33.0110091705966,27.2048458351756,36.5378980155172,40.4085871783219,47.9907772548393,44.2347673171084,52.1635277287392,46.3700082945402,33.1752658389235,37.9422007606395,27.4063823212312,51.7835053013452,45.1459684734172,29.5889740898194,22.0412255985163,26.6456196378989,30.5379519885608,31.1709739021645,45.4238657363465,32.4628868450461,34.9444065570963,26.1084842008486,34.6885528777864,36.423633846282,27.3798174474272,29.9984323197374,16.1851577043303,37.9005788596351,25.8294684370576,9.34929241532493,20.0592346622211,32.5936598941736,21.7951630156828,15.1666928452013,21.6462039300542,26.8283509589276,19.6981919988523,19.3152888035759,12.6473885241192,23.8317842773423,17.6410813934721,20.1790015074089,11.8139768490362,7.45205024089714,11.781854595403,22.0429666709346,13.9354603558481,16.2987951670136,19.6947381673883,7.53552952225577,11.1493508460529,16.1599993467992,13.5862322153166,12.660518909572,11.4592515844355,12.153756334654,5.36655468910244,6.7154090692776,4.80714408018858,4.87721695082837,NA,NA,NA,NA,NA,NA
2.84793323256969,1.90199054016231,4.00380542665967,3.2387092217832,4.77871377977494,5.46286033332279,10.1762043362381,12.8422223728641,6.10061996014555,14.2768979100624,24.6468838864097,6.10453999879499,26.4305273761959,11.9699217164234,10.1731906067034,13.6219763025836,10.2362099561847,13.4482058088462,20.1975322226224,6.58693616772945,18.6501328837635,8.95869782745557,13.5917500540204,28.8864782838288,23.8100472555965,29.0013295201075,20.662485262049,16.0699269102879,58.4788233031161,16.1499976141893,27.6822912059072,22.2993709675661,25.0660894894845,31.8488262325007,32.4896121655694,24.4330109951261,19.7417416258193,22.3633309166001,14.6499538534201,20.1217739119602,40.2405403097912,30.7968004716806,33.3136382807638,23.3180577558986,17.8099385402118,32.8016483157896,28.4618121473259,28.1977205138786,20.2490402095203,35.4962339614275,31.2155999363043,34.1916527798181,24.7845090333476,28.5264452197904,35.5639732546803,30.6098000195154,33.9495713109835,36.7469481620866,38.6265357610188,37.9667744301683,29.8138847525612,32.5361322654818,32.5564230457251,32.4327907741469,26.5989200333051,36.0073558788539,26.3807363133369,35.4895078334635,40.7545397259725,38.3402460529505,41.7324269361673,49.0233509220711,35.5098897720419,29.1741409113193,34.2981419509728,37.2782125021155,51.0455689013502,35.2782534959086,41.4022012992459,34.5085261796411,41.1694331785902,32.2192349984119,42.3778857159803,41.4705003571203,26.1099435564086,42.8917297842872,33.9368764192025,34.888342820634,39.9143908335067,20.1636599775976,38.7656493122234,30.2888132922036,34.1400311282586,20.0016129008338,46.2867687365846,43.6852343467472,32.458874481367,34.3509228238006,29.7177330204986,35.3452480381045,49.6138015870324,31.4503533826966,42.517268457229,36.1980009766856,33.824928952189,42.463954475114,35.7768516297286,52.7567635683235,30.6892431630496,43.6742851792391,23.0775635506976,48.87265878415,41.6852739818004,23.7773012394581,53.8880323815719,61.6869085659951,40.5534503618089,56.7018458922417,55.4074384964584,44.1477764676739,40.8673471932699,33.5616668922346,60.9605298959882,41.1517490261233,33.4101680407023,46.4704162552642,54.3795778497776,46.4107673091077,44.2679572041074,45.8796331105311,54.8079903334867,42.2334846359294,62.3334193812696,54.218107124934,45.7221024532402,54.5093771862756,41.9905419513006,42.7079257720932,48.3412094649908,35.5186288329947,49.0735017935313,29.0851893061876,57.4736167990314,49.3429270964993,60.9085474618183,39.5235153960838,53.6157421571505,40.129139518447,52.6139864289309,57.5387858014345,45.5293499501438,59.3380424898318,59.5375281269011,74.1138583124644,65.6073790881211,39.1629222148711,45.207196999512,33.2313470665912,57.365162913828,63.2573813089449,55.0519829750624,47.9878072832627,47.4545363535307,50.1803209442542,46.7123169377439,35.3219017317743,56.4151227626663,46.8674396219362,33.6440195425704,38.3994868981816,61.5512234568872,57.6501957495853,57.2767387906702,79.3273423258025,58.7154739126954,43.4792353987489,45.4426178753008,53.7556999372787,54.8571235466491,50.0964224721092,45.5123609754689,60.3705345661413,44.8230258307814,47.8456662341072,54.6999027327275,60.0995220366806,58.6420231300205,43.5147231029661,54.6103024610798,39.1604170421414,42.2522928797036,48.1307477895891,43.1693306068409,34.3459381655884,34.9831894802583,33.2469372155127,69.9230691712636,55.7410775837777,74.2606995097434,45.0077532619027,43.4911050924387,49.9039545510028,45.8839314221813,54.010506608916,41.7413451524342,53.0461083992407,51.230477186044,43.6079232444264,42.5758509708438,57.4732820799643,41.44990161999,46.8710811299299,54.3392627493358,63.5801492873657,61.0272976689182,18.0284933927649,69.4673249437658,48.5635673102105,55.5300884357651,43.5925940964099,56.4712131832851,61.7557995211686,56.2902596836941,45.2387495064363,47.0314916019927,37.594342226529,62.2854746891332,42.8653696851996,45.142981959902,49.117575905461,74.4277977935255,76.4469634144529,61.0080386276544,35.7723752088072,32.926064357341,43.0755265587295,42.2742956228295,52.962003700388,59.6368218379408,53.8719789421327,71.5516081196885,40.2820044840372,57.1267242916999,75.305734321338,58.3965922492443,65.0910102196821,58.6869420166806,50.3112473388667,57.5736493597873,56.6381078700484,52.752783652164,59.0572777692522,53.4127019879311,47.2116456760332,51.5102544219321,70.1811368593273,57.601953052991,69.5793973442184,58.8707781598567,37.97305541795,62.9489210438539,57.4558838158107,67.0352187596862,54.5266979060519,54.4010686974067,55.8981966918114,58.8994961315207,56.0318957072047,67.0623879313827,49.2345246036487,52.6907768849585,38.863934434528,44.4614378515727,41.2218079494433,41.8366704772287,80.5200937712694,44.6750691497132,56.4637266809843,37.577492440805,48.8300878588503,61.2325526765878,51.1768921786405,57.1635690688014,36.9939629338515,58.4675058408497,67.3762016525508,64.8797253814969,55.8035626451442,37.0046759764912,44.6542583263415,36.5540966190812,56.2472378401107,48.335094738084,54.3229321013352,51.9610173686679,56.9867836090752,55.0619232002254,49.4064878542446,52.1744236963125,57.9267664900917,45.8332148219091,49.8445507477541,38.6442466288522,48.6702728440198,50.0919818676429,38.9846229708953,36.5678541189956,40.7037032689649,33.2803865684978,40.4025845809258,64.6864087581318,44.1104294430441,45.9785703293242,40.172286636786,38.4368568250873,44.6304660099396,60.9802862654733,48.3370956980482,38.9166535808646,48.3664072617375,32.6506052058409,48.6421120120632,68.8661869159314,35.1453909602598,38.8077796446948,46.3652389950837,37.3360764702063,51.7318021670999,60.4968279691749,49.2613520473777,38.0673838600968,38.727429941947,58.846130090324,27.5229067608265,43.4185023750346,54.400634820649,45.1757629264064,45.0900507937033,27.0772328401624,43.2672169882409,19.3251449153928,44.8311779479431,47.8714679782352,31.1666642083238,30.7132445349123,35.4024939784508,24.3293117357561,24.2284162422644,11.4434937085778,21.269876773819,27.7319735870778,23.0793753051641,28.4624318392261,16.2348633449377,28.7199791251589,33.3590929106059,16.8900766856742,34.9542579034982,18.8347766778077,24.3406326700711,27.6752911971033,14.4063706038833,12.0939464094846,8.90455271482872,24.780725356371,23.2933987026177,21.2560520804683,12.1297770032811,16.8456081708308,5.51208432109176,16.5930899161393,12.1590692207287,21.4173452603102,9.42084846796469,21.0966134719831,10.5834733036694,13.1789857062774,12.561360481519,11.5656989450132,3.41890551139667,7.40158393509225,16.8589270835873,17.1109128372028,12.0364234603844,5.77644439490236,5.24599990227388,6.00257988770004,NA,NA,NA,NA,NA,NA
8.31856538965752,4.92960149047097,7.06635075333087,6.80312403527355,8.10364221601476,7.93800984525689,10.1398590273895,8.40147979760747,15.0912659084201,17.9812013033316,14.3477319912438,14.1093949245677,15.4557253890265,13.8302914210077,19.7229404596623,22.1650307722006,18.440005602692,19.706720011466,17.3432121176374,21.8792392677952,17.5917684961949,24.7161299549966,18.5849460498794,18.1092313947051,21.8933136954156,18.6173609808775,27.8357447166642,19.2688629574767,20.8127351250115,30.2136188622113,18.2246227888781,20.2972811887689,33.2796768791048,15.8755598392728,42.9952274392655,30.3740651940351,50.0662770228829,25.4667042042667,25.4083951326857,25.9137304581049,42.7556574987695,23.1600582753322,62.0101595954139,43.9388502526811,47.921963655341,57.44292852952,46.6127242972556,33.5479993428271,34.4207933383522,41.3283664216605,46.6682349533357,40.3148907118771,30.6885317406469,41.7080906293333,25.9098083899744,39.0356107813207,25.9907265931473,48.952473038859,49.3344876832683,42.0181766994511,32.7098943919364,18.2834974350284,51.3305660850695,28.2537486159919,40.7138838295641,42.2288313172214,43.0307711380434,48.1824840810872,41.8718255689337,25.4764214226679,34.6310986996533,29.0368874134211,38.1938381373772,36.4982377725688,49.3462901739001,40.8125252857343,62.9878537887689,55.7369929053053,36.4332028539799,33.261183113745,51.1913159382699,39.7557425485367,38.4245153626625,36.2386062126752,40.4573157655225,34.252309663518,19.2585193798855,40.1680036811833,44.0346481317384,35.6429121561163,35.9450154495272,48.4809987994546,16.1812553094101,52.9927663136543,36.3933704211851,40.1762380865566,51.8071025879952,48.2827310368201,46.3486327861097,44.9195602776097,33.6857379397823,32.5190245256789,49.18596571326,52.2499482425148,50.7347261436251,45.7461377768148,71.7361541648315,43.3411503045244,32.1914851072464,36.0312354197392,40.1589905896237,43.3353939290479,30.6160107258689,27.7697262939373,25.9869398818651,33.8978633923546,55.770232124208,52.5458185592566,51.1235440273897,76.2847711465827,33.5303726037959,51.6528809795181,42.3207066622314,43.4037943225614,48.8704552315437,63.7946083534748,48.2074475877822,39.5019878635796,35.1439610842927,33.076837203636,64.2859947283157,41.7822667116445,38.7297006417896,43.3986975515565,39.0901042673344,24.0216868764829,39.7491122640609,31.7484697629381,34.223184511941,31.7290848347118,36.7987154628278,42.5040658004667,37.6022546607329,46.8729299087686,39.3478753276425,45.1093584561974,49.8002899804078,39.354439118865,68.5465793176983,41.4676835206201,32.7614781738084,41.2203253415037,63.7915913735181,49.1436062896885,53.8038249189063,45.9608627457031,51.9917364095335,75.8603015094448,36.66452025331,66.3227606246213,32.7693759451012,55.2113460472748,52.9774219532551,39.4438158966256,62.1660980403753,37.5527604766275,69.209166801543,38.5795999925616,35.0440202310693,59.7192379818761,37.0902809848473,31.4605254249149,48.353910064083,66.7605890548641,62.0414507719267,55.1438590328317,36.6992637478185,60.8566408725986,53.5869833304977,47.758707528251,29.221364574524,43.5707297178519,45.6112796498005,51.6700351432965,59.0245817067453,45.4736780226296,49.2722966229508,53.5591678906545,39.4651853332683,56.2292434093699,47.1362141677368,53.6801337003758,60.0073054398776,59.3687461721464,51.872951733475,44.962117536641,50.2217696795106,42.5690352260134,47.3713360108692,43.288288420259,44.396868935772,40.1588360756178,46.1267844273355,50.2648878024224,47.7420666462222,47.438489498517,51.2110051189792,39.0050666506829,54.0030676642531,49.4786100042357,48.7213904114465,48.9020576733257,30.9665272669359,52.3218594325848,50.2123273699397,47.6054473033368,55.4353248378749,59.114426136246,52.5393263402591,59.5972910224245,44.93969209729,35.422853592635,53.4016122583565,51.0613063141262,57.7711793030217,71.0888483185808,44.7270613037349,46.6494627553357,49.2590620887481,44.244060074758,33.1800160246517,52.7016543023853,57.8063826482848,49.9675266546444,21.9606539475773,47.5362400617938,55.7361829388812,52.2233878536359,41.6106985361218,57.3340408362756,59.2060499055729,39.9560864863602,37.2238687694217,58.3646538265721,40.4713634020085,55.7938032393514,48.6846186065109,58.9934655281135,62.035240951845,38.558402145158,59.9165825437419,64.2279385182225,41.239533686536,73.9414427893105,69.4356701482026,62.1097363172334,53.4699035993804,49.9760849468669,56.6509293920672,59.9288276673402,64.9039805789244,57.438578407063,77.9728370907176,55.5473900298007,54.3422779287632,42.8282360341792,47.3357112134838,35.0218055039615,57.7306149171149,66.7150415328473,79.061135471509,54.2230828989415,61.2496483156264,47.5744686956751,44.8772327110468,44.4390826659928,61.7090089307996,56.164382778117,46.2235165418221,55.4976529973951,48.2770148239633,39.3019356624401,62.6806548041319,54.1142780632168,63.1118194358368,49.1816534245426,39.3541508902309,38.7773202230415,48.7313146814082,45.9360235625058,43.3600145848411,48.7382319820263,53.4106311688717,48.9184188238404,57.0256343241628,26.1429496031175,42.5869459460974,52.9498242876663,56.4630752767494,48.0790451447229,66.3968063993898,34.9983944162633,49.7059921442165,55.3038042006773,44.5042759748587,54.6225769000481,34.4507589052848,53.1928560594581,36.1041432740411,61.2683089074943,50.9450764795984,38.3995746713892,45.0427091826489,34.1199365080816,46.0747057179511,42.5419419714691,41.2781620616546,58.6294933474521,49.4734672948156,53.3395233637377,38.6703382811295,41.2354906872783,48.5688333154516,40.6322099757533,54.9081541029419,35.0286777768984,41.8505218696122,50.7154216852502,39.0173325822182,36.4794317438636,50.5479759748396,43.1862270622797,23.8647001486261,45.6429698927275,53.9478245627085,34.3548336886249,35.6397351039352,38.5393018373545,29.9355962856093,37.4880592797085,26.7455158280225,33.7092916049814,30.9435723389703,30.409314182079,36.8899859024346,28.1534373210399,27.7970575192909,28.876941494047,38.0266456212501,26.0694282656716,41.0037654260481,21.9552928409637,28.3305234740235,23.8123627230295,30.9146570541141,43.4515380162892,43.5181222413978,28.1718699871349,15.4360662077203,22.2018478501663,25.471119769189,17.042582666416,27.8001260912941,21.3048783770273,23.963577148923,22.6133006012688,15.702105625323,22.3467976959168,16.7849328272024,24.5349479906152,13.3781144853813,15.1326634756235,10.8089604777199,11.6881370335418,20.4385478882054,22.1123475582665,8.55193708313618,9.58535214850285,14.5102106759633,15.9056407043353,6.30564596932575,10.8415380970043,13.3868065927747,5.36980903884837,14.225514515515,12.6654245965385,7.62348703084515,NA,NA,NA,NA,NA,NA
