"V1","V2","V3","V4","V5","V6","V7","V8","V9","V10","V11","V12","V13","V14","V15","V16","V17","V18","V19","V20","V21","V22","V23","V24","V25","V26","V27","V28","V29","V30","V31","V32","V33","V34","V35","V36","V37","V38","V39","V40","V41","V42","V43","V44","V45","V46","V47","V48","V49","V50","V51","V52","V53","V54","V55","V56","V57","V58","V59","V60","V61","V62","V63","V64","V65","V66","V67","V68","V69","V70","V71","V72","V73","V74","V75","V76","V77","V78","V79","V80","V81","V82","V83","V84","V85","V86","V87","V88","V89","V90","V91","V92","V93","V94","V95","V96","V97","V98","V99","V100","V101","V102","V103","V104","V105","V106","V107","V108","V109","V110","V111","V112","V113","V114","V115","V116","V117","V118","V119","V120","V121","V122","V123","V124","V125","V126","V127","V128","V129","V130","V131","V132","V133","V134","V135","V136","V137","V138","V139","V140","V141","V142","V143","V144","V145","V146","V147","V148","V149","V150","V151","V152","V153","V154","V155","V156"
0.980424028180303,1.17314873032965,1.21958719371724,1.14414937295204,1.24715651994916,0.984668562525339,1.12718799331227,1.13471483369619,1.03851153566818,0.960241664198072,1.22120248974337,0.933425513549952,1.02010572144619,1.32751062082951,1.80794243217823,1.37778050227931,1.56825109735342,1.51025138522019,1.62408062550972,1.47855634386612,1.50364616308916,1.18290794313342,1.17265498408261,1.11440267535758,1.10387137424743,1.17025901665849,0.874579094941618,1.03690234321831,0.657622161664823,0.710042570934354,0.960239550434317,0.773585916307347,0.681466539890673,0.612977156729331,0.756721917377021,0.790988751157855,0.661578469687873,0.72846599002798,0.681159747707825,0.799820668275899,0.868601774956737,0.800368509113955,0.881363256023238,1.20332749697921,1.03484155386564,0.914071806944467,0.855735853021797,1.1809171953438,1.03777786167084,0.910840691632296,1.06020854550954,1.05765429272288,1.01652017695718,1.06210510246667,1.00440973081044,1.1066022728969,1.22071752072096,1.29471653033016,1.16426605337291,1.17211693304219,1.18928566072179,1.16784588462837,1.28321024460616,0.895889194613924,0.869006034069855,1.08923341517547,0.836291225930597,1.03253542147656,1.01912220147772,1.18507725668006,0.851611471646893,0.952183656305943,1.23334075320516,1.06335881728205,1.24999194767549,1.36104537929011,1.67126831202418,1.7135089172405,1.20320216916422,1.22558518426458,1.28652281680977,1.21650091574872,1.22360549188648,0.985523820213344,0.877944326512448,0.798165133380541,0.632761102884074,0.453904866907656,0.368753259976438,0.639727482908834,0.625354765210339,0.358506221246124,0.475096926291735,0.651901147278705,0.679207376035337,0.40654266564901,0.351488949071165,0.400288502012518,0.469668500736953,0.745829568204891,0.845011499101991,0.986824207465909,0.875051412280463,0.774760778611932,0.994839980006296,0.919603984432594,0.899880622425224,1.05341800587033,1.21227656301528,1.14316696777757,1.12978197276435,0.974519036197074,1.11788482077753,1.11922859787879,1.06399007216093,1.15664730479954,1.41981339686828,1.05881086305758,1.27264718799036,1.10489371395119,1.00197016115348,1.15924931984242,1.06594237987568,1.13965480248756,0.9431997959314,1.06579370007908,1.13084779716332,0.922316532059743,0.965740868517181,0.904482291116054,0.884813727222599,0.93723799285417,0.718194253789602,0.80381798042739,1.02146987576464,0.924599443389952,0.906271927318388,0.892759039064887,0.85802829371796,0.789218878785828,0.995437822973957,0.753170186437968,1.07803207601756,1.40029382624605,1.12425043488805,0.996259093747324,1.41099717970623,1.58693002584997,1.21759097544565,1.48631487099257,1.0266967355378,0.429425724266651,0.496311332435296,0.443719923083433,0.45191850699754,0.504150891124525
1.20036493396104,1.09829695130787,1.06887069244656,1.14391891620623,0.975020785539955,1.05353253296646,0.980871586896754,0.926018436201287,0.824322482177175,0.748774387911197,0.670615167847386,0.564488476657842,1.00711030307602,1.17015577493473,1.6114427859989,1.57985834597034,1.35735781939015,1.46440258054357,1.65856615480991,1.62292162172246,1.15756457231356,1.18329424238868,1.45584644231178,1.25650183833684,0.790768066036475,0.935267361444114,0.699004522064717,0.601447402025525,0.625646726407571,0.786295367186319,0.880410231549622,0.675095562720158,0.916566486414803,0.820572216522982,0.751380029517373,0.754249606645563,0.719409523147443,0.624549379507849,0.808202284395539,0.68652914385963,0.757348802028508,0.779759263812306,0.729313967762718,0.828939290104336,0.859690093655425,0.794500899970828,0.693012917488116,0.829673219204173,1.21752556506566,1.01887084527033,1.14677128032658,1.25124170401075,1.49928308484424,1.39221964580542,1.01272390396852,1.16887082828831,1.26578926904976,1.01425243096533,1.01780557699995,1.07005812812721,0.920635643155775,0.856964198030149,0.734055152724213,0.682118650271313,0.652196821228699,0.879825964019536,0.756945266636288,0.811607569524048,1.00022194639485,1.12875171669035,0.92076941132831,0.881094288506435,1.04811524279254,1.12631396558803,1.14899567140546,1.20355874329219,1.39169924221663,1.37305548664198,1.32993165952818,1.35242263756706,1.30935216860416,1.11880153145961,1.24470724890894,1.27171262403038,1.14842279250185,0.949819466327553,0.501237463480288,0.487531437434983,0.59871591400247,0.848041811550006,0.910109896923904,0.895341937083991,0.93964983087094,1.00570497246184,1.11482441816909,1.08207366859781,0.924323328290242,0.995817054337746,0.91446081685741,0.75487250150929,1.00172871217372,0.929529423262539,0.837599499555825,0.704887401117488,0.848671124633738,0.815080121638244,0.749942842372018,0.767080776246842,0.7361373266996,0.954671023116493,0.886220148479259,0.754918690024408,0.966595095887654,0.984882827201195,0.818863023353619,0.993741380286383,1.35296453664822,0.998599301750462,1.09395238632888,1.10117832968073,1.24515679766184,1.0478075296527,1.05176758426158,1.24774018357368,0.980554997172576,0.651279351958065,0.993064541076473,0.863743079857617,0.753767049987297,0.925932340649691,0.751480058423536,0.81690041611896,0.813936970892978,1.08108638442206,0.928949326002591,0.850427561963604,0.95584426473428,1.00587272021923,0.933651111928713,1.00448533784371,0.904826200980151,0.842321291396996,1.29772127127024,1.62715587105658,1.33226405876379,1.39290161984633,1.60358099452456,1.95341405928927,1.56847920074417,1.93766412653786,1.44198311338559,0.693834431267331,0.656109338396278,0.666385823773556,0.823009470576258,0.639694930277179
1.93631462178984,1.42518939768069,1.37491929083234,1.35666459998047,1.04712359418017,1.11914489826224,1.29990125349553,0.908100747122139,0.834392859754559,1.00804111669342,0.884372533362181,0.7882720458932,0.69641460615856,0.736374091445051,0.776271565377542,0.775653331023259,0.696344489185325,0.704422204852682,0.708301591201036,0.72807785472301,0.696744984316974,0.581893513598728,0.645902005839896,0.601385631891507,0.608303177228702,0.74228237859146,0.604892611948098,0.488060421394448,0.539806227145392,0.73745408923447,0.523624049268286,0.471722920552949,0.756535370817238,0.591220344378577,0.457837124099199,0.547834542207486,0.700157556603348,0.702806387883935,0.604851681939776,0.93383132581705,1.08589466241343,0.957830548224691,0.966766258210873,1.32444428257671,1.51785708228605,1.63186570416667,1.15464391883628,1.31160172964036,1.62038257919509,1.32448425417601,1.25276637847171,1.18875478243001,1.70002588014753,1.64107283894084,1.37085576666909,1.17455283948641,1.62790556942295,1.62596421714095,1.2649189597773,1.44754370991307,1.17281353714185,0.93012133823607,1.11109170585198,0.822006613111561,0.670000835452642,0.769199721317883,0.591667987227041,0.521967150938697,0.656130722920199,0.703093638293519,0.73761166342695,0.948254840287027,1.01980853853922,1.40595352988621,1.4551976717025,1.37205465278903,1.49056464572552,1.84615732645388,1.84044830547412,2.01882482621251,1.88488837731198,1.68834366729749,1.67984032250535,1.79216202475219,1.55390623344022,1.24540966964911,1.11462788960097,0.946297335359339,0.653971189584163,0.799032926457082,0.764915127657131,0.770188035801134,0.629067055446984,0.837308232786938,0.837719752555884,0.831346374970484,0.646148006834748,0.665143804579243,0.596192771978711,0.743520716671887,0.760630060528073,0.779083764312916,0.604825713240803,0.794071701806318,0.916798460146384,0.58094121853648,0.604722581411502,0.80875543040319,0.716295069334552,0.665319029306549,0.70068241644107,0.715892605330379,0.670691879218554,0.650499751191903,0.689966035380258,0.834427158515246,0.896241278928386,0.834013626998365,0.950833497519657,0.892348963859697,0.975976212951234,0.867233505028093,0.775075929986665,0.877837002733083,0.771298378061248,0.71375834146236,0.815717672598671,0.787393777412167,0.853094109188323,0.924552599407994,0.947242779695864,0.999058527113223,1.33423933512668,1.30627380466161,0.96938076633019,1.17766213438086,1.42912777700917,1.35490072192045,1.2476507599856,1.28016510862909,1.49905605711357,1.08991372920659,1.18779751508761,1.42161231011173,1.23796791751414,1.1900362656933,1.50687859072416,1.88402696093038,1.44423676675364,1.66118350816017,1.28859678961578,0.573168180959996,0.522167212267691,0.55200053680493,0.640717031843894,0.531387374993336
1.30655116482193,0.947840413358807,0.917778055505432,0.953577481471791,0.407515826419081,0.8308399317002,1.18109479625466,0.931919165164624,0.50582167558475,1.16756887038848,1.43449751278575,0.907610036660334,0.887444177984262,1.27060577540662,1.31457205844004,1.23992386436134,1.30829501918066,1.36560934824931,1.51071725637632,1.35165988066689,1.04341732866648,0.89338343606387,0.857887379871906,0.920478771736885,0.798070748526215,0.959510983814386,0.833366989120422,0.90534430897547,0.730357321691624,1.05135619948311,1.07069018588939,0.943742927365542,1.20525269687536,1.20983071256615,1.07483256560126,1.05626157902684,1.16632368599546,1.19831781347554,0.953132783804592,1.15701075725869,1.22475889106677,1.0303058606306,1.10042234918717,1.10636617249963,1.08128767938875,0.978286735385357,1.16221650970219,1.3248929661206,1.46068056654358,1.61325823513435,1.85801185272632,1.78920818423532,1.90605405908898,1.78682742488018,1.44618225858436,1.67060068552566,1.65289569912923,1.36678759564471,0.890639063770522,0.996241348166078,1.00590047264668,0.985358506103341,0.618542933634515,0.613389365358039,0.802657698125872,0.74936370581464,0.630614885231337,0.578737666957606,0.618869874679844,0.5590624175765,1.0754815736719,1.09254329229083,1.35650048532249,1.76760648250297,1.72806779271472,1.45106569620444,1.66679416414957,1.8160279047844,1.42502095958405,1.62748449454452,2.22991134371627,1.80374182660861,1.38514810392633,1.48098990539616,1.25901068049627,1.01955923302117,1.05943878251086,1.11090165858369,0.937923056713438,0.907729052069306,1.02992956061377,1.00163699809305,0.784535928464607,0.866521052432153,0.81453790260804,0.740241515304383,0.874151592406022,0.788815863570253,0.702457549713883,0.539463069444594,0.612848080410689,0.699927544600267,0.826781707434263,0.688862704606686,0.686233996193502,0.740454832165412,0.664672242702862,0.70708576176293,0.722541946818813,0.820968826042029,0.754396091205572,0.63596227727479,0.78455133487614,0.908440318344647,0.952333447589474,0.986431999081457,1.06936174640667,1.17978147104147,0.999326640010429,1.03354277889062,0.949179691867323,0.822131880656058,0.73043855988457,0.78855927486647,0.663151696170897,0.472390809297217,0.64625392920105,0.784822435042407,0.601095609150756,0.621795479882965,0.834587731886142,0.525997528152018,0.500469808031855,1.06322269406925,0.779737218236947,0.682351921997757,1.0268168169173,1.10383184730393,0.690533362541437,0.702947421917464,0.856583748350905,0.811582058109046,0.628015952712386,0.771659611073747,0.909104844367192,0.732368685476979,0.733499927245198,0.822617346595108,0.77355852923545,0.831150759251789,0.727118328797706,0.594917263915518,0.547084465592974,0.60955916627803,0.800981290569166,0.66370588630431
1.40351265877085,1.127210220745,1.1046419161714,1.01024624449596,0.765784621247527,0.858571847719833,0.917654039191895,0.94449782324371,0.84400684955205,0.824067587038923,0.804516508407413,0.683558423055745,0.809092282567845,0.888720800687654,0.886822815133529,0.98839034396221,0.928109381957551,0.767233860417992,0.919824835148282,0.877222911720707,0.76745329164232,0.736050386921499,0.885073093029165,0.753459784846499,0.683756762930872,0.70216909595816,0.72604867059058,0.749371925215375,0.633309677037289,0.737897536503192,0.784006604352082,0.65150573934505,0.791322882100692,0.618077871937757,0.605043389398455,0.62970624815353,0.659030943509273,0.733498854277789,0.701755873945103,0.783587905783081,0.942274354382566,0.817714166070086,0.879214121691397,1.1742474354354,1.08389877832651,0.970494378696357,0.947820657432435,1.08650618697508,1.00391361680616,0.917788937112746,1.02277535194331,0.95574394789049,1.11233872123447,1.15607229618435,0.877449421518356,0.853366090027471,1.04264100977464,0.904392930650548,0.84767379138795,0.665666310177186,0.735665038520672,0.726722944865426,0.787471706404054,0.654790944795121,0.66800987536872,0.700276598098064,0.763588491504393,0.666501335526267,0.796369130756934,0.83318213260322,0.84440159949836,0.77385187139289,0.882439876090352,1.00658037902971,0.992922803053463,0.979883606418224,1.00992772470475,1.07382269206008,1.31087168289047,1.46512768850268,1.08445033803168,1.34705951701958,1.28468840707695,1.60993160417339,1.39305498791652,1.30925014305543,1.21315054827337,1.12912381969979,0.923663142482656,1.28309698936995,1.61345124342629,0.972959854052108,0.890895516100574,1.40964348125894,1.8185606713463,0.720313545589917,0.745343041698335,0.75969678332932,0.705738730112068,0.491129083713316,0.786771992503389,0.785170850884976,0.690790790227395,0.815749016823847,1.07056540794798,0.680832228424861,0.685782837131052,1.03948891341067,0.830299737090419,0.790861459222272,0.830079601176667,0.955107743679021,0.9444925150822,0.943968629261302,0.888555808200434,1.1128420437561,1.21402031161725,0.850357885357425,1.03006885761397,1.10322723313835,1.2113228331145,0.970660388924392,1.02973031201678,1.1095416951956,1.01644820277284,0.772760563331849,0.808413576115605,0.806203091855674,0.793407249170397,0.627360694937082,0.869548238370392,1.03583564877592,1.09197302863887,1.22586375243006,1.27262592324172,1.38649283222169,1.42966524677274,1.17533999046714,1.14714304585572,1.51181364835261,1.35105387038752,1.36973971928787,1.74048056662673,2.20417590786876,1.98710213881921,1.57370797613852,2.10625819689106,2.5020225042605,1.88131389884211,2.2826329537468,1.5161855383039,0.723358683777258,0.757059749603847,0.67940881364049,0.864512239144244,0.794388835308329
1.58063782201888,1.39314647495314,1.60161398252282,1.57904713070487,1.09395282099939,1.07468408896698,1.1922695033742,1.14484714896646,0.972684197891191,0.879323910687999,1.11024468501632,1.11444078158879,0.965675195325321,1.18105905580208,1.54921783585685,1.34693413302247,1.28593999719902,1.378894208997,1.57322868356928,1.40920962136059,1.21275451006003,0.867206732418519,0.993223164620756,0.884939205882132,0.858529032227144,0.648162009681448,0.64090206770018,0.659613506744472,0.548676749060924,0.760705992718275,0.943454119510318,0.942422649958656,0.986000297949473,0.968995142855288,1.02956031524622,1.15832137661195,0.941937669216207,1.02887577593273,1.05291773346614,0.998251810638112,1.20033201412336,1.1158646389044,0.903027141716373,0.999082912702561,0.788802097250755,0.805406707466516,1.14007446572768,1.00592011041304,0.876974675782559,0.744117988949396,0.76897798002871,0.809122385701546,0.794605517951817,0.746755421348524,0.643646467495789,0.638015257337145,0.56611449939969,0.610199794154156,0.493048345579403,0.709942965875478,0.749791540661208,0.585167804745587,0.598474699981568,0.665094746548747,0.629908852970212,0.85428591530601,0.757194914989489,0.850553768108938,0.948817975489882,0.933687492052987,0.855739383888459,0.972500558853677,1.29728529325366,1.08078689606132,1.29342636506276,1.2030090578153,1.26073154725739,1.30164234707791,1.19969529063428,1.27099344201423,1.31047083257003,1.33636637503337,1.43618209345081,1.51540502421282,1.33573605482819,1.36859983900786,1.06470880770642,1.02886260581048,0.898985588540362,0.874718493782667,1.28148529848074,0.721811528935841,0.892684413482794,1.20888508339203,1.15227865544392,0.690971100360477,0.700561871147785,0.9312929290105,0.882805505079451,1.41316187442407,1.42064031811144,1.31879909435081,1.00077581778005,0.986545946604732,1.10289576417369,0.96089649995734,0.848138989650862,0.875075117402114,0.899919130221638,0.867681858734803,0.803461773826476,0.536803080712676,0.649904309632568,0.82091597708787,0.804613323950536,0.733714905481904,0.695073212625274,0.842187608526361,1.05484016487171,0.760981316656869,0.708677688462641,0.887729889968621,0.68894045575153,0.806141509595427,0.630893372060199,0.804764040409352,0.859161858997386,0.691682320144262,0.700285848928605,0.8872535245832,0.680171911166876,0.606044954492308,0.78774755725462,0.878146335429462,0.794104275483708,0.832194430691319,1.18517995002057,1.08798040000745,1.01582682146877,0.856613683005402,1.18528235116763,1.06179478363444,1.42954545529402,1.52121005558834,1.47439655753669,1.34898310381645,1.78221862860614,2.14256646802937,1.69143411052101,1.78722630107498,1.64448926155595,0.559898888592152,0.657668449656619,0.723077426793754,0.575516579668013,0.773992143477235
2.24329121495988,1.8536187811351,2.17296908923778,2.11812885680845,1.93466818263299,1.39501776575344,1.48954989866389,1.64413750100333,1.21573668453184,1.1668732565907,0.76742725536235,0.646944806077138,0.572489208781021,0.726580135823148,0.762184704322402,0.738319853726181,0.961887769503588,1.18325792911554,1.2965679277326,1.21095396086493,1.04211447796716,1.00329050964655,0.935555187438165,0.781511608318979,0.808347081909531,0.888327035835427,0.803853597985791,0.827096265810766,0.563701392480244,0.562113934506042,0.599049897211852,0.560546659637539,0.570184119201917,0.603160303722752,0.660957888429153,0.558948001648548,0.643569014236575,0.789183348660309,0.736527856972458,0.941695329447593,1.07629237687868,1.06468135175651,1.15258275651386,1.43656070963306,1.16343720610696,1.04793490555802,1.09732534070022,1.13422362111423,0.822039806750608,0.693377871460769,0.827631317634465,0.780300848728638,0.876658529033565,0.910502440850339,0.743877095198866,1.11003119756342,0.920011770368895,0.840096822499151,0.831498804188015,0.826690256865987,0.724766741752384,0.86925169473066,0.712484840019614,0.812287324309372,0.82954333091308,1.00125658802709,0.771004912360204,0.757171463248903,0.792256281615591,0.885795601812607,0.842497992537374,0.959052204430091,1.06516237957949,1.06043508456336,1.21925627206911,1.03791001852193,1.12739758277979,1.10257427232351,1.5916059128305,1.20795794755553,1.21939518432718,1.22118557017605,1.62744563700527,1.69463526211423,1.48281612078575,1.46500554479608,1.45601625610234,1.44731382978835,1.20994864922939,1.20094189249374,1.33843791429755,1.04372747741493,0.929416277583532,1.25372224892898,0.76603370178685,0.689849555799287,0.706164042651657,0.698600666555446,0.646837418318231,0.550494551930587,0.688645279589044,0.65837703313872,0.667737128470034,0.808897448164209,0.817718826875916,0.582844612422128,0.601903476190394,0.906289541670195,0.706983802287356,0.586241716683915,0.628676193121705,0.877931205133371,0.893944949888431,0.913200797457149,0.860013953601086,0.870972240452392,1.06092827637892,0.903199793915749,1.03482153418822,0.842439153516003,0.989951860251997,0.564283305225831,0.770504050781776,0.575105315868056,0.620205920773333,0.855630488318872,0.787055489623271,0.711486115927117,0.776347458420213,1.07282231094243,0.794000610755841,0.891806715688973,1.04523733958113,1.11053730022169,0.96670891482771,0.970422139766405,1.37985881115264,1.09768803496243,1.12882356601436,1.38923828806235,1.50198257855257,1.33671114198689,1.31367321548201,1.46922519320431,1.34278756815691,1.13803308157939,1.50795468508837,1.72086996052728,1.37239854444916,1.56180530687628,1.14980777029657,0.798298271931698,0.70265956568933,0.747657495588238,0.801076029740711,0.771829019375369
1.08044710174847,0.957935294803389,0.984917637785413,1.04202161016877,1.03529921611766,0.899669819312268,0.838614066038716,0.847544739314856,1.03222552936369,0.732962981582397,0.887945389468197,0.669769901292773,0.789317825754016,0.854445994914391,0.893349842511067,0.589866523077878,0.837188898665804,0.871861992679808,0.490264268316428,0.472679745162041,0.894833622244884,0.607244061635844,0.361834757499276,0.473086497993203,0.648123094061627,0.556034337214906,0.542343861165676,0.605433717673455,0.684916129988909,0.912457388808388,0.815674308155766,0.9279368033965,1.02265280753555,1.11983943355585,0.966897715829524,1.17911237920702,1.26013391275375,1.29366971428837,0.982288360694738,1.19178228109918,1.3155480928398,1.15856690711455,1.22126616217481,1.41005595716202,1.2644139803082,1.08087908791901,1.1592281676434,1.21674612627005,1.19674799605243,0.963125080584291,1.01574255053535,0.969760268982402,1.08717193126418,1.01291413108514,0.849349560017271,0.858341484141989,1.08145319360644,0.967446226259928,0.793159860659921,1.02843438120568,0.808088089681768,0.636914498325299,0.745111943306334,0.914549233394811,0.682349824676814,0.756763146612148,0.681814639584011,0.918729540624543,0.751265989232992,0.902155118045269,1.10748165742362,0.92252747464388,0.984930154361696,1.05867625744972,1.04682075146816,0.970990049306931,1.16960818057313,1.21658116862721,1.06759203108998,0.890869200129781,0.833276108251623,0.78307807384335,0.778017097846393,1.05536441674802,0.856511933231126,0.836608880111511,0.835393883166983,0.824038195125143,0.717677162844443,0.689101897875626,0.808428981492993,0.797498553870605,0.731221494035369,0.988646841259656,1.01114005469014,0.756707127691841,0.704942041404185,0.649214312245269,0.67935341420388,0.604881753236311,0.531637006925534,0.684688182298551,0.832170309734493,0.599956223892976,0.668096219097555,0.962478148267533,0.775637511403626,0.610189590098444,0.783184886006005,0.807803289029281,0.621005386303425,0.889631046674507,0.846093722131801,0.79255437419618,0.804002093686733,1.43373027822346,1.15316186415741,0.972927633732841,1.22823140536549,1.59048269519275,1.48860045919295,1.27234175478445,1.2420846186232,1.72629969989722,1.6385146861242,1.26911222650367,1.13380612356536,1.11403847582784,1.12778238333762,1.03191553906091,0.968282486596109,0.802022760259123,0.703598972369365,0.79499442003637,0.741255176439766,0.679341248887526,0.597292965899261,0.721503915252243,0.723566190377362,0.642021826589603,0.782184676825437,0.88439884055844,1.87230998044289,2.50542841261545,2.1837227172939,2.00962936502046,2.84973596971518,3.60106347992225,2.71815649173587,3.34509395187599,2.24532715239932,0.674130119460086,0.607205943769235,0.646614294573639,0.796643879530064,0.592421047779186
0.471110962297769,0.422670306121179,0.55999852002054,0.520301709666791,0.41961109851376,0.533619847318121,0.528901222749104,0.503021593589428,0.537554517928798,0.494103463705868,0.708660908852242,0.667343615443488,0.754214132394611,1.02435246653819,1.30569959111738,1.17530957785988,1.03786399127467,1.06122210927765,1.11686609092997,1.04747562306278,0.952106727758737,0.861743633180346,1.00737738876655,0.786832957792792,0.56445335034031,0.799206927474384,0.708743773094688,0.672359270162541,0.552554884085336,1.10018714715296,0.621418331509563,0.589410401847453,0.957582402261862,0.903983509526378,0.568306213133916,0.58541330040012,0.609117504818989,0.872085975034665,0.728544380431522,1.28886448395876,1.40160484811404,1.14880359797868,1.21688754113504,1.60854524938832,1.42113040629757,1.56348978517605,1.5931199499359,2.21369202384234,2.23714376243819,2.4094098898927,2.48361330192817,2.40543645962353,2.90971210269282,2.84639723368485,1.82446564580955,1.86464904220367,2.15292855034503,2.21849500622662,0.991156629163593,1.03923645228012,1.1827463259569,0.75860892052547,0.72147717355232,0.632993941373829,0.578657101039206,0.613039255947387,0.635340284155682,0.678260498192968,0.575286181697348,0.675494126620812,0.771045123935795,0.790653498099217,0.693775614579191,1.07722096993879,1.03046924534994,0.751688756836662,0.793023841777364,1.07549877709072,0.656330286323889,0.759270466021261,1.08073812030682,1.07195574996739,1.24083026649943,1.38088073426386,1.226833008395,1.08457249892373,1.1338023365941,1.03143944678149,0.931319313330371,1.04007806327888,1.16671012004976,0.698083010997658,0.849921913845941,1.15408234009284,1.14207554103761,0.68594492513293,0.762246543077503,0.818320152321697,0.936886280730948,1.04418264757529,1.02059782588032,0.919907485439986,0.875566073214996,0.71860523094095,0.803016400779919,0.794014020234126,0.732017943411855,0.772313907901784,0.792838360770538,0.729429902399633,0.690318414767046,0.706639805951801,0.824377924037776,0.799029065250666,0.859210800313012,1.02166555295736,1.19083664744075,0.991240952788325,0.920004208391721,0.939599669185878,0.74003482740819,0.967724797992079,0.891770747173537,0.912788056211493,0.76499494606143,0.569745571332415,0.814915344036674,0.799723555051496,0.646649063279792,0.51288759795478,0.625976919287728,0.536728051434138,0.458409716369145,0.506592746523236,0.561560024964153,0.497420473321051,0.538298726813533,0.549507335606705,0.814088131832589,0.927335001300861,1.01225266338873,0.929276956071236,1.54005931034275,1.73734098447681,1.44503129523589,1.53885758259522,1.88121994017661,2.32468531275449,1.8144082256615,2.32133634502425,1.70491732127711,0.503249139733192,0.50406795372731,0.588585125573234,0.673857614365371,0.640577611813959
1.09672093700979,1.24216467584016,1.38509343277074,1.28066097946001,1.36612135437116,1.18639992760519,1.12054534260511,1.08888130298218,1.11363348235982,1.13282271209247,0.819161790655863,0.768066643954814,0.889884291787105,0.693226879825401,0.556010751780115,0.524349526440605,0.468942667010704,0.467118121408026,0.472866285945102,0.433323327350009,0.543801868979947,0.844244217382868,0.639814254360487,0.542117933923834,0.695525629614895,1.00412554451233,0.661564468688664,0.512158209795532,0.764921629892492,0.853928362866256,0.518343668547748,0.468630466016368,0.813394041512166,0.661423544517482,0.48722840607595,0.402149904616417,0.578831213342312,0.678686211159984,0.582536775063428,1.21751444896831,1.49734836605534,1.04768919913952,1.3850128900361,2.12298982932365,1.86155955256324,1.73014740156712,1.49908703105846,2.06035896360937,1.78224968708181,1.75922177681933,1.61806087786611,1.30790013996179,1.52879324590383,1.9839772167557,1.70178628794265,1.62963029360867,1.73377798683272,1.88535942624353,1.31092202415,1.62090065026866,1.39701081884508,1.05969479636431,1.04095928109654,0.881493442045389,0.838155598405822,0.719600246187555,0.754429378942018,0.580490412335223,0.630877807109673,0.740895818725166,0.709321901166387,0.678522744932389,0.750775285080824,0.851810667823292,1.34378585266205,0.894045434233688,0.98281940829097,1.12500049854084,1.22451445955037,1.10613274149637,1.77509954616875,1.60594024881845,2.00938762458791,2.36416132671767,1.84459561405535,1.53319387347942,1.73803886306264,1.81731411096824,1.26551551120216,0.909896407424134,0.934650532143589,0.781580829289818,0.915969012590337,0.921504329223764,0.647205783163201,0.615057432035871,0.643852126735487,0.785898812799317,0.734018157211249,0.744741991096429,0.72128989619437,0.677195421862073,0.554351826785162,0.50867526898136,0.62169332746471,0.656309544152927,0.46513599803544,0.657952938368004,0.636557494699816,0.499757653621312,0.699367907180445,0.872300514142444,0.578441147390978,0.574726910214311,0.65163078758368,0.993888421476249,1.08598343387375,0.851762047211342,0.892511878067323,1.10145348843061,1.20548437225994,1.08948794231291,1.27005366494986,1.31316911451169,1.28838689404844,1.43573367280754,1.35000375254194,1.19552725414318,1.35398985004706,1.21972723909886,1.04069474318495,1.06417460902264,1.10459330857784,1.08048799118157,0.856535730904932,0.907129241713795,0.998236951733423,0.819612523726908,0.693493572268007,0.879693496320074,0.828709778417414,0.892995330733883,0.848247197723368,0.667171020873149,0.678190831337158,0.908663436525991,0.744125547771969,0.783165258321397,0.846749320618156,0.962542762381144,1.00002727577477,0.53656192953707,0.481785578719498,0.595079690330279,0.634366274267566,0.582750129088122
1.78611064675668,1.37415143894524,1.41726771563983,1.40907083358508,1.32415404052081,1.20519395290873,1.06855032689747,1.20781822764414,1.18671302601179,0.98429482365498,0.642010928590586,0.73151010661506,0.839808769182526,0.592541522502759,0.7306122321254,0.686334664161311,0.656819007827541,0.689655958116379,0.570416573534563,0.581384020670712,0.549891127944826,0.57208128357561,0.657012730139859,0.703028258449426,0.636175422301667,0.785201485765051,0.90036664621119,0.998346807474078,0.782382485761179,0.961917847631035,1.05435437307151,1.06094120438539,1.07321166422128,0.899799543106309,1.0157224531557,0.854595303023313,0.725069243764379,0.659578647261366,0.875784830750977,1.07617769297951,1.07555217279142,0.656529411787491,1.016916977119,1.34729950553128,1.12911750971106,1.22576457892501,1.11762418104577,1.47404616899062,1.39112871563522,1.47484251955227,1.65580665323531,1.28590808109248,1.62853251703436,1.8330464596223,1.28710177795746,1.21779035366657,1.29303323272396,1.13782655270556,0.844931193128262,0.822745301543092,0.835845387527159,0.75905864210286,0.671270726640865,0.577082436570692,0.597494151056633,0.54613330065124,0.557201004958265,0.498186428286809,0.558453214126071,0.488777839461257,0.516133103227228,0.577893373440277,0.570530017901575,0.58638974178738,0.949668952656351,0.656269775660646,0.556446323330125,0.556350361359922,1.23054335425418,0.984612770562478,1.0882091347745,0.964222991641994,1.07756683366226,1.13891993309383,0.957909383971117,0.87539142876545,0.890833893559091,0.947948273109151,0.769159559965684,0.723600638551774,0.693614485089305,0.50782274095425,0.711121315479037,0.859318655275623,0.730814467239207,0.457328639781249,0.551710919588176,0.614353843974975,0.657011123996147,0.826271637252956,0.879296987068923,1.3169303019177,1.0272128076469,1.10210178456902,1.4429794904578,1.33109504339277,1.2091670922742,1.34468896820924,1.38404708462681,1.33416338995165,1.11341348263995,1.15528525240741,1.1975697147559,0.979520228201553,0.973546813637694,1.46516107028888,1.32664373737236,1.01356950172053,1.15173653315872,1.20587685878097,1.3193331076753,1.13480101838276,1.24197844836492,1.37302549890912,1.12791808887884,0.921305879292489,1.27514391701183,1.13587410296679,1.14354491480423,0.969237189025145,1.1924286497654,1.29897179735299,0.953376944746979,1.03358415159062,1.22681732914969,1.14702833226466,0.964325397454319,1.13334539907304,1.23745896896545,1.20819649710961,0.984275290314232,1.01200629006474,1.45547090009107,1.43174102978106,1.19258433635409,1.23895514177827,1.65827277662754,2.00888782516402,1.51935635902588,1.74686442529511,1.39152428607998,0.439007083211304,0.563164711933303,0.62082099917161,0.43392727250938,0.55236696078376
0.746428298802317,0.687064734375486,0.724842351803408,0.762779252282915,0.851453922946543,0.892714670474856,0.828198775393963,0.832220083853359,0.888337383941711,0.828059840558779,0.777965117650478,0.808861246833967,1.1729538020265,0.98770170345695,1.2122746617355,1.20885674657725,1.13590506205131,0.92882729670314,1.09141427010881,1.07608415742634,0.952948848535689,0.803806480987534,0.854997764627425,0.834222135831057,0.743044351392835,0.64159490673043,0.660772311253458,0.827052680876431,0.83564430526887,0.915059724557048,0.841075136838772,0.827955333685772,1.02532408100005,0.992250480015731,0.953463577932415,1.04091700500184,1.17490468230347,1.16289799033901,1.06121634806382,1.14746850042651,1.24398780602987,0.892957197817805,0.874990371089075,1.16141346271375,1.31319952142735,1.41171062854888,1.26154089423249,1.17439365970655,1.17589497208519,1.72584313846754,1.49929100851068,1.39587245759072,1.07543735750014,1.05359918304418,1.34637597031533,0.89615367629528,1.15722750150712,1.26370088541884,0.866050337153074,1.00822472919101,0.999563721464652,0.823722891451877,0.920724911138967,0.744336095654889,0.73520053177292,0.964165041774198,0.617512842581146,0.674396370324748,0.705894757578329,0.781249341936855,0.790204367500335,0.775003375555371,1.01977412009655,0.83050547597657,1.02661350498346,0.736764933829413,0.878990163363909,0.870079357596664,0.806031530546759,0.647941433516306,1.26114539114043,1.09872183028944,1.10842458056112,1.10140665271909,1.06210547205739,0.861782700287064,0.977398825652986,1.10214850837675,0.837732661544603,0.910369514104956,0.942874362105683,0.813491343168729,0.780532336344052,1.03289674236316,1.16506435197766,0.895051322302795,0.971261697482698,0.974934618918916,0.993354517605601,1.03284748460784,1.04424392262552,1.01269138174271,0.792815161545685,0.842295289947854,1.02751549001894,0.844207517818784,0.732978635198603,0.694840905211114,0.59585425732651,0.715610998942942,0.568250878427383,0.708545800645165,0.753935008038848,1.08480967792349,0.966596530319493,1.25814932795374,1.78899717134238,1.47357688778347,1.53829536314525,1.51702179513652,1.77913302223765,1.22163980073767,1.3012808547319,1.46503213688666,1.08408327499899,0.726643629272537,1.07356544282849,0.857832102843651,0.687356977076998,0.922827221678194,0.729247989805658,0.746723020621041,0.618622617825486,0.725581376539766,0.731594992585947,0.798235943245646,0.751577481151553,0.880670227068123,1.10899460884129,1.08490966175702,1.0934388011373,1.00128912406086,1.21917035627329,1.4961894880793,1.35208118422001,1.43112997500927,1.59644440198559,1.91647534218904,1.58723804198239,1.97374149442716,1.61313704256511,0.583273822235026,0.622645558131873,0.887549012162957,0.818388098344687,0.741379407795946
0.591794535866876,0.654312857752467,0.824261167584105,0.860901384718897,0.844998290028197,0.697531189639624,0.661658143920009,0.799895116737363,0.740072143058504,0.601494434292586,0.680879949415896,0.587998730860835,0.852516549793395,0.927727149361205,1.0852609895359,1.00779769939259,0.979837657236495,0.965560560752724,1.10342012514252,1.046085701381,0.811062385402946,0.782325210789386,0.96936916337388,0.893817265004836,0.616876794217552,0.73585654602688,0.647597051730709,0.678763963713204,0.650821352623943,0.838104099842651,0.822190054968471,0.831241190859908,0.92347178230142,0.93108143036674,0.940931477247471,0.887022638390428,0.952451870629113,0.943603535329053,0.826914140009391,1.94357126910216,2.32165241828016,1.87309926768638,2.10652666850475,3.26887518894977,2.56583062861804,2.27761094283627,2.27158039408418,2.63593025240282,1.24388487761557,1.28023672914426,1.18449331524117,0.946327856806986,1.04905439187981,1.24985412931516,1.09064810358868,0.887301808411786,0.898403889969137,1.06653199645706,0.726526711704603,1.0986293025107,0.85875806491654,0.738729361033538,0.6213709503149,0.508714690047417,0.559074187555261,0.727419402945359,0.42754258412501,0.427590466429933,0.539153210146601,0.581753874293419,0.385522229087091,0.384023793368271,0.665320598412905,0.526235845594157,0.560617392713916,0.619469217736334,0.693692575470748,0.737627002180872,0.56828783298005,0.574846818287803,0.624094111698285,0.539897812687053,0.614594093615052,0.722789383817107,0.658147232183878,0.607354415146879,0.666326931416313,0.717667200386498,0.508742467763295,0.900858596020718,1.14034064590425,0.542361284221407,0.715667106673776,2.03802965310786,2.72035301232686,0.588713259727814,0.612751879270562,0.616092287827948,0.684729773925037,0.78779192538286,0.811806719047966,0.638866123071698,0.58263061961633,0.558479388778683,0.680442195110829,0.769756657341597,0.714130468811581,0.602096732797005,0.816241628410828,0.798352014993638,0.600005124125101,0.604753019277039,0.698306497834192,0.751484250411089,0.702055132172146,0.850888627861857,0.937132888358305,0.758159044392579,0.849099117969965,0.888584821346005,0.95252475865851,0.85903952940254,0.857462542114968,0.956511853747561,0.675609245593104,0.709288401550941,0.804831877463492,0.646495526113678,0.630486514312281,0.628684475904727,0.603457766619737,0.57173945688881,0.46623065244421,0.522949648618171,0.59472094619288,0.53568715415964,0.500631291759616,0.436900149666997,0.708025393619595,0.778197414449375,0.875332541292923,0.888243305830533,1.48887345715647,3.3130241407382,2.57717036113054,2.51925461801105,3.66204057593822,4.74009564271071,3.44944449268432,4.3253972748091,2.79990087966757,0.389402608345595,0.453998912497802,0.577167498289646,0.490942247310025,0.499836129425845
0.883419357670441,0.725604166410373,0.851554421151789,0.79527518686661,0.867396153969389,0.705260188394214,0.649750010836689,0.814661278270887,0.859967913368478,0.725389440845071,0.697797436194309,0.665124249086538,0.818409362486153,0.945071982980634,1.15462878648187,1.05723650527963,1.11867476465965,1.09906119971968,1.09196294573486,1.21821594525712,1.24381736385701,1.18100798364807,1.16686764908292,1.09501969306545,0.94477334445642,1.32250483881414,0.923068844174468,0.843067887129512,0.871936601093441,1.0521651719761,0.794466805513465,0.820711433371213,0.910328643578539,0.976988448374664,0.759994894194237,0.814077678415533,0.922297016584433,0.813404823651122,0.603379070005212,0.931511140475043,1.0031486864685,0.731336810643203,0.765137986730811,0.966253864935296,1.04985784249599,1.42205787844555,0.93756510403749,1.24274880024235,1.58110329928166,1.02272270753784,1.37378810167738,1.37003971950955,2.121991469211,1.85223890412139,1.5256953344268,1.8374584769732,1.97029271566628,1.80426621573008,1.6930971061311,1.74759305077424,1.62947549024973,1.46466097053572,1.63993899205986,1.010447626216,0.955539020236355,1.14257370753729,0.938389263484303,0.930087024800439,0.949181610093404,1.1334665192089,0.871333633002342,0.880136571060577,1.06856503619231,0.977939363656454,0.934320776544141,0.770205234211879,0.824507771628963,0.901190541069094,0.725590862651338,0.7635747160118,0.85564035392475,0.835362154817513,1.1743211620088,1.12039635813531,1.05735809884783,1.08972944161703,1.2099208195918,0.993001515250459,0.778096014921736,0.920020000825048,0.884712818897639,0.655124027500187,0.766551601651899,1.00565316464456,1.04253285846302,0.721144575393918,0.657761870608633,0.737466194921099,0.661788918127679,0.60454216631147,1.22166275777249,0.917280503853961,0.779557437699217,0.749023379761773,0.819863786358461,0.760244616004958,0.518925444204256,0.626130094876783,0.599546720176715,0.726523439823534,0.638625224999494,0.535302929471383,0.598686960712926,0.720013079568353,0.553939472638166,0.800360935700291,0.819870993954636,0.727257217564305,0.949183610657353,0.928188984249468,0.886298353099879,0.961342144663676,0.83934482898617,0.945100292068059,0.824211304990921,0.770518808485519,0.743478256310178,0.698519344366878,0.744260344632112,0.64948834382067,0.751788259449914,0.599534298669193,0.641811850821267,0.913186923269052,0.946985550596496,1.31491153463535,1.1918345774104,1.28400739463963,1.28994608695107,1.59388812881557,1.48686475304902,1.34371127807884,1.3722693208875,1.88708515403178,1.61185875702277,1.51024903852722,1.51017870819061,1.46220270443264,1.30718748507784,1.506276386814,1.20159946061947,0.687461954190013,0.599482453555976,0.559013181180257,0.677971339563242,0.659450258971876
1.48658417882977,1.31747537247693,1.43113873297199,1.36307125426023,1.17225079614852,1.062832821208,1.131315257659,1.10327664368565,0.987253279205814,0.837346737592646,0.901763217147196,0.909341521496225,1.22528957797155,0.929531453247072,0.72785896212898,0.943746061137167,0.970832325541317,1.04495317388572,0.98959010666302,0.875307967693477,0.92549527641853,0.927463220200868,0.900090048867982,1.0257752119643,0.858280822220792,0.692526509250663,0.865283261781699,0.881930927619075,0.66946816684794,0.993437046804948,0.793354392917288,0.834709034669339,0.858178969559637,0.929316021332511,0.689036085687866,0.864969503305728,0.865696182641802,0.907799319590056,0.662643383577801,1.21608810629364,1.40709998047257,0.924652382829564,1.21928072310361,1.75832509256039,1.40913036660019,1.38050664264005,1.34700522901012,1.77845675325486,1.42407682120563,1.58197414040342,1.6177188676931,1.29397576868722,1.47221586828914,1.64534125984548,1.19706859596321,1.26061727842937,1.18329047786675,1.02514033383249,0.53281992263934,0.485674621203661,0.719782740735941,0.687200129584841,0.499413371608196,0.597129820314769,0.723797146498834,0.863791914882849,0.552512041836823,0.497754178429122,0.669018135175445,0.626926675082329,0.549366469863257,0.79410813900238,0.818544427889605,0.844098233020875,1.12730385840317,0.894827821459563,0.932405402830737,1.02979396788657,1.25191498207907,1.28885341615874,1.19710761609115,1.21801380062551,1.2745685773791,1.22542535580568,0.918316905728631,1.01848970551829,0.812443678992694,0.690483530729735,0.611302968664536,0.807990626081003,0.895175959483189,0.630880084634359,0.612428029077828,0.861375881026523,0.85710535486124,0.719195993271392,0.598975439430564,0.638232190119257,0.739641487734806,1.10442636972215,1.20197943622211,1.35445439574735,0.868694053626019,0.998180990455657,1.08273265770289,1.01180225207438,0.860337458664423,0.975081082915966,0.828905249877398,0.890918966575569,0.876000097010733,0.818281166792115,0.934799313999769,0.976515630086646,0.888222277055803,1.23689939187554,1.57169534830548,1.42747154725992,1.42252816194752,1.39544425903658,1.60256275571654,1.25946298224513,1.16118923383482,1.34535872618902,0.796105027068489,0.856590898034401,1.09025888883111,0.795887892489553,0.767900686563311,0.875200214312878,0.791304059888357,0.847629659628122,1.03527478015365,1.02920517607433,0.899507489349205,1.27128699684554,1.3946961785627,1.229226432289,1.42612194469033,1.25233108086088,1.24819350675513,1.00467623724773,1.24958189849884,1.2407245191154,1.10579595085517,0.913836978232853,1.19301070607358,1.27962277008909,1.02846531122231,0.96408667397202,0.922764146978346,0.488194709449921,0.41674484002114,0.438441317441138,0.520386448601851,0.520634657832569
1.23205797195874,1.08273662377658,1.23283916075148,1.24896988115448,1.02830121393269,1.09534971227129,1.1470211461079,1.1978963867786,1.17551156954725,1.062145153626,0.964607875155151,1.23659857402308,1.6898124730564,1.14589849492253,1.39029615146199,1.62901822253133,1.32977014638934,1.35392706358083,1.46252365442236,1.21906437707949,1.16689861093892,1.00934255176568,0.951038227210469,1.09340846232861,0.879873144803118,0.816357019427971,0.789935872767329,0.742713758718169,0.564108674812424,0.727552427078702,0.834078907112804,0.757298958310432,0.904805456262577,0.963399456603014,0.794002323322934,0.872080171240301,0.986099617008704,0.866059786911193,0.626128906372117,1.03786939927933,1.14283621036075,0.977355933098557,0.969226671230449,1.20951136280349,0.940652856339021,1.13130024008882,1.16537003412031,1.06117470385861,1.01536734847716,0.840623517578814,0.868115258527593,0.85453601178174,1.16643881731211,0.949560512046893,1.00800912047648,1.01668447716642,0.988185994436643,0.918512986548858,0.925898751346976,1.05502941340983,0.933349347648575,0.866344499127031,0.899035681498288,0.802955322479418,0.781063095481338,0.912616026295671,0.753095902564966,0.707793578784558,0.940352984730697,1.01399669271486,0.904069401909368,0.994346212999044,1.39775473867228,1.44307147064635,1.1814997388888,1.11980577020285,1.32863794530516,1.21347324310695,1.26961908244807,1.14870535169243,0.991663005038202,1.09245507830208,1.20935603783927,0.95516295607784,1.2709851914697,0.838165512145645,0.870209768340776,0.795237346793591,0.706112983710327,0.746144885572019,0.852038910441341,0.65808820418146,0.693544470861843,0.818229384617973,0.682717725004449,0.534144991417553,0.447216085801641,0.490710093995123,0.542606670915379,0.496943699023916,0.553171405983795,0.460402065086385,0.507530019431553,0.49521339394561,0.415882240569625,0.462750721562806,0.460725193084979,0.482495959220568,0.522183162152255,0.718266764569738,0.720268516227136,0.939782248922375,1.11275745286471,1.32638487368429,1.51000705020527,1.76536587840321,2.33757772793758,2.07650103587556,2.31397875997275,2.0126948719273,2.54421918905724,1.90627541152806,1.66455206818075,1.98560349981723,1.59808290667234,1.06656726947128,1.47690803619505,1.19511600303996,0.816254398995779,0.893159194475461,0.834942494006215,0.707332109551765,0.823997236222809,0.818634194992356,0.611358151483228,0.566632364372273,0.957843456596167,0.703722824885516,0.576715705807347,0.770145679495183,0.748908826650813,0.646966724521479,0.857115166966312,1.13770509965194,0.950719031715811,0.927507774130837,1.23889550766862,1.33785872983701,1.1094297077324,1.26829505027,0.945108597710528,0.587325573146746,0.472318399722294,0.346755869771921,0.431753291274577,0.466228218196566
1.34900732457479,1.26181149756589,1.67029935302193,1.69959096873353,1.40679215565275,1.12749295311147,1.12353891489924,1.28872772370242,0.936350495288736,1.08853396319099,0.978245873511182,1.13542182182847,1.24460725700342,1.02014675310844,1.64943590668542,1.50461632189105,1.3377782563518,1.66094649085566,1.8237325809881,1.88966922028054,1.33252296995183,1.23706326052875,1.36204524168195,1.17425446845785,1.09305846055368,0.927182328234025,0.721932673324173,0.984653976018788,0.794679190843122,0.824880180611973,0.954819510677861,1.04938448196071,1.08615046406839,1.00871882112278,0.914821071223606,1.00177484426259,0.934076802262354,1.09755770313738,1.03039837766979,1.07963344672286,0.960220060181392,0.781895884142452,0.710803931882912,0.967670217159918,1.11430292160895,1.05034567601677,1.01307625718625,1.25441017637952,0.982494474144031,1.36312051714444,1.19730639517582,1.14549444976567,0.962387954601981,0.957044196787457,1.05684635400377,0.810474273710108,0.87935593686037,0.965874729913923,0.779545698506865,1.03825287644055,0.95734009467508,0.842085078383984,0.94864984853204,0.72057561510331,0.818554999028468,1.18734523966829,0.659933993742429,0.674423484022748,0.815945050815117,0.849556707558496,0.623914669471731,0.617305093287577,1.01262015713213,0.642331310752933,0.758460826504823,0.74469556313856,0.731445014440656,0.781550274156154,1.16890035376056,1.21392548022501,0.710204019807909,0.881354755328941,0.767333874186867,0.710750466523722,0.712760672828765,0.828308528305963,0.750550265859688,0.744398708411549,0.644271411145811,0.915357930638687,1.07933693080302,0.924635515115351,1.01744757420199,1.15934729285635,1.31200004487471,1.21195989544434,0.915851100489806,1.12277604944324,1.00759046992932,1.06699157285539,1.10755034165699,1.48291691342119,1.16747350557866,1.12522218631906,1.37054999818445,1.27569762580153,0.951797837333215,1.11984035428376,1.1562804137909,1.0702716214182,0.895735918564733,0.842715637705849,0.868971453658411,0.658458741984197,0.787711310787091,0.994561174979716,0.967792450138531,1.06651441100011,1.06058286061844,1.16876083085055,1.20458721609005,0.903134303066984,0.854612427358466,1.06421083201614,0.660079374867977,0.763985902430515,0.935072623346356,0.617094126807341,0.451501619998516,0.998731355213001,0.815816362428479,0.779922109813493,1.04297975718033,1.04190213408803,0.811599085935963,0.93974103117929,1.02372667585741,0.847204503891053,1.0375750758237,0.797328706746063,0.722946701886677,0.914781019199439,0.939103171408371,0.856072097185789,0.840802388509929,1.02399406301356,0.883013002677068,1.01946286368958,0.965737262465317,1.08899510373436,1.16955259060592,0.63361664104128,0.734364746212465,0.759457321886838,0.898444982185172,0.769382211458555
2.41580430278239,1.89950356150913,2.32060098559358,2.31854363938224,1.8884815109178,1.63965506380471,1.77660591502202,1.56134068038237,1.44750850067967,1.20333858581409,1.02704860037803,0.980607755399773,0.938733666351332,0.877352094306719,0.808612462073555,0.803413896225538,0.7723588895189,0.846368130901321,0.804667063603787,0.969953410694297,0.779554251493499,0.668096870453244,0.658852862608569,0.561003746344657,0.6138935035291,0.688317304843945,0.614100128960623,0.555734840612567,0.582273635987178,0.75641370636891,0.57442893110115,0.561931067192002,0.845784488461256,0.918902802388167,0.692752960086438,0.754212091557987,0.841002228599661,0.956924222957623,0.77884568185795,1.0429726374517,1.25427750064665,0.959561861187744,1.10539181081489,1.09342052170738,1.15677625819343,1.09999202629949,1.20860327837409,1.33044048001138,1.16227325597446,1.23791126262581,1.38137522970481,1.32105083600714,1.38665426453864,1.44141827802217,0.948411356232922,1.02536669643347,1.18013901676683,1.02154323569604,0.717299681565839,0.823885768793648,0.811248704064611,0.716219571666613,0.672451005057335,0.763560030264972,0.718913028370882,0.772557568503557,0.732493983317666,0.746660480145763,0.69721003728831,0.746956470094305,0.90827322492779,0.989138168455527,0.845596286520977,1.08138258980443,1.27689956452171,1.0997701837501,1.24038922972947,1.52424623015404,2.04376718251705,1.73486497645396,1.62577632748696,1.47349957067069,1.4288844248635,1.33349046864001,1.19439852460038,1.17424309877641,1.12361910329136,1.23117230656344,1.0134192563005,1.00003030676192,1.04210333037992,1.00034730894019,0.966467587763089,0.993838092977979,0.991358147752773,0.896392581516336,0.949570654913618,0.848318858981618,0.812281554467355,0.826910587306534,0.89673182287751,0.449060859365434,0.77187995300117,0.692637630797123,0.508893306106848,0.595175799099065,0.628735968591474,0.552232232131966,0.484097478497798,0.519701900475765,0.604015149952088,0.61688607383927,0.565560884135761,0.693370980783119,0.743336139653552,0.731648060681701,0.95377499649999,0.964901435261554,0.947106168231728,0.76821018467372,0.946556381713322,1.12119583867392,0.934893966081939,1.0364948805406,1.06977154930771,0.909967708097734,0.972873530069149,0.905761671668446,0.777607374109606,1.07663584937645,0.745677912137184,0.67785003430868,0.939184581154236,1.16168619052668,0.787641750335735,0.876728134706993,1.33579816579731,1.0008529223555,0.860967198097855,1.15578666723484,1.26517153579285,1.24975990263439,1.02022554994505,1.22252674399769,1.19113836800526,1.20297737203775,1.0329811578371,1.07829129467587,1.06821872946767,0.999589135014818,1.03663077206058,0.834352906061098,0.728479950553035,0.783017137903123,0.862075928534443,0.791664278170789
1.77281306964167,1.74277814436968,1.90904584816252,1.80216586298303,1.64088967015783,1.68661379494587,1.58482458342552,1.46949897761187,1.67575236715798,1.50963795169122,1.30457754272789,1.15223391307752,0.999910322334932,1.25452859549739,1.33715920504311,1.18519353359803,0.969406402629778,1.03897882110505,0.934194465603695,0.813326416113585,0.917564077157725,0.689744385037864,0.562063595451732,0.509164920648508,0.498793042718497,0.516785609136369,0.319604265282286,0.35054546250925,0.458505294139912,0.51118481488559,0.515811114198636,0.549042281907368,0.647143993371425,0.593115805825619,0.631036488432527,0.630776213993839,0.657378005674037,0.869513383651681,0.697243461317195,0.928304367486772,1.03645949920496,0.95493881042498,1.02965611322812,1.35139384453119,1.12481168629311,1.05133717799911,1.0418139287088,1.24147909796111,0.895226183629712,0.873924402118948,0.796689444459385,0.719699642774865,0.903051033052091,0.926606360476483,0.774162777633107,0.733616773160801,0.858702213548167,0.960546928363949,0.742937251807022,0.944267629315498,0.745429831904817,0.582227647097159,0.687674327170214,0.659159938140715,0.547780906023139,0.657474933271757,0.659922823073247,0.738774023381212,0.666866348128876,0.72493261445852,0.875092838795511,0.974142784595613,1.11842499327105,1.19811319513747,1.05273062124039,1.27672296026077,1.38206254890526,1.13742347100409,1.48028974785884,1.11646747412564,1.10670014160209,0.949537639127901,1.47753714193935,1.52241453929589,1.3617307440008,1.22490364933509,1.40884759936057,1.32451002877856,1.10290638789534,0.856905699135873,1.07419311212001,0.969236082945848,0.870457110188716,1.08838101555215,0.654133894377174,0.750269095050214,0.783972280527633,0.676541102535039,0.583372203228129,0.484154471922839,0.62817449074757,0.54269676735614,0.541060785471872,0.673397073286412,0.7301438238468,0.629902548823616,0.652466889258038,0.781912205536015,0.761375563540859,0.52451856799448,0.596026183376057,0.890207698693847,0.485385318010945,0.54334728161858,0.791456174570297,0.967494042966475,0.8243578058429,0.769097312398525,1.06418778133312,1.09709959532322,1.1686134931407,1.18877014629559,1.31375784357328,1.42119487307316,1.65451051792635,1.71107768205563,1.42732444430094,1.38494296442974,1.62895279627092,1.53879628091931,1.31483961986739,1.23857297286641,1.53586459540513,1.43980605545911,1.21855949170797,1.15483926514584,1.23406949780425,1.05385271383316,0.855083731297904,0.784230838523889,1.08688342286515,0.854184018720622,1.13311446279956,1.44898279232272,1.22369097985976,1.17956276342427,1.54052659054881,1.73329173716414,1.46315532967119,1.73856806348803,1.19382673610218,0.637039144946312,0.591229640091777,0.639977087945852,0.727739831203777,0.69567082879348
0.858500856215557,0.761722194580699,0.889853806647825,0.878507550178056,0.919425331800611,0.710429545031727,0.820970758214553,0.726518920681152,0.769024888888768,0.626160478613604,0.502139769217487,0.522304241804975,0.633850195111677,0.772632431101621,0.991336489582415,1.01990317661527,1.1343163063205,1.18808266236928,1.19094328808481,1.10272268286149,1.06173240651661,1.09950668123569,0.941634822736444,1.08024620178989,1.06783202021507,1.00073110479375,0.706645738576777,0.775279710162725,0.652660587968977,0.875266191889282,0.707908001428174,0.749449831660287,0.964203195292275,1.0244019227699,0.734171795684014,0.869323022527863,1.09711738626201,1.48589718963036,1.0781960219798,1.89865953903697,2.57827629791788,1.87907285538361,2.35123615678097,3.29158359010149,2.8098556079572,2.59906018287326,2.46633556169759,2.52781002140154,2.00134972327599,1.59016732965236,1.71840212196528,1.39057349851546,1.66183804592411,1.95029460656132,1.59634731741177,1.39951042789016,1.78637206860148,1.76835062148294,1.54284856679517,1.89713145418848,1.45422693217805,1.12186894219627,1.10834542438296,1.18199358080914,0.861417394304733,1.21822665791535,0.768468731495122,0.670338363139008,0.684644543289011,0.737424539444358,0.907078652122798,0.923497386083632,0.957216119321922,1.26070267728026,1.46888179408115,0.772552327681086,0.88620999830851,1.30220989395611,0.956416031590685,1.01383530823628,1.75032512908081,1.58369585597227,1.83427500235997,2.03883672743823,1.6040664049841,1.36725058455258,1.53506895828808,1.51953143231988,0.979844490229815,0.683664570893095,0.741688640292519,0.642241111077458,0.518675233669301,0.57308416691295,0.403579624699693,0.327483051961979,0.834553211044492,0.521986154913881,0.497390050257424,0.429485960675895,0.461183702864053,0.503713768519573,0.662037684150865,0.482079685510815,0.596467829893847,0.57753371838612,0.511721429626215,0.481723888871354,0.516573138772995,0.6609666050802,0.699143652145031,0.810321467725848,0.827313287198188,0.75783775189742,0.716800216649073,0.855301077153311,1.03773660625041,0.823977485484614,0.894535734751591,0.904613795508181,0.821013339971914,0.662803353547272,0.698782654653524,0.817488638136731,0.750505679958624,0.656092457511182,0.637370253908994,0.588731027136586,0.555800872415938,0.747830789937408,0.583580963093897,0.644364706143847,0.463090955554981,0.627567959378679,0.631292499884486,0.588813488734899,0.600505969340272,0.79300059294414,0.591118733703344,0.600846974636774,0.989822760304113,0.821719027529837,0.663631543745129,0.617022607098614,0.776881260261078,0.606921121713209,0.571807553539813,0.583777770060657,0.590506766560973,0.62969978040923,0.554888040323818,0.568082393740325,0.47425260051937,0.769469168855819,0.81626618133765,0.784160325069299
0.567427902938999,0.762804608338788,1.00348474683839,1.0163818027301,1.11826763769174,0.96875308615264,0.838485459137091,0.865044363736889,0.948940019705445,0.895501234059092,0.847199662991615,1.02465239365164,1.18137690723484,1.00012246456526,1.18867654156075,1.3460775046065,1.07170734082302,1.0703231964881,1.2692943452143,1.23012933887817,1.20026482161948,1.17752516354663,1.08143297084799,1.11364098060805,0.97664243309412,0.765566258208061,0.981447303469751,0.78748311698737,0.943094192640964,0.912557946265396,0.882639691034828,0.860761577584215,0.776640192783485,0.732102710030276,0.74733639468862,0.781085226371123,0.639139311728217,0.726657192200333,0.88462131251085,0.73250074027617,0.780766481316406,0.809211343137626,0.888494018568844,0.577210819799184,0.895468587024928,0.727331998167344,0.710784337334965,0.842234119471755,0.838306369238489,0.9472651095977,0.941131888370305,0.848394445336686,0.943468701290185,1.04727449052118,1.01685602875274,1.16475181169176,1.23055173695075,1.18579992212799,0.997538337074137,0.809791496680162,0.952290040823328,0.851038986565801,1.1196221468857,1.07471938606107,0.98107433555486,1.02155571492105,0.94015539691694,0.885125439410559,0.888760024742046,0.900073388186102,0.972300988673478,0.913753061498734,1.09211309526222,0.822389826206932,0.855435053185592,0.61786972839371,0.697604064507611,0.833475264412735,0.701127606536815,0.660810183391232,0.788872599274926,0.902245964222277,0.781603804213733,0.740825694979733,0.926603860048592,0.705993600323908,0.671664456771274,0.731156951342323,0.756462490684403,1.00189051975602,1.06857699258501,0.885616304926023,1.13878805720223,1.35630651935856,1.43780047181763,1.00768756977211,1.06929181862433,1.34626771233913,1.34728535399707,1.57102815543795,1.25602418568953,1.50363649708938,1.12253302873901,1.13650260204517,1.0843096019347,0.962164607539567,0.952572604612357,0.857846668786562,0.693281701547549,0.798101259810837,0.658603859420711,1.07730516020818,1.36615135185317,1.46811656276842,1.24077407435351,1.38093086294361,1.82220694408403,1.60576529803037,1.55404314615704,1.44464626233544,1.81056521214576,1.14101341166702,1.32201468055449,1.13824227667312,1.00050143002534,0.976141431862519,1.00306624343077,0.954523821955095,0.770766862332819,0.857297099088015,0.628199400809179,0.665871067710506,0.627699564161478,0.526400524528328,0.599961058499653,0.499718868509651,0.720383993011935,0.730700239242458,0.933607601772772,0.776513511125763,0.697052032750135,0.776158171766061,1.28468329885716,1.3702156568105,1.14748788278188,1.39602269856033,1.54712602388997,1.92414435849616,1.670399110579,1.6868103218479,1.5746652701421,0.996203349564748,1.04330699360216,1.07061808649271,1.01639426345357,0.992323135243621
0.851968922599547,0.71952706706623,0.860370542975908,0.908221661453418,0.644508054155825,0.773077092126579,0.644949808260058,0.844011258103919,0.758297637509133,0.795597106516225,0.788078144764633,0.771507683117531,0.697244445304106,0.735409996191074,1.20900814299028,1.09084426803006,0.879570089157745,1.05344116365859,1.11158455713417,0.978020862961879,0.795758849444327,0.783167079117154,0.826826895828013,0.665437276622906,0.628866640224346,0.57698315137988,0.421207210695724,0.513068779577053,0.667708050541194,0.832795505545976,0.814945542496228,1.27117397205503,1.18181613229669,1.45415554232982,1.48685712816449,1.64247654235077,1.51784094061278,1.79763682037123,1.53920318848609,1.35314815802409,1.55047668362995,1.52119441164536,1.48056008466859,0.981380822303635,0.880197728536139,0.929306858670428,1.43163329921004,0.984137964654862,0.666219700526031,0.830605588789475,0.714812511716277,0.692897820781267,0.712610310806828,0.705481277488007,0.743581333560062,0.622841482318636,0.790402940602545,0.748663424790296,0.808829387166826,0.788930629948494,0.607744998944375,0.69838302063494,0.792208639881312,0.815049559354717,0.81380550451816,0.756903056264872,0.848671918002588,0.822370155022756,0.791830728380699,0.752501791372157,1.00643100897296,0.766109964573977,0.846735563821491,0.907741410760509,0.81260211355944,0.734310827535958,0.81296262389913,0.875345072775162,0.83863912466646,0.735207986209944,0.850598775767064,0.91238101496465,0.731407188225793,1.08180735054789,1.07396932643027,0.91442994532291,1.00002929808824,1.00497713199792,1.14712418236079,1.28255007257488,1.35832502208747,1.30916452770854,1.35959236222281,1.57680477042079,1.44103047481855,1.23018485537295,1.25554531378836,1.37336406259996,1.40992533258792,1.27533894416627,1.60958572098013,1.33619668778377,1.68319091452747,1.09782902753813,1.03348288013147,1.20640095225941,1.04218919251326,0.794278172035916,0.783827142707627,0.675677127811378,0.570639964974069,0.683504610710065,0.660812339091457,0.558070808252187,0.703344271553771,0.648291178042515,0.596123418011349,0.761437608188439,0.757639485320874,0.691835897596693,0.749165925661699,0.716469223473522,0.752042288872228,0.718632202498102,0.629606440259162,0.643531042351972,0.705619659921181,0.747373771300286,0.663659543847685,0.572694038428129,0.668856260335726,0.641935483636399,0.666109456849124,1.09517753252494,1.08902437941917,1.08848643067396,1.16397576682549,1.06624471560579,1.4022341876738,1.49564338183717,1.42281390835074,1.58673916238182,1.81065208709179,2.07316245729288,1.91149245939187,1.71528243821181,1.63466630564637,1.93070292946789,1.55108459820671,1.80090617316833,1.4603252337661,1.01589055037015,1.10918099179116,1.19432939856034,1.40972770943395,1.10702327158252
1.07939710860131,1.02594356557906,0.760223124787023,0.786358341067677,0.719119970696204,0.82090975815554,1.11785280583465,0.753605359791271,0.916614233628845,1.05013348170817,1.48687086011813,0.910693696478215,0.906094313045375,1.86142441790431,2.21133287765212,1.48578440462676,1.72169581475579,2.02586185459651,1.6697115022441,1.55138883917106,1.52881266489088,0.970875643917786,1.31467124883495,1.15866663492572,0.614921613724151,0.719180492167394,0.888712508538168,0.790280042980566,0.668453761341043,1.03188039767019,0.965601198521316,0.963697609196037,0.990562841838946,1.05497225378181,0.996343703244073,0.751977992580425,0.773553713878638,0.909452144558973,0.871095451471495,1.03270410157808,1.20137233604161,0.886222653221933,0.813978709649691,1.07706758471117,0.992671374543094,0.952153637000963,1.20028057610712,1.11888875626898,0.946128977803934,1.01352299647599,1.06056376088556,0.937004596709323,1.06209471229665,1.1604486963495,1.01818409362736,1.12659838400448,1.03801191332474,0.809804229212343,0.752672846919945,0.515333474130535,0.747460766903219,0.792092313157398,0.516614391111239,0.58427255535866,0.6094038827787,0.553826941430037,0.403539470208014,1.03184245714954,0.972611582939309,1.22907382342166,1.37690309143405,1.44062860541054,1.70820912858191,2.0599042612832,1.85848495749284,1.79917352581896,2.01039859266753,2.30167417917966,1.34411139474715,1.50042742767816,1.65150804832232,1.47589686516908,1.27383181069999,1.08470065697777,1.09852563022708,0.880953243500788,0.707782929825066,0.627361924203249,0.581995483278933,0.505238915433214,0.649688661873815,0.428166944985725,0.626090586180928,0.670286971587812,0.596190083948966,0.397585086648935,0.498826602519503,0.62126266315206,0.653819739926943,0.821838879557115,0.825656495948321,0.819914971629341,0.758313842990356,0.911469618315272,1.12184502729877,0.800506810675182,0.755191588757754,0.902157748847984,0.688930695670294,0.750171345915887,0.788633369069612,0.762027329274172,0.8950521083634,0.8775502367865,0.88837145380206,1.07836639632689,0.844382821842767,0.949079229728478,1.06572377718392,1.17037449368201,1.37721925339229,0.951449242586587,1.01485084620202,1.05991250774501,0.927173052490297,0.851515160504512,1.02224405197557,0.91878054148073,0.940956558706772,0.936080689149915,0.998156620231067,1.07001077608693,0.993232498249421,1.24354250644957,1.13341730766773,1.08648725253561,1.07914888796735,1.3595991734177,1.08241261875533,1.06132489670504,0.999545730753052,0.825208997690732,1.07035224818453,0.92321066540379,0.80979977005872,0.946625724008854,0.972359747545337,1.16082498135104,0.9585018053552,1.19630547494004,0.996834244381057,0.359421602122427,0.39032826562382,0.566761886913091,0.388040896426961,0.44200241869419
1.5875028873514,1.38479590227015,1.65023713802371,1.65353166031165,1.32941138509165,1.26570436384039,1.1220559116608,1.12077913989384,1.20744489452458,0.932190302024434,0.8386407456577,1.07088440479256,1.01615282584561,0.89714089219845,0.950121581138847,1.02101060859284,0.809421646579886,0.865061678730867,0.957942259737923,0.911153526074393,0.848048730380076,0.71002888273873,0.664846615744496,0.609542819612487,0.585699986471258,0.485008384908313,0.530289644542742,0.510107884698483,0.493881607870889,0.785771681884303,0.657903976248523,0.910561950578296,1.10979032287606,0.953080075241944,1.08307185364444,1.3539624738995,1.412840942957,1.70131593478316,1.30635309182,1.92529701617434,2.63242294193332,2.19371996901136,2.34758739297993,3.1532231044841,2.39031640920179,2.02457110333417,2.46948693922529,2.53429704558873,1.37986236294224,1.20840749431483,1.0488588796342,0.813214425701244,0.948208504138191,1.17079599713072,0.945618875625125,0.839214933301237,0.996518114077825,0.961402052075025,0.592303873491835,0.789788269276008,0.787776124628978,0.592237117120087,0.726728721311509,0.732807620723597,0.57830785912844,0.731017676681214,0.61581922824649,0.520267795128069,0.677328200750812,0.803323317913757,0.653666605365267,0.67006903310028,0.80476692785404,0.741429368256351,0.843623741103192,0.691156571466545,0.793748639622908,0.91809121067631,1.35907976132716,1.41736934502129,0.90103241994254,1.06648135581896,1.15673397734162,1.05151740387868,0.948636044968307,1.00515778516184,1.1043469990983,0.984567381228185,0.707801558873943,0.829554164816192,0.883174601263533,0.715200612471541,0.777510401762154,1.00689134248923,0.879454094277429,0.674613280572585,0.789021281832978,0.717884074748301,0.663772424409949,0.676062630506517,0.722772254493951,0.787177631454262,0.872428118323114,0.63844198482363,0.81054267300642,0.601799522057961,0.484045872460705,0.724653480124837,0.635180491429528,0.543178073113576,0.6158016152711,0.656385888961965,0.596920450383586,0.560564302964573,0.867592938555452,1.01515050997721,0.784103960625121,0.988044535250353,1.22878820029534,1.07831902566197,1.20881915766976,1.24950829748288,1.04857624686882,1.26267860041808,1.33469295892646,1.22019691780549,1.10251937802788,0.987402704370033,0.980253989664517,1.14918664789534,0.886249452239373,0.817468309898786,1.08857676055076,1.00174288982809,0.715402861011683,0.806486992542678,1.30282534809776,0.756074776995766,0.753463426025817,0.989594395282297,0.9498999200703,0.90275044236607,0.921439948355065,1.06681158778858,0.898832792390168,0.967568661670035,1.15060334440413,1.18109324874342,0.962063884461519,1.12693429434885,0.996649770150601,0.55897537934601,0.524540123092184,0.646932673529853,0.730254936376906,0.674602332296381
0.92486808886089,0.898931089360415,1.2693212593447,1.31560614496175,1.27234661805479,1.05965361847525,0.92609938806749,1.08381462723368,1.03935923316034,0.829937989427405,0.858074340572335,0.897383079726355,1.13494352177406,0.944327706238204,0.871035493651373,0.975810028548517,1.08910249838171,1.21332617253675,1.17307002328447,1.0113218251318,0.992446045852101,0.873582170123656,0.819128180004024,0.930160946792907,0.770937875255768,0.783439505134947,0.889219042455747,0.924929795050023,0.519607224902203,0.949589857679474,0.789646395421385,0.570347307434647,0.853036473602484,0.991730544227668,0.617214999360537,0.558483825154996,0.561250331073845,0.574460234640766,0.58895116423465,0.73256035070167,0.570449283077205,0.878616397273222,0.981375628865878,0.646244651963902,0.580355435390853,0.834980809483354,0.664534575729629,1.02910125389637,1.4765672271704,1.64594616698267,1.62692387792416,1.59024631337798,1.96513391295307,1.85485392737516,1.28323566104701,1.4971001149186,1.55870611218154,1.32840141704166,0.85378243260755,0.920849210112843,0.892351226739187,0.845100177108602,0.765502382497996,0.881737484449934,0.935289348696953,1.03379932337134,1.02007522703302,1.06456128498434,0.973708152075901,1.05119032607711,1.13269711227937,1.09473084656444,1.05299377001565,1.23253727118135,1.28138260067833,0.820339218803949,0.841907180259708,1.17548590243332,0.788875834328629,1.00137061577041,1.28309315061041,1.19383113795418,1.35886826982273,1.52367233524092,1.33523348505027,1.25775285313623,1.33320772308336,1.32688960331383,1.14433996807826,1.04248323888047,0.843303847282852,0.961300894380966,0.97711023233586,1.04421361616806,1.06512730743297,0.927957819996208,0.879182461521464,0.972818905130369,0.956842513862315,0.940209453694824,0.65385677428659,0.721110645136663,0.858849595342969,0.691483231078691,0.732841461644577,0.792114762236011,0.894174171371627,0.787942286931602,0.826839742198974,0.813445905176177,0.761564276241889,0.999125304019119,1.24660021356211,1.0297181548234,1.09362246349784,1.52180141593668,1.71949432047623,1.12200190926881,1.10970683247117,1.46423330076578,1.187879960318,1.44097599343984,1.46417852952481,1.51986838247787,1.13839149286915,1.15910059315563,1.28369483512369,1.1683176251921,1.18049633904959,1.16487194959485,1.02574994198456,0.86034304306196,0.622857089628059,0.619203986573879,0.783166891225129,0.560675930320238,0.633720444966437,0.577362225840278,0.762165552666759,0.768126482117055,0.685180521817979,0.823057504415766,0.830102336911645,0.890138661385163,0.826498974939611,0.915504518514129,0.939286986821249,0.883921754588382,0.819923488089622,0.939978230493029,0.836865704614536,1.18014276643282,1.02369408210655,0.738084687297905,0.839905332385181,0.946506865994731
0.960871587263756,0.816004066933821,0.884323933466698,0.888368769527906,0.676745671707898,0.816303938674712,0.793146947270487,0.77527902434347,0.801207299804705,0.835155620367653,0.788245681768669,0.750746970832459,0.821352222014931,0.811334674624495,1.26032268159317,1.16409462264867,0.947708972334774,1.20119074577242,1.18930025024797,1.17256375428048,1.01064937034312,0.927070178387687,1.15431443758745,0.920905459362014,0.790508137945827,0.677141474796816,0.650041838131915,0.646514530709843,0.623788134820059,0.812505826114382,0.823897206147325,0.858389385949667,0.877299238025851,0.914802344351128,0.827452375569631,0.837866902480125,0.711932059257723,0.89523020996025,0.856792340337145,0.850920431197863,0.790092345407667,0.804606348983553,0.828573332789146,0.913615379865835,0.684777528745775,0.827023404316829,0.891641850675418,1.00567972289732,0.948501498494762,1.14260749674884,1.06472412861112,1.00480886362725,1.1402364374735,1.08818598898564,0.931776896968685,0.852429057055419,0.906441512573696,0.884186097402687,0.649321355407442,0.68391441881064,0.686017013959964,0.602874220460307,0.575149986931308,0.537380232710122,0.539472422966836,0.847158522981401,0.550038398972295,0.551727173931536,0.609940000545718,0.670277875946612,0.957171432677173,0.911217643221574,0.719255221360209,1.06507497954756,1.03192834605583,0.7206738763391,0.744637858134729,0.980625878928004,0.813457482699248,0.922677039205157,1.1680789914014,1.12674305436104,1.4514125174577,1.75490441758765,1.3105638685622,1.36080843603905,1.53575290290432,1.57017567501748,1.18257472431125,1.50896389646627,1.54997732456569,1.09133914384984,1.05281997618722,1.50617012570258,1.62141493828979,0.948637728158508,0.905985741579533,0.882288028868831,0.78557391763215,0.869072887130353,1.3311689237141,1.38993073847984,1.25898875045891,1.18885751582109,1.38495481598441,0.797417307018134,0.695358380200767,1.13934127126255,0.807342302669501,0.622209794604937,0.669287268485028,0.64009397763997,0.48056400082786,0.667824382414079,0.654244704307548,0.875110843892184,0.902460890955533,0.873363734464053,0.982484370505044,1.03186861625038,1.25435702081459,1.01560130384536,0.967801412295785,1.21675769546774,0.945953834703147,0.912128295905712,0.954858892353034,0.878318108127017,0.881630616469345,0.78974468575961,0.729787578225418,0.842889283152821,1.22590282636994,1.19846021507425,1.18285787648886,1.372385125534,1.41627958016419,1.24919675459844,1.28440427484582,1.42371011929453,1.28007368904936,1.2996113167926,1.57253259857853,2.15796376514965,1.94830392941917,1.59126082169144,1.85427055112772,1.98168674559269,1.6383235702692,1.9507448286459,1.59311345207451,0.706764400385283,0.679442958024347,0.831231557893597,0.755841500124937,0.737489339291847
0.88392833070328,0.875770463772555,0.974481056205942,0.972546838934712,0.965313555245801,0.895450732727939,0.777470259479489,0.816098184254232,0.883606170495384,0.75720273709267,0.597854483642073,0.642766940476369,0.843218021039537,0.828726646434596,1.05667591198812,1.13016812893177,1.00491992177093,1.20267544187227,1.14768412640541,1.12751653859606,1.15972537004845,1.1156778003128,1.18542775601221,0.908553673164423,0.938829483299189,0.743105801115692,0.690334250468945,0.820349938477208,0.752180782177048,0.773959453549926,0.66539752082343,0.833366444937971,0.732968367662774,0.674743006509018,0.751728114625102,0.858696022237824,0.919200843521713,0.92108223527312,0.910367501251151,1.09582136534325,1.27739071117915,0.981493065312862,1.23917532487467,1.60368772860245,1.43647037515727,1.45368845486213,1.24693861391585,1.37591070628217,1.28211919578112,1.09040652924957,1.18115335910026,0.842846396506927,1.18112589296235,1.49841679210602,1.17315010499192,0.931453681470466,1.24598977029006,1.27359825248635,1.09324151828087,1.04288057126552,0.925131079768734,0.88458346507144,1.06158007652078,0.951443625906644,0.902913864226484,1.26154303285068,0.927882982850792,0.922524310064475,0.897637189992328,0.978984663788521,0.978799926580977,0.915813786177729,1.02355990312398,0.926711656555928,0.978972230849319,0.647584581734652,0.650245642057903,0.644147958436226,0.733525183299635,0.775181533254642,0.805116672099095,0.953179243705916,1.09044653535879,0.880349248468426,0.875811680951028,0.898864873408349,0.945482158639123,0.745214154049644,0.673204824224239,0.736071818005414,0.603349324246369,0.484872091213897,0.685654994781496,0.875709527334557,0.953409131015518,0.402694824563807,0.518783952137572,0.667511479930187,0.795274313685821,1.01679533553383,0.958065685745603,1.34961736297929,1.15388481989822,1.12471741712356,1.29002993722834,1.14616215888981,1.04749945038389,1.15445604207523,1.1601148240398,1.10397872651396,0.980265659290123,1.00344620313919,1.19185817305877,0.936406835315758,0.929719868504411,1.11923673401851,1.01912935548675,0.876378210220084,0.84208281929114,1.16620754953854,0.943781045953901,0.96632435138008,1.05227494965275,1.17311457865966,1.0553348435267,0.952572708101054,1.02593662430192,0.962012265257658,1.04802180366277,1.03652588801267,0.993580775039726,1.06270572379589,0.903865260519466,0.918907885932254,1.30883457461057,1.38032812722161,0.875364250718343,1.24108163440901,1.26604532914226,1.03977896109109,0.892162235409934,0.946583534441046,1.20750788372111,1.72659854901331,1.37825395859529,1.31062225812693,1.81310542877594,1.92961782338502,1.3961801873275,1.76029210346425,1.32835174694934,0.817339048905769,0.733640310773441,0.699643604443217,0.674243130181086,0.742918640733157
0.769033623498191,0.6524962573306,0.838666870467219,0.894428271079501,0.718192236658754,0.711607866645429,0.69833810327454,0.752244714284602,0.903624727170579,0.678360629440513,0.673645953348513,0.834323013008242,1.04837701342301,0.881955271259554,1.61582163795845,1.66423165162684,1.17028397897854,1.19880911321643,1.57174116021796,1.4643782772188,0.971965467239568,0.99938616046895,1.1114668613804,0.959239342388944,0.669364541061196,0.743834589391939,0.472014502166489,0.521168351827643,0.469301773861545,0.606416525246632,0.68392027452226,0.768509714623125,0.708279681954832,0.697262108288905,0.872650360762495,0.680485140621209,0.814843595646279,0.896597904881633,0.841512953853683,0.94797580598673,1.1732480151971,1.12418038555916,1.14202669181611,1.36746988639033,1.26615123133671,1.35346415852914,1.11905547789078,1.14149818644959,1.17159401131518,0.878608493407608,0.755875335085546,0.743488213974771,1.16598543309627,1.19346390845554,1.13611015082786,1.10945791763417,1.41617692686407,1.42854306219532,1.24809953157468,1.45815786825308,1.11808961577297,0.888736356256418,0.990414247195895,0.751526000892826,0.587906992309247,0.899933260122006,0.415870272449696,0.430114802100635,0.544684666677694,0.583982891957119,0.664736864487273,0.658185738465157,0.702623487480672,0.544179299746944,0.746175661410853,0.554209230875973,0.62898938077766,0.805884951090347,0.780497634904466,0.845445158423573,0.910661288008623,0.934902082265291,1.04681240177394,1.30017873835241,0.981114415705392,1.02416587780582,1.15816159843129,1.05472967620027,0.81711725216771,0.837774184385191,0.892091075398715,0.773699650852097,0.773989204757348,1.13186624169276,0.942372162507961,0.450875557988543,0.59037106523576,0.634191601689217,0.810647329423268,0.815014128122821,0.855548014595104,0.930734751513768,1.00544056957328,0.89482240108281,1.09445276145476,0.939587426427045,0.795848092819581,0.843121673194423,0.72745792292102,0.672698329851738,0.553189676543015,1.21815390685094,1.46682854267963,1.32206964670451,1.2790353094205,1.63036187769761,2.06136591981791,1.68878302453321,1.98908181865379,1.91701645866125,2.51492941709376,1.17865786393399,1.52746539128386,1.22371203579605,0.947255083765887,0.798945301528786,0.911753359356597,0.729210517598749,0.595865591462993,0.520712762852642,0.454230917743831,0.649882389442301,0.54569062880398,0.678937775807844,0.814091247766592,0.743557414010005,0.743205572255028,0.792356956347154,0.992911732347492,0.996605461645513,1.1767435270129,1.24912827497435,1.55840352032263,2.0868862946786,1.80494553643021,1.63602110273782,2.13146303399914,2.59240008203926,1.92888683412734,2.44241302609752,1.64856969654441,0.453973230365923,0.577119499469878,0.712840154638853,0.566333923360278,0.595963759066329
0.839529057609472,0.817913609611986,1.02450697048057,0.992113307507639,0.91090513970386,0.843713643155395,0.828619034078715,0.996920483258522,0.969934998932407,0.857666213201804,1.00768431819166,1.02777859975065,0.973701954610328,1.02027479277187,1.35847132932158,1.30651702487456,1.25119126018212,1.16264288223275,1.37754631551128,1.15823734535383,1.03258844191143,0.728531584924022,0.836580828539347,0.736849269527823,0.607638351857232,0.757190733954168,0.630018456980199,0.687233392593596,0.631592366972858,0.672791116792811,0.639439294072918,0.721639459153592,0.682983042061515,0.681823650782187,0.699074074846716,0.792110053758332,0.857443734317316,1.0400393370966,0.873692108616376,1.00542603374162,1.02351326545566,1.20267200298363,1.39086581156067,1.3991786500832,1.11741745743345,1.18829681903608,0.986242356710906,1.08114351864961,1.00076236353219,0.739360932154428,0.729501048471393,0.655371467256551,0.916681539527924,0.9785967994394,0.849225797555229,0.826392680360113,0.91291455329756,0.93597838800944,0.910753297664877,0.956149867297338,0.790935664464805,0.81267794334619,0.795193084658663,0.666061106117009,0.709235965048397,0.836209004811839,0.624602614957957,0.750167313099892,0.829358287097018,0.76446345109885,0.813067992195465,0.841424505971901,1.12480558255335,0.8924099176347,1.47926854436863,0.813834505501655,0.82915541784789,0.94575364206734,0.80342161221,0.691123707456793,1.84612898458852,1.66021540624429,2.07384113379896,2.43520975210155,2.03602192583811,1.69653427591173,2.02744920450523,2.35002455050469,1.72422801771414,1.35122442416459,1.36785137894779,1.23628921927684,1.24066712181898,1.57564051536753,1.6700033520162,1.42252926294948,1.21596188505974,1.37276010345147,1.11646673348337,1.10953320340588,0.91549126744803,0.950705362692865,0.785750032336521,0.737039889319296,0.630157229662572,0.808485461780997,0.645837265335154,0.478744977567275,0.690283405099816,0.620727659291662,0.635501942398316,0.606987764873154,0.699327311437112,0.769637718790675,0.774563839606766,0.746637690961609,0.889605219925178,0.841604820701146,0.981391378653245,0.821480730703548,0.898815602919798,0.865846321853636,0.749392776877664,0.757897446857491,0.629082724757372,0.677713398726561,0.744904593099699,0.612391616990723,0.558036631143096,0.647153928938757,0.673332427284273,0.49199537122819,0.464267021736696,0.622297214541837,0.482756120021564,0.548205840000117,0.624468519083056,0.618662204679588,0.886686203968298,0.950691096057739,0.987829456625646,1.08337591545464,1.19392420783534,1.70131015905437,1.45163400743184,1.64488441403549,1.81378697376171,2.17396041533067,1.8760854572821,2.01514102849913,1.71425336839025,0.950343948087176,0.888916921721421,0.858332720456507,1.0054731065214,0.922867327182497
0.941914061163899,0.923923099530962,1.02910990292539,0.923699272272159,0.866086864437253,0.923751862836501,1.04449548463323,1.03050148459269,0.815819681563413,0.801651304677425,1.03078409278441,0.77036930345877,1.15890309309717,1.00212641146835,1.26523751283475,1.24651287481869,1.15122272543163,0.913830691258374,0.92365117487462,0.804703040934538,0.840627812853342,0.746187690034666,0.943296533470053,0.88381641495335,0.650886893263069,0.931106154718315,0.985461234958596,0.782446736036091,0.765463114313701,1.07804671655447,0.860719900506501,0.883231601257419,0.909178617773628,1.07454030199562,0.807287559101701,0.710487865303085,0.766701849807814,0.794670191463166,0.660514047897502,0.874497765851005,0.946168603314574,0.854060443243687,0.90017156898022,1.07525892416895,0.833890939935982,0.875005174791026,0.916711765356589,1.89421127977477,1.85935871364807,1.87964072478645,2.19504536043361,2.19323589552484,2.47856871949491,2.27382580970552,1.53180303761382,1.86430667345374,2.0946502581823,1.9449059961358,1.09035531584469,1.06819559353638,1.46668052915073,0.911924354251825,0.702885187012842,0.657574778425978,0.615475730899273,0.669774425620492,0.531731395767273,0.658435827755974,0.718504269245299,0.79890441775312,0.839436675972942,0.787201120505069,1.04705783961707,1.09056852643254,1.29068321884408,1.20710945582327,1.4073624632578,1.54362101213227,1.17570643830607,1.10002683693087,1.60750188048641,1.41808861627067,1.51398743363572,1.75064823066571,1.35286867651459,1.17968873642671,1.12396073675045,1.11081392138402,0.904447915947637,0.892251337070334,0.9255170634454,0.810482590798024,0.737097819833515,0.879675209960762,0.861359045671835,0.785727404406099,0.704292897116936,0.755782877679122,0.587945891131733,0.517603888417433,0.534538736712262,0.669908072840229,0.718745804840685,0.640115419748162,0.713149355310554,0.761742551004926,0.68619102071376,0.722525622616584,0.795643381938769,0.96409086633997,0.852443704966841,1.08166280310236,1.37426160060567,1.14215825898706,1.06648438540313,1.25040759163781,1.47755477012608,1.12322288980654,1.17336005904969,1.36519913249228,1.26514543933011,1.18493223877693,1.17460213465619,1.07974518063968,1.09838381156013,0.874281027988956,0.997502297964967,0.944178292799017,0.795914957652943,0.861877211789511,0.899571496498231,0.735136020609105,0.711798496434987,0.846323771423576,0.653338374119162,0.721659887689069,0.782063525840579,0.75052706137535,0.639824527279083,0.665381506244614,0.88178822901676,0.838592414452103,0.729945653811634,0.859954318754095,0.977048127145304,0.762951508991752,0.875722473675525,0.937626365530009,0.848594093127457,0.922443162426564,0.820033320361621,0.502315048452292,0.472385079257001,0.563876338105665,0.742117139441958,0.541773021583565
0.593240167690796,0.487574092460433,0.639740571770493,0.638262758266309,0.528022694837222,0.703560318534547,0.57697198736535,0.611709549499866,0.836770456805495,0.767717810851514,0.610467393552177,0.868390451667186,0.958472309910651,0.760331008702427,0.760447564047893,1.03412096776513,0.677804711102097,0.654816975332436,0.736982774565349,0.626352360743222,0.602476227234348,0.738452219708789,0.704599052785496,0.572159072342882,0.579620925972876,0.918948566721102,0.466485277500984,0.492057061792799,0.600594431600382,0.803270316295691,0.538924826163682,0.668451343050536,0.774375538368252,0.827863885948727,0.518086845018139,0.635721615508417,0.718735294340264,0.784821116727217,0.72417350995531,1.08923508818475,1.3342538421144,1.25688372499657,1.27258285170201,1.70542883336521,1.50431005856372,1.46981799532363,1.30180736450298,1.58981792815887,1.66449466863924,0.947302171128548,1.33023538808917,1.3362935421292,1.61642858692365,1.60365922409588,1.27707534316015,1.42307701051032,1.63767247927137,1.38425532728617,1.40932612498278,1.67763487420208,1.20355153476828,1.00449582982904,0.861779092820774,0.887148452885453,0.674484153011622,0.642502652647506,0.584605033605291,0.488966911109288,0.596876087073183,0.57571812636262,0.70428011353347,0.652463740071491,0.751427575992144,0.958294796191714,1.27955045673195,0.923391060342237,1.0215108028273,1.54903670214967,0.907506415342821,1.25578535871688,1.64543076051837,1.45987128167522,1.78519847337616,2.0791092784851,1.79589094381869,1.47588847270329,1.42000259296076,1.41703553243086,1.11363601921016,1.15182370410608,1.44128636681671,1.15651740095424,1.30002461884373,1.53033463238205,1.51678181957791,1.3739276251685,1.06731312751283,1.33408432368191,1.10571392873466,0.924426245521359,0.886441445869462,0.778183394350714,0.658705341752797,0.630945780761821,0.579290372173151,0.650452814041856,0.56589643241515,0.455012930528085,0.49390951151217,0.574079272540231,0.444518734196808,0.573511135118432,0.633365282632187,0.593926535164791,0.76546951097064,1.07667399930734,0.879841133067594,1.03031723506248,1.15071225767412,1.29675718457186,1.31817676101629,1.26350595038625,1.18357631951758,1.60122921707019,1.22447033341997,1.09165428008538,1.00229990260875,0.890403651761776,0.861502054254796,0.723438571973255,0.768841534532208,0.624638866375646,0.511094974981924,0.639002785140986,0.525119050438282,0.610697881294313,0.605588626360472,0.65428497040127,0.827514332673346,0.784830820072119,1.20408263737203,1.15845866740482,1.27763946807608,1.58849803133832,1.34858332064106,1.57121071776136,1.78175325484688,2.14603159336163,1.93533022391566,2.30295469555368,1.73852063860188,0.635721432585765,0.599942405598573,0.645995792984425,0.82888497520255,0.615672432350302
1.68461811534256,1.37060724587615,1.47072120679149,1.52840222795392,0.945346917479312,1.14940158209292,1.2658206061639,0.994615924825739,0.91078386232661,0.840853232510916,0.918288139576046,0.962493788531429,1.02733925847523,0.964251205929582,1.06078104196531,1.06172035372219,1.0919154931707,1.24748836993058,1.37277774473089,1.46156449342054,1.2492950195981,1.41103891671647,1.06935586079053,0.960241405906694,1.08036322439924,1.31047993191323,0.893799398275465,0.892564934177145,0.871330490244839,0.940999622900314,0.752264989139234,0.837179620319654,1.07364622753221,1.32135052358896,0.977406315602534,1.04987137129323,1.10183073390064,0.95423892304979,0.819825590003536,1.02206979602402,0.951527462789189,0.734788658462456,0.870112273045629,0.69487708399593,0.646601761001034,0.979107874248377,1.1078004189199,1.17062052425702,1.30291584682842,1.3854057327632,1.55488087654807,1.505623752384,1.67296655026114,1.68644385034605,1.43362888260837,1.60720617305729,1.53774056041153,1.34624729172071,1.2949791074226,1.29991369426151,1.18338208054786,1.32049662320924,1.45175821832105,1.07176851903776,1.15131007467335,1.09627182974007,0.819546328699277,0.849775691382198,1.08800595085631,1.21501470184471,1.02916931076922,1.00358325608563,1.35847519952024,1.20245237398727,1.00273688546216,0.898869088910976,1.10430747506971,1.36012243922231,1.44436994585731,1.23838621163239,1.15640716206308,1.08738284168499,0.886578340861554,0.92235178244806,0.934985793575068,0.679617839527431,0.663274040544232,0.760444262090208,0.574195788434659,0.854477405432382,0.749775510299509,0.676576872535857,0.643327941391394,0.859379218433656,0.779488799720361,0.875808580807286,0.722640026607546,0.768675454474504,0.681996716529669,0.715837510954951,0.870640321726025,1.17125198382822,1.03184278297868,0.787363446646113,0.853764670057102,0.74412578124155,0.684727335282486,0.784855737844364,0.59105706970686,0.663606721548251,0.693094878156149,0.599531270914315,0.734419201970326,0.874575541751429,0.84193742094091,0.932749691342987,1.08538133756032,1.24083541963393,1.07602731875792,1.03624676717026,1.21866251075165,0.898641879749183,0.966472124579769,0.904801688642276,0.68357049170273,0.743201110243658,0.919184182790653,0.695446313550979,0.613609778825292,0.819887034672434,0.603937460010423,0.620428628815875,1.06488399105592,1.04663868118051,0.744010110522558,0.837398614279358,1.23945590815323,0.875883230839215,0.928954382935964,0.837787869045442,0.929487105063023,0.944507444212846,1.0514482126362,1.05498803166728,0.959624336512639,0.812575257920046,0.864018922786172,1.05862389984846,1.04135154132503,0.892633739972047,0.936690039401229,0.647612339466274,0.631015063158052,0.63970934791413,0.762423720179059,0.627044131762501
1.4879293806818,1.36327593322959,1.4363484170057,1.25526180300626,1.0357774823914,1.30930746687777,1.18230028063213,1.02399547205353,1.03128054088599,0.846637348581936,0.81687900481428,0.669398871310726,1.0305684504582,0.786457032166695,0.802221436068815,0.786396494587019,0.767629385086457,0.726531361419601,0.847150738624582,0.799721707552471,0.681195461304042,0.75057372197335,0.911237540337368,0.823950926093142,0.642266168121402,0.710788168919557,0.732994657387382,0.691626417834537,0.647284137822327,0.919408756619834,0.919758150814424,1.03251562726268,1.09318784114376,0.98497691451175,1.12776953010958,1.29192426081946,1.34738743042771,1.56972484336992,1.2588512131235,1.35590129236799,1.71655681450505,1.6921360869366,1.60406223962632,1.87075896658072,1.52291758865759,1.35649004189683,1.53739422657661,1.3957434842576,1.06147535568584,0.857199418590174,0.924535087970135,0.830329267904392,0.950648059887273,0.962480498432881,0.828795655504773,0.902372766740738,0.885076280968186,0.878460629897324,0.693894714339895,0.683128195992162,0.710270841498934,0.665648040993918,0.545836166101346,0.558271664915496,0.624179037255272,0.630598376749229,0.592890658376224,0.514664088491466,0.608971988652343,0.609486852246165,0.629431930014891,0.60233561880327,0.708121952451228,0.815991137990457,0.787591872991671,0.786449254560253,0.860725473787438,0.846881290590072,1.12754162399815,0.930980287822739,0.798462152612523,0.780929867557613,0.684655552484998,0.727508522651495,0.76861104109213,0.610344119249922,0.525062651130883,0.594701128849957,0.534664673171936,0.933754869474422,1.25776222716308,0.801444964238044,0.811130730184627,1.46641072215898,2.04406943058525,1.07233473674121,1.19728860320311,1.14935745974191,0.983877131140757,1.08732101373598,0.926151888080316,0.741148027096784,0.826752164883769,0.66284103761923,0.722971702928808,0.761138745140981,0.717169289683947,0.783185181527329,0.726433585633122,0.759143928543033,0.771344093440114,0.858348055358145,0.866018205870719,0.700042987640129,0.756483462833566,1.04017264943251,1.26004624620924,0.974265875655189,0.999124348333654,1.18947525154418,1.22652714062036,1.02293804790368,1.09531467871778,1.25224054050369,0.97933763542015,0.864703892617472,1.14531688323768,0.84540427348132,0.933226695539169,1.09802969378144,0.892009801889373,1.0193170822021,1.08332087424324,1.02264491153058,0.78893371233098,0.837660204185377,1.05302084068461,0.7838786675584,0.739082114506876,0.692683114148203,0.745904029321276,0.669126432418224,1.1311688853896,1.95372881955988,1.61643746348007,1.58781408356908,2.34823378134167,2.88695378396517,2.26129033047265,2.75589651631863,1.98632446074457,0.585276376733929,0.526021037997489,0.958816352826555,1.02993767926214,0.899815629832654
0.878823870281821,0.852768263098466,0.865761548147901,0.942303064378495,0.946327755160061,0.811326516859394,0.843191957050153,0.864668517468628,1.18881146243277,0.848848314297642,0.709039827040561,0.739944131750369,0.943147803166074,0.712573918998386,0.839486592656942,0.670913482846011,0.678379968167799,0.585040696658034,0.5270486170879,0.601970781700353,0.52252693626713,0.455979606261416,0.634028507632584,0.488210270913035,0.468191636864149,0.64271573380121,0.620648011294947,0.660070695457405,0.807292481969754,0.865360671272002,0.955225742604774,1.04717907527701,1.08184974031105,1.03565345197994,1.15100485288156,1.44837265204286,1.29697389092738,1.32030136546008,1.34205396057688,1.0103404492734,1.0956166163862,1.11046927733749,1.06955129130568,0.962201634396651,0.803825930237151,0.743843655857748,0.96280858022647,0.944617838571381,0.946087587097126,0.819781624705029,1.09077032977986,1.15301299845513,1.16326908699125,1.02502530620703,0.783302516426405,0.846377064514583,0.936789071090326,0.790452932686852,0.710389827123929,0.505704656662488,0.687168969613949,0.588651894132634,0.463871452534479,0.575670361304732,0.541397460924123,0.434381742935769,0.606478041381178,0.683805602108005,0.58631255201828,0.636781624031164,0.732971521994947,0.728255990191973,0.803206357329715,0.946038628009968,0.903707184400572,0.933921717135846,1.05840464935325,1.01938432013406,1.0102209097026,0.960214446496981,0.989309841609315,0.95093870030626,1.02031892514778,1.10465686005411,1.15615730995586,0.943520979743965,0.908929633124576,1.0465839297468,0.994194868351057,0.996726053834661,1.05992132704589,1.14676048695807,1.17993212179554,1.29229095644025,1.20601400747012,1.09207953822144,1.07794133060805,1.05981280575892,1.22406901604655,1.19981121601213,1.14339699172223,1.61874242246561,1.4901700857506,1.19463340424619,1.33731173842721,1.37800180851281,1.17366315947016,1.07036775892531,1.16377987962191,1.00732297682571,0.814338466530019,0.818060437929708,0.74776998578698,0.677140009289063,0.642780441960985,1.56017018912292,1.38161566726836,1.05878369159838,1.63255098876138,1.84638892915683,2.04790204752458,1.56448116411502,1.4796840960471,2.09676120834016,1.84015709291756,1.46152607017872,1.43634439649418,1.27382652154175,1.28633019596691,0.970138626540476,0.880201857601296,0.713323614782156,0.782531359445064,0.851924950775197,1.05591638568682,0.987905794523453,0.689552937563439,0.923194138710652,1.03003778481233,0.678132199860674,0.900336685355691,0.983932265462363,1.24328585411037,1.37092287727376,1.19975732549099,1.12149303387421,1.40268713363422,1.73503962814588,1.44695241965035,1.67567026685581,1.22647049679744,0.808929661145493,1.06389556109561,1.0460294480956,1.00718971143661,1.04147617243506
1.0719641545601,1.16967622718039,1.49730864029044,1.47676133632126,1.27308017687757,1.1310082276035,1.036875911881,1.1937032569377,1.08485908998913,1.02334784285803,0.732709478576742,0.813752062546885,0.807272410529632,0.700814166946908,0.710021348422279,0.767996703405624,0.654523482554259,0.658790162533733,0.687284523204612,0.694222700142543,0.592375035536047,0.630650072350037,0.692155725425347,0.659664992538312,0.617640833664807,1.17116577550323,0.714557923711721,0.541515475853526,0.647755040092427,0.72955586672678,0.735816157026053,0.611793639933643,0.847063558809888,0.780855959543917,0.556448195476842,0.528937888820313,0.649857630378087,0.734466157415222,0.595328577105913,0.983942531268229,1.1650330097994,1.04983392042848,1.05254346807154,1.45400093230727,1.38755667264673,1.2468273590615,1.21328136401256,1.60769921467438,1.99523240728779,1.26367660672076,2.32024320378374,2.29292943581333,2.58346764303216,2.48659784260458,1.55120814671089,1.81983812048651,2.16731940093794,1.97805289928533,1.68329589368524,1.85977696454137,1.57060188700525,1.21347510051621,0.517249671092111,0.654333113423532,0.525694674921555,0.664548149809212,0.567388274071783,0.569491830477967,0.716909005908503,0.69836447834768,0.786177581009634,0.822828727697638,0.667539623092334,0.900537277191117,1.22631331522997,1.02124786670332,1.17881224457084,1.24398995149068,1.27027650712498,1.20327259002093,1.62658981723396,1.38523100491459,1.40932896455278,1.68839631427845,1.3846225812299,1.17467704453099,0.96064445323302,0.965922146214032,0.81110005900858,0.893922226807137,1.04264310068788,0.797583723415241,0.882389571501732,0.899684929824057,1.24627046468852,0.907753919226838,0.839227535615403,0.998158052444643,0.982280462243347,0.937677254348242,0.867748058614165,0.524895641259671,0.563748390374686,0.646887779701363,0.771031396720479,0.694324294333619,0.669800111631952,0.757570791957713,0.710510027341576,0.606903552968511,0.639869058578059,0.79981782763848,0.776798896146269,0.750452630431601,0.794455115876293,1.03074988161881,0.895040073510757,0.774648945053994,0.85081787663609,1.05359141342004,0.998421653998615,0.938626068606513,0.93545561402045,1.08496411548828,1.02974277348982,1.13539062229848,1.08010426131471,0.808736343238911,0.93526583442927,1.26140664717461,0.880213230273012,0.698329753241,0.834278764291378,0.833062429443715,0.6787730934799,0.632397291163251,0.805731741247761,0.757368686929023,0.758904632883375,0.84474842983087,0.800947351100534,0.724979541640316,0.892920910849481,1.10725222357706,0.966420383863186,1.0221711361757,1.23676098848903,1.46509503690305,1.19821570095175,1.50739840200391,1.20099335684931,0.659843010887278,0.641210388307495,0.664478738687691,0.814116935859686,0.746523201058706
1.44312695062147,1.39733521228134,1.36525704899975,1.45024668668204,1.72304889558538,1.21802186317665,1.21529170952835,1.38706304249116,1.03842485382914,0.864072575914963,0.999267322665842,0.880917811715146,1.48076170965041,0.758763711175428,0.800403640831292,0.637098193944321,0.634059620905875,0.568046536636924,0.479428229964198,0.568217966372712,0.594245843535347,0.588510155816796,0.561146428783934,0.623162059536507,0.609184437011205,0.774708175772632,0.710019491214705,0.833883486484242,0.741002920343092,0.827359060583572,0.825572987358718,1.15881560450424,0.792056008948829,0.77360896219872,0.970765423381818,0.958698837374244,0.889632814056375,0.872174136683304,0.79404893769405,0.860034309233994,1.00670480921623,1.00813323250018,0.892245561075014,1.00626082688854,1.12416940540458,1.02208376245504,0.978137526648166,0.808796458414047,1.02645063643546,0.677890209531732,0.949601850601246,0.971101099413937,1.10700304688799,1.09331279057684,0.963149009665033,0.964436940856151,1.34016864798495,1.38635464191246,1.27881038445944,1.35617203936064,1.07060487748647,0.989764949959901,0.991401710538696,0.814603087051065,0.661620823964036,0.729820961570548,0.598370719744089,0.623772019339269,0.690337104129181,0.707509027302235,0.640786703363551,0.66121397683313,0.683847930514388,0.851238662725853,0.863828013399406,0.876610734274462,1.03283616454387,0.946397536948478,1.30149424860479,0.95553628673663,0.920373718181868,0.913321271961796,0.788767849498349,0.739106187027426,0.727447078800816,0.739591409748715,0.780072608580131,0.625879112451019,0.712811321441833,0.74545984627455,0.813366052447905,0.572691889407152,0.626250760792094,1.00691888040479,1.17162489014266,0.722887607013896,0.604620731826001,0.618353125624213,0.686446482162887,0.734735836739692,0.735736520054373,1.18251334194028,1.01190782859955,0.926606642596586,1.22057272692018,1.23960562594849,0.966178273137839,1.00558228061968,1.13045959457261,1.02440501601876,0.948809307293701,1.21525473531221,1.21118748646681,0.951848939175107,0.797236278274508,1.65385415863772,2.10955804657995,1.58511873994112,1.66223894442263,1.81374823478459,2.25998064022676,1.59760091673421,1.57814426390172,1.8230234190264,1.00084390284342,0.915091054678414,1.33678177619993,0.86931371133895,0.817101927026396,1.09817869346875,1.14123008320189,1.40148458804672,1.08148834530226,1.17657536838977,1.13072915878311,1.11021680861936,0.84059016607885,1.02004172868715,1.01314491810714,1.00614743850499,1.0560693980598,0.882252877229295,0.974617661706248,1.42511585719533,1.20198162008699,1.25926859818152,1.51926093319792,1.92452237047799,1.64659977429131,2.00076368660367,1.42743827537353,0.480612391815631,0.479592729391539,0.509182998477949,0.539077959012903,0.49272249510126
1.28567818591927,1.02926626838815,1.31142492568337,1.28796318317492,0.982392679720713,0.91735430710263,1.0659825627883,1.16359302490435,0.83796527207162,0.895917411319173,1.08512078104311,0.80730409240551,0.826123838614321,1.00965808360071,1.1973561093467,0.994857009528019,1.01118275618882,1.12600891091073,0.883571482811398,0.792887283731246,0.851016165122504,0.851390373177887,0.452291175111652,0.532334578317728,0.579472793386489,0.789409534732421,0.509046525788589,0.551859418610605,0.746088608659505,1.00327875356228,0.903208904841138,0.933093421521539,1.2252698025662,1.32983205056665,1.09491773389854,1.3046388913551,1.27208247539929,1.25420288988522,1.1844281227996,1.30345727018477,1.3014147829669,1.38361724939556,1.31617724418241,1.44169591605331,1.18159844667468,1.00121850623341,1.27463643565949,1.9932865373818,1.75601557042146,1.91106043269575,1.96757750830503,1.79001092094795,1.89678964822585,1.90722582568903,1.58147567334061,1.68083937231487,1.92339712338209,1.57903538602059,0.991745353942438,1.31142816550574,1.28592235640172,0.783725573057427,0.772671422118652,1.00514913437135,0.792705880018257,0.640220089068368,0.620922289322852,0.809909228666013,0.853652083979569,0.936032864894621,1.11782021997512,1.08055854686473,1.21280797507509,1.68460323633468,1.46108941666197,1.1008545920864,1.40369713988414,1.46856349387714,1.26759037168055,1.06606348115443,1.53752242245849,1.42959052938618,1.22146012925793,1.4760436325373,1.22486678239729,1.09866336068541,1.14974824801243,1.05646282013317,0.982531190076048,0.946166708490595,0.971031231472792,1.02813585835995,0.897633595451122,1.02207572438688,0.983036279310066,0.986738818012132,0.96695937554491,0.977272141374488,0.929502539253097,1.02415014774941,0.935148357944977,0.929543430394951,0.944872979874689,0.777450427969584,0.636434241291828,0.788366894712164,0.717128265457423,0.469408393850149,0.682749518748605,0.662467343736546,0.482372582424923,0.437862746285544,0.568036962417228,0.584909842303871,0.615328229600422,0.788683629867882,0.895342908139607,0.90986205685643,0.91214338762105,0.873115857640603,1.0236694565893,0.83374397197821,0.734769373192568,0.685469582027004,0.48263259064874,0.43098921716931,0.657279040977134,0.419010061167886,0.335071888524573,0.551331480911352,0.43255105591408,0.249875467852808,0.355126818996929,0.638635845751194,0.463506789493562,0.357817600942357,0.6294160256362,0.771772475578489,0.527197075287276,0.593566179816984,0.994448876431701,0.878261094403387,0.905041479373019,1.0376335286657,1.12234023155796,1.12644040672417,1.09707800918194,1.30463754810868,1.14582564139845,1.32080499650313,1.3365480195923,0.92192263502965,0.819351704154276,0.876184072214788,0.834624826297139,0.84687218684679
1.39752278090953,1.05977389036144,1.40158479288886,1.40518419678112,1.01263992783533,1.01391062624023,0.973824522839244,0.894544532450251,0.918046830188356,0.74620780483628,0.721589930221313,0.789165495124179,0.838441543875769,0.918857129283134,1.13026743496234,1.13557083037422,0.929910429651045,1.11694920619624,1.26943761771833,1.19445058792959,0.904547416474353,0.726430293539157,0.801570118010121,0.802142279772859,0.596680107432257,0.600218839760772,0.509780350218317,0.493866317234438,0.606300569406509,1.21966148110593,0.995988959441063,1.09448508698398,1.47002868714779,1.70382877722283,1.38091226687071,1.41232209173358,1.57201851216663,1.50485267885057,1.12456717253754,1.46358580204043,1.65830137109731,1.36016996532768,1.00387584877752,1.16476989303547,1.50983454932309,1.38514634758364,1.52434233925395,1.53470970695927,1.35586869002771,1.42466247381746,1.34107690196787,1.3094570543632,1.37913673809042,1.33728688749823,1.39807268421764,1.06274810320489,1.59189903397946,1.38745188309262,1.10077220150608,1.56015958647447,1.24309978116885,0.930167856220974,0.908591249914071,0.890568753365155,0.695678124407054,0.878012938763887,0.451517882749145,0.471878579091962,0.503888211988109,0.524814528340434,0.512418282720506,0.604311017351137,0.710540216844286,0.627376562675918,0.559633846781073,0.609371459022548,0.702947160481622,0.673023978128874,1.08048195979927,0.800924189972332,0.563636636296882,0.715954177618113,0.714239598064255,0.89715773227652,0.754701491523999,0.704495698478904,0.741583652763695,0.814620274964516,0.710917957603586,1.18651536146446,1.11624025598343,0.83641611474142,0.735276037764453,1.11973025702627,1.41329614549279,0.881736720757647,0.598239375826251,0.719351503842769,0.706131342822554,0.744480865743783,0.806741643195581,0.529104853200411,0.692179393616838,0.52458273485308,0.573316937660233,0.755853656720363,0.648107881289218,0.533996471468178,0.555530966934282,0.6072241075665,0.482937813139474,0.619411986657094,0.519268633701841,0.593124491518026,0.71632694883304,0.742596773364434,0.880625801112457,0.804033232959615,0.921872326621653,0.839106999612542,0.88013073403253,0.911321856533565,0.844247195337306,1.07309470642369,0.938271756370925,0.800638358017103,0.760957249821052,0.819820244313564,0.785518267569261,0.983811493600082,0.78668941291073,0.680473371905367,0.924192256536112,0.877278192753394,0.727533547517564,0.753051826645093,0.944293036753316,0.647387714972726,1.29858024622937,1.56797083329075,1.32893367275181,1.36305444473401,1.42245535922747,2.12801382448026,1.92196209892725,1.72590594917495,2.32222862276121,2.86995115548216,2.30221765569616,2.79565792495632,1.95358813017226,0.351206527850136,0.377661074651257,0.505748452005566,0.553987758884781,0.430843433627933
0.607069257042544,0.776941782009677,0.912708905418145,0.909172388209141,0.988970965990617,1.04699672299767,0.961895499405958,0.808369507038524,1.07816891261461,1.06676491109137,1.07411676706392,1.1120934821902,1.21628247964481,1.19063531952264,1.34118746498869,1.20626016385674,1.36996156898572,1.42644531465607,1.49113201698041,1.36795250691158,1.14973763333774,0.915792387017115,0.939882156632154,0.98185521630765,0.821005173759822,0.919047851273864,0.747549308361524,0.921046476010886,0.556174767764992,0.831273172947821,0.736154576262175,0.689779399884101,1.05069221057921,1.07911610692985,0.733239534510278,0.83719403092582,0.881188435822837,0.887980044984982,0.677429920371291,1.3102219124881,1.33162779968273,0.687594302514516,1.10624757799888,1.695217350945,1.45005251676864,1.41847378084378,1.441663139733,1.8361037515342,1.7542014127098,1.86647686803779,2.02218908509291,1.5610337722235,1.67015056837285,2.1158792747476,1.43192201159882,1.20601005628695,1.27536097796987,1.17210781791622,0.875582684313266,1.07024224020484,0.821397690863808,0.860690491842575,0.582983329257412,0.585383554462429,0.692953872703992,0.972966024361769,0.626673228164,0.758517752112126,0.882572123851706,0.968882361048891,0.821706798098322,0.838879202058768,1.4584486253635,1.37646338064929,1.23502818218145,1.04455386099267,1.2203375252999,1.42872395379166,1.15399141205893,1.09337274651434,1.23435158694585,1.10686259241586,1.1755335921277,1.06016150270403,1.29144844797238,0.855652226619975,0.866851861737806,0.767121100989076,0.645208599544933,0.57978602495099,0.58732625282423,0.516024952729765,0.531073510122183,0.694756825962541,0.598183961187743,0.453164048708574,0.500605565454253,0.438780181167667,0.545270053226941,0.492792684162808,0.551434746940459,0.672639315739907,0.572015778418159,0.581512007384121,0.616049107115433,0.753526441991797,0.830391201552094,0.827946705263429,1.17785322251626,0.939232835439121,0.899855686650312,1.33795050756188,1.13102605321973,0.974957036477622,0.971830496602509,1.33842527402985,1.47734859954972,0.955265770637656,1.01375776727971,1.33657259294421,1.0044968132161,1.09447415342063,1.31366404095742,1.44371729202426,1.43191010978012,1.31817803322324,1.3878608868092,1.33211169883086,1.45863396942301,1.27064406497623,1.23357225287323,1.26143330525458,1.0086267659258,0.876124117209198,0.910006408093349,0.720388016259457,0.768249060975501,0.730756745539982,0.735323269971444,0.723016639068301,0.90691573126782,0.786021005527839,0.771411861596753,0.878426234706828,0.742018080958826,0.773252207182708,0.883052625811934,1.08754381329806,0.957989876128648,1.0573421322921,0.830390098034374,0.540609713748432,0.472521699520263,0.428077850779535,0.438435466789973,0.490107881690739
0.476592344380367,0.546834057436554,0.65945700881757,0.611329689978243,0.772353913434221,0.70771088388536,0.636534156707896,0.699351086208721,0.732864574969338,0.766424186595671,0.763040401159433,0.839063561979201,1.09107698523795,1.16232986286359,1.92586418558346,1.83530193448573,1.58556762176947,1.82356595583675,2.11810042736779,2.29200883672753,1.45372590429142,1.4835348048694,1.78650937286726,1.45094826628572,1.09776829924992,1.37175029578184,0.924913218364053,0.746122369108338,0.681503643272477,0.993814909200973,0.8886160699257,0.774166383678622,1.21750551889391,1.07006665267931,0.886294796544316,1.06041234935699,1.16487398258435,1.26574253088124,1.06030584279905,1.44705141872355,1.76865898427595,1.20512873644218,1.41399240469207,1.96535221685923,1.79117378152014,1.70115478085884,1.68831382864606,1.93573607902523,1.85422873209299,1.63867795312513,1.78385431097308,1.46145203711807,1.79853027552425,2.05743622171263,1.58776413345685,1.5524334219949,1.72668379062904,1.71522204772481,1.38095269227872,1.6991870235066,1.35498589658564,1.26167450547828,1.21532692943562,0.88716854615712,0.862351130082502,1.13344452640304,0.737889998402338,0.722549968529369,0.861447762238919,0.979024358383991,0.865634307318017,0.774675733813262,1.02983208105211,0.711244462357241,0.68152346151993,0.636172511166554,0.717252061228043,0.770916843548845,0.71022283709815,0.483616511863458,0.620275971321131,0.789359429160973,0.656956229001755,0.889908576761438,0.931698248570298,0.675921408845157,0.674755192014714,0.685400138596097,0.617769124243347,0.702718543960346,0.872323219108369,0.635517297747256,0.681603809381806,0.919184238888992,1.17105321254852,0.530554403109338,0.655808100341067,0.706575740428403,0.662203155392659,0.687853855344303,0.744191141073701,0.698830574508503,0.815332740226362,0.579321344075098,0.533136241006073,0.678035659380869,0.74784541038218,0.664501759218287,0.800237121192396,0.828726210455352,0.774139831408311,0.793775142619508,0.93352093142245,0.869600270642471,0.836191241526604,1.10837448367328,1.49530051979856,1.23052526450559,1.17712930920557,1.1500480021756,1.16068363859079,0.958922019818941,1.01600581634211,1.1068692131335,0.709424145809406,0.68653175274635,0.906473375002174,0.648607629132863,0.620192441373948,0.622098493633414,0.525590869124436,0.547760747968789,0.48720413290118,0.472612810921191,0.453094453129295,0.404061818611626,0.420644570596857,0.392707408078627,0.483834181718289,0.509584056033344,0.527244490773548,0.563169218958088,0.759952366748914,1.15690025109178,1.07788165898146,0.942597862799201,1.20973267517449,1.52897843753984,1.15635421608972,1.41658824738643,1.11140959898754,0.558328045774801,0.536541510098933,0.696198936582148,0.745002034634156,0.660127590546642
0.784108716832483,0.799129240953072,0.844045521424955,0.766188556579567,0.806913042502776,0.878116389295421,0.91694246953145,0.890714708339623,0.834353005086713,0.922109521888344,0.782832842195024,0.597965572514946,0.825750425351435,0.95580606045782,0.941268668633684,1.06397681521387,0.900005880761553,0.629932446984073,0.616038286764711,0.609054359142053,0.650578762899202,0.705313229938774,0.694670830660288,0.71422613902838,0.578359189157642,0.647134772054678,0.70981535651442,0.774534915720157,0.551992402560585,0.917240760199709,0.848980465512412,0.918077425681816,0.786531866971914,0.845776060330614,0.805395421342244,0.725730612162697,0.800916789546357,0.793551643070313,0.621126483016621,0.897815453543729,0.988865834002287,0.677177640516732,0.762781448484811,0.921046583361231,1.02699184836384,1.07661540733204,1.01556474490832,1.06835493857984,1.3644559755452,1.40150504906004,1.46295511787451,1.32798024433631,1.57417382644721,1.70053616134406,1.25390261856708,1.21268201734449,1.58029237844561,1.58404615154364,0.908371544440707,1.02239680077195,0.924353092864935,0.739325841602245,0.851822212966971,0.646028040138565,0.587398556821803,0.724888158483354,0.600271932374883,0.525678370002436,0.571709428896238,0.622110734869712,0.730664268803091,0.916794530731511,0.852258295563663,0.965338279022698,1.63606848246,1.14135179328749,1.16157372536636,1.45620234122372,1.08835447426102,1.29238397690578,2.08373357743273,1.77854500661114,1.9408688590184,2.25356887633123,1.77436540925476,1.59398312029118,1.59585976793164,1.58329460088905,0.939893787336626,0.809590924505647,1.00070884788253,0.644444819223212,0.712865997145134,0.964022796712449,1.13928217006505,0.686478342444506,0.560557241446853,0.620100383727991,0.738123622157134,0.809644525590936,0.98561452896583,1.17362467488472,0.974567956159975,1.08953068791914,1.2885673412262,1.10951982334964,1.10187561631608,1.30430753073248,1.20292265811022,0.986421838859737,0.973981210262367,1.13646266936118,1.24473604693193,0.987582896299177,0.875348251429478,1.07430908306346,1.22556743072815,0.915825900487761,0.851779551217436,1.07404207915224,1.05951937769051,0.968640502105219,0.980335930147064,0.934861864687497,0.834784752669221,0.798272247293831,0.848083293866505,0.833428299424645,0.887856616082558,0.958158499121104,1.04365330076569,1.22151463203206,0.930771539143099,1.11744316081585,1.20388352000482,1.35284199868154,1.0650183082121,1.38376931687877,1.31557898960356,1.27138605092321,1.37324860592855,1.0676357553551,1.07874674059611,1.38755280291637,1.20043281724968,1.04764019528175,1.36120689813863,1.55602990925225,1.2496292163605,1.33680788056809,0.994467219624123,0.473764434817267,0.434740349674304,0.337197215697287,0.503842882561344,0.462440446091864
0.842694015501882,0.802277823985654,0.994932739350864,0.985684596032167,0.913348119868473,0.872019919341498,0.795090786609409,0.68358700897497,0.888291749259079,0.666167983103253,0.627759133426095,0.580034216251123,0.609871793484378,0.708046457876726,0.868869208474762,0.734182396414513,0.778040125137149,1.01726490799428,0.918449738608232,0.932288229535515,0.888478133142389,0.769044748502617,0.705240680113469,0.621540517068045,0.657971142753491,0.661580332818195,0.570552020524039,0.584950479833946,0.631719541301632,0.895944869466106,0.847248627010766,0.803771431074573,1.0350921364644,1.19487084119329,0.940466538235244,0.939966987632953,1.01929212695633,1.68222683008661,1.23611909158451,1.70024337887887,1.99085781793844,1.67768370780416,1.84693983058481,2.53726479623451,1.95684092248442,1.75550339533296,1.94613452313577,2.19769298184809,1.28119366790306,1.24425176995816,1.19256320985354,1.13747146022069,1.08862911635334,1.18818010423007,0.906670407005645,0.925158021528657,0.939811666716153,0.700722967831125,0.564363011494838,1.0140686196024,0.813125146553592,0.587150925830233,0.534866987563752,0.823437359681919,0.628177111432467,0.671986484119981,0.560662296154433,0.679710268193477,0.627069521522675,0.724486861083944,0.893315622284448,0.801508735307427,0.817319161260781,1.07401980518767,1.38124571776171,1.04243052748937,1.2070523675855,1.64345501362872,1.16738812503705,1.3190238818893,1.6304222158141,1.30031187984728,1.94599083790974,2.36651164384182,1.90970418269398,1.57597776313225,1.31946046667605,1.41165713214919,1.05946793144245,1.03488967948765,1.32803924716699,1.03731868684342,1.08782835648684,1.3593274039341,1.04099200867934,0.778851887632499,1.22827184102395,0.957497596640924,0.773558359319091,0.837200829925246,0.8239418046431,0.65706364948304,0.708037736832306,0.5561383492542,0.509552056305082,0.690920144638146,0.564996794000286,0.452492347554043,0.594318133044579,0.605727670492976,0.551420852684704,0.710685132255454,0.710802443238349,0.690542705406566,0.70779918166474,0.978098725837999,0.731379488541795,0.781087450574965,0.95934477115612,1.13901621077697,1.01633575625867,0.993686151885176,0.965573920275807,1.28340704907795,1.30141939054378,1.19316184907853,0.880519625749109,0.845360298072984,0.871153882777827,0.824560952458328,0.596665319863638,0.57063917334435,0.586924606842382,0.575950564111572,0.501645588105423,0.516320578943713,0.735189119593693,0.57832471340095,0.619538347442804,0.704522187956091,0.842568519013963,0.863484741563944,1.18936550502302,1.47443721704129,1.25070862506665,1.250773720638,1.49603642011031,1.9209316562597,1.51977578871682,1.66993611247588,1.32629239728968,0.669680716936533,0.552239204237389,0.912872598599252,1.13964175475255,0.95905502595915
1.08181767078097,1.0221198121636,1.18374690460484,1.14362893273508,1.07660849037967,1.1043512821534,0.953512302898315,0.937903694333556,0.956866251559731,1.01431071326684,0.682549319634254,0.695635843643069,0.949583105639249,0.838172409947401,0.798044994036707,0.914069251486656,0.885350770807575,0.822399259843577,0.876952918103637,0.738488149455068,0.702786684692954,0.606429926071112,0.675629286149917,0.738126659155444,0.594999303259188,0.654490739716669,0.766879415466047,1.03392713317893,0.700380291252276,0.86366753466661,0.946303405498449,0.950595787829004,1.04693948051257,1.01576481909724,1.04686375953828,1.01514425330187,1.12576596576227,1.25227942576586,1.16977197909228,1.29390611319914,1.32242206062113,0.95498399399048,1.13565366988517,1.63781908238585,1.26681787200826,1.37796184209396,1.30895381756057,1.50277962992878,1.27611562007561,1.19074640661687,0.948052982624325,0.79015041196576,0.940621481634029,1.11217179594558,0.930991168675244,0.708438935574715,0.63915477512535,0.597233236965946,0.48187456077848,0.658644155234704,0.632150553314154,0.580244808909611,0.51080220094402,0.594997605812796,0.571702660202162,0.697044857159703,0.593219707829972,0.679755301882384,0.733495294233996,0.702193967873895,1.07704745639987,1.06950210856331,0.813138861279056,1.12309122145459,1.39399648952899,0.964109298889282,0.95063717446245,1.08802927470692,0.888114342793702,1.06474006264376,1.58781643384115,1.39204030131993,1.54950910181064,1.92821189926886,1.50164077868403,1.38140057850192,1.48132567906179,1.4568121349553,1.15914564212417,0.884317680147298,0.756273092350596,0.803939775674744,0.778323497626453,0.858766905721478,0.592898635258323,0.463085826991583,0.776878619012552,0.618770300223436,0.632504942492628,0.734408712696625,0.793320782899108,1.03018452291081,1.05322548415694,0.949506033884311,1.0730120670749,0.998555532092626,1.1156025964121,1.10016630026294,1.16747659108777,1.11768461336818,1.05518449738882,1.33161820165777,1.41495565730796,1.3447102291581,1.32223489271717,1.42431951211957,1.82231037280078,1.163518844546,1.20554342072246,1.27649357343107,1.36663743072498,1.05338107362271,1.35451199706895,1.2824074006056,1.09323287500666,1.08972984853069,1.15682607909962,1.1457678858121,1.24639149636736,1.08134198992378,1.11619289029673,1.24071967083415,0.938144983996622,0.959089693650136,1.07097524862762,0.820594375727342,1.09814622969487,1.05941946296082,0.826819220537068,0.810033056455516,1.00691509249545,0.865446510694761,1.07345634714266,1.01767655264567,1.09805492500337,1.04471774649913,1.01715682578306,1.1353883259315,0.92579300166643,1.01370974462642,1.03075601648456,0.686037747975797,0.662999286688775,0.806649706510617,0.638891775212876,0.681928432077978
0.404344053429043,0.342545504595579,0.250540166651869,0.245866824079711,0.203193414446935,0.292619830005816,0.579637585423423,0.282150138140877,0.327223362278602,0.648679798820457,1.07931749615723,0.779387697350388,1.041149221681,1.45301482935212,1.66989144654267,1.50412758081238,1.61182782612996,1.85743760687027,1.55024899197739,1.84282878030686,1.68256370857617,1.36410504385464,1.31727607405912,1.32637511725015,1.14361891023493,1.40583209923269,1.06639612972801,0.996555970491491,0.869294933581985,1.04980263125135,1.08079320281413,0.932753266715576,1.01152144820904,1.20255978956151,0.985442587266755,0.927953811411423,1.02635382936617,0.988401523768384,0.718883507314518,0.982593824093085,0.751818360889399,0.674285693765979,0.584184676754712,0.710579745994579,0.856608689709561,0.999124875315135,0.851691959891678,1.12452038449918,1.18851190968197,1.20769662954254,1.23936701023171,1.23352930400372,1.46233988861951,1.43951356704095,1.30302313144274,1.3331598750361,1.46716361454061,1.32687526422857,1.2352093222007,1.51952276906531,1.3409462811537,1.2981086238213,1.54414196207107,1.12779953352977,1.02543834797978,1.22770374181679,1.0426542486237,1.25299366123023,1.33497503789363,1.60335751210709,1.55223773052447,1.54689650318602,1.99774945031794,1.85246871398805,1.43057790037905,1.2072164785753,1.45322618917439,1.66656998208801,0.866780913494837,0.884274794722417,1.26477663340762,1.18329004007891,1.04196536795646,0.873242075210698,1.11742769893025,0.754936226279896,0.683304974010757,0.654705883956241,0.709868109024849,0.980565654984396,0.857795402188736,0.705744956214702,0.79283570939814,0.9960368698952,1.02578026002456,0.870680830392539,0.653758334452664,0.861231672446559,0.779298379484321,0.790464442369225,0.814032125454065,0.901740784823398,0.880273407936927,0.782584732508292,0.769724198796567,0.95973725194295,0.665639353676778,0.766973895942651,0.889911235534576,0.903899314144305,0.995292722633849,0.90408462650623,1.15473635469155,1.29390049600661,1.04489721548828,1.03004438376099,1.46120501677366,1.29679084345049,1.35397029861896,1.2250772917427,1.2383562004972,0.74643477763541,0.820701170863162,0.653633128235684,0.589140988371548,0.414234613519856,0.459439570742541,0.518345871072802,0.352156831962185,0.381941430777181,0.559683077435278,0.553420781570265,0.493706124939244,0.614518105193406,0.640396354872318,0.70747225542402,0.728961851063601,0.873090793994629,0.961770213074665,1.12557014775655,0.734144864077336,0.851142904180732,0.94150518504318,1.11967798454226,0.973892904965374,1.11949023092596,1.21623576510217,1.41200641746541,1.2174270691718,1.3275398989907,1.2496310323644,0.651894018662727,0.549570022937531,0.45976600396736,0.685142556115841,0.555779938379211
1.47587260379354,1.19723361380762,1.59900630302007,1.58108245938331,1.51842629960443,1.23653714595961,1.04296646235653,1.27361997499896,1.26583798862962,0.809597344392017,1.00249357296408,0.724890780527131,0.87884096874158,1.0470511593563,1.81185594895919,1.22807775141673,1.47070630563296,1.63771611943457,1.64151176207718,1.53927249186731,1.32270637178753,1.13017081659014,1.24563426937372,1.05743453862152,0.818888936221076,0.718918963250692,0.671770226133236,0.613666675112534,0.622869696134934,0.79327212118022,0.512108768469134,0.633304147078936,0.983837212443986,1.00516154501694,0.505211100294707,0.683901400659995,0.718976971851239,0.918645367406597,0.74245892079681,1.63104279765475,1.95960518766434,1.64716330835848,1.90666939588307,2.86914755491973,2.16049495163588,2.11731743144383,2.16419641746601,2.82142720601004,1.60746101185584,1.60140653822504,1.41891587060499,1.14906435901153,1.33568593414437,1.63316267951789,1.18329029011835,1.04983820050401,1.06861417897828,0.748340304558809,0.660501691318118,0.944508692837761,0.715761291595678,0.715644100520135,0.635741502928447,0.678363814678126,0.659043682947366,1.02499175565952,0.496961363672905,0.746919227062795,1.15346998906649,1.32202579906115,1.02876752021846,0.935652129325544,1.38867648090386,1.45256716181396,1.28946026253201,1.16631575157202,1.39150944240465,1.63774908027222,1.40238215601176,0.74996571514058,0.97364039248897,1.04996134139192,1.15950726588901,1.39648447312954,1.37459801804488,0.945370980990511,0.888973145159646,0.942678667125197,0.702116354179012,0.848083993630588,0.884567760788968,0.788117932813579,0.790721651516424,0.837223552882512,0.767215761939595,0.742870572293402,0.686847698547138,0.684752003566163,0.760178067727358,0.816279838853742,0.681178028533514,0.797929003427053,0.633339168439925,0.696664188578275,0.831473455479865,0.742224089143516,0.605769385016636,0.662912387765211,0.641261144978491,0.550549219316202,0.578036401812892,0.634630472068072,0.666589465877459,0.780100002768562,0.728941783043278,0.827033002064887,0.821363636256208,0.853099639491966,0.912983762803818,0.843552377634167,0.935712421222355,0.896229309099235,0.862710204885076,1.06114111820125,1.01429599138467,0.815950377303828,0.901512731851814,0.793178643069848,0.774598552775393,0.929141448635309,0.650421836956565,0.684479910396789,0.567579989035953,0.608225793191109,0.518040195598911,0.492210300258773,0.504450201202743,0.514891441040422,0.824387382487311,0.738539890351026,0.676110175962876,0.661052812380488,0.81278832464498,0.84818528031015,0.754373673896331,0.793499192553158,0.966791026979722,1.18811523345529,0.960280438096006,1.06206000788718,0.958515241661522,0.405878758926262,0.487971949435337,0.616863455001653,0.677458915048848,0.561180351908145
1.91867781341016,1.51732061379436,1.68614364581879,1.69060304100404,1.1665628623088,1.21604913332416,1.33712368445227,1.21910693037848,1.17812798388608,0.940141553633294,1.04215968358704,0.862923612578345,1.11058878820326,1.03731044530107,1.00566548958628,1.10633680625544,0.969783968067422,0.759843888650752,0.855331075669034,0.787355891588048,0.732906865817508,0.69657129118193,0.694170524473993,0.735278209850736,0.536192176017645,0.845582434618528,0.566188630555356,0.461992566802347,0.402075968587616,0.497712918664012,0.569961766021057,0.468131408731242,0.460109297428162,0.47184890577352,0.481761376853044,0.495581795531732,0.491222068848171,0.597299079555668,0.478185168995318,0.517118192133956,0.575644521984976,0.404813546902352,0.521654425087305,0.646649809343614,0.547887011992821,0.629921378290947,0.54193156890467,0.575883824427152,0.838776472825089,0.649791602250033,1.0197195364383,0.908501822644995,1.09454726830092,1.13144029390791,0.882203486727034,0.935612993882923,1.04058102697836,1.10343741845536,1.09258464714497,1.08534678765956,0.8206645701437,0.842460541618488,0.727521413087341,0.454302660992918,0.718637202830636,0.79315682861253,0.81196838078639,0.809485748405427,0.766196050892097,0.916353285478502,0.920363718108737,1.00809093810444,1.1740450256423,1.63622315065929,1.39151853082063,1.48479213078721,1.33672625847591,1.4636104173322,1.63391120408194,1.45419788638381,1.39540025734185,1.33289578378386,1.1702166084638,1.17194057892767,1.43975692833916,1.25242423975644,0.956903078983642,0.788558736159247,1.08259079334994,0.905322696310891,1.09862672451804,0.717020423619471,0.66434416141984,1.03129427439141,1.14260476342737,0.743986712821819,0.636347917662283,0.641691259218437,0.690558940404901,0.635293673356685,0.750864391356196,0.679863772085261,0.541739168659222,0.617258402274552,0.746674659955336,0.595520287990187,0.506710561260998,0.641593470942477,0.58632527068047,0.540584968913697,0.560750928745924,0.694249318080854,0.765673970332359,0.999947629734249,1.02852924386099,1.4082031037948,1.58522449297036,1.35464214754851,1.62494600683574,1.66515960979025,1.81548619651816,1.40173704137053,1.36646745438495,1.56981182028211,1.34079289032803,1.02146745633875,1.06975117863189,1.04534323865626,1.01668825555969,1.04905164131161,0.833443553380927,0.706967994678271,0.976524863901386,1.08921812938704,0.739622317715656,0.855204780297879,1.18480978333274,0.900561704011764,0.939223529884495,0.991445384713243,1.27620958094084,0.984377231010362,1.64741722792415,2.14165107423858,1.81251281060514,1.71108923541072,2.29326816185465,2.84003578693651,2.31872071273099,2.81653484880108,1.81284566527426,0.728693645651091,0.717797316889914,0.415851293846212,0.455600655833073,0.72333263396541
1.25205977974543,1.01373227291058,1.12030112708976,1.14297984405239,1.0602799970833,0.896504844580053,0.864406623178724,0.979294993851969,0.769644675672231,0.737224628575217,0.905207800759622,0.847314968452262,1.21280739936196,1.02833203041309,1.31169935514764,1.52488227933416,1.42026139032531,1.32125556985572,1.39941778291367,1.28658072033986,1.10564756122162,0.814192137169532,0.883447596483326,0.96883637439107,0.819661351214164,0.597643240985781,0.792993136342603,0.715750326515441,0.507740538164159,0.498803692074005,0.615083564750919,0.580028878509955,0.655121846268265,0.592643999720756,0.527371168731544,0.540607926739664,0.550551028446629,0.727713059550885,0.777111553517333,0.871980660162672,0.886894281036942,1.02312924878632,0.979969558864581,1.08671772132089,0.91870113548699,0.981430136890592,0.94087633343169,1.05273068142904,0.779538565962449,0.728488762366591,0.698438276052503,0.651039700888209,0.800010416774681,0.827393319630074,0.686070424497271,0.650720657045991,0.671055560775279,0.738777076491113,0.625413933333836,0.647202609178586,0.61021333513823,0.539070563390274,0.546654496185113,0.711388380613324,0.69117096093909,0.925796674116209,0.755821320056697,0.824085699270772,0.909576317911239,0.929490315456902,0.955121938963968,0.977060300171768,1.14818438190098,1.2302442615815,1.16709810177137,0.924406606301773,0.971944278241254,1.07284964619355,1.16394159435065,1.10318210905849,1.01872556077851,1.05747623089684,1.01846470758362,0.963636777418018,1.0377516719138,0.912314802451391,0.84981033322504,0.804297235742356,0.820152210558228,1.20192996484315,1.16432179249338,0.857131174218687,0.957437815089619,1.2068346332186,1.39443190881426,0.820150940342599,0.962860810914509,0.979640249626081,0.904280795671172,0.952281931682607,0.95066110118259,1.03722872221916,1.02362352284877,0.913581927884634,0.893923650223969,0.842115562905517,0.744270568751943,0.769729244227573,0.852615701707496,0.79025156848576,0.689122155556708,0.906679303270172,1.11618974713508,1.27381210699347,1.23123165992619,1.32498904647332,1.74370039563398,1.57542585111661,1.69898152217498,1.54794552368947,1.5546420853323,1.31136119415243,1.21854622368982,1.20192976370563,0.96025300967174,0.630067690154851,0.749213941870746,0.844209057814375,0.619450946028482,0.830906760964099,0.845539484148521,0.817719315568675,0.730542193301647,0.850531324207593,0.898709848174496,0.955881315971817,0.925814591175254,0.97790636879632,1.11571908907721,1.17756092486081,1.11349871830086,1.14409188632729,1.66769090808388,1.9756915035864,1.64756774915259,1.63038944713503,2.13935386547676,2.50918616340233,1.96039494215988,2.3752124226453,1.78141881657775,0.865925033930111,0.801134609410039,0.819365899087297,0.857178505855442,0.916366563852294
0.646904391550782,0.914876907468532,1.19084581451801,1.17538370555346,1.06677504628807,1.07834911383062,0.853460665833257,1.00324211459682,1.41530336761793,1.09173650107588,0.677074949205358,0.803509589740611,1.0518435967831,0.691412503823455,0.755329732378923,0.842431327812675,0.70358916010212,0.72258585895561,0.774115335613332,0.783735630041697,0.761218770322611,0.73960230342481,0.722991459246543,0.641269729211256,0.634607359116771,0.799264947018623,0.609475561130557,0.633042161209506,0.638775452259189,0.798067114950879,0.620300252530357,0.831410108323211,0.948568707139744,1.11431775986006,0.789445424971427,0.827539354333498,0.900538853673731,1.01514765685967,0.945566782539678,1.23470294274365,1.28231202035586,1.19796820653454,1.46263904739641,1.44602363235911,1.28626712908636,1.54174867117872,1.46857599653285,1.74364294810661,1.61087843307746,1.53639502367476,1.62680339684765,1.46097301437295,1.8946493032931,2.01943002319515,1.42596535304993,1.41092586642277,1.63350962835586,1.37977097268653,1.12733570434578,1.1045719281854,1.06668453595573,0.925398486334319,0.979522476133864,0.810139116523345,0.761122800503198,0.807321492590478,0.694913852078939,0.616975360065954,0.57457711209619,0.674680458731059,0.594627835422634,0.579165975970686,0.721165007617692,0.945036941423785,0.872813253559102,0.66436623056459,0.703714108006338,0.899078348142318,0.713552691044424,0.809408981620303,0.987469023910381,0.93680171357038,0.862064768272897,0.959330433556154,0.828088955656243,0.790054651477399,0.788191910193693,0.653808144132956,0.596865401712107,0.583348715355795,0.582222753860915,0.563596769130301,0.67285447006428,0.869469446940471,0.908827513812195,0.560338329529085,0.683386532190469,0.758886581121554,1.01714427035258,1.22925784749734,1.11751843836689,1.2506008259268,1.27645067879435,1.03789656268857,1.18868371863763,1.0668521413324,0.937872079442351,0.96147629015834,0.721877787657265,0.661171704856422,0.64867980622221,1.1708177642955,1.08837353110306,0.975313069505306,1.13494101298439,1.56168216672547,1.47847691602919,1.3149529710475,1.63004993078164,1.80958142245678,1.95569179449104,1.48238573254365,1.52841948034012,1.89010329661314,1.75081303938111,1.75493529457186,1.46198940675617,1.19294844892491,1.21972774212719,1.05228301974084,0.742092399974726,0.868548166318631,0.669362921840176,0.856837258245389,0.840129654689579,0.798301012633984,0.663085075371698,0.858870677764371,1.05557635228225,0.798764650384839,0.835119572693249,0.789815758458881,0.999315766319114,1.10079825234717,0.987107258279103,0.980983167628833,1.05611819217167,1.13737124485554,0.953545493423957,1.08275229763821,0.885188049928976,0.615314142593204,0.627489551866671,0.75928994240787,0.687840197236216,0.672799258707655
1.19622600626306,1.18061425911348,1.49083670413769,1.423399199323,1.25492611900914,1.19254516952958,1.06611078125025,1.1442921991222,1.21791446840968,0.959872327499073,0.949249237652119,1.00242497696612,1.03507478931961,1.207489473104,1.57386561173857,1.40340699373456,1.17728755903117,1.26559689516583,1.5409685257277,1.45362498257662,1.08416042699593,0.96347076600448,1.1055711534796,0.965192932714258,0.549578096045965,0.592862569587929,0.529914329589059,0.469485204415723,0.451149015891303,0.817344034801521,0.494183779513409,0.415352472013472,0.801996987983042,0.702505835256495,0.430236759774951,0.420677706965826,0.540472675001741,0.563149920578473,0.556223181467774,1.21786912895105,1.45129482778578,1.18660896120895,1.54937810168221,2.0225426233047,1.5832048724284,1.50997562998457,1.5147634052885,2.16476846071927,1.79395060596161,2.17533736839855,1.98131698582354,1.65742849425776,1.93902204924706,2.13232491481185,1.53312652507445,1.40095361040857,1.58371067730492,1.63667490018222,0.682978872180988,0.932346777692588,0.958399877001746,0.580418500416945,0.588552888275627,0.659154644210909,0.574279336114359,0.537725971650096,0.594102633136839,0.618919708719278,0.467310661048963,0.483659824295328,0.569700630872653,0.513657593672212,0.52691287373776,0.596886648926128,0.764332136045684,0.747718018056257,0.867168172744792,0.951498215829152,1.10720104710486,0.980229901187953,0.916537510465287,0.872458618905967,1.24883108914209,1.47191692558554,1.11820897279382,1.01526258054712,1.07840569097275,1.10077045004837,0.834819623523933,0.869156046398366,1.01906510721432,0.920150265645785,0.873549705760037,1.3859871585649,1.23254548238914,0.638266253422559,0.645184204808774,0.682347487900218,0.614852637634442,0.5934253544236,0.563780541836519,0.375778601613416,0.446493417508095,0.402366111642234,0.321118718211096,0.253522669313273,0.334238704090735,0.368088826981475,0.398604840426099,0.510875562624084,0.488676874913914,0.694557625580278,0.652793198853498,0.604597459875213,0.768853844016263,0.972518348577811,1.1002036036629,1.02376526801695,1.15350627440429,1.1268458299532,1.1622674702915,1.12602285616382,1.05963655071721,1.24329266915859,1.16273276845914,0.978206159241825,1.12266282928758,0.862517969467555,0.775057287606113,0.86133465913285,0.679105166964751,0.546120690516802,0.763454802255889,0.749364974108505,0.510688345040974,0.478489732348945,0.675950941293338,0.526679507029811,0.453340747590242,0.633859018715663,1.08780743447442,0.97407523230002,1.23556722652204,2.10405530976809,1.77933517634152,1.59788901977419,2.33536080842807,2.96349374658118,2.21370807648465,2.66301418358455,1.79179985316585,0.559631546469625,0.497825836433038,0.485854774781165,0.608082522444285,0.512125416308355
1.18761597089597,1.07442172598859,1.41744709798197,1.38618200746569,1.25576340911382,1.03327819771243,0.943997327934956,1.14679246589318,1.10252039728346,0.995260884224616,0.831571823361347,1.02825114142548,0.889126771810224,1.27245296986691,1.52481582742502,1.49151914080447,1.06916483434738,1.21125680251626,1.45412712967648,1.31461005096522,1.00539675237127,0.917255959865524,1.03734478469258,0.877701661886263,0.464687915439673,0.62613137105224,0.488250716779642,0.480901674918104,0.594869896528925,0.768961827166796,0.602307578300873,0.722028946233136,1.00291452397595,1.15172542473051,0.840331994871695,0.889396817896443,1.02430392709177,0.897042572402227,0.718885006762083,1.22918514752572,1.18269140668093,0.893557698421191,1.10032567954351,1.3007889171748,1.20737886009575,1.38779267203564,1.38697433153477,1.67311009020721,1.27323937625202,1.60096892077797,1.63300024373936,1.47322479271164,1.67623209600578,1.62545683704365,1.35420345837415,1.12461508282653,1.33383189677298,1.24599035678877,0.841653510591376,0.890935856757152,0.972279462178159,0.736491685216445,0.764586412478744,0.542861526931403,0.575336784422402,0.53897606467761,0.407900279880305,0.422267754154208,0.496685089794452,0.540427891555115,0.535706763249775,0.549323368401125,0.630968766301873,0.592388688885507,0.992380240506892,0.821627512730175,0.927900472072643,1.04896975714509,1.14740220880441,1.10102359586439,1.26627414178004,1.49340696753305,1.67892983876755,1.99718605138239,1.46323108723158,1.46290795737961,1.52886574452348,1.60276932909227,1.16519215642842,1.20507483389001,1.57126277990276,1.23044883595984,0.859382668425973,1.32314018837826,1.61442117637096,1.19827629149495,0.998000979182526,1.06493903389084,0.933001770487328,0.685996479884258,0.685207681672922,0.689561977585837,0.724678947235493,0.609065358938537,0.693973359559876,0.607655106053665,0.543522731515002,0.632718393447056,0.469955961868671,0.526052120523617,0.426604374847752,0.55216927011181,0.503691690284324,0.512409042062849,0.66892663009684,0.797538138910732,0.69515330733552,0.789631377464862,0.916856266870365,0.89308634378224,1.04232965417817,0.859370488399305,0.860923387817788,1.0685837922001,0.962294580947405,0.880150136311049,1.0181914628181,0.780420092454906,0.644684350359648,0.915505746731108,0.70455816843722,0.534199360474542,0.799764858252712,0.790630847090998,0.563586075708942,0.565952655937019,0.786048022971022,0.620660378014417,0.687645932035344,0.640222662383875,1.23843704305562,1.19853208314344,1.24653309587437,1.64377224868419,1.82234733541307,1.45602501538489,1.71043978809466,2.01007022916323,1.85954348176584,2.0884749560634,1.52668117160057,0.4520780137206,0.458796148215135,0.531879091149198,0.738644240833395,0.489580125389886
1.49598200289152,1.21079310359937,1.3002245937572,1.39159931052392,1.15495441087602,0.930528999478465,1.12891156189976,1.01699557201208,0.678632511351631,0.840011674537335,0.714007946741118,0.632992172631817,0.549973171282546,0.658084881402667,0.631921248299311,0.513572147783465,0.486791334610218,0.498322814923309,0.504031093781814,0.479916880473129,0.606314560855106,0.598626420876075,0.434031805704893,0.407096512070563,0.494420760766681,0.456092772067609,0.347290155339922,0.550586558936516,0.381353443350593,0.641385346608583,0.513670565569807,0.562266711832515,0.682805425455489,0.731229508410305,0.564957799543273,0.517884395569381,0.545685336267074,0.7180593014766,0.628274635662645,0.844334742036914,0.965479604691169,0.996162111980899,0.898754759054213,1.20644401704291,1.11079490483734,1.14761328099114,1.02514665999272,1.37592925475754,1.16032596285493,1.2142893986433,1.15767444429871,1.17651201342117,1.32341017435004,1.21547338263935,1.01428355757384,0.969847340980177,1.29231844554312,1.24898924102361,0.783883099327895,1.04905004320559,0.960111053374718,0.689780514443553,0.777517491432401,0.749696491104451,0.606678410407834,0.70271544236059,0.521869387418947,0.54326215535926,0.667329530416691,0.793123523598645,0.987457684645112,1.08368303761001,0.887508083542967,1.21254194600572,1.55211089673576,1.29551454354588,1.39408155367671,1.90144491002503,1.52323844641273,1.62229058002806,1.88172122778562,1.75140632712049,1.56274906273805,1.76325280035951,1.63806887615175,1.39854151307956,1.41318014166913,1.37074776287349,0.916072495760831,1.33708162469095,1.19665330001717,0.767562249922611,0.820877145482137,1.60445736581803,1.90988017394618,0.944693735312376,0.859694275758688,0.936730018560204,0.735106645422741,0.945211949632742,0.921854667573754,0.970222205618128,0.678099341935947,0.882186613126309,0.877842219753906,0.704238071650334,0.692583730239062,0.747208135621425,0.692592527584417,0.5756289652983,0.622248631899568,0.635928959156779,0.610432487955146,0.493486632083019,0.444992193979725,0.476844745477428,0.547758861636651,0.420276001960455,0.425672787166502,0.409403316324822,0.420713616386714,0.54137629628691,0.557757721745496,0.516894323005821,0.328003446627702,0.50545792079795,0.638011827344939,0.479463625139678,0.637824354340208,0.837452972128352,0.833093012434798,0.852357531859994,0.919932417773228,1.06431863486513,0.740365947432449,0.657543296686647,1.22584170906443,1.03415230681832,1.40332680329922,1.59247758060062,1.69649584429583,1.40415685917735,1.64479518388586,2.65248936840011,2.19306906465576,2.13190287841315,2.96519018720834,3.86099334129812,2.95823931659408,3.17887149319543,2.51616993351846,0.67857282564315,0.637896737410744,0.620692792722636,0.832735160219037,0.809222309967428
1.09049774984358,1.11932817234907,1.47747538954273,1.48861858966838,1.14507731169666,1.03550465148084,1.05306887493335,1.17415644816282,0.968112377888346,0.803525251940393,0.903817217079973,0.927192560777448,0.804681908409442,0.994240062285322,0.979706738893592,0.833426745866473,0.823743634018939,0.896881952551252,1.04763469089047,0.934449522320374,0.781634104087633,0.64975101955475,0.660552160362618,0.609332957670081,0.624567638913806,0.71051058797636,0.617414135130131,0.638585965671615,0.605090569351709,1.04262204856543,0.886032710355036,0.746213278971298,1.27076062017392,1.30234188015581,0.876584716083189,0.771904548386631,0.779382379766132,0.794334534816991,0.691309651842039,1.30833497212345,1.33134201610291,0.924415966367897,1.03418050721295,1.44221172553498,1.28009994829431,1.52281208586388,1.52854269774761,2.24892475758924,1.96536510770985,2.22467127342568,2.11170377148051,1.93476626295737,2.29169697301277,2.24480678342084,1.4946578480397,1.4714811256283,1.58913348274704,1.33381114399212,0.662018702150555,1.02871914928709,1.04325140827124,0.747785966346641,0.664840243578137,0.591083300565739,0.608719700901715,0.868839830376779,0.780531440471048,0.739797944163645,0.950213248222283,1.03683515237503,1.17820563088187,1.19673288772822,1.22325861680839,1.44574161416084,1.45447269613648,1.33724325367547,1.46037705883384,1.52143190087729,1.30278695192288,1.26047770013427,1.31275485023612,1.54185969248183,1.35285505359711,1.69426435177367,1.91294205468388,1.5240341493852,1.27948380719879,1.37280983576714,0.861071249434655,0.784031679356837,0.819183260299589,0.737772453844271,0.629844990263075,0.605980477310717,0.738134244052362,0.671065552111113,0.559396680971561,0.598947072404054,0.621412880150371,0.691825239234273,0.798104626224949,0.739498857123196,0.80269493859461,0.803776329797479,0.962905626166381,0.944782587246792,0.742817153052136,0.886446339678275,0.723632838823254,0.704700288758581,0.675341850921856,0.769747418409302,0.729069433718684,0.869327485365006,0.951373547178291,0.767885254427975,0.833354446747773,0.950130898825356,0.982114665417599,0.794419416399094,0.909889712990274,0.773326127823992,0.765944088870764,0.662384608858814,0.688781786388743,0.749184966767734,0.844298784114342,0.659906378654382,0.558950935685838,0.930446887189743,0.739726230435188,0.762626559293921,0.914203305524484,0.907483484418326,0.981825229414313,0.765515571341828,0.889094131554112,0.970485283208055,0.806782746875844,0.80325483400696,1.04480165978541,1.05860845703277,0.949741532549121,0.856481664473016,0.969490435572312,0.809097676824138,0.821167119069338,0.957864512539242,0.888749314036874,0.890858772946079,0.818207573110376,0.753270548872411,0.718406911199022,0.483934232941058,0.504374879599302,0.702651273043151
0.93603358660497,0.849573586423633,0.953203048696431,0.93254516317388,1.15458502501697,1.10802741648715,0.66580489164693,0.741313205944776,1.13471988459399,0.970925592685995,0.624742548493342,0.619759538856982,0.800746845882037,0.595466355384795,0.694793441129776,0.589855278185197,0.602646014395956,0.840421484504263,0.768293741863895,0.886359491649933,0.737697896757003,0.634490418311535,0.684906210465458,0.546463674556366,0.625093105733035,0.665669309630949,0.517315376333496,0.614862032203265,0.63863049089592,0.591495097363901,0.646202269373087,0.774712824004337,0.889018685999336,0.764835058884653,0.78333074713793,0.912512025445705,0.810231758430111,0.872970316770209,0.945374683411709,1.02580194274016,1.05097699902692,1.12120971738614,1.3374331939548,1.33244603625261,1.14244550947096,1.18919997257629,1.15567583644519,1.28139592560285,1.01189855804454,1.10802960704609,1.04035946050408,0.870641803912429,0.835265144572073,1.11487447740174,0.970821165548742,0.698568637856328,0.7610142875661,0.713351357373703,0.661821382846459,0.819535798672406,0.629664703554332,0.73303134454461,0.809027358087398,0.899178107624647,0.860538285350169,0.663984162536105,0.885545848137283,0.880686167834191,0.778609875871707,0.746003703388829,0.928014134910647,0.867776147695734,0.695644374428335,0.624385177959542,1.01309611875164,0.700854579434271,0.795089084504946,1.07663622374533,0.997553011996229,1.07932837123255,1.41830996816012,1.16915680132242,1.39859189451885,1.61661706405855,1.21960364780305,1.27326423070469,1.19319797169259,1.29571769626345,1.29684738407318,1.23236302351679,1.13785190551633,1.35836766080783,1.27343111172843,1.34318905918715,1.36884672799912,1.50753578196856,1.51010209806621,1.37488116711637,1.29958922780097,1.04528995251677,0.884983085385449,1.12512792413212,1.08430703135032,1.08387144501298,0.872560580939403,0.918863692507375,0.948005097736013,0.735983863547077,0.851613524894763,0.731272791640723,0.687751127737429,1.03828549815451,1.07886420646874,0.768705993311006,0.800186903288663,1.39644439178631,1.06012338204678,0.865800981621079,1.01245887084991,1.58522739739852,1.17816067410502,1.41778453350648,1.5560911164666,2.00666207659421,1.95305543556636,1.6318553097999,1.36214155795052,1.36727523827423,1.51902697419146,1.28084479743615,1.16856690970917,1.12497129411755,0.773734635596273,0.841412642146809,0.797408728225866,0.723136608706629,0.778737135641577,0.795033096694147,0.842447849696555,0.826125496785722,0.866600173329435,0.876139976872815,0.9555454761407,1.10857902525505,0.946022358372818,1.16656897810497,1.22352276198698,1.43015549123359,1.30075493622343,1.31632596731211,1.29241179299902,1.04394047133241,1.11989973161916,1.12610255640779,1.29493098608321,1.09179332116666
1.46502709667341,1.16038766903762,1.39933797299868,1.42400617777169,0.848211425352893,1.07332175858244,1.08713124603352,0.821519889557437,0.722966348271167,0.809682008388348,0.63410736029933,0.484289279175955,0.74564455109376,0.669208066575976,0.655022869210308,0.704621689550896,0.669754661159641,0.509083742773813,0.507111078040898,0.457879530777908,0.453853924588467,0.65916108918956,0.507606170487231,0.568306175631954,0.578598707316569,0.742717083583244,0.656211175350815,0.73276650948068,0.772365559322839,0.799598759662338,0.975461935848932,0.887112330224324,1.05259640365741,0.944237957125538,0.982288237720067,1.01947886504797,1.23334462326217,1.36726674437106,1.2078056756697,1.68353551784745,2.02639297104835,1.66077909608961,1.95675512886255,2.69921580580921,2.35642042739876,1.77558388084083,1.80838308274677,2.00641240094174,1.25451516614741,1.36885595687818,1.10672569591615,0.870643905076409,0.777708928562623,1.04452021900834,1.10190054875881,0.737649080694591,0.843788213625422,0.77048992657015,0.917969183482061,1.16408404849303,0.936296513664278,0.710131949655923,0.795914797274994,0.868419659543063,0.669059811962282,0.611475575102887,0.599206025303437,0.706167038155081,0.608086111522505,0.707064233563214,0.532707282664604,0.579103140444281,0.668000900516241,0.929498123941007,1.11487696987587,1.01199015622845,1.21153653145346,1.42156453852213,1.4060291713214,1.63633755477696,1.53534099293239,1.29809057195448,1.29207647243844,1.32742064057455,1.11663564699924,1.00311365751603,0.825625596552717,0.855233514481664,0.941944750137552,1.02623727836881,1.21530543810332,0.976652581160883,1.08827978135944,1.14282065021146,1.36117134820264,1.26182524998378,1.22676604208894,1.31405408769457,1.07392493784487,0.822312752486591,0.885073941147672,0.90377085312834,0.928175655831529,0.667144377571282,0.78266727248021,0.681266374534357,0.678254134982239,0.704659079756715,0.72720626107635,0.765797420980365,0.764762099582359,1.03672681380669,1.18859771520467,1.05521191316293,0.980085434691245,1.20716145557298,1.47893022136329,1.18576332144307,1.28443542302675,1.3468426479444,1.4559946395661,0.953246184833155,1.08926183713016,1.08348729748321,1.08317438079175,0.763983037431627,0.815243102348978,0.845140836869542,0.680858791555357,0.722171295088918,0.7235389762186,0.527524796950379,1.08815910826234,1.10142051175495,0.628561781932378,0.620716005900771,1.20503194639382,0.633736854655805,0.582498815411535,0.623826592999162,0.739347988656415,0.718541519833493,0.972979717209956,1.11282342194597,1.01848707850708,1.07778288177809,1.06829242174653,1.14024949093448,1.32225882933936,1.55873549417045,1.20958455378531,0.702790378177503,0.746278344679143,0.921720535363226,0.996695439222382,0.863603083535268
0.684856463313406,0.68971973989793,0.618294811968124,0.568316090226914,0.659870479797199,0.752097314855631,0.7048177727119,0.726673902308942,0.813639625352793,0.733692348059116,0.868693380165008,0.773212345536063,0.848574377619002,0.967977447978771,1.0135145292309,0.941886139331679,1.22362264679695,1.3798381806177,1.51846094677236,1.34040091404883,1.25716318368134,1.13700165364289,0.940972950061259,0.969530814174571,1.10353041125212,0.965264614399279,0.984107642813818,1.51285536316591,0.924867214723525,1.12075445845425,1.02858087857799,1.24285492145277,1.05330692586017,1.04120573890971,1.01184556336863,0.804729872690293,0.963157831928772,0.988642293459657,0.882697340181373,1.00246869586112,1.13948534372093,0.972346676754298,0.902592720439755,1.19114801519292,1.24891594518394,1.18893752438291,1.14762907737221,1.45735412980461,1.19329003721868,1.38621152179562,1.25590773066929,1.23544581260355,1.17119881253716,1.30806412029024,1.17575556301823,1.12494413360681,1.25884345619096,0.960385207814341,0.923541116541773,0.961371081782824,0.801242795886184,1.0168432656142,0.969532023766298,0.867002519081478,1.04940429562887,1.33295752740529,0.965855923222878,0.89289538579233,1.08334452750672,0.942179897376048,1.10344877838276,1.11932564550807,1.2065387217417,1.11525135565179,1.13440301224146,0.903850438489231,0.812678288355172,0.788170471874683,0.643802171628604,0.637373719968705,1.00547525589259,0.966910811668383,1.08629867150977,1.17120004051354,1.21427134093486,1.04552208533278,1.00399122087491,1.04729953069717,0.922332362307988,0.824608038384586,0.846709948668447,0.80204868280048,0.733215117946809,0.789640962220328,0.874323749787576,0.772623647807242,0.682473899558155,0.717648264220687,0.755618498954864,0.661615396978369,0.738857670009075,1.43952891434478,1.24422739451658,1.22905102153968,1.65366736774261,1.39267424689599,1.16133703385394,1.49737410628533,1.39655942150269,1.3626811028601,1.53437383548077,1.46648922966161,1.55037763910273,1.29747190066296,1.3048714997743,0.861872340936591,0.870374437128308,1.09468311755991,0.852566940759732,0.670328142434453,0.584400033359955,0.763184291419072,0.704525202622283,0.71313142603265,0.90773570229106,0.642203632355253,0.718837934635312,0.817448061378124,0.68922524643071,0.78067851886289,1.08105822659047,1.42102758907151,0.81465669025305,1.05354326581698,1.39312942049565,1.40508986087784,0.812556923340451,1.26649038061266,1.16115307452487,0.730153943716696,0.919239796172508,0.90154652449068,0.804366965004182,0.849379172191007,0.822391348277241,0.815133112011692,0.776110087166501,0.887886805228605,0.902597778699357,1.11983829019213,0.902050369188995,0.863907005452471,0.879903947413751,0.683942010819271,0.624646374014806,0.890469481585459
1.04786931366619,1.27202664729625,1.42478352239644,1.16480017474681,1.33003494418107,1.34225597004714,1.15535596985089,1.18218614714044,1.16287778317102,1.04856554816158,1.00392413825771,0.881968756842985,1.18426871112123,0.862047158742844,0.912689386642618,1.02504289583964,0.93602588230521,0.991412298617709,1.11579821558055,1.00437073061931,0.862047282673623,0.809088509269231,0.720357110898853,0.681750215732273,0.639447276033905,0.909385849362998,0.732441555882549,0.710626703952767,0.544918986798013,0.735307982484683,0.720347026222595,0.583794059800927,0.662662304388551,0.748461674257765,0.639433626793093,0.565951291707178,0.54426213072933,0.519266903822395,0.571763921631543,0.741869293060176,0.728219146763922,0.879466869932828,0.832753857524481,0.886310144781954,0.767170401176177,1.08769334655245,0.860207251159557,1.02819317591438,1.22749638615981,1.06405718797042,1.12946611598511,1.00785687339587,1.46725275813333,1.53581489518619,1.02717374185652,1.08438379902862,1.26055157582459,1.15625862007342,1.01242361310926,1.17569648380913,0.972049967229942,0.956513467907176,0.964253922411521,0.839607587108227,0.774125200668237,0.828519025260192,0.869973701103041,0.816803179711657,1.03365098493641,1.0894227720517,1.0020261683573,1.02189287738361,1.00415274647879,0.978495023441188,1.06585371671022,0.946615382351344,1.10770455814575,1.18309307941975,1.12017266269614,0.945247544178788,1.15749027504355,1.29895347699204,1.17193785494326,1.47502217767993,1.41880674886833,1.02879455613726,0.974149687390626,1.08872768526363,0.935059469157803,1.02001821498479,1.09061002784072,1.0751395914452,0.933305920529732,1.15256425420108,1.2871690771816,0.994392311568314,0.894300222692222,0.918887788193836,0.901192541154549,0.757065887666573,0.804533287293704,0.752968634481833,0.777526495575721,0.642480845561626,0.777522884364094,0.739347691664294,0.688308830547274,0.814088670946219,0.823592927906145,0.77289691057644,0.803905758049167,0.883360851212704,0.863256165359249,0.87975482630182,1.0347278005296,1.2390281805957,1.34771988163932,1.25569928951651,1.14025101047041,1.30371372766896,1.18779551535874,1.32426187047058,1.27134398944371,1.45836991892663,1.49470150023667,1.353888220503,1.37080376592364,1.21806471780923,1.25947886774514,1.35120080277001,1.11563874677771,1.14740103931551,1.07715647780999,0.983424648763539,0.886936657999397,0.939461495093994,0.784813398700456,0.718560686719133,0.785678259430641,0.673643550468658,0.964169546230974,1.01978758688234,0.869448678108796,1.21327794369329,1.21900242718274,1.05780166391842,1.28290964982316,1.60386361687368,1.3351463239215,1.57789357358233,1.31648616658889,0.787292205330409,0.721690013520958,0.666370264027794,0.842539946149171,0.771316112084292
1.0466229472927,0.996217559479201,1.2619193385866,1.29257240278268,0.921143335968041,0.970006209208726,0.987522209537846,0.998325848484177,0.919470830598787,0.68232726012474,0.976195677454599,1.12445465958905,1.25070956251368,1.36901373456748,1.45629581721724,1.5427484265498,1.37203342509479,1.07627864192186,1.18419649087864,1.27442162197432,1.12579048708246,1.20538643899322,1.30465623240534,1.21464846668525,0.828367774300506,1.09705211728865,0.95538245142684,0.837855850322394,0.971509886950176,1.12108092666595,1.16126380418911,1.21186387749992,1.26244149311797,1.29327494549129,1.19512994591345,1.28570898804063,1.31373826855946,1.21115689196967,1.02732852955219,1.56172237827214,1.73305148552231,1.44304893395301,1.55689570903579,1.93188557431995,1.52497687248256,1.43546077069312,1.6208570201209,1.66932357260949,1.4253666100449,1.22347896945501,1.47964612536095,1.40916162555553,1.56835098074568,1.49171211032456,1.43067249625087,1.32814294698419,1.34202736250492,1.32426599636833,1.2914279882735,1.15367373874729,1.26632171624743,1.16226239712473,1.02098479162764,0.914645350388129,0.8407046036213,0.717484766854224,0.696367438247246,0.764744638389332,0.728200392818373,0.799389342660772,0.662959084605561,0.639550317529026,0.708029798725743,0.781248840359227,0.688637660968566,0.767297242922133,0.879144738912659,0.798123215332551,1.1305868094724,0.889898203091137,0.693482477168791,0.661080713174645,0.75304630635365,0.849076239252285,0.74713468786891,0.687094009832445,0.736251559865111,0.489798942517068,0.5225873775957,0.723841663772265,0.751142346296415,0.608582028125351,0.58855606463424,0.867570046679943,0.846297300884685,0.598557139300675,0.530876584597628,0.574655514158692,0.577443987003998,0.766662927415305,0.799621913710672,0.938648697572144,0.86368220379878,0.677130945253875,0.617186403496746,0.918049707119354,0.766103607531813,0.563010995088273,0.76184745188347,1.09430141582819,1.02258058381051,1.0046898065532,1.2489256904532,1.27307226887696,1.07521863368517,0.995988185410168,1.50352499810994,1.35468646755237,1.37455267721578,1.20004229466778,1.36935623111311,1.10650644969497,1.03293514795295,0.928139862538494,0.798755801493148,0.496959816094909,0.899946353356942,0.736452376366754,0.443711002141371,0.802488710382523,0.704197391046039,0.482243602052322,0.7049528698384,0.759221606758426,0.586252892283559,0.615342752349733,0.862239859781258,0.810147492210115,0.766269694400238,0.883908945428286,0.955387460270752,0.784357152786941,0.812145305308405,1.1266022254664,0.987920302809014,0.914811740146712,1.100390938376,1.35607519946223,1.07354813146498,1.01251271243778,0.964081208945379,0.667688080442626,0.682964760404183,0.649202243004472,0.675690194734917,0.692146628736859
1.4501745283289,1.21654142662767,1.24578143676296,1.15682885112985,1.01391671793316,1.06393422667538,1.05996467827498,0.785836254569908,0.816474430485905,0.838624438285889,0.937500771157671,0.669312975740588,0.794885063245625,0.845398125761784,0.963949750280171,0.977886431878518,0.907718253523179,0.871233863232502,1.02514810915067,1.01186208087927,0.831501312322556,0.786190237772827,0.855923908658628,0.862661009851611,0.695837938218747,0.731559236000874,0.726164929336793,0.621720365175519,0.562332237500278,0.720057258414061,0.827372184299219,0.714680492304834,0.986228762386714,0.896558205578496,0.803839812387302,0.722670240362295,1.04667335414112,1.00977562882407,0.925088526809936,1.17995646654523,1.34583592553855,1.19369808554592,1.11615323086303,1.47219846185185,1.53769302883186,1.55719350160657,1.22768162559807,1.35163004767076,1.08618732824525,1.12194523507451,0.870492080245445,0.949066933348136,1.08237761997886,1.05321321112776,1.14095058071036,0.906241905416445,1.14851106843741,1.19340690234189,1.06647569862744,1.1521484779008,0.9571285525222,0.861981092743033,0.893193022177446,0.697760592537576,0.641006935719591,0.695043822647138,0.462059770366968,0.529627798537434,0.600143104031468,0.556095062379958,0.851458856219827,0.782630191278658,0.892355122937227,1.04667774299094,1.18634290056628,1.0002067930094,1.04919077686223,1.23319006914074,1.28344214039306,1.30908510758795,1.48671284570098,1.39251286521428,1.37085930522861,1.56309451128592,1.37858551303473,1.22317074021802,1.32595176192818,1.26051478997014,1.0365851797068,1.14180270909396,1.27347315953165,1.07511588847757,0.945814099485675,0.95331167954453,1.02960018851989,1.11599218825677,0.996040641455962,1.03121558111929,0.885077405809544,0.885175981192705,1.06469996834539,0.836647933982635,0.805866863869781,0.657514636980015,0.786831916637958,0.827776518040605,0.785512814137166,0.718635981806464,0.693282761305948,0.849730041708484,0.823163093152454,0.769763774944882,0.978374120575821,1.02968116560816,0.919013874754466,0.871718617546209,1.01236982069766,1.04946475157756,1.05847471500192,0.860634955020967,0.932526805965664,0.872256787487102,0.844962925277305,0.90208531192657,1.08967978911538,0.781140340876083,0.809572882970006,0.870497030709069,0.77748537910329,0.744461640438104,0.792532770434023,0.826560284919441,0.996282691588694,1.11711629686167,0.85779039809845,1.04405452821058,1.14447588385879,1.05168384039279,1.15225157226851,1.23789812431151,1.2610149359284,1.18479090772566,1.46714227203376,1.52329109568508,1.52325036178097,1.281204639177,1.43082515763746,1.64529357476568,1.43512545678692,1.61960139518772,1.41863092844065,0.526708470203527,0.510383521275231,0.808520846064099,0.79425750707074,0.693393360528592
1.55818659378386,1.18302526581484,1.20939761880447,1.22939035992213,1.19399645121048,1.02680916606226,1.06411464932434,0.914462853470367,1.00329035195178,0.885310034104133,0.823316933501952,0.688393742610476,0.790029088856048,0.868517724450177,0.964384128120694,1.01253636890104,0.890734333126933,0.951995738043569,1.16658603851823,1.059253874926,0.796515927632353,0.779289674662334,0.889350922018141,0.814304904322003,0.594850399508102,0.694406353924543,0.699144349153199,0.596304800340739,0.547994352299244,0.926692230540904,0.740760688717573,0.690883483416617,0.951593360265837,0.982206836614821,0.624203630587406,0.617954629468943,0.79061198635866,0.812025365674452,0.614362130221573,1.06155996465015,1.20829240787569,0.814874079529121,1.01029058114497,1.27580403680888,1.21300766530733,1.20129892193457,1.21152263225858,1.62901495567993,1.56918653049939,1.81660910274375,1.89890427395816,1.70616758700836,1.91320195067655,1.9551507153653,1.50482294815103,1.29649307042763,1.55537043560992,1.47104612105172,0.906759353067724,0.944583002479573,0.873630899923691,0.763101140496689,0.54250321928953,0.51875906945201,0.605757267038301,0.651497888947246,0.432633662555516,0.451326028782066,0.61085678079962,0.540028171424853,0.521410443661793,0.727549453777873,0.881681398809126,0.91422484206843,1.03351628473726,0.874658006858628,0.903069803917527,1.09706750057583,1.34922857175478,1.22023660867813,1.13987480274562,1.18486237164018,1.23877874764208,1.14168563973731,0.987858800682414,1.06167388095697,1.23512691236481,0.916183062305619,0.762107093144816,0.87979435006149,1.10970152261391,0.493581181522829,0.705250393580909,1.32500016413466,1.30266969616746,0.391831571049202,0.390137057663618,0.533003621132737,0.67614227368594,0.940825141894322,0.922035419098313,0.649461364322711,0.623917766126696,0.641415075011125,0.525494331284377,0.643488191938422,0.653027618589153,0.68266551398453,0.53005163403071,0.572132154944646,0.615064092956508,0.744949448892006,0.933561916515414,0.992130893457713,0.921205108347189,1.07083885523352,1.24884751343095,1.19870567048113,1.2494949569773,1.16631899280528,1.42547510321618,0.999737415313334,1.02951609755872,1.12513944617016,0.963839546763105,0.781325875063768,0.838655602841723,0.854114586398758,0.884371107534544,0.870658895066967,0.706611966415139,0.708816963032805,0.79408357922496,0.707227752684004,0.668725428796663,0.797891363909271,0.967306901161349,0.850163087770854,1.00407918975188,1.31401008737475,1.35906714369524,1.18087632614188,1.48949466183066,2.2284079982837,1.85249697255451,1.68008757550883,2.55774113180652,2.9087841718634,2.1280060358349,2.48086532214722,1.70933723526303,0.388521367936727,0.343823780390182,0.348474945628409,0.387342335238553,0.340143475664255
1.19487525395967,1.06691798647296,1.3061045665127,1.28959706742735,1.13102723069224,0.946361077837788,1.03899176302219,1.19691498324684,0.944699270428781,0.764872837574104,0.945845255989232,0.853717043034299,0.908798078805877,1.11150128853366,1.07451808004748,0.958650581118698,0.980226974447166,0.983191080329304,0.859424448464165,0.772193207867459,0.943355438329982,0.819278321816723,0.697913757301764,0.704198426714439,0.818467464864238,1.01963038127234,0.810839582391823,0.757420000135649,0.912511527911763,1.15951200234647,0.910942455005806,1.05026214669243,1.15758786154371,1.35414561518368,1.27302408989537,1.18308877173216,1.36242393650377,1.24708422434054,1.01501783539759,1.28444771167407,1.11799595453758,0.830417123109616,0.944057049972556,1.00062929602622,1.08062464400716,1.15948073638751,1.16182980602251,1.10175798558273,1.31838211988612,1.41229796336137,1.4775698189119,1.39390215864335,1.64115562522972,1.66078398898269,1.30722890007274,1.3269231770129,1.34149255453023,1.4372140750469,1.12577385887169,1.2003283651375,1.01535682709547,1.02015339554356,1.01771040607356,0.773205780655269,0.860359348820107,0.998420335600463,0.945011138902869,0.98845480762485,0.848059839971592,0.921022415494273,0.92190587784356,0.981596095185714,1.05837506045504,1.04017869694342,1.24284018725667,1.04251719021771,1.14872878046263,1.00885166526655,1.07160797599129,0.896148347197029,1.23184792740545,1.12185942725831,1.1953317282728,1.25310708526406,1.25136658325585,1.19138739848674,1.10246517559082,1.37222971267076,1.15394468542372,0.988799452222723,1.21277273531814,0.938311622617476,0.885285205693393,1.18790219967835,1.43701282009891,1.11450931093418,0.961536970431701,0.979720063135889,0.818432533773447,0.69224586645702,0.702979351395106,0.539907465739459,0.813693374372435,0.582645168643754,0.63222595507968,0.930051703630182,0.828571092996912,0.645774923744949,0.860706782865328,0.91331456832369,0.661446626320749,0.430479285437898,0.567215237963799,0.656365934464737,0.682277745239047,0.668605031303257,0.590464994491919,0.739956997794084,0.794017917139814,0.7391167934547,0.713869561272676,0.934522864352006,0.767121694309276,0.826962127367121,0.542045113370433,0.725382474504353,0.789681198065472,0.646143828533098,0.578613695331028,0.86587594082041,0.764971021361541,0.56787585668321,0.611010691412476,0.703610269473058,0.696490629616899,0.651562102419147,0.829519751305084,0.857924652188002,0.694807678612926,0.710587664725899,0.9604444468236,0.981665158140811,1.20929779507161,1.3760369282595,1.39269345802748,1.35344089058936,1.60838886952348,1.86244491653475,1.89795247325344,2.03775645308399,1.5150335097538,0.717355038051973,0.693813970358349,0.704307079366,0.75926775735398,0.731707984891634
0.984992769555721,0.843627767060489,1.06794860128205,1.06242989226959,0.953399577015058,0.990016977883758,1.02650783991695,1.24860196487642,1.26387583208414,1.02034119995775,1.23717753625542,1.43510517489711,1.34787216933695,1.20444230997019,1.64511645951914,1.54499968473879,1.21717454794487,1.12028089740289,1.29855922383235,1.11483225998349,0.869090198186514,0.627203304195268,0.697315382838935,0.729710534735765,0.707059278814734,0.591150452842482,0.737653911150423,0.673882452457107,0.95292424808968,1.24360889659332,1.2114067433526,1.29718314572009,1.6962847637546,1.82423275659487,1.47540158303148,1.51837892641279,1.57180743292634,1.71754012102617,1.5361027821017,1.79204078854256,2.0060411067296,1.72561307054364,1.84933810407902,1.99630273233938,1.57988944597601,1.43935808420563,1.77446421998547,1.80991939496963,1.40391430069381,1.4804854798087,1.25802363727464,1.19882956852244,1.35144694337658,1.44018266320318,1.09693522461295,1.0576169269255,1.04856828274279,0.786579688415445,0.449784571762644,0.716692654373008,0.72836762869582,0.546997034896021,0.424980328380631,0.528885382098244,0.544330447216569,0.521316393464612,0.428359543349902,0.567350788275786,0.663912016476428,0.452493989444512,0.522393058915738,0.624503632570367,0.797271793950617,0.633742604934951,0.671730505650039,0.610945796217051,0.649697977140453,0.626545961494727,0.80603318636189,0.492769017408651,0.725823244464864,0.664731199916547,0.704497266437633,0.725510956968393,0.672896221508886,0.679281255042827,0.758097571344995,0.807300396618268,0.682641450053285,0.912349821472932,1.10013407537369,0.930771603208667,1.08450523026825,1.10392542948341,1.20564038677569,1.10654492908939,1.11476947070883,1.24984134608519,1.25380269366347,1.47655210132459,1.03357916947939,1.20384318237608,1.37134699666136,1.02727014664223,1.01569305221414,1.45066460632469,1.28945555300097,0.804570508827478,1.00543832565676,1.01699078982955,0.778847731603696,0.740256882245429,0.888182321671542,0.803198956946097,1.02551813081022,1.0948824289686,0.955542914311666,1.2380359026384,1.46130174965787,1.12693921444538,1.2808340367328,1.47630352818083,1.10866511002575,1.10190736473732,0.90634895686795,0.735134082757312,1.00605317740966,0.77285478520376,0.627329885893635,0.513154379486568,0.507527294156515,0.414356239698595,0.40990508877541,0.404004934804959,0.561836525281141,0.529329702792248,0.418809478777013,0.582472896193156,0.729552830594262,0.63899056342161,0.584586610124591,0.756286176541267,0.925654017788532,0.830465243163616,0.903820610194488,0.986448553358235,1.00706673876789,1.13426254791128,1.0721230575642,1.07833686032107,1.17823783734276,0.52751495769606,0.674024520725504,1.04790066765469,1.06459096943439,0.802240978865973
2.14044605954575,1.63349246978518,1.89198105969694,1.91043054014126,1.53603116125302,1.36923416490736,1.27863331201313,1.26967448326413,1.10706547523247,0.746620647483224,0.846710438890612,0.500537708179085,0.809258783314914,0.95163076656162,1.72446492739782,1.24588560616578,1.35447138051328,1.52453243081842,1.54227515991384,1.43577658886092,1.28490666051275,0.967577946227188,1.16340426420915,1.05106807082181,0.724057282418362,0.631933691779473,0.613991240243752,0.483837709960908,0.410624788308498,0.807618539958891,0.618937228128874,0.550856445782276,0.820193579060064,0.888534738588368,0.637695003413063,0.677792398441048,0.660064687935945,0.722647616807503,0.59392373025639,0.759309260797195,0.942648183839592,0.854247136182218,0.831539273614674,0.938189710637376,0.761465060537579,0.897357319412309,0.965368464540631,1.52505059867231,1.41541550320651,1.60491055806689,1.51466343559683,1.44857299232976,1.68252230292105,1.61535233029752,1.12755218196037,1.30611955456301,1.47945062447761,1.31538126277563,0.672207914281055,0.865900309211384,0.88297370755024,0.61751291997641,0.603815837563719,0.468841560707976,0.425707761005417,0.93617346437393,0.403633793727082,0.637790267208825,0.891582296736153,1.07857924707345,0.832569142175971,0.862629452061254,1.11123639039859,1.11847486911479,1.09422064732805,0.992216969318612,1.04382742015247,1.14274030280807,1.4805210113268,1.00953195845212,0.799907968136703,0.966980900986825,1.11951167435987,1.12400814492505,0.992167382347039,0.993821950747981,1.03863215548647,0.927418173227147,0.73167511605493,1.20256561530453,1.03561609834219,0.691126540247456,0.746687300908441,0.964931232663228,0.896290100824148,0.681538397079583,0.556821713535235,0.621201338366285,0.606793967311086,0.818978327210367,0.980160811147289,0.744545072442867,0.68543879525011,0.609345359032631,0.681314449504772,0.64079120893384,0.475123802431896,0.718435584181666,0.566352446752535,0.616019167844893,0.629767177881114,0.735849578864232,0.719867833762989,0.752081123971494,0.714562367802732,0.923753236915551,1.00240739511486,0.808193984696025,0.976522274561958,1.05108831553217,1.00950643479528,0.88064435853307,0.829909770880521,0.91205754347702,0.978724610978888,0.707533003523577,0.722614023198934,0.869895326824711,0.792653020189437,0.995996153208896,0.684688363247443,0.748539052081955,0.939899277957505,0.952361109278825,0.826524773491977,1.03788622303528,1.2899183948817,0.961182976714313,1.41659101889144,1.83753105771597,1.42398776520072,1.37160209820744,1.53173688334189,1.9375094986244,1.57413545528263,1.43526529742069,1.91885051544187,2.20550593385748,1.6172205741843,1.94480003165751,1.46405206202006,0.415790936206065,0.417700246968826,0.489974172688534,0.514872878299464,0.507423289226704
1.23888021247241,1.1798356967442,1.3104737874782,1.32607269042248,1.08579677509989,1.04893759570532,0.994879534878475,0.91104105405064,0.81338119374232,0.767702965160112,0.610749815940092,0.631046373136264,0.621168154697765,0.638075747007205,0.758422263611687,0.724211768390956,0.822807570731293,0.823664785592535,1.07116646581411,1.06926482741301,0.797093878998515,0.758172024608361,0.876086668115881,0.69058030742555,0.674321400999892,0.675575619236507,0.635911383787757,0.651729945790905,0.532693853612776,0.70732472231276,0.546504347582468,0.513638337699297,0.68902999886342,0.553923623470773,0.554736435999653,0.525605788711841,0.609172162222704,0.665200270280862,0.793010018246971,1.04491643719719,1.42041893259013,1.31332321680087,1.61921869849965,2.02687133198879,1.75028503199177,1.51318987130935,1.34869988664037,1.76217482375166,1.54286113055892,1.61429244035568,1.43217902568338,0.884379701861526,0.948493940691242,1.67910584526361,1.22554679559901,0.950593188163092,1.09265485008735,0.985937696731174,0.792137196801889,0.900565774422312,0.832251325834869,0.71686074299733,0.789156433476592,0.670549458577002,0.609921676255878,0.820329881982381,0.576259514544084,0.443415629661888,0.494287662036372,0.514294874598346,0.449068438283385,0.429291541981208,0.534323204264192,0.506341599060377,0.705444693477065,0.672307994057176,0.70569375628831,0.792619909645352,0.961996974890188,0.816180791710413,0.90453903083892,0.789923781266017,1.06634100553473,1.23520315568724,0.983637773893211,1.00745872321265,1.11142116273722,1.1884699317123,1.20205554617999,1.4461267955955,1.7105069852679,1.57571790512123,1.59277099382749,2.07214640479976,2.05618159519641,2.10007543662162,1.60435104181844,1.82770433254281,1.39940000591874,1.52878021083431,1.25505440263406,1.22220174173704,0.90675148133569,0.990274062314173,0.902631495292332,0.742325683009213,0.643497627866214,0.679512269274767,0.727614334006217,0.626174138686417,0.725722424059788,0.675853741863996,0.701112305355293,0.725737244974636,0.641111645203318,0.48985710760442,0.550484083701647,0.523538369874813,0.550142033107184,0.441277881933596,0.453218727415794,0.547183893770076,0.56411394940412,0.550494926281424,0.530944276437655,0.657468936847472,0.751196316188533,0.577797619519711,0.689151834949723,0.941038921358006,0.63267805007142,0.723700414072246,0.703464656830679,0.720109509495436,0.671607361906469,0.636134063638403,0.937903012354319,0.749007740022445,0.887742435130179,0.82925619286898,1.09500678549319,1.08430447571409,1.54954842972163,1.93407871996201,1.67469587594701,2.20544219346407,2.22835463839164,2.76575819001579,2.59408074686316,3.0106432062074,2.65097298643716,0.812832030144491,0.800240285527432,0.976726807858595,1.03857646520696,0.914507445373759
1.00466956651913,0.956784354391804,1.10811330811283,0.992406388694608,0.977330216624802,0.999479182794179,0.933029880517107,0.993947903113664,1.01733692854576,0.960111805916907,0.948205420763097,0.972951962856075,0.816224956430891,0.901307923932966,1.09376187289751,1.09960521982974,1.12887861959864,1.15449245631065,1.4373431406874,1.2830315154035,1.19054357640976,1.02052971051965,0.88369993507624,0.865823307943526,0.941863724155424,1.00171994510167,0.78835828964087,0.904350969836068,0.65205372689318,0.680056084709441,0.855360596618377,0.750329094702163,0.762511257193497,0.500904668894752,0.850145066361339,0.721671860406584,0.694968397719919,0.868379673699343,0.888356287104539,0.717604113921358,0.914261665806805,1.07594593370763,1.01013184906865,1.23243000289092,1.14569862001005,1.02450770608243,0.886417626888382,1.23115833485597,1.21333527046723,1.12735187310633,1.13566856481992,1.10902736687623,1.30748923187351,1.27595422884885,1.03193283009006,1.14714234314001,1.32715702430562,1.65298456442875,1.27971809018398,1.40036824469015,1.14523712780131,1.02015692217432,1.02142404372788,0.840794848458861,0.802456129146763,1.00958900426339,0.782983878930359,0.731317221052843,0.690638861217444,0.594933380306585,0.682870864047138,0.789022846097341,0.721074968924278,0.695507610185618,0.937249347771799,0.81571853383785,0.933379814909911,1.09203338540412,0.937298197343754,1.08736330185997,1.24037146792153,1.18925702114793,1.14927703762372,1.24993489265111,1.00129383419518,1.16827872726981,1.12720687811148,0.928601069204084,0.772297380408593,1.16758175360394,1.19489920506545,1.07133796366608,0.919756046298538,1.00786935222744,1.14677523838096,1.36384199842505,1.19182081559044,1.13313830054491,0.916596513620658,0.778309185757343,0.97091001782077,1.01228540987864,0.839749309612586,0.922938845686208,1.1312656192182,0.954743048820277,0.938481822151131,1.06883539832216,1.2230853989925,1.08651267266554,1.06829059049745,1.124225037936,1.01193662284657,0.965170001276206,1.13933391458251,1.12414371266362,1.03803589782982,0.901124789100696,1.0485836734978,0.892092231925011,0.771351721408298,0.901324630069303,0.917797428043574,0.898576381947839,0.995796434345937,0.984630464683101,0.96514891307147,0.96987790731907,1.08053493060346,0.830988826069542,0.918567096957005,1.066098945007,0.803285418246,0.792309435533227,1.09194611154257,0.997766231311163,0.865776457506441,0.894705986355206,1.15857737121133,1.13377522283084,1.18774173351613,1.1734003620101,1.03463664671132,1.18678725123536,1.16210773599273,1.09743919103219,1.16613384048764,1.2112483019267,1.08548362895197,1.13957292441574,1.05543870751581,0.707342286992581,0.670684115333238,0.835695739229624,1.10041106039947,0.788877292697137
0.94014764814623,0.87954736275082,0.879394959735454,0.872882041871472,0.799236330028541,0.917952500663133,0.947194484241528,0.85884661905722,1.11147095156983,0.931297313480367,0.7367927757775,0.901583112341156,1.0524601730847,0.712924244709345,0.695938044949113,0.620937373460674,0.757486001595115,0.746081146859843,0.762066628476311,0.774016216265272,0.635729363057463,0.629974734667399,0.750639555702209,0.683794240904296,0.703887447155716,0.868567973810128,0.828247315000479,0.949725986774154,0.920977964216376,1.16597931593458,1.3794578919045,1.34757988405454,1.46037875387547,1.40073527931637,1.71787907900739,1.78566957839,1.74278513751956,1.62374024250413,1.35655167560144,1.59825189442069,1.53341968377928,0.837001942525344,0.941623324786222,1.25815392269263,1.2157985831517,1.15348963415179,1.30596382524034,1.48145043587793,1.42260984027968,1.51116267627002,1.67576718973044,1.53318098698195,1.52869429984656,1.56816962309798,1.17602224032251,1.23036172743408,1.20327181697645,1.18296346972612,0.708053455808054,0.579284159030288,1.02751050877958,0.697570029945071,0.603467711020317,0.586350095163231,0.6096437994814,0.702774187449671,0.579014116746259,0.627117640124407,0.655094111850419,0.774571670267093,0.700487733482781,0.694640268011483,0.769410147190668,0.882825101894489,1.03180948406781,0.733338580516547,0.723390132920317,0.865040978457061,0.813217214095668,0.895707674484997,1.19347871959169,1.09409073822081,1.275496684011,1.21500269995621,1.13854843070213,1.15205249896276,1.22674488256117,1.01449079687157,0.794890270509309,0.81393333120326,0.904916411897348,0.649455211793133,0.609948779939202,0.740200528902695,0.701191565115515,0.584712749203358,0.564858876462479,0.667947914625551,0.60722059011458,0.517503673068032,0.772699056390442,0.833687834064141,1.02584088273139,0.68568001825911,0.803111638725435,1.41560607303563,1.02451026005213,0.862947139744166,1.11707430763141,1.14705785556944,0.862884219001491,0.930388903834778,0.710151164919653,0.870213118551641,0.882449699205524,1.2181488731308,1.30864714058222,1.03334628868096,1.44913520422426,1.44521031577068,1.70709712173923,1.28784428922843,1.26042918283431,1.57116070950427,1.62323093745558,1.20517974655164,1.30308058961671,1.22137862137684,1.19681728697709,0.934062537932276,0.756871700755372,0.694056918948261,0.717773819617108,0.749778464499866,0.854109984107829,0.923492624072766,1.02905766025968,0.99566978634422,0.856205151790561,0.933828790729989,1.03994045769507,0.956855734561459,1.09077086612045,1.34790978640825,1.22186387635537,1.06060642486265,1.32145349257688,1.45939475804666,1.0581442653612,1.28423927995472,1.02329102876067,0.549107939514033,0.601903724496449,0.585554051016258,0.573009762314681,0.671120013256935
1.45959921693264,1.25508711620661,1.47735796898039,1.32743775409955,1.27700001291913,1.04053136452771,1.11017336297055,1.2639655593854,0.945230105580635,1.03342036082038,0.935363623055203,0.870979021401789,0.722416337151393,0.750899699472464,1.14083020374369,1.09241918279106,0.891785387717537,1.06773045906546,1.3122171900568,1.13754768371379,1.1437014095616,0.954080287421516,0.797195941354397,0.736300606165467,0.915345993773072,0.985390657507183,0.671914193281987,0.560619938183601,0.771691010294066,0.926576335425125,0.939999108738769,1.05508144182889,1.11237738774351,1.02260391743151,1.17355495632602,1.06865714743325,1.04804099333204,1.06720407982413,1.05765729480544,1.02675934860955,1.19959329146332,1.13995653272417,1.02344841660771,1.25621571526432,1.0480029027636,1.27775936260928,1.06997860782439,1.06835489774274,1.15375450119967,1.03228975724917,0.826727891892982,0.708688608173856,1.13665186508498,1.22364503467771,1.0840170582924,1.08557014591314,1.17985624054578,1.52100742979092,1.37085602122534,1.55678105012746,1.18795844853677,1.16760575985844,1.19963280642492,0.785313372780548,0.778732879822766,1.04173227662196,0.749391450663454,0.727909059582987,0.655910478133762,0.61642045554091,0.803409531801546,0.770233228185404,0.960648538348598,0.741607650282981,1.02995119447401,0.972283164651825,1.02073928099351,1.15957032322687,1.21928282850667,1.16667965239427,1.36147274332079,1.27822943905296,1.45349137629825,1.99359140622354,1.5482717577382,1.32186437877242,1.254457264383,1.40818604775545,0.94961567388185,0.971641210636337,1.33092523527277,1.1698920823276,1.02988936522616,1.18826938256017,1.28502665061457,1.10241458063735,0.931500382210509,1.0749154068481,0.961874694329442,1.07217375133116,1.16807519382464,0.98887587550365,0.9945658094549,0.860363860909945,1.03539161983042,1.18178481689367,1.00761884310469,0.837236581162535,0.914003163913071,0.856538999877375,0.767243414459064,0.661005249218629,0.665799096836744,0.643229240311384,0.635994252137153,0.591197170897301,0.482815169774718,0.499650424025799,0.597043620430141,0.498949118216352,0.480178563550402,0.586609784112555,0.574495930566824,0.491292333312068,0.568381168714116,0.589572680412732,0.639236325811136,0.571927028538211,0.68807898098148,0.833775560956486,0.79016798681884,0.678485144015223,0.771470632620243,0.950592935233936,0.887092987821093,0.963591673883637,0.857277825515646,0.882486124020657,0.852388287439045,0.751901230355563,1.15443299729755,1.18894500507247,1.12899711426299,1.23720057697392,1.36649338002477,1.14515756107203,1.14647887474001,1.45817574725304,1.27706946604307,1.47722657018596,1.40379407395872,0.681722082333251,0.71678284179904,0.925269297967996,0.95875086707189,0.884504637422134
1.06135365210002,1.03396423529289,1.30352495484485,1.35959088894242,1.15147213608657,0.944557455146771,0.9478747995669,1.05980543404128,0.965931435251836,0.717932137716867,0.792973664286798,0.968293352125353,0.958611918296489,1.0749372075001,1.17696771460849,1.19893134459262,0.909984838035319,0.85909250853954,1.12173162470305,1.01738062428189,0.924657318554773,0.973729630882491,1.151547674365,0.888760390294197,0.629784569104627,0.874285334053208,0.749307066752748,0.688353596209723,0.672113354944069,0.781304098840333,0.793852328593098,0.808761515710417,1.0282679696458,0.777804624064748,0.849192339452587,0.729709496725186,0.749193886180529,0.743217989896511,0.674627767053781,1.03393473427492,1.2874333185904,0.975217074136223,1.02069483925675,1.36942741293655,1.366497930966,1.50122515617597,1.32467068873028,1.51361027040435,1.39349967121383,1.29316933232076,1.03110227785544,1.03279571188798,1.3271679487746,1.3207598821265,1.37161723585199,1.26741101316743,1.52244046699149,1.65157063513008,1.32703050120955,1.41272455712451,1.22449513318123,0.944526275088926,1.09606306447521,0.723490165314658,0.651583912732407,0.711116549252229,0.61400795647075,0.427323060886737,0.543079263216692,0.53921434834857,0.579886409938478,0.633354615959343,0.796372584539117,0.878812709830896,0.740986452465548,0.705429607143991,0.813600612553097,0.893457507674988,1.13332305134476,0.732641437402205,0.839881519038899,0.897219871156304,0.8913709048402,0.939293352225365,0.946806054190527,0.794527580812733,0.888220191368848,0.866733585355903,0.688019223836591,1.04115736605277,0.980534780218185,0.675816762775001,0.743924008313272,1.23460437515055,1.267811405771,0.849412225811377,0.68996108108902,0.741869164435614,0.794881985092973,0.886309783574323,1.05449587143545,1.12034476399718,0.996295451671822,0.968059193906668,1.15511985616029,0.98369592939921,0.81869810242633,0.939517217584933,0.836695088717893,0.851142709866914,0.759738018321192,0.790628926470215,0.954078387641213,0.935548201292186,0.872287708535764,0.713086767975339,0.911351266467261,0.92216715897391,0.933066243732317,0.753702096868682,0.869688187726063,0.768639084407325,0.733377250334312,0.755057169657266,0.603471534830781,0.525166920868,0.796269207665055,0.563610732410809,0.468881243621375,0.88905870215952,0.627145116415127,0.742984625485154,0.738546462439343,0.780916150042655,0.961364908948367,0.820575030110184,0.862546572589282,0.869315627839218,1.05603696532902,1.24462848057775,1.34006141243381,1.24116050133315,1.79585116802201,2.36975040261252,1.90856425750896,1.82625885843952,2.43184546479555,3.09742782887194,2.3150974468885,2.7479079690443,2.01024471302084,0.412700827927917,0.463199675000109,0.500781679130274,0.589053606381286,0.504591778349129
1.17052834208387,1.08163323123691,1.3739136489609,1.36740288412069,1.1498940191057,1.09508646156427,1.01574818271527,0.985657307496971,1.00198505769235,0.832779941111047,0.822714724686931,0.844991635639588,1.03633641903345,1.13986584536767,1.3402031295749,1.45603654907542,1.12370217519173,1.14551602601033,1.4937577886131,1.36807300655612,0.902172511284033,0.809798231376821,1.06523331863797,0.910862975337986,0.415136292076564,0.462103470276777,0.505424999951553,0.660904662007545,0.664738178102724,0.988888657871212,0.895794535526864,1.22900791038103,1.4133348728197,1.47027479636639,1.44074796925892,1.58369421122814,1.81600072787458,1.78176253319214,1.276873441538,1.81672490726201,2.24870610452328,1.73959410512559,1.83534239704221,2.10898036407925,1.72664291952466,1.60887085221931,1.980815201856,1.85465113872679,1.28984598761732,1.40749991782618,1.17960599473151,1.20209401151396,1.0648825179137,1.0678749053825,1.00219509978074,0.756985823714393,0.965062917476146,0.846872243816492,0.571136536731454,0.658670145385378,0.663512865538174,0.448431885014569,0.441440420447489,0.436123906616345,0.342293699835159,0.457318226885689,0.273573718522592,0.305491855423921,0.373233998090258,0.35342710778948,0.359971514599418,0.450504280401799,0.431233090026494,0.50880813487101,0.772157029260277,0.616699962769907,0.637076654447282,0.732430177754091,0.908773573659648,0.822919121719845,1.03419267376399,0.904972782254964,1.06731721274047,1.14271833047632,0.883738565601577,0.998411850655419,1.0421000579488,0.941732050050815,0.844690108091632,0.806269706877177,1.1106934899654,0.688755439138446,0.725128504921892,0.999134748577578,0.985859136327651,0.73598928069894,0.600333942988057,0.747814116952832,0.671844338942338,0.762696927063324,0.848891975623526,0.696689397196323,0.998379555698396,0.629676524345259,0.692955471280828,1.04917839986455,0.833406149438189,0.650290928139341,0.733942419863346,0.761780879532127,0.646778591809893,0.823558459622016,0.94184910255945,0.738936572840622,0.827872059280641,1.10409575960827,1.40284992984869,1.22497096991827,1.35218317525158,1.30898949975898,1.43228623810767,1.18060235834216,1.17170271096027,1.24699825821515,0.739203562702439,1.05293069902484,1.06662213053202,0.821411929116535,0.838972189221322,0.960917326684867,0.814174357506108,0.68886789192905,0.852722198826941,1.067358618591,0.756911672870061,0.930330832962221,0.943663030521284,0.870707306422245,0.999723973698622,1.00331560402735,0.980250641502523,0.881560364704822,1.26018447643475,1.67909224637864,1.38374645815738,1.37158812761564,1.65542356677953,1.94474201469358,1.63711667650106,1.98169671130748,1.3330913848746,0.339959848624108,0.360011441763674,0.506842463081887,0.48585154013933,0.390694074792378
0.674492695762667,0.557974636759414,0.732493918105077,0.675459615205698,0.9542050288808,0.937867427232465,0.787726450176753,0.785632190258064,0.931906467507281,0.912555751474325,0.867819055184519,0.915675441887607,1.03285338850117,1.246693545038,1.53919368389191,1.43259057171105,1.15964796228104,1.19560224234845,1.38223122969345,1.26007088384071,0.940416572464756,0.723654214682836,0.857012560753091,0.736753815271374,0.487546559648272,0.660655565727704,0.413080993565954,0.491338752936523,0.55375760589281,0.599300819690059,0.532389777780073,0.752329235437795,0.865012986437062,0.873171308639393,0.832371740214001,1.13386084099887,1.14249025944077,1.23476015873989,1.06871594612216,0.981405961743229,1.12758797327024,1.14921851561941,1.11507700893206,1.25901537655272,0.931378474657006,0.961655876028775,1.09031545327666,1.08232519943257,1.01432567257904,0.808468747369139,0.920420757996666,0.920051882000101,0.897904061576477,0.820251823223157,0.70617718497542,0.649839371272457,0.717144976078212,0.768176940561378,0.724018056327118,0.770138598848773,0.590879105740598,0.639749178611472,0.494647622088056,0.449316078632206,0.566756572307217,0.732203031225503,0.697898059107466,0.746102344304843,0.852653417310257,0.928441696705812,1.14358181434995,1.11861809481569,1.44096078253617,1.46884758676001,1.43426158559409,0.899440698394408,0.928693703088267,1.28338577082939,0.874518601585194,0.821717910545138,1.64423182285661,1.45323636452197,1.70673693518852,1.84954578783505,1.73388969601046,1.46985917712295,1.50791055134994,1.60972389564857,1.60593853841963,1.49860090583914,1.39560904827771,1.11255005738551,1.11252050869487,1.3477382704303,1.45201706245975,1.17675444261618,1.15976632774882,1.15242256964539,1.13811354017764,1.17688247592743,1.36686365933456,1.48596582856559,1.30074327640633,1.11013541213222,1.1518446570461,0.797784084961369,0.741967831884289,0.855914729104884,0.607992523663243,0.601961038580005,0.458572928717151,0.669316915975258,0.625143926672471,0.646154056788599,0.670754317466416,0.871546204781856,0.933500492345189,0.868194615515389,0.888758532137301,0.963767315011502,1.01297742691856,1.0028756439628,1.05840667056017,1.3014353050279,1.06002793100574,0.919450341039158,0.93154982383606,0.863575302674746,0.864394057726381,0.81814789773206,0.792514120765868,0.688712913866223,0.920593906772384,0.815605769887084,0.791683853580527,0.838413592489115,0.840209014593576,0.958153906122176,0.98262566210151,0.996804545047394,1.0251169661404,1.06240486698603,1.32202057812703,1.5139287987344,1.41140983436067,1.39857105351071,1.28164537599897,1.47225080004588,1.60956932290924,1.83400058280543,1.68373643291449,0.615905775062346,0.701307155045702,0.847536916584792,0.631754318608272,0.800869744173897
1.04997167879257,0.910558147697178,0.82691983886273,0.784535047325385,0.917523752579034,0.758162339710839,0.849886872648098,0.706973019250623,0.768357837011309,0.79341317096133,0.715923571302959,0.659564588109908,0.812798272603995,0.879350359290446,1.0564027937011,1.18921199867391,1.23174651698859,1.21216071055381,1.45275401102571,1.39023074062981,1.09760083051681,1.08853959093852,1.12289606726958,1.17649450296593,0.908081393795767,1.02092011178182,1.03003494444515,0.922683155532701,0.706915053489583,0.962613724938833,1.05607050813468,0.882262343357163,1.02279720639742,0.992254093444193,0.822455580573988,0.859692402020976,0.649915854292076,0.741389689692521,0.79614902822743,0.878446397822281,1.01560028128301,0.73423493071499,0.96645348123812,1.24677235231148,1.08472406751252,1.03849355304888,1.09895766527939,1.64416628216034,1.66138979748036,1.74713111407495,2.01873516881638,1.82858178085463,2.03692211439555,2.15665362967125,1.49877006908456,1.84183516609943,1.98375661256466,1.51900782890985,1.15688552319755,1.06682845437401,1.05868452313808,1.03798962619367,0.857557910376984,0.73971193289213,0.797902159264419,0.938591124670708,0.642571097389872,0.571660638736002,0.684852720315961,0.702693163402838,0.630965036698286,0.709270457161671,0.952525836368842,1.04485331499738,1.49720262156026,0.973544393890426,1.09764839134875,1.41616617207215,1.22560926156889,1.39902054396628,2.00419933499813,1.75516850237477,2.04303175580147,2.20876776983086,1.80386886067929,1.46420520296141,1.40055396563546,1.43997485638059,0.971467481337147,0.679028465962961,0.731152531527706,0.594929588665467,0.499874914284597,0.687276849361073,0.59297847296399,0.427664027688234,0.472607888238137,0.453693178679303,0.51654858156917,0.568979436876074,0.692596221794239,0.985858520396352,0.879165006608639,0.834557599285448,1.19236932842024,0.998593101084009,0.845857166183553,1.06711156566294,0.969559112698462,0.847834755460379,0.897879799798701,0.872472685710621,1.00828349480714,0.999345337514128,0.881510004864124,1.08503867510096,1.20644594598435,0.93998812233779,0.950406647317014,1.04824401136583,1.07455703615933,1.01521953874231,0.990929640837561,1.03398351080484,0.928252993404318,0.920458862004798,0.782364292410717,0.763856995802441,0.807774876758731,0.770140004643822,0.874724285431685,1.05127853698666,0.773697476244066,0.762699843046281,0.884667801372213,0.802882386535705,0.857452454611152,0.828204466719856,0.862538460226268,0.783538298030206,1.01146865720419,0.885593849935987,0.891421175823603,0.804761021575725,0.810443334391266,0.702588366042623,0.893055187965466,0.959308741156669,0.853856815514211,0.880028524013056,0.702020779305904,0.466167446385399,0.528422336931401,0.511209310934876,0.430875394856711,0.550889982536924
0.708282858138139,0.656893607006187,0.762569423834318,0.762980569121274,0.620465671271964,0.741251856912952,0.767910988009858,0.952475709304635,0.832487377002445,0.845632500235007,0.876130125249738,0.834295157432676,1.03424562831958,0.958896056079647,1.24809813526292,1.25069217799285,1.08216965240699,1.04731714619777,1.02845941039605,1.05217176812438,0.878000709208127,0.875990941021771,0.953959098105935,0.962797887297868,0.774149763747066,0.850948440095064,0.776662751688016,0.657028818150966,0.648405060578381,0.837846493141075,0.778574611709362,0.60291703921859,0.84354520852239,0.752103809173062,0.551258405123972,0.554434720593768,0.620865305668841,0.700448390351992,0.719985934680271,1.09008615647107,1.26876208700829,1.01505641337326,1.19655192226198,1.82836374220643,1.67741987798918,1.47653210981658,1.25586933499945,1.6141208755208,1.3413726942207,1.16300944174613,1.57041566975935,1.31549151055384,1.50205832173268,1.64766116469623,1.32786708120037,1.31673764803032,1.40980171329051,1.17659403211634,1.02588414727297,1.16267263510524,1.0438914952747,0.992226264967748,0.763409121557622,0.741650687490481,0.726934927334761,0.930022053690982,0.563972100672254,0.527538848965089,0.74883101976356,0.851938109398418,0.795749722051685,0.902628972584002,1.11752538915665,0.910523148174277,1.28867509367107,1.16168658426585,1.40841724174253,1.401547508852,1.27771748736236,1.23627125611045,1.84944604130732,1.50823663792078,1.61836423700158,1.91576045873763,1.37568517703308,1.3196585884227,0.996828642548938,0.966779367981505,0.812613183221281,1.0901872910295,1.46976623820937,0.916510250756541,0.936388074404123,1.38217719417675,1.52167570598329,0.977293621168045,1.05069923268212,1.14752324718733,0.967877361391898,1.00327169460716,1.00764202548133,0.800214471640631,0.552360652751303,0.700349332513458,0.814947399966485,0.616167947833459,0.5834819694527,0.703875511463039,0.682231068985954,0.731037534882492,0.772174677960296,0.624665071711621,0.711388626572441,0.799828348529834,0.762363198285073,0.91484758109726,0.871604555862608,0.851866433974478,0.958395377279528,0.923397011337056,1.13943372847556,0.85239404011609,0.780232097785461,0.807429526998449,0.762011244141916,0.617811648028866,0.852104822640843,0.73353298120764,0.587786358058091,0.680144020676713,0.656234646284926,0.592269542570431,0.52569045014096,0.643096331722779,0.516754101048647,0.603300706464978,0.739332991202897,0.84332404355791,0.756925770700295,0.953115814639327,1.09764040385233,1.05880956877935,1.22554647610277,1.63218144411075,1.56265786912154,1.4704985356426,1.8606958560288,2.34586765902441,1.84446503751027,2.09297271821777,1.76408670593298,0.421926851847223,0.40820997900099,0.703038724485599,0.820578065162891,0.661483376530888
2.05549178476893,1.64945632640653,2.19974673919591,2.17013531907335,1.11748002506094,1.42985290461914,1.47747125984165,0.968296906887462,0.855245456760038,0.830239185571967,1.00624846649619,0.947571796256429,0.915241257001373,0.947530527520448,0.966862920005873,0.781476233673284,0.72776552878397,0.843233023700946,0.803270600213603,0.815252246022587,0.785226082995629,0.507786221058463,0.451028700581272,0.565966692968667,0.573549403250646,0.604796040642466,0.519864610353678,0.543770414016466,0.528358960574265,0.61971659763991,0.722713096511862,0.720518364881864,0.933572600814778,0.836300325903817,0.852280561183744,0.770852768329904,1.01579292490333,1.32772422859214,1.1068293175799,1.45917270668882,1.68816349933246,1.21058281830256,1.30257885776919,1.83419871923676,1.65553250638922,1.49465437210693,1.56192094947841,1.6126548508651,0.933034716018291,1.03006014227316,0.951078351276045,0.814274664972588,0.875942939643634,0.89978888919306,0.933435115941194,0.767687119791493,0.7004034026019,0.760944846904332,0.538551537484529,0.628909320940017,0.788039518506014,0.629492809408828,0.625229239235242,0.587404453323933,0.552052078518214,0.554876797006216,0.473987069537801,0.638181867733905,0.604958582839322,0.757571541000998,0.685114548152222,0.684108212910465,1.14968071009952,1.02136063573208,1.10445965318544,0.91302068684348,1.04138399112312,1.26519968939901,1.76593369996653,1.76773902845619,1.21165535212191,1.21434899516206,1.30985329046375,1.18667674464699,1.21222623650647,1.03835914049316,1.04075193860687,1.10276237014341,0.819770320883472,0.891055794633528,0.990739006034981,0.728731355626553,0.808837962657263,1.1116794145082,1.15205877088761,0.924753753491672,1.0708622521977,0.880469886747293,0.700948966065178,0.760996650050396,1.060913379231,0.830272212939416,0.767233143249134,0.711765953631833,0.794712812387083,0.730541873086054,0.605986886343388,0.652940650045229,0.492488542512961,0.636067066071639,0.529316019802105,0.485312699983696,0.413322862441571,0.462331860441267,0.476060298087336,0.712335453617356,0.758590436529995,0.672511064299138,0.769662717805706,0.776729339469037,0.787274525444228,0.810119259939513,0.88196040821121,1.0212254181731,0.802127235456401,0.894290815362854,0.847760624979256,0.815141255997629,0.841329335705464,0.959395565439526,0.844429448082845,0.676208782510751,1.5194776129038,1.49926228019387,0.874904936165609,1.04617781976773,1.74457922556973,0.858212490658853,0.971792468822539,1.21658606790051,1.220482199604,1.33048667318569,1.72135698462019,2.11193020694297,1.87626476047332,1.90340289543449,1.97485066913775,2.37082883883705,2.13275724358235,2.33791963405739,1.88776490673552,0.405995765568334,0.372313586758253,0.766708105727079,0.757780100240003,0.662386817075137
0.976263871795953,0.917277800939798,0.944195751350824,0.98964363910992,0.916395113512031,0.985469223777942,1.02354230865784,0.942293444807322,0.867736739459892,0.925674751962064,0.926146246676216,0.658675602040886,0.927078550069107,0.893869087542139,1.06115844837705,0.832809795340979,0.968818334011857,0.951673580896238,0.958130463844582,0.959443644300099,0.768389643476456,0.716444561482902,0.743955693173818,0.725418802452435,0.587157334636483,0.859671941912365,0.697150676033397,0.701950266933655,0.525832215478708,0.601090865647284,0.708805653567231,0.887245683601482,0.874654901411092,0.916110976175722,0.903809868206744,1.19575489425673,1.13047144157776,1.25474201250389,1.00806282484688,1.32474759496455,1.63748217132851,1.48607822216984,1.56681716895823,2.05518293653938,1.59279152601289,1.55264638108929,1.52451625035592,1.48137971139744,1.15620255883833,0.735572527937537,0.672588370131036,0.593840031872787,0.893472540178075,0.918647797010841,0.772555709058835,0.940937447737046,0.843648079952846,0.833205545730301,0.890009891865268,1.24851849095283,0.901959744433771,0.844304193071035,0.768164370304874,0.663489624630134,0.629713852780111,0.691681219493158,0.517326186652515,0.644940601672573,0.682222788133255,0.774145100963718,0.813235083741636,0.897947047888933,0.858603680592129,1.13268062294554,1.02704542194764,1.20917934727252,1.2440842208598,1.20171433981573,1.02769153565146,1.11388446327008,0.981670754217637,0.898077150875962,0.844770456729645,0.709798964894423,0.783344082628761,0.944448464996204,0.78297633967306,0.432125488561108,0.709465391223691,0.905596843038135,1.05310688550651,0.603662090794638,0.787618605805874,1.11917337190486,1.00738790615971,0.600732899586597,0.660895469319154,0.705304666415551,0.928083268143196,1.04464546708094,1.1655314940681,1.28763055894332,1.16093812019936,1.10025272481144,1.10912280467426,0.954344439341837,0.96266667978732,1.09726517050183,0.829068373850788,0.670238714692299,0.675100925288487,0.793272551363211,0.722529557137014,0.799370553474278,0.821159753331494,1.04779826607545,1.26511567639353,1.0079756210336,1.07791122597943,1.14155944637928,1.26132581669615,1.22623943593435,1.13209766078278,1.31903195453202,1.43397689406732,0.940710711321709,1.07690633673129,1.06236707156129,0.881392229879108,0.929802626867213,0.809048081097259,0.827443914399693,0.907625721039741,1.00802347558793,0.753682459802963,0.861712887956477,1.15371427282423,0.913261568604335,1.22080750526122,1.19312118769538,1.13370551983223,0.945639424730019,1.61617847549818,1.90390599585556,1.5379571908352,1.44873332848051,2.10092257833196,2.43897226499948,1.79723601469022,2.17531512883987,1.57629378383079,0.580929751975105,0.664337714492593,0.753604911762789,0.698146162201654,0.726221660069209
0.915274537333529,0.977227877387029,1.18002314731603,1.09739630108029,1.09197909918104,0.940152032387461,0.926613755495857,1.11037909055602,1.16224374184994,1.02395437821829,1.02499130116069,1.1270027113106,1.26737048375409,1.20732167876468,1.28456592807595,1.43806904294499,1.24270656502097,1.38731496171765,1.39458278896753,1.2023140365097,1.07774886053893,1.05673470312829,0.987735552940151,0.8838338566224,0.774068616755933,1.03982629060833,0.934911818058574,0.85024568236487,0.888617604158323,1.1277848040021,1.02110744718261,1.10616466797561,1.39950926515685,1.20978097725335,1.22942086797391,0.978421764142967,1.05024995341676,1.06252817767591,0.869631725113746,1.32108820131659,1.47558107506453,0.900855601923705,0.837846008433307,0.767337386533863,1.32589805080201,1.37117429249718,1.31658100651835,1.32919369570117,1.4997169137247,1.25853215567547,1.38430135552894,1.34180435269814,1.85003555863802,1.87513270651156,1.33770642113908,1.70798275368612,1.87578031531346,1.82042979756907,1.40314417581925,1.32573906454536,1.40137453312735,1.05604441545952,1.06037659607795,0.937028557884928,0.843506387413395,0.869843890344862,0.669872273514018,0.653091083069837,0.729185867481208,0.734120262079357,0.724602991861046,0.76915280060793,0.976837462861131,1.0370539203464,1.16896073910602,1.02301961481554,1.06735609477485,1.21353671775802,1.12884846442911,1.14676815543301,1.35020056459508,1.25971184341958,1.35548265194863,1.57508373556325,1.23812055030416,1.06548129113537,0.891291962259246,0.755250539540706,0.626924255419013,0.637172648136566,0.550259263982498,0.654635382133715,0.609826244810713,0.720913374135015,0.722367664202465,0.569044821044263,0.517855428401656,0.507207169658112,0.614767829960431,0.654028138491189,0.523170435394235,0.64993534864359,0.863967766720021,0.879851729312732,0.879626460580167,1.12594533811474,0.964575331152733,0.893403023900285,0.910279889035205,0.882025567429888,0.79138453669128,0.822533512946479,0.888842749561407,0.968612019268627,1.19722336498362,1.27268725259909,0.971522079934023,1.14658893816027,1.1690924516093,1.24437433677778,1.36993051194069,1.20359909202698,1.17573805036349,1.21612690191792,1.15493118017769,1.05442634813218,1.0957618501679,1.02736795373904,0.759802447195962,0.937186732427558,0.859235231378014,0.835653976513578,0.817671827413635,0.833472966198499,0.708477816766202,0.736649822257962,0.752405709543697,0.763915154731128,0.618535608953742,0.66288293249535,0.764798056899486,0.669515880529055,0.623432237049607,0.661964506300463,0.631226114465302,0.65160960545181,0.712476495638894,0.826194863832351,0.63578206863605,0.714494856480607,0.714052914136084,0.57783359905628,0.519272543305194,0.548067762064435,0.643260676361535,0.514730401307242
1.20379511730865,1.45923300339572,1.9614823129576,1.86263168046057,1.65166192875977,1.44233710216748,1.4769587416285,1.59161435378823,1.48494240206231,1.229633698751,1.50454202795844,1.51925360045634,1.11070373065309,1.31279823829365,1.54696161675881,1.3225354824752,1.2877492242122,1.22862593966001,1.4813266236457,1.33649654481155,1.10022106986371,0.946250952947753,1.06512052762721,0.932129693863775,0.827560313909662,0.716345874790686,0.765350639598077,0.807477988420727,0.676458895071638,1.14962802617728,0.836998548431624,0.732036416129329,1.13986335252513,1.08096664653644,0.718368770392379,0.616054953704166,0.667854148618369,0.646027018579408,0.627312719107453,1.08731174429442,1.22661270882469,0.740402358229635,1.0809479438168,1.61419785179887,1.28501690830357,1.32607296429938,1.29660716906712,2.04474347821515,1.87984709508357,2.38579295298618,2.13901650961036,1.69996405045332,1.85324679659044,2.23882512436168,1.56165586429664,1.2562100435173,1.40121722287768,1.28188582072501,0.6071266780169,0.691404322604329,0.822324033741536,0.691029030492965,0.580079479329855,0.483647294362462,0.690449446534198,0.891963086646919,0.585157041128278,0.665453900619505,0.826813582990993,0.712981024593955,0.590450253237809,0.698792474155446,1.10198897028118,0.893192520326808,1.27244068496411,1.5117203535668,1.72102632115885,1.88800475568502,1.78544725594672,1.64378514314776,1.50248136924304,1.24428883732971,1.30457602170133,1.44380701338693,1.41485639380847,1.14340167680401,0.643528215183351,0.738919694227337,0.542466523835732,0.519504904304198,0.589676167176705,0.509043399373066,0.505564466837415,0.578997931023126,0.6505305406405,0.660321097069657,0.504987487719104,0.558723565271002,0.50648384714619,0.629618141572268,0.777007417936579,0.739674320417458,0.611210221323319,0.656189486570965,0.738261412111101,0.703547580182383,0.794148514906075,0.846934543371357,0.869584460016956,0.861556510149144,0.897580244697596,0.767312362754418,0.761576276769107,1.00036520647906,0.956314814498134,1.00636058129176,0.82834115739299,0.919988270430468,0.989118380570908,0.945512255709772,0.812382930535247,1.02613456601042,0.946967361675384,1.1195758881342,1.11392823630355,1.01176604779514,1.47281517233541,0.924925666297982,0.946227618085406,1.29714446771686,0.927617045172096,0.613629157869332,0.915102966896448,0.851413223891216,0.763619877724646,0.689204060264571,0.640565547007073,0.607213034481698,0.657897579443941,0.590273287491,0.62159035527848,0.637489186672845,0.63363921979417,0.696616624206854,0.590877372579686,0.618598375142472,0.541938674989981,0.670432560201775,0.606078305512503,0.55553413538835,0.628638021663622,0.555663012370175,0.555695410739634,0.446797016012151,0.468667467179899,0.558817028519245
1.08649748104646,1.05777015681958,1.46005399978577,1.46047562053373,1.16546657207782,0.988739875418014,0.9813819799272,1.35388738658363,1.18590401711861,0.906510908053405,1.10561904726853,1.25061313782752,1.32516736361192,1.18350815320399,1.33844553857099,1.20757358555272,1.24724431522386,1.40168305726507,1.49306504000945,1.1906298797034,1.23639550181772,0.997700479825804,0.912191321713316,0.789986440697743,0.844962365465051,0.919889161886689,0.694587548386871,0.717881530462652,0.671087738247521,0.674812550667577,0.713955950573591,0.636446167427521,0.786865515064205,0.778875611845872,0.758223486775845,0.701756199316835,0.924933860924444,0.909856798737019,0.81838210406262,1.01183778486395,1.19377018818125,0.975826517843029,1.06541286552901,1.2568855837791,1.14693960307476,1.24181175370925,1.1782598606892,1.05680317280851,1.14856304129833,1.08901132447254,1.11950113871898,1.04145228409513,1.2826733264724,1.31202642515134,1.11631229253302,1.1092268449159,1.27518303686398,1.20245125862511,1.03703667305788,1.058430770175,1.01128827319278,0.983031869265119,1.08580430723621,0.815579274092417,0.832178365919231,0.938911816776563,0.824188239384595,0.80215631037546,1.03627335285442,0.955524107412724,1.08931763409007,1.22485578448813,1.35054950399673,1.15869454715573,1.31612471637794,0.931255210103659,1.05627207264777,1.31084993277945,1.19790142504781,0.909326995085095,1.44736460088272,1.34310473650983,1.39301457824388,1.69476432436845,1.40870087360091,1.23467684893222,1.27619270645124,1.32719702013437,0.840959441752392,0.835280325141661,0.659194766983721,0.500734886727734,0.630935481400676,0.736434200273886,0.648758748810066,0.515526243324855,0.596387816972299,0.823884838056071,0.717373545586166,0.772751896322684,0.851798601634259,0.948249684152066,0.989116439314569,0.791573556729189,0.94093759629143,0.825586181654605,0.558209524643043,0.663194129565223,0.661048141813289,0.666724549663528,0.720621759029712,0.716809498950987,0.761020615934097,0.991659893071696,1.0730292737667,1.08388544019037,1.48902756398964,1.37472921600496,1.66664673051562,1.27784970752826,1.50241902991693,1.15276549305604,0.936698526556372,1.09008410614896,0.780638753005787,0.46159905103754,0.943053461272294,0.618498683477134,0.394700710583907,0.737959426529254,0.5684149698254,0.464641017883159,0.498238270386631,0.571399031030898,0.650036657132016,0.654712407186605,0.728076371092441,0.641917589364223,0.833860861301754,0.955182776640553,0.907060359492167,0.97858198831744,1.29908336615356,1.40374456808529,1.20426882453861,1.27643003383012,1.41922626320349,1.71732885374017,1.29869100228903,1.5935072438541,1.33668414468265,0.693722323058811,0.62452841271145,0.612485653336119,0.680340954063243,0.685935895656645
1.333139475209,1.18831478944464,1.46276589195142,1.47724979214598,1.10344231389841,0.941408672075466,0.93539567471798,0.97140492387985,0.829104728222794,0.771232563480622,0.512370815258318,0.531962514025323,0.686447506503749,0.785602094449095,1.0118721352833,0.905096957591571,0.744286015811731,1.01218227691439,1.1334234378597,1.08260202499344,0.86320007132794,0.793386330130903,0.759088507448461,0.647273651048963,0.539017042369185,0.576124434310284,0.437393768409543,0.46953531049793,0.485873918944732,0.607924753344905,0.563857137056324,0.678195713128892,0.783275447177822,0.690961069106795,0.735425471691349,0.732870434782327,0.859830205528231,0.861201550052667,0.703051393211546,1.19218844415674,1.4241886875659,1.50711373940872,1.36574243830596,1.96573616941743,1.58705706413314,1.53599130263476,1.42751779742956,1.65254765157991,0.945227319650287,0.768918471311176,0.646239421058905,0.681701200201877,0.842589214302164,0.747687510027357,0.719201473177032,0.539181303326764,0.618643868074829,0.742033174180885,0.776168356499719,0.869741529704998,0.71038000674015,0.657220851682425,0.702866621802701,0.62894272241346,0.65705023055971,0.759399301558525,0.732620719147447,0.672520085522374,0.631385008791232,0.782460259045597,0.73091882064194,0.750897357178706,0.869739826829933,1.07496709284217,0.99557252067789,0.719088257925165,0.63246791571853,0.799815656234367,1.06711857148091,0.900626991533702,0.892079480560838,0.939112206924856,1.17896655924464,1.29001159711415,1.23101049711354,1.23461110617493,1.29524976130546,1.27426685515009,1.05426668010008,1.16142130021394,1.27177025969065,1.03802414139543,1.07415611978911,1.57324582665641,1.38803246768919,1.15473617390101,0.860878328989837,1.01448448733976,0.85507156257752,0.997745805911966,1.03297577670626,0.84255023682316,0.693713368758724,0.780267129137968,0.846359130426112,0.733725208486681,0.570753652961522,0.675134739590577,0.581784900055353,0.707093064641953,0.630703092879615,0.71870257592937,0.844788508243622,0.681133820130573,0.664221696115052,0.91738806524693,0.824307998116438,0.663231704075063,0.71896690548848,0.918975565603601,0.862634257147588,0.799555972367803,0.778324299877515,0.948030843033388,0.900646961248374,0.775464129760891,0.803342324215095,0.692730415531357,0.606049388141341,0.686018302872344,0.57852895324969,0.581444838591115,0.718383727417158,0.786660109381068,0.673338219612013,0.828579332051302,0.895827496963759,0.813545708705085,0.999228699288752,1.15646448960631,1.49239737734044,1.39611844034117,2.15722367569381,2.84926279331713,2.33054943014829,2.28844561309289,3.11949368537301,3.84080769836952,2.93627674560175,3.59924516176527,2.57105409608821,0.772809079361043,0.654369044495663,0.645942104518457,0.708524004118805,0.688498456291495
0.935780005443932,0.972152950650817,1.04796028472005,1.05128559455014,0.887462942316875,0.717941676806428,0.827141360684242,0.963092981579524,0.791974187135195,0.706513789572022,0.888627910205738,0.917543897724362,0.94032622166658,0.901616578029615,0.978720022758128,0.911570020137176,0.981382333792956,1.01194256375439,0.740769814154102,0.790093316575029,1.0258798852898,1.11313861080198,0.900070198413003,0.755536546286702,0.912579439283868,1.11577224659818,0.8527302689096,0.728305823389409,0.937870652239265,0.950581279297936,0.821013512436726,0.922116784035576,0.810240925756953,0.877581553977795,0.920671081241625,0.979497343450166,0.963446093613658,0.98912876493999,0.837952158024817,0.937530254449782,1.04643711748135,0.95926482827251,1.03916387287706,1.02136446274364,1.05706772202138,0.911600869308051,0.931425795772524,0.859847374031246,1.01419603891491,0.761844238526571,1.14558077466067,1.19498910550066,1.15795916321358,1.29268613708805,1.14805953082604,1.27523807258311,1.54068102363356,1.55923600356764,1.55635736681193,1.31375968438712,1.16021104214292,1.14350122042485,1.31343106017603,1.12413983587515,1.04891226598611,1.17376344037916,0.917429508591144,0.984483939649953,0.9243444945361,1.16214653190367,1.16361545695031,1.0706268106268,1.25081707821811,1.27344344445501,1.06689391248647,0.796479635757506,0.812111358205285,1.0418874751584,1.10627386669422,0.697752389342328,0.91327573613407,1.06367264071337,1.1945452636211,1.24535488739993,1.32268319553107,0.990948590285002,1.0174755930842,1.03411973764903,1.03643206879483,0.995059498650527,0.931191619456519,0.770577849846332,0.609712834105551,1.2001148957826,0.797112244137977,0.618094546188915,0.70156225555712,0.640164338147016,0.628852525816727,0.662047116479226,0.612405446744512,0.679606903414292,0.774764320667579,0.632936430421562,0.693902427917258,0.875098938733975,0.765467588717726,0.623776523213998,0.834002464879951,0.716909516607502,0.734126689898059,0.601212726647329,0.82551779358247,0.833815463429312,0.638058400301935,0.85539120244516,0.904080628260764,0.861280322222372,0.899651402608166,0.917852672156679,1.08077261877067,0.686905585529123,0.67893541166795,0.530828410491197,0.362340950089406,0.43381284863285,0.798078725961055,0.578824439251905,0.424718361887934,0.618989540673081,0.652269476937972,0.575019517698307,0.680289187988389,0.740001597347609,0.584326853631037,0.700021934634595,0.677577887277581,0.669989024318732,0.930878088273878,0.95995171947267,1.45515708463394,1.26908069841829,1.79071977810359,2.38276011637274,1.96214384914172,1.77810288850359,2.62707383712561,3.41071105380211,2.49484641094784,3.18912715391028,2.07016401641376,0.866040189856645,0.823172067010366,0.77719127143878,0.848543975077136,0.903212303980723
1.5308303038996,1.22057314557895,1.14762457787816,1.14725057341547,1.03658210464723,0.996385264010486,1.01816827331934,1.06026092148514,0.888021602705957,0.850019458333824,0.943090943209123,0.762940795278535,0.722523145538763,1.00847330926437,1.33906380346664,1.09698395854997,1.17122373269537,1.42362755215319,1.32059071339197,1.12378060350176,1.20620404850564,1.06137467834371,1.16279757944646,0.990998977200204,0.734081803393729,0.821979141695479,0.709233461135106,0.679378006664702,0.691267694344559,0.873067045854782,0.791823198206769,0.931598315351808,0.958608765615075,1.07459098252426,0.988854696600223,1.04655438513393,1.17135956951999,1.39970759836266,1.19539309530946,1.28473748877258,1.35160714394916,1.26373650259417,1.29641559706022,1.6169818178856,1.54049325243763,1.61554491947819,1.42811729205665,1.19167248425988,1.20105731165022,1.09162759384795,1.06670912697701,1.04740409224205,1.24435175225281,1.209584359297,1.14546003051158,0.976717411572332,1.24446458860762,1.27908248098006,1.3301806026042,1.38950405494,1.08298935135997,1.03850327639006,1.00149441212304,1.00839843344477,0.84131345263145,0.849796433441455,0.680794260800093,0.815652160367213,0.816934815551911,0.825556230685199,0.795480009757561,0.86265062285443,1.02893676660781,1.31963059490115,1.2515991734701,1.22732885212077,1.38371392252726,1.36817800865009,1.38812065803067,1.29466774677534,1.085391791271,1.0543425346546,1.00814192691408,0.966997243240645,0.959586371724287,0.694144053342654,0.68818578387756,0.696258576547702,0.662946567688707,0.755717190051841,0.726363562684118,0.731297968029475,0.694616773313242,0.806161996570984,0.777330027913256,0.615241665236351,0.858806548265685,0.843327250272114,0.820503280453186,0.784078303070319,0.885514937094572,1.00584785802564,0.993250441489836,0.924686335432094,1.03384490198899,0.835724216830136,0.775702211588603,0.974347627070687,0.784896314004157,0.705024915654688,0.616234305635206,0.683544950687679,0.87748889013865,0.877435239603516,0.933052056057439,0.99586480911611,1.11506368768937,1.02241081188784,1.19392643430711,1.06168169666545,1.27366670373167,0.855366739531451,0.916511372333679,0.830856426611239,0.763868155695201,0.707977638505974,0.758582294560474,0.786187744539672,0.786182991533179,0.878693803969807,0.883949647956696,1.0090008711816,1.036476260549,0.958473065416213,0.878436130947607,1.03917450707209,1.15399549656903,0.983938512540831,1.1081086208301,1.15059807135487,0.978776153905539,0.931569873812638,0.917559814308447,0.997659859378295,0.958098601092322,0.870733038443853,1.04010945009821,1.18156295993218,1.04308201427559,1.17455394269559,0.986453939113293,0.571769923941133,0.633484566850056,0.865818055075901,0.764159431005468,0.805504352551873
1.45539632812289,1.17500192550631,1.11292912836976,1.0778663525642,1.05963909066209,1.00782384795914,0.9874492105616,1.00685182418817,0.894755946933143,0.851630287336104,0.801873606769296,0.765505200397346,0.810391690553969,0.724898554794361,0.707706123667418,0.768288977628666,0.820488877032308,0.719995598616102,0.824670021897154,0.857610949252221,0.658226956412549,0.748122378374485,0.790073021537367,0.63566300116537,0.675665118045155,0.824853565170829,0.644349829305571,0.7259430939476,0.633037947029101,0.760982728097184,0.834491185570429,0.780743999705641,1.13451027472403,0.912413942540195,0.890817492130794,1.02911451989332,1.4200507689992,1.71427614829405,1.25055275580982,1.57211366817402,2.06003253732181,1.65329332455869,1.739341370664,2.64526894219756,2.312372889763,2.14925158465892,1.82573770181042,1.8484741776506,1.37133681562483,1.22554791068639,0.802856562095697,0.868342167108318,0.826832893294544,0.863103028066371,1.20646819645023,0.714298011536345,1.09433328581873,1.39363040965512,1.32349015179668,1.51627297794959,1.20600827616923,0.958613550561344,1.09789997776842,0.789173231648634,0.679098935290144,0.800655211423647,0.525617220291356,0.509332360611111,0.698129716190596,0.763480745712505,0.814333658525113,0.815844958816786,0.784912059263758,1.04885132652673,1.15014386536714,0.695972564065574,0.789789603471382,1.21860321400099,1.21622353951701,1.10513324452754,1.52409470434522,1.4946507996711,1.64730726945597,1.86345529826276,1.50304179130443,1.31442113291854,1.60371083375653,1.55469569092315,1.05635361421097,0.998746177308237,0.993333024479037,0.830627429975591,0.724879985423864,0.964840497437481,0.997912670130655,0.872905203837531,1.05324714905057,0.848124394804829,0.736531564812262,0.663428076752774,0.809589098997101,0.662134078760669,0.63202085342015,0.548254886516596,0.55977258421244,0.907346570798363,0.765098570527592,0.567151529243599,0.633783423928501,0.712056769498195,0.569611142172004,0.629136472168412,0.746289616880557,0.945647633547406,0.760719675588518,0.866149012525948,0.992084850166595,0.80630600221083,0.798581156857465,0.868894040323596,0.882752613335311,0.820804293748479,0.921463266902976,1.00364888897607,0.877927311531801,0.720470187222932,0.95489944689426,0.822166965742335,0.804106724894665,0.844022653655645,0.865675738618237,0.829438123676084,0.932728737845953,0.925043124614505,0.785397359885271,0.891501574898268,1.02713455995152,0.914147636068009,0.964031482609448,1.00948626656569,1.13135623274391,1.05824848107822,1.20150561945268,1.23856367021411,1.19320235940007,1.15154363161069,1.18573673392289,1.21054162215039,1.0996645492009,1.14485673423181,1.07591751968215,0.44260423377926,0.424182320139465,0.788654885771858,0.895683348677723,0.759077686904537
0.872827753272094,0.890864688001591,0.985330441467232,1.04524612911369,0.767076274601607,0.751619021546245,1.06784242576084,0.936386530136709,0.79634307556063,0.78081191186804,0.982646032462965,0.946422004862529,0.890397488083969,0.948863288502167,1.10230990971961,0.893027165443539,0.934127151945707,1.0667348385299,0.993018179633216,0.786714970457421,1.04247017855824,1.02858853150488,0.74919344329051,0.794665707967927,0.929417274673874,1.0109567765562,0.771054784845221,0.694841634712857,0.66025731894968,1.00946488796827,0.922392519911907,0.811751324373318,0.954425941495056,1.0708395879196,0.928379271267062,0.959160690335517,1.02763475570021,0.942130356004034,0.844929789490794,0.887557900058712,0.996664762706778,1.21017199113058,1.06343745566246,0.903448359509576,1.17681908965152,0.96891988429726,0.92985319223062,0.863521123245402,1.0844411496845,1.0502206041059,1.17919178720765,1.18017048401487,1.24864080773515,1.25362553475886,1.27246426442991,1.30789397967642,1.62551745076833,1.48644602472199,1.48987338783728,1.3418802654489,1.21480103835457,1.21573730791166,1.37448920015436,1.11332165082664,1.03954081381738,1.10227232995422,0.887720085587202,0.895570201751158,0.882982786467819,0.96955558560925,0.771361254362987,0.868916298044958,1.34975766236597,1.35588564285153,1.39260748861229,1.4117252104632,1.66596482792021,1.7806839792433,1.39670015166786,1.48927316305866,1.59545344149303,1.43844183468595,1.55864858532402,1.19946876766899,1.47201540283512,0.97563178562616,0.851145088042134,0.824077190160233,0.587931501834576,0.935393930127063,1.00812203072424,0.963419744268107,0.973140997144664,1.0195218094184,1.1331606662085,1.29294241157652,0.971091454773553,1.06489447873675,0.864473161476327,0.905504876654764,0.763287182306939,0.745280342919,0.745958660930947,0.691876850571416,0.742233105316823,0.555804647984009,0.552351241817804,0.636700347564179,0.576060834571836,0.657550674840758,0.617367101189984,1.06858636305517,1.28171883744877,1.18725587981599,1.15910133757755,1.25993606900232,1.5501881346045,1.31311335677575,1.49570978871878,1.42039717418302,1.58374873064649,0.85367262899329,1.11677710960325,0.678711691377634,0.672741297555165,0.635098285409905,0.704295386793392,0.697850122825488,0.648797425724596,0.718630949864318,0.72515372401316,0.57058637175067,0.747988882192775,0.796968465460657,0.644587714310737,0.69152415955591,0.933011932704928,0.723951726316801,0.82663814626492,0.951110728409292,0.952724597777829,0.860912057081606,0.954756966891909,1.06850058575561,0.938301293813618,1.00632714014239,1.00236744578806,1.19417309812703,1.09151086090157,1.06864590679732,1.11337527506207,0.796546601051903,0.736114778588412,0.736074032328361,0.856103917236828,0.755972638504724
0.57040915177792,0.540819998066174,0.448519778839461,0.438350417520626,0.472047373618628,0.536443924887848,0.561081342371994,0.473038667054785,0.569975113790513,0.657484598458006,0.602299321711165,0.634787106087064,0.708287954385986,1.15298906972405,1.48436004429579,1.40721378889794,1.14010986658868,1.35715456775766,1.69167636035167,1.57238764550873,1.07406011542465,0.948505491604182,1.15667876517727,0.984572534107888,0.563044201509287,0.696568994763532,0.566247713220958,0.632580136902312,0.567215084051379,0.875158846525407,1.04429093178405,1.07765437828717,1.01911694230103,0.899007446291861,1.27280955325093,1.3766022053455,1.00529565829767,1.2884612423037,1.26040250557747,1.09983552855753,1.22463700562571,1.10186039393343,0.989675371304899,1.29904864945578,1.05529791667458,1.04654928544148,1.129803329452,1.25247631376175,0.985367696706642,0.927690658067683,1.07081051259518,1.02146148233487,1.23572655120311,1.19122829291256,0.891520347356605,0.964234582856423,1.00327024317882,0.925718534911971,0.743948534003196,0.638224510424699,0.67051097309708,0.762834018148953,0.74963632494784,0.518803123218283,0.615917699915524,0.634149251273068,0.604971353124443,0.643957826773168,0.607508111388691,0.730469906637785,1.05423480573767,0.908923128800474,0.701479560139088,0.93677359606545,1.19021416364345,0.626652623595131,0.624585929175366,1.0399891919065,0.526828475809562,0.663222631665761,1.53699687909441,1.59992579961324,2.02383037616682,2.45678878819275,1.82676361629053,1.87852103870707,2.27471486705382,2.13981752004306,1.73133126268258,1.4700537851784,1.56978579847908,1.20348102223254,1.00543169522611,1.24701277174258,1.14646284187234,0.814337024600474,0.924393105195801,0.70335951784321,0.687046465590442,0.907546348982517,1.12547201075933,1.32418332671062,0.953971508467923,1.18049091955,1.10653872898876,1.10760763919278,0.915179930960115,0.984225545855779,1.01833225934554,0.886014225786235,0.771900724520829,0.853742563266209,0.871052785776028,0.698417194080303,0.802690735805748,0.767960563314073,0.77193706919364,0.888437309389244,0.857060237112313,0.808655410060375,0.871339594481294,0.721125824611477,0.711369569450435,0.691866734597019,0.714901264643248,0.630408901132409,0.630731892099979,0.648116510587182,0.583818727260456,0.613504697926086,0.525524190247464,0.715546255072863,0.620301364290169,0.582418533177818,0.790591781098314,0.902085682591535,1.06234861185756,1.11843151058578,1.09543133112038,1.17716916473782,1.34985826112025,1.43204650432356,1.23085266949874,1.50244903397189,1.77795105710667,1.34844795951599,1.68893127481082,1.79006201735636,1.57634115825924,1.4230869541419,1.38223749721838,0.657034688370481,0.825463451568485,0.950406301088895,0.89771729544368,0.980853247468615
1.49009634402926,1.69128689317702,2.2054645564312,2.14306714792231,1.97509108598885,1.89930130838405,1.73382425917199,1.92998738910428,1.90113713380048,1.25665497806536,1.17181061935062,1.26630960769656,1.175843335226,1.06491344501095,1.17605420137894,1.07744861933104,0.953000054758223,0.696344596123537,0.722513433262562,0.693959885384687,0.674469923906439,0.726004554005227,0.692277331445802,0.535389627664113,0.498893100317033,0.757672604358176,0.500990324226913,0.485608836555279,0.448237964183935,0.948682521192859,0.662069150803725,0.531024943252022,1.07297274857492,1.15453520488566,0.611817390663305,0.564444245089255,0.712727999190152,0.677503506003984,0.555969769696441,0.913976928930893,1.00001824741092,0.866539117010012,0.862410310722966,1.01876746083358,1.03126770246397,1.12005421860564,1.0800866130112,1.29850758013955,1.69024986441629,1.69699653658684,1.62226173769054,1.62756595622614,1.92659636753893,1.85236863072551,1.4725317097748,1.50210362939972,1.78050332730329,1.51908073677027,1.1425215828694,1.43198096126106,1.11091079991847,0.857428713499231,0.868864956428974,0.778093824561104,0.616555602691224,0.710528222341291,0.510219992177949,0.499324525788236,0.596704151540436,0.721273075269792,0.744376098685705,0.671728690069394,0.952441203054836,0.710167108781833,1.22635848913598,0.884997492135519,1.06929701722599,1.12007020658491,1.40598436057041,1.06273051588289,1.56187030951201,1.49108777402113,1.96966815594556,2.30861791142871,1.788765084736,1.46814105084642,1.72305903711081,1.78195794174275,1.04901318709235,0.836187059683987,0.935727992722925,0.723159526837022,0.57704746127689,0.85926207518167,0.592268102378588,0.33133238475283,0.332324139592874,0.341146582984138,0.360193425144018,0.428420543803238,0.454880422067092,0.456029866185462,0.571435526622999,0.481671843410976,0.471158166515305,0.432705989260032,0.443416892634938,0.531911832705051,0.458627287997503,0.49458969895232,0.421176318060727,0.69401724872647,0.575971424613567,0.647780314244885,0.658623658859601,0.955230326950905,0.931738729462576,0.630682369602511,0.916613747547489,1.04561872957451,1.20322093403061,1.18907933953721,1.25980639597184,1.42525162039995,1.29908058530455,1.65402159376739,1.64563181660484,1.21127506280167,1.30486282476426,1.66474179114432,1.04685438379203,0.925939321117661,1.10271375351231,0.994398067416584,0.796765109489893,0.748036705851737,0.87932880634164,0.838687967311415,0.685248230997158,0.721357041207913,1.13141167093585,1.04562342198058,0.839562504480186,1.06187474996756,1.03709415196141,0.792232003493577,1.15569024507143,1.25146144143989,0.953269024677061,1.05260306446726,0.810963635575112,0.372059998687065,0.386543552950573,0.384415453976768,0.383941778509194,0.401976904023753
1.63378084430889,1.56821367328482,2.08457507171286,2.00661701872165,1.6301401658773,1.26288494669144,1.24428972928905,1.41785387341918,1.16180183989633,0.884862392320758,0.587095318946824,0.604410246322887,0.814659038592656,0.60723937308748,0.613865962006885,0.781584297897264,0.884100632089506,0.751653208763575,0.909321064187174,0.867757226661686,0.691636261189476,0.646964022892335,0.65563531127762,0.73325879587618,0.641452851838129,0.857136209183846,0.784356070982518,0.734644098549138,0.491283533224848,0.602358614359874,0.702822054438281,0.751058051452086,0.941044409249487,0.686642229812926,0.663291188204006,0.856939235776325,0.65555481863469,0.722728304349094,0.665832720324514,1.23850251341864,1.45306765125451,1.00846312943174,1.31460654585514,2.00996658084743,1.69584022466873,1.82254047677082,1.56656832278597,2.12803223048066,1.7902052608084,1.44049225509719,1.42498342239717,1.17757872111885,1.58409257459271,1.79658444239925,1.21653908687848,1.25983337235381,1.30929282919655,1.46976096470989,1.00473735851794,1.45043165304088,1.21755301253322,0.884861941009438,0.705626927478395,0.682190800892457,0.539045549530978,0.676124148071646,0.479547559625155,0.447970357367547,0.463782737485818,0.496964495573831,0.488808160564903,0.527001857295915,0.519299785057408,0.761514046657328,0.783379672860666,0.688472104450633,0.762113952428054,0.784464766532689,1.26841544175426,0.975767078177572,0.796540347965334,0.932238098881113,0.840815689672639,0.876165118675978,0.876934180202513,0.798000913675993,0.818363295918309,0.668741250471626,0.576369014372993,0.902903872048784,0.699596247125859,0.61793812226984,0.566446234954736,0.805192563585793,0.798092196012926,0.637861038321999,0.540067927854731,0.532157795534509,0.619637307036668,0.634037506751755,1.04811976037513,1.47355795617455,1.0502703437081,1.01030561305135,1.34468985195232,1.02093787984035,0.799007823887513,1.05115666337527,0.967969118910428,0.883610384157504,0.74425867979546,0.903682994519391,1.09848430802877,0.966316543354329,0.87931787052874,1.15830374772634,1.66598522678844,1.33576203113391,1.37682882961352,1.31284275465612,1.4780847425444,0.860284206432049,1.01401617551831,0.919424584039116,0.55622624177315,0.845896996520779,0.867777797709319,0.553257531178929,0.472508590823164,0.821866979854743,0.639780332160904,0.681164790480474,0.955935810062012,1.05739137051762,0.990227926382531,1.16096411553948,1.06379605018188,1.09914529521071,1.3301273466206,1.33932318047396,1.39347257135813,1.19455941976509,1.52854825779012,1.88622068992044,1.55232429221025,1.29247859463248,1.68060750472865,2.09002758686734,1.65650235156781,1.9803974951545,1.38832138878031,0.362692659600715,0.369242315982247,0.363789879547429,0.428608268423317,0.379130839069129
0.505602745580267,0.511086171878623,0.60331482826591,0.590207650917478,0.601805753859031,0.600592899565898,0.65749349298318,0.678543585670737,0.770129613795735,0.601572130635929,0.681599146161568,0.667023116564282,0.723330211223925,1.20171000423941,1.61956524941018,1.56342930869383,1.28475901932597,1.37926859558771,1.72381899712173,1.61088797229551,1.22878844104461,1.18295412372017,1.3180460574067,1.06980372722198,0.637549160827297,0.714373062390466,0.552892208374888,0.448155482444959,0.586843832009574,0.704378057586828,0.456434441245585,0.563183827074378,0.915691043719004,0.973196938064875,0.663451428391554,0.693970901553207,0.998977076829681,1.06476578443598,0.857894581167927,1.17656510798556,1.49329558753901,1.36751195806343,1.53719639813752,1.7205764320107,1.31668741864851,1.32683290739269,1.59895064514547,1.47431133565223,1.20968063491588,1.36362127524964,1.14328453216609,0.959036884008484,1.01820990269354,1.12642476544098,1.01058665970814,0.878501647857991,0.954106159728154,0.859355498189069,0.891940130463358,1.07729570960455,0.859529307177437,0.770612891221997,0.845554796287618,0.79251575790158,0.735390763956129,0.805285542271098,0.788327250829523,0.686131072121413,0.75229990689461,0.841561902869556,0.756789432914959,0.801030966621299,0.871420185752554,0.716781608714115,1.46078942340834,0.895937171579949,0.95314231996742,1.06519928217716,0.926932577525361,1.03186802978675,1.94052171453743,1.78991617462497,1.86953317672503,2.11373213694531,1.63732769713557,1.6564322680839,1.56625880100754,1.45426902772782,1.27022198802491,1.11192960186354,1.24815675981057,0.672704144463896,0.747509999498737,1.18754614846143,1.26175535603996,0.723669426284713,0.85631031287578,0.828591520229646,0.896391190693067,0.854415529816044,0.951925230023545,0.878175276239501,0.862242684823794,0.902584494010012,0.923007646012264,0.572286996302994,0.505467492830492,0.713141182232884,0.280305966688103,0.33251559146143,0.299133705533825,0.251496849673967,0.286041796974429,0.362668676071946,0.489334182929291,0.691456519807991,0.46883566966103,0.628533410523504,0.872282100140752,0.833570953725075,0.884066947899031,0.945164880934147,0.757592099785658,0.879478408826708,0.801370048893076,0.748607080813486,0.724366911352266,0.591191594619491,0.604604929122379,0.624465830510459,0.543353350321587,0.48969368515021,0.67001286918199,0.698234378242873,0.646832609391926,0.890021127015946,0.876979374566925,0.803406145235501,1.01782355345803,1.1812741449411,1.1612003908771,1.15220606316642,1.93034983876614,2.32656400051598,1.91419234715941,1.70508139246544,2.33435740497455,2.75501372107458,2.12146554794575,2.57235743617681,1.77240878779888,0.755842908559838,0.705356551267691,0.836361223760038,0.903618092201023,0.814722472644457
1.07588659846762,1.22525786708619,1.18078428068181,1.1380180664947,0.990215834860904,0.860355373380687,0.981911635319428,0.892128340179253,0.956421177314322,1.03343681123281,1.25354311495334,1.53898017866445,1.52181921296525,1.41555353556366,1.53949753488279,1.59051146002992,1.40750759641635,1.42141037423368,1.70225101790323,1.60082765435466,1.14774264439782,0.70313068751177,0.757900780305009,0.816276215844783,0.608470929126527,0.599555999835872,0.58234280882762,0.617600848757461,0.470058730383894,0.742742976498539,0.850048628483974,0.884413139948344,1.00001552143539,0.924241665459337,1.06894927942804,1.2193083945771,1.18340246370714,1.12372416279115,0.986433411084121,0.920713277669123,1.11574026575307,0.865593506303043,0.813038964322901,0.956707309919049,0.833401921233542,0.782221671053202,0.963900375221363,0.917470713698092,0.942326786889822,0.92226179053367,0.82211512431381,0.837827192834764,0.870825714664604,0.930695861716929,0.743081813905113,0.725924935167649,0.801785575248469,0.777600656482173,0.522910183618716,0.601680933311485,0.5880882471691,0.54878629336155,0.560121166036033,0.418408175010811,0.446735352181907,0.549906804113532,0.454585251655689,0.479935035843135,0.550144399728714,0.569160513803567,0.588954813124866,0.617064374307772,0.992377337034124,0.796238491905439,1.19247053867629,1.05087939882898,1.1495563558276,1.37281190186416,1.36635605781316,1.29758081419422,1.41017465691899,1.36719794669746,1.60491074291376,1.48438559094222,1.28897247954563,1.1845582293427,1.06492994650491,1.0962809998505,0.827578118750943,1.00049302347524,1.03981404798735,0.802612576600443,0.778250694981427,1.16749014756178,1.15928251554309,0.785478198270869,0.656766317129333,0.688474830804692,0.753172382475863,0.915139447516955,1.09127954357628,1.30775686179721,1.07903301361383,0.986868905324136,1.08409304844693,1.0730173353145,0.834476007041706,0.87741893850574,0.848385626977677,0.816585692761482,0.762854016014453,0.88062269036713,0.978398780460482,1.04886096388176,1.14878393387988,1.26720162211411,1.63590302813587,1.45399247041879,1.64984683424169,1.50167439640894,1.57232667676542,1.21101271171731,1.09634995493229,1.19820737065302,1.0886825228168,0.819249459266263,1.08124509360288,0.93391147474268,0.829702519042413,0.912451359477752,0.771324874084004,0.750364586635385,0.809209047478728,0.86454470168273,0.729576230867751,0.966751348691251,1.07520625074698,1.03496494614139,1.12072203954496,1.14989775484935,1.2815294996084,1.17257172761123,1.28910139746486,1.34962024030142,1.34784147936749,1.17846679329027,1.54424469809613,1.56161310842895,1.36166228527129,1.55448885630214,1.25661743945509,0.518333479131674,0.505777878481475,0.603488417210245,0.667824617962172,0.517437705450864
1.19133046136166,1.23962712975389,1.30044015607891,1.26895369863302,0.75891794767174,1.07508968258089,1.0941647731419,0.761068891711929,0.79753127187495,0.903110473255579,0.653942414883322,0.487856117051204,0.667906269074422,0.60003451913435,0.827854599146466,0.699687161545096,0.674107072340461,0.850796470890526,0.766945967512874,0.815075777045123,0.869127195653496,0.941437405351303,0.718281977940782,0.662105752909349,0.805653937342642,0.764168296575775,0.491373411179726,0.548093964772764,0.600148125529215,0.837212361856179,0.598260659174367,0.808419266602576,0.961497195587603,0.898467063179185,0.811988007537018,0.737915558516213,1.14055961586365,1.23716039751226,1.04271024182729,1.30334334963992,1.69273938684688,1.40274371373666,1.56636079625424,2.15536461477092,1.81858371320475,1.62770188873252,1.64510173633837,1.9637133195395,1.71465677386963,1.9127328889801,1.43480450485788,1.14704346270214,1.42542233743238,1.66367015523903,1.52692264404769,1.30270366265743,1.6000104454579,1.54678264834272,1.0402626641217,1.32642533495114,1.2431416182849,0.983924656723353,1.15790198601135,1.0334483669659,0.902149575459457,0.977873377578466,0.786804094152092,0.838425299446754,0.814902845860181,0.952727995855877,0.983396558356414,1.02554987708118,0.97921372769856,1.0657984083831,1.0701844336969,0.989083439335092,0.962301588222592,1.07606267293353,1.20100659636165,1.45177637019085,1.01153128246245,1.00023632843678,0.82701486413683,0.884030456948688,0.902608834161435,0.866365033476283,0.863862455915971,0.741838018817749,0.657751985301866,0.779786585644532,0.819516468410687,0.788001354842703,0.801731858997321,0.818741450436202,0.89170152265199,0.99109414213405,0.918003762654954,0.8744709268865,0.883700874051576,0.740113608893474,0.808424368342161,0.83553874095928,0.77602859225619,0.722391979147676,0.868495430662894,0.742390061994421,0.70886078091952,0.886375045966559,0.712838983101533,0.679539358539995,0.600370853876092,0.855487513959967,0.781571506564933,0.584000286001299,0.591707714909977,0.921163383877016,0.965674861887961,0.723230305938441,0.810457098050498,1.05411574806406,0.957378555266034,0.839919103431544,0.903752291673091,1.12145900117221,0.979729338463539,1.10360511276465,1.03413247993835,0.785209077769057,0.881145561313955,1.06714957070548,0.934017971761742,0.955577817385533,1.10450733001244,1.17413665796858,1.12668317808235,1.14066514635639,1.1977920614238,1.13585059237497,1.16747078323298,1.11753490139589,1.14779669389122,1.08011502298789,1.15945292280598,1.17991266055528,1.05106067967882,1.01763678649344,1.04862207259995,1.18043751661607,1.19956803677343,1.15365635938535,0.980531432139673,0.762251999390965,0.77444503720368,0.875287691863336,0.876172214999705,0.872787089918729
1.39191710336232,1.08441699223826,1.13318184527183,1.03135779536726,1.00922824956521,0.840603090390731,0.960412582140183,0.811637696645101,0.726068495355018,0.588700336814086,0.560235909735734,0.489615108301872,0.840300933642815,0.664458220174209,0.893038829414588,1.06412668736413,0.914469424618987,0.864831935563934,1.18645182414909,1.07370297484229,0.870759401691465,0.85337322652479,0.775246448496598,0.711471867997079,0.658182657369734,0.670338273907641,0.542206100514161,0.624283625751967,0.58008039736706,0.718210482551399,0.610763925376899,0.510598847771751,0.757792742783584,0.662553030024012,0.583521977722439,0.686319797260867,0.68153310004763,0.824702607898676,0.90341653943655,0.73059623455795,0.879814017271893,0.885326486767679,0.869593235872737,0.960208776854335,0.883597467948794,0.896846038643902,0.854960316624894,1.11805317908658,1.33333443400023,1.39232095082065,1.34464751253214,1.34394388899968,1.43342092119488,1.34888662816933,1.08858456547454,1.16296557732748,1.27745358109598,1.21776199679129,0.894854775879197,0.874246924311843,0.856415839573358,0.69922988484048,0.829252655017695,0.689524593755958,0.618025386428777,0.751392439375033,0.653670245818638,0.645019441753375,0.602052376561581,0.635390816062144,0.633814950350363,0.580735576596511,0.834337412961959,0.829588717860783,0.774106999858345,0.742351998862072,0.851563448322513,1.05095026089723,1.18916079477451,1.12019972505177,1.04157590235296,0.927831390960788,1.1249636142818,1.07325424264012,0.99185426596895,0.929051791079697,1.11690542119613,1.08874204020637,0.997657755843321,1.3458317966532,1.72665916520404,1.44015976499932,1.56545758318551,1.81068673063567,2.08975470831315,1.80534972944793,1.6192131576799,1.72563166148373,1.44679843182672,1.23142381793473,1.14360833327534,1.14729052221374,0.904156709455066,0.832877605006693,0.893422434970709,0.687143017524859,0.717231751152201,0.663181354024828,0.552260223534459,0.678193628540131,0.579669842706602,0.77522640743294,0.933414324441465,1.01953354592978,0.945043067667805,1.23958859759776,1.72971179004852,1.23518659457255,1.23017788268677,1.31432483494026,1.44245570086583,1.00006347866523,1.20546361466203,1.16343720680324,1.06356267684189,0.6498921847841,0.847534951706225,0.876256590855861,0.804335029147915,0.915485865688382,0.733650479017986,0.64460609559449,0.590425619699168,0.715084614467592,0.69692586074623,0.613545724485082,0.788414148237821,0.755249430889073,0.789153683192968,0.756008161635607,0.861452645999943,0.820895502047387,1.456989436752,1.61496274145128,1.39928396816147,1.80929858347021,1.7422675936375,2.10582053196888,2.00373013184907,2.30531495928674,2.02382188092494,0.823333066216191,0.819295263604006,1.05692993883921,1.18481251608567,0.867882521701255
1.04642360367697,0.873338884882851,0.930445046330844,0.898308470458613,0.922330572057051,0.956894880975542,0.818955892740974,0.959101844664118,0.987827014901091,0.781648637065931,0.625860314082516,0.685876352248419,0.832075098932929,0.813933642009441,0.903856531513891,0.988547416120579,0.973695983981694,0.652349543387196,0.752274908368606,0.629355099884338,0.722554234734907,0.802740623880559,0.607876405276413,0.793902195371156,0.788107137429055,1.11426198436955,0.942744905836946,0.96034998157213,0.771146098622278,0.991520152648437,1.14256004582708,1.01396499054042,0.96424134616894,1.09408918830809,1.02144618759476,1.13578466479327,1.10818950747003,1.02803553277992,0.905876955769348,1.29143917202112,1.41491172561839,1.03184337135107,1.14247066520367,1.68005289593131,1.47427044318837,1.38951746401134,1.38500969004628,1.72411820128943,1.54322721808927,1.39594720112424,1.56417059685445,1.59135834269519,1.44221137579145,1.62177464767532,1.38988607743091,1.34469768736434,1.53536452119975,1.69825555938105,1.16474250811592,1.51665037950177,1.38953186169598,0.936036115749678,0.932568948481487,0.956693365244627,0.73526442284577,0.747568471889927,0.588652056856939,0.604887359495927,0.682811365261228,0.650585421579027,0.710283356798529,0.840530305866041,0.802279678773252,0.796117104418933,1.06627463249127,0.89065904522792,0.895665911597028,0.827444727519277,0.897629971514173,0.823262237350242,1.21704149201586,1.54861692341231,1.72471698170037,2.11676102000759,1.7054878859731,1.52230937184796,1.52809111262922,1.72158247021815,1.20748816053706,0.832925490558352,1.02327987441366,0.955205034361624,0.566151194142603,0.561060959370794,0.552851684289028,0.522836918020864,0.504977790631681,0.542957970653285,0.640066451927829,0.743424871472314,0.756199873781251,0.776307375301582,0.681579594839643,0.778762400215891,0.974287589144978,1.02708322830595,0.955472778180606,1.00393540119726,1.23915786121368,1.07965282083113,0.938385923759798,0.88401756970199,1.1005460598879,1.09573080981478,0.879559778459073,1.11737940328815,1.18652765535532,0.847087901097981,0.953010009166766,1.13654823671237,0.791912338265904,1.10187891783917,1.11379512523805,1.07596157146691,1.02072238505783,0.967101622338908,0.927116366955712,0.939932708240231,1.03032216600446,1.08168261630503,1.03849309076442,1.02343164395943,0.839994821965658,0.82834431096751,0.983678884222181,0.981646835013671,0.847220514618959,1.02784002494534,0.987718628715709,0.857305562150311,1.22278804383055,1.25023803851127,0.871841745027838,0.771212238606668,1.19855854743084,0.756801584800161,0.826561989315768,0.943405931816681,0.79681381638761,0.923684260364031,0.781266000504432,0.502498872202213,0.680607150316997,0.656217291793879,0.470245541933345,0.672934901863831
1.27933847755101,1.34100116759016,1.2099912525691,1.13973138003271,1.01101852696801,1.03193895238792,1.00194277148843,0.864344910171557,0.836619992339873,0.880285536087174,0.54452403043775,0.494742819553854,0.690666056847521,0.712436298460691,0.664591941583035,0.705971244180285,0.641530728532095,0.643320283693987,0.69545885993071,0.736483826483924,0.692486772287921,0.901619198744113,0.731656978920112,0.721566050666629,0.701228035378887,0.845019883443558,0.583750834664413,0.776594712715318,0.815550544877755,0.964942836651868,0.853121975980116,0.919177965267794,1.03364012335996,1.00127021857204,0.945785981312077,0.92098972638551,0.774443855337492,0.712237185962172,0.849660080497626,0.939904875478686,1.08685743092574,1.00782129985914,1.02607824233531,1.21702597358911,1.22378833087567,1.07692007569371,1.01031210887366,1.77002289559037,1.42943411275576,1.57382964709501,1.5237153930196,1.48704081803848,1.69069428946652,1.68646983833113,1.3978495042268,1.59323315308271,1.68675280340868,1.42195586744216,1.03082321497028,1.05070083243893,1.16094176571941,0.937347920808654,0.949301205954955,0.78890841835701,0.761186602409108,0.70143125785998,0.62517469252132,0.619295058939567,0.507176516634753,0.591102641852303,0.578750269156257,0.606468420470419,0.535398708724985,0.705884895175312,1.0677765635477,0.731086083496481,0.621537726802678,0.870284589758304,0.965484971006927,1.15065936830385,1.25379237878238,1.24729551487943,1.57673234781274,1.57521075487948,1.23455699276759,1.39544097260568,1.64207236914929,1.39371326922163,0.94825814888864,1.07800545108303,0.934950581351261,0.723009662762341,0.822294578423588,0.898897121070628,0.773659348318725,0.79421919144745,0.626364374138486,0.773534800701027,0.641109348365419,0.880309996564051,0.914176703013904,1.32836791696367,0.992830883661708,1.01449334218099,1.23321258225625,1.03313282576411,0.859688716254269,1.16715279942679,0.957825380717828,0.963735687284824,1.01796061486858,0.966657412141392,1.0038691263001,0.768133032726009,0.693679758619281,0.907254737977735,1.00894185635902,0.819672914104786,0.817680459361739,0.926143370322939,1.05445935833969,0.703325139221448,0.838474159233637,0.894601174232385,0.797397741457013,0.981277944722973,1.11655527800865,0.944853427928984,1.03515526562455,1.17114904628955,0.958418333981315,1.17490835818776,1.16397362925473,1.08757357647126,1.31721514266704,1.55793908709603,1.4179275479564,1.37298453821619,1.52563807230574,1.61279059537918,1.39461418618787,1.37570800344013,1.32030265205193,1.23171913380346,1.21579369395935,1.15801517098221,1.290737796467,1.17434813841147,1.10408836967416,1.05235636061518,1.09629195103448,0.513625674741848,0.630500269588824,0.68531341452088,0.531012495696497,0.613807545818797
1.01048629607074,1.03839767769187,1.1342313557196,1.12964896485781,0.950659451587414,1.02386769817015,0.98454665316394,0.912382103402479,0.755612567632453,0.843474425816706,0.858791515221697,0.713332443593838,0.808183961071448,0.861164650492253,1.19624009128161,1.00024818094116,0.953723430603488,1.03748792251002,1.23967299779371,1.20273737074669,0.971122396333576,0.936943322990302,1.03921038332363,0.927693936570501,0.824198465237638,0.759495651576194,0.622949783050403,0.850498913227583,0.773640789734981,0.819963120502017,0.880802837114921,1.04581007533844,0.847854286368381,0.778962710955908,1.0418627618653,1.06292003025764,0.832751194228273,1.00564998264933,0.947131370433468,0.958061031513746,1.17473056953423,0.956285611547732,1.01800849891735,1.1531427156545,1.13176527252352,1.10239105298402,1.18182528613481,1.13038946134113,1.25964821790895,1.25016475130245,1.40980894978785,1.28250867100869,1.30930673643158,1.36164999825654,1.17193567777603,1.09782936173698,1.34261683293991,1.39104045683138,0.973867379071539,1.21370961966103,0.976452304086547,0.865114440613099,0.757728389198624,0.712973262073892,0.644723732543545,0.879526206619463,0.586949046429372,0.571461245050496,0.827640057163812,0.800607237870265,0.920016257371281,0.806220518488969,1.08825638235843,1.18531406213233,1.11178008815098,0.978141540672371,1.14836904322339,1.22115739724231,1.20037150829396,1.30941836257716,1.36803191123669,1.38057722123307,1.44885244068038,1.72240812624982,1.40036364235543,1.36999837714652,1.40848899389114,1.11495318486387,0.967797535650078,1.06995794192567,1.21694602924246,0.889044148726241,0.749157160018313,0.915992576431808,1.05260067271835,0.848262615307727,0.700204300569776,0.725378282798101,0.753998196917639,0.637281603761301,0.799243556435388,0.883474964100763,0.951075923295505,0.893798324610056,1.04153525848052,0.978497513826279,0.780365927567957,0.952907551115546,0.877921110658878,0.870526550643213,0.865416861954427,0.960924986450192,1.02402523122463,0.994594253362835,0.868030646189141,0.756307966597038,0.856928980383464,0.933036336527074,0.913592773355417,0.773556223967601,0.86315317389947,0.673363352799124,0.825559185782035,0.828264984308926,0.847539576044167,0.816894247295889,0.837221856760422,0.724141458659924,0.727337080032254,0.883477551511195,0.831307614915108,1.04768862329071,1.00663325424956,1.12894531262732,1.13339070198402,0.92515048928459,1.07403033218784,1.07278044892363,1.09828386676695,1.13891747881834,1.22383197057399,1.08778848654475,1.14231009959574,1.35548134546419,1.37811044740045,1.13374615349199,1.36136069070673,1.44649944675092,1.22388821138203,1.44274370456298,1.0295464491923,0.680447601795651,0.829380424001295,0.787462752442018,0.788139729740273,0.80186698859113
1.02926474439524,0.860716999231857,1.00950209272137,0.950516512032072,0.64544396833838,0.817194875720283,0.924113998931816,0.585013735155304,0.651041280036538,0.644413560478056,0.638802100598016,0.460102130599639,0.669357506871531,0.807103789289533,0.903047220774581,0.867048886239263,0.816408108586334,0.869216140616239,1.00085238118296,0.951585358126308,0.763299807309207,0.73515668397574,0.915967711348027,0.802612795135848,0.61255982458,0.778995175535797,0.6481479826478,0.57816840506546,0.622979016123449,0.720565838118933,0.675134770819909,0.885644385490748,1.128607158791,1.08423931092583,0.897977314723635,1.21970075056086,1.32813730932369,1.39020758468466,1.05413741328641,1.61399955576598,2.03556558908178,1.70231761984051,1.8305457012189,2.46077681350386,2.00185716501458,2.00838127941157,2.05113111433919,2.20724653275623,1.74899287598517,1.15126289220952,1.23319821874734,1.14084365625894,1.3738118847237,1.47959370991149,1.10512525343272,1.02924363430111,1.18625859902242,1.18797816833127,0.965030845083851,1.18214225989262,1.03473365409471,0.775936897169319,0.632905271232099,0.646390308828109,0.518635335696807,0.620718745085397,0.357642031448559,0.400932958291102,0.545718448655281,0.531084865943983,0.753900081298389,0.755371067978085,0.832489572520225,1.21066870913492,1.25866964238615,0.894131327906448,1.02940947813481,1.42790097068375,1.08196302693243,1.2539907113948,1.59147594688508,1.60156633734244,1.88559087464092,2.13417736662574,1.7274395296839,1.51194397044821,1.72104812804733,1.71651415173909,1.17339565861367,1.08003355291711,1.47098684914951,1.11509741639336,0.855480340675277,1.28485873950662,1.33982967135063,0.901899560261372,0.755800551145413,0.844105912629312,0.679043141479823,0.667961116466908,0.786460077033354,0.442232090513895,0.630035427361088,0.411015993084408,0.464099821327004,0.527281776610158,0.551769401384784,0.545855743541654,0.545912259121024,0.590602665370951,0.544065635917246,0.65956758659298,0.812321690915765,0.809093362263718,0.740824391256479,0.960167432945383,0.850160111897676,0.834610352638661,0.984554598920081,1.11166727606104,0.981562510352164,0.934088596967684,0.928963056850754,1.16295661208844,1.03698705954395,0.941247137297204,0.81740895030138,0.815567179659177,0.906829980555439,0.751074032725784,0.637055810629813,0.565499416931498,0.705414117742102,0.817972037644067,0.650536419505571,0.585255609695221,0.878095703831811,0.79813890800505,0.62590506246838,0.682743772170458,1.18769293741376,1.07900886804981,0.944098136408656,1.42313721008118,1.57650688945854,1.24388225588742,1.45358251781991,1.76163361711776,1.5856378912508,1.72689831304161,1.39585795412265,0.336299913490848,0.337942229786683,0.601580337736857,0.567855047358211,0.493056293229847
0.872231354306568,0.722607288039487,0.626673576413435,0.619417048259743,0.504396096563624,0.834640357561781,0.833235051244117,0.808653317060421,0.939808757674133,0.896206004092857,0.899320982356342,1.0910494364154,0.998243307230353,0.940026856384767,1.11630621284771,1.07215521680601,1.02081195501274,0.984009065412476,0.966659280353302,0.90749423851994,0.865930899946479,0.680741583487273,0.616258767200852,0.569858902306538,0.565516269577184,0.572611316093228,0.617623981410773,0.639758748485724,0.690500227505176,0.886410986967869,0.754662222493941,0.794688454395199,1.14602192954072,1.13360829060473,0.949685249099054,0.982860011730707,0.972845170024001,1.20759906559044,1.03899984204124,1.44601589115156,1.61201061805306,1.34802821396382,1.42654356595687,1.40245186488901,1.39399475176427,1.45560625759794,1.65543465369031,2.00640978181241,1.41577400900162,1.64541490319243,1.60157120912341,1.52697318759058,1.66322381182719,1.66005395933525,1.15492066846904,1.20159988012948,1.3774536454012,1.28534518589273,0.685509788798765,0.794791743950471,0.939552792544002,0.647220488636228,0.601246970253126,0.871147058711959,0.740918954767482,0.766829866499793,0.82976347966283,0.87761264608226,0.684740597328588,0.680482060664927,0.94515651077615,0.889022457469263,0.834076156806608,1.00861361655616,1.06917753268988,0.780612805924969,0.946248204892171,0.788877511040498,0.752865987328065,0.879760254395872,1.20808278300556,1.09978943169067,1.34056207410085,1.5547223843329,1.4406836263925,1.50010638022464,1.68073247486066,1.55316282927594,1.45024335092614,1.21224067081515,1.20904489709899,1.22511988425819,1.00305583338202,1.06248360780653,0.789670085361457,0.953658925124925,1.01057176416428,0.915934664578563,0.843774301964271,0.719608433723143,0.663747927402764,0.644904826371567,0.859356731428646,0.729278165490746,0.601170243033727,0.870511236685107,0.854461656709397,0.572349356739822,0.662109163288247,0.628789601926209,0.555264847181979,0.784997842289644,0.614030373877552,0.642115801176001,0.872769149895619,1.04150083711408,1.27806483577081,1.16105466664875,1.27960374540046,1.04183829787831,1.28915869608553,1.26962820750138,1.07118868269445,1.1693602313585,0.999759717641903,0.905062136272557,1.03292107252736,0.900163869669988,0.933505315166613,0.770356054295496,0.79606888881898,0.63429952688111,0.672252631941955,0.697849494849835,0.772186697587885,0.678326951996584,0.802703690211394,0.881786181329111,1.12536725524082,1.14217627235572,1.19117400766962,1.21938557213011,1.07257390822799,1.17973451427381,1.27573193351054,1.03296328847669,1.16099028409948,1.29069279595011,1.20755265805068,1.16345769426583,0.994102469642922,1.03415285296527,0.973432679119445,0.928759375149483,0.947760342393332,1.01906547457211
1.02202359551232,0.882604018786091,0.710667955705878,0.67255329075338,0.67075782326959,0.821427472929242,0.848865865770678,0.816329226354062,0.731043499743995,0.959970138694169,1.0923081853335,0.83176021685398,0.876744541332266,1.06802964737698,1.45359389351445,1.15985831970059,1.20881056814753,1.33689265062045,1.20577659472823,1.25553232785323,1.13374465050493,1.03083124156249,1.10303260478384,0.963341534207025,0.871522141292662,0.92956013399412,0.782260326332869,0.850197533051257,0.732056237900905,0.943507013087247,0.836525705408385,0.677510927329819,0.837751055033616,0.844024598830951,0.705101716156754,0.723421307276944,0.832513585830264,0.767947186934205,0.687004912388608,0.954366743098107,1.05556551953504,0.916858564093665,0.885193790671252,1.14733704105133,1.08620890288585,1.02517441677134,1.0647299876386,1.13060536269908,1.134636629176,1.14737795019463,1.30896083909485,1.11752563778032,1.1140214048135,1.25742141358298,1.083955576708,1.02165984391488,1.13373663457085,1.01827255009997,0.857121235946008,1.03481779226273,0.963194912428324,0.912045922279382,0.971136470249249,0.795341356556279,0.752385394922675,0.856923241943315,0.68732572331195,0.872893152196253,0.98004977423442,0.961986678580438,0.832869166065108,0.94978590304473,1.19618967287218,0.917694012784913,1.59531612151104,1.19533106005007,1.31759826606756,1.20581476594845,1.0083892787542,1.17396945474874,1.90946025594387,1.56391412879308,1.72358719869097,2.29836965925874,1.66119628115494,1.43213064250812,1.50432666990606,1.767122164356,1.15766947817647,0.915310735068506,1.19187403802691,1.03851071903361,1.05653005587135,1.06212621339331,1.25633438189299,1.14629310802184,0.933363822777766,1.11885837927394,0.968273189674121,1.02894807998828,1.02965732571852,0.846849728718227,0.624175967594323,0.753279544013985,0.860571444515102,0.727206599391659,0.805705488727898,0.994285921280296,0.900771288113451,0.893495039605986,0.892617659400578,0.8833988967086,0.922934021118614,1.10931867843672,1.02582004058127,0.949607199692469,1.14903985348353,0.860117274000626,1.04393501120678,0.827408818974075,0.771207371201447,0.853997439694563,0.88831534788826,0.767807571543929,0.904973036663759,0.674903354056205,0.911281816977366,1.05499498689827,1.00505158795988,0.926492391126537,1.15397691121983,1.07719651435379,1.02522256196103,1.05892623838682,1.06426161926797,1.14924319088429,1.14149922210749,1.01005930549383,1.02384642672372,1.04849411998028,0.827864935321791,0.929900766981489,0.945493301006512,0.867374173618653,0.952005565470421,0.852334907390114,0.822695244687871,0.904118195600853,0.854633619955318,0.880810136804687,0.988308893614105,0.591188869056853,0.507448667850019,0.676127750974278,0.907132570632166,0.627223973526296
0.835134071588278,1.02735672208884,1.28543832871844,1.33771500994772,1.29644017694288,1.03591536022983,1.0277855024796,1.03939145115202,1.01243690209942,0.904913831280208,0.933570044077724,0.931274345563025,0.901606253473526,0.879987534202262,0.898430530130317,0.785129277260902,0.918415096801079,0.923721172203884,1.13097479691897,1.02716586298392,0.768036427358409,0.916231599001361,0.750508601634074,0.775995316601889,0.759392025775143,0.948077087135905,0.767574269070095,0.872859961221471,0.784717929371747,1.02859769493589,1.02768479175309,1.10027682089339,1.1645487536615,1.25635688825634,1.22350680540853,1.36497851476836,1.51333774179828,1.62233024122185,1.20001003715241,1.51816302629292,1.77822726089913,1.23770410934645,1.57345525093297,1.98826300495179,1.5824558898007,1.46999166294625,1.67545299967809,1.68812226326789,1.38737793569645,1.45496081344149,1.44731045545877,1.27417858186791,1.25750443281777,1.47654443147165,1.29812488664231,1.29274769594585,1.4650809475022,1.30577512275003,1.09343898719037,1.04547622332796,0.97916369018956,0.875436636379586,0.956303704151243,0.766395688913787,0.71544249308104,0.777285835771117,0.52150423390586,0.508564506782709,0.665374591230965,0.70918936968166,0.611287838290022,0.76698989307546,0.811928222847298,1.16485146260419,0.998655111694338,0.928626090444716,1.00244162752101,1.14192427380662,1.17790847361783,1.11465338517004,1.13079794756718,1.17704495285018,1.15714155603704,1.360767694739,1.11429448904851,1.05415647678168,1.12948489668312,0.79975889943329,0.692840878736882,0.863362384569125,0.906954223075184,0.587979812955413,0.568963482120651,0.89913562661196,0.860223049691972,0.533872609481268,0.718717183735119,0.634427981083433,0.611387842285128,0.723688228403037,0.792624148110623,0.961834882907565,0.861896103374596,0.770726949949057,0.873382810885034,1.12033021669072,0.881900103335058,0.751112282218873,1.01982739607113,1.01478303500242,0.805621068296368,0.764832674785159,0.889798012143412,0.862695597739351,0.74515953117514,0.996457235041583,0.857163669330123,0.769005788202653,0.840031839360436,1.01157330833666,0.870341985385515,0.953150433945686,0.87375853099686,1.06588475281005,1.01775133919577,0.965015748328022,1.04517700552642,0.837855308661904,0.830183872424844,0.952685434248412,0.759340485668033,0.814443143465946,0.73419934391734,0.718919059210725,0.774866750291816,0.787317471273521,0.802520010364264,1.05394876984423,0.907440400834091,0.928773102763762,1.13098416715904,0.888188333917456,1.07671489135331,1.23979591342923,1.14133380165156,1.07697897599272,1.2904117431125,1.49423937980349,1.20392951825735,1.28712804220143,1.09099909375952,0.456515200224683,0.467421273204438,0.591697555380535,0.647838056185574,0.62438734781427
0.754663065796405,0.75406274701387,1.01131527493619,0.97961115247982,0.815241774763535,0.754108633374438,0.787096561436666,0.85629837117825,0.765916284187718,0.667564734766209,0.659808441117752,0.705440153736953,0.913940975911389,1.11660839576623,1.3091691118647,1.42599827159734,1.16880301960237,1.2713884330652,1.53083233234699,1.57563449817241,1.26471390351523,1.40764859637006,1.42444725826243,1.20133192518249,0.898337636109106,1.27511695193724,0.847366990839357,0.804360270653252,0.725909437212258,0.940112396923627,0.808795440656352,0.803120233546372,1.12337261787247,0.922545611516654,0.704855344203853,0.858753438882131,1.02360314325421,1.21198867955158,0.990862308219007,1.71325492002675,2.178898270179,1.53373083341591,1.95122796513506,2.83201033017155,2.33761744202918,2.15134965380426,2.16509422733057,2.72908543351372,2.3351764754854,2.29626014755638,2.45140753575106,2.13988496372441,2.44994324202047,2.53823357099843,1.9532947178036,1.89911730306588,2.14537405702097,2.19026380189174,1.62197750429083,1.95932254942101,1.71045141214877,1.38350087770166,1.26173560508994,1.05879227315277,0.947025865386547,0.924202045687034,0.882875050863885,0.808097032727449,0.708351754830213,0.754188344628954,0.648103698818305,0.591479793498681,0.609813490707541,0.612466641721168,0.549013338863512,0.50275038838362,0.582076090512003,0.615789980434182,0.819857014060296,0.634845587282629,0.6791301107645,0.711970830960785,0.720398957534271,0.840143785087575,0.627992930769079,0.638640668663331,0.686862338264727,0.759177531784492,0.638117023846601,0.539623544531137,0.614219305522588,0.632327821975411,0.547074326436391,0.581225986271673,0.561070797482538,0.606011906845105,0.649911117825761,0.583034892645548,0.733900385154132,0.743953524854098,0.63267826244359,0.906908054558477,0.788313686377002,0.67737294223958,0.849703679398123,0.899116732809402,0.825008981409367,0.837288546205253,0.825881256270639,0.795859649370143,0.760639884126954,0.853865803376721,0.980907284634994,0.891680242713329,0.885618388116748,1.12985261049536,1.34478779281849,1.23909391401286,1.1208097099642,1.15190464806378,1.2891072726954,0.956275066870294,0.925026240528319,1.0410436124368,0.706102951426804,0.645010813561076,0.862862664547372,0.636282555336527,0.429972418580247,0.681139620501742,0.601890644907125,0.480475534453937,0.424342749849599,0.52505027052282,0.550121302019251,0.440563738898602,0.451411208615301,0.502241723039007,0.582417839126624,0.340785930464571,0.490584452533868,0.523902008490716,0.639299462131838,0.553095341182552,0.649053226922692,0.625711744324091,0.689058022726279,0.725694976114975,0.750321020449895,0.809409529530315,0.677399844529847,0.50561443828353,0.571462147272885,0.693533611620436,0.668155683987653,0.624814825934782
1.1450921865635,1.1372633879539,1.30806983306028,1.27886506426886,1.12668105294412,1.00216519556776,1.09653553340426,0.915977320461181,0.957865974933917,0.84802183953764,0.864080397683048,0.565804466277367,0.749556783257421,1.09905309450429,0.910648974049688,0.971228404093996,0.921478934764591,0.981388927812873,0.950790292878869,0.908059538622037,0.864753813494745,0.82227064656106,0.721663836696045,0.65919481135246,0.706997129318113,0.902407794432318,0.480104581126138,0.44069305602478,0.50286576979421,0.890455887311816,0.778442095250228,0.835489927095261,1.0325140183796,1.11550845995818,0.97255204122313,1.08072553156511,1.42189191940881,1.42088602030307,1.17130355840883,1.29090824033348,1.62499459540993,1.28132286435214,1.13946367348747,1.46493451967796,1.24842794238214,1.2085649599893,1.36889734772619,1.14919959723149,1.33758148821224,0.901464725756661,1.26947322180938,1.29577942251066,1.41817851423826,1.41784325425939,1.0790674502201,1.1373210394827,1.32526903745918,1.40722678081637,1.20017704145558,1.48713285114641,1.08124816137529,0.998442998016847,0.761159452818831,0.700158840651983,0.640458803194739,0.751458149450949,0.735526150409283,0.757148128214739,0.857447391451669,1.0109736186404,1.12691722241219,1.1414136702514,1.17368048569491,1.75234672655577,1.26934640706372,1.11540396344497,1.27042271750498,1.61875150453108,1.25959397312854,1.16686804233756,1.35584410932861,1.25589789779228,0.973910703367599,1.05147908861336,1.06660419413306,0.772335194254994,0.781710141848875,0.661795037967324,0.604553755640774,0.961680017173258,0.819273378891533,0.68803750736128,0.927004699861919,1.01517579957327,1.01726150201408,0.930426537116527,1.02016845449568,1.19060264883677,1.08682770515775,0.954878436338602,0.911252193046246,1.02487182165371,1.05100535900698,0.785421577037736,0.937257795584969,0.997141254831892,0.732352747780867,0.650603051903235,0.628952071928858,0.530548196861868,0.561059187339879,0.810023251417196,0.701831567372332,0.862507993882849,0.830649539982886,1.091001010278,1.16766066396566,1.03765861114981,1.24350063002664,1.21917249154393,1.53681721893217,0.957871553457626,1.08876250593062,1.26493549258612,0.928387882552578,1.09136281886075,0.903285733094614,0.805262298210619,0.955652337986037,0.973273657132465,0.820403335676304,0.858877607822633,0.949161329216823,1.03418273171485,0.900171860835559,0.880784325030153,0.980614217226694,1.0888457172887,0.897788464628626,1.07277974335314,0.982775802399183,0.910131147726593,1.06956487706758,0.862419546556823,0.755390983490965,1.10554752081773,0.880259417133791,1.12001699882445,1.07652432141264,1.1615758489246,1.27673711908504,0.549965612000013,0.514833719143359,0.625441380989415,0.740874091203893,0.667439879873354
0.904645646181746,0.81498816599058,0.976362424069693,1.00173443737755,0.895382560389899,0.749240875977461,0.960396051404739,0.826543073926988,0.809851596837781,0.709132624436206,0.844281558531831,0.805281644200072,1.10381419544965,1.21513080282038,1.47529565074718,1.5367611883529,1.29613392885729,1.3218315336248,1.59653178282584,1.48626648617273,1.193305924766,1.04804362974456,1.36981394719073,1.17246570994069,0.613318500807755,0.793026085883682,0.969334561239426,0.735253177054467,0.678370761786809,0.746021726684569,0.720559133217048,0.634175747306715,0.816614485603142,0.715904292859331,0.647719790599314,0.709812180651348,0.878064776253744,0.911540758480248,0.76332757283795,1.05228893190446,1.26561402068421,0.787723100415403,1.06431736894568,1.54297760993189,1.44682073869802,1.41129754578366,1.20158478797698,1.21187441843039,1.22499199568843,1.23296016872797,1.0194022018462,0.762245793285413,0.78947980304212,1.05021613806357,1.21132073802766,0.671073994827853,0.942751922075012,1.21699319088833,1.18652923087313,1.26644266546265,0.997555870460308,0.962733448451539,0.979984532459533,0.677682679437173,0.666072210753562,0.777127566980687,0.51114467114408,0.544194942370312,0.599876007537451,0.622946065425313,0.673507362735424,0.60660016467822,0.871690156252968,1.0566575769438,0.973880413992664,0.980745950046277,1.17705154175674,1.40687007247581,1.10918788439365,1.1064393884433,1.30994748404019,1.17452055692418,1.45231092509713,1.31577778913518,1.25869927381448,1.07192701199578,1.24500323199608,1.01272790594644,0.826494015773814,1.0912859552004,1.13645892065738,0.619725992084868,0.803796178444671,1.35522532572996,1.10983100164984,0.454512457343707,0.496083626950867,0.653244274160533,0.604922595644885,0.938683169271754,0.971153599939069,0.978449584679036,0.561003717478667,0.690988063518535,0.578021047358997,0.542384306428901,0.646944926304614,0.64257829977919,0.729566858308248,0.690662711300658,0.720388691458367,0.963605170540524,1.08994702368469,1.07145613540772,1.19966971672372,1.37996330507962,1.79195213377876,1.61656657211041,1.38657812603611,1.4016334692349,1.46687014054434,1.20870634230704,1.10724039844027,1.12347429018625,0.925723635626055,0.738832483636811,0.86547885312331,0.901448938969228,0.677885414873465,0.831213200680873,0.716128933209961,0.57011429899744,0.603340945613762,0.616368164617938,0.580375985102275,0.605235305823279,0.952612833290151,0.784247171294655,1.03223430027029,1.3023934589184,1.11964816451454,1.04997392969014,1.37679900274818,1.86762630948594,1.54647851511093,1.53041585543538,2.07127424312546,2.3984544450888,1.77767685222883,1.75811219935788,1.5643725180575,0.427155633612187,0.451461001490974,0.572357527305966,0.533051135017006,0.453392557790927
1.30289792705102,1.24273313329676,1.38681223550805,1.36745700515,1.21237165605096,1.1060233854176,1.1053344887376,1.11788051770168,1.03606796011496,0.862565215009191,0.884375550344644,0.718056197878129,0.74909359082223,0.896249689340157,0.952239975348,0.923362806110909,0.928266965167914,0.960930553707529,1.03958421255205,1.02802659981981,0.904023818953212,0.794216097050447,0.79053287736264,0.703738034032849,0.74223019540036,0.756993032492135,0.744771194534901,0.717816991582096,0.681929609610038,1.12187631484898,0.76049147881252,0.741663683885307,0.952469780742701,1.14443158589557,0.759742489977087,0.815107741042638,0.930158161174301,0.921446896320708,0.866241936229285,0.973279275363465,0.924735780323002,0.786380131792114,0.925501143170137,1.16191410867248,0.873814464141477,1.11630678654441,1.04120777116087,1.7239639571009,1.8943826018359,2.15600637761508,2.06071375770366,1.91767173926527,2.35571290497856,2.37095035953443,1.41986510991408,1.56062981335325,1.71803622746919,1.55412820661887,0.694241101947004,0.669252219650798,0.832806917424439,0.73526563862609,0.736593529044715,0.58908035681644,0.685593999264399,0.785137967803236,0.667293999769003,0.704252196784462,0.712595505683254,0.7001926139714,0.686031877650239,0.70827179655417,0.842614901539348,0.98214850078685,0.896821823857867,0.778456720454956,0.887609691131969,0.932100245073403,1.12944393135457,1.01496602376586,0.977739481706848,1.01014524097271,0.995159447206614,0.944409345388147,0.787254524631967,0.854202710404807,0.984834074251306,0.841613196382088,0.738154090472144,0.848247093305124,0.780768755467642,0.552421892588845,0.801865177862605,0.929385040940838,0.879023817513376,0.571667663538763,0.610058619541291,0.757166343711958,0.854987570542101,1.06296123839493,0.941241318290749,0.851905225716654,0.693302168878168,0.672391447286974,0.880266545097613,0.886007191266664,0.880545743637368,0.94491244841247,0.906986546641857,0.815675011448975,0.750111762244336,0.951823336013628,1.06156350110679,1.00272750923803,0.955332980471045,1.01882098408062,1.17732307015146,0.983827122570122,1.0037574801742,0.918909624828633,1.09834724957286,0.783109273379924,0.911544374267886,0.740694600258898,0.671909415563894,0.800174638118377,0.825050682465284,0.705862230796428,0.715666218884605,0.923111254474054,0.775692367210282,0.833171717135992,0.730276869004924,0.767850927758869,0.960189206815404,0.901352097945029,0.887254320023836,0.903185183550168,1.12318973261162,1.28311175507597,1.11791233575908,1.05667147146374,1.56019634612304,1.73959775370364,1.43268775390569,1.47808264095303,2.05601482022431,2.31958474703599,1.81950631646465,2.1735092768336,1.54593587776751,0.543204203515748,0.4962550541421,0.618617314527779,0.52277024380608,0.523029725890658
0.562485599916291,0.697299028411257,0.888735273241349,0.858118025732937,0.869714266936715,0.735141792761236,0.673181387936251,0.813526298395729,0.836637566973087,0.946688648417851,1.00209857036517,1.21825512960391,1.27037987711346,1.19592759713499,1.81348891577344,1.85582334813982,1.45215194301979,1.68632268523043,2.08770175731369,2.07667393683091,1.33567320194757,1.06746010096729,1.42009093118335,1.06492462690536,0.909231285056261,0.747235080737354,0.673574800611652,0.652411271923711,0.756263667766208,0.866043923467287,0.747888947121462,0.647083560942367,1.03175549293208,0.814829167294063,0.631144237347166,0.65530124833352,0.630171187493541,0.883474755268586,0.73247662319503,1.17576509624925,1.29577659544753,0.942530773508618,1.13554980899788,1.70577916792088,1.52889486325316,1.58140789297713,1.34440166825825,1.71183409682567,1.47104962566572,1.66953668819927,1.40186833873835,1.27137686929914,1.35174265923299,1.45793896122269,1.32697926056265,0.903627574595822,1.12222376831586,1.38332498171566,0.91213579844636,1.23043070033683,1.0927598087563,0.829781937971261,0.709589933207956,0.553349173149102,0.562727982441268,0.959395712071817,0.538123550772762,0.483367459907873,0.623897871880826,0.463616782327005,0.576998211824608,0.51150721652606,0.805890997936356,0.41481355036419,0.836729744629912,0.572667184540487,0.648130730443411,0.732160570775219,0.723841690660081,0.897149102069867,1.14204781527791,1.05818262089743,1.4598668091062,1.51355549223179,1.11416275116818,1.2423151615079,1.41337140447329,1.36100531831083,1.07601718067037,1.08022044648614,1.10373353764625,0.930922513552912,0.89620316216915,1.08112040213015,1.15533697712653,0.919892218325181,0.874064804408381,0.74917069640798,0.659793903091739,0.638763646533391,0.803293615667466,0.675225465256659,0.551019390567976,0.689240967517775,0.68622605150609,0.707643784509973,0.61025503471889,0.611539582048444,0.606408209287196,0.53822115035393,0.574470041621143,0.562298661846997,0.582881656710866,0.822927735692041,0.895417136744776,1.25940730097738,1.09106249324448,1.29064564849328,1.35956715569731,1.40070071411491,1.44488128814544,1.24634294284171,1.13161936549691,1.50479188334953,1.0557356067958,1.00939407216083,1.08486805452616,0.797026820739228,0.773358925325511,0.860841798491479,0.760288116677953,0.596018231179934,0.529387135384826,0.602139122622578,0.655524140833125,0.757188166168789,0.901147439912702,0.791773765463078,0.973894588708562,1.16257105952423,1.17328542148778,1.2167562319897,1.01635291407727,1.48262115408425,1.44485266605615,1.42988378589025,1.62026996060462,1.56401908782971,1.56972068053105,1.64728841267043,1.32015478348823,0.482564632072308,0.505305096758549,0.600044915608498,0.638379192370495,0.593449720264783
1.48986435331502,1.23859997854454,1.18677801893912,1.18628216767573,1.30425677244064,1.1855267113775,1.01800788037415,1.07688921200516,0.977536019574718,1.06793237340357,0.811154739059761,0.850214071102017,1.06529447691771,0.89965268860194,1.2337628798038,1.11847317697611,0.877229565864821,0.995663700116381,1.07377734402531,1.015251490613,0.831929327560698,0.653068963559591,0.601382407492272,0.520308952776496,0.498908553398175,0.582850500101924,0.390371677947117,0.716900409464316,0.596934902352786,0.718592103805636,0.759642438688012,1.02579393374123,1.1899838425223,1.13271985442533,0.995272163922322,0.933617987168794,0.991585435058328,1.09276096014648,0.914423332798932,1.77879881749633,1.97103788114118,1.48436981520017,1.83115469193981,2.45774763324932,2.14661762015446,2.10050792057792,2.10188894079969,2.51187261327943,1.90022475828587,1.55668180749093,1.5079161782139,1.31474999917067,1.55389809755779,1.81267363980346,1.14445667909365,0.97278881863819,1.16409437228046,1.0066846897327,0.657146349099326,1.33062264752265,1.16984335272375,0.580212990702017,0.645913724962121,0.918214137590483,0.537328211580068,0.636767329216959,0.633814118247945,0.599609385073014,0.67496621083691,0.804893809224235,0.729775088499814,0.719301485947283,1.05166600509957,0.928286483500727,0.788278768632521,0.810882996944699,0.894319095823906,0.901497735438388,1.21140618466633,1.0082120520115,0.827863860241625,0.832931317506717,0.763082360020028,0.819507721921287,0.876815417685294,0.636489937638696,0.535598190380261,0.566877190131134,0.555844926138456,0.546517828880239,0.424035097678687,0.492323585861593,0.500179887561386,0.57422409775311,0.483893766460131,0.402769242836037,0.633293187058101,0.558694476114172,0.721008079439024,0.863207805837142,0.774451532012855,1.30639485939253,1.26136062817823,1.07658026389172,1.20841062270451,1.37777021461754,1.15168152784113,1.07515029898884,1.12858338696991,0.984182415603481,0.8244541165663,0.914391327804825,1.0117675100294,0.838148419856472,0.863234496901604,1.00592893562275,1.34538787561706,1.14726193910907,1.24372728977051,1.11609302106247,1.36138660970506,1.09289909214159,1.06209794270521,1.24778552216671,0.933248034616419,0.744430066000119,1.19066735399933,0.896632732958165,0.82004398620275,1.00280981085749,1.10352441369938,1.30815651063592,0.86551848340387,1.07080706634012,1.01004048375711,1.03594384787332,0.896901501480324,0.993626924239156,1.22668261035948,0.788767830708769,0.72902762518162,0.702610879862615,1.04963664923953,0.98790073162229,0.838887254154303,0.830136109367603,1.07916784482724,1.35535382698702,1.04448608596031,1.1754357747478,0.934583046223298,0.576184577494457,0.529894441583759,0.577659207015442,0.664001070789591,0.632626886296586
0.805506004228186,0.735754636671171,0.702374599670327,0.615592618871767,0.657917683908781,0.638176872210454,0.645070534294731,0.55921901810278,0.689956411231277,0.721674228680012,0.487843201622976,0.61319649489178,1.03875960543231,0.821064399286266,0.749231004349058,1.19864413857796,0.962973485227541,0.967686388071913,0.923371259360157,0.922043060887992,0.933945330650566,1.13688509277896,0.862205455568466,0.906115899320258,0.940317684305393,0.996075198078786,0.877367697061158,0.660523057498698,0.816988428970892,0.803433018800368,0.707948697112461,0.76770065811417,0.863312590786462,0.835768099272538,0.795437812254273,0.859058657766607,1.0880902590257,1.12723511145322,0.921093767535482,1.24054540605418,1.41174539091357,1.28072249967986,1.45435592086206,1.89227631066383,1.57273676785529,1.45145404422674,1.40119959574886,1.41201398549196,1.25278303301134,1.01739125680168,1.02158085122743,0.92887318337694,1.12431280931478,1.04707718525767,1.145778037181,1.18762366575219,1.33771130704493,1.43985473242358,1.2764797444124,1.41853715139994,1.22473724234823,1.10023983593521,1.12441263663185,1.28347843789216,1.07518881379508,0.899998488040477,0.886208016174636,0.911271935404181,0.904831354664718,0.822450333368949,0.958070486224415,0.939038444155248,0.80588200498582,0.870887300783333,0.910144268314252,0.526904153083709,0.569605631055378,0.81584506877903,0.716245717713573,0.678749810100311,0.926322135223683,0.984711037254811,1.15343461501593,1.18553799400872,1.11259165606587,0.956751496383464,1.12990550118757,1.0572852671974,1.00080137415384,1.02716741912317,0.861755492801929,0.863955504500742,0.784044462078715,0.852041191420441,0.780837517451297,0.655199558340962,0.945845199067378,0.788550816923586,0.919548208062416,0.727101973798047,0.845096764866428,0.897604678918343,1.02919274080421,0.909699348976534,1.02878651055778,0.843576069856349,0.850285260310802,0.918785395880217,0.741798992712279,0.775517851352111,0.789736264608345,0.954881050437178,0.907466605511643,1.26988499841884,1.2327341493186,1.50544297038184,1.72779553158131,1.49301921335203,1.56376050964402,1.64379293923506,1.90837732996105,1.1407829898431,1.26076119788748,1.51276767426248,1.26652325026167,0.851144918994571,0.929349609333822,0.990057854753367,0.791446508994798,0.716584850228638,0.753301151100034,0.84928043165222,0.924958280390892,0.836000425216159,0.934095583183364,1.01137581627885,0.935179532293174,0.839133046229117,1.11426243427929,1.12024025409609,1.07858532559969,0.985655230721008,1.1201785384969,1.34438911903155,1.15823851090881,1.01366069823662,1.20339298265142,1.43587997210993,1.15805573311218,1.31986220135844,1.02057676207312,0.864575114250906,0.67727216491101,0.853653616121165,0.949394863283767,0.793958741026707
1.53985041287452,1.68699171998019,2.07413989947096,1.99512812879082,1.79167582282979,1.27505583005062,1.29713777879498,1.54056548273003,1.12488843081861,1.02484010904013,0.793873351568462,0.65632234040802,0.597050463335515,0.690589115280925,0.843538820055765,0.750971233338415,0.918049707815011,0.988394227590692,0.991411340531063,0.981939036357952,1.01760882301652,1.02450260523971,0.990064627148788,0.94943909873781,1.04837144103314,1.11920328208512,0.959926641313033,0.826381329515145,0.82888529550478,0.919068080551435,0.803450979755086,0.642369676591486,0.837003408149667,0.811709400859912,0.678932413992784,0.579357345080706,0.701798319042728,1.0174096078016,0.955858804530747,1.51779024210853,1.6076240135784,1.25393144576636,1.4949127382437,2.22050864118357,1.96493574359816,1.86460446440157,1.65811861276405,2.02369487620359,1.52880190278405,1.36096870130353,1.33522707938736,1.19710555971846,1.56531275210943,1.69283502853716,1.32434252472712,1.37779506764581,1.36437471006785,1.45415036110703,1.06560956773968,1.24151402333996,1.2734473952795,1.10266098593343,1.09897800052685,0.949332354732662,0.880156097245495,0.921608384438907,0.731714803575663,0.768239957468426,0.842468376454845,0.919631009258501,0.926386316824185,0.771887868453424,0.958011721016658,1.06923380971882,1.26329428034891,1.01202377464649,1.29417098091462,1.61890040353643,1.57600169472872,1.49113810103251,1.56559153592274,1.47044975271566,1.55530641912376,1.78587489797434,1.49486059307525,1.20575078149296,1.08463647496876,0.988739648531937,0.717788902261438,0.670384103605181,0.649540785576652,0.542070344615724,0.694390388095482,0.634241050260771,0.650750295527852,0.507263055533001,0.7356520874833,0.590686365768548,0.576691882087446,0.553200575710072,0.583441767974879,0.596974320924312,0.630790534868063,0.457023748239,0.527487560689845,0.625424537802526,0.655623759993936,0.575907898261252,0.819603953560562,0.898817486679542,0.698569342352651,0.636170341265215,0.737815576380073,0.890782110631438,0.732771195942845,0.752185811177935,0.908398746307789,0.857321364517612,0.834598552828092,0.791768318369009,0.6874740943452,0.556696677882123,0.628960918482974,0.603347162418635,0.681617886398113,0.988278249305384,0.897766485064604,0.631422499872741,0.551286462495381,1.03613805446664,0.648997864166423,0.538649463026612,0.807010614569517,0.78415155759009,0.707296016442368,0.785036388624291,0.831765860156544,0.672323629940382,0.725618371662923,0.728414813857692,0.743418740693217,0.853168128088067,1.04023707609687,1.01952879017357,0.919693239092631,0.857544729519511,1.09362857890681,1.13832852529837,0.986648714460962,1.19194883485493,0.856553907107872,0.682657450188332,0.697594635714039,0.870811125097514,0.929859875356951,0.883578905421186
1.4237781499212,1.68383657414075,1.84174754799818,1.55721864840087,1.3951779562744,1.23866577944159,1.49342569076678,1.23846444086291,1.10736546530152,1.01316523323103,1.04480661347856,0.871695312643455,0.870797242964683,1.08216842400248,1.17222894823394,1.20532354507262,0.965977170256573,0.996466764841569,1.14286511207323,1.1027161729555,0.964422562785805,0.717296418759107,0.614166984883713,0.532013243050943,0.583816310555573,0.54728462789025,0.490931775757791,0.643244869089044,0.618446492619669,0.547724772908104,0.544532626703345,0.661674010747585,0.654060748042341,0.593066227419552,0.608000855307802,0.576432377351476,0.618283794971005,0.691274646205375,0.537674839691855,0.892244372707722,0.93451007796879,1.01726794957562,1.04543891686722,1.30871900839324,1.04801444801352,0.966600213177202,0.946805723462928,1.16697450537309,0.701124266919844,0.68193415447749,0.710872228383116,0.697396217816104,0.67505847538605,0.694393745596137,0.579444168808017,0.478034747558765,0.564613147585704,0.577604117917014,0.488034503292407,0.624721758929878,0.576901548615908,0.505329706169999,0.729542426401905,0.622118465968401,0.585735014337325,0.681910743722703,0.776957489772255,0.779691547195951,0.847446707327226,0.963247549780596,0.902971991940704,0.887445667204728,1.41185082306187,1.19935335792427,1.10764723034222,1.089880958686,1.23188647376873,1.31373755202301,1.37026463504625,1.53780285322092,1.3050262770587,1.21797172701348,1.19952460102827,0.836501538910898,1.07276337709652,0.788678769122434,0.6493293920322,0.611010678033067,0.603276277152615,1.13440407240064,1.37308505591174,1.00017355938821,1.05163305870142,1.46841463729572,1.8891465248345,1.27017771934943,1.01948504110336,1.08106770344407,1.02569130302561,0.864986577506457,0.900814927048704,0.741123000097837,0.628132662129004,0.689329560962097,0.691777479721002,0.72198091014332,0.615990143894436,0.686344940704858,0.722853638055103,0.627718985751194,0.679948489954367,1.19633870539457,1.25369747516327,1.07575514665889,1.16690501499415,1.18735632371328,1.42881806842414,1.41901455071607,1.55892927387551,1.30959847863319,1.60000125743955,0.770091147962906,1.15895092567066,0.715068167404807,0.847366396866583,1.18386938742374,0.955528733865191,0.680245315879566,0.670080527504833,0.977222240134705,0.879628537256168,1.00667318205736,1.01807316950074,1.30661432601506,1.08246248453894,1.31895801871514,1.28934857844474,1.20385461104,1.08839513764635,1.2926534702702,1.17829321971936,1.0478806043648,1.34152151007945,1.90863100763327,1.54627256645442,1.48730257023986,1.96988074192208,2.34666766784972,1.80676438984283,2.0892079915532,1.55480835027935,0.714535808817472,0.62852771438745,0.657804390949147,1.09681384356821,0.701457871934849
1.57375779534329,1.31235707679287,1.42663349949553,1.38810693802056,1.20358388437991,1.08440462076711,1.21220447969533,1.2080327632058,0.95622019945132,0.812062890649,0.657065857598768,0.641720955677214,0.795156807907511,0.840048116596343,1.19065006235269,1.15069242198394,0.974983267392024,0.987554845723551,1.19620354644152,1.07882858835047,0.97713973090536,1.10023081914352,1.10974951471224,0.862515554768462,0.900196551469791,0.953665385492032,0.583047437401161,0.535258299784872,0.743458805941785,0.922692682361283,0.695756928660587,0.777356709973405,0.824344197374178,0.898287691908226,0.879535505266034,0.950643514613698,1.15407756763904,1.18692138418288,0.945976386713659,1.01308254312129,1.07385423979938,0.881211820063191,1.03763808655288,1.03131133461826,1.01136321617703,1.07515337191906,0.925864955737289,0.944642768223582,1.24873247057651,1.12277739594532,1.26482158747752,1.07618755900237,1.31972445143,1.63461284834138,1.25806276583147,1.2612087052491,1.47292602762614,1.41994886337365,1.31548366885328,1.1431979161933,0.979023248454662,0.963899609518017,1.09836811110495,0.758890511929344,0.790412453390363,1.14433798282737,0.992870341816304,0.774980005372588,0.766620199552137,0.862236861927616,1.05323878712305,1.04882279159562,1.15080956305772,1.54107667931852,1.44869424583099,1.11402611782676,1.21690558668039,1.50678245708543,1.45387117908831,1.35026830671621,1.74441885199293,1.48118560286333,1.58495069425443,1.54413439340917,1.53448589648999,1.2552413178192,1.1526433515411,1.23443165705451,0.935634967050859,0.8955324908528,0.769261437273653,0.632942291127997,0.623940757685627,0.836701312726171,1.00399073723979,0.715838710076182,0.730473410546763,0.781300792865802,0.675349918825765,0.646908024146045,0.543668127761376,0.49956228709008,0.749602062511612,0.508200005942491,0.585136573565442,0.682506967857748,0.631401107886078,0.576471108428245,0.598127339432573,0.54903215639483,0.559948828470848,0.570714012795594,0.475642416046409,0.656576785598736,0.629740087653046,0.958890431643371,0.973832112810004,0.769615333341104,0.937630923559332,1.10001167932028,1.07337101197278,0.969083284992385,0.888701705264927,1.27422118832925,1.19104018341688,0.848725190449295,1.01567303195339,0.814619776060737,0.812647718906339,1.23175015412488,0.895908207953574,0.663368267271608,0.778653319362491,0.87322413658459,0.729367417355049,0.713250510163252,1.04229486346208,0.828692269048471,0.737166022550321,0.850899252815698,0.840787633376872,0.718271795651761,1.10780954349868,1.39289750978605,1.17873599898082,1.20192123096929,1.6028344140958,1.89232565227064,1.52017695348921,1.83214209615626,1.32516750451966,0.783887111033724,0.694881723371161,0.637348549328372,0.718621171671988,0.74479171334506
0.744007651796493,0.663991762440026,0.700355913204017,0.718399707837062,0.734264700490772,0.779936160453828,0.683913158809683,0.807088213054965,0.920041136316464,0.859639802383589,0.768305156373471,1.08638044635583,1.12982777770266,0.816837210106011,1.04159472816307,1.16946277974859,0.999327275831366,1.11338012976508,0.978695850696724,1.13660903689482,0.930015496641873,0.954510505040208,1.00387311671611,0.874838748132883,0.825743619415806,1.19540443702586,0.835545589365861,0.674573700100002,0.87896258192738,1.08106807861831,0.785394149852148,0.730360743205238,1.06626014643835,0.982892048315518,0.745825917802635,0.847549555983741,0.986584345693962,1.03617367296557,0.793646796028664,1.1457830896566,1.20219205450541,1.0809782769886,1.00302633836119,1.37902392531964,1.3413807027286,1.59280449173211,1.36222964605488,1.48227335962491,1.73739192170621,1.42957704048404,1.61176066254972,1.58701780327763,1.94207560407915,1.83572989553914,1.49807408839652,1.64792814278573,1.8548399067316,1.89197292820578,1.51073051586461,1.72745174530276,1.47455099040494,1.28357894282722,1.15564940768666,0.880044662273724,0.805305593779978,0.944384918708528,0.649570249622531,0.580044362381431,0.610912070832735,0.670194093176509,0.836351390670967,0.687881279144902,0.692559485312802,0.823490011353676,1.04871806901459,0.878171200661494,0.968416979083353,1.14911215352902,1.11498313511528,1.12187584027244,1.37004379804969,1.2320296377458,1.38288634022931,2.00920775550757,1.61155505902841,1.36704555497672,1.26515544888655,1.29915357420249,0.963669337939794,0.922594813753777,1.18624597760012,1.08390111450411,0.885578365414103,1.01901058397847,1.26999226630441,1.12710755820193,0.941976386185077,0.918400985290601,0.719902391102021,0.642344573464626,0.545421054000989,0.44509630107841,0.401626716902186,0.501766356030928,0.555692758398777,0.641789341347072,0.608383731264989,0.504515416869368,0.630051083191893,0.720640439159584,0.635204510534548,1.09251394235134,1.06179041323151,1.09096660815498,1.2084172254685,1.42410904778892,1.50846856011423,1.47652356219397,1.45740754775269,1.65512333542259,1.90686076418494,1.179864791878,1.29563257060858,1.18022205676704,1.08716817107714,0.840906945925691,0.907602086625671,0.865898659241603,0.731464329271794,0.741225117937764,0.780334075816136,0.744640321428452,0.735705031676625,0.613474330879159,0.455634829331175,0.514020122351082,0.591715918722859,0.596891829507482,0.567760435839155,0.574936295637518,0.782717992279071,0.840153049259592,0.616349580501893,0.627954449679203,0.885371307154906,0.698043616532722,0.64354711951219,0.805097496670151,0.865455103018971,0.83321457638026,0.881016868587138,0.711928864159064,0.657008842510891,0.790059780936683,0.93673441090839,0.808759960135713
0.975743669820371,0.803902179327728,1.00446086772348,1.00283632290409,0.846665720488204,0.805492783427525,0.840056517039495,0.78391233829106,0.737911537819395,0.830234554979559,0.934613342574198,0.984777916920465,0.92939382865688,0.902970943899023,1.11142114320985,0.996297033230675,0.94919663902901,1.16189562909097,1.04268212023344,1.16021644149611,1.0762206819824,0.957909656583294,0.769489203332532,0.718828318748071,0.819818800006179,0.851360911360772,0.418409779908839,0.773521480681596,0.583375926607497,0.736522373708592,0.620188550523956,0.882855872912698,1.11598305817929,0.974261919845078,0.867618385083394,1.11238611803868,1.22510403657716,1.49845224904497,1.10939823394863,1.42039136278606,1.81570388417036,1.68187182699708,1.74459179792644,2.24648810394394,1.9986842764087,1.75218820119209,1.72763200214555,1.77242192588819,1.52837536946411,1.37133125448683,0.817855554580725,0.786451813493442,1.07927454529416,1.08262836404119,1.08765103817087,0.887635767796906,1.10508592749103,1.42822969161227,1.25909164411387,1.91285463100994,1.32369466707987,1.0236653225467,1.29097026727643,1.1065548010494,0.874755179121451,0.994075879172725,1.03308883575524,1.02189440991175,0.942892006528327,1.09596089644998,1.23286480390123,1.21934504574369,1.02972694477877,1.3010759349965,1.10904973476464,0.877816153586726,0.919366959377713,1.33356044972071,1.07491547275799,0.875907947782992,1.19937938635458,1.19808303679982,1.19367662683343,1.13131181571863,1.1338656007575,0.835052509258975,0.812719558460513,0.794193474270198,0.763576676570509,0.796977602260084,0.636312009056272,0.609933054583036,0.655914421101002,0.577857124921764,0.626112776570109,0.465555254957788,0.74898772967684,0.590013416867425,0.754720756176189,0.812507836302431,0.727012104556141,1.06437306834063,1.04815737583545,0.879961708030712,0.999959844026223,0.899247322094895,0.988605955780016,0.984847021427371,1.01593480481099,0.953182192208577,0.892531645702674,1.06841867490639,1.13976019525004,0.886973014925815,0.966907244019618,1.21578569894971,1.35070400735032,1.01353780826243,1.01737367686016,1.13485774509733,0.940185420967006,1.05870361062659,1.1259666086164,1.18137500970307,1.13208578958383,0.84846420662346,1.10727293618078,1.17423640358721,1.19001002100095,0.919920691390287,1.08787623113081,0.963743882258532,0.718162892076728,0.884833347578309,0.949210865514127,0.837939537562813,0.700613159707719,0.872040313664738,0.909527948026977,0.741541328653544,0.672583622414207,0.628360852954821,0.717171729942962,0.729318507129757,0.721338801489952,0.699005317456345,0.756255679442919,0.813662541894213,0.692341110112994,0.790245930541725,0.754010899376059,0.693228392729428,0.753906684859753,0.863246409135062,0.819235882362644,0.863487875218988
1.63456935233416,1.52742544484196,1.8376988789352,1.81562359915438,1.11897890408826,1.28661298520592,1.28980644528943,1.08689434876132,0.977077361984811,0.847384561608473,0.833387301839052,0.785350370586459,1.02065440980757,1.17643034037245,1.31708375402431,1.24991008160395,1.09801479185161,1.27387203322559,1.32557952664121,1.39106612202613,1.05545774753523,0.88841698972633,1.00760982463692,0.918257530174816,0.595116133365525,0.634577204528162,0.469639827214124,0.563067664163713,0.442615325409793,0.748654870410996,0.651835311241774,0.625823336959243,0.964828569928415,0.969603061461773,0.734680834315028,0.819946263922755,0.865253611050818,0.804538683661802,0.598495732783212,1.09915536752807,1.26856382786923,0.843237220840384,1.02695434424531,1.5413872176691,1.26039888093545,1.15774188461464,1.24377399948848,1.54152485046045,1.21344170166412,1.44220251606982,1.36752221418286,1.1725354956838,1.09921670839044,1.25066600003546,1.09002751373371,0.835777171039223,0.921463991643945,0.852981793157377,0.564387228124709,1.06841520257383,0.870453360972027,0.665256436003319,0.634986775237696,0.622445894544415,0.555922693996982,0.684769182377262,0.552887444688888,0.598124869658343,0.725014056762188,0.817007108740991,0.853007405126674,0.841780662255504,0.958887903853926,0.749603156757866,0.931770769806074,0.947161237806542,1.01345521679205,0.912167322287046,1.35010155268433,1.2577980975693,1.07237774987745,1.03717355778342,1.21009526348884,1.38225198208989,1.12516412302947,1.03610175908582,1.02241590166107,1.04616194843257,0.757970923353114,0.831594740250465,0.935305165278892,0.700114539789908,0.57413539112227,1.50990113786487,1.70379251203605,0.451356632327559,0.453366245378293,0.504505730655591,0.536766057560396,0.545042000744593,0.497040775242884,0.574242231167838,0.495492115447651,0.591085792548967,0.684265539936763,0.590643173990215,0.496215761708677,0.641134974516458,0.55509706032649,0.538301218190009,0.606818212995679,0.593308446952658,0.607606376696839,0.609978664570199,0.691029207212824,0.742626117672552,0.852181984427082,0.782334935526636,0.95859775193948,0.874840164451072,0.893045304293529,0.792920854107432,0.702622625706682,0.917257868784636,0.848018860864338,0.834487206681748,0.907245829995578,0.644026656649676,0.580041383750043,1.05008598655949,0.710111225354475,0.651091515989937,1.09676362407163,1.08470156907325,0.621262641309834,0.667164859612737,1.25134341277983,0.75231250888659,0.826369980677265,0.932861243841859,1.21956194228506,1.07281566585588,1.27334055579751,2.6192117116631,2.21215581424126,1.93178410999784,2.99533195077551,3.90157482916397,2.78246490595266,3.45282209765509,2.20508354466897,0.487374843522871,0.531780905945356,0.401394613347629,0.529355440789211,0.545962627471541
1.4597594650263,1.14594840190767,1.22740614447033,1.23073547708193,1.23192766560346,0.98393560423824,1.05319291582908,1.14943106657849,1.0366592143481,0.892644448404808,0.687263731283755,0.694699884516509,0.845157906240924,0.79894137437809,0.908716792654896,0.961785230723539,0.93498783301887,0.974255891977303,0.951693966901092,0.801547610427774,0.785421417354008,0.745345902444306,0.662360884106949,0.734826491772945,0.660758406159084,0.826363966342129,0.689957592110818,0.698470209391202,0.600399342362663,0.69138601511843,0.664972717790805,0.622978685139611,0.711155882182456,0.661881579753456,0.64927012795107,0.685508188567862,0.879157379362584,0.868954957306265,0.727867907041337,0.93730224805504,1.0684439005348,0.927238750849315,0.911076955571958,1.39132284373076,1.25664056557108,1.18760190236967,0.971136893166685,1.18591879152017,1.11581247462465,0.817578824317289,0.801262871319951,0.889758950518077,0.99533547625059,0.981904524552787,0.998343244557872,0.955618001562265,1.10789142435076,1.1951130773595,1.03979260030951,1.22003929761723,1.06157916831539,0.820901091596336,0.806025234245003,0.81967632031668,0.673089791077755,0.589232600832376,0.573875940346178,0.573197098362442,0.671071869932521,0.554271615153129,0.801458028176322,0.820071405940406,0.73091343599667,0.954530342522058,1.38490011827042,0.873749285747943,0.995129016098199,1.47806319109031,1.17470796601809,1.30893049686909,1.80466582299361,1.72303975763773,1.9617822469902,1.95321906030712,1.5397855546767,1.50528509355289,1.81220877159916,1.76487469521921,1.03105730228989,1.1324679510193,1.11184963096829,0.849640387137649,0.805273314226453,1.2209755165269,1.57628105709714,0.906787004384187,0.885588998673284,0.895082681069053,0.804033206094403,0.76689450769013,0.924071247527404,0.804408433707626,0.660826280266235,0.785993940934586,0.934655186049385,0.679593532681416,0.666769203048829,0.84049119982214,0.616932492802644,0.685137555343757,0.762062342671959,0.644407022983011,0.790144554158049,0.921647859139176,0.963712433111428,0.975140947323983,1.011984338134,0.982607946802526,1.12185253717111,1.01377425090239,1.08924359488391,1.0529785375564,0.895212893100303,1.0015954047759,0.938007076893895,0.665678149352919,0.81882870795793,0.816535476573988,0.736112617201888,0.898009785264281,0.891838320580715,0.888115819660832,0.820606559241483,0.849877671728704,0.996760304748092,1.07833084649281,1.24086373136473,1.13934339487676,1.14996471683783,1.28883119961231,1.45551933851374,1.31560287765886,1.23581446018433,1.80806009861143,1.65957256596655,1.53804226962388,1.86844399872432,1.90436650547803,1.62568251281674,1.7401659081938,1.40701742677513,0.63775698775927,0.558728364862925,0.641462364160871,0.734374013428286,0.617413720314799
1.19688415284737,0.912163114673346,0.788886154500786,0.753849356125971,0.713661271525043,0.759469057415746,0.801726412830044,0.732176016932855,0.923141198416536,0.730529998322008,0.88041714756707,0.905887745427675,0.953597669971666,1.0226973696996,1.26271121138285,1.27707720290913,1.24154346700062,1.43498862943135,1.38814637613528,1.3089674828002,1.12241373005947,1.24033751995065,1.02882581905108,1.04124193978014,0.902980314574576,0.903135705180723,0.725030374082004,0.645579719468206,0.68635615591192,0.727245000920653,0.696112251402841,0.750313006767782,0.904615876603438,0.700191907275469,0.812265607380489,1.01343824747575,0.996008200962987,1.01711031642482,0.862279652836653,0.90497515408501,1.19225149752514,1.05725113726562,1.10070136148092,1.29244639480313,1.18779765789221,0.986524755371093,0.985307966398568,0.930717361384426,0.922408052703438,0.789243552169643,0.526125169698572,0.549911049230177,0.497151548586578,0.551033118128887,0.837547815917552,0.808729478086236,0.855012648157005,1.04856100051572,0.9082427176972,1.21065353489379,0.85049356611645,0.871027432089808,0.952472322911476,0.815561075900292,0.860214703103205,0.859674458201884,0.805777739119664,0.745675111864882,1.00301472675685,0.977973056068757,0.841661692617599,0.947419489848897,1.2262353490567,1.06428682099239,0.99959385355599,0.942192277700723,0.958457293732097,0.920446142976534,1.05562579401289,1.17267590532252,0.773758623968738,0.806279618541826,0.904702538820766,0.840183289923272,0.879162598215799,0.96838399065551,1.02986093680292,0.800767933492055,0.861462926696386,1.03188273271154,1.4719636041986,0.934135600857365,0.99316901424326,1.42866154174201,1.42876916766888,1.07079397153835,0.898178703518691,0.976350923116187,0.964133218962426,0.917793944064295,0.865858293274013,0.763353786852294,0.77483029448678,0.633093406366681,0.756396766927075,0.823658016716181,0.726639295838244,0.731820959808947,0.657945501175721,0.673150023501642,0.705764611352361,0.686199662135845,0.799618872589398,0.90030586386292,0.921460289259536,1.31759376851777,1.14239634480587,1.24425286328033,1.52198796499799,1.50700406600218,1.50038481513879,1.38528198019492,1.22766809821686,1.51421749410551,1.33096670564863,1.16321941772137,1.04347440346773,1.13030691543573,1.21192238285663,0.903297918312042,1.02871551118912,0.825151962435499,1.00717127495088,1.01291745869532,0.781704497289848,0.897370435402866,0.922632105136754,0.908759131824662,1.01353121561962,1.33984188477608,1.30175048960857,1.18016302699374,1.38153874974339,1.55383215760506,1.39381309513998,1.42423521479963,1.6574950732228,2.10570630382916,1.80195426440825,2.1346102952057,1.59239657797173,0.734482885013138,0.611006103545361,0.701339876364524,0.717252966701514,0.649087613972616
1.31155693629475,1.32175397823464,1.81635392711612,1.63452861137515,1.65285052447373,1.30058335457328,1.35875952221177,1.5798548117418,1.27582838716086,1.21967949741782,1.16540741547855,1.19606711211733,0.903722359582264,0.914253717581139,0.946640944265889,0.978687753626532,0.881791927552478,0.870559933990775,1.08615207877113,1.03395477514646,0.781918706096659,0.643439826878746,0.681237386576551,0.60443870258296,0.605241681301279,0.660915578181166,0.561483622589818,0.661709470525469,0.608162572144987,0.693714250876333,0.661956875362572,0.862795938460218,0.959800589825998,0.812119165477442,0.945019682138783,1.14745694927376,1.25251463696698,1.60820657897521,1.31884882736491,1.4009356957612,1.76273357407387,1.44001480503858,1.61222913430142,2.03440167657247,1.71729931015583,1.63748948250606,1.63005536815612,1.5466991385528,1.22870519878265,1.09801204544678,1.01631237658336,0.94273338332849,1.14857997784448,1.16382232083784,0.9249911799795,0.829392869479796,1.03966605860059,1.19021523675456,0.847015777601397,0.973593155536052,0.861440290494442,0.764879585246394,0.749020457188442,0.622155980069101,0.571386680947842,0.700149571634034,0.481886073338658,0.481399499170833,0.502933358240767,0.394803839137072,0.463539595534945,0.509636816087317,0.737606768931427,0.675249460662154,0.631872322708401,0.67748635652103,0.721128202606565,0.815725985396132,1.20272165782951,0.685138294464295,0.834460511221735,0.691344911586818,0.718047650799676,0.778606603766158,0.66204304950516,0.586169635008884,0.63886251553977,0.725209336133869,0.525546945357014,0.789462546116971,1.01705243178759,0.599963814617758,0.868477368368356,1.37837255669345,1.29357425945448,0.61081424905643,0.833660784858619,1.00044328435672,1.01646880254759,1.13685141493319,1.0831991622898,1.23043943430097,1.19669456287862,0.91779422282186,1.17252661572705,1.14780942797926,0.96209803542129,0.992588451793691,0.935969302759648,0.698896242973846,0.766982690709503,0.834403337680648,0.682789564842171,0.664319996337908,0.628084870997497,0.793907521321664,0.745911235518794,0.730030520997615,0.6404019539882,0.76146746775699,0.852147142003276,0.709861001849182,0.868097646164926,0.827148140908434,0.751533953690621,0.947488571279608,1.04037541245309,0.749225727495202,0.882502395136171,1.10828225445203,0.815338756850771,0.70568373349076,0.840844724502863,0.788715786033689,0.852936622781515,0.782080354526024,0.616555473486573,0.668965515681146,0.814465955247237,0.666937980319674,0.975132993711779,1.02881571946727,1.63531350772662,2.06766760569165,1.73392962327126,1.63327935362344,2.29249531732987,2.95720583619062,2.23303293279519,2.69841897116264,1.90762785582704,0.355224485103545,0.525692576382195,0.841676186149764,0.796950376598606,0.781575047392894
1.61958998450098,1.34101801556873,1.67773721666749,1.6694145538171,1.62368473419575,1.11303345591133,1.12973832281355,1.18553971798379,1.12117794115869,1.09417697662303,0.639543263879453,0.591168968534222,0.856934063235581,0.727606017787705,0.818433985933709,0.772268352457818,0.712625362464697,0.842231217998742,0.969212839648045,0.921456494786203,0.839617163153099,0.806867103004652,0.778884930046876,0.655608933872137,0.621091286618484,0.627213003600755,0.533280790264215,0.529233485954255,0.514601317171957,0.75496221053073,0.60566851354399,0.633553760629845,0.914566915404521,0.749956058050462,0.618167027866538,0.65579956840549,0.569531281406555,0.634019309432081,0.841067058982268,1.61804433788621,2.08508917788083,1.75154433483737,2.02233249211529,3.01631537689872,2.42299927137352,2.19972398636563,2.13902092666371,2.77117106366615,1.47772066479864,1.63225845934156,1.51812920171258,1.26273223797197,1.40992101356258,1.73072278191932,1.27906249051861,1.1499869459442,1.35342960305054,1.24693279149957,0.887683689745911,1.02974834190813,0.930192667038943,0.647330466844384,0.781487039417212,0.764047856523936,0.638430025169038,0.796072411463834,0.795336869139468,0.610563045515558,0.721342476082848,0.814542874677701,0.77238671249887,0.891979600541557,0.952517050175884,0.839345022594334,0.915887892268376,0.847709830210095,0.709915714832717,0.815747540695144,1.22534010285473,0.813503567592817,0.870794261273656,1.07386034935648,1.00506404844748,1.2001130288175,1.03971717450768,1.11027373860674,1.0761365912087,1.12900619790594,1.0148556799932,0.856943093540514,1.04638856979865,0.961118332097636,0.901520168756732,0.958318909520457,0.861234163803921,0.870850767273854,0.986824676922185,1.04944949282244,0.956369875150154,1.00810732872275,1.17323949335232,1.34766577856729,1.12305520518072,1.1451842000684,1.35417163774177,0.968886851117715,0.902338133850217,1.07912661849803,0.879429350172797,0.7661070676274,0.795315182906718,0.727631006740459,0.690119938600063,0.659865292363063,0.670259889698604,0.857950333953707,1.18261739974396,0.902623217146696,0.930454520645633,0.916684842111699,1.08984348426949,0.817719273335864,0.819414083546326,1.00121822037284,0.710018624705073,0.684678910789026,0.753467431402167,0.606097142270137,0.675439723752285,0.670796250913899,0.586359732293176,0.765161647272193,0.617372751818115,0.775273403750709,0.791117021807662,0.873768494123971,0.713453297504981,0.880798490627052,0.988802436684212,0.867499857837516,0.974375764297649,0.982389251364743,1.02935116100376,0.847525592819587,0.987649155642682,1.01432530809291,0.898603181124523,1.00817360614963,0.920646649576335,1.06589067007012,1.14526595079369,0.684809447448775,0.684041429601235,0.81282712550535,0.81467887296465,0.792944986149702
1.00212924618528,0.948035343475851,0.977994491197452,1.01715086693724,0.722123844530888,0.827696915467846,0.830501802176755,0.693035030481294,0.728296164874452,0.711733366209204,0.748006859129244,0.538608333594496,0.616549011046582,0.843254364012434,0.901796331041501,0.669718742263692,0.760294299021647,0.792481989847254,0.57571086211257,0.553651009042184,0.795444571042314,0.843563466640979,0.67810799449697,0.705804762320201,0.808215254968249,1.17677663807808,0.719771503774469,0.631566211346264,0.772898528714188,1.17703048409216,0.984829783673435,0.793936655293196,1.2331511016232,1.36396350634735,0.880708285443496,0.923221925193613,1.03450706408927,0.914958893529984,0.693099819603065,1.4209321436337,1.47850070258115,1.04127620246509,1.29880599855734,1.92512614037874,1.63314655669457,1.56760466133155,1.49949079585412,2.16204829434621,2.15824626941334,2.31415588114155,2.71536156294018,2.48589954119083,2.89624601283722,2.62328245935868,2.16282794226221,2.23952394224902,2.39712819679184,2.10556126998851,1.44867969598847,1.53242145390713,1.63131667454641,1.2674467289617,1.12023506179074,0.821549700535287,0.886641857424258,0.760882475674645,0.593929549285469,0.7905601665922,0.795394625783799,0.964399407824877,1.00110928127039,0.910800768124203,0.959916792084591,1.11055156572479,0.956233808453675,0.969866318984774,0.995254428073264,1.11070612847051,0.911239326332677,0.93632819086897,0.816964633539536,0.82154932315118,0.908447449691855,0.970621816124133,0.863202705596924,0.948057222036318,0.856910186282655,0.804314469542257,0.640402074977995,0.783650578834518,0.833056519598737,0.535509130328354,0.536111070408951,1.06635271470944,1.46879536408273,0.545363037823355,0.563438328114038,0.417188501325774,0.458276378372284,0.505600076433864,0.542238749984782,0.558896883419685,0.507063676845219,0.590879836405353,0.559661613430073,0.569647957214487,0.549870888831591,0.634318871420312,0.518325963896645,0.594658654120338,0.481468689926335,0.779561121751802,0.709297592776839,0.754234721308216,0.725720498990566,0.859965215891722,1.04385610698576,0.880672332810457,0.96856419260035,1.02030282641946,1.23238324427815,0.671599576773725,0.903945642969463,0.761591845769426,0.648168555123238,0.740416038586189,0.692163440779916,0.601154479822256,0.713698735131501,0.727573034087197,0.578235550847824,0.631600409955086,0.75081775453164,0.782721375722645,0.695407748607656,0.824692135591212,0.987025638044063,0.807441229761926,0.798014368721895,0.797290253843321,0.60539846626988,0.695326952286676,0.914540890485148,1.61325617045144,1.44000600587875,1.30826696345224,1.82808610747087,2.01246307308716,1.58498255448797,1.81370843093485,1.30126667320984,0.602834383417865,0.569596476167848,0.62929237460074,0.714757946035614,0.636303593172852
1.2185426054098,1.12692685601066,1.15080425694039,1.12803941339788,1.16294752873611,1.12355834858859,1.19662185749668,0.946733136262745,1.05266653107588,0.948689841930333,1.06426553920605,0.669346700562833,0.836047868135909,1.01811351602475,0.78162799433279,0.596495214200346,0.666238974977229,0.675706837930272,0.520575404452829,0.578349538006713,0.668908024300382,0.779768003136985,0.611005863992932,0.613012148517373,0.686690424589337,0.85273900559986,0.525537354867104,0.550653804693656,0.644554862636367,0.871950679626736,0.861327213020862,0.955142987651231,0.993154490348098,1.12078307519402,1.06835460386818,1.14963816593569,1.31614415671799,1.3374220503324,0.969700975096668,1.3650606088985,1.63180467138383,1.40947049556391,1.29234117805269,1.71607964286978,1.7023252861067,1.54845764865758,1.54653990972353,1.40348263558908,0.953661153472702,0.813623507971677,0.84510056936799,0.808221119935783,0.886081827924369,0.889045506058052,1.09383289143234,0.976111178039291,1.3338038991767,1.35535491112967,1.42852429618392,1.56275295470054,1.17897433420011,1.06387830918671,1.23399905930912,0.963103851783886,0.812391420114335,0.930478701917978,0.704206028270388,0.658409880025197,0.748957332669116,0.829145463484016,0.870867964711416,1.07630131805961,1.09475995407982,1.36045621356396,1.27964214770797,1.32415407958099,1.49866493273806,1.55145519013048,1.48567821552112,1.56743326362984,1.52898016051024,1.50693438724165,1.38950893021647,1.28165452950978,1.10716489633689,1.15875538670035,0.957603830527144,0.807307515844023,0.654207155858599,0.926813983571159,0.851292704320956,0.652518527348902,0.709916097206653,0.86773286622044,0.946420221198775,0.75309958465557,0.747306718711545,0.839549822458029,0.725539980612811,0.668232138487171,0.731280687317723,0.600134550387755,0.734260823272691,0.59447207681123,0.736854235607106,0.763701310124823,0.6263474001291,0.617305554838345,0.599378523527093,0.693079036043725,0.641770754088669,0.789733506108073,0.665961441114043,0.690504224329747,0.700285587451024,0.910040140337942,0.818743176230484,0.668537808681708,0.822410785410018,0.987447347771552,1.001074255483,1.04508211463229,1.06002324265039,1.35431190863739,1.39029154018108,1.05575282961602,1.0116609190199,0.957709803662601,1.01377209325405,0.998592548847495,0.933397551534032,1.00874366355894,0.852220344224073,0.992424717136395,0.99955619317735,0.970464227230804,1.09662755029294,1.02396068781097,0.997043075944077,1.19102049953221,1.13145118821601,0.97367402172891,1.27426858787274,1.52898061004709,1.25268837761438,1.30766243269881,1.5738989316184,1.66529380074343,1.37365978703813,1.61087264942366,1.25978685115078,0.512177058968736,0.484190453901029,0.561054119488578,0.619958076897873,0.610445472318006
1.53651872860826,1.36024474481485,1.69785668643776,1.65213620776112,1.4183353978956,1.18689684564391,1.35210855192187,1.14002690524524,0.945710664449138,0.857002474535534,0.764863519763058,0.605022319972323,0.556140419797952,0.706346212448431,0.673407269040842,0.692618785029798,0.657409722474025,0.635455039103201,0.565108371541394,0.611844565884801,0.59932935706008,0.738034841428121,0.554596452214272,0.652451850804525,0.578334794011053,0.990119856964818,0.497710345806146,0.602415672155282,0.464167396014941,0.868365064460251,0.706710049192297,0.661930529846006,0.987236066360411,0.740891143811522,0.654963045534392,0.743119203674414,0.834183664726625,0.926365945815632,0.787870455710564,1.38784133100994,1.76651964264994,1.46724497696119,1.71715931322594,2.49831122642449,2.14136591667517,2.21065788979711,1.73973649302194,2.1668315649112,2.4539249687313,1.71546433627861,1.92162336194567,1.63562435580265,2.32995651051146,2.52332939801674,1.74638537466118,1.78410720455422,2.19436417169288,2.00676469570121,1.49201492183952,1.87705664570257,1.38505310240635,1.09406815069399,1.14990526799143,0.951248572912337,0.745724576681295,0.737094278881411,0.622741283360505,0.61156367819077,0.677033092392971,0.787361901735904,0.754380310536442,0.866925592953275,1.06955833452815,1.16664817746881,1.40209036483605,1.16622178477067,1.31962864069681,1.48399722671423,1.61766699878607,1.4595845065612,1.60815336810481,1.47561600795571,1.29154014645723,1.25676011694846,1.33031881060303,0.972013490698397,0.717244683035127,0.800061001871268,0.649927308588413,0.637977273375225,0.718363603424429,0.693655461121687,0.698014411884484,0.756698092161682,0.865848541960228,0.891995882960193,0.80810545598985,0.773893590022595,0.805403202204711,0.874688458666161,0.798679829010159,0.84087533580567,0.825132983279618,0.776843801188733,0.988379244946519,0.803951996028852,0.720439945342172,0.813973015537058,0.687323132979609,0.615937270210889,0.68781320528993,0.732892572119194,0.780642131685288,0.645742134661158,0.628256472986444,0.618001846876942,0.539352216188416,0.538956218167837,0.588313685955071,0.62573274119076,0.628086978346904,0.64415926749357,0.623507871241507,0.62104164298938,0.685143736562939,0.921885655117888,0.72509678202945,0.632985079146004,0.705346524782895,0.928702406280704,0.671377159772259,0.78811716207049,0.946124705251838,0.936468187588547,0.69241073547198,0.587300652412435,0.81475029153961,0.594977950327132,0.65702401733645,0.532059237522275,0.694439988250489,0.614108607158029,0.942950705401715,0.945909818449116,0.823934374435751,0.88083085141381,1.02421019273929,1.21054029287042,1.05443268633376,1.25099241578666,1.06617366252281,0.620713625215897,0.597297844969372,0.65774660741261,0.648386358994261,0.698617926103713
2.66737157386634,2.14184659002822,2.34466138759097,2.36584393961671,1.90931659132448,1.58057629943031,1.60338024557232,1.64284811531877,1.38753096243555,1.21148929985047,0.795213173584673,0.732573484462333,0.905883273794981,0.814924899405266,0.772890994141001,0.964149953268672,0.794622671644005,0.790562950874102,0.744448143978651,0.687937887665765,0.665010583164448,0.776591343728342,0.739988839664937,0.592765535879772,0.61768346780005,0.772397961219352,0.751826105951516,0.48860664004845,0.606022893126429,0.572748144827911,0.466975040908706,0.529411525964773,0.662769058673498,0.534909360518933,0.572827410576128,0.511759603567743,0.637139689829124,0.73042632903929,0.665103886169781,0.77145092921026,0.989491184756627,0.889291351040776,0.90348303122987,1.06764677437974,0.992795548161386,0.852710665674476,0.948122761710668,1.10473983217643,1.01405037324902,0.832715791950475,1.01045828568962,0.986877427043168,1.09980808724694,1.08660608758975,0.917401540574639,1.00169127047984,1.0665455988359,1.0608038374492,0.995253622909497,0.861880417035015,0.845857797876483,0.814612200790867,0.623429118086152,0.632163608885167,0.60898379269538,0.661914126288219,0.603004664529103,0.594319819885454,0.713411488517137,0.845072601156163,0.903658836358452,0.877238883039294,1.02122619044241,1.07167734670865,0.925067199736165,0.836873863172384,0.946183937905664,1.016580547953,1.91860974439252,1.38931328391539,0.868333755678917,0.947710613934068,1.03583345825378,1.08491255316738,1.12512523363706,1.04063110116846,1.1687850263398,1.13599181139273,0.861645039724098,1.01017654486597,1.18748725133556,0.892568704900353,1.07925227138131,1.27229524544444,1.14961918954383,0.811302328756693,0.611489997161721,0.776651380249863,0.862904938562764,0.98774194372984,1.19712775379595,0.847170245428774,0.749525947668872,0.80277602070628,0.766696830535808,0.780946287870067,0.604119396044305,0.634337290554373,0.638990662849641,0.624702297210879,0.536908115214685,0.709507773543926,0.882863754217069,0.93963660575692,0.916697422890731,1.03370487591519,1.24114950459965,1.12210480166431,1.15111661363305,1.10821424652558,1.26104771751628,0.998203137282569,0.999442815325622,0.970034494827462,0.82705314783423,0.768295345509908,0.885695359066057,0.800073085391431,0.638401178452713,0.826315140046592,0.893902144424382,0.957561748059025,1.17905820830287,1.32717592430043,1.11384730468742,1.29898148179784,1.48980264732365,1.28859450087528,1.36470887670108,1.65617018423515,1.50867039089909,1.50183005935055,1.58262136485414,1.69466500044826,1.44228152912549,1.36701791081601,1.48191872834258,1.72179690356555,1.39511751024304,1.45777974897349,1.24844127308563,0.827817730593084,0.759254123346688,0.725200180887409,0.734049144031728,0.752359794382405
1.45653021293647,1.30778876198179,1.40504982106996,1.32304119589727,1.23529486361737,1.10141716340199,1.01607148069026,1.07588972156128,0.907167827554753,0.963809931334313,0.73780962726211,0.498406692989859,0.60435391461003,0.726710065782692,0.765507124531887,0.630472905050518,0.699708503203251,0.751359127246665,0.715833175090019,0.682444276977978,0.672698299217067,0.609165167951444,0.762633503123879,0.603539885338467,0.533326764698743,0.741538158371653,0.659126004622265,0.548845208826127,0.691480265617961,0.832774297686007,0.638748907303653,0.668177673178363,1.1243551962432,1.03054964818797,0.729559178942269,0.677478812961194,0.966416242198829,0.955886344962137,0.839951397934766,1.58500282083082,1.91115277248335,1.70959221635299,1.78814966860575,2.23231997893631,1.85464393440623,1.70313326161684,1.88830189137514,2.25443394236959,1.87062549105101,1.55613438623324,1.65871212093668,1.53918087610854,1.73837182418756,1.7164932484937,1.33958622691055,1.22552473435846,1.35074689820367,1.14918216698479,0.911918607096861,1.2195416014411,1.25413469530736,0.794272832657886,0.593924357718166,0.87206023125776,0.571096251207393,0.500368519954363,0.565315581910426,0.661089172800922,0.611048454773784,0.723625080799123,0.662545814648005,0.68296811192105,0.663148563378693,0.992834106703392,1.01052354581924,0.829257363528373,0.924244212227656,1.21311116999261,1.13815224400553,1.2476152367765,1.18369354489729,1.17156487658965,1.24414748647362,1.2113792595624,0.983044379929453,1.05772142613039,1.26406834825115,1.1193915231143,0.913260471613564,1.1057103496321,1.3101362986991,1.22141808507247,1.18147748147927,1.37153314519971,1.49337114588506,1.51795555966877,1.20265433778937,1.27241943274342,1.17827068674906,1.08537534443339,0.777242775441872,0.661039123974598,0.767588120469425,0.70552637396328,0.710996633076078,0.816068293987802,0.700967648188934,0.637541323153768,0.601644670512191,0.626539758605734,0.598766893140251,0.729667516405511,0.703953459413618,0.619164902416962,0.655519589591586,0.855255983347041,0.671145331042404,0.64772099725323,0.706368812493557,0.918192299395522,0.765164124155513,0.792241858103713,0.86362063760415,0.985549235855176,1.05074725386257,1.04797692207877,0.901128757115992,0.886746261797474,0.953609093019001,1.02889961720477,0.871102900284674,0.847987123318763,0.91925991168947,0.936209247763729,0.713378968797027,0.873083933696504,1.14061631551749,0.86731186983713,0.814165784471702,0.755989161678542,1.00093023541536,0.972952302549196,1.02585468035449,1.00095392615945,1.01340040717399,1.12056438273884,1.21590177723777,1.23429185969286,1.33973689437089,1.36617146402256,1.34177488064414,0.51476640063292,0.558697926877944,0.767640679495,1.03316809273037,0.673899855737348
1.74960773491467,1.32904539476765,1.41046199889028,1.37941635358566,0.836770432474439,1.03727203623273,1.27352361092295,0.851869841406018,0.675203875209877,0.918683967192488,0.908067932405459,0.802625107254656,0.825970544565458,1.03341240717751,0.960023591234809,1.04035434917832,0.927437227091456,0.912852528754516,1.05259887269847,0.889664723891187,0.784377207336096,0.673586305380448,0.597802472122911,0.599499599022095,0.682514923297219,0.776282084943702,0.57663089292562,0.544870021446997,0.611999329649374,0.675162521463071,0.707895129775204,0.739010014097041,0.765789554083359,0.561760523864674,0.880709588314847,0.881906631909491,0.538462944188125,0.532695326462542,0.739096835211785,0.679567188429109,0.661585037440023,0.689753278043061,0.68121914970634,0.764313738154927,0.946481214506584,0.906403180846126,0.698676467768001,0.867502607825634,1.02432016749139,0.826417009115007,0.918140453449848,0.882567994957975,1.01274557218276,1.17167426886405,0.839217748861746,0.903530730905748,0.935043368059151,1.0041564965106,0.865064964381584,0.965366193930754,0.838284166803124,0.836993377898481,0.876865821126589,0.768264381387922,0.773089029321669,0.817345281148673,0.955888771896012,0.836855895873069,0.780624232582344,0.862160044902737,0.823862036357823,0.997976514737202,1.18942118258932,1.27819004020754,1.21880378207463,1.22422612981026,1.39096581272397,1.45483467675141,1.60004471683419,1.85975403370449,1.4859302319059,1.44878519860423,1.52295380627678,1.20468449340031,1.30713403344327,1.20868028058658,1.15910121413327,0.884819738475713,0.947511676787697,1.23351552942419,0.968679380025401,0.834069903623187,0.8323718241899,0.852784298067022,0.905393924502509,0.750847637845741,0.731682533674399,0.639212919325393,0.674041723485623,0.564718295225899,0.941413087878035,0.807540731373375,0.773177208846671,0.986602994870429,1.09768021358747,0.855075876534344,0.826294825586699,0.943897825009801,0.928103948470617,0.833067533805649,0.758473573163897,0.627278730705615,0.627690662356815,0.626098823463935,0.762573982290728,0.729559932737266,0.800110005499903,0.719951604490146,0.883426415025981,0.746746209364271,0.753279817544586,0.942147779641209,0.752980828345409,0.748387741058222,0.717294596157968,0.563211742741673,0.639301446779744,0.660617067984113,0.664518147684866,0.778629421236582,0.938569594343335,0.981937614745624,1.30939657712735,1.22359034919215,0.949250559401895,1.1747282405595,1.67463484064335,1.12699593345298,1.55593044718409,1.98310770628744,1.79683556107522,1.56524258448555,1.68147240890488,2.19290849630555,1.90670073626849,1.666415937172,2.42471492432231,2.76247167182159,2.10075154031659,2.54240701410267,1.75707069483004,0.739910343261043,0.746226092225922,0.700657098196872,0.748757883039027,0.784152537990451
1.20345789032781,0.957903684139818,1.21149953382225,1.17517513169896,0.542181270756821,0.797846738527269,1.08689936434725,0.678738024390146,0.668046611168755,0.753722432882796,0.739412718819164,0.708809286944029,0.730501029229804,1.14622996119893,1.08855918948489,1.22336619270612,0.933873417820964,1.03463146757191,1.0142206400687,0.944035736350036,0.80951236608645,0.939780229368622,0.814279989814777,0.747656876504684,0.627849896680781,0.731515895482043,0.559423806530311,0.707624180418861,0.611034417363789,0.617966360854091,0.657927566404551,0.846050656015715,0.799360620843969,0.735573512769736,0.674511793430152,0.817640200537154,0.666686733599867,0.915545031544469,1.02404032670201,0.895174673601002,0.922150728694093,1.01807185338759,0.92560274284127,0.887957877826226,1.03285824220749,0.917258660172118,0.95901375267691,1.16848074688815,1.00349671283119,1.10261018961581,0.99152425447104,1.00970056828848,1.16451615596221,1.12808005555723,1.06087469045827,1.063946608132,1.21442969532764,1.39155646455264,1.01088628933132,1.0968443510004,1.07653437099241,0.796599061929743,0.829940889759401,0.851813776265026,0.77549348592411,0.696182028571072,0.681138414440403,0.69339928032652,0.638135264558983,0.707685396857579,0.745382710851778,0.7875978513701,0.96234282360901,1.09664742382233,0.934439458632587,0.850877647932765,1.04978782525264,1.17511007984379,1.36527168555122,1.41495484907445,1.0635602736288,1.04953566723245,1.13266882696757,1.11229367410303,1.06952852227467,0.817591369672646,0.86949565119681,0.911312928530734,0.875735958434929,1.28422394933937,1.04308174336672,1.00025756036989,1.29206264367525,1.70426146948718,1.49889486960027,0.781096039068979,1.06530431260647,1.25041900159795,1.17616362210147,1.3364611250882,1.52972322978268,2.036180990193,1.60266389086267,1.34404045635047,1.4969293981181,1.06470947413009,0.824239862137285,0.942351552571991,0.801767785531709,0.725328014172353,0.708038652633684,0.604969509251727,0.711916429047409,0.621183630847413,0.757992665483592,0.839938849394822,0.774041487075738,1.02000355597987,0.950913958157628,0.877696637440721,1.09553427247208,0.775141903946492,0.674618096705016,0.768176661120247,0.738665868612798,0.522562687632628,0.675720256605774,0.731388721356233,0.330356647339007,0.468306735830315,0.630800300090471,0.445699034234935,0.929622425313007,1.11147661415317,0.81343647338428,0.974683554784049,1.2001682971773,0.967318301016748,1.36812493861603,1.29785088714125,0.946174571525272,1.15020168419314,1.55644860871417,2.03159681469447,1.70648569936265,1.88764855044363,1.9989184672188,2.28183755562111,1.80644777035901,2.19054708812141,2.02575882600941,0.731041484728285,0.812929120181716,0.996663788752128,0.885434745220111,0.866172887219088
1.40923137061087,1.23949494249611,1.35214724441375,1.35225434781932,1.00326112640118,1.1258190641243,1.19188884056108,1.04630697846961,0.963004265712725,1.02209917905647,1.06965886127597,1.00076141381473,0.92003015915919,1.21718272321741,2.06404443669762,1.8651448815163,1.5060104660993,1.64056730664305,2.15908821777354,1.97818558912015,1.3548375368316,1.26287408042306,1.60271863611429,1.21787800622553,1.07265572701206,0.851600429151179,0.759074598933035,0.670704827923072,0.950532912682817,1.0714597564363,1.13740773315278,1.08782642281264,1.15337925793994,1.07956846743376,1.20845052089145,1.34194382253345,1.06024584708195,1.24951737847776,1.20955550883148,1.34888738643459,1.32653703097623,1.06341983942639,1.32612172018711,1.80683290532692,1.61773741171196,1.42662783013837,1.25289076239977,1.46864580822729,1.29144914874226,1.15084691084061,1.20029811370155,1.12224775422118,1.13785819614334,1.36300757548177,1.09784490443195,0.968774458474308,1.05460419695706,1.02548904960987,0.797561781786894,0.957279505186871,0.932988355633343,0.815507010662621,0.765936193681077,0.812454411044778,0.70903545829779,1.04334839779997,0.649715445704399,0.690109622559752,0.675165308457189,0.616654006543279,0.599986080128254,0.72151054343084,0.815295230047511,0.777402975322931,0.728274130150274,0.799777832669457,0.931355758276625,0.963273308563471,1.18179500506583,1.1569974451122,0.896706242925751,0.792164451152149,0.727556572686066,0.864933270268303,0.672107135131891,0.616870819924777,0.698671874675664,0.610212563483617,0.623761981431738,0.737801787575559,0.710696999545214,0.70738072283117,0.699880854703062,0.716389391108786,0.682862091464733,0.592270080111746,0.795587551315156,0.68902432611557,0.784404789809307,0.720120767817388,0.884324969160346,1.17008253895204,1.05800524280998,0.79072096638542,0.997729628223465,1.38165796131,1.11474800194524,0.91337425926024,1.14116014112464,1.05739980099508,0.923954891602987,0.620501380272977,0.668644392236364,0.783008451857603,0.793614339317248,0.813292377643397,0.932773091441213,0.998087726466933,0.979936787818085,0.915139469340544,0.943098183296748,1.06661247512953,0.932284317985335,1.02609003689318,0.910189628838037,0.886243641227396,1.02840610911504,0.804281052273686,0.795756489586389,0.851925063562421,0.784946979936438,0.722359136196303,0.979104604214992,0.935910347912722,0.75790122753008,0.785809855412363,0.904956518141497,0.718222571604511,0.902845808198261,0.807572434389403,0.674799230977551,0.693889677913066,1.01244749693814,0.993376500900096,0.8818403307228,0.957600855098967,1.02377290537589,1.20312567812703,1.03590775194909,1.26202969889909,0.981418971281136,0.593519234856574,0.693017173030648,0.888026638593591,0.804711501221055,0.818481485000836
0.882800051208164,0.854493244815638,0.907865322367308,0.822951866208857,1.27805013225263,1.10446894926243,0.792626184680337,0.718107236034824,1.17226163986402,1.08413993670528,0.811222944846333,0.966416580786155,1.03757595436813,1.03888596270818,1.00126311024772,1.15807660759088,1.03584143062307,1.20602173060753,1.24877561337697,1.228370247152,0.997006602181059,0.820310303982999,0.842055550655401,0.79807616163429,0.62016613022411,0.695771266002306,0.583487425195229,0.813908197724462,0.566840756819415,1.02865337966777,0.683687376004436,0.6213978399188,0.929595372226621,1.01487583191374,0.629811984754289,0.711782959818264,0.806065466573872,0.898800875686332,0.780657775683188,1.19033655755858,1.17115820293456,0.920307968125834,1.04771566355421,1.2859912546652,1.21509361577673,1.45995990734942,1.22803128678059,1.67312082947434,1.80114881745249,2.00781871299448,2.10861437886481,1.83904905242315,2.25861599639404,2.35416375346456,1.58287113296895,1.46131370537527,1.7682974604458,1.52079911597557,0.899318465690446,1.05046881861072,0.937221427366822,0.807578107238353,0.727736540278049,0.811251271787547,0.783565843304713,0.814583785262439,0.727099467636582,0.749528991866489,0.915759762255959,0.893106253915884,0.985716928728322,0.861708493941731,0.99306618315122,0.745961601767734,0.879533355623923,0.654425202041588,0.553664271187486,0.582545891158906,0.810659002041234,0.748974894511033,0.735124675656889,0.903096567036664,0.888364864022108,1.10139214510514,0.935043373327185,0.841123331528886,0.87823331184086,0.849507420971661,0.961681644133715,0.857563324115435,0.889756383100036,0.995309707014976,0.775400261916222,0.755859268088922,0.86380856878705,0.781335706894238,0.901940446546722,0.780640909556854,0.757588101792071,0.591032434357424,0.54290015817044,0.657121518992205,0.750774130999892,0.646614187499359,0.648607965929728,0.656443999561326,0.843402958045694,0.803191874109079,0.840958966610629,0.67640311803155,0.850096717226716,0.921181253336712,0.802041681535013,0.869673503373474,0.965452651212965,1.2562389710696,1.05450116288391,1.13578603187868,1.10233441931495,1.27163129996929,1.32047079380926,1.33261126179307,1.3864161097528,1.75857554399066,1.76757510923332,1.53744485216422,1.21842126409639,1.37386852868047,1.47229231746644,1.07621252476064,1.02580630328564,1.27631645294495,0.865289773019888,0.857552846559608,0.856729636551808,0.876932562729395,0.778901675605289,0.757188093427677,0.749145542175806,0.686079524457967,0.731735015471385,0.68025535300588,0.865694531865594,1.07397630189902,1.11037563594204,0.941473808572689,1.16308407583618,1.34349924237079,1.10256693229912,1.36788300697684,1.03197862069161,0.896477938272731,0.817259129385964,0.727792194427571,0.927030842862774,0.884879663751436
1.10192426212678,0.949698805180504,1.17468244965205,1.18830301777383,0.783350033325521,0.941119156151697,0.994605992525146,0.991868605002859,0.821585126393156,0.751252004894991,0.722604412148316,0.668313515290024,0.707351557574832,0.893212307065672,1.21870086160824,1.14881832345926,1.36824712718669,1.17897548915833,1.47955279108722,1.56434353111411,1.21678684307529,1.27397356986734,1.51292113789164,1.35149958342519,1.11193886929126,1.00753283624823,1.2036169268773,1.12154305379871,0.98695880251217,1.12428627693091,1.3856835736834,1.10260229899907,1.17572949545612,0.926692679731462,1.08640489831098,0.935534307282061,0.9143955672897,0.949149300091553,0.888967064305827,0.938185130139308,1.03305855690567,1.21537308623073,1.08390709384655,1.19773424299753,1.02702581310135,1.12443075235848,1.01029313961957,1.00996282546229,1.03664998771277,1.029662262045,0.781010669447257,0.650937857698178,0.882957384144024,1.02678348471441,0.951001647068369,0.935152941561183,0.871361489368904,0.930991556606689,0.763920644128535,0.921949195401899,0.900199861693022,0.96004755071527,0.972817511672711,0.702873291658501,0.849233639846966,1.21597278916561,0.829071345774777,0.787338756484381,0.958553625001784,0.907415858072022,0.778768465716901,0.832932842720764,0.926636979037093,1.10842513142388,1.25664898753597,0.930854253161194,0.996308935626494,0.930893965502725,0.907623483765751,0.899355728844498,1.42978714820508,1.25720327061095,1.25688658148742,1.27740649357734,1.37807452294629,1.08182889537851,1.12095418602121,1.34621088009912,0.815739334534312,1.02684118491745,1.25291413261417,0.924601089542937,0.825580122690117,1.22615688729009,1.6331740226112,1.26629941788057,1.00593618574023,1.05853746115812,0.900908743919624,1.12092586867063,1.01788542763711,0.985376595877801,0.711300689221566,0.828174381428744,1.06601782708722,1.07018182764667,0.977140984363429,1.03594242567674,1.17506686949664,1.10091899084982,1.23123125766363,0.992035101532302,1.05638575309298,1.19238460414363,0.966194679372725,0.957336695445418,0.858101997408612,0.816736545081442,0.844490815602408,0.81263509814559,0.741100721438303,0.786384184578805,0.684599101976326,0.740633637980135,0.676720241523659,0.672360200856034,0.739029125293779,0.591885400239737,0.637371042436432,0.693542619230444,0.634602746315528,0.53623967155052,0.658595094593823,0.678183612641451,0.711993763835863,0.534674491055795,0.834159798816445,0.717472333900037,0.595363682188733,0.643474911702932,0.712520851475019,0.722221392306644,1.03880473406075,1.37182620436559,1.26532419714069,1.15320812552169,1.60018755931258,1.804626187415,1.48686455883719,1.65202330710462,1.46366782074582,0.816169741412092,0.791588506853168,0.802599410592061,0.960726043578408,0.948700762687605
0.745198850184318,0.738780798400304,0.751200237723672,0.684117176145953,1.01531293901633,0.789612300450595,0.617837815186266,0.705452047352985,0.882953105537239,0.794392116663727,0.709452627435166,0.661435310964878,0.593019315737078,0.595913510647945,0.630383234664274,0.642774853166904,0.652171295285228,0.671673394254803,0.624973043309904,0.722094076104771,0.674260493380697,0.634609559427213,0.692979591677099,0.67575082121391,0.687677829747862,0.826887912991063,0.752583892061329,0.801643233630414,0.789132535325763,0.965716063299768,0.968034710303935,0.896878766240435,1.1970559874253,1.18006114676826,1.00174363459181,1.11822820931357,1.35394982825379,1.21771151187506,0.946008516283038,1.33906902845778,1.51774763459124,1.03653465992428,1.17119901384156,1.47873404292541,1.2870588376602,1.4475376630483,1.52360749440655,1.67050315483691,1.35241446408456,1.68572285282067,1.56418388978907,1.48076141328221,1.23700782262911,1.35051339361627,1.27673006629571,1.15137979041877,1.08285253921392,1.03995189197748,0.69353692519098,0.732260413395483,0.898610764468393,0.72492620610852,0.597646142819211,0.563047309459706,0.607374593108276,0.6381393167246,0.56326405281002,0.594219059111502,0.542023118786048,0.592256879572129,0.679776996259238,0.677469461215576,0.605594876691603,0.740078442943149,0.764700480929105,0.767094184381982,0.786356539719242,0.86664202086017,0.819163009790795,0.74513059771383,0.780138822413376,0.883474664662396,0.990577579773216,1.14598761227558,1.00177141952802,0.926527857541181,0.931547916408928,0.862534242316906,0.771296098829178,1.32917011055152,1.83427161636244,0.758107526487774,0.901458743323344,2.11791691181025,2.60533837219055,0.723684305811286,0.632612050378717,0.897817795816128,0.89799430107355,0.918703406516032,0.901433831831837,0.746968729802485,0.700008641366237,0.635545043509238,0.691951510376185,0.786386173789604,0.689345466368538,0.636907261591665,0.535530808512681,0.687772508081127,0.592720554079116,0.569386869390767,0.613819437275056,0.572678430604318,0.506799020831065,0.550115896126772,0.562667649179712,0.569454697718798,0.622993718980128,0.638524829850873,0.733077041020373,0.676675952337684,0.762536069109853,0.807456977598498,0.93931364963997,0.875871872011585,0.750724391714311,0.674467570566676,0.727939738294126,0.749737749856083,0.720667762162292,0.768642469310565,0.829302169046826,0.725383698343967,0.705544395288833,0.813077944831863,0.720074853704701,0.737457203182454,0.722944189622802,0.918008295689778,1.22461362647106,1.07474354480206,2.00962325748513,3.21558482121248,2.56583671483846,2.3518850873438,3.56404966505188,4.50544166532487,3.29281883529808,4.1871069315724,2.67352943749899,0.54660446804711,0.54129784260926,0.562498812289728,0.551949644225653,0.549085881337005
1.39330778331095,1.3050286017762,1.17007935051266,1.11873570089828,1.11332590664069,0.97526572953968,1.08234185543336,0.910672822401714,0.882453131658301,0.9600688883137,0.75757002257573,0.763539057532912,0.845732064604719,0.930466867813435,0.971281925611769,1.03569003887693,0.937041270789935,0.977223355153414,1.04948117211425,1.01877706813047,1.15193929348603,1.01241844602678,0.922087528802597,0.904940153420713,0.858866854528282,1.07657070354866,0.806581260752917,0.695785232585452,0.575167778792664,0.793239043114407,0.711924396870505,0.538549421514188,0.928139446763624,0.849178258113466,0.50747721025561,0.536618311313311,0.554295046164739,0.570351788895938,0.581079958661989,1.38499854236976,1.57103564720158,1.20255959194846,1.40406371992791,2.16644966005811,1.80669721432684,1.67283726063628,1.68971782214583,2.08470700063925,1.5821260373937,1.58263568262388,1.82391514101142,1.69363094969633,1.91357520009421,1.93181602638502,1.43799908139333,1.37069390911065,1.60637804273939,1.69986834315396,1.48713779268284,1.5106485588048,1.20335883704439,1.11031849045434,1.11609669103637,0.838526041870722,0.761258988595451,1.02553596727004,0.885052805169161,0.873755421207979,0.788903535162821,0.921124708865916,0.68778591382999,0.802014856024593,1.14633890367865,1.006869535644,0.997466384356633,1.06974542059772,1.03976644150843,1.04889420114691,1.20912354122186,1.17258373254417,0.794939397062298,0.863567576057828,0.66504936380686,0.513833990042812,0.766349731788878,0.541557238872695,0.381321274778441,0.338166831529321,0.302425239779351,0.425281369071913,0.566538292195506,0.349103404637989,0.49612004614557,1.05838992256983,1.42196710027573,0.393699887919932,0.375015651416065,0.544310949655825,0.575433605797777,0.71074191281454,0.741353240997875,0.775133734144721,0.664750265365711,0.648653661280374,0.870795395468077,0.712345830615033,0.779655591427279,1.04067225223453,0.937517950777758,0.749114098427228,0.807247308028089,1.04553757227394,1.03996399150902,0.97336116151787,1.02440696294257,1.03696122125913,1.3873649677273,1.05993374912387,1.01724763819314,0.934037160771009,0.997077018647914,0.761822570608249,0.922583033156527,0.683690760636916,0.742348323246887,0.873998159975138,0.906884576997891,0.92527126254833,1.02098720660564,1.157337171346,1.07508118274056,1.17165732023299,1.0446890623449,0.988876791638246,1.14064898204107,1.04114600801297,1.04610463577189,0.974520668654239,0.970330257236098,0.968417412282442,0.728205374430504,0.594868838288135,0.938316431430457,1.57938199684376,1.23770950519424,1.26033170989838,1.71043020828448,2.14101138282027,1.57974941225872,1.94970741710976,1.33325161875952,0.438407272978759,0.456515500422826,0.38084014312972,0.384334471476293,0.442295382770951
1.35830158408944,1.24246323037457,1.5039923177822,1.48975087504698,1.25672560900993,1.02492878057497,1.23337047576543,1.0396663044323,0.942239549210632,0.984336606424506,0.805985036221367,0.817320195202369,0.810232746684228,0.975059025926819,0.92906486862222,0.946554736752179,0.80575573027529,0.931788604967029,1.10139661772957,1.01492856901557,0.791105858613747,1.09846751472575,0.762790145841956,0.70654974258932,0.546584583465405,0.917837318459417,0.504060031779728,0.576768051300265,0.582725009295133,0.927561650560566,0.673202890989453,0.799108447227745,1.15289138490961,1.02382485694309,0.830650973678205,0.930552642131915,1.11415617870437,1.16149013253526,0.909013523977086,1.21790186558907,1.30849196731309,1.09978898487804,1.15777670143524,1.4579767022798,1.47095790898717,1.47963616899665,1.33036550580651,1.79277843096891,1.79477688714809,1.93586522812248,1.61988503099229,1.50816641064381,1.89195878350372,1.86434087058741,1.82849723878191,1.79227739511997,2.21205294278731,2.07003082986735,1.38326846454702,1.52832007589911,1.39508121781443,1.05648154824248,1.23147934287337,1.09262080565322,0.955147765675618,0.826346964528699,0.572560480134481,0.581752361798237,0.753133403616553,0.8392327880278,0.932698996439563,1.11204346282929,1.1094522873639,1.18905135118749,1.31177002808379,1.00653502290431,1.03015964686431,1.32536444621724,1.56965489540679,1.22423685573987,1.47800178890657,1.44173535033711,1.32361889868506,1.15442254428859,1.24038969582381,1.00752559044199,1.02970384030786,0.872530079186215,0.94231130194178,0.956473203003825,0.865234057108341,0.743569729689797,0.729779701273863,0.832229667618367,0.587545215623682,0.626618338960137,0.60059614819777,0.77925862250367,0.821174389758113,0.86838368632499,0.961632951614037,1.15508044803764,0.938088432381783,1.03326156334588,1.03510205103194,0.988041383981616,0.812526948632013,0.848700536837226,0.746886673193058,0.632138242986054,0.656815371383296,0.618773567966569,0.56608433787007,0.444603000019342,0.56340967432069,0.668493952385582,0.635214861646746,0.723644071738306,0.713144256028742,0.705596041749949,0.712933146129113,0.676340720104426,0.650106965832343,0.742415868578161,0.65608244667547,0.650305696565705,0.766541423117463,0.601394992413899,0.709232579567433,0.842158953348108,0.684321972117962,0.708320969583455,0.822116595793667,0.88343429978754,0.726748379443214,0.888388344162024,1.04251448552318,0.976851818863839,1.24242866186784,1.32223178864009,1.12168922523919,1.09765965484087,1.01564678952227,0.915673512565814,0.922172207095315,0.955985505296901,0.880392585784369,0.847361933993332,0.770221937353353,0.791667144215333,0.894553277716485,0.647089547441745,0.633216800052584,0.562630789805503,0.597735089206413,0.609973207131509
1.30564074317428,1.03414714843989,1.25812105447475,1.27252167110058,0.946145495085535,0.832360031548961,0.869708593412286,0.920205532209593,0.773676420138962,0.792038256923803,0.751823337861342,0.904050155837959,1.03155172795414,0.995351546691023,1.16975989106629,1.32673058469049,1.24244400630684,1.27743985462246,1.40616814479405,1.30516429184891,1.22296569809283,1.03359167913389,0.795315850302956,0.780867342264427,0.860049394853524,1.2171743472875,0.815197597417039,0.759142020007127,0.599072439136729,0.655843862262687,0.579363405269483,0.569553618616917,0.678067957145106,0.731245618669619,0.614883345688022,0.755451909707646,0.734996066597993,0.841770614806759,0.666493284006447,0.841003325252323,0.863727785139199,0.789387367792529,0.858555328872499,1.17946175673837,1.00160803847935,1.09283555303806,0.908428328366831,1.17884987413611,1.09732375205495,0.774263222232002,1.0115316889522,1.0139820100676,1.15935560190651,1.18185208291897,0.975478939805585,1.17643146067648,1.28281035431011,1.52770760061315,1.5012005282705,1.57834712478051,1.16834220671581,1.1709674840823,1.08922959979366,0.923771062895924,0.821907233373986,0.935229310556509,0.755492101374651,0.781009073028517,0.606114481283123,0.687819530369845,0.753528975469273,0.672630926253059,0.924162766875102,0.827148566793087,0.87064469999823,0.708838894528428,0.782077093935185,0.92873971321003,1.05783056892248,0.987519378996592,0.899591206519477,0.812914825903467,1.1710407562309,1.47421289845059,1.16611228771751,1.12139551361301,1.17780962274436,1.14615275581538,0.941796135007056,1.12151785105971,1.06578738252216,0.928309739011362,0.944723608335828,1.16652515853823,0.853343948762112,0.719563382813329,0.735181880255707,0.658415570518024,0.744766167686036,1.114486273261,1.40213283620547,1.43412330078235,0.948205208400099,1.01002079171745,0.908528173707853,0.900884850928852,0.822716532657727,0.997083159603506,0.781110139619629,0.787840900925149,0.751965806614846,1.08260084587796,1.22664367337714,1.32416939945721,1.28625117988977,1.47345432330031,2.2288569387383,1.6839638443847,1.73368640373565,1.66240816098284,2.02453202876527,0.91084947120203,1.21754228770333,0.95334238028892,0.698421457715624,0.514065759588609,0.650120947273453,0.701126133875652,0.5691058533706,0.81510746694325,0.617415630453035,0.474591298563405,0.696014860253661,0.851607000336313,0.805290488708051,1.00810327600408,1.32115380185906,1.14054241825323,1.36307979986505,1.36067732613579,1.16876116067014,1.19308116691288,1.26587820321944,1.46082499758331,1.28786643937546,1.10103949464015,1.14920263241872,1.2445203202993,1.18085892496837,0.864172332823239,1.03566389878368,0.629062778107936,0.543363212438143,0.641170880736421,0.700184762112212,0.65812573977168
1.43260738724813,1.37284171228453,1.77550982229825,1.73906783259888,1.64090343094067,1.23141600200991,1.29184093655933,1.46196251699064,1.3090365343594,1.13924794459864,1.1095113672469,1.1511080296281,0.919154677542904,1.03659050629421,1.40094439909933,1.36146684114692,1.00288930546788,1.15230321069381,1.4301559290948,1.24687560424098,0.953585633810553,0.838694190735081,0.935392259294101,0.734192048541846,0.768592384728419,0.453665846398244,0.466575460224364,0.571024529262254,0.631374646596149,0.868186923821134,0.707954042734671,0.648827022285391,0.907192916680505,0.934432560891834,0.7298462688793,0.737275365439208,0.785485149772928,0.781605830368254,0.644651495696252,1.32433715076879,1.50477585052348,1.07894208988753,1.24333019381921,1.89705237908732,1.6004165053106,1.56516890554601,1.52576300928077,2.06770486308141,1.48698679864617,1.6712574095847,1.77919995857161,1.6784166799829,1.64175419972928,1.70845061919241,1.17694062182351,1.04217606838062,1.23558955464421,0.978218169476222,0.506027553503483,0.549200876915729,0.730580514401885,0.480591707715127,0.496759531815663,0.498758037710882,0.516882242240286,0.969648596465849,0.57553454248779,0.588960007000827,0.912881542839563,1.00525701560258,1.19579339247232,1.22410655445765,1.35852689237442,1.59775044950247,1.58406737702056,1.55302203293373,1.73178046983647,2.04420395178433,1.76944654814532,1.5324418211559,1.86303690812282,1.7074451910952,1.65594861999504,1.91614191666336,1.73843494794957,1.4315029550548,0.86885939891728,0.764455555731899,0.749558698080455,0.675540017029003,0.643434267501511,0.548638490422633,0.52592904988135,0.971906424952203,0.586320477235364,0.561491890572273,0.517372207673817,0.590742798276764,0.48183396652757,0.473564939061349,0.560215250417329,0.530382136279874,0.483529688166608,0.573795408544632,0.640392647291713,0.744132594731802,0.607775601752358,0.529456846958128,0.52200883285175,0.576934718005729,0.483188815927672,0.494966665440304,0.499514692715391,0.613732874574695,0.688353632131809,0.747132618583691,0.600320238665835,0.713081443328217,0.877232035287789,0.721824339409427,0.892688431507217,0.814176473469292,0.75000149316309,0.947584989031354,0.849268260665582,0.884288012165149,0.962273467801277,0.709594679846107,0.599306288082189,1.0767401737139,0.819544776855471,0.574158375007277,0.720212459791488,0.961418945331816,0.676936088023311,0.604831268439472,0.737133028658629,0.935074973563341,0.662532087013378,0.64868965274819,1.1386083846215,0.961583160218814,1.08524990176107,1.3844861557763,1.17261800220916,1.11929587959618,1.48899412877468,1.78035485222057,1.37149243640198,1.5462469238494,1.20032540553463,0.532386807116708,0.503750499779739,0.408537033379281,0.510450959897139,0.556344489952064
1.16563994326784,0.950623937866215,1.04911506976112,1.02262232895276,1.08260971975709,0.937247187090134,0.88546071627936,0.849249338818071,0.841553424072291,0.877117463982739,0.716790541209782,0.783034537301566,0.593768896257577,0.698007620949376,0.91290890509818,0.851936694857032,0.763669715152251,0.757011285153424,0.891089738221115,0.756891514478232,0.690121747142693,0.686281284497176,0.562738636477444,0.562805316720916,0.513262147388655,0.607778040639367,0.423465612567646,0.546259271205813,0.488933528114312,0.480097363964454,0.606209334459542,0.824582166413033,0.905841187118504,0.770335957734749,0.820547248510046,1.02473490598631,1.33582894026092,1.76072397568556,1.40312711564048,1.49324587222438,1.83596964610471,1.82085838201525,2.02680768295454,2.41447101081716,1.80755741068221,1.59199450365768,1.75484880244899,1.54419739343229,0.935919672183811,0.966283992923343,0.693475912102645,0.482438833783447,0.569771771190827,0.734269809436967,0.907177544330422,0.644774250319295,0.724834138020852,0.88697927998169,0.798989319116446,0.862426990487168,0.690118951678545,0.596800945810162,0.672008843302892,0.726262335489527,0.647136322233154,0.50299736876142,0.548259076397112,0.595775781980619,0.511307263032255,0.470946082192866,0.849766298133211,0.8338034318841,0.605564738354498,0.912017972933024,0.943793230520086,0.617736421578662,0.701863011659609,1.19686596277213,0.864351817274579,0.645726937488054,1.25796024956373,1.29715792042007,1.74852982123897,2.08488353322799,1.56665197040815,1.42338110710362,1.74674732252286,1.87408012766788,1.45605225680488,1.42576486698921,1.46203551412484,1.38095121896957,1.28072470351819,1.37154044241968,1.35431422268357,1.17623948944257,1.55064182461212,1.42962662550292,1.28156331208834,1.03739281744569,0.967845564685817,1.00065230117622,1.06109594896619,0.893881155502592,0.96387005555437,0.808393851790679,0.736529795886752,0.838643815737397,0.842569426159074,0.66781193127277,0.673857785837286,0.680276413861985,0.566961126258099,0.48668162339621,0.515435791231924,0.673888292803099,0.642434441103512,0.582891755861818,0.629191078603729,0.6841731381374,0.517795965154847,0.755508879755632,0.710387292753218,0.9721136392755,0.850568671255147,1.080065478078,0.987296397456188,0.983038243547211,1.13635906550974,1.10901676243489,1.01101719724861,0.950401160307353,0.996140608105458,0.938126344308756,0.798928115350259,0.915355917336042,0.845419744316634,0.79723196182359,0.955890886420667,0.886828848439105,1.10526568534373,1.08343807320772,1.12464664171106,1.53557817128885,1.53164220355916,1.30073788413018,1.61316804201335,2.01993543367972,1.6115026875645,1.89567408398658,1.6054161378696,0.728722486192459,0.752486408363398,1.19112350448413,1.38798226330434,1.16144710309825
1.09526782004145,0.901470046190965,1.03365589703854,0.993341472108886,0.766935181352615,0.839954097060325,0.992010702929491,0.957651877850808,0.839971146075459,0.848179375000665,0.983634876251349,1.03525066184783,1.33928025598098,1.11500895247869,1.69985990745273,1.75084743654017,1.39573424230471,1.47340056679216,1.7931726472487,1.6717653631163,1.20593803499263,0.961582061008799,1.07178139967191,1.03538865634091,0.790035688001623,0.544158101185409,0.560668483629656,0.6307064583905,0.523154340950695,0.681238661910593,0.783355292870667,0.763138740074327,0.887527269888246,0.903415436628502,0.846614170552649,0.871722134071796,0.88505638338392,1.18287612677052,1.01626815040329,1.45817511761153,1.78633788777552,1.59127472551994,1.66356266367715,2.32406774032311,1.74656930923722,1.56179331661411,1.68129269929662,1.86473884007469,1.32510993801249,1.05452896538402,0.894094112423001,0.857089055973133,0.762132467615486,0.805458388191796,0.817165346441113,0.723225957931134,0.72873902482847,0.803730404597144,0.495309102357063,1.31971391371073,1.073804022889,0.582353005937675,0.586109483565738,0.921828979675082,0.609875510515521,1.01479735581279,0.575581591133426,0.621475064971499,0.902060488510397,0.994562755785522,0.88930698755093,0.95348399202339,1.42821761971146,1.35079887490406,1.28915159791003,1.2508179589393,1.45919549203178,1.59152912142991,1.41887930952837,1.35482267290698,1.57450258015327,1.42505335408046,1.37053795103892,1.35271448286735,1.41187466599305,1.08760765201318,0.774282072830949,0.73158633865489,0.708409236120525,0.884508767385017,0.852448271846865,0.721601590113941,0.748468043869215,0.944823497847981,1.02369903796327,0.839534843369016,0.983605582039549,0.902789990432621,0.827343881207328,0.836755994362874,0.854945777997742,0.903534623010047,0.811293199458672,0.66183858486857,0.802447518595509,0.844911697865884,0.709278195709039,0.595470725536578,0.677844583251636,0.770356185544018,0.640460767608446,0.563468687249493,0.691021980590968,0.770213825710295,0.887177515573334,1.08966795266836,1.21742836901379,1.21613674921203,1.38393162590313,1.26368226770495,1.37582824889762,1.24671369569656,1.09288751832263,1.15830878119595,0.833815868725091,0.658860985327332,0.910555633554857,0.828025578298191,0.681248570338999,0.699898200570084,0.696981146195134,0.552474277934568,0.5873491242651,0.776534808091628,0.638446585253392,0.646079334457573,0.764799213188548,0.797892852538691,0.919633143017353,0.916149874144212,0.766490523570381,0.685171645516236,0.901878575901489,1.13396951304688,0.956687577327734,1.01791399908479,1.14294061640803,1.38939736876127,1.09655145839806,1.30376248892999,1.14342045516122,0.562150456642405,0.559295378926194,0.787197232848846,0.848417682602428,0.761233939879973
1.09400668699184,0.989342897391243,1.16182937858909,1.1301829794513,0.821297479083561,0.946017483898513,0.996819831672499,0.829890740360738,0.837080242089416,0.733442482076867,0.914589867518358,1.0077080382414,1.1303099048613,0.859606964364476,1.40315037316981,1.47019503351577,1.24840430586767,1.18441858738598,1.49513196985541,1.44188971021855,0.925483972167905,0.782501508535882,1.02191907643118,0.950076782730445,0.734002642133084,0.516202478833399,0.637964532808577,0.724773789502736,0.533000144547337,0.621258435539262,0.6741690976753,0.672742379303494,0.668833836493938,0.602636645785378,0.555512485427235,0.555908930586792,0.520267299412701,0.562841611463875,0.692456856870906,1.13836711394326,1.34522630796989,1.40313082403886,1.61526352199177,1.80476638823425,1.44732333204108,1.35339624468878,1.28764763207381,1.64134987817351,1.26283585999148,1.14776079165476,1.08156599921652,0.941158393661878,0.984194704309699,1.08575906899501,0.905535736588173,0.787684789059127,0.804935962690965,0.731304045741549,0.462006108899951,0.857015093148886,0.790581492084852,0.494600603525559,0.443549094807017,0.677394769214876,0.486716210506396,0.729417692716216,0.416827336938289,0.440722932450543,0.529748544755059,0.469238326357041,0.52564836022227,0.509454447239152,0.878034668551327,0.870638527397525,1.11496615721592,0.900708005577678,1.11134654956701,1.33352316552414,1.32641503329157,1.23787397576464,1.6242927833591,1.4007755573757,1.70994713514795,1.80622992529284,1.43437740513907,1.18881699774674,1.27593085876095,1.21596798491438,0.94402941561953,1.11861083539327,1.16679556898869,1.18659591862773,1.20474884215917,1.38840479238666,1.18059308109858,1.43041097810825,1.13316075772249,1.24846504354627,1.14141152173893,1.15979398948419,0.816013424226874,1.13860900621926,1.03579285801536,0.884174200396262,1.07971090747156,1.00442292888006,0.849463732227904,0.849028983224947,0.851143754539647,0.845282867082482,0.677489845584664,0.983805698185961,1.2513845591202,1.12403647502783,1.10323344040051,1.15587191435433,1.52562603558664,1.38714186432228,1.3979617414871,1.29002146113913,1.53897206636396,0.879511686909151,1.04862965813249,0.81430582006849,0.621668570780008,0.561136383732327,0.798886004435817,0.582236888496326,0.549544927697657,0.665220385674025,0.667390338571971,0.703474665786771,0.682842244615841,0.760996224504129,0.760974591652792,0.695940438403008,0.728546876644321,0.784327490693611,0.790426223507271,0.538581783148013,0.981208425968378,0.937667052031827,1.34462761988866,1.48483069524068,1.2457810185023,1.26477998593664,1.60937526963736,1.97095379562097,1.56714883783113,1.90282847751982,1.50551480507388,0.608405170342487,0.728840561515651,0.787147160785099,0.919549438641798,0.734652171868328
1.62189137512971,1.35979337478803,1.77112669078071,1.82548288204512,1.2363031695532,1.2558528811313,1.2587593953691,1.20772566011957,1.12213412080187,0.895246525984706,1.04406883753382,0.858033764706114,0.942505717302537,1.12219894796392,1.61598430329555,1.17665653082215,1.16760508258295,1.3236000279227,1.29160682541581,1.23013158147572,1.09559639784395,1.03755361794451,0.930993098178261,0.788443116713408,0.819896523863804,1.012587044799,0.599051530415004,0.563448932298949,0.813931877121252,0.679358822766992,0.635433720094708,0.759641484883712,0.879974382687947,0.753151959584735,0.787124236855974,0.885231835741615,0.987554507921001,1.08613093886033,1.10630565162714,1.11584484166889,1.40047705345004,1.18727116360906,1.47701879321031,1.66673963505977,1.68062865837321,1.64926931935079,1.45071501977689,1.40973498626464,1.34329706671378,1.17102935295388,0.919378789929119,0.880385925787651,1.04580059693175,1.30144954856476,1.16599794079851,0.983190934130105,1.15935135438341,1.24394019418048,1.27614913097715,1.56251716323777,1.14564719250773,1.04692657604197,1.13400947820956,1.0141891212108,0.859757833401869,0.962329457838966,0.844145552999174,1.02332558682111,1.10348030788698,1.20841647315124,0.990390314897498,1.03204938882281,1.23952358150504,1.10421068785694,0.98182190446492,0.892420780078905,1.08367598056404,1.06388383756611,1.31877120709836,1.07860182169692,0.830036963999072,1.00046700441943,0.798761087414196,0.721043052351615,0.764321908842756,0.844295888504838,0.972430195953091,0.80164807883416,0.819220129922197,0.897720821793882,0.771728611994468,0.720554636562857,0.852722753261762,1.12485094870886,1.38056336225865,0.705875473730065,0.959990447482485,0.979609390545845,1.0064208705072,0.835747682855771,0.711996997962154,0.885242676648002,0.897889538425534,0.671410797387567,0.727604085086137,0.794615465930369,0.758155341305527,0.594822196811715,0.626425252362381,0.636117037670637,0.589329288028935,0.470012976520694,0.61991841508881,0.731915120026754,0.673377626552289,0.639730212990366,0.682119622737751,0.803225330797051,0.846806852804043,0.717391581586315,0.860865274036827,0.848753204724341,0.736577209160345,0.851392165321414,0.772044894467862,0.753954060221505,0.764106752119797,0.671326998312366,0.568686377717561,0.69793178055911,0.501890928666554,0.417735559125124,0.785399626952849,0.657695092886205,0.621816880649127,0.522782142825116,0.843562175861613,0.524305982596248,0.826150489199741,0.848275210814939,0.652819975005755,0.718061041760102,1.07072260404907,1.6478806976684,1.38076052241787,1.34246873665538,1.88195391176654,2.12573348247869,1.6211282795821,1.92011119851109,1.37285825861734,0.780909848918358,0.895865264374815,0.983493745055592,0.971938840488721,0.926043130865514
1.42129506624775,1.25003451089113,1.5310613718905,1.61582172898215,1.26868272310813,1.01229266174984,1.17190873735741,1.12721052591374,1.27773030972548,0.86626382012771,0.740659104298474,0.638887597778115,0.765083344023232,0.779179085204813,0.751281493141264,0.840716708727345,0.736994317084999,0.717425528152545,0.816496171917994,0.743011387157753,0.825329247323225,0.83386078917973,0.771575108543506,0.66974881338358,0.79890681822574,0.759036412203641,0.641862643064781,0.699872259407592,0.82728022991897,0.840196173608595,0.759651384570665,1.02772669723187,0.938296817736396,1.02607671943665,1.052529356894,1.06385310522296,1.05114380017128,1.10051552317299,0.901662710958342,1.01837737912906,1.22832490751384,0.985742761242329,1.05903826288312,1.16152972251546,1.10346726065059,0.991062222793825,1.04103988524735,1.19706619256765,1.16274507753974,0.972084650905989,1.00581634692062,1.02076834676255,1.15507522610312,1.09610572690052,0.939157665507382,0.965174169660714,1.18844293894882,1.11776880326072,1.01193542234434,1.10884213175571,0.989754938850096,0.790008739775058,0.895590419294458,0.818053405495348,0.686765389721936,0.92621639579234,0.707649011298156,0.633205927685869,0.758671925684187,0.845596202469225,0.882486511652081,1.0021355646918,1.12729054904292,1.12863105958895,1.00727669679661,1.01134952117934,1.02046723512865,1.08925692021292,1.38162661802715,1.17101742133513,1.03994826262332,1.13361966100052,1.32076248845443,1.49282245129879,1.35254035000602,1.18312109274393,1.29819309915056,1.246866660735,0.879583293455402,1.09743062347899,1.197292843172,0.954043820833314,0.935225446053682,1.01665427533146,0.885631008691829,0.684069326929594,0.589588559747199,0.564279767480493,0.590121326759901,0.64532284271267,0.722368043250686,0.969694299828453,1.05992233967442,0.844539679117513,1.01869910954844,0.995656483181892,0.977812686103289,1.03759194623002,0.965615903610956,0.758038067514599,0.894163416598481,0.829662985657609,0.719573007206328,0.795210630195557,0.695797668857593,1.26675469852765,1.05502770620335,0.785115949174563,1.32710042455873,1.39463384925051,1.70296304800278,1.19840861648255,1.12442966291997,1.46797441949096,1.29020520297766,1.20229424106755,1.05529611988104,1.00256671824311,1.19835675974462,0.918505575533998,0.747019615684749,0.916612296885805,0.813853954691064,0.920094042363001,0.912500672999484,0.991278112717608,0.997399814362397,0.961563542978995,1.18046521715187,1.23926053541539,1.08095606630715,0.960495505607366,1.21101506404345,1.25620057125619,1.15110138512716,1.05617187481507,1.40858911908052,1.56303354610315,1.26872516238302,1.42941101805538,1.0548693290305,0.727680631073636,0.622531654219947,0.661992644589726,0.809954113900225,0.612351691252636
0.941781858909425,0.873844834147064,0.895440555042875,0.774443805899427,0.955828072958954,0.941946334268155,0.84817740336728,0.958552732333705,1.07266734332731,1.07121620778932,0.829030787859437,1.047639138208,1.25069514117038,0.82547123052631,0.936221079081927,1.15128404969044,0.914192984023116,0.835900016034442,0.777691605427139,0.872669172071838,0.685873374602316,0.742038663128504,0.728779839091792,0.78906915947553,0.688479479736146,1.17770447124115,0.745233523534397,0.657210806803965,0.750001638563779,0.862646710990427,0.754764167099438,0.732989013982469,0.859959367619135,0.699150319650733,0.860383319956246,0.742258297035625,0.872164522583742,0.842080325756868,0.795811487882534,1.07307001649943,1.09916925629797,0.981652651252498,1.0983502769325,1.47715586700808,1.51836360831625,1.30227346221112,1.06441826829989,1.23971846108652,1.45981965247367,1.20589064952548,1.49072832086261,1.39576573769575,1.59655337655529,1.51702046628305,1.60526715284054,1.52241472591809,1.8605186394379,2.03196710173785,1.6682935673539,1.81173928785126,1.43104086880772,1.31148951638864,1.00662163932174,0.893579525980007,0.865039009928819,0.798545954205508,0.615561251162775,0.580375308635152,0.643212945794124,0.658167588931886,0.705173612578586,0.661557238912566,0.82530993447339,0.759663803908683,0.804302057493916,0.619856040491552,0.659364610958308,0.919455759612112,0.797999471976008,0.760602284473583,0.854832359383643,0.84591519459263,0.963022739991437,0.957898462528854,0.962574177175075,0.866151717270155,0.938769032771647,0.974207903249728,0.758969325241797,0.807199665964147,0.98182875737852,0.862176054078699,0.956940296181072,1.17583263634002,1.195708828035,0.999280772053757,0.937610011469579,1.01170363421254,0.883805643885955,0.729849284088843,0.704506007396,0.653850754280852,0.642342101424792,0.698364936967722,0.718332628649373,0.681466687052715,0.676737683118915,0.650670597116282,0.834466074788088,0.889202986929127,0.746969178069239,1.18156403708573,1.15405796648319,1.21153290387075,1.25309534570582,1.61054651633856,1.93554798062425,1.69467975244494,1.78011583426698,1.85954166804275,2.10011938246467,1.25995944473394,1.5474959025056,1.46840891743428,1.39995036475289,1.09101988367458,1.25774688445021,1.09334517088277,0.898644704784356,0.85260430859446,0.870593348315068,0.965117160837656,0.808395991955407,0.746246098147695,0.788956758443773,0.771955014661887,0.781502546593735,0.682129610355084,0.604584983589038,0.630395096439408,0.862871047109252,0.7534094752932,0.89102559759065,1.09920737469545,0.896288428491342,1.03647972765379,1.23843248083969,1.4238299029621,1.15255413417672,1.3928827802119,1.12393362596781,0.605189603343221,0.547927038602075,0.703751453303108,0.757931491373717,0.554884316874234
0.95721567980678,0.831943761715983,1.09417456432742,1.11801175815726,0.675866266634838,0.894058283121705,0.91665820067155,0.809718067994512,0.74666911634389,0.68551350653426,0.781943563226276,0.937270848106665,0.938957421310927,0.886112677497218,0.983675321716503,1.13018175760723,0.960042304758718,0.822490877197295,0.898032527658132,0.795585419788703,0.825764242312457,0.637134518183098,0.562202022917377,0.64297240079461,0.632958036017741,0.756920002491309,0.70578035229315,0.608687385990047,0.588702708389024,0.886466467474346,0.798088015343119,0.690518377417503,0.927236459660142,0.811395936784949,0.739341827889171,0.802417441930567,0.84746795537565,0.934646654735947,0.911992378990677,1.00150709731206,1.19712481850619,0.969791551686504,0.997792771887126,1.26632603133345,1.21081403997383,1.34407679386759,1.12486482549496,1.49169811428141,1.54950392596703,1.59999672479598,1.50755661269827,1.36667499029868,1.77920903438317,1.78364769102753,1.26502613831004,1.26686254559292,1.54052791674496,1.46899426607727,1.03760019659081,1.09151734286667,0.997204863522548,0.84919613228267,0.958039413215241,0.768846723991931,0.667751390072173,0.70685725795263,0.695824122742727,0.714351334250467,0.673445777943827,0.633667453248203,0.840944723944015,0.729014902135897,0.803790954132473,0.577377569702407,0.733914653947185,0.68304109829231,0.776179385271948,0.716054704568252,1.00481813236026,0.96613069005217,0.905590597215539,0.735103173119024,1.00942576636974,1.0426989431905,0.892958538947383,1.07882432009431,1.15235862684394,1.08414632045607,1.09308650534028,1.19000925511948,1.34385135610189,0.995021442591887,1.10805309068862,1.35372944809043,1.33103121287094,1.00908677097201,0.943296527388634,1.14391771209779,1.00826001339019,1.20400935982776,1.347686864245,1.20836998318348,1.07292949078211,1.01348237186028,0.980499820151544,0.940106215165599,0.842134615645249,0.828537572327822,0.752340072506235,0.689836895305993,0.643476276907011,0.612253409509994,0.732114685817001,0.747173486305533,0.793798594442758,0.828528084988876,0.851682549237384,0.884673311105133,0.979706116902703,0.867410115666271,0.971369303389712,0.95496439565774,0.772703884793429,0.791389113956987,0.668270195654191,0.586527530313609,0.709462767697048,0.650383323439359,0.545830217297875,0.614819276902708,0.564603414190452,0.479996524648826,0.800690153070163,0.72588023201104,0.645996508029095,0.695138182695312,0.960148078695611,0.825601062775442,1.13311899563019,1.1722916756217,1.15463413602603,1.27001482882028,1.66066884559341,2.11894182127997,1.92679147208799,1.78515117708993,2.32641700505089,2.70980525868487,2.15584494406003,2.44447295628649,1.98953620963995,0.830763651419878,0.875354977792547,0.917035012788544,0.903788247251883,0.888015284391867
1.22394984199252,1.15598470470394,1.3398800777873,1.31448060467488,1.46192192272516,1.27122793028994,1.21037039865013,1.05414361782812,1.24933036753966,1.16429025911817,0.881777775459304,0.936242252785809,1.01886366841493,1.02061854322179,1.0816581071191,1.12838712738735,1.01740653672229,1.09052182200351,1.17312636945417,0.978648769830516,0.793765933981202,0.933451085935209,0.931495318375171,0.84762681492521,0.629780601665574,0.750518810140417,0.816023452759964,0.660151733779753,0.598711975286957,0.680191169119142,0.840852169323438,0.767298465672322,0.710638798277349,0.637157135045053,0.749590365967025,0.655040890511444,0.749518137697095,1.01210217967806,0.800903373846258,1.0425147407043,1.34687018252407,1.05651467127342,1.10550182167169,1.46596006001457,1.24681386657467,0.998402342533355,1.15789674457344,1.1168912526631,0.663018008341514,0.62258119303093,0.680359961002673,0.631615181421952,0.736058135188087,0.740154389575293,0.779849455581353,1.00976092936846,0.97701583697691,0.925386884583747,0.876820395344469,0.832632391266146,0.74062859928006,0.77799038502802,0.717202896863748,0.608600985689942,0.674032337696927,0.64917847605029,0.476231522472937,0.522351114088828,0.926661261319263,0.92630452025866,1.01507169803446,1.07413272979983,1.35730397011603,1.54502451676105,1.40691911669396,1.30727052282424,1.44526069171372,1.51559519399605,1.52915173624889,1.47071407679014,1.41521155746849,1.45940896851152,1.41633151159647,1.17538517859122,1.54497197942745,1.01183913269777,1.00384751075384,0.815620563368487,0.766467836732988,0.691818613577018,0.83045725505563,0.652544170275366,0.580667974211819,0.976739892474083,1.17369388176147,0.557407955417103,0.692911142267314,0.541838240319465,0.546662361811507,0.609072919579912,0.839808233747311,0.611097419075763,0.661865318465593,0.68623069892745,0.765587909975752,0.922587986644407,0.796744105592019,0.820317949588269,0.841409576799118,0.780312562694151,0.741315369509455,0.767897736821356,0.867476583593972,0.951434538606705,1.07388091291303,1.17827750772729,1.02493032016701,1.13824715334771,1.18187286566533,1.11772024442233,1.28948585239371,1.37020469835226,1.26476826887565,1.45279862394849,1.40001144207313,1.31119748414907,1.15232869082826,1.23135512361876,1.11035896917838,1.0837752960738,1.08794904467077,0.987340219256336,0.920108352616541,1.0491768383675,0.963930101498346,1.12225917848141,1.19577171708048,1.28561495937504,0.961842316911105,0.988856035128201,1.06541729053105,0.946216179337528,0.964182158085467,1.63894792664671,1.50195615153573,1.37185110148565,1.62075852760973,1.77796838092635,1.48621176047397,1.82199324794394,1.22445412553015,0.511961865338905,0.551513490504931,0.647035921693317,0.684268103952143,0.68832300970783
0.920020922597588,0.930643123152508,0.95798231854502,1.02404687817871,0.85640023187708,0.878338576685371,0.813240813180898,0.737237953757129,0.782547534216219,0.70682566011234,0.708581873211903,0.763617190704711,0.952678386483228,0.777072393805774,1.08640628779748,1.15517689697301,1.11919338923744,1.03525643856955,1.34849650353052,1.23708963714146,0.930108633228429,0.776982168150589,0.849568650486897,0.914428961773695,0.718041244340818,0.789521489121974,0.70262664204243,0.731312996084938,0.629995156605433,0.727659696597009,0.801330178072392,0.972264742278265,1.40048655587439,1.4128461933818,1.07544837614734,1.16339092905485,1.28192167233081,1.27275183186657,0.994367360279791,2.07327421286011,2.1299885058797,1.31137753693416,1.60936800923429,2.01655143935127,1.88288009396667,2.13364979207306,2.36366713435876,2.59692704892203,1.92692303612735,2.17384672968556,2.44026626614704,2.11828241819774,2.25459312434962,2.47718895839755,1.68995818727969,1.22081681261571,1.34641464092128,1.43933986440688,0.96322660646252,0.877931235067865,1.10841435228965,0.790725937201682,0.568094885758452,0.541264119647782,0.549398615402831,0.734777203378476,0.516064812729683,0.482273260497597,0.54261418225777,0.50854061519915,0.407076225868534,0.4607342515315,0.627797455989804,0.434857214923223,0.511361165145196,0.518300900840929,0.474672304594965,0.552409937342389,0.750578440822438,0.678833898431775,0.52330339274433,0.604870877187341,0.643821920805873,0.634520217364863,0.578557269934215,0.572641542187188,0.622356593805206,0.637663006894769,0.448787892895397,1.02234326189042,1.28665131564222,1.0802516996913,0.982650252700297,1.14706775528862,1.4585056499071,1.51727739682133,1.08999189475156,1.18942198016766,1.06216091488447,0.530227664222483,0.587789538907512,0.635380892517422,0.834448579973369,0.495028676023846,0.589248145105546,0.767708274544584,0.656380440587965,0.5929080697425,0.710866734840491,0.70522657402975,0.719517839320983,0.760694502291809,0.867358310509235,0.850559201651523,0.868686817074268,0.889089617929082,1.08182041504503,1.10544819394474,1.14447190551472,1.03129342431086,1.0720092643473,0.903971350369637,0.825634579869732,0.766056629420585,0.76643810180356,0.701096226171169,0.795664777406695,0.709975422761532,0.733296497988368,0.797090948308042,0.6280356004341,0.699996186615476,0.711638565410387,0.708969621161403,0.685907368245068,0.736748215835548,0.742939295961494,0.62329737430392,0.695502509280165,0.596069723452719,0.757627502856973,0.714870558311402,1.36788746805442,1.74957678326933,1.40300098682656,1.34669198682923,1.92043405845149,2.35302274907743,1.79592175731477,2.22061783681233,1.49102167220172,0.369986957266153,0.406828478165406,0.461074653581898,1.00919766424739,0.463734053365659
0.808865170914677,0.825551554342171,0.901532993699469,0.960927345427688,0.861119177307809,0.921014850218775,0.800763633305216,0.726215311158527,0.987280943868888,0.84208662516867,0.686774534633961,0.743233220059932,1.0320990890021,0.901121862361256,0.86248048834211,0.973625120440587,0.868019703963127,0.95565807915729,0.83893958649072,0.816150034935552,0.760375426893048,0.764233786752502,0.79262533083419,0.824140269352785,0.77170774084058,0.966879969019505,0.868894165404116,1.02540264452432,0.837484051248003,0.899672718672983,1.25855289587849,1.33578989407471,1.30907587010844,1.04589309350822,1.36909851642714,1.20692739607655,0.974314815482564,0.962062809941165,0.990128200423404,1.4273306464455,1.56679902527299,0.692247898754263,1.07366914027792,1.47503563290013,1.57361054034243,1.58503963586184,1.50198834478825,1.62846423904397,1.65702247565366,1.60894581692951,1.95773354434922,1.42332377813934,1.81823787240566,2.22909177622143,1.54641104368887,1.4134878161254,1.48345074237541,1.35246673730146,1.04042787995434,1.01198645852769,1.05728066799851,1.00779075377341,0.75668058753094,0.552026737507631,0.68193764700644,0.755138986425771,0.517521493148117,0.615587696716754,0.623380280526645,0.674240445529672,0.522479618673707,0.615307782043421,0.776311331926372,0.973996239515674,1.08968757523369,0.759794454093248,0.89713047493134,1.10349322483577,1.05344006599631,1.11239587313698,1.32820581331351,1.01998247033039,1.20821558988077,1.43574519984404,1.12511876931734,0.89015023693203,0.881264554745391,0.877251522954415,0.542419747540481,0.509333766282411,0.680655252966922,0.551245367065246,0.53527618007698,0.673955103861572,0.78988817100906,0.606825697788727,0.48404413267995,0.583051444920522,0.574235793637612,0.68742434015591,0.902580956752711,1.17693037465487,1.06218499731216,0.880396577177056,1.11387753659031,1.30783074358617,1.1041875050864,1.10666324176686,1.21880945818501,1.23928138939708,1.17019271874824,1.14459436383427,1.26690606409386,1.08646064078066,1.13104248984672,1.42845201046829,1.30617498000677,1.21068876441117,1.18356150292771,1.45153887425868,1.42447876501031,1.36922425269462,1.26831129715938,1.67106966431528,1.44891428652046,1.20726100023156,1.17148038291348,1.12520842070716,0.998864444274599,0.95735149349294,0.873870825123586,0.89325144560737,0.752078995194288,0.848148247106636,0.829269978886208,0.754187187867471,0.681208202824252,0.810146757029997,0.723695858046811,0.521032110543136,0.787482399450074,0.624717024711403,0.836101013399891,1.02122081538835,0.900186726539528,0.906898961351932,0.999811369418887,1.17778881445026,1.04277851128312,1.21687077907872,0.888001438959887,0.472084865733753,0.42309577061536,0.51877744016351,0.465711293959099,0.423662912587497
1.46096609547659,1.39615834783918,1.68352099288145,1.45700982506396,1.65918108604741,1.34409251482121,1.34244148703665,1.49413353906948,1.30879015783177,1.07985773509831,1.19457703792353,1.16870807639382,0.886429986267549,0.813687762966613,0.819628482676011,1.00745222516596,1.08986977081182,0.716576360842536,0.847464996458381,0.788334493575046,0.585703316208898,0.642121056547107,0.722967197051807,0.782088769216452,0.721254203125854,0.884699806337782,0.924908527343758,0.750927131207321,0.697588180896658,1.04530571544657,0.758954874864457,0.672002212549228,0.921521481358038,0.922717755125983,0.587721238525854,0.557522876751278,0.68602046133604,0.894071815383117,0.800116152380562,1.04863657564823,1.10927761069106,1.05032446123837,1.07793556018983,1.42767636745961,1.25379107028258,1.24921325275602,1.16746803518634,1.47794834787833,1.40977609682819,1.41490279291542,1.49270066722439,1.39523609678357,1.66430595816269,1.69903223699776,1.24191346890411,1.32965482977081,1.35502935989499,1.22371542987466,0.827971295753662,0.798277531712892,0.74274676254163,0.818985483712377,0.500745441785136,0.528214045127078,0.731278057508332,0.644127806958915,0.532426347083361,0.552715271706701,0.678799896224872,0.574073323443268,0.639349875472693,0.610283526658341,0.647301637937268,0.847662600612058,1.04158847025216,0.923521743866302,0.938304706625736,1.0857842199987,1.25835943934658,1.26159729542802,1.26909654242036,1.39295402227009,1.5336313762636,1.47445329886125,1.27692694717919,1.21275532441604,1.22445858894374,1.01615459696336,0.907070022875391,0.932081999778728,0.837895085123295,0.81554482574638,0.730755731547771,1.01698617717593,0.955460635833559,0.693030150239561,0.791848359271892,0.732839385410363,0.690683120856139,0.801000617644983,0.762427913582094,0.847121358070402,0.62723708920613,0.719708594522495,0.619879042487591,0.67088674021519,0.690183512218484,0.623104992384487,0.710268229724161,0.74809761660845,0.698244504018721,0.74945801469842,0.915458172581256,1.01581612206852,1.00118065331177,1.03833025156285,1.04058456483659,1.12476040174823,1.13972636554251,1.11995522986341,1.10281495593707,1.13214739987633,1.12684619435718,1.02989989748867,1.00311660515743,1.27926814748146,1.11636575134521,0.946889188897817,1.0799777849419,1.14296310933214,0.924325270110332,0.697557920136128,1.01322763705309,1.0797246244616,0.641127708404658,0.869030109990527,1.0893398958213,0.954463046559218,0.84314485041834,0.914771147237603,1.23893442913908,1.05782267744423,1.13688932315627,1.45885316897063,1.37377634005946,1.22386293038808,1.58452325633235,1.73541584443031,1.32610111013604,1.3994865545446,1.25372353905603,0.663997642626508,0.644685874830095,0.733316206440564,0.839325040552945,0.784481894464317
1.24481910871744,1.21140208052702,1.41872657940336,1.42994189782833,1.19425766958378,1.04169701174657,0.994330818819302,1.0797539272157,1.18144879171783,0.874575416318855,0.846653268036664,0.803983306756438,0.962586901223404,1.26528645512371,1.78761363075976,1.63624019284847,1.65207681126891,1.77398970025306,2.0095658632012,1.91229983745707,1.4495614340489,1.27294913071297,1.57868650074619,1.33586750764422,0.868865089308166,0.986326707653516,0.990440762588687,0.770230869664063,0.680629848751655,0.853702178557897,0.609659116745892,0.559828569931192,0.513812835201402,0.627899094947717,0.48159088439403,0.49855799446532,0.545418240172669,0.544443273959994,0.493852712930893,0.647562576770725,0.740175639572653,0.551746545478997,0.667445360997675,0.848840051593524,0.89345132672509,0.829801162883745,0.723853282086506,0.856332084675413,1.01897841444193,0.911726162977335,1.22165672127023,1.01194215612675,1.15709755120302,1.33350561811505,1.09520904280562,1.09496250471273,1.35068687126005,1.28255568884018,1.23652548458275,0.952073536347129,0.91238865411273,1.05885259702972,0.913005390724009,0.701056089952185,0.793696059703725,1.05508120628416,0.60974267903991,0.704325091027629,0.899664746337916,1.01829339656876,0.866283903415552,0.800111167196936,1.05146441294884,1.15296772079217,1.31020773601218,1.10349419506739,1.16668509782577,1.51903696081096,1.27158133528097,1.19507476515944,1.20488216444339,1.28184483456284,1.42957369344075,1.62580656627976,1.51590494152251,1.27777589600734,1.18222890298562,1.04271563232563,0.697408547478101,0.944702986599281,1.1112598062534,0.837062541700762,0.84540937609571,1.01863562235192,1.06014624569388,0.984161112058464,0.730680013768195,0.845835623578125,0.703528211666753,0.618240387790585,0.682232879884128,0.5750452253819,0.49621527922832,0.513968547713832,0.546465185299028,0.467401658099799,0.478319652939517,0.625399566753931,0.766451280425802,0.722920701932257,0.881775667840074,0.877136257245599,0.839008567292624,1.03312722218374,1.0484693583952,1.29695788948149,1.26062879354564,1.36421924809732,1.49797241977049,1.48224905735968,1.54500885265522,1.25535000908653,1.1300428120453,1.29455811961616,1.30162132222975,1.27419362028449,1.06853600257298,1.1408572783719,1.09847904120363,0.990646915663672,0.727804309306839,0.637022149659617,0.788441989721374,0.736589816667312,0.668481179350124,0.76690745902847,0.861956831783896,0.75090314436971,0.798930310376501,0.903618753049093,1.14730207187133,1.00676422993069,0.919431927044651,1.18724596903382,1.06984530881829,1.06094006957456,1.24536320744251,1.36692964640348,1.17978297216385,1.37222205885757,1.12786596981405,0.555391508151965,0.502319953619205,0.462765789378208,0.60679986704142,0.522598958348123
1.28954252474378,1.25458097200927,1.15906669243703,0.970305295342138,1.29042768550096,1.17921679810764,1.10707192797347,1.23514966274259,1.29485277043002,1.25054681438233,1.24819541453744,1.23289279714036,1.31740862084152,1.17994025546354,1.50997368992869,1.58672865751284,1.23721208817196,1.45399314867443,1.47722312947306,1.29964398688282,1.23826383581292,0.99584229282572,0.856794112036611,0.876828660879814,0.831006349362875,0.543924615591656,0.639150182088222,0.578012941406574,0.65971864093223,0.708078175316195,0.800882202951078,0.870059485752728,0.933422751593102,0.92093727402411,0.935874349888367,1.10087685888187,1.18847559479913,1.26660268396741,1.11974643993771,1.09997204282211,1.21978286153985,0.973682735958733,1.15431799807939,1.20373297919327,1.19523461458847,1.03998695055111,1.13246884455941,1.1659567097223,0.859650478632707,0.95439050994751,0.961644655189638,0.825822767542922,0.895059847183744,0.972992431546366,0.887992028193778,0.790731409788278,1.07523313787482,0.917864177740666,0.758176865842343,0.761317285867576,0.767041616361046,0.626813774547143,0.882327975376577,0.969346457858624,0.874706321429092,1.10461880849914,0.89019800379446,0.869372137955142,1.05534908123018,1.04166026581767,1.02114854759225,1.05188612319439,1.34185974686322,1.22353261819978,1.26923230249884,0.991243768681798,1.11737523719502,1.1244967049152,1.0403791001541,0.904058251087578,1.41022274317133,1.20769998500101,1.1815463641585,1.28142582443001,1.13391130152335,0.935560692511499,0.864517715030253,0.885588818278676,0.838021109159734,0.690450005317503,0.611038162525445,0.688111854499193,0.709227204999647,0.767136987266186,0.580807430754642,0.730106222015989,0.894443848566464,0.860948596284134,0.832769351931779,0.617434278165033,0.861180767760359,0.935305453323601,0.977320278601546,0.683458062512143,0.772311743083387,0.922916168693715,0.779859533378073,0.652051957714834,0.807768064927105,0.823539537246921,0.706642990239222,0.759903076023814,0.841691618245839,0.979400838035062,1.14129580134771,1.17280980164794,1.21792823966691,1.33167464160705,1.63030479978762,1.29519233585067,1.55696737047391,1.42369721178296,1.34286765530803,1.31685658557729,1.4986832999136,1.16828419651538,1.2248484212657,1.31155258057047,1.11689691277584,1.01854813613011,1.03609703858992,0.975484971315492,0.867396962400842,1.05014919678989,0.920264770168284,1.02083600538103,0.962432783511655,0.908167977635574,0.858347799110073,0.729728809993964,0.947327122855378,0.804711026564278,0.892705905852003,0.920855583820993,0.80453466386069,0.808732403559155,0.719652429068351,0.873556534329722,0.700018361197362,0.801075627538474,0.756382320134319,0.873327497816182,0.699789051859957,0.738748566386532,0.901482201091479,0.784339257610773
0.841007033507844,0.79446637717636,0.928304165760111,0.750520705418168,0.645961220977073,0.706156065472718,0.715845856585687,0.690453006568405,0.663519734869779,0.761746328958523,0.76800347437123,0.851068988312195,0.876272441041521,0.974633827781879,1.21003050103331,1.29115260290034,1.05958580542862,1.19346600279483,1.37988999482415,1.27176841634993,1.15540903722997,1.14295617831009,0.853560322885204,0.753982274369602,0.810013376142551,0.919990035424247,0.674076796448575,0.762806229323509,0.726625836293131,0.856739391169134,0.698696999633248,0.749911356098745,0.813252125806049,0.929291542130736,0.794368183257149,0.833012011965507,0.941735811704964,0.969896871221214,0.785987936515279,1.11553249033455,1.16582463991511,1.18041776776001,1.33148261594254,1.35086828182541,1.18123189269224,1.17522363616821,1.25890373533446,1.28074714238379,1.02992685797542,1.11305253344434,1.25052238298937,1.14501261275864,1.22052512640517,1.24043397054548,1.03763501252864,0.991630870237638,1.09567156185899,1.22012418838287,1.14361464473712,1.1192768573392,0.958725062595234,0.972443561911491,1.00595424352222,0.96319264638701,0.89736948426614,0.80757895595112,0.877421293980155,0.816065023268081,0.734685264588724,0.721996140477433,0.893774625809334,0.812161586066269,0.725255774711479,0.986161467663563,0.972967225418742,0.692382586828031,0.744882177019535,0.938493312221693,0.871678448209354,1.06769115924553,1.22214265521535,1.10261203355487,1.36613900545202,1.60987102271118,1.27016316803003,1.146338085009,1.27771823433349,1.12893731353795,0.956201925867138,1.07300233977248,0.997816922742992,0.973563389161834,0.881021262994926,1.25646375216059,0.937292904045001,0.858386609955355,0.890313565272411,0.854471571950047,0.768799106808894,0.881370912390253,0.717652737304968,0.873309323193573,0.800278696302373,0.739481080886652,0.67619605870964,0.734993983122999,0.724661821612101,0.753974009292925,0.797435289543904,0.817041965180408,0.828483604367014,0.915616606469932,0.873623401385441,0.848451533475761,1.04350815058972,0.983187290998008,1.17990073234462,1.16479567397689,1.09045500026629,0.943079155140619,1.04181341715113,0.879844325437458,0.861959087794925,0.888819827401503,0.868903294205794,0.72844824822582,0.732069164584111,0.816100445732005,0.740893339256669,0.663716527320887,0.813625964547672,0.775922578053026,0.787855188128891,0.916414964102846,0.761535690991036,0.802470520608575,0.911200810277557,0.988838172705196,0.961795763981231,0.973009584319297,1.37485319501074,1.21156970550832,1.39150659042637,1.86856470110311,1.62155671071444,1.44465670904867,2.04354445442839,2.49684873365225,1.89433988466996,2.06861720884715,1.55473220966208,0.953976205315964,0.829892674685797,0.805473185509147,1.02222235533186,0.888952938368574
0.757818518885693,0.616681542168414,0.760093000232426,0.735427465846686,0.63867661698208,0.730019175379719,0.844026354075826,0.88769057761761,0.857304703236755,0.956704095360649,1.02578807454422,1.04391698451841,1.00420037322592,1.04129015338258,1.08513775277956,1.12771122434768,0.961949489437656,0.90149437892064,1.12361066071143,0.886284926900201,0.850195327827665,0.682169447691055,0.806305885919067,0.694227102804372,0.675045704211107,0.855750774612762,0.697690408089876,0.689380529247719,0.603321293676325,0.81615900204037,0.686685355692603,0.745010073152133,0.75945245783147,0.688967417932339,0.617757766709232,0.728315289964566,0.770396442109863,0.797779392291442,0.62987158225025,0.96027053077242,1.18088291791528,0.974187639685481,0.943692813903016,1.37870711133623,1.20915733068879,1.07129836528161,1.08057030273711,1.32136490017848,1.30860565006648,1.03335589887484,1.34435714965365,1.41148955474306,1.46280292254324,1.3563346017227,1.00063561343465,1.09628835221576,1.180640480762,1.26281363325759,0.851876663044801,0.946580609047039,0.948401998857646,0.832839530913251,0.540244189845459,0.468118542524233,0.540344034485156,0.667782562794121,0.547526216319712,0.536922599617157,0.758558049479032,0.654464739300509,0.760626096950491,0.917432677929325,1.175249706287,0.959157938789617,1.38202083272452,1.15396263243204,1.31963617591413,1.13260780820372,0.96247812397983,0.96927484272264,1.90010973487782,1.63149976190504,1.71166275761792,1.96990948493218,1.54323120696697,1.41509434688994,1.36825125719444,1.42581645209473,1.10126527839761,1.04801992671524,0.911606282220905,0.709104208627536,0.684358657894563,1.13768768605169,1.13082441963227,0.748035936704003,0.640939445241841,0.642816500357552,0.689027705903315,0.734402704293953,0.790650430968154,0.819679121228095,0.71354430819042,0.827571893739776,0.876572606585744,0.791449120140056,0.722955059225229,0.753965352579321,0.739462783882352,0.659499018102265,0.728302126931609,0.845374730071028,0.924671132742973,0.894935646895602,0.97256096598482,0.849919921985577,1.07500972989,1.09307692864441,1.17004968220908,0.965887775996125,1.0610604629886,1.03770931677492,0.895174852064529,0.946501201330258,0.775910215767906,0.736658663330833,0.774275118830154,0.701850677131379,0.778335984355596,0.789904735753456,1.0165506205772,0.784698941978354,0.582998637161644,0.916680242932284,0.81350850878955,0.865633709427112,0.783581117896413,1.07679753863943,1.38320806881942,1.4264726198142,1.61553176335893,1.37064706724015,1.37642822374288,2.07107559994947,1.74397079419691,1.68393895971678,2.28468332149998,2.77623840178777,2.13834691539126,2.64000715605548,1.85012693152348,0.500198944275975,0.479048450216943,0.537867472850801,0.499818217146628,0.541888791628953
2.21742739008045,1.65988080986646,1.8407332434613,1.84920533976283,1.5091064205963,1.37572641405663,1.30256749290466,1.31016743234166,1.15394381053799,1.03543527254021,0.820207971005973,0.97327879694765,0.840489793020446,0.821661167785695,0.98291433599691,1.09591118102339,0.944431888113198,0.846014638967636,0.931096231192211,0.851739657087253,0.865977456352718,0.77342016569075,0.498461978952816,0.651533961498563,0.613931076901933,0.69318949837292,0.608928583137642,0.618882737295147,0.462660105416108,0.716057053989246,0.884585862614859,0.912631085522165,1.17044500170686,1.15843184388215,1.06093405880625,1.08533819778899,1.00274885424486,1.25475505739178,1.18339526933489,1.45820579139236,1.80369056409961,1.35932791344144,1.35727094086748,1.52647611820025,1.37626173014621,1.42569749722631,1.73195140318744,1.77156467955612,1.35655417736081,1.56226249580018,1.38324722085223,1.03508028002765,1.31883519987064,1.5986824562415,1.33140331531211,1.09664841924373,1.32071776955741,1.31404307037761,0.939572804741995,1.10873991202562,1.05343404813199,0.738210663525697,1.00738643656949,0.890420116698202,0.751549650176529,0.677729271223088,0.746760304971861,0.733273810269228,0.639481628809383,0.715279896861079,0.927048354890526,0.809028483329265,0.751423848120987,0.818011139032126,0.956166129883084,0.665732365548415,0.734407563999165,1.08368530163855,1.3928591425481,1.12969995336931,1.07688055085095,1.01005458628531,1.02638712119334,1.19429248121057,0.983071598770034,0.888162903684401,0.859546341167141,1.08259316416724,0.842877802219072,0.99283880715617,1.16955996105903,1.14870324304894,1.08779107354627,1.2017055773801,1.32909017072312,1.36553331333427,1.25877669049661,1.18060568090631,1.03809819740435,0.903622098069092,0.82119095115641,0.857369640661582,1.04385522546656,0.768932628184712,0.843792828385545,0.749767237919008,0.666099661679907,0.641873147709457,0.788259121078175,0.687672609331307,0.613193341028751,0.766977642604977,0.882240668531657,0.733540064453614,0.789406824798286,0.860867376625747,1.0681992273851,0.998532132429042,0.996752420865056,0.950922493998799,0.812736329247109,0.939442725993872,0.850863544669135,0.742258061319107,0.679011559324679,0.724843727562314,0.800109874189616,0.761203080976597,0.690373054548159,0.902776289807601,0.733727199588611,0.788926511362181,0.833709939572223,0.920913175312438,0.699874229453779,0.682018145352118,1.00697328812215,0.7861196480376,0.676703374160601,0.591899395728577,0.843859672796801,0.877156009851894,0.888468280739215,0.73988462347902,0.860072207927422,0.939824236313614,0.935334348057885,0.990087994156547,0.958393977703604,1.18030341016143,1.17264412509251,0.829288801040045,0.82755152690387,1.00273210827495,1.23451872508051,0.949691185811944
1.04059146539366,0.895691917548524,0.821235096765727,0.843016448967897,0.806493873874493,0.872320819102317,0.833178263375656,0.814617062590408,0.808269033159988,0.804173720278238,0.714950423893103,0.809944669729242,0.756941929871642,0.949681945510003,1.30771472095788,1.24721041952093,1.18158489990752,1.18074410730703,1.46861798929157,1.39444714067124,1.01627358162799,0.934409898816779,0.988617216884987,0.889825913670446,0.749154538976469,1.07116727178749,0.632918229811604,0.638433268583853,0.685534155878885,1.16004011616534,0.737165247602674,0.875211295330432,1.13602043428242,1.24483296311219,1.06248513882457,1.07957248785465,1.12452857322508,1.27637523581423,1.04737030296321,1.41490722123708,1.57519940458778,1.17771175849331,1.40178999618928,1.84857919409747,1.63246172507759,1.86840368748236,1.53326682227994,2.05514780859378,2.31173126447084,2.20419862190773,2.18239462058575,2.05528162230878,2.70590971561203,2.75887605414834,1.8680421355471,2.02876734505409,2.33704992074157,2.33681639110094,1.42129000497599,1.72439173482635,1.43426513470933,1.16620731334532,1.07651573076176,0.681218151635129,0.642236313884881,0.852941051276287,0.544448693812098,0.462714050261887,0.498041933718998,0.550263165543248,0.497375789927055,0.560127253680097,0.751414634267974,0.704619489700803,0.900860441796967,0.800181045457874,0.739020477662154,0.847590339586201,1.00421484314317,0.994681684900816,0.958409409493699,0.940420115494637,1.1250432544642,1.24983716873156,1.04740040707083,1.01090999045485,1.15734798209779,1.02193401025691,0.76946882392356,0.739398618739596,0.997318039543582,0.717184216623357,0.734339583137321,0.938636324721288,1.01288988040118,0.875308113705553,0.813743821718091,0.780204070158165,0.70647257189355,0.54665906978938,0.695189003900202,0.695414224023371,0.804339889403031,0.623220335439186,0.731853977481945,0.74664322472726,0.7021382585564,0.746061249256991,0.751996181531405,0.671546358813108,0.636054016993621,0.582465162820529,0.523768824702954,0.504372856656082,0.543845398586508,0.69761796918917,0.762482476306383,0.736565556367009,0.827572030123478,0.803146524537581,0.72458437028911,0.81785501021987,0.710364235803243,0.785907612263976,0.622674348657898,0.702551061186899,0.733684991124372,0.690667490961744,0.794426322272379,0.86063210322737,0.754753897568083,0.741772480993663,0.718762729707564,0.752014221527035,0.776578711548156,0.957555495165454,0.850292800213476,0.946215244183795,0.946100613136852,1.01729992450976,1.06869584650882,0.869340835470678,0.935003936188973,1.03484767012795,0.916217379705682,1.01085878105417,1.04261510148799,1.15291327402019,1.17026079514203,1.3525361717306,0.969548427361829,0.431949831431098,0.420685149247402,0.624612488930063,0.598326070176395,0.515159177699586
1.08147963034345,0.981150434094484,0.845761504450292,0.84720752180064,1.23917956361598,1.0469818995683,0.925627920966488,0.880143184353382,0.999777659003131,1.08069026190936,0.915782485311767,1.06591452019962,1.00784061295013,1.06335744051789,1.23379711341588,1.15480010987884,1.17448389297424,1.56723872814846,1.65086277700058,1.6770085731725,1.32969235320814,1.11517712134042,1.23130123606321,0.926954038564618,0.831997300317887,0.855900808333118,0.804336685280002,0.715176932484193,0.582871557146361,0.704999613820245,0.55077822623617,0.618225397292792,0.918067362934545,0.950576179895152,0.674995914780941,0.722734804571947,0.85414900128377,0.851484059626009,0.758540188392451,0.97702009939239,1.0185829980381,1.05588409186532,1.1183338705576,1.11467353601743,1.03703690644993,1.22436723600786,1.23673589781818,1.28654599796986,1.06832890975459,1.05693529970208,1.06900865883862,1.0908065538749,1.27442391242973,1.26429387509865,0.989173238737107,1.12415651711606,1.10687697355068,0.922238312432953,0.821352365150671,0.941229999158126,0.78337770497058,1.01206713779072,0.903457468644055,0.730626175919482,0.830068343859841,1.03899464328634,0.735287011485401,0.707505866783829,0.768266223197583,0.816185927282597,0.967202596496036,0.962113237447685,0.90554510338262,1.10244452580044,1.25980634498207,0.924468689742274,0.963098834412948,1.23189698152028,1.03136592253893,1.04982702406063,1.41024721392041,1.2151209466017,1.4147746984756,1.57274032530086,1.29330096550828,1.0428180240133,1.03102909245383,1.05261659898378,0.669756460457499,0.797053785524119,0.73181134082772,0.620063730433893,0.631846718581834,0.634893352078162,0.784680330236749,0.669295128361554,0.643888827065283,0.681399439198342,0.705253516538933,0.68286072934695,0.676330113500352,0.666235600713473,0.807360581990263,0.655900477776781,0.765503242489548,0.624233038067772,0.661650107299875,0.926443302923452,0.746957536252785,0.584921272867978,0.683858976133033,0.849482617917168,0.719784499557661,0.889006649142925,0.954263274639307,1.04999054882868,1.13622739863749,1.09168306334612,1.07688558106329,1.04173527008988,1.28191586517506,1.16271731829493,1.06003150384313,1.31781355264231,1.23196031117184,1.13320717192158,1.16729431377642,1.23976622963243,1.21624578307225,1.14779786829805,1.01868541235615,1.15885559719611,0.960711616344804,0.875978452044333,0.948303037490758,1.07065538396035,0.92405705375914,1.06842462960346,0.954761794838436,0.931143346958494,0.94382748323461,0.86531412564858,1.4337417640978,1.62621874764799,1.39401116064655,1.28592373027323,1.74285468020008,2.10206016994257,1.64308553027494,1.9984481983146,1.38013879446264,0.585027044508373,0.536823373860951,0.526855615361107,0.646988962681954,0.56579437050482
1.01693962347502,0.876524546288008,1.19690404404222,1.18629484287805,1.13746824798705,1.01221051713089,0.909883942824124,0.991300822603031,1.10007942945538,0.920018406085302,1.09924385404486,1.24764381610108,1.19519726014677,0.9846624046644,1.38359056544777,1.35363222875687,1.26914097303825,1.39863574038505,1.71193816770123,1.49642243627467,1.1273825373,0.67499566751609,0.720036821961627,0.725596532777247,0.683368577482189,0.618466187655917,0.685135449890819,0.666963729131399,0.679406152383057,0.921116530225716,0.779114258534264,0.811813485651074,1.39043881912995,1.11308699613072,0.99721290227174,1.29816327741414,1.65389070554507,1.65763795653899,1.17445181076565,2.00771392323601,2.46069446258706,2.00611275297921,2.15690068728664,3.29890970639272,2.62190008220763,2.40436119750734,2.32802812622889,2.89514573624325,2.24988524714792,1.99608721232027,1.36782486809512,1.22354153171981,1.38937492182755,1.44594004953806,1.36408846409701,0.971395084772227,1.17809940785967,1.24480100710466,0.777209920275998,1.54909891540455,1.32311922115003,0.703706063325564,0.693438596614753,0.914972699827586,0.570389436816837,0.662463234909875,0.481521300538626,0.528325301458806,0.766112007657932,0.570135790406449,0.556875198241985,0.574228941830796,1.15043015355072,0.903453360845244,0.87892689799685,0.801037739336045,0.905202456525369,0.974457490417455,0.947821179262842,0.858603851178841,1.01963668164641,0.920040876530518,1.02688171724559,0.875619339059669,0.910761699673519,0.750514320711666,0.856601644653174,0.694068788365369,0.699432714269771,0.671421507420957,0.774086640264432,0.665727460052145,0.693684732492471,0.785655512710912,0.861481650192739,0.852527561782333,0.710255003548835,0.846947215515463,0.668047832507719,0.553957093896637,0.558775530980304,0.414640226012788,0.494798279136418,0.378163689964193,0.449817343837867,0.568889680345775,0.529026455470114,0.517856346512033,0.530188795142139,0.526323084757251,0.585732711059062,0.752151604117934,0.695378050163744,1.13050952356413,1.19224015625873,1.11560358438712,1.26257122552501,1.38277271697782,1.42430152027186,1.13591852452245,1.22369245135822,1.17501657919034,1.14606854823334,1.41427323778889,1.3268782487413,1.04414045996115,1.01184226509033,1.03147486295339,0.927172679952573,1.04089183832514,0.816307686147382,0.685041953914715,0.644343770454513,0.580874338910891,0.586538055262192,0.394465250683109,0.51445270214004,0.505261664546139,0.471960169044549,0.553619262332164,0.647123228922877,0.611063611274647,0.599948716184956,0.702477383443205,0.675007326878807,0.810253928040729,0.793982839998034,0.860533597642781,0.937761796421411,0.998808344074579,0.929438645452896,0.418197214787859,0.353575881684724,0.514838033875586,0.546924881657945,0.454395008721614
1.05715013112226,0.985197116492314,0.873315064104666,0.95241789947164,0.649161734008395,0.878372459476986,1.05684206138117,0.796386375939027,0.753891372566144,0.763150671443809,0.821416196956448,0.795892665173485,0.67407277164072,0.712215637940783,1.11955372204533,0.973145679163086,0.940907925083243,0.914327787471478,1.02276529905924,1.03227396919792,0.853221930176667,0.962385997028507,0.938904661255688,0.845579030498309,0.985125456803685,0.957026083882381,0.815957462776287,0.714769524040638,0.71116501288313,0.918536095061959,0.837459147765223,0.62998837643858,0.811445261291751,0.863183463022908,0.637148329194597,0.625255918002617,0.709187480760309,0.591742361224873,0.510017499823063,0.825447331049335,0.871640270285533,0.786282955519729,0.775333319246849,0.970541466078314,1.02003306431881,0.98313305716319,0.929354770389938,1.19223973977717,1.29087277149937,1.26938155125479,1.44730471759391,1.36949693174919,1.4403513504249,1.62301822601541,1.16824996813865,1.20262527672995,1.24727923070177,1.29556740303557,0.999492072042035,0.99280935252773,0.945525423387201,0.875588676725247,0.720912475110964,0.62891198498315,0.78608224429319,1.06029626577686,0.831511497093657,0.676157628402791,0.658253866602644,0.659075209868242,0.695286498037144,0.761438138419733,0.936340561271842,1.03684979035782,1.50105490660226,1.55586796135897,1.69407800027743,1.65528471721783,1.58829274918193,1.59784922465143,1.9134218496223,1.56278952406685,1.76738468638498,1.82245315292977,1.67669295916577,1.49536317852513,1.05094421094586,1.09035551257445,1.02855034922537,1.0724474059595,1.38975363915745,0.93377227519093,0.856451420589681,1.46569500707676,1.76463414358351,1.1551576476801,0.826767644104432,0.909639722154922,0.683217210586997,0.639118504352363,0.611270842403096,0.537073221217265,0.538104437391607,0.647427348435293,0.713365149654515,0.659302104352648,0.7228795907443,0.809201831815015,0.835925310817204,0.76186980823859,0.78266182626746,0.876619587320581,0.818965609666491,0.78498492555137,0.713748610275289,0.759227466559051,0.864396321059935,0.764154326820887,0.693690788589112,0.7068372462523,0.739806655523193,0.632943969464691,0.666726383683561,0.566658946315376,0.611280873920677,0.666155639921787,0.728831545478543,0.629719571040353,0.699695925717933,0.830963905873017,0.770432402183324,0.784090625105351,0.938630909079936,0.940858282667396,0.725508757191074,0.75932593799273,0.976831371040409,0.855391426128588,0.814142257711193,0.882656278178396,1.04686487389844,0.97585910052068,1.27589565400752,1.95306899973996,1.71489098082736,1.68841382085545,2.22499918958128,2.85844647757472,2.352218095491,2.7062854412074,2.0401727933927,0.632493449115382,0.588538710064298,0.495719620495219,0.63254854292001,0.630947911950134
1.20951439297955,1.15951206342317,0.979396975684361,0.875938489868977,0.951795535016745,0.974312632290486,1.00084136350373,0.867113314372301,0.874539958967333,0.82565441655929,0.696059464607519,0.630781936428745,0.895262802629952,0.654592692969955,0.667996380715522,0.740210524844982,0.672762683132569,0.638750542041774,0.779322325069856,0.670463633828103,0.605477586475238,0.674110360349139,0.611247315443512,0.620229180602742,0.53338439530192,0.477822590416969,0.497937302701976,0.597909529896043,0.436292389829075,0.64822816718379,0.569918275589379,0.736235310235469,0.806002807367378,0.799896839551062,0.587891496908647,0.808582056765127,0.919223242274525,0.915149414357581,0.74715043813686,1.10061559704381,1.42603797523032,1.38334648903506,1.3199661737294,1.78288025914827,1.4133902937031,1.2276340491856,1.39739219749674,1.46126312024963,1.12663638044309,0.928306183700749,0.788321656326994,0.706282457426605,0.740944269074742,0.824045572302889,0.73955338295884,0.774618528495762,0.819674097267316,0.573665814391815,0.510380088184719,0.794278576734558,0.612478323283245,0.520427255935094,0.633937493840681,0.883291298352565,0.748134567676575,0.722697777295797,0.836066819067584,0.74628508680883,0.869387095129051,0.896927490379187,1.10208465123499,0.995504078708607,0.960832536128344,0.928251914061783,1.27164829114538,1.18730479998907,1.16203017229178,1.30325242366732,1.18524400839095,1.19137548018571,1.42377223388987,1.27741540848926,1.80813557743543,2.07326752903531,1.77977693477325,1.45500107862878,1.3512229396508,1.34489198390789,1.23606397457482,1.21104796259045,1.42727634832102,1.42326471625292,1.1857500667634,1.20862855918452,1.16115764630301,1.01083611919557,0.957297473802772,0.906916194907675,0.943874437394728,0.635894091054688,0.560778469916124,0.858955747359677,0.775977224755047,0.708732408283713,0.71801514825805,0.724919888254712,0.748682740844068,0.881102824223497,0.740327624900702,0.641914692439448,0.723213398076264,0.910383664791734,0.937948917832731,0.757861095650399,0.804005287747907,1.07870101607502,1.02169538503217,0.805586752291529,0.888599926535462,1.18591765890567,1.09628178433651,1.02207436230013,1.11595548619347,1.14052202270631,1.38187031600005,1.04913552180635,1.04064803441266,1.10611647481312,1.14078587977094,1.01076229534353,1.03608341380948,1.11763381709997,0.87304271042691,1.07663711029532,0.921281996529627,1.00220921355152,0.804343052962444,1.10531133238844,0.843501501874806,0.681463844809312,0.957702530321849,0.809587034951568,1.31660658898521,1.78817397553288,1.63956954251357,1.45566938218341,2.0666986014484,2.66803946071771,2.05013362760212,2.50420250119593,1.73243209032535,0.85188408217455,0.833371960030874,0.698311790817642,0.988408657069898,0.824831300344141
1.34743558363773,0.988502725310907,1.09745689726334,1.12452248425615,0.594187326832416,0.854881700587214,0.844295158651708,0.69438328293272,0.685660579204121,0.562357738178336,0.691783239316827,0.630241608430058,0.738694196754739,0.736378965853923,1.10690112866321,0.903608715986536,1.04138064736934,1.05903200975173,1.03265386677739,1.15774616358756,1.16285224776683,1.00204140026322,1.12224315916331,0.975715257120818,0.846081105166598,0.832034730782797,0.83414131923548,0.811794146958501,0.738586643562453,1.22744333656006,0.825282592067455,0.847770428593553,1.08946748091787,1.19250059609733,0.71805984555856,0.845103636427527,0.999687560620305,0.978483400393977,0.827947787813719,1.04509693543862,1.18012031043652,0.911180812213574,1.01803878613443,1.36498686160807,1.20688091816187,1.13256644964351,1.09851270047862,1.74778304715272,1.36545184322179,1.58377094446419,1.50243451688729,1.33673849260113,1.49377358487432,1.59028407048915,1.28681785369859,1.29329826463902,1.4816488090637,1.06986403711044,0.967241538937379,0.848381651781933,0.936051008573484,0.910288154635276,1.08870026681193,0.840085606078932,0.810885887040359,0.952616188182011,0.77672667669994,0.784852050305388,0.986019576999878,1.18542272885461,0.956311945932516,0.932540542824996,1.05748415432404,1.48318890006042,1.93565377500947,1.06548902216382,1.33398865511851,1.72335407017803,1.36140775098792,1.22719309559035,2.29768147379616,2.33848012977579,2.3678768965624,2.85301814404289,2.42724665563279,1.77957127163119,2.21730669474384,2.19674710324936,1.41989684021979,0.791989499965964,0.814958531470922,0.766781815780579,0.61943337264332,0.776970154497433,0.829007934868008,0.887182072557143,0.72818456713905,0.731302666739405,0.66492594805741,0.649035718208109,0.603094059068105,0.926825697427803,0.794665763597526,0.647357223989775,0.699211113230446,0.822392039672311,0.730554094379843,0.61250254420565,0.625041150297487,0.72850394313258,0.671872277094407,0.807822463092569,1.05495727455032,0.940122718358026,0.770044426644344,0.92293298973019,1.11693017910068,0.94799811721326,1.07473839751388,0.996394588616599,1.16378387826833,0.82995937750617,0.844539299754682,0.770079805698435,0.582118349415575,0.480765856324137,0.679904150727612,0.554265405809721,0.577029155534768,0.512753756708781,0.615118834016394,0.645415195838933,0.76274433345312,0.825516668815582,0.608110942622504,0.690664717834098,0.822869133212567,0.792692809168384,0.790752806792429,0.500474796872811,0.9094658470166,0.715115141866266,0.924526956256781,0.834159362193097,0.846531281688112,0.933029073212142,0.945796958213304,1.00351458531696,0.999148298575301,1.10832163123308,0.969613302169955,0.486444906808252,0.423146310339162,0.536397344559983,0.569419912726552,0.451778081127034
1.74500766053034,1.37340945285719,1.66492046160315,1.68118033975631,1.41230410393641,1.26048309114366,1.1493806165825,1.26521466527212,1.07884812226468,0.902357492157748,0.674730300149954,0.758359291118725,0.97854140754809,0.992801553572508,0.971020824785412,1.1771881800348,1.06819999751432,0.983612887098901,1.05434190989287,0.991240713425212,0.897435245714199,0.827079712868002,1.11322599245145,0.819828868988136,0.659242592001259,1.02021244478488,0.844841290165624,0.736864117408795,0.824731528269957,1.13183212441845,0.969958956068761,1.00250101821372,1.08956521777128,1.21871457202522,1.15302443689719,1.22588761528257,1.12626207141065,1.03028687826324,0.908980105447332,1.1244615885864,1.26978547274626,0.920550179238302,0.963860233767094,0.970071246440359,0.893729109035142,1.17109482637947,1.01906719103694,1.06654916064757,1.3353232188706,1.03286988357179,1.36063821141998,1.2119710841245,1.53068829350144,1.63432606157019,1.23789112967666,1.233445260893,1.36563666056913,1.30651750416406,1.34213879558836,1.09272602699408,1.0006855608769,1.08421227663525,0.92856543074403,0.617903940848008,0.671845829911302,0.840948142652948,0.595385902363442,0.539429027243486,0.781857326821126,0.868706749053451,0.91507748732081,0.848053838640978,0.967494792890151,1.18270860825411,1.21858197163259,0.820850958401394,0.922084208233635,1.40660075217576,1.55044495212241,1.22866555909456,1.3731952986222,1.47246526108704,1.4528327328014,1.64106976752601,1.55218697433392,1.20575376645434,1.25437939793385,1.32577990685105,1.01611390393851,1.02798642255699,1.02371482976292,0.983937730463417,0.885387984230156,0.919925407143679,1.11469744714649,1.21013257498003,0.858677281083231,0.9287660898901,0.742241952271702,0.811238299132171,0.775431835785922,0.958231139565347,1.02604812115068,0.689762619425028,0.785371754519749,1.04996232967435,0.884799818943784,0.737257563862635,0.692210146511503,0.737973972048932,0.690991270014149,0.579676495392789,0.651585996073074,0.765484192853423,0.778618846263045,0.884805083370598,1.00841842963074,0.991806599386252,0.925755241800732,0.966301193223155,1.10367233853257,0.969708145628889,0.89187895597721,1.05276024340533,0.669876307224645,0.645694551980742,0.785746759473072,0.760159280043545,0.675784807198844,0.907047632680547,0.798461105461517,0.722525670809839,0.891804497908786,0.921501223611742,0.737236080409065,0.837398285764634,0.996181134702565,0.82409934546309,0.886318393115003,0.845531705202123,0.863292330727565,0.920281535236304,0.853554407002391,0.914395979643669,0.949076700017176,0.95839679669134,0.962411484668103,0.954641076157413,1.14241451305129,1.18908708784495,1.04373607774565,0.597469862082216,0.624194975167329,0.60705101389963,0.650652418674435,0.607919284658399
0.960950829370109,0.799122871825151,0.880949519347752,0.896462741266996,0.823903505107571,0.785191202477039,0.829946383433332,0.726126297293672,0.763327952694484,0.719723145799004,0.69590155719387,0.66343479314399,1.13895461632262,0.916445470236153,1.21581137133942,1.27470104500757,1.04094799072293,1.0668382895032,1.25302619794756,1.25440120080281,1.04989308237589,1.0781142799642,1.22914589573811,0.96925162545057,0.780261694964629,0.938326761524732,0.885955489785932,0.747639432041015,0.886403177507358,1.04754695088689,0.72780611971106,1.00657533710358,0.992062524004457,0.9317183795733,0.998454353146074,0.875597527833026,1.03537151858091,1.25473732189534,0.912152018622724,1.17895201315907,1.37941818736632,1.21548061674817,1.25209822376534,1.53326423140177,1.2088203107526,1.23958674926497,1.38643068574075,1.44051302103987,1.25673782233064,1.20090714407757,1.19771759963624,1.21095152479321,1.45709356273533,1.36448400834426,1.28823902128717,1.3626879499937,1.55248523130497,1.6871102549666,1.34181487678335,1.35676289433404,1.09465668683463,0.959268193703935,0.998548370789707,0.762417999659476,0.6777248424684,0.937648099943091,0.709877755187939,0.52809126562474,0.571962643919333,0.647725512286156,0.620864152615879,0.596553075000573,0.996599234547042,0.97427283826427,0.973100144220569,0.788971308843376,0.957072621305036,1.07109979879184,1.08981837877255,0.934288195827571,1.2310893697351,1.05423890296674,1.66143614140799,1.87050080120745,1.54820591769367,1.26429778201354,1.38741841673761,1.51718452168338,1.08523272859353,0.869447397167401,1.04533110213918,0.898846081224255,0.813435124549885,1.07386060288764,0.813322654260892,0.636753635373579,0.700661270643384,0.576048569239489,0.600286637669785,0.654226113576396,0.546417296694345,0.663537755813845,0.782462287961363,0.758377848577894,0.761522463977424,1.10562209074112,0.893630385581436,0.769629323292069,0.931476116979552,0.855439437022772,0.767459716622137,1.1775136521594,1.29366359230787,1.24878776961639,1.1101169490636,1.43099885364465,1.80993901436116,1.32077304534212,1.44657978732017,1.49552042869092,1.74653185718617,1.05216750464814,1.25470548899497,1.30704175817769,0.960001011931702,0.698293393003624,0.893924052679413,0.836982326564976,0.702789607550534,0.691880199802694,0.77072568637128,0.858873595394522,0.591901035059512,0.695508588519529,0.728595321319802,0.633334209749031,0.611105579756929,0.706401523089952,0.649486710258881,0.566785470066229,0.717258444567552,0.737365105526851,0.82201356651089,1.04858798572086,1.01734268004956,0.993548227519298,1.24506283849383,1.39742648535754,1.28369369761311,1.37206645720363,1.09358949048269,0.427326930235022,0.393172086805297,0.669943711500803,0.73191514919969,0.566063116569613
1.09517629605375,0.957011282397699,1.09780722624973,1.09819847922733,0.930380889240234,0.886701516781171,1.05594322312094,0.799340763027998,0.720779668218831,0.744142647078774,0.714441941434497,0.674666982379486,0.704921899862849,0.689630046226034,0.750683823732426,0.7208516229503,0.812257393322453,0.924436602994177,1.07067738921607,1.16195182571847,0.966637819628932,0.941789807260725,0.995712952482035,0.814865655073139,0.804964049886706,0.789207657719599,0.591390370293506,0.612711217900237,0.607653293411822,0.82421978443382,0.783188877589457,0.825097864502076,0.960365987178692,0.930150548949656,0.956063705549004,1.09703464016155,1.13865955548407,1.29598305012365,1.07294774825728,1.24021792867766,1.50781507228839,1.27805446301611,1.3121874356294,1.55755315651612,1.24673985261142,1.17936379307636,1.40775656236972,1.32742931031309,1.0539704772205,1.16834638081983,0.999434862827143,0.918378075289883,0.986735192717674,1.00520777899861,0.953904361824569,1.0037125471277,0.957292305208382,1.11531897605998,0.730552531969714,0.993281706497454,0.927209808754045,0.847439917479674,0.89668629833756,0.758162393291021,0.789755834938933,0.908980186067166,0.764098809057617,0.742744160494887,0.835852102822902,0.959738819587681,1.17746646085914,1.17825913595817,1.02642199994972,1.41797412880517,1.81224257678059,1.17608257909902,1.27102739066138,1.73765785581849,1.29091352824934,1.35484060536953,2.30715452149063,2.22921102567896,2.20194337703736,2.30781824389329,2.15784899768213,1.60444099907742,1.87577834145505,1.7680301275529,1.36951166813138,0.916683225899647,1.11137712279201,0.869308947211238,0.802127411264196,1.05191601157455,1.16032767108208,0.662397339633324,0.829736456216214,0.811151020893535,0.874265465274815,0.703086720020215,0.874538164674527,0.706105422999834,0.749654272433631,0.625880235992306,0.67908487982964,0.578575535633523,0.596498913527213,0.599484619284183,0.554220801833413,0.490793240221061,0.503081460144632,0.604028647143448,0.473067839726336,0.58448204560101,0.550783041151515,0.782313393661888,0.745052408908408,0.7474479688543,0.713444985134505,0.883629330843865,0.768795446566329,0.83807350119711,0.822960208948825,1.06139108222526,0.784033291302057,0.917096686349234,0.818217132682097,0.717036273229648,0.868600402923169,0.877294854451788,0.76171923713286,0.650902173082915,0.788546769975461,0.887023613672896,0.682399644639912,0.731669589372736,1.01181615497585,1.07503238112373,0.854530401679471,0.946447905071464,1.39616980170771,1.04300112463705,1.03506807854982,1.41649985429913,1.3723416559056,1.12604024205626,1.45072597406711,1.68762710004843,1.40189391771252,1.6289729743038,1.1069872130393,0.577542250600671,0.617696693267279,0.693229380417177,0.774670432192496,0.716211186571691
0.945664993009788,0.778630892648307,0.750049251957885,0.79819562657486,0.709290675172023,0.581730103562767,0.88365364642631,0.706139904285185,0.594561308864943,0.594246741310678,0.536270583979665,0.687892762075614,0.734893505015352,0.770872764492668,0.776533083628753,0.837601202826019,0.811243144679833,0.744083811879866,0.770597833182327,0.801871780265878,0.80907442729044,0.855123889797581,0.770651562200336,0.806899455172047,0.822907301631811,0.779602001188239,0.698649952774268,0.64603254999729,0.806316483110134,1.07157731190019,0.718954138078647,1.00572048022283,0.939253738071209,1.0660852298956,1.00540567414894,1.21895802942212,1.24906151362455,1.29771633587811,0.972774676402317,1.34512707225834,1.62357840991042,1.17517373124824,1.46757780566824,1.65716642855617,1.55556032062322,1.42458547003668,1.55867038161054,1.51930208392656,1.6669166574146,1.47475140244449,1.48348176369532,1.24619653421314,1.32101906237514,1.72324980896824,1.26721512808409,1.27713840042133,1.45612788348671,1.50428748530093,0.840511034364962,1.0616724417869,1.11486095001461,0.815768672558601,0.891929571689606,0.939872885909053,0.772165584037864,0.955578285933267,0.813531131923806,0.70146369509981,0.753905782898953,0.806199908464028,0.86458805780531,0.814637542048362,1.02130143016761,1.08101684862707,1.22944596289499,1.02223080891985,1.21921560844271,1.23039824425793,1.10762936720264,1.07678034974922,1.40782936342279,1.35415537449569,1.89022668396501,1.82154850879721,1.86114029647242,1.35469671152568,1.39958173942945,1.4047357427725,1.11526141521417,1.12312852528672,1.13251655505113,0.985589982820132,0.718807171752512,1.11482753558589,0.630791258929248,0.545979670689575,0.489419827440877,0.512301128425077,0.530421982835129,0.546716315071876,0.657084831093351,0.730166087902091,0.915170246086956,0.53688588562642,0.626664176714538,0.702817107478052,0.650133112062049,0.611107092968709,0.640075114174826,0.719463934802275,0.684035603743153,0.93823267528607,1.01039939027058,1.12429760636695,0.981740066517866,1.03247822737572,1.51782196639661,1.16220158468268,1.24364393658402,1.17921760213715,1.47174164598686,0.736402536395884,0.944564222364075,0.678979473135972,0.507436573760008,0.494845609216314,0.5286605300252,0.516495897714741,0.498986903124256,0.592750077350521,0.600152428080029,0.400048125827219,0.538444095008132,0.606182101018443,0.571024633539148,0.519684816770232,0.701438448852235,0.832417456448249,0.996145036794808,0.984658678227837,1.59336697383594,1.33474872540035,1.30988204080124,1.76490336356271,1.61637515905874,1.38708184551639,1.83470851689731,2.34411752905983,1.89546078236065,2.21695538241409,1.51596370864456,0.586239001658844,0.571345497278473,0.512112648882755,0.384406172141647,0.571342962908236
0.897080958776209,0.752159912216635,0.860043754066984,0.877089464101113,0.794905107134393,0.716260931900439,0.696421366108058,0.824699542167549,0.804569599346361,0.754512675305963,0.671936461079017,0.931214646317483,1.26469095771948,0.887442533908317,0.771948378856923,1.03600557373212,0.914868161152528,1.0278274503418,0.9928587987345,0.928371431045348,0.847307248642813,0.843648548378675,0.945415977512654,0.819897825129051,0.742008658103891,1.06451325668201,0.782619257372361,0.689803203529701,0.65390551017607,1.10076553130686,0.965129310931973,0.740131005876282,1.13115441749368,1.38113179112383,0.815427789570883,0.868844448311016,1.08098870243361,1.04245565235733,0.764517114230424,1.02699883228622,0.992024517149348,0.89488527883884,0.785162599145965,1.06771114875314,0.900859853859956,0.969673216965615,1.08260415193769,1.1901564469269,1.66814878025766,1.50051641137361,2.06370966484845,2.06800010689266,2.23462922951533,2.04101902030399,1.44802213322126,1.64811473516174,1.72412301556194,1.29118600461289,1.21570978106571,1.2573634864403,1.08109623995839,1.09525799011557,0.631995380761595,0.63427289854618,0.714441686925294,0.765044497980604,0.615362275508175,0.582037144136165,0.700957628488336,0.712453015693692,0.761181287001935,0.701133464240356,0.644924823076451,0.733228756775077,0.65814602400969,0.497745779165119,0.560152216830802,0.483070223028343,0.615207187228723,0.504659874126328,0.627425400149905,0.697273327620563,0.894732816715327,0.99328557395484,0.864840194814549,1.0339553316797,1.15723808331759,0.999416031980805,1.00637498188457,1.24764674753451,1.56033456142913,0.929703414020515,0.817349092503339,1.31862863681689,1.49011745315296,1.02512968291236,0.881122654057511,0.951864579044955,0.779900621988036,0.599123511444595,0.90921811002502,0.613064706767802,0.550666627216759,0.463933595196334,0.527321086125293,0.594701064455064,0.521266991269661,0.508406171472843,0.527931113375022,0.665202274914808,0.553930212928127,0.656642897708157,0.761929994112789,1.13795648489437,1.22296493449406,1.29818416743956,1.79114602689624,1.58059039823959,1.6998022900865,1.51300574260237,1.95648030227366,1.36808335208159,1.17794306426534,1.49037551892642,1.16682193927874,0.612571473897258,1.04042986659366,1.00515402755919,0.575116553600301,0.561296928747489,0.572481826653373,0.458521949125574,0.536378643007519,0.74821229262025,0.767392852778148,0.910150922295598,0.892646064095546,0.90828790417871,1.09375983431318,1.17602146554681,1.11585916828054,1.10585983185559,1.52067479472905,1.94610884881199,1.70892362729742,1.72420967087102,1.70610435131712,2.08000941405172,1.88975724900397,2.20920510630251,1.64752826728133,0.619719200388435,0.503129111846371,0.549807976488461,0.629459113435601,0.604630137067118
1.02974095255164,0.84752346387685,0.880940203588181,0.893379026013506,0.832758107648933,0.803129253857933,0.829420915315594,0.78326868308751,0.960801638067572,0.742756478399909,0.622749772054702,0.700507827695732,0.668349701123372,0.844699818924616,0.659776086848564,0.830704485967899,0.805943829335822,0.858752411195333,0.574616564238729,0.5673058464516,0.697032702490974,0.594412627672503,0.505174611622295,0.650624248191856,0.627012136517806,0.526629259967286,0.644406645385419,0.631862966258864,0.497968165658564,0.783266414934793,0.653310812258218,0.611586470593296,0.913529852374374,0.722374862366097,0.592427328537561,0.616486758277343,0.748994069462973,0.852345300801968,0.676277005467159,1.22461460324413,1.53546189040833,1.34843680955214,1.45465308888896,1.93058081772257,1.59665864488672,1.52017992231572,1.52648621581001,1.9475800280498,1.39686847336867,1.73008883500479,1.58918408157807,1.55812452525228,1.82816860489252,1.59643347525477,1.20887909974224,1.31702429467639,1.38379937074431,1.36091132825563,0.494716363978221,0.645858325710341,0.835794647348202,0.534851701661784,0.397256429799367,0.487417818124995,0.587007919077182,0.667134222882959,0.586038004088099,0.63452204428562,0.833907320175095,0.985332527997441,1.02011190696958,1.0581923813277,1.19068039086583,1.43324631748663,1.31995571330309,1.17563643368655,1.32361298330465,1.33538477415881,1.27760708058431,1.04684091339187,0.999764661413927,1.21867908131134,1.00171211079302,0.92665405400062,1.20991636017257,0.798989601435431,0.599527825559167,0.479663479612194,0.493770238307741,0.991423591448065,1.16239504715425,0.756385417575448,0.989656390163578,1.42697461123391,1.49741920656162,1.00433024131024,0.929133029147215,1.23565056047155,1.09506140945249,1.28446129005156,1.21981552206555,1.16164343843893,0.913371649057733,0.838260433070055,1.11054396437437,0.928478401778714,0.658035600639235,0.81099476109249,0.702204990639206,0.666938736127958,0.694780759730553,0.820764706625806,0.824649258971002,0.858203220174848,0.906084030130237,1.21738774524296,1.11153109756877,0.970055352100824,1.18257335046689,1.28853129289763,1.43099387083024,0.983536819114087,1.04521948147669,1.13679611612743,0.962669976833877,0.924013864863425,0.855619806511562,0.782310366506124,0.857886181161607,0.861915068090511,0.748431303879299,0.654014632776272,0.719368425591243,0.636764545916168,0.817054918806307,0.884701081798338,0.745336404058766,0.920697038202036,1.04100276283302,1.13221865254627,1.06001446431319,1.06265163011747,1.48547851941927,1.8040187844403,1.48997520523118,1.58057186141382,1.95383835201728,2.28614457323776,1.79709124225557,2.22959309093388,1.75809964320825,0.658790133404801,0.518041731140018,0.550518056342162,0.752657299460271,0.677459941832099
0.873525758694246,0.914024081732954,1.05088454419394,1.01295375293445,0.957981005454987,0.793359888402474,0.959843085043459,0.875636216030526,0.67071907842378,0.783075810923185,0.691167146537957,0.524860677516363,0.604933511741857,0.703326669090601,0.769714982521273,0.816679577517718,0.753738603847521,0.754049019213311,0.963349152834581,0.820940571530164,0.666878415116592,0.792445651295997,0.746942037940955,0.728884370779079,0.574179997454924,0.982062628918436,0.61979860961251,0.613481564880042,0.73383192655035,0.908394028317313,0.815859917935726,0.840608134966722,1.51766400108607,1.64227928246122,1.04354760964238,1.303178964655,1.43059976586822,1.64653429459644,1.29309402540695,2.11572782822012,2.15228764499922,1.59779314435572,2.03525333900119,2.40977385066606,2.07622993242767,2.37253447120935,2.39815786494489,2.76762194902281,2.22139326462371,2.33511788271898,2.58038384837741,2.19265550443483,2.42683401146496,2.58572515015237,2.04983370973769,1.60447793425926,1.96663908703643,1.79173862541708,1.39021343876354,1.50135068383047,1.25275610722483,1.07475974092665,0.990826840491892,0.81822396654136,0.760684745150795,0.721610969974603,0.488988720959795,0.524591823294709,0.601566180291037,0.599242798797648,0.666915073476995,0.793780912313462,0.966004810708035,1.20660755901743,1.15877465996907,1.09732379030298,1.20962569755649,1.41167347101068,1.12592200143047,1.16646187713859,1.26293881127514,1.20968312298917,0.931179957497823,0.842078579503477,0.993154968814692,0.788833101177678,0.713128144052306,0.568186291900995,0.643884211448328,0.68013119932831,0.805767362184513,0.63122898361636,0.822460492776362,0.902806714485125,0.805251569972349,0.76410092912586,0.926689231100587,1.01124795545171,0.928139141535315,0.986138172673188,0.748088235985598,0.64840047112888,0.923636137351326,0.696073570969899,0.623982245378438,0.865005770399972,0.688904585773591,0.588087844339468,0.539914603866641,0.599057160775088,0.495832420210857,0.535143334265513,0.578249912165,0.612793460265511,0.597485730305948,0.773398128480729,0.90690939432385,0.792849310213705,0.827116992211746,0.888525384558723,0.814240426218327,0.671121764484327,0.673102959629216,0.711533839038017,0.629773555588583,0.674888001564309,0.674692425726874,0.578162167954291,0.529615923341667,0.734434757568554,0.607215212971152,0.538808019307814,0.576145458098078,0.629653531473259,0.636142100074826,0.678234952314779,0.693097103218377,0.758111167565036,0.7396583070803,0.819478130856728,0.683444864411151,0.618274636420103,0.908304610618904,0.904899307658812,0.726017478659051,0.840365413621672,0.921225812262107,1.07338479581453,0.87116152199831,1.03967597717305,0.873852026168555,0.575651450731471,0.576710284543502,0.832480297753789,0.916120267971248,0.720724542327897
0.962635288740345,0.827145923554449,0.950923970531742,0.870062191800887,0.930418086211377,0.822654892378422,0.708313247293298,0.83611735329925,0.868361785303474,0.659283470089738,0.657097915665502,0.678703117139074,0.834728987945249,0.744954832192223,0.873584719884682,0.935705312436145,0.799428814876862,0.899686658332816,0.954672318467142,0.872241881041476,0.728730273066327,0.659416447413598,0.625070352585604,0.617318083605382,0.552484938390939,0.58336774224499,0.506877133494038,0.538086806197213,0.538185206791215,1.01982410602359,0.764795015301889,0.762551274645205,0.895864888121172,0.957716038620281,0.834815406431993,0.900336339281071,0.877926715960848,0.849407850540372,0.850840191253595,0.941054389898244,0.936669865484761,0.747437715921798,0.747048190378034,0.931436621578957,0.805784504832625,0.920450654063067,0.976855740381233,1.56844986163739,1.75514551607844,2.07902036373418,2.08026217098511,2.02936217624674,2.17815867948924,2.19852668142498,1.50117330180208,1.60730486667941,1.78399005338616,1.7051692589547,0.597053983655375,0.779912268430571,0.913479426349385,0.588248691568653,0.549050099515776,0.561382688235481,0.534770411542622,0.575387061274884,0.47773556795249,0.46738534681918,0.627423625414298,0.679944053174147,0.671023568158003,0.722444495911077,0.902968466868833,1.01489186422191,1.26768528301491,0.681858607771194,0.794104265336448,1.01278200387296,0.937999250057839,0.835734193807325,1.46862137732859,1.59744349729916,1.65368379875742,1.61933934624422,1.53502545229161,1.24597926865173,1.52177847739431,1.43440875943985,1.12107072723531,0.903956150123244,0.830514407501764,0.643754418298063,0.807418324425575,1.50563508881476,1.54572744529101,0.793066267048504,0.749076863989305,0.876586288508129,0.820151897315496,0.951237921967638,1.2725472219155,1.11726083342642,0.832655283743271,0.856674143789224,0.924327615795297,0.812224704413886,0.63644618757585,0.607619323581538,0.560906829447017,0.61095739684902,0.512138740324176,0.596005448269003,0.637674829901865,0.747468297675993,0.749251484568859,0.782622406112893,0.88472965558302,0.858201647339641,0.904203405578338,0.800675896319404,0.949061626187638,0.854850082425354,0.894222351937647,1.08386360428453,0.934692030241173,0.715666286364981,0.767968010932688,0.712684916807666,0.633597547503876,0.815420037623004,0.726890136440915,0.767901355218927,0.815101054146974,0.889565336994895,0.960940334017068,1.07780821794508,1.1066864146201,0.969483822162123,1.19241422886829,1.3861318273501,1.37710360988772,1.3111762225374,1.58563713906439,2.38193154588418,1.93103480321031,1.97940412513015,2.28754289681717,2.66398174929192,2.08276047650038,2.36295113442339,1.93647759173382,0.36850912304824,0.368221940491086,0.497196557955559,0.44763994045427,0.397513378297097
1.0948320727253,0.959226236765163,0.750160624660479,0.822360500638663,0.823615445256763,0.776163418860964,0.944628819178279,0.631300099083079,0.830062715330167,0.65435788461705,0.469101435340783,0.506247069247919,0.734221305890093,0.781003245372513,0.944517515341033,0.964672534621288,0.829630945404849,0.92325225053223,1.13397348831062,1.05509001762813,0.890842540377858,0.892383364297579,0.851114604008132,0.827860042670325,0.705172628536218,0.798601284002756,0.547118924879018,0.559472944287062,0.485368880314962,0.662459446936116,0.434070775812383,0.89897233292567,0.934487143359832,0.965202509383455,0.825731084569074,0.931919420840441,1.04271358239115,1.29514142296718,1.00278124109326,1.25514263495911,1.61557841498192,1.45643867215874,1.60028754270863,1.59481486478276,1.45797608109564,1.29621474239958,1.55305425613591,1.62621896902911,1.31297269757348,1.16369866915096,1.27166282650418,1.28335709203172,1.57615671091961,1.39980899798759,1.03543498115715,1.20654727292825,1.28586863928468,1.31622325745093,0.954510815379127,1.21167574325604,1.0565038613659,0.872961863523768,0.815844967841498,0.723993582124627,0.703847783063138,0.822127946732656,0.736037839272923,0.717663766975299,0.52550224653825,0.562342772180072,0.583896181225729,0.619930646797926,0.760614274384907,1.03160120196552,1.15029131477006,0.968789586110902,0.977772971920896,1.21702167395535,1.09677275609585,1.21538877498947,1.35014165061851,1.46452812180743,1.86707851204482,1.72316209751924,1.76626685476559,1.34516010631673,1.36920128591056,1.55244497193965,1.09890221614299,1.1075685661398,1.3054908139603,1.09258610665093,0.843171606039559,1.09413997732923,1.01185504033157,0.885462105176781,1.0093328545021,0.869590902957738,0.813994839500843,0.83118330373017,0.925147278439598,1.06095673049211,1.12238463010227,0.915314872271244,1.11174123710203,0.749522363155072,0.552103373656021,0.86175977771059,0.567989548966332,0.64527918950196,0.589309424580928,0.591414498804894,0.810932171440112,0.639952398389476,0.676243571978685,1.00253038909605,0.909994670981473,0.915124975667866,1.14821100708949,1.17984316011433,1.38835448179048,1.14336142680014,1.01540840862629,1.29237748459551,1.11180916389938,0.945010656537347,0.9194848553009,0.879832357515019,0.905721212540755,0.85862416809651,0.822172899276646,0.970341576545481,0.880325623647251,1.01361153097433,0.926599095539345,1.08420209003979,1.09266954945643,1.06280204953291,1.18644767081713,1.03168934519754,1.42904464094866,1.26761691642494,1.06689552242973,1.15440076136714,1.25516981822328,0.993342368627024,0.951616244620431,1.13989603992456,1.01677199238009,1.0341763728841,0.963684636345315,0.716775070053633,0.717443923924129,0.83926941732621,0.84762893849749,0.886022794201341
0.809022912404719,0.809997008160412,0.820836964687932,0.831237850647584,0.642332708021757,0.815840678895559,0.783562831488331,0.775757606235844,0.643420119332342,0.733553282754282,1.08377717052149,0.600009979074291,0.646510869611144,0.90889661111096,1.17370240574031,0.54075172240746,0.793027230042524,0.966278804522392,0.674231651681413,0.53214287923896,0.919442789421753,0.69414932625262,0.708450541665158,0.599197458546026,0.670920006980214,0.724229568658893,0.592549557539778,0.7051021046923,0.799742230414444,1.06503624384786,1.00572958479124,1.1631395260693,1.52500402467713,1.32609713723032,1.22770671233399,1.37544716956719,1.41271554383346,1.58461212316775,1.32290883684883,1.53650695868214,1.64652223646069,1.22891047259773,1.32062347566739,1.64911494526115,1.83169184638229,1.6567698221934,1.54170470372879,1.88871331959449,1.45186867859218,1.57716446086235,1.48871676577823,1.43467269020664,1.5467029667902,1.4396812691199,1.53807987725564,1.23678350692149,1.49306093816317,1.36364468326182,1.13792838437764,1.24132090484552,1.11247713404608,0.939836568883049,0.905642862177732,0.830567445997934,0.915304667323386,0.939221782668266,0.833409025193455,1.01781076993907,1.02060797510127,1.14091748273461,1.16722505779901,1.14350572491052,1.37048162052265,1.7965209547731,1.51132193986953,1.39318929362243,1.49674371168188,1.57895363519871,0.902010832966626,0.964374196392576,1.25433806007042,1.08000057353153,1.01611875476203,0.966035510588604,1.19126699759077,0.922933810347323,0.724052531616471,0.701235858314407,0.746449190922339,0.668839861752453,0.491112749401141,0.438694966872016,0.554720372136765,0.646858556481151,0.566258345412961,0.422734800864026,0.656349681536607,0.562826716359264,0.561096145411119,0.694529064264341,0.979834970274457,1.40907798445734,1.28964943490374,0.9880380857998,1.18362830122898,1.21190438822522,0.971155325626166,1.03414842288396,0.938582526622396,1.03192070482061,0.850399990305222,0.746532734758329,0.85631566106163,0.61497654160993,0.675655460280193,0.703273587053518,0.792451526593759,0.723620830533789,0.721773716416724,0.690539317053501,0.586144602601684,0.774787256420572,0.850343873766814,0.871383838930303,0.778949803852263,0.803614576080767,0.771582128412097,0.749928208962478,0.900951391122534,0.751911188723267,0.850977961279335,0.915124130866692,0.784108636632209,0.98923772612759,0.998258380126674,0.968067590262115,0.809154328363856,0.941545905798653,1.01009254706681,0.986701749581768,0.852435562715007,0.864028619342396,1.06309688139491,1.29155238573668,1.08488647962087,1.02954870045015,1.32560110304697,1.56781049910813,1.23642927815784,1.49918810730457,1.12811044019694,0.698974774552388,0.674346222472245,0.588020857468396,0.682640964919855,0.803153878126491
1.06382362656941,1.11957018226465,0.969199230415559,0.964007699080392,0.690685787610492,0.964590191858197,0.943801122657573,0.861052807317804,0.714234228685402,0.905411277667736,0.823472598309503,0.754535319544141,1.04919947569686,0.773819127477012,1.10658998722191,1.01621888497921,0.918037644953257,1.08005446755542,1.29801612321987,1.13591657963307,1.10700547968776,1.2425777366956,1.09983990878957,0.930397923849008,1.03985914972346,0.863493198594089,0.68954489357378,0.618032005401145,0.647226977654983,0.698589957719708,0.706384749288086,0.746010541991268,0.759404675227941,0.737013661281752,0.637904640319902,0.788623805609995,0.788146664221022,0.932759767483549,0.83287047088373,0.85251458181709,1.02526058179041,0.852663666585253,0.803221914027797,1.0691564614448,1.20888498898815,0.986826173439818,0.894310145395045,1.00434231922639,0.88406570495448,0.658869759825274,0.803543699796139,0.721891614921201,0.825589318029045,0.9488057238576,0.960183674427164,0.989333327170391,1.21502480853075,1.26099250156694,1.38527289679883,1.25617322928811,1.07894953346845,1.03756483901243,1.22459607272313,1.016982682643,0.979557367422431,1.17405089241591,0.965870587811017,0.861947196908645,1.17224038393324,1.04572482278881,0.948483477252217,0.90676482413729,1.27314204327092,1.01279897198525,1.05199053544561,0.974387153780419,0.927927226662355,0.915200287858836,0.780018874436645,0.84274348459432,1.14105286141685,0.988485591366081,1.01329218617168,1.06624410177793,1.08262500727181,1.03057571074297,1.03657827667236,1.13266115823089,1.01353721286743,0.91114009799223,1.08664949405437,0.960547097076176,0.919513794660805,1.10010028716389,1.37909000798561,1.04381660435295,0.943547531265949,0.907463104488544,0.857928997891118,0.770433858812622,0.801160126633436,0.874542573524434,0.847312351794137,0.833738969535506,1.01483437080066,0.852153985340452,0.88200258131893,1.02988904977848,0.866564880713875,0.68656459971751,0.716869843409311,1.08561712993431,0.989928823225538,1.12509655416018,1.04829424130411,1.24554361915755,1.54141398916814,1.44281031021906,1.54536493101017,1.29925058268435,1.49322530216567,0.885918945393045,1.1039169055034,1.14900210690873,0.783287820587128,0.95722912440314,1.17765422248911,0.86334986672589,0.969277236410973,1.10394693735104,0.951628803211415,1.09823161807281,0.869570782944982,1.0073943726953,1.0102844366124,1.04374398130988,1.1425048464192,1.07516736239837,1.03184722412363,0.871337578172932,0.861191413033067,0.877671422292087,0.968969863759001,1.25809870387021,1.27088377400284,1.26680085237528,1.39354021154806,1.63270234340103,1.52398886190604,1.67187771308269,1.3793880285469,0.90875743400793,0.874898718383501,0.785592924832799,0.920577523703913,0.886513320517801
1.21174843945975,1.04508407334793,1.16344760963987,1.15818191635129,1.2257270510936,1.13299779712487,1.05822377990168,1.01907424222251,1.11486370999628,0.962151986005862,0.761463530494781,0.649910724983628,0.868035039453381,0.740566971099618,0.677645248463565,0.579086914745931,0.630412981600369,0.629415693842513,0.536863224525797,0.430084959262769,0.530529448212869,0.414563038113194,0.327945678304082,0.451596351620118,0.43620885443823,0.515060732531078,0.486312872600647,0.637427488504068,0.487628778077932,0.976757091875297,0.673931087138965,0.700461379049279,0.927914978224371,0.878212710957162,0.736193852571177,1.00238293401114,1.03432384870849,1.08320846697253,0.841228816198873,0.981001971916612,1.15500745827771,0.802086277659233,0.875995708596898,1.15954152195148,1.03673774749205,1.03041259469268,1.04002780389693,1.46905692577074,1.54372495541001,1.78178987498986,1.75891245527194,1.66872850290487,1.78326758418256,1.74790033453225,1.31119617694147,1.32117936270709,1.57029183551195,1.39127920310748,0.605868027530043,0.642863672448122,0.719043700067035,0.497511962129931,0.489931453294578,0.494484521589425,0.462091019999957,0.415279246544783,0.397893708611936,0.451347779971194,0.499713352971081,0.494780149308596,0.582136404319826,0.756416830695295,0.828986840003716,0.841177230420352,0.897367968199119,0.796857448662223,0.836106371417837,0.886348386010253,1.0374161455074,0.895718555581753,1.07237568565828,1.02762283570706,1.01529500073333,1.02151996729477,0.904743520770837,0.722199926698809,0.779996015904919,0.804020212745431,0.611066538906222,0.829032489679656,0.895625060526097,0.822006543010952,0.726177755253938,1.22734681786715,1.43454670117636,0.95536370031619,0.745390038378947,0.85098242639188,0.797226179999753,0.597960028417385,0.614865295905386,0.606720904939239,0.640056935182625,0.549761164107537,0.662806630597544,0.682825583420263,0.712203030431638,0.743191881382779,0.739595755351682,0.701949952741061,0.760897323214688,1.11752423481999,1.14907425017604,0.871245130059848,1.00090459176694,1.87563527135116,1.29612910490382,0.908789844351744,1.0703137180016,2.1095794923228,1.12379412657947,1.79381069473235,1.79660571848944,2.26598910507176,2.29936910705883,1.94752175814028,1.63156834803299,1.68561866579931,1.91578782668892,1.69439280854403,1.47506274815732,1.05374957320242,0.908485432597703,0.854238151510993,0.716971759245059,0.706500673578691,0.862066792412033,0.697318550210147,0.828229761535951,0.854030423818593,1.05469390738108,0.898492170335889,1.17044683202406,1.92383533907078,1.62909385360749,1.47436180499244,2.10053844325635,2.67096314666212,1.96230437727353,2.42511976586272,1.62996619530276,0.429635355581963,0.508216436774881,0.46544893255866,0.7044257875163,0.492424713102593
0.92298502027936,0.850852452976663,1.0776772375041,1.07835186985852,1.04797236380688,0.790615172245034,0.91459843965615,1.0530545432219,0.942590045237937,1.19363500950971,1.47423772505615,1.45687464346063,1.34726720212208,1.41710693143295,1.46206424521513,1.31701113527727,1.06279997659466,1.23049913474578,1.23249514851482,1.05324771410626,1.07956425139946,0.600682781191269,0.439857202754249,0.486492263611143,0.649362311685214,0.667972981420418,0.516620235508984,0.51698863235788,0.604353313846194,1.0928499054643,0.725108639262274,0.574192507146108,0.972567320342997,0.909939016920518,0.692191593411723,0.652675440243636,0.778353157570593,0.747217212927686,0.687862310066238,0.9078982977343,0.949768976832968,0.707949840529146,0.802642609195865,1.0479808423382,1.18130935904151,1.11529587396229,0.950937083637582,1.38538313160058,1.89801354238385,2.16231541890111,2.19470331236771,2.21115474171007,2.39343950726745,2.2850900609762,1.65621358597552,1.66172587363835,2.00353115434139,1.84954866630282,0.974382909187806,1.07845657519361,1.10005941074816,0.777202865527293,0.812557446412964,0.804463392083556,0.72015895795429,0.865815549227778,0.826253162817847,0.944196185995363,0.859918569745534,1.01938071354659,1.0130333831056,1.15924411726353,1.50656143464202,1.30406782200409,1.20616700298076,1.17430892912935,1.30498655489078,1.23928143145632,1.14675593279278,0.973092756943358,1.20095312410558,1.04474635399318,0.822590778799451,0.896263798006765,1.02017868213949,0.838087158343808,0.669806784068364,0.675918398398532,0.639337575025087,0.861812534976015,0.496155298918006,0.485859727085239,0.462084933331476,0.712306756710964,0.620150812426337,0.489056008816175,0.544569937105371,0.509893234049583,0.435732304955921,0.392434010158767,0.566229929206764,0.6140260477963,0.55077108137413,0.6264402109137,0.768529200648807,0.494139428591137,0.542403999798792,0.605501262092872,0.502686776424257,0.48891464209,0.483288216026483,0.480740913542223,0.527318324977752,0.456954216643116,0.754501894324627,0.994697773951976,0.92126799894748,1.10914727274718,1.30573388110025,1.14112820471111,1.20662692360656,1.24118362551786,0.92231220131112,1.14532769667971,0.691091678908711,0.751581706267986,0.98109097268237,0.693603908214272,0.652938648631589,0.84427139223887,0.805389459215908,0.520346807797419,0.876863009299839,0.883460486612456,0.658683485627033,0.628773887183681,0.828794929959246,0.806937838920492,1.07649259240426,1.4091102932149,1.42258214170387,1.18163389806933,1.34686796233352,1.89551730667415,1.54895712525609,1.37686330294626,1.89267788230605,2.43462790568234,1.88426405884786,2.25559420911401,1.56070556672303,0.744111324874923,0.683685393214301,0.622995638427635,0.591842272306844,0.683798909563293
1.22709337822113,1.11606182563555,1.19620338103864,1.24746951328241,1.02321532998895,0.922033555019179,1.053225496488,0.97756259797358,0.749247872476697,0.774471281399313,1.0027787909511,0.726257613039961,0.860507417181723,1.14740050126124,1.38620779587462,1.16689935622387,1.16686533096432,1.14315442478108,1.13284892920798,1.02713153199244,0.936354616218113,0.706883869428864,0.801814688418197,0.822338682151126,0.466987457598637,0.513704831244702,0.610086222170612,0.599536314410164,0.615949505828669,0.801207458789521,0.744609845255229,0.666515281484686,0.881405518690746,0.995575867473932,0.771396036080981,0.791320570307577,0.86436149291828,0.8381994979359,0.692201892922829,0.926674226235617,0.853844285676032,0.858504765781496,0.840594514541401,0.76028194885617,0.757850585288406,0.798768084640014,0.93227646628722,1.18218233536634,1.03875472238908,1.29744588043844,1.41695946896479,1.42311220830568,1.33612767733192,1.31484573936211,0.993132495682759,0.876700947651288,0.981136812581396,0.797892802413864,0.602115087066337,0.599670760865804,0.628226854898873,0.486408594356772,0.430010213313268,0.588081030667365,0.494975300789057,0.49662441585913,0.529856597655781,0.719598832177715,0.845910135548338,0.834396533931303,1.01854692380105,0.929871398285055,0.979433005924776,1.13240682549001,1.5495594342091,1.15502874963629,1.34434439646062,1.60435901566421,1.2127463835388,1.11777786887437,1.89225696879248,1.75308372235122,2.51474223983619,3.18828765003213,2.41356821533243,2.00830307457552,2.27921372216677,2.47171866208066,1.74510961883059,1.32966273547661,1.6661406018048,1.58147117001274,1.34125480309782,1.34241944679665,1.13613271566668,0.936815432713498,0.879988518046769,0.9645832762216,0.870921597903694,0.659886389339936,0.75685115302718,0.606608841499774,0.639804200494199,0.605944223025396,0.655632591596087,0.634236928597288,0.639641152031879,0.597522974774537,0.583057716377991,0.592835210309368,0.625178345699234,0.897320066888382,1.09294707137089,1.01525966957394,0.979119872645304,0.973544005883048,1.36427926562305,1.18433133473437,1.24740569166053,1.07919294969751,1.20747736465625,0.742276605956482,0.82032192173674,0.503402475693919,0.455374038720875,0.586486345427781,0.690481830939429,0.66870611589177,0.617499171670394,0.775686971853733,0.622693923994983,0.559102747668289,0.714515385181838,0.836146700928056,0.695858129769056,0.749792249103552,0.934704145941006,0.752853558326325,0.882402070431016,0.777914164084611,0.978705279495618,0.973924130960388,1.17176047604714,1.41697267332865,1.4249059072699,1.10198958619366,1.31215084026121,1.56457386315674,1.32806900578384,1.46576411791283,1.01570463024799,0.811335021728566,0.773854131222563,0.75337264345874,0.957100908484191,0.755727140744501
0.65700012358301,0.759372766833123,0.75481499971852,0.684286848377177,0.68240348279479,0.703104637836732,0.742211763042492,0.79096024644006,0.75251864743457,0.763348412898524,0.967796589502936,1.00752289859903,1.06721600701569,1.09490370155315,1.02713253844155,1.15013473382209,1.0371568443664,0.837201334626639,0.727129092232123,0.768309327554296,0.790229717947534,0.700287651630657,0.682919076103629,0.780129438904163,0.702447822196569,0.740019997375449,0.705785463220989,0.620205351332585,0.647893301969036,0.899022409902307,0.885407299184486,0.591726623770609,1.04321130113483,1.05819083938013,0.551196179039286,0.738559425381126,0.907197950683753,0.939097438744782,0.782257641491269,1.5164846680308,1.80181357453653,1.4651316820221,1.74427321940539,2.62843708462186,1.97664619066651,1.94842453376313,1.82586651250166,2.18499060914816,1.84791826220834,1.78134734289706,1.7533152175433,1.53060898910409,1.81765241624616,1.95256271507777,1.37779358547182,1.19075334585837,1.356638517193,1.05112661241409,0.828182483141458,0.946030966458075,0.862906588652628,0.680868080365543,0.744330418008342,0.646032698682134,0.631257736579135,0.751040877049617,0.757914429312962,0.837118217442173,0.836250388964864,0.914420561669694,0.978729493455986,1.01240990912059,1.07042242423348,1.06891024606895,1.11104859458233,0.934736741439252,0.81908730612897,0.97745452358206,0.671757459326556,0.76275247133684,0.944202912497235,0.918560833107589,1.17489229240868,1.30012386189474,1.28835719954686,1.25251025686174,1.23725104326571,1.41628729042647,1.03176925149221,0.950655571115427,1.18053881842862,0.911897881374579,0.934929132851872,1.17537520230306,1.16186764486723,0.964170951238669,0.830578276405149,0.912897455475594,0.834938198802496,0.920410964191934,0.989056069263601,0.733073795418406,0.593454080253818,0.702897810434222,0.7497654444696,0.693168369439199,0.674721642086423,0.679317310687106,0.706884645946078,0.681859562333877,0.683719781851194,0.789840827990331,0.903221130994585,0.965869673356388,0.938385032281785,1.03500464655153,1.20771197216356,1.18933589295553,1.29806921524197,1.19437438286065,1.16269591127361,1.00833686593554,1.03214169863745,0.871149427312986,0.809043383137262,0.794278332812971,0.85010253148563,0.838852778521461,0.770361967832691,0.787754589906575,0.785834012851498,0.646673299367901,0.693661037083308,0.75294757871812,0.75574621157697,0.854834909395906,0.898383211713334,0.800027658352019,0.894497514736018,0.903213831925476,1.01726868248689,1.01243497719418,1.21005816790557,1.22471442881026,1.16507319557136,1.20965616440555,1.20892007802949,1.38850976129372,1.25989984166578,1.27882759492495,1.24457166354325,0.807287606571211,0.789621479640089,0.652144965000557,0.724980165124578,0.807790529742219
1.52969190640861,1.24332002333159,1.51213643725824,1.52624045913878,1.37654133745672,1.20969100240924,1.21294471734018,0.964516752926195,1.11027172189643,0.929397121345477,0.621224601046065,0.762236649372604,0.831562410360222,0.683232371554843,0.885952210411853,0.974965781206956,0.959098510698927,1.25078688568606,1.17060184041315,1.27925461057744,1.12305175896303,1.08341384131758,1.07409904294809,1.00847387866684,1.08958558429261,0.917280252375591,0.899040679585675,0.813445308254086,0.813900333563976,1.11562230951538,0.918958872064302,0.915787237117961,0.969026019715983,0.997625372830676,1.02441738970325,0.954306682649364,0.992636394000824,0.872897474817329,0.704186916242477,0.843395713222894,0.905283903703634,0.81433510102951,0.813111200915381,0.90832312723382,0.976111525138703,0.981724077009617,0.886924299133765,0.866550024711114,1.16752473833207,1.16614591861935,1.13603877143816,1.20102473028438,1.30615348349194,1.34708274911584,1.09126105078358,1.07764712750501,1.28370432870877,1.15850793426463,0.888954617044746,1.02093643636678,0.893816305579891,0.979806652826636,1.1256584220471,0.905985220364311,0.894821475564888,1.179093768625,0.830259652123108,0.80518872186238,0.917811305051441,1.03549266914337,1.16906200178582,1.07619548121078,1.07530425654439,1.37017799002294,1.2143321536438,0.814711719917055,0.973432989188625,1.41705165029131,1.39413657909171,1.1374620291648,1.49728781671059,1.39630165287363,1.68530236158123,1.58293289850847,1.60902320949073,1.03008856117016,1.1454744296825,1.42274716161123,0.907092184711767,1.06422971965749,1.02740046985022,0.871486995575751,0.702549008106001,0.96979959023156,1.12554884573268,0.862783021345336,0.627406748090335,0.758264304867476,0.699859513301442,0.670482849498408,0.630529845930429,0.508915387980421,0.568570317162845,0.591409845652158,0.609339942641668,0.864191246851847,0.678337194993534,0.571473452631748,0.781624707241864,0.867531854490177,0.83972670361667,0.73844789893926,1.00401126590264,0.956070723944566,0.955704891256568,0.902703877177709,0.808584390564284,0.963377617711285,0.982913958965069,0.968098149626228,0.980453069829387,1.01384172212229,0.895543264489503,1.05275328070824,1.16502364010493,0.8747610499598,0.894852305219145,0.884356958951548,0.74842598632858,0.752606418828578,0.66365647661889,0.648835733697689,0.79495165267175,0.715352157795861,0.481359830719432,0.453836391810715,0.718753182307486,0.48529293765347,0.656390986202858,0.708529190973925,0.920792100069945,0.962549946162539,1.03331604335931,1.61166405702546,1.44664014726335,1.29624399132327,1.69336129768427,2.16353952334612,1.61423051651971,1.98139786970999,1.44421679315193,0.760939889365645,0.645366374959623,0.594160516584395,0.801594820440534,0.620820658594201
0.894768828184366,0.78141651582723,0.883805876893682,0.92810274086131,0.942046559343585,0.868572101870383,0.879528091669365,0.892952738751176,0.886519951658076,0.79662940661188,0.79838674620147,0.896054259266914,0.877121714061604,0.890581801028789,1.059232391635,1.08913041239091,0.838100853195426,1.0345216382933,1.05594196044969,1.06986249723342,1.05000112447436,0.977546233902387,1.05051276950831,0.864886819737041,0.810527043333449,0.816732020417213,0.809314152382457,0.553840086868016,0.65473337003405,1.04291695298877,1.02653418262621,0.786366344521917,1.45978688255802,1.27060754542213,0.921912178214602,1.06341229417364,1.4364405148962,1.63804199779641,1.23797767459855,1.60376032983783,1.87404543041092,1.5453832720784,1.6901072413808,2.33775942456177,1.75241045271874,1.78311704921423,1.96595348306073,2.21837707224896,1.98482742060705,1.92293108809003,1.5551216925803,1.44213451999067,1.69855580101341,1.73826588203162,1.49830668227444,1.25408990097316,1.44308551907937,1.21432050275653,0.955397769525652,1.21702653733669,1.08431621438682,0.831403456657839,0.901363364095116,0.96079025726812,0.770381534683442,0.95163957478583,0.964255389583197,0.79619927398308,0.774543065728699,0.852481503726119,0.807477688495917,0.801716928491594,1.07358766169443,0.851961436050578,0.906395379048385,0.721455951584489,0.770329278517906,0.639798085722986,0.793704418491565,0.63297452450454,0.9422057140855,0.827449557963533,0.811597480515363,0.87575430749341,0.853494638012255,0.869700651097838,0.80209805365959,0.879426733901094,0.79739948449011,0.71218044144697,0.758861020929626,0.650662073589611,0.569874684265328,0.856613045025782,0.842589356301422,0.724291509073649,0.746847300165564,0.60900315585239,0.464928395028297,0.380065186055891,0.537991592345435,0.56773383136423,0.720148370064144,0.534741318608298,0.670079554680306,0.660200212961906,0.642435807281622,0.706949387858071,0.739269619906894,0.719013389535297,0.665611172724,0.966336274077721,1.03495403695214,0.957892808113988,0.87250206598366,1.32117957425221,1.29802101301685,1.08935941081744,1.24462562606447,1.45149493051871,1.4247837880581,1.06953312561997,1.15427180759031,1.2102837910553,1.081031626915,1.11153000667808,0.995252676093816,1.01624049871409,0.993566111151226,0.930310615877273,0.815056050901449,0.649936249870738,0.673213842751489,0.64715996265291,0.631770580563607,0.56724828796978,0.674814745162143,0.696738939487834,0.593230772147242,0.665944930557059,0.902126038366725,0.936399643749589,0.945485724134815,1.30982353395753,1.30337120130194,1.12510855560176,1.34808120251425,1.65772153389921,1.58339914772373,1.64923225523672,1.24160791909354,0.592181539055343,0.452395317073889,0.475740121837272,0.524607126658063,0.558098610744354
0.701649971564655,0.678681714523802,0.807644092001237,0.802017221805829,0.790976935874451,0.675687612528004,0.684507002272764,0.602938370740287,0.674992427493218,0.592573737519584,0.629862331986029,0.446810788013877,0.741056720248388,0.853948676337721,0.946742422010079,0.882227970270755,0.948742434348454,1.08107768853025,0.967033160483959,0.925307630403103,0.931639906855721,0.812252076812956,0.750115312960892,0.800142849730519,0.701869790041753,0.612665955330002,0.647290183572772,0.664228691968094,0.640065050637025,0.596667592351201,0.680363929075751,0.829578426167302,0.906377774616394,0.812606590772691,0.873797617139336,0.951414304536416,0.980706764848095,1.10041102312533,0.918859439924574,1.01834133283421,1.27931507488375,1.17349287221846,1.11032561183702,1.0657942220705,1.04261026128803,0.987362304001546,1.20734278456504,1.15522349447534,0.882928316230778,1.00611736763508,0.875349016270964,0.89691494374177,0.939846148267618,0.892392820975005,0.866337293247284,0.765147839030601,0.880951554218926,0.919004094442158,0.669741450896527,0.776542355444177,0.730557544547258,0.615714191955595,0.645836777833531,0.583514271070776,0.723090714432237,0.864284717219778,0.765127756895444,0.879534554274742,1.41401835593713,1.65756362647784,1.67803134563843,1.61698472456751,1.75390502351132,2.33443677655653,1.96288133100691,1.44671173278761,1.58968719475571,2.15560429299426,1.28964677830215,1.0730362846785,1.63568747930384,1.93504751820021,1.55557518023788,1.56170237142663,2.04775608741288,1.39817985345097,1.25984021473743,1.24853138963881,1.2006975538316,1.11852961114853,1.06811315509357,0.925283663208068,0.914641803609087,1.12150114793406,1.04716494711216,1.25416073944533,1.03200975991852,1.02253934261085,0.997743492734435,1.01012907844735,1.07025768893912,1.01291624012344,0.87698744659903,0.784053169153837,0.843075251667291,0.836341940203006,0.684852438764948,0.697443277933891,0.747594106460318,0.738388587111476,0.718091073170045,0.824112437817574,0.910565955669918,0.967572417840408,0.871650873914058,1.09784613465842,1.14595275506921,1.06971386123429,1.02543407295484,1.12116344155807,1.03299309221133,0.974413828021929,1.00316193512624,1.19234894397336,0.992058238361269,0.965838224201417,0.843234597621333,0.839813301712605,0.746680840985206,0.745397793326346,0.642415197185704,0.607745066987332,0.525221194046651,0.657461164752297,0.598896494625709,0.63501760501287,0.845811598257372,0.887334823631261,0.920200765547598,0.920168837175576,1.06203210641221,1.00447825985978,1.40011965398607,1.37318293535776,1.19348791501538,1.29452827089101,1.49248944836386,1.56163258022312,1.45535788141311,1.55631761720852,1.42139298261806,0.888756734808633,0.850170430251116,0.828234821069886,0.898843354865217,0.907132561106139
1.0654104263669,0.981301579986302,0.864231724591762,0.857665881478062,0.758380557865319,0.747587525774746,0.74095661022623,0.767362728123308,0.825616011841834,0.723873568690272,0.904451943300082,0.677140475354865,0.626213803289301,0.821252492885823,0.993603333054243,0.581052982389715,0.816514091625826,0.889398800196866,0.674009764959587,0.607062385746935,0.795253331501549,0.601623315837444,0.533315669520985,0.473155790857817,0.515503473069673,0.501614336118859,0.409359586718976,0.577537995137645,0.763120959132894,0.74087334440067,0.710939283280812,0.933937000409862,1.27235447628497,1.18239505096416,1.01084558938012,1.26924646599466,1.3412587434621,1.47482677767206,1.15004548743547,1.68257009827983,1.98920713415928,1.75481648758867,2.01994798100057,2.34981251748173,1.97679788214124,1.67976856858489,1.96497469403728,2.13269232642553,1.75358286087426,1.67488620941089,1.39915894812733,1.09626704613891,1.14418503748942,1.45983027062672,1.14559900800821,0.919384527438393,1.03217897254202,0.898081512843044,0.58563044079458,1.02806531114265,0.881543493842927,0.514869894353841,0.609211719967859,0.890327948443852,0.661290452667183,0.58896243854685,0.700617040510191,0.953294017897438,0.946220917561825,1.03246237242401,1.09851813552949,1.07116719303952,1.01237900269669,1.07113326882896,1.02661262310325,0.966860389509931,1.11488999900723,1.07605553050154,0.9011226855974,0.833856597794939,0.863055135434387,0.83275157294003,0.872787751140932,0.991914958285991,0.925248852366592,0.922039313135365,0.887421020312572,0.986277600139237,1.09482941309195,1.03616338769558,1.08955269871631,1.21411698106556,1.02149203015842,0.949608433297562,1.09100671779662,1.20587883315446,1.14575067208842,1.05725519488257,1.1110208596682,1.05935673041563,0.785774862334649,0.932029673341732,1.16774522634544,0.889656447867215,0.809727283238805,1.04908937086124,0.940011832643395,0.83849102266776,0.93303713681192,0.775891992097175,0.68679419778687,0.818631221135752,0.695629332042481,0.538263940815371,0.619065470974697,0.854827624549156,0.763234305294954,0.694210385392105,0.910892053175071,0.973370649488666,0.857356273193084,0.872013261654517,0.827586167319833,1.00153723830235,0.934933117396507,1.14005956818823,0.912907831806978,0.85956654947586,0.982244775436135,0.839109721841301,0.832429776606208,0.847091336533004,0.838183715491296,0.886205577062694,0.901197939283519,0.928893194856294,0.726579691056975,0.94373841324142,0.902431109960883,0.746200755140438,0.778564812351413,0.866240583022453,1.16323520683131,1.26883103415545,1.25623922150191,1.20827876480377,1.36363290876103,1.73749528667362,1.66214112742706,1.8645784677218,1.50010955512995,0.82656862613667,0.868029089708237,0.985343589475982,1.07700068311145,0.940415922800442
0.748904951765817,0.995919253975278,1.08414221423471,1.10005756411286,1.16467698266271,1.08570937398772,1.09153045798465,1.03795932870103,1.223656295717,1.09579564797091,0.975385520878433,1.04434622925842,1.34715374187641,1.24157496033571,1.52712380029524,1.44228767135627,1.32260486809383,1.38088672109178,1.50639233745855,1.46386909302215,1.1680444879996,0.916888852555138,1.02588862222124,0.956151839305244,0.647933740571617,0.574119864783604,0.658739423239397,0.549988994648364,0.40135425645655,0.77190954393306,0.849426555344577,0.651950140557531,0.77052543749648,0.922100681813368,0.751197403789945,0.797026715517822,0.838193897046865,0.910815168614862,0.826227596677319,0.882771783181587,1.00497737033905,0.714568032669762,0.564191922112511,0.825263718720087,0.7752411155529,0.711166287252797,0.929640744357195,0.85782375337422,0.694310123367067,0.764811325924923,0.833602583038944,0.664474716366455,0.755687100105773,0.896278888712782,0.697699046037954,0.609575834087961,0.695410818034393,0.549042713936385,0.586570221888819,0.555231265002401,0.579574227112071,0.656266543425135,0.639131741067899,0.494037718863375,0.590169842955644,0.87327885788121,0.614187721541414,0.687169742236364,0.784483079834126,0.959488204367742,1.13802418798002,0.94964952441435,1.17725205615622,1.24486093127245,1.22492485362992,1.06834678674133,1.11969582166386,1.23543147616466,0.985830641577564,0.912190848612627,1.13915135139961,1.08324689906351,1.18479266789589,1.38388322874625,1.46453221286362,1.19898618677862,1.28099966616124,1.14648024232931,0.939505950842278,1.06388689925064,1.15956375142989,0.903312134979477,0.927319741229972,1.18038629876681,1.09627702266176,0.924479622698584,0.8281045844399,0.883836505749626,0.728527549845229,0.656013676167037,0.82389020593654,0.81862470921509,0.638139357784249,0.589603402154272,0.671662279994246,0.562466041825909,0.563182478033721,0.662207611467805,0.684193464779519,0.669029914198192,0.670635107796848,0.980690650432987,0.949168755098678,0.969048021094738,1.06402989294063,1.69813996769088,1.90253618342397,1.53473860806865,1.6547778482746,1.91412649032302,1.96066019103617,1.63716032099536,1.6118527333141,1.92759489934247,1.58816499059305,1.59732436421871,1.56487999313629,1.38242080081387,1.30030889829506,1.26758280519908,1.0232706654795,0.798827400069027,0.839006461256254,0.7968436537607,0.760410795739338,0.808242498522147,0.767616647935922,0.876760075548246,1.07670700025948,1.17874917990578,1.18602294251972,1.17760361665013,1.19474988622586,1.37109976093712,1.33315210355546,1.24783893847596,1.36021114274855,1.57120746582306,1.28884678083765,1.44296786378257,1.23570175715356,0.68958695466329,0.62448407073631,0.580508067035455,0.749789564490375,0.616873116196523
1.20077999171676,1.14394065032819,1.46912599434005,1.44706033069071,1.31802845808728,1.06631983759275,1.16412136887834,1.0546211383509,0.934270013118005,0.754594224380343,0.57290895386454,0.553980701222025,0.571809164239915,0.622455725285515,0.782167022539211,0.853097574659531,0.848724875187454,0.783658126343182,0.821735384132202,0.802812119032432,0.76684873504381,0.780646171017346,0.818431647607687,0.747330549359717,0.7804493001239,0.959068748153118,0.814080774888714,0.668828816687919,0.699561773670472,0.728508862272247,0.738581146828694,0.622167414681085,0.927256499354362,0.681884431194836,0.596089671984084,0.622029866750789,0.835239323566771,0.75305076642527,0.663900296289343,1.31577645974375,1.7618177372429,1.18684485767852,1.70017197559097,2.50506767973168,2.11244953614579,2.10490030937077,1.70043195897095,2.23809890888009,2.09398391603719,1.82224705110205,1.7293394795369,1.27383439335153,1.68399339183992,2.21898978119132,1.65581592776406,1.30236741484677,1.5760496284578,1.47737493902893,1.24863255798995,1.43156100332042,1.26961009973787,1.00150173409733,1.01285223237098,0.786125920262599,0.669273850463818,0.85207446095566,0.663801420429994,0.639079895278789,0.933788817275914,0.996165070621165,0.911113956392638,1.00619600397987,1.27120243471061,1.53209429385676,1.60596863822569,1.3422680451579,1.57535778970596,1.99603486013621,1.58729117288189,1.5217167603639,1.80241204937417,1.82122231381763,1.78920955382992,1.8175723225468,1.92314912390299,1.29026132688669,1.18217326991775,1.05134360356946,0.692961825793654,0.673769409651651,0.71605669228017,0.605318474944496,0.631029746591058,0.878067190111185,0.706436119775982,0.645993843209949,0.612625099871207,0.704209581433043,0.646287277729107,0.651055867353222,0.756340120114441,0.655973217413402,0.61403144553827,0.68160542763788,0.835412560471089,0.776830099645679,0.629660289226331,0.636555800093012,0.73700303898692,0.709111100807445,0.760375895692715,0.589984279372655,0.812317183499116,0.846334176843917,0.672004578939774,0.633508725736592,0.727301558240614,0.633218907927077,0.634182977700347,0.58120010785786,0.579567787307637,0.639199411613982,0.599323248230394,0.539649804602276,0.528120076174245,0.658890560606731,0.6970870054392,0.511626341389415,0.563614572944418,0.946420153057156,0.666604044757505,0.660504414716948,0.673818778259539,0.69288203038975,0.621821389929317,0.606517568697695,0.763646667033145,0.719075445648722,0.649707840157257,0.725036187966044,1.17953640429092,0.99974325418362,0.997474141325632,1.24662449837145,1.05618122675632,1.09121084859278,1.23609448464831,1.49637391343632,1.16003419816065,1.42171253917048,1.21283295069458,0.600046119626845,0.51067108623272,0.53856818691608,0.583222485447517,0.579021334271794
1.53620348955049,1.40065716135514,1.70801357511716,1.65718627410575,1.21276604659924,1.23434679507998,1.34686060351534,1.1097563754838,0.945320447835518,0.839101733235549,0.860092451648166,0.667087385876411,0.827279328492455,0.895954441972779,0.826819079878124,0.928504210393988,0.845334127263645,0.706564874519862,0.669915042408373,0.68719047180396,0.712397662818682,0.868549616177235,0.796596792447504,0.847356636782217,0.674500117038531,0.918814317699702,0.839966424008251,0.563666894741383,0.604238394411814,0.764850715222499,0.625844553675096,0.608015421137324,0.884896874683554,0.866858824967925,0.670071422691841,0.712265492393918,0.798404156434889,0.793839051084708,0.693228371578251,1.43669045509368,1.75904902491132,1.50711000904663,1.58283060535128,2.17108612174237,1.90019278080262,1.66592056452957,1.76613433928423,2.15553500425203,1.55186384108897,1.26354912061779,1.38686673528056,1.34731633453524,1.53231563801262,1.43228253884727,1.25907350678348,1.35144228211568,1.55715752145679,1.4702135396339,1.04300014036214,1.51567131082849,1.44686837298469,0.954898590454078,0.994363786203194,1.055761780499,0.783213549907702,0.733928031059628,0.678830912410829,0.644006874279597,0.698458448645037,0.791970954629297,0.759769938218983,0.72960789722585,0.790590237569682,0.81452469187296,0.991132328692164,0.776922323734056,0.836777766489157,1.03756551375391,1.18732091974621,1.13097100726114,1.21551882220246,1.06464366080555,1.45634942499504,1.68715818959353,1.2693688859498,1.28594078535033,1.45356560214165,1.9274486538784,1.23304079591175,1.04702371049677,1.2125923039198,1.23030228179398,1.1383533399886,1.19952833085195,1.27086599517881,1.23359502722085,1.00001807083866,0.994671661563749,0.774668254068359,0.801463334751538,0.767602100601156,0.615174566205504,0.75670902718888,0.598138480913868,0.513009934274728,0.54263531086302,0.511258637794917,0.607312735506543,0.651192558162028,0.645387422748102,0.678202850297436,0.668451796126877,0.761753026831318,0.77268100897582,0.717365297458665,0.806742299567847,1.02875775509358,0.8264724462829,0.866766731886755,0.918968557639194,0.963836883957801,0.861608773368248,0.911559789598793,0.693670821187133,0.70172367224821,0.900751607681424,0.83599174646017,0.877988964871996,0.904952030941314,1.00817203494404,0.766054107765507,0.665619650777074,0.923904996528948,0.956996565134348,0.748432712467716,0.805961333621329,0.958729380689024,0.729748213850733,0.634911921676043,0.561867125376104,0.58552708473914,0.877750059937925,0.763358215601192,0.881953069652128,1.03475065307794,1.1995963528372,1.17157119018038,1.12766596383703,1.31701005815127,1.39139238703432,1.31889610910041,0.690312673942582,0.612389703241783,0.699054852604447,0.886070404954279,0.637418215696439
0.99851606946686,0.898336684266174,1.16994335881032,1.19747778534336,1.18669637673829,0.872474541428226,1.23064987340928,1.38849129130792,1.2297710409251,1.05418367055463,1.17485835682963,1.15768038203995,1.28022536803986,1.14744947551234,1.17204522532485,1.28924075093304,1.16651090656782,1.21434942200165,1.11332076298824,1.03432361655428,0.83848632461507,0.802210678608075,0.923306180992353,0.879886361976489,0.593240867226713,0.894380890601301,0.929885363177577,0.760755744064162,0.778612196396957,0.941127283650311,0.788528442828212,0.791454243271891,1.36510947107426,1.10107164814015,0.925741616051753,1.09567444928529,1.23328385635871,1.30188253985509,1.06112507456444,1.4389385390413,1.65223014654689,1.35457550029694,1.45814942413944,1.95401100000583,1.44129632180684,1.58329914527716,1.78799929893032,2.01193960668841,1.77107566310789,1.82247647552332,1.56521301582919,1.49506075834988,1.32609376570095,1.34198871658411,1.50537293676036,1.16764319258438,1.22721054856794,1.52514629438451,1.02099211538556,1.59990004518195,1.15949343041105,0.932364826414672,0.550877511569072,0.521207651468926,0.56984378724929,0.680654857617334,0.418849707500972,0.325120361937447,0.508770967466912,0.424884102318549,0.520738859696638,0.759150495292809,1.01209502270022,1.48223070104553,1.20487179058733,0.982777577759696,1.23368902189487,1.43899793929111,1.38463733741347,1.06278350369683,1.73723580206842,1.38203019239236,1.62316997176014,1.2254947434607,1.2760978908997,1.03506684378577,1.18790642140369,0.92290679695213,0.792613934055274,0.684448991968329,0.828301397360144,0.444428721808942,0.81430505730199,0.902545271242727,0.690364071298421,0.545366779979267,0.5677816135097,0.699872244198795,0.646262382341822,0.978412724594431,1.12552719582232,0.876833199447427,0.768340121322578,0.826541633987001,0.803618194655152,0.849291275404771,0.673347328567143,0.596179914706991,0.61693487535832,0.7342720617344,0.646210587257529,0.486293044143208,0.665767195656077,0.869070669672346,1.04253446965523,1.28324103478922,1.42783427439969,1.58164530600079,1.50600498286178,1.39489207392706,1.83342234456646,1.38275323503349,1.15569273311386,1.07430932104607,0.626446641936017,0.615769120039911,1.0240875774075,0.820556656712824,0.499018437500162,0.649182171879727,0.661898689647601,0.400248146474859,0.450633821968567,0.439478484682555,0.466948131255974,0.713142307359195,0.548265010724027,0.788377602052225,0.75334379768972,0.773658360881215,0.861607069877475,0.769228777296898,0.975838542633444,1.01664539006759,0.846273161209884,0.983123903655597,1.14539791793644,0.97440630883326,0.804572275970923,0.93119416585073,0.908741218353423,0.409466044678828,0.374237659891407,0.496340624386581,0.431329370544108,0.428413529283219
0.341937353647126,0.436465829106142,0.553426939651532,0.602033929854054,0.641188103813672,0.691712962304808,0.802529680581314,0.694246027186743,1.14606337550139,0.773811143425486,0.965906110716072,1.07478190371542,0.961760867261616,0.879329690854934,1.17512747540577,1.04314232086063,0.979094182661536,1.10839317832685,1.41060161852351,1.2723663324474,0.94769438333219,0.85341785876054,0.851638203895303,0.70517162631364,0.778184410709392,0.856827315660096,0.565703305759587,0.62822964647307,0.623929127783364,1.15217663844053,0.812312967952328,0.704579180440676,1.28843333326157,1.40442416760056,0.862755953167834,0.822920027055259,0.708788414236151,0.705894765800514,0.707241885925987,1.35999437310201,1.35753395042693,0.920866873930867,1.16034747173292,1.53278034220104,1.39947256901199,1.68641949320686,1.49424611682948,2.18332886408851,2.10555642906771,2.23937206892328,2.22141395118701,2.09276763520483,2.49420732109937,2.47691298999974,1.71264853071172,1.57615784808609,1.90761563517747,1.59394934809625,1.16517821407693,1.59310964072082,1.2702552650904,0.965111161538205,0.908503024666524,0.898129355374149,0.667787572393428,0.784480497044833,0.518895534936282,0.546197281447001,0.790581743918245,0.623255043461928,0.681462770514612,0.702372078912655,1.06417270976342,1.03770347995284,0.912992527591327,1.03147209622011,1.27105743630114,1.26618134954636,1.03335936924985,0.952294295502832,1.2068506543041,1.0658298437433,1.03784073462027,1.11703652661512,1.15149555009441,0.952273940412448,0.93777578110055,0.958909631237339,0.835500094145555,0.817324097984193,0.904279066905808,0.818103752341253,0.78421699471528,0.935948575244964,0.874177495977869,0.860122185853516,0.743531191096549,0.709962104637683,0.590152301893363,0.54850613170754,0.671747113591582,0.721835887780541,0.816285942135712,0.670235674089954,0.648622679741848,0.684469226072476,0.682386520863682,0.569102061316561,0.540750581405405,0.563754364931636,0.640794845709542,0.97750064861791,0.972523764486194,1.11822364375405,1.24338601762446,1.39680016365605,1.27817288108788,1.42121303121347,1.78483617197191,1.61902177679896,1.85053070345571,1.3575036107411,1.43316198504871,1.50855695109903,1.546659718782,1.28193431451409,1.11968726190946,1.07652496159143,1.145212962626,0.767583968568172,0.731979493351362,0.563763256955993,0.556589056926823,0.639949586303769,0.577425240001346,0.407533088230952,0.457963248387281,0.610376453729127,0.527709057106403,0.610214941397615,0.672543567907712,0.779514707431895,0.741869714252626,0.907122366650025,0.924517219898454,0.842905439594842,0.883522277350001,1.02776720204385,1.08673513945284,0.974834428346775,0.927368115408654,0.556218173433743,0.556901317570379,0.590574469843436,0.616147948158611,0.534711901726275
0.85015928668826,0.985743504459136,1.07976942695903,1.01518001863225,0.948908206223065,0.85551400060736,0.890038771145663,0.965234037066663,0.931212706178107,0.836417214751459,1.09145765604373,1.02218478726646,0.882334049604223,0.909092402075859,1.13609119247801,0.940058101476969,0.830842333891325,1.07313282590854,0.87464561870438,0.867517897936422,0.846061987455262,0.633930428644151,0.459707048033881,0.447142814256901,0.511969594357832,0.495707436045901,0.345739207735882,0.487181108318034,0.544819317433725,0.710321130955415,0.765456606296798,0.885667662423991,0.979227421214053,0.951658040244883,0.98442100156801,1.12815533246126,0.994608912057012,1.12573155711301,1.11641095806143,1.11570280685999,1.11634369391366,1.05860705268545,1.01008484921124,1.0672492575967,1.04753594683714,1.10532027369423,1.17988826641097,1.26620428718872,1.20096921832622,1.3406035903209,1.3718557047506,1.29531645632758,1.3633852393191,1.48000614140227,1.05764554254589,0.905369965807234,1.1158516485903,1.03040907744695,0.677622430935218,0.806968920399075,0.70952927778902,0.510852873476019,0.604097148059712,0.704408195526688,0.568619986083038,0.690241610187117,0.674971016452911,0.692600993204644,0.712797631919755,0.810283303991036,0.771144437990304,0.750224871093496,0.922961126101123,0.780580717451186,0.950373497089634,0.738908860597012,0.728247936100154,0.725852484543775,0.823003329388134,0.639333237728258,0.940043141924746,0.87787188943588,1.16049899440725,1.43829936448727,1.13856480451973,1.18909218936684,1.37000877167033,1.46741959751906,1.0914260766174,1.29175618374295,1.32739703280749,1.04270205274969,0.994006960803821,1.48163763930306,1.58291805731141,0.909005281498097,0.94919055608823,0.90958168197247,0.874396069851642,0.958477177505041,1.07003935892864,1.26470446616439,1.17277487998567,0.958782283521397,1.01562428222344,0.983033073508021,0.894467946402532,0.916544299483278,0.893124226808255,0.704033254162702,0.645815741794577,0.971455650585054,0.979864936286139,0.807677680047672,0.937333584731195,1.03282594169568,1.26640080079401,1.15138826146496,1.30123665709607,1.16712153984608,1.35618199905966,0.790254098828616,0.99155973601732,0.645770940790255,0.727787963542718,0.96732748612501,0.879132790276788,0.740501677978606,0.822414711165975,0.856823825396377,0.707024836282351,0.574458048939258,0.708358316830305,0.701524454223646,0.748779228366312,0.809403317870824,0.700919088151848,0.683443189268263,1.03679290462451,0.992952621051692,1.15223776246731,1.16475636907113,1.43784133146935,2.03794739310661,1.79625422983912,1.64244967330932,2.1607644494556,2.75393772529035,2.15154952359594,2.40103420404855,1.90720965529534,0.82832236424385,0.843477059935705,0.896822036795207,0.811127472152704,0.922890617904628
0.986094441631664,0.952975749110782,1.1400328868308,0.998471233372373,0.879127531521874,0.875397422432038,0.853927688813712,0.79256811561587,0.691476418402984,0.679801793790525,0.944851987944291,0.864429142723364,1.07146150597916,1.03617488235,1.83887763369812,1.56371119772793,1.37198610947292,1.64558854212315,2.03967290104033,2.17954489961496,1.4529483816802,1.33191157946204,1.50605993181561,1.19233306197052,1.01578842533392,0.957230680470047,0.662054770638534,0.634652176883299,0.67145977695521,0.893383944339657,0.786180090550124,0.642682875136071,0.882205446050665,0.907566443671816,0.644936307272936,0.455506826530453,0.471175470777321,0.496140709141804,0.459940813480682,0.801428771943091,0.796537669415634,0.739165767497208,0.7355881186276,0.802910164756349,0.924954920342717,1.02516652396423,0.946878777080074,1.12637713357891,1.39137192027103,1.24913261980561,1.54065175754764,1.44394063168065,1.71206388376866,1.77701477690956,1.17566400817719,1.15297471676134,1.35409505280566,1.14527167761714,1.15817756298634,1.27153277347462,1.06705855566238,1.02907575713142,1.09048995968852,0.811361325212401,0.718186389808418,1.19383141092642,0.816967271871252,0.734722415191061,0.830719649753541,0.952396156799002,0.693218640838453,0.60086232358554,1.0276556465412,0.643294147707476,0.90457288560229,0.650929819747771,0.750334221277278,1.00908465665405,0.958998609618954,0.996079448951127,1.22385939714081,1.13566405456309,1.83720872951162,2.40659923834036,1.74037914074311,1.61356219454812,1.85549859810301,2.14501151260801,1.37397417169742,1.27125475603844,1.68499048279153,1.42145591350763,1.18176092042156,1.50591970869992,1.56817457302813,1.11866193968482,0.821780134572952,0.904494761181037,0.726363820418796,0.724116205782834,0.628148883032281,0.470279671552883,0.475534227305449,0.57380711599249,0.712435638026517,0.666552046877324,0.561629113862313,0.571403416743441,0.583111819764934,0.594333250632022,0.642559647519168,0.843190295824485,0.942345240050142,0.977665885413443,0.859923588282993,0.974232442543138,1.10252730850729,1.02802729404825,1.09098864996722,0.925846314172823,1.03634151333537,0.793040537700465,0.871589609168366,0.863731640668418,0.775639987807957,0.599598517963876,0.793708844458315,0.622137147858465,0.63289630583311,0.760336848243541,0.691807615037581,0.783038820413187,0.768464143760158,0.814356182964278,0.648805316700569,0.663985787993651,0.677619701984349,0.573971010179996,0.645424436281097,0.728564485722826,0.90002639859744,1.00236656932156,0.74591930575684,1.10270333945879,1.27846568926238,1.09473247637098,1.29297081644806,1.43888797097317,1.37170731177038,1.58191045197743,1.25041186530086,0.687101730524306,0.598543381559612,0.733137025778447,0.829062508080189,0.640654283304559
1.90181275530848,1.63560920905861,1.98367630795502,1.94176237509694,1.62648747852993,1.34237372359995,1.31036748867378,1.48639962814231,1.04917071116697,1.1088505387251,0.929043877865253,0.955071534874107,0.806559306237989,0.771359425046457,1.03680628969726,0.998091869136385,0.909721769903705,1.00613048727116,0.930326803018255,0.996275474020469,1.07479711581716,1.07810171692436,0.94248753369571,0.844120727488481,0.924830204545581,0.844692384905583,0.842553014061725,0.848940919827828,0.706100891410391,0.885646718374603,1.01087317005242,0.964656012063234,1.03699823430205,1.1127453157449,1.07076889994311,1.06885103810081,1.28853073154082,1.55908835552805,1.16906862044489,1.32546072490879,1.67441183637531,1.34196626558831,1.43043760911091,1.66926508928208,1.51696500501826,1.29483307966941,1.53097480194253,1.44562072836018,0.867427338818533,1.12361925174522,1.11702064588025,1.07824204509842,1.04587024428145,1.03920189005288,1.22524365890189,1.13340145243902,1.45034443154928,1.28237677381456,1.15994551781679,1.11736506449183,1.04667046307984,0.943311392479304,1.25977661116987,0.965369548393849,0.89655438246455,1.04844010153826,0.704524274831564,0.690919676310564,0.826554314535838,0.976397393757967,0.908104201290949,0.910636861101708,1.05843601951923,1.10716476999013,1.04629356685645,0.87434206848576,0.92812306578419,1.10519380792505,1.45203431623024,1.26498570051688,0.965828170216441,1.19474524493567,1.14886433962264,1.03671236855047,1.03459915010117,0.816660747123179,0.911560415864474,0.820492968973097,0.650649029043477,0.616140710225261,0.65707146436164,0.551750393196196,0.510627718636645,0.69015304129396,0.708569500766284,0.498869606262396,0.838042123223724,0.63293169988173,0.633378253486263,0.567287035633381,0.60258576590482,0.660726766437706,0.863401968523114,0.669344065937809,0.804803269301572,0.692036985557417,0.724641431073648,0.850968741951962,0.853116955780211,0.77018014679069,0.76574963011212,1.00019166666083,1.09467927300122,0.963385893862307,0.873632002254283,0.995992737364494,1.03709911239026,0.945303948441941,0.777214078636419,0.944320066042044,0.69198178218654,0.74488494782866,0.752181513558301,0.765983660207234,0.724220032215973,1.03196147310795,0.866950021450705,0.89507262700879,0.759770546346306,1.28254631526227,0.952629752361487,0.750394180192083,1.20939081874354,1.1597840504225,0.659275880373319,0.795493591529726,1.23849431840721,0.816688596868232,0.812723899133853,0.867273333552952,1.0376520541235,0.783557295664218,0.91809984719903,1.04083707956735,0.931958908067108,0.90568710682789,1.14125264375006,1.24847453228035,1.01804597259544,1.26398466995631,0.944857874788828,0.585444698865697,0.583741165379834,0.802819517324722,0.887427708846553,0.870574447074561
0.918391806550598,0.787963835982896,0.659612711519697,0.685347191572242,0.562692362139389,0.613384383819426,0.898083622295929,0.650977305234739,0.658012584749841,0.608431728945817,0.695020572583713,0.768923122563963,0.964985388258365,0.998770752714713,1.4105463363013,1.54164451274525,1.33855732312602,1.26268110271322,1.49364762673919,1.398817603247,1.11141262105552,1.00293693362889,1.2653889919929,0.959240275120935,0.892070146016244,0.713184659145261,0.853752967122755,0.761268242310492,0.718668149671545,0.795539566223129,0.889302928705324,0.787054331719453,0.735054634843011,0.668052680361036,0.780236600682504,0.864227210005856,0.829937352780146,0.919748286869327,0.898970404556765,0.92459347450733,1.0183227498147,1.05640716356413,1.25895301489229,1.38009120415512,1.06310874392475,0.913502095496537,0.971703015301437,1.06347928248493,0.914073841532972,0.814492820670965,1.04732751647141,0.952847895835404,0.993785733989543,1.08330842771455,0.788703095925931,0.932527189661523,0.922314467641139,0.848939889842563,0.706792626516456,0.395514189260836,0.657868799931538,0.695717475204719,0.592086277516293,0.660364710100487,0.7157484242375,0.992339794288984,0.791162348045849,0.821734465188406,0.859515623616248,0.945091623579819,0.944392584873227,0.968850327805732,1.2824055220693,1.59811788050843,1.53339602460074,1.3481773597554,1.63149331001352,1.79977607525541,1.37448048103549,1.29482992372333,1.81245705838608,1.57326721920161,1.63029140985806,1.49886451035687,1.57368343564407,1.18300626095773,1.02869477927424,0.912882883411334,0.859591223626687,0.841898355430998,0.677274216642249,0.802451730302231,0.789471646518069,0.916843772568112,0.679448091555074,0.923126321459357,0.991173405811428,0.997157521450274,0.779435916303653,0.996339706065772,0.997355954528072,1.34408018202012,1.09827575841313,0.986601815697207,1.12723022117728,1.16280577039267,1.02600020061566,1.03335978928975,1.21141429261248,1.19646906476358,1.11444192501482,0.995259388063728,1.25210156022648,1.24219787693141,1.15714584798493,1.36106547039903,1.6319275794354,1.43856961970139,1.44476270818802,1.47242413291159,1.53394260692632,1.15433840601721,1.12991809812903,1.16567816510195,0.935132356459408,0.765359416785476,0.858378647320952,0.886275457693899,0.743853532370222,0.776471949612224,0.655512501294299,0.563081134526462,0.497846603433542,0.726752074151873,0.833535539973573,0.851595130997664,0.789497489573311,1.16199553658899,0.956935243200994,0.756702967762275,1.10588027311236,0.969622047012313,0.914695929927991,0.968797661077296,0.948047997666051,1.02061597614055,0.931780336612465,1.16701175728973,1.11955960277907,1.07998542151983,1.10864705691102,0.879274490595502,0.84459471472392,0.751324686471235,0.840047581692318,0.925586658188705
0.95356725741941,1.02814648602144,1.10454441347385,1.08133607548868,1.03292908991412,0.978726961425061,1.0277625740051,0.887877321819031,0.852403320853605,0.855204205574557,0.780707909973214,0.718429424936893,1.27964171773716,1.32226384169624,1.45984450835931,1.74222264898793,1.55112648462545,1.42656699594739,1.65887793887223,1.57668495951801,1.26099129436347,1.19064886273835,1.39736795004214,1.18638854282281,0.923524534004544,0.843007012215435,0.833826265570175,0.740278788810185,0.703126756896683,0.89032649572498,0.78802784682984,0.734361016886685,0.704589308878778,0.682447800168685,0.708637016660238,0.547268735958425,0.566743845652374,0.705800222191839,0.690938088303981,0.769069033877561,0.934322129067089,0.933228618206842,0.936567490473032,1.15363726486201,0.97017724909249,0.903465676700844,0.946022577683589,1.59146579782751,1.44750746587654,1.58581855923261,1.67060258332655,1.68261296453713,1.87654626723804,1.83380202885135,1.18443948212694,1.40283587254606,1.60634613385237,1.54477659852353,0.641159441726517,0.604443522962562,1.02716780668528,0.78094496431471,0.839761249127759,0.647045442461158,0.790241042189933,0.978130582633974,0.839711728474569,0.833681337109064,0.939479213077512,1.05425420417432,0.851901989578616,0.850170866442294,1.1684097467376,0.900230001865045,0.987672343429895,0.744115912304562,0.748262102994708,0.917562107873834,0.803352358143202,0.673057474292369,0.953239173199099,0.903539739018761,1.01383716473285,1.103164028475,1.08891829732765,0.850693639838005,0.893465369554344,1.01462493900945,0.887383458298679,0.736379838310446,0.987063604061825,0.891227142684405,0.909531767179491,1.01681001461339,1.14907140641251,0.946790440556807,0.892688144329722,0.983388700207197,0.884727104329707,0.835849475107603,0.821991802015361,0.841501764438993,0.827860643904904,0.787403252646284,0.847723851094677,0.795839642718096,0.71575309587638,0.80338580538131,0.792845504251083,0.809481036275418,0.918987343849515,1.05164680725786,1.17344651774996,1.36395332115747,1.19503255334259,1.38767237044922,1.92952645295541,1.56485684189427,1.5726198749172,1.60794409360515,1.96063887459191,1.3012184495662,1.28244242012094,1.5724276971523,0.872598740850363,0.843628009873382,1.07739290546711,0.797992895166126,0.764077524975709,0.915506469325875,0.627715333650537,0.791683046772633,0.775633189630567,0.737218341046056,0.759518033485744,0.743216611571794,0.723498404261313,0.663994664023496,0.699778038191522,0.512455159369544,0.65127473724497,0.672441462329968,0.707618782024209,0.862097700854555,0.837158914520168,1.02954255463391,0.872294949603206,1.04600749974228,1.08782491276496,1.31015970873507,1.10013427565783,0.725516763829302,0.691162424946264,0.689377950230261,0.75864488977647,0.773077887115473
1.12688248520152,0.944704615946396,1.03204964470575,1.03899645119167,0.805711423491322,0.803072561062015,0.769351626852087,0.75428776515422,0.865664414487208,0.694390171169139,0.660918768831754,0.729354097567996,1.04418454730547,1.00240836237762,1.09565003537599,1.13132952686605,0.945145451285204,1.13326826249661,1.16501871303993,1.13113513490729,0.922865692963209,0.833613420238288,0.929024985438456,0.806560179290411,0.520747730216527,0.701443414411512,0.537784103774453,0.491057768579515,0.684482493313207,1.12241324579484,0.927218837438363,0.973097108045576,1.35098498220332,1.45741860767683,1.1698866115728,1.27632634819894,1.34848103707008,1.41907703008864,1.08493858156609,1.36782958772939,1.58096976485188,1.27357989557231,1.14073563966856,1.31681343881131,1.15554583369943,1.37552635372837,1.66427847703315,1.55157127654626,1.70289904494356,1.70584240043125,1.64409566127604,1.42763787152691,1.74977354469774,1.81947368002652,1.32767817777424,1.24459565534745,1.41492522888782,1.10686113025561,0.875946920995415,1.05648723186623,0.890759431878495,0.778106053702897,0.708798000219772,0.630397905565997,0.557789319578843,0.579260707983194,0.588039642113039,0.592370937683964,0.634736477228991,0.713370275101659,0.819004547442572,0.842173687440709,0.741465045197145,0.898271597142952,0.820938182118211,0.631057987321805,0.62285467632215,0.855693502085683,0.886667205812622,0.913220007239622,0.839574118419203,0.8245976411581,0.775699425183513,0.775596948218805,0.698190726903409,0.697805600610685,0.694355632943862,0.687076025392416,0.590334992363704,0.930231698529523,0.728897897463855,0.619312154132054,0.651474833728253,0.967469807369601,1.17777672345863,0.762257756276841,0.672694578962901,0.65141794658415,0.670444703103882,0.810663212177803,0.923401232008994,0.826687267270539,0.727368156160354,0.67807653542758,0.684831371893649,0.743941397016245,0.634223785997588,0.616686107933682,0.556717687271615,0.592898714310642,0.53754871226684,0.630717033963579,0.56836330238587,0.718273408617758,0.84977941536331,1.2844710324121,1.43587286290556,1.29701773569835,1.4886059135207,1.50039170912063,1.77785251285374,1.25404241617659,1.23093837897354,1.61589137550999,1.24739220412444,0.939746710200385,1.026874000717,0.892726237704989,0.791399809191348,0.768665859834664,0.730981266807724,0.639236594781102,0.920256769324954,0.998062140086421,0.770559467471577,0.853857193993433,1.11005211496491,0.852439237411129,0.984280484437774,1.32748673610918,1.16496633959226,1.05584540718094,1.31230851249588,1.94588828346868,1.59597184568193,1.47488742958226,1.89981804992139,2.36545125391476,1.85005734357186,2.08320100672287,1.60595073891193,0.537239000511175,0.468980336696962,0.554021554099882,0.649201708195386,0.542735632204123
1.74463220757046,1.63304160927761,2.02909192848899,1.99189946607698,1.77254700173538,1.46105049494109,1.53839557228166,1.47318245939797,1.31986615738737,1.07936076376582,0.931798073356678,0.90638602929999,0.712349630260676,0.720765427816242,0.645163811258296,0.613123384407151,0.545909929438887,0.52729413243389,0.561229032724045,0.511582858324137,0.526131829154158,0.52165419902551,0.553469565986035,0.51952675886224,0.516316229822071,0.598911408433861,0.529933592820847,0.49619667018375,0.564548246283069,1.01504573418046,0.759473528154745,0.70170279329713,1.14573663811281,1.28693006540069,0.703249333446308,0.756958613641402,0.728293293803745,0.813313972504695,0.767373162018332,0.899342046208584,0.845639585529619,0.784847210573031,0.860919087714379,0.910216970493491,0.782088112276386,0.944305619352985,1.02480838468449,1.69908665895751,1.78605406918036,2.10224373023892,2.18404094423154,2.08734576259258,2.3831235607718,2.30464013541582,1.48468989598703,1.51700786422334,1.66619435346193,1.15898942895214,0.614603737365235,0.549449535574777,0.787518167184462,0.603169158498798,0.491604757213387,0.451769649660846,0.499984652846847,0.423868522612146,0.499262715309783,0.44989036236074,0.432811654352651,0.421383872014974,0.528332854358169,0.618465288828178,0.558761643353845,0.771102070413293,1.04672818590493,0.927409044058947,1.12882737210271,1.52246133037883,1.60185640988591,1.38741386950981,1.48704212456682,1.2280783901652,1.90632199031372,2.06633531163521,1.55433936025853,1.3600003074193,1.33830359321568,1.44451289762088,1.10208180678416,1.16226559284595,1.21653543713573,1.11083288368001,1.19309634872873,1.20421349695041,0.818272950701099,0.983254799251724,0.796768107631041,0.908641306154351,0.853476697177278,0.815554503167617,1.03680663455835,1.01406637444937,0.881213435837089,0.803318758011678,0.866209642905896,0.772771905042008,0.55269177891183,0.648414332606043,0.567359111681246,0.614293575596994,0.521569393267063,0.702004641666284,0.784176888186701,0.683511095341161,0.627980617428398,0.782834395995744,0.704173173084692,0.645458027404683,0.849486449224895,0.888621148097806,1.05865608964043,0.850801981275554,0.88819069807566,0.895184091165364,0.875871690199243,0.987467208103736,1.04254737131591,0.792468474050132,0.869113008895605,1.07345665241661,0.661307567382825,0.600256419766286,0.982570290882946,0.940844306405591,0.651163184322739,0.78605719624745,1.03411113429241,0.754767856888771,0.90560155514361,0.903038145047024,0.912578420287764,0.953358758049572,1.44271311093689,1.65038207791623,1.36403164763532,1.40608473559473,1.52387281396676,1.82360888955215,1.50768420120833,1.75130035333233,1.46817446503709,0.548125478380274,0.603969161027315,0.685998999122213,0.690022386412473,0.652036415310892
1.09148493749313,0.970290727449698,0.960269023647331,0.993188648952357,0.698567112111635,0.835947970197234,0.966951869443902,0.872206508877252,0.817382759155927,0.92173282539645,1.14669903809562,1.07795949034427,1.38656435013842,1.18085304144916,1.65335814597491,1.73363458533542,1.41415355035215,1.48174493671061,1.50204597246042,1.47931197345398,1.19530420033897,0.988533772202819,1.10877840501181,1.0155491652023,0.896007393367601,0.623679108641458,0.636778435099453,0.50560347239277,0.426715409902987,0.537998471983633,0.521526150940411,0.612443791439695,0.620698112749938,0.531299518896047,0.567772158934689,0.607210226767045,0.722707980088995,0.805084376855292,0.717349089885625,0.951294590816002,1.22778148834633,1.11355721003681,1.00451426735159,1.3016016269969,1.06218169129598,0.965842201337298,1.17963703520927,0.995809195602414,0.694820393509794,0.580921620468522,0.504899469411865,0.489244943850261,0.566747880496466,0.548158972251866,0.649559668654266,0.661788670112705,0.647216278544043,0.758965044142859,0.620768610461799,0.908276326914741,0.773410995999326,0.677527126005904,0.724107126560997,0.681730592305941,0.630667154362494,0.911295797672792,0.6349566928004,0.660716236361086,0.651044903620164,0.720334754793307,0.866116294244428,0.818812751250642,1.00228868112791,0.992405377891965,1.120056375048,0.979791370993067,1.08412798595283,1.23413251633601,1.15869686848833,1.37316604513376,1.33304794894524,1.15140796091344,1.00260568536298,1.25632485607676,1.029041058643,0.967842621248774,0.860444192145622,1.00690310165641,0.776777809942383,0.932351582305109,1.26460597543668,0.793966205192741,0.798293535696333,1.35281685975271,1.73490742835092,0.845662807307626,0.761807778620143,0.896397121016344,0.835019366391121,0.861884533703696,1.04342156052948,0.904256303114809,0.722642270804709,0.682576257798097,0.816856194947532,0.495384380105076,0.46682471312732,0.703846782364853,0.470172852205909,0.461663487861733,0.546646555667761,0.857949652428498,1.01620854005449,1.11815096529476,1.30135609134781,1.59042959286235,1.95812936477507,1.96735116566521,2.0172473288657,1.88254586698598,2.20007397214363,1.5464362779612,1.49360129375673,1.43316588574203,0.877045438882577,0.85762535916138,1.07127151992284,0.863380607026579,0.752280509413165,0.813898663750907,0.904012157480375,0.747173915549071,0.997410359961378,1.14332400370679,0.839352494428654,0.937733419094015,1.12507923305709,0.987097776931749,0.921510369007734,0.936969508714292,1.08154738292084,1.07881624497603,1.35911769134361,1.77284821709426,1.65966827917603,1.50172938535688,1.78243289948097,2.0720437363811,1.80601447798897,2.17757805910122,1.56969542002197,0.671961007416596,0.549398692893826,0.69216302597363,0.717726880018809,0.618687938145329
1.07970826786735,0.979948187553505,1.11861293431723,1.24084415064648,1.10004541180915,1.02138053730244,1.26032744157952,1.13530126113281,0.978899962448266,1.00432949374018,1.02938053137454,0.956784673549567,0.832359626217622,1.16087420213534,1.27503698286069,1.11293299835294,1.10045326462955,1.07836706055088,1.1810770607739,1.29003470731819,1.06681976974559,1.03166677988469,1.01453215598151,0.891734938550101,1.00878058658137,0.953730480667595,0.674793745613298,0.734728786483775,0.599210908426376,0.895342520494033,0.874976723207924,0.879072707480046,0.957151096881494,0.99145429230428,1.0139664509586,1.18598890264916,1.47792353190564,1.43512105381698,1.07036682181177,1.31656846063342,1.54827617112409,1.31209433328088,1.28799857390359,1.66496161977214,1.33998811433753,1.22260458450757,1.45732567916897,1.52086696133893,1.39000444793107,1.42419851142586,1.34892366590582,1.41285442772895,1.22203296883378,1.33280539628861,1.15020669504878,1.01276876203058,1.09008604349173,1.27515718385437,0.970382756881909,1.28161859967919,1.14482193376686,0.874055500343889,0.968602671853086,0.983517097299268,0.783861963441109,1.11992108468086,1.00091335807428,0.951715053897521,0.798686034797742,0.958992237629461,1.11026153753648,1.2052041272226,1.28608656251157,1.3443768227757,1.62601481785278,1.20590745604234,1.34643383749024,1.51813156245473,1.33556018851427,1.27175681537935,2.0785085143128,1.74609309259616,1.96140233344424,2.24111220795766,1.89383937529213,1.5560613123696,1.54788737560698,1.69542203960107,1.12606641574798,0.869125721954011,0.929329518494189,0.873224584260478,0.65448779175805,0.66053294698441,0.598375245267172,0.642966920951965,0.713418810304206,0.682461479916516,0.702826541096153,0.607856525584082,0.704261776153064,0.670997612178402,0.793204631969269,0.687584817785426,0.732464738747037,0.740384320181268,0.720502460050037,0.717881973648009,0.790586467583246,0.582097043681093,0.725003023127619,0.594774301865435,0.659982180385621,0.705178564553127,0.522707493667108,0.642402465730981,0.698679843567089,0.664509713129666,0.688594891289205,0.752834305226984,0.668560001412356,0.785009409839757,0.732336524270325,0.759258078639543,0.565535052806357,0.842284582152876,0.867367340271309,0.715503769935399,0.880668276420981,1.06590724426782,0.741926786321771,0.655617855924731,0.873606178696584,0.933665665172337,0.930315120165265,0.830507237591711,0.835224229979982,1.090805224408,0.752139729744622,0.830322107681622,1.0978677713726,0.91765292169281,0.604072822918008,0.675136129007591,0.808793050545984,0.606035351364315,0.472681752915898,0.503575776162931,0.621134379534624,0.704606539915777,0.603065777006314,0.67088770482153,0.655276306331012,0.622440191983543,0.658394898175448,0.735581202192471
0.812782912443327,0.704020762739413,0.814800640157978,0.797916776851387,0.639657891041487,0.705996364694304,0.699091864589127,0.600028022691334,0.601243379899619,0.716429746050274,0.778489714683042,0.664963025909593,0.749047074587306,0.996662528955886,1.29861228251596,1.11903048138178,1.08949422840235,1.21783250642971,1.2856868796586,1.22111343379298,1.06059255160503,1.20120322386247,0.999795413694657,0.955786308722265,0.785903281241876,0.883087778049652,0.632304100381089,0.858482408930692,0.847745702031249,0.933928983193603,0.845598641922853,1.1544020882067,1.01853332822485,1.17266355409728,1.14722251454176,1.26460380227924,1.38340482704915,1.4677591622688,1.38907845886488,1.3393509880456,1.50220604025315,1.34840516724734,1.41776094113037,1.43649516009409,1.32475481927072,1.22723243109008,1.44408052421718,1.14612772240278,1.06102109196695,0.979722137873425,0.894178314426116,0.881287778001046,0.982459659585348,1.0405331692228,1.13882399838417,1.25944411637667,1.46935987488508,1.46364192749187,1.23030865224252,1.30371072633372,1.06306742002815,0.976059364500417,1.14746909014126,1.07839065239442,0.91067264576453,0.80763702312337,0.560837894528181,0.64934559398484,0.701240421939316,0.745558999994542,1.00895055155987,0.877193568866047,1.06449476598132,1.07263693539307,1.01382971399303,0.748617831905335,0.913613973046342,1.05662299571753,0.946018918266531,0.824272580822832,1.0611713896742,1.09318344706131,1.02537473292471,1.42207568658248,1.21746194674233,1.04321633237496,1.25391798213244,1.34925504929007,1.02289649455612,0.856943882598107,0.992429493519687,0.855828993130559,0.909580259430925,1.10075653031911,1.099861662948,0.629212474072775,0.913515735778362,0.996248537694443,1.03040714481132,1.12658892699803,0.924401437194508,1.16902924504725,1.2506045345473,1.01547610192943,1.01495272659366,1.04777483967816,1.07525757762021,0.905889472373627,1.03113757292403,0.973387367433867,0.821770657828664,0.854294176803132,0.96139640344538,0.877831259367985,0.772973587131539,0.980232119088963,1.17296813191579,0.843835828224398,0.73969364374913,0.839954974081418,0.765283615592597,0.750195074366975,0.886867883728718,0.939306633446604,0.702375313521182,0.733124369991683,0.887071940580324,0.786230006590051,0.810704789617326,0.673131953249969,0.868891886401333,0.857616076763226,0.627365766780752,0.662505746891058,0.837635360478295,0.734057189032755,0.64654866632575,0.818672999363512,0.823515972604033,0.632830921544627,0.818532449113834,0.972892903570853,1.17268031564198,1.27429324083903,1.33996431654851,1.28864669529718,1.41709553105552,1.70663796874806,1.34062915996951,1.57940250004576,1.40895677387486,0.707543143651131,0.808803833591862,1.12937037298184,0.882156637767842,0.863240801677533
0.902973965628094,0.714992303193655,0.722800813210981,0.78627722046285,0.613654053436812,0.700809279862922,0.770767346035304,0.807648009173708,0.694756491471603,0.736192348308577,1.13525775447903,1.06088153093302,1.1452475586686,1.13804084206877,1.54553178580868,1.18576501706091,1.25425269452894,1.42393266443133,1.17553623877332,1.04370581778688,1.12756429129352,0.827025540040556,0.645851572750734,0.656661402470761,0.808356805657538,0.726828881315668,0.846401842974595,0.819155809748169,0.608033873445977,0.915058954055906,1.01474951617035,0.727831804117516,0.952070163964477,0.783467153100775,0.666185699169796,0.842560317663353,0.862695212694749,0.786787940402435,0.688195488674956,0.885420554224829,1.08399089723536,0.995357826681436,1.05626992231354,1.24528058968172,1.31932356560058,1.1061805165619,0.984023711204349,1.3902752342022,1.53868829048682,1.6228467060072,1.38383849697555,1.39955419524533,1.58212095003324,1.60204263624336,1.31163664437628,1.27452411464134,1.55974705861296,1.60716365662605,0.935575289502335,1.09832672257081,1.07090655269678,0.732858251498865,0.835870052304218,0.915379148075215,0.844107649798534,0.889619947320474,0.862773700561245,0.997017710687742,0.980340029178054,1.05820311031365,1.07829790550323,1.13502506912889,1.25857440404542,1.21043911610488,1.21564025328822,0.980453953968363,1.03191815146635,1.01287991114074,0.80176156086792,0.844529037807402,0.921149745594568,0.939255308302335,0.87990009500525,0.753261138986315,0.76616206563851,0.794758636729077,0.679616549661261,0.674869949901977,0.728439438627259,0.836713116908169,0.653568234431405,0.648719345239287,0.592053038001604,0.797283059925569,0.943641067087534,0.632271178849959,0.594530171985703,0.52945850522945,0.763127740264075,0.838204925719801,1.27576867798833,1.34383330323843,1.10618431594077,1.10259040894379,1.30667332969532,1.02332727694381,1.07357255229287,1.2979366002667,1.03736466123342,1.00366590733061,0.907085817629186,0.820682493006071,1.05823417169923,0.931506426160787,0.90624187428024,1.12945866899258,1.54649553374321,1.36867416447962,1.1837867772732,1.01806752970447,1.08234812770781,1.05559560183037,0.88175847429782,0.895810498257076,0.361613634227006,0.446726565887177,0.771878790122592,0.744121734264768,0.497346100444864,0.564899852416936,0.677932394652122,0.708196568366102,0.877001720858499,1.12030781715853,1.09718900081883,1.37847706169557,1.26918280447581,1.35525539636916,1.47496986711817,1.49729910641388,1.37962267242865,1.18615499059206,1.40110441857065,1.75993324118229,1.46299982780759,1.18073186150992,1.33383376262903,1.53330936170498,1.24056848084991,1.46506308173398,1.01575518340939,0.850495521995069,0.633397624671129,0.549869199044792,0.649513684895397,0.588313066841129
1.50650330121909,1.18808028640575,1.39000583063585,1.40435836650564,0.764360589605814,1.0343773732003,1.25179588572013,0.726953057694609,0.961184890020197,0.677605290104342,0.63561881799946,0.508547230276119,0.797226942039112,0.929718379796982,0.936660864153385,1.05848474175399,0.977391780065746,0.879444555795207,0.871687228632352,0.848202082829789,0.762231855524153,0.784792262641172,0.797019599732371,0.830686231964532,0.545442657797827,0.623296454162681,0.801840047005506,0.628749188976344,0.594599358499593,0.782210201414147,0.659461435163319,0.63702904848861,0.745584357985532,0.77027660059856,0.698757023231733,0.679046837561022,0.73362481163822,0.756335423239142,0.684491697890089,0.893960033807165,1.08146332867467,1.04002027904053,1.21660339797282,1.22372923393888,1.04720950460305,0.985017016409797,1.03672075880541,1.3625974681502,1.26344992935404,1.42771040966762,1.26432146986563,1.19209769908304,1.37254021501497,1.35918649442024,1.06341818552582,1.11314833173422,1.26383342365503,1.2748878401001,0.70211848189644,0.907962158224725,0.917163621629151,0.637488872164998,0.666960124403871,0.699959011396902,0.618571136488328,0.734191968573994,0.676287451960257,0.751621262287469,0.827773135158641,0.943014452605956,0.910945005324238,0.899573417515386,1.24015740558913,1.49865169568512,1.2555503525909,1.16127197192045,1.37159292510186,1.38910027779532,1.39167430022533,1.63420875502587,1.40532105675673,1.37583214667238,1.49598462505781,1.20985494387007,1.46822296696018,1.07741158695531,0.952530556190579,0.912381156885031,0.789678692989227,0.904229763357008,0.868835275192179,0.741284039039786,0.696932504944463,0.802035901755738,0.683351262666725,0.619533165266411,0.606313608229864,0.635869325447128,0.695386480476996,0.843990053936873,0.777001451288817,0.756940904896802,0.751023660586365,0.687895508585118,0.673977677038947,0.642575158772312,0.719866899568201,0.736914661709353,0.707754671311153,0.751020103635024,0.745918140721002,0.935474907215292,1.25617682438811,1.19009562941007,1.1319329217996,1.63323615230504,1.62851316622702,1.35772750487167,1.66028797655286,1.69370858302453,2.00419140079055,1.26427773722946,1.34191707313011,1.30916626217345,1.2782451113027,1.06353957979009,0.960317911848139,1.08382095151957,0.995803874741667,0.603779255280894,0.614115383644736,0.554767173330343,0.987698554062739,1.07681101038315,0.688999779615442,0.672135038525602,1.23103727543646,0.943284432516117,0.888513988225999,1.04336158967997,1.12478730344014,1.0490795557997,1.32652945466802,1.54381687924232,1.43815638699369,1.22922935635518,1.59005523057757,1.93728848428782,1.49371748193783,1.70195978590696,1.28493628996662,0.714937448525764,0.668338817457736,0.612275286442997,0.61337178737051,0.661280059886227
0.807395864059123,1.01671671082261,1.0157740426868,1.06614871760986,0.953646422382346,0.770008826992758,0.819314214106703,0.847548143339337,0.944512659191638,0.736464198655832,0.658525646521286,0.755403552008878,0.745712588204504,0.703252913732289,0.788978437423911,0.760313633757632,0.672048844452821,0.884740548901903,0.971713729540492,0.865066918756635,0.765521066153415,0.756739710569284,0.882882936927871,0.594387579743754,0.617640213055826,1.51490832318461,0.904084060801874,0.722896822552968,0.807626771921248,0.951894176577808,1.00377048478696,0.943705773902735,0.856292028399978,0.893189001125653,1.0259789125253,0.912647563885185,0.729113314744538,0.934381268021609,0.852931574720272,0.871343353964317,0.807897492801736,0.69033197269832,0.708731844682199,0.802334538562151,0.671749495657683,1.10015497691793,0.822944718537871,0.880638519828229,1.79424319480706,0.906586387074639,2.04046228098774,1.97591251543538,2.59678861477945,2.56740974968593,1.73144552497913,2.0776064739792,2.21536506271756,2.22452644459992,2.22033499752761,1.92752531808463,1.4842141756256,1.60184651275475,0.938380114626488,0.627626907218509,0.726472074122356,0.691616624850269,0.575171795085931,0.585199599194017,0.535020998186802,0.584821423666342,0.552989486358004,0.582768537353404,0.716487096526316,0.670236676074628,0.864248922305045,0.723350716329495,0.585438335664295,0.609135732307638,0.752487961173669,0.750069618014643,0.875433222703569,1.03816753897946,1.41552023810517,1.53410873459499,1.24981711476957,1.21213015193647,1.41561418385802,1.39482091344026,1.11700435227236,1.00049996584296,1.02359967255828,0.899683784808558,0.727239150853021,0.989902371115155,0.814771416830635,0.595954319181462,0.727288797058742,0.642169892404826,0.648756454132513,0.864924900149393,1.03576392303695,0.931676433262086,0.878168085586714,0.894147060733636,1.05235850731939,1.0855442752612,0.981473406102349,0.988873552341038,0.941998530053543,0.862673323707617,0.874223090043554,0.692318537133706,0.807258735261784,0.695698296001946,0.757592744763727,1.04644752697886,0.717129827164814,0.767329186045373,0.901633188056198,0.966997091093512,0.95752514713777,0.916092913017389,0.778843901529363,0.980970838434528,0.939187864896497,1.11589108673003,0.938789484633915,0.85102673109076,0.905499655537903,0.948568314191022,0.657646900111535,0.636225065464852,0.666694776615874,0.775094732623147,0.821245533685496,0.933150865098036,0.917744175037206,0.88016118206544,1.09818207258394,1.30314736184821,1.36395441190554,1.27666226755148,1.24853480393265,1.61144120003249,1.58979915878682,1.37369408309075,1.62179248245156,1.85170156812953,1.48380431473333,1.74592892882951,1.41327704231582,0.569778277496043,0.497668698020356,0.66308030484614,0.692992879501404,0.661693498005111
1.26191874132255,1.32295049567599,1.76659216979471,1.759298435796,1.5060486461027,1.32070731626737,1.16625848052529,1.5708198092346,1.26966209432873,1.27257138007323,1.14807462037832,1.04341011755439,1.17255749413054,1.00908782348262,1.10777962395885,1.08731854881817,0.964431211910019,0.942948999332041,0.997949759837148,0.790583669900201,0.802357472770537,0.746591123054831,0.839214681155112,0.892926057589097,0.847000269194451,0.789553284011254,0.820709674184277,0.722910184725971,0.738697396506066,0.800615299145504,0.825976587067199,0.795096410532072,0.866804537067053,0.921655136868834,0.708495947241508,0.685337092567464,0.75231728604528,0.742252664362395,0.691326585792416,0.84911471390432,0.982837095070455,0.985664944514143,0.993948078941333,1.20693790351655,0.997361678238326,0.984772006390702,1.06106458937214,1.1323996994718,0.995209284712379,0.918625626855444,0.741153250070579,0.713316872642095,0.764999002079431,0.917744506216651,0.806674002052654,0.784370878024692,0.760614861688969,0.699348407052387,0.748335128472914,0.961406971580671,0.750573544818523,0.668339265092687,0.585192499745341,0.585954305600651,0.543292677554736,0.749763083711421,0.612020936035778,0.571288750315019,0.784753376140911,0.728715862401137,0.665680746522343,0.761587900982149,0.879393981647523,1.16263306177076,1.21041952167006,1.20167892205569,1.39241849008233,1.35716673216786,1.30872021143063,1.11509527428837,1.37607268908943,1.27553337395061,1.20856485168395,1.25586649028894,1.1634582239032,1.14251333827464,1.13932282272688,0.882909415052831,0.863533745745181,0.893748155545359,1.00168470483557,0.605309311962728,0.729110203113932,0.943000905159004,0.735868401527899,0.655417944338363,0.607533823926171,0.699473119479461,0.781362975032023,1.04975219041547,1.17016153989079,1.11159887645626,0.88004707518567,0.898910312014864,1.10870948979416,0.968066541108084,0.900988025505579,0.955049373698757,0.922414948328633,1.11126075969177,1.04269487611313,1.05023155089563,1.16575319627334,0.996848760296548,1.05639371260724,1.31839366986193,1.36564490819417,1.2101310575221,1.29048510725686,1.39777616591547,1.29885900707582,1.36859936606978,1.215051510581,1.61844559852235,1.39806310639763,1.17849851667294,1.31027488100079,1.10140005504224,0.933474855001743,1.13299525390326,1.00782795962379,0.856062980365902,0.700138607489278,0.900478941316604,0.888398753584822,0.912573050030025,0.992572501858218,0.899824312565231,1.30593534699514,1.28367034156982,1.1466304250612,1.03933982993771,1.39217141908341,1.32326379718196,1.15838552895524,1.17854911819514,1.45858442438786,1.43410198018447,1.24214001149007,1.51765660495907,1.19488406426681,0.44213587826644,0.438027994690089,0.613261320124057,0.566977078228414,0.507753173451706
0.804484034806319,0.937452281596413,1.06825553382466,1.12286445855174,1.32013706736682,0.961310534114929,0.90982633835464,0.838168780404135,0.901611868373184,0.781932542068038,0.508719927603531,0.52351915379759,0.789007125782284,0.893426895977504,1.04494899116039,1.06640361859886,0.933002273437586,1.04673101924236,1.25164130893938,1.18196261778291,1.0779740844363,1.11994025131505,1.00737233435199,0.938022998792901,0.799311717144559,0.905813750156694,0.736796858887181,0.68349472893784,0.716564891176908,0.929578664390268,0.749464779081003,0.89612343387978,1.32820843268743,1.41714676619828,0.97627661271291,1.13697499856478,1.15352191123522,1.12560354105787,0.889551909564037,1.35332509662345,1.39689680409529,1.13406866660444,1.26348619187965,1.33618566710391,1.33030969144498,1.68692267485131,1.71962227406823,1.71793063750984,1.84114852285067,1.60817049318401,1.94184642164465,1.85251421681007,2.18318816611516,2.18970438373706,1.58543001023936,1.4375713783548,1.6993852293708,1.53649625861047,1.40590283388018,1.38419448944927,1.14773116737118,1.14387544762049,1.09084913691053,0.852066094708131,0.801318545820187,0.994226842318814,0.698889717951038,0.608997133660492,0.781972524613788,0.916702664747475,0.800894732354788,0.804606275928756,0.991065719584126,1.00919781053327,0.97377535569052,0.806153130390851,0.858605513611493,0.971170019191547,0.99330565752217,0.785821430635707,0.936243874009891,1.09291568035167,0.970896693033943,0.968331794228386,1.12338901128008,0.755403553627739,0.796097765006981,0.923049231681106,0.706665579114851,0.823707969762861,0.88185703775375,0.69795437499394,0.684708816818324,0.914189726836488,0.936661559370124,0.710094400639335,0.624768423808896,0.72487290860891,0.811373937855377,0.922136440834112,0.92631108779889,1.09007769862296,0.984965670630331,0.850016366781996,1.00807274852428,0.975519260120234,0.760010145746145,0.769885174685367,0.691141881095352,0.754924668544233,0.657179337905894,0.703968702143052,0.843957939165401,0.73406464478334,0.684945911902482,0.808516703687511,0.800599096521631,0.65149736282493,0.666673912180899,0.750320461527868,0.712478074951283,0.888670371539396,0.828453551278742,0.986786570545638,0.916138785158908,0.944978384700157,0.834058423300108,0.762706837480284,0.794738914005969,0.960149585003091,0.660402114697861,0.785638262922888,0.52914755635181,0.605977573418686,0.577656202240594,0.488314086924486,0.657484469091557,0.632526116357537,0.85076911740068,0.786456906464476,0.846841693664685,0.813801966243726,1.35886046193408,1.42660073892047,1.24354407401817,1.32726771402003,1.47601156915843,1.93437450508088,1.59502990274687,1.77343376146171,1.4670039112165,0.728090414457524,0.677387076528233,0.577969053498743,0.648935018630319,0.674674613828687
0.696661208241693,0.620063171352705,0.988797677409353,0.981514490245816,0.921845609319594,0.748188656377376,0.677242462495106,0.670429442113592,0.718818998834024,0.735136735921874,0.659632415479345,0.785312141672364,1.05567762533291,0.80784579153186,0.773911678089214,0.855526069036439,0.89579371832813,0.922528083246012,1.1353600607566,0.989936234850351,0.870122952314412,1.02906234364251,1.1873264718131,1.11088054230494,1.0262381632773,1.09583701183877,1.13051032559928,0.972373023787966,0.948320554837063,1.00565686325847,1.04546006522793,1.01786027425461,0.964934884642761,1.06899100311493,0.705405651420175,0.730098947079562,0.732261084939208,0.64394833507796,0.670114684991528,0.849315729203998,0.983574818148299,0.82299579165806,0.901778822741166,0.988119141903511,1.33164880852226,1.33337064527679,0.935573535877134,0.901215622776654,0.982581095278637,0.764111032769972,0.884424753548564,0.762156353371227,1.05585795257133,1.16352977575648,1.17613056843803,0.964216570576367,1.34320559281389,1.29844775343972,1.44134955234201,1.27881688412519,1.09248837300423,1.13563978660467,1.23078239742101,0.904042129416384,1.13948853361184,1.05932633701671,0.724379130075285,0.653629815671724,1.09259388445131,0.8807277322765,1.00578348406055,0.954773519054287,0.959200617960493,0.946336859869324,1.11386057393905,0.818001344267632,0.821243274236915,1.22536003653188,0.903397958204191,0.974626753798771,1.24327733634807,1.23564043165281,1.31998885568632,1.67467657824927,1.47284848575322,1.32864603494703,1.2294556934657,1.29125602271434,1.07628906990795,1.03288164638612,1.17976910413462,0.895962777206479,0.772897236071948,0.986024035921505,0.923318129416296,0.853034714786733,0.721355854390397,0.745287494607982,0.759217470125281,1.17673533682167,1.12304126471054,1.34757181182626,1.09875585259852,0.974024223755365,1.26153542710202,1.16995200268719,1.15008110969327,1.24786272624072,1.32383429866355,1.25706587829204,1.15529369843335,0.926647627843012,1.04843672288953,1.30047223797902,1.20451937317316,1.1054920810901,1.27167479707074,1.10508246866945,1.12989205342874,1.18123485353419,1.21188579811491,1.18161379870617,1.03157321954048,1.50191690138339,1.24843214965646,0.861698664136479,0.91954736008124,0.923430486950769,0.757392824548944,0.797420353918863,0.771324031587823,0.689590070961702,0.567818044058391,0.685033559425132,0.921369067391994,1.04404312115666,0.739412222037517,1.03973318339879,1.15170901163843,0.822102791145457,1.06683606769764,1.11149576050215,1.04358649054376,1.01825456275677,1.13756591300017,0.961020753236771,1.10810145447544,1.1755439401013,1.13023725564869,1.24075703740189,0.960065278931206,0.69766129018242,0.679558997539107,0.714107933127683,0.771052349143928,0.622346640928102
1.10831152113166,1.00762405208479,1.45427181312589,1.39473961472081,1.09146249394576,1.00277324742142,1.03988866853841,0.965776800692029,0.815860406319781,0.833178032610677,0.909418929311966,0.84320199324392,1.00442461434047,0.873650669772352,0.951530162251339,0.979403028104535,0.836199967000158,0.889264033026578,0.913451303130411,0.846600157996248,0.756504461877267,0.682202573326577,0.704420550878473,0.689208715486181,0.41994429309309,0.460162489624871,0.518141666451163,0.484799180347374,0.685833627033765,0.838569084884932,0.623262712557101,0.891718795779665,1.30879241429015,1.31038756765091,1.06596116119506,1.18242147402593,1.40597420591799,1.43308385147984,1.17685190013792,1.68267231628341,2.00320012603144,1.49980087178027,1.79120989768276,2.14019324476638,1.88387911142739,1.77151034565287,1.97927202883306,2.1104089302427,1.75319190322441,2.16899126464762,1.76949979859749,1.41919942730521,1.39703925997607,1.71032016874066,1.40197805645557,0.965620209973614,1.22762535833605,1.23922140028127,0.657563470081827,0.954133420415581,0.908873456624723,0.536257798170486,0.559723042048878,0.590812223454824,0.527653516630123,0.606585953366037,0.487340569903399,0.549542085229115,0.542622753130537,0.57585098462147,0.69520260879601,0.719241707890719,0.708838553266773,0.805171591193416,0.915235630860944,0.838278681907938,0.89719816640531,1.15128209104932,0.946492988719031,1.1230754755815,1.01571105466935,0.858467994472591,0.93711939720968,1.02416819383817,0.904810713066884,0.91070327080689,0.884939840325434,0.92363433149415,0.743180563170113,1.05430362102184,1.42709704430301,1.23264505851645,1.22592712679577,1.23766019477003,1.62583887472397,1.63206408135069,1.28430004896912,1.3239756830052,1.28540456020039,1.17418083800798,0.960935915517528,1.08443516667377,1.19077270770132,0.930562351213822,1.0163883739032,1.0935268619722,0.901750107762442,0.876942819373169,0.858099567073286,0.756621047189545,0.606957963304732,0.599757995007155,0.609909612220703,0.597406335664258,0.591127827638399,0.8629371844581,1.16527582089093,0.941723295756159,0.967737405929721,0.998219620157043,1.19934734031579,1.00169855065379,0.942307388970986,1.08234919589797,0.718829790545691,0.764615447102702,0.969765805123248,0.693140303932974,0.657045403305728,0.854049936954183,0.762475990598957,0.666443276339249,0.963505955022651,0.941626704349302,0.872758581121585,1.03230675742103,0.798143675464669,0.972660483164983,0.847698844839261,0.42060583518305,0.658973767926743,0.727826498973442,0.825324957352733,0.873782045567263,0.849046020840345,0.807136463797107,0.903110790787111,1.08008174115311,1.05582940439197,1.15854311606274,1.04506537139424,0.544554548341587,0.603462243923986,0.887067007134715,1.14312321102383,0.747394350502391
0.796452745892387,0.861604779225433,0.734091413047457,0.821698757705409,0.772422429677026,0.944667926920844,1.07516740408977,0.804967649614132,0.841523015902365,0.921563880042635,0.889826517899191,0.913411703833982,0.917339125681452,0.876981410699561,0.752517503498577,0.693326311994475,0.647018384082407,0.562048275327376,0.639225181222139,0.635599436582014,0.600751351259327,0.765865949155407,0.668568622885118,0.567197105740274,0.582905449605581,1.04196764620828,0.737241148349215,0.703786972814524,0.791786579514452,0.965975351019658,0.950759790054714,0.894129344921199,1.03154096522939,1.06294741734636,1.03286465882661,1.14515816519206,1.23466675872375,1.41605081481628,1.08122114431881,1.20499700037468,1.41089523823595,1.16765558326627,1.26714463098062,1.53622961527765,1.3958506074525,1.57179541856577,1.39823754792864,1.27509815379286,1.52466197266271,1.26838749120574,1.42749528303361,1.36810072178274,1.62160597583501,1.6045585549509,1.41972471106082,1.34897565232057,1.75481868900494,1.57981952972818,1.57062863600243,1.57122814669288,1.18653648728456,1.1059980046112,1.14623519321593,0.943730378759212,0.823480090123777,0.877308243456264,0.794500680702381,0.72407615144607,0.983443008598486,1.14858836259398,1.22145210706689,1.15523401412181,1.31694384603602,1.45142563633376,1.31062162811734,1.18083282352581,1.34243781744733,1.42164514658122,1.18913535691781,1.17357752153765,1.36265755766424,1.5695681040297,1.34662496422262,1.18095981014383,1.5961162133879,1.22118438022699,1.17719878965328,1.13916753565236,0.902375108493142,0.94959308613947,0.739238045792632,0.754761908635508,0.690633258445915,0.751612703202453,0.782094006614745,0.691109561562787,0.84634307543209,0.83976304148466,0.809904699945027,0.657105396900294,0.659486719305628,0.640931268910317,0.950000160557936,0.700278306204408,0.723628129365465,1.00367843634833,0.812565888055138,0.733446408335055,0.865989884691482,0.740736088615038,0.767766059912307,0.88953747929786,0.787070460323888,0.688533601716592,0.746732645490632,0.826056973236281,0.773644759510058,0.781211352374606,0.762008028795901,0.901512489694327,0.859643220563286,0.828594082554468,0.838459594163973,0.861518093803897,0.87599158986139,0.947373967709141,0.995408216263521,0.896116062467233,0.941456881735233,0.893357324961317,0.780806253728623,0.926865048174988,0.885534082100376,0.878912135721352,0.898065933829131,0.755041043046508,0.869653651255258,0.879945543508659,0.965120403957941,0.888707947220466,1.04619795993939,1.03839948882061,0.927884380214586,1.17427769795628,1.09728968558177,1.06489822591682,1.22882561799047,1.26406373131028,1.147998997436,1.17497631832882,1.02221234201421,0.839380188769042,0.834384007916685,0.801685426804432,0.823204755760019,0.922972962690315
1.14411266186516,0.904637580696455,1.16220758314806,1.10625865368421,0.895682284942676,1.0905533169591,0.89766968111894,0.812573095260813,1.08894021832301,0.73426557316961,0.799805957337282,0.757030160280279,1.01840411924308,1.10302109863378,1.14793750997985,0.875093309881205,0.905067642819362,0.916853762394738,0.801917953199281,0.739141322846397,0.791326397722501,0.610134793096697,0.633716657488476,0.623161968434087,0.60108888765763,0.731463467330891,0.540748852866203,0.636217972935097,0.7026578351764,0.892094613549706,0.749944149671459,0.759366568384653,1.0627475030662,1.22829249204224,0.784569911234841,0.867063269817514,1.00015502454914,0.954391254487335,0.78277073913911,1.03212909629465,0.92048377941819,0.757056707014092,0.717976087746081,0.868588763991018,0.89772099895619,1.09062442538666,1.12122639744578,1.3993734518359,1.40985020613972,1.55832708537392,1.77888800496125,1.76318529213651,1.83329399839838,1.65799742583576,1.24576258496591,1.09131179603831,1.31607106481545,1.17930631514715,0.851774546164121,0.915276650816638,0.885480203825005,0.789667963652533,0.636164067061985,0.500155619459759,0.778434476358989,1.02427255406533,0.975019889636782,1.15981885440881,1.15594563269556,1.32790759385576,1.28854393378674,1.17050826217599,1.47751923110004,1.66645093376827,1.40774093929678,1.24949525396826,1.20212186706445,1.20060502399606,1.04681110725042,1.03315367193123,0.873273100250624,0.890874637236293,0.951746719573066,0.985125120278798,1.49751086875536,1.23245052723457,0.869534946599636,0.702538501336103,0.893343443881236,0.794502375534531,0.792656723802627,0.624501118330773,0.7084889350578,1.04495050959429,1.00149670812319,0.726772510889815,0.639919063614484,0.772595359601196,0.718257908024742,0.597742606753101,0.754658308093146,0.656487775611054,0.608491769726329,0.570908806014754,0.713722289852533,0.630208304868063,0.576263739685623,0.622359914310962,0.542482074016968,0.60030582754725,0.508082523992596,0.770148481381228,0.826226213136004,0.697181113389806,0.910012773125434,1.26103833563322,1.19931981285946,1.14478099755998,1.24212171859373,1.42509368709382,1.44620023512989,1.26621872066681,1.21268474688195,1.57605498946829,1.24808117336625,0.99704290906664,1.1344236139739,0.894693911373395,0.872089525149519,0.991247338677252,0.870978355998408,0.848287280589732,0.969615231806346,0.944741147816489,0.91486867214347,0.788106749050276,0.948965525019047,0.959465632911678,0.902186440755959,1.12154168526576,1.31825376954492,1.1522512444407,1.19860888003916,1.64458186501581,1.32208741605647,1.42027293740185,1.61099192259111,1.92245674989312,1.66697591147975,2.08563634181243,1.47560529323261,0.879131241627434,0.825568442550695,0.441988438553777,0.492263919096385,0.822527987914604
1.57785885000973,1.45048328756121,1.56250526582833,1.61333789206271,1.211091412605,1.26429753658263,1.24714810203624,1.1548131532693,1.07451675405502,0.903833624952866,0.711640055353274,0.687971144033205,1.10318969302273,0.751259019966349,0.96559647218988,1.07460894780451,0.915755327792263,0.761304695651896,0.809304665560745,0.670767528424753,0.731849703125223,0.62261352221661,0.601279099103711,0.759962765199351,0.546596906370047,0.71453857946745,0.786578151206511,0.571123543337078,0.695678599055228,0.859158850474594,0.67022455534511,0.841985560928512,1.28886783216437,1.19900034192891,0.893000950264067,0.910173807670313,1.13810816793344,1.08239151153175,0.939882979858353,1.27593215808353,1.20238247991289,1.10458322818517,1.20893902419568,1.17963042845315,1.05029588868633,1.49337894366183,1.60060821134966,1.62110732273617,1.5950443427205,1.75117080493838,1.554030410405,1.63850378701442,1.82646376793552,1.7169950880478,1.35183765086188,1.15665674259371,1.25506502619688,1.31155039625749,0.850656993047506,0.874449775189756,0.82795324914337,0.699870392313189,0.610213416593376,0.567895766030315,0.500573016947937,0.550561004375892,0.473897847254084,0.559815646856682,0.665110630282713,0.703876666040538,0.742607001882741,0.80593471967378,0.942858084279264,0.772178011720193,1.09834712813566,1.14279964015694,1.21425468270119,1.11577711720515,1.38948079639927,1.14829839492076,1.02885512752074,1.15393717135649,0.988145118036941,1.03014612536908,1.0090399068447,0.842715221830361,0.74351043317925,0.761755272682509,0.730876117461182,0.748796285527437,0.892365918200496,0.793562236121854,0.717516498630115,0.845848343825465,0.914821686528107,0.871309389007949,0.66340581218845,0.742828204811775,0.734504160102448,0.950777233058917,0.908944002198432,1.02511406596592,0.941528123299941,0.8412627383873,1.05244322658621,1.08441768278888,0.8538275983961,0.973929767543746,0.838748391035987,0.895881504331212,0.821669744177987,0.626756170661146,0.850381802689987,0.866135332418679,0.808306987436028,1.2599735909184,1.29087756053072,1.03880933739143,1.180189560926,1.38642508521416,1.31248177245822,1.29209830212272,1.22459636899348,1.40690434977841,1.15335250797146,1.14841849273836,1.13892095182577,0.886415818086698,1.030962732311,1.24161500669853,0.904192100311646,0.763444504364281,0.983779202723148,0.984378172244133,0.982357990198632,1.04351810702875,1.01738958542146,1.03159298208916,1.02160589808726,0.859843626138587,0.848474103170868,0.833874265292574,1.02202197550353,1.17169561654684,1.14325214578847,0.991861156115485,1.24192859317774,1.4146329214722,1.14213902030272,1.43305920710998,1.0131136099957,0.593799816779069,0.581345968085823,0.610810035018646,0.737704279508957,0.566195740027584
0.672398082542211,0.650104199810243,0.772851669835014,0.780744953908194,0.808381431268407,0.771135856925416,0.752532624442403,0.873523165512635,0.838707650056259,0.776282970535592,0.850857808962166,0.984264456495678,1.25660141583086,1.00022154343382,1.23073886837119,1.28720017144003,1.18986051966277,1.22509761407746,1.37051413785235,1.13594417904176,1.18436460051854,0.976380628421177,0.834054590142269,0.921360866810553,0.937921839328229,0.639520080439634,0.718493333733037,0.842720437116035,0.860831048772365,0.815286475815596,0.894834377337152,0.949436525214278,0.833900340280896,0.784409066811453,0.932076113623942,1.03066066913991,0.961898792010835,1.00682654953168,1.02924530501078,0.940786741691564,1.05294363319557,0.967742487861745,1.00223111846121,1.13023279955839,0.940146990585775,0.799924337543948,0.908600894860953,0.928760272501915,0.855468412256518,0.776010070624649,0.804715964528736,0.746474534851262,0.793059216346579,0.852907409315142,0.685337183392094,0.735416778316636,0.782315906369303,0.777771757468093,0.593394669104318,0.669559692125599,0.617003818155157,0.622667426006302,0.718779808327562,0.874848418822624,0.817786325062473,0.996492681282798,0.848793439264513,0.85064141203321,1.15005121277535,1.08480471977953,0.95844118217388,1.09233635140066,1.39298779650758,1.0250731618379,0.977918522730828,0.875844165774892,0.963044027643016,0.862497396861974,0.857887018044725,0.76581652304922,0.859227803510588,1.02022988157301,0.920553909279649,0.970330501979729,1.0073700880535,0.891528679986867,0.871610032196958,0.848417847937494,0.773072889328051,0.950994844361733,1.08386559703921,0.734078883185297,0.793213523908689,1.25439273516411,1.51995291332918,0.754574126766903,0.750629869328846,0.844759723892523,0.844687247072216,0.857622681158255,0.933292121778417,1.07246184669002,1.03243931853332,0.982521215810932,1.18430270422499,1.14647640675192,1.09227136556605,1.14792590301873,1.05223253235478,1.02465082921376,1.04630557224085,0.856159116053601,1.0302751331755,1.06288957824843,1.09448739732153,1.23972508131088,1.48485940738115,1.33183725591186,1.47790269812807,1.2230308493955,1.46507732093547,1.30602738358171,1.09699801926079,1.25133043412868,0.784766635246126,0.703582711728585,1.02664383272575,0.792528684701006,0.78892853306103,0.882075519228885,0.918607500927538,0.95833578538678,0.700735037089872,0.716162403620112,0.937094268893446,0.984556739444944,0.821723253114218,0.938239229244147,1.0665277551183,0.93645341724563,0.964098930731819,0.909233814782493,1.3305052276124,1.92992527850639,1.59449327419715,1.49022849808689,2.11951422425201,2.58695205733917,1.96066638571727,2.37631947490036,1.62227171889829,0.915825387421525,0.890201121658064,0.871583637433966,0.919099025467739,0.895826127591345
0.664435853753041,0.653436331203102,0.749287554289925,0.677874901263014,0.646834320504381,0.694641269836834,0.811040320480599,0.682792818634476,0.95183550388486,0.831813266240803,0.94002598589781,0.761675191504138,0.77750373146226,0.878508365165877,0.717400412893521,0.75616917824063,0.882602348301586,0.959709578549104,0.912602012989945,0.93356548251367,0.806674019594553,0.794826380643027,0.811770963544086,0.740997825805725,0.785597586679166,0.973482197103377,0.885272297426347,0.878144516435508,0.723869142286938,0.937310537794873,0.706561639013508,0.585603200714569,0.833123999293619,0.794328251604535,0.589625787751193,0.569659395100151,0.71890514441806,0.873784995577392,0.721601538013127,1.09055170064518,1.29077887022412,1.06446821812069,1.19924667061144,1.7463035966466,1.47834806105036,1.46970727610879,1.35041212865513,1.70163372045959,1.45009516150286,1.40397921637063,1.38844788696993,1.2636663595129,1.44806758906386,1.58509615297108,1.11998845231998,1.26146173941689,1.26202680910341,1.32489608677547,0.903145227514828,1.10035307936412,0.920804265696302,0.889768810668167,0.622304054484232,0.583562764168912,0.703308228277572,0.825894320119448,0.66496472582941,0.640329460570261,0.861893561203632,0.906318720723668,1.09513280481843,1.20743057327038,1.07237186397879,1.55739741632147,1.23147272853927,1.14958292507785,1.24324337501893,1.43505329149017,1.05170493033364,1.10845826059952,1.26290014344317,1.29563396761922,1.08963274579894,1.17776959913748,1.16360579053296,0.974590194796367,0.883785775181189,0.781125325770595,0.711664018407884,0.909935633919548,0.843190297760361,0.698575428096606,0.758889463695895,0.876539541212377,0.970868069034757,0.646849522008325,0.713964493681783,0.676633074291159,0.623168078285733,0.74574871771151,0.952584428009176,0.890110006531136,0.812606166805768,0.828452443980694,1.02516014175167,0.706019756685167,0.893857697124432,1.1887681945782,1.05947389254782,0.963658853785856,0.909415539478515,1.05264162543097,0.986304710378549,1.03298145035965,1.07305715135953,1.35396089654323,1.33983924438221,1.07144555265313,1.37018362021265,1.33191681369263,1.51671741424241,1.18117185507389,1.27657911589323,1.37369051550387,1.31482365430609,1.07293108193879,1.13983379402415,1.17750623335411,1.31262477462773,0.882446569813833,0.908078553316944,0.977511550547811,0.981096641223691,1.09297223716676,1.30360779147996,1.19014153157714,1.10716610267756,1.2895034993608,0.996345941765926,1.2383984746088,1.1051393039048,0.987415245449992,1.02171418283399,1.40389209711187,1.25375375034567,1.06534057017486,1.18481245781354,1.2991861255381,1.16038001383575,1.36673035602813,1.09718133405096,0.524429653825312,0.486231166368067,0.54823483083535,0.603304614588733,0.623033967107323
0.435200757804245,0.442857027401088,0.509095933060901,0.44508192690896,0.540047711589044,0.477496735724972,0.484056686415053,0.555141944521161,0.571335977720863,0.52976870101541,1.0601471214702,0.96437343673188,1.08529713669408,1.18095076489889,1.71768678315289,1.40384098621331,1.34706607022133,1.63803950109695,1.5169127932541,1.39857856598695,1.32444211305907,0.868211531026367,0.796585967042796,0.830301443910812,0.899886883293178,0.799921506604423,0.744440684407304,0.706936137894138,0.82484962735412,0.99403629556076,0.866032514198516,0.783681919840694,1.06652148488545,1.05295529404069,0.817650395192371,0.879121484309601,0.987563006737117,1.08786036256847,0.969034572073789,1.27894373456317,1.41161882491825,1.1676963156621,1.215004572016,1.68928575602024,1.36956057654148,1.60394591335374,1.61013104774674,1.91858728914856,1.60664405828409,1.65467253436924,1.48162140175583,1.32228463539474,1.54985428133197,1.7418003684546,1.3057611148276,1.14903802928938,1.32343593850849,1.36935499194655,0.925903115970437,1.16212372341207,0.959827482613198,0.757339204587986,0.686150038745046,0.708011791421501,0.645155197935418,0.940072114640459,0.775342261661303,0.84568148959339,1.07506457189138,1.21833867451282,1.10815272259448,1.05030467634882,1.36947978000988,1.49703373871567,1.3594549724,1.00117342486963,1.1698914064735,1.3684432307677,0.853692469390012,0.801701241363038,1.03552060174368,1.20269038486171,1.06312246987726,1.20022008911006,1.21673541681197,1.05027862555101,1.07829275121271,0.825145701940255,0.733007423799756,0.812373948992556,0.878385917948346,0.738018630657998,0.813191544242269,1.00067205433435,0.926115378344788,0.877610961949442,0.856300950371595,0.863407199022177,0.760880757411849,0.715194545642524,0.741210316281287,0.841743171518649,0.69196275113479,0.678061833629341,0.807952183386689,0.926661594687789,0.803101049766724,0.682724791250032,0.934109249840186,0.99344903273459,0.800126731840083,0.986515124309449,1.17394410711351,1.03453283524039,1.23572343347408,1.2082494816498,1.42159948071445,1.44935005015456,1.49536007482371,1.15257706374218,1.08721947769885,1.12830132242034,0.993200508956111,0.888450916233322,0.735815061664247,0.58810676487848,0.791464284151988,0.718602189538591,0.627485595522213,0.49974954191859,0.650733592378202,0.67877200667579,0.411776068895873,0.478169510237529,0.699075458665819,0.619033773877885,0.52353396295645,0.671632137230239,0.70987850761847,0.749218979128312,0.959753268407143,0.933992594942905,1.28036430403348,1.33244265476042,1.21858882378576,1.24818592064055,1.4294420453837,1.5665144773409,1.28903530757053,1.48689434094433,1.24379361099166,0.753924400641247,0.600938362564824,0.632851250394198,0.776676430717727,0.639674335182241
0.764959779233588,0.59157983636094,0.687237617072747,0.688570394344316,0.569263259525063,0.481958203313567,0.552148280307473,0.503710241691205,0.284916875080566,0.453981572280378,0.47819581564632,0.450797082650404,0.552994026384053,0.620931087813718,0.943888568189195,0.879486207697088,0.898865582953828,0.946809331331806,1.06924467940083,1.09629633858759,0.929136817071798,0.806939438414885,0.945060945404906,0.793678013980154,0.755469392489607,0.909530309346624,0.941783535662151,0.725417898710318,0.98387660425099,1.27878186893267,1.11073155142553,1.26326271690658,1.53867993408377,1.5722618890295,1.56354090499686,1.57238448762042,1.86467294865932,2.11818827369341,1.62017896196611,2.35730325070838,3.05694453098045,2.01165831309465,2.61695626247703,3.49002150603422,2.64473545424448,2.45315577208599,2.78344605089017,3.03837922956031,2.08662759343368,2.26284963464094,2.27358631109582,1.62216968996839,1.92661218137897,2.37237863118279,1.7188784880822,1.53991029467312,1.6522712776108,1.56162314574547,1.02665154978359,1.09761594085763,1.23673808234691,0.949435770718031,0.787948312694826,0.689430296936818,0.668797779040213,0.78626371259162,0.61042109633134,0.674064016013513,0.676929489477465,0.774950515356986,0.785141888389373,0.715415205427644,0.758340189575351,0.66064763725147,0.71279441185066,0.603517305176544,0.651442221956995,0.746663881937969,0.710108701882298,0.836725897012032,0.757448639589831,0.775648007027254,0.860475715780907,0.99021372409558,0.827127033059649,0.754777494620491,0.720026502838126,0.832627328778494,0.707766606671069,0.745370802932121,0.900863530071114,0.884330767730298,0.814774995017109,0.986620058630115,1.20586971376905,0.964492221063483,1.21363196827027,1.09622623665998,1.02378111965013,0.773189090347324,0.72427892747707,0.822370556657353,1.22535777592279,0.768839692828554,0.877670819598155,1.21188359604162,1.00156238673989,0.775311993450299,0.879934985379252,0.834417939508654,0.771802877535356,0.68704801222679,0.624945345308775,0.607355376892519,0.591390580675139,0.613635438946594,0.653181179635072,0.719416602780194,0.635732744442627,0.605484115514756,0.48098913305669,0.591608930760284,0.451312520630633,0.513057264753138,0.368382243723364,0.370746816333749,0.38777614577506,0.410055458626647,0.380629889107517,0.540513967971448,0.522698941102909,0.45186436923755,0.595013082119938,0.655444390814847,0.548290132270681,0.496727636124637,0.743928268873175,0.61203899813094,0.571374277054758,0.526457797515845,0.639564279106887,0.632855928911553,0.716272433875896,0.91104103634429,0.888114864630167,0.932948002207978,0.955267666229752,1.12776175232173,0.994090084702829,1.24750869597554,0.984132550076576,0.748920561372731,0.723531062621225,1.09757388254485,1.26285224152313,1.01280939639981
0.845178180808361,0.811869550577121,0.952586189067742,0.903740325637342,1.01808289136051,0.8647967365409,0.733644268001501,0.745843591460609,0.803948536574284,0.773440363678975,0.73905314031555,0.721937886868982,0.879793696720888,0.869278702190172,1.37735205307969,1.18696398373198,1.06608301596591,1.96638332260604,1.53015725769524,1.58319554897352,1.68448215914945,1.56975354434516,1.2090176408706,0.928536868588782,1.22601782506146,0.904075418868972,0.577658901401697,0.65245204099163,0.708033457192821,0.896939859771564,0.689096693838955,0.73830021087653,1.17618718760099,1.30191957670245,0.735945040420568,0.73517916644546,0.653977229987256,0.689768304053177,0.745476815002091,1.4996790855526,1.42485070076392,1.17504605927473,1.54435938380296,1.93629551602102,1.63124377437715,1.83732044366152,1.91952322171147,2.30970666938794,1.72939105562826,2.08729758975978,2.12912452414427,1.71773217627598,1.89160796602075,2.24369791918388,1.4921094600171,1.01193411546274,1.14438978595285,1.00162970231051,1.06210238609586,1.12827255291843,0.932132857972882,1.01223018159112,0.993702432356468,1.14060321207338,1.10330895734806,1.64278651644018,1.30849378005844,1.25307621150325,1.26340727017472,1.60230816688601,1.34559604104668,1.28074141423287,1.4647449532503,1.56019517014534,1.4292477498775,0.742736176699552,0.803901513066778,0.994252548317479,0.875422830633748,0.831451815639515,1.11175406698622,1.09030326240663,1.15975318764823,1.30801291769629,1.12656692358499,1.02229666885895,0.953395420784424,0.8883310323518,0.775756113874107,0.754540548231745,0.776360236345128,0.658813509146408,0.651261730833706,0.759000632665896,0.728662843124048,0.795598386668653,0.665060755601456,0.666496449448657,0.558841398117672,0.700482909462408,0.612619889510556,0.943488817643304,0.667039860069731,0.727616602064124,0.852677847777946,0.608967392227729,0.553537337696472,0.692410019710346,0.649484172179378,0.615502699495757,0.641146004031769,0.662693514378412,0.702531600297486,0.659069929722981,0.753138618401459,0.8148170522235,0.876866423129691,0.949800908650067,0.891843983144962,0.868855736866227,0.929570487991762,0.949844324349369,0.878174238568163,0.96771923859487,0.941215409662492,0.818023113161094,0.866150059421431,0.826299880728223,0.781883418104984,0.829057114300159,0.8410284131793,0.896763416704528,0.73954557765779,0.770001195403569,0.718769772703128,0.836250344070839,0.779105701721562,0.784007323332137,0.786879948099573,0.717979308868635,0.714455377188962,0.720430340545178,0.698664261974919,0.695478683971469,0.70044694113804,0.734020259759979,0.744272089255179,0.722121794669938,0.733155219158594,0.692149574325933,0.704325171579282,1.18556718799184,0.694522332527894,0.686652675374894,0.65847772966557,0.667793600526483
1.14834577419552,1.22190041661498,1.66260405025968,1.68500514768197,1.40671280504855,1.1361386896293,1.28545587937588,1.21535826299304,1.0966353324233,0.926666888843253,0.901528221549515,0.903546854519455,0.802823843830265,0.86437697260027,0.468867281496475,0.42623372947248,0.541125166333109,0.602903484821823,0.643914685156074,0.566787339017672,0.771830036292199,0.904804710826148,0.875054831264772,0.746362762293142,0.918154134496161,1.0189649157392,0.919880987318863,0.904022740279304,0.964982352069814,1.05707461166718,0.765767788360569,0.939078696237656,0.826571738411903,0.910459952801454,0.716834286226658,0.705505468415182,0.741246223710179,0.872136650511288,0.721916816882334,0.823268056886948,0.731286267299656,0.605202208179513,0.589014723587383,0.825682371984261,0.965219052583679,0.973962970718135,0.77335200366979,0.944249410524925,1.13025217172128,1.016787755421,1.25185013418084,1.25990682163667,1.40272831755918,1.32815519154084,1.23469680832728,1.39827591765607,1.36083952091243,1.30258124248853,1.14325778709292,1.07371084864458,0.975384793652819,1.07628860118185,0.948988775607966,0.784758710702112,0.935222093111504,0.966673476660839,0.775935020342574,0.678000382003701,0.75434266591483,0.803331517547952,0.909047574404385,0.876087732665817,1.10085579631249,1.19010035151719,1.43151005379802,1.09719434113922,1.14097503502226,1.35593803110504,1.43000799863545,1.26466261531683,1.7595239864568,1.36704518843642,1.41034036997923,1.51033593630745,1.40654099279325,1.20230910932464,1.13757248094618,1.18781547796007,0.822222793211489,0.831671480905063,1.15696974223023,0.718020354876618,0.908715658153182,1.19687287386947,1.54415267199988,1.07690343182074,0.873776156205182,1.08314156660123,1.05384873970568,1.09299379104612,1.11259715735501,1.32708099545821,1.02035275409853,0.873800824347326,1.11519064273493,1.09408509351239,0.934766693449352,1.08698951581161,0.933330351693082,0.981500915312117,0.879201352383103,0.858612773330299,0.953165758572247,0.714382757515635,0.677997613875627,0.817225384369308,0.79474309392939,0.794436435986498,0.909876331528941,0.883474640298101,1.02754734398607,0.811139163187982,0.812831806762146,1.07822630976926,0.754325850173314,0.888580428835846,0.96239905672987,0.764627473167265,0.845692025818251,1.06313264656728,0.789344424321543,0.673843340076901,0.608874006893497,0.931180975260223,0.879554553347427,0.880043230147842,0.78216939093088,1.06674959800565,1.10084576448571,0.769483655080248,0.723074067014574,0.651979666738423,1.09221582935024,1.41615286843081,1.13650364014374,1.13280566862445,1.46737563018783,1.83264464446032,1.503667323733,1.7278678130428,1.28889756883276,0.720716586949244,0.756369332464516,0.789551567005538,0.940814543642029,0.808022638516533
0.721491740703317,0.667965141387575,0.726742670730598,0.733840740443369,0.965589406209159,0.892287969023986,0.612532733336824,0.571114961095113,0.909562446267087,0.942768500578954,0.800206100199566,0.883705870785951,1.04709232415092,0.894223875311158,1.31601948440635,1.26929419192107,1.18685742745359,1.28011439738263,1.39447523884596,1.34772982167682,1.02974626390942,0.768299117735577,0.868423530463134,0.920971970524604,0.806475661236531,0.834635215093256,0.816280076597908,0.785191983599365,0.599531704285025,0.967497600413245,0.821812717780424,0.803478107329936,1.00576494956627,0.989642271064911,0.788009727265261,0.714941974095087,0.681316741347132,1.0128071825166,0.923385883675968,1.62581062606953,1.93717173270424,1.47927002222782,1.77599081361479,2.48066546057309,2.11143059749183,2.0411603232368,1.94930503211963,2.5475986735905,1.8308620877285,1.99844925465808,1.96000518926694,1.62836851128405,2.0739788058776,2.28477301261181,1.60828041415393,1.58879334016052,1.59608521227697,1.38283765909601,0.864592841186793,0.879283591202655,1.04771919316646,0.887736123616485,0.774364566730653,0.660741145851057,0.680010645241637,0.75140475586553,0.596812356798654,0.777593620159477,0.590900898478728,0.689714289700799,0.865157890513507,0.779615716199864,0.784565307040227,0.967631619532209,0.953812578961682,0.603695788196343,0.609734041549005,0.956322549320249,0.649859092420646,0.721288431374633,1.08920969146668,1.08443906521921,1.3230269838034,1.52027383504495,1.19536021230936,1.11012444450398,1.34912581551292,1.2659369079096,1.06393401322976,0.929465569304888,1.10538542657711,0.96373002467314,0.756687139713629,0.90527166231671,0.870329427862785,0.863501368792076,0.912041380336106,0.755910522414696,0.751148670564043,0.679859280374299,0.654897420738265,0.717823865294894,0.664830465049853,0.574178152424783,0.667598721860023,0.659704709304749,0.681837871484023,0.693871524952574,0.74728318789207,0.816335769202421,0.786946585086265,1.00548590641858,0.840270856196629,0.796857931318478,0.949237822124879,0.963294448203928,1.41494193238323,1.25897851598384,1.13328729247221,1.03808678486619,1.01861902398175,1.15199183888524,1.10301562487657,1.32125123251486,1.26908628872275,1.04513563702195,0.878679602332501,0.976974680942214,0.894833239462134,0.885524156504191,0.845927653225707,0.793457789545949,0.577359649467632,0.592439214197543,0.57984965532755,0.520054807075125,0.56186372735905,0.621731061173163,0.592396543421965,0.420602737685978,0.952058247628912,0.866085043478561,0.783190314956277,0.813906989046953,0.942444778102044,0.808665046096654,0.870260454013378,0.937413225370118,0.973914707558054,1.1119234277996,0.83960533162296,0.61228563153311,0.608699793862204,0.830239783607451,0.789936744033002,0.752843580120102
1.63682006461915,1.32811034780318,1.16086119622551,1.13889437609246,0.745130616798286,1.03149408389457,1.164599562691,0.8051052093564,0.703719458659319,0.770272121419224,0.638646512434114,0.663338452384376,0.889814311446902,0.817096455089921,0.882629248298765,0.941687895384614,0.787608498557242,0.769724168065708,0.824774721331329,0.721122500079915,0.656160852568793,0.593829096362825,0.573349130058845,0.481121233885658,0.430270713039166,0.554773612985456,0.449473438503876,0.747983945435234,0.775003161563259,1.54573568480251,1.13347831129,1.10684352569058,1.48372897842969,1.79058056976158,1.19378073505173,1.33190119277782,1.48458008359672,1.45423920327734,0.983899766987156,1.4370146434702,1.29881057945981,0.712506233376796,0.851134620764823,1.210143015759,1.19254676167399,1.34722150855407,1.22373086880773,2.1108903482053,2.23214437121037,2.70143058245445,2.79234520113291,2.70970224427776,2.84073424393273,2.82084734050808,1.86286069963332,1.90635201365569,2.36745775809851,1.76197640534644,0.81358403930779,0.873610908386672,1.04028449353312,0.605917547867576,0.594113101556854,0.559714038728137,0.446742391879909,0.558189217530402,0.485238796363955,0.461405550066098,0.58929689504609,0.639864929840033,0.65319263735557,0.699283474446392,0.894560329749603,0.975051318527577,0.955305360035065,0.874061275845533,0.909444655864024,0.944347775712897,1.20996840294725,1.37360035326936,0.880531554807433,0.999690145820664,1.02831731517874,0.549015097719417,0.823717861646208,0.792791686580047,0.840671590490521,0.567355911500169,0.596323394343595,0.749242229408374,0.568050924297662,0.372558934759196,0.435751383557778,0.664124302417337,0.696197448996269,0.386540459616125,0.398713260209714,0.432033985468751,0.442053963370816,0.388808480868554,0.435640648263479,0.60632404153933,0.680465417058424,0.525818580298028,0.590710760645176,1.1138800847124,0.924186659522575,0.713319766345145,0.957691414411776,0.904099630664322,0.629191881344615,0.859154633913339,0.910010485399702,0.932972064729145,0.878994636784186,1.08944213833999,1.44751694330168,1.07986248706324,1.21506061756941,1.17351940553466,1.33473726924567,0.966787477592297,1.0297912096539,1.06916898139963,0.853990673882238,0.628288949262372,0.935522981469381,0.92521459907001,0.793747022408266,0.809048472719373,0.956405408117463,1.04133595072546,1.1122529215756,1.1731759349088,1.0220332374237,1.21383007713411,1.32933703431499,1.08034719717259,1.28768551743029,1.31763443639905,1.04080521243778,0.910763262796939,1.0045512374217,1.37696952735135,1.09511880825997,1.04470365668322,1.52648568423627,1.58720607116336,1.20337587321444,1.44063000754695,0.977041938332031,0.458341064077689,0.351226677077665,0.337646354425993,0.381947933317492,0.373689140371853
0.967279902585258,0.736172875368157,0.946935555388728,0.936793630418304,0.790878556185324,0.780600554661223,0.956468156151466,0.921381536560956,0.75137436466997,0.889997012932981,0.82531970606571,0.769185764598392,0.588407006769741,0.631162557608804,0.947774334426609,0.865227100291767,0.767829157571907,0.802680180771735,0.819468592765747,0.812775618133021,0.818412367418193,0.862968350249871,0.672222029713992,0.628279478817795,0.797747556430372,0.817411836717373,0.617176253253627,0.627412984383374,0.654364104467331,0.877407984407877,0.80961564307682,0.710156317114715,1.2135113558646,0.838753958118957,0.760110339528401,1.03577955645655,1.74955441214465,1.97341958717471,1.47005124252342,2.0831146351778,2.56494842185425,2.44206897333014,2.64219148839679,3.97780037498769,2.99558248617808,2.64273841253887,2.43910003292788,2.64974520314842,1.72689871582519,1.64946402599504,1.10272249819151,0.984343283089384,1.21634773972291,1.28805075931568,1.39635605537127,1.08587925593135,1.29440849922642,1.37972547382686,0.982903956191473,1.26344895944687,1.08896551019903,0.853388850064005,1.00724366373361,0.938092608670475,0.841792306414703,0.996635961604737,0.824111617465568,0.833322004740679,0.720447650024196,0.797302793386271,0.982020945338327,0.934563228658605,1.01382010312622,1.23732797419899,1.19869118115557,0.917549891131179,1.00575575697397,1.14678881985755,0.963775373171669,0.953260893345883,1.33518555286737,1.18675348725837,1.11172233095322,1.01231695517095,1.18364795665662,0.9162685353553,0.870998677657929,0.81495736882929,0.868884607394176,0.8098752438513,0.810472732095939,0.774547582999584,0.680391232552227,0.834772486200447,0.965736984866182,0.945894966031895,1.25637405175414,1.10008180200839,0.993969120452162,0.768129362603695,0.830681727329928,0.695705576125884,0.766684874134857,0.611561240303505,0.600595476776526,0.815901692878724,0.771445957753958,0.858252449416298,0.922823769663193,0.693832109859114,0.76984763714704,0.710835896102592,0.639216919976226,0.659773159588225,0.567318057548806,0.705817971474854,0.595348252897472,0.524027053392336,0.573101149571552,0.698677489167531,0.68232238445137,0.674279056815869,0.705495791137201,0.622979318754441,0.54064328252498,0.7736012113914,0.866603573124564,0.737584340634483,0.784731411805037,0.727969637003133,0.756013553002894,0.630110777631809,0.793276488516629,0.90696226529156,0.80171968993653,0.752684096204277,0.955005892437873,0.897713729349866,0.657809057662502,0.643562883570339,0.626105729850238,0.571620666219912,0.792155002087709,1.04269337763125,0.892421094886781,0.837268148093205,0.901020136784227,1.03067838867295,0.845932173849243,0.944553765455238,0.9345829972387,0.783256009464513,0.746757752362586,0.987412617524441,1.21833151233321,1.17694878190771
1.41524637201212,1.12637376544906,1.09185308589975,1.049617575278,0.932523478113189,0.959387554407506,0.983406483358003,0.795196788205485,1.01913741054479,0.886110658363141,0.754711721055258,0.87231130017519,1.22831570484699,1.0135507945921,1.1432454289445,1.14492538111237,1.00049401363084,1.18605607809725,1.03801758859308,1.039618934732,0.985600274570282,0.936987843895167,1.08841479364948,0.844294953503725,0.757112259926838,0.707236109821758,0.916706211417612,0.812063232813282,0.582873737914958,0.74165021616406,0.787283848377464,0.553286968123979,0.89925968306942,0.640008893574046,0.426065668918676,0.589016202126867,0.832179933691392,0.963528829817082,0.871144702324408,1.05729754356602,1.35145595195296,1.01083146912988,1.25335307722949,1.65201750483547,1.45236507200515,1.26657873245461,1.3034983152875,1.4279955364639,1.23687231263467,1.30916444214224,1.22490005294605,1.06228874763552,1.15495265125413,1.23520568730709,1.04647790268515,1.01205777630701,0.989885454187099,0.949575120169401,0.515481780843122,0.487751288798288,0.734057435287817,0.689928529964522,0.565212863938226,0.647711819542882,0.772859090303618,0.701915709747065,0.651660667354719,0.753838310925435,0.903798499257526,0.973697972976624,1.03314978223204,1.01517657016104,1.00218573573483,1.15475381738826,1.17808663313071,0.973841996628902,1.18842383285218,1.32093042898316,1.32436669974904,1.24839913799513,1.25980682315104,1.20794427004516,1.34947025598479,1.1979764046358,1.13384673964072,0.897778900735644,0.892619187490017,0.893019050810036,0.81356220456852,0.735620580555315,0.826663788974531,0.759027174789872,0.734094504657701,1.04747952470164,0.6782916415069,0.602251761822125,0.904561325550823,0.823686020062635,0.782868282970871,0.611488553308659,0.660347282148919,0.694240019468599,0.574742639815272,0.575231668953149,0.609186640805392,0.363474080623677,0.667015984866457,0.760773606730855,0.741801542739065,0.803072685213868,0.76746059735397,0.992523104989982,1.15986519142873,1.09656732514292,1.18948506503666,1.71639529134384,1.98692349272461,1.84158929679103,1.5808355640368,1.79992198364864,1.95477689246997,1.5683395712089,1.50584217690747,1.91893804088628,1.41336293512466,1.06872704837352,1.32936791028137,1.23015599312359,0.75423747677962,0.76048922866965,0.789539933718107,0.711969873695068,0.847514755061902,0.928628787037728,0.578313016471566,0.680567072288753,1.02622233594361,0.879937612246992,0.689452155481078,0.821129682269679,1.33882158350012,1.07312646254633,1.22183871631845,1.28266279808831,1.16530757405569,1.06298634856,1.31196441542269,1.58423942343097,1.20969738775466,1.44645740151532,1.1225528052858,0.682538270889574,0.60888429802389,0.719211638437683,0.796794414550515,0.733077468655687
0.609774477576129,0.617380170160523,0.665284859535084,0.693672065302692,0.594540030389471,0.714156432035112,0.674558049965246,0.888941605601059,0.863408449558272,0.719888172777595,1.15589486794514,1.06166467555444,1.03361615266134,1.32525833934245,1.75029350612348,1.48195621232461,1.39238653300118,1.38498431993526,1.34312025204114,1.04966801199093,1.1410693999627,0.704463777057506,0.892646739352141,0.799845865790672,0.578801880005279,0.923132295569443,0.987618230861454,0.898467589320697,0.71769945458847,0.905106644732304,0.787671991393079,0.819675952219738,0.960388231312641,0.908264940024876,0.886339176862115,1.01355488432457,1.34405118378885,1.43079370246822,1.25808312151342,1.42535776936944,1.7589279064146,1.52345862665468,1.66629008465229,2.1943625424287,1.82092381574952,1.67464722612373,1.55868630166036,1.497639880298,1.40517520229996,0.919155434079297,1.31646664928767,1.32851303116654,1.66153956718331,1.51445717217197,1.22971249320033,1.4102321577834,1.64079359106426,1.51202446975312,1.33966544157925,1.1659525276807,1.15087193902068,0.999214133234038,0.859267308326076,0.694966150848657,0.588832290253084,0.591193559105159,0.453093524285364,0.630061221813947,0.686670876499094,0.646939797008895,0.696347207699968,0.857144696470446,0.952790611497875,0.691256651491514,0.836767271793161,0.960496409691772,0.981530003277476,0.766591125920784,0.692079404034424,0.552087686206578,0.597636493538618,0.69876477226382,0.724537259103116,0.644406992990636,0.594731626488674,0.725231898441027,0.740666747184272,0.849973444062701,0.650801024241168,0.92884741571814,0.835212817288564,0.780833777212051,1.02903286050653,0.973793491831861,0.803370138658807,0.985789652657825,1.18175025934666,1.45859088408604,1.21612449489929,1.12815536510314,1.24695151350351,1.40216710382181,1.27430512871336,1.02127706760967,1.32332476991764,1.20655548573517,0.944456638639352,1.15608362617058,1.13755772523315,1.04925531443115,0.948640461287079,1.02524490124364,1.04665384223718,0.866501432359055,1.07241471924611,0.93163359575815,1.18558478486553,0.940999989365705,1.04515801948723,0.648216242683221,0.586139414198654,0.907476764657196,0.817006227708341,0.455386812384685,0.422395119516018,0.503063781894146,0.709954861988203,0.847348295551836,0.727114043264405,0.700443003675074,0.916395745403114,0.872657969020966,0.627544343944618,0.703270068892536,1.05980985625635,1.04998481988793,0.827817825593932,0.927227202990094,1.16296661577614,1.28831192033403,0.848695437027758,1.1667208458679,1.41034537869874,1.10916788882327,1.09165262870066,1.29796470349431,1.04356487222564,0.947402825709273,0.950141542036423,1.04829807646717,1.24973449686326,0.494976520172594,0.550361414336432,1.00653062917934,0.987053908156909,0.833534357321361
0.994067253890805,1.247164588786,1.65177574017827,1.54803169134076,1.39437132982548,1.26839344615082,1.2225206923747,1.2370232446582,1.15264927551735,1.10999526995931,0.905207537028479,0.759938668181799,0.767273099482653,0.820140980448587,0.766309737778545,0.681614777317649,0.673370176545021,0.800198489475867,0.747086574371965,0.707164069907326,0.77912524044737,0.827058219777303,0.914144981029045,0.792850051725266,0.784998884136852,0.745368883786296,0.722428809075726,0.630740800185042,0.754486914395497,0.932552060988799,1.06281990778436,1.01274919486749,1.36324436823082,1.05770633496746,1.12655169761569,1.14324138261495,0.864533030301462,0.826872514435917,1.00997963746425,1.039745071783,1.07118499845029,0.996920371914852,0.945203486068013,1.20576149231564,1.11922580428825,1.05804247875413,1.07875640748307,1.36546790113483,1.17501608924124,1.21374858353999,1.1277926102453,1.11493887400803,1.31464907455682,1.22166327555678,1.04119386134963,0.979474276874959,1.10603664788689,0.923273162716385,0.895416398698512,1.00221116755328,0.821414859587134,0.72847012855473,0.689475798968692,0.615386115609193,0.633161581788412,0.818874684145589,0.674036179605545,0.629171695734824,0.720496232527285,0.760537236196807,0.77056838146322,0.725942510611738,0.730435857344246,0.85442966468902,1.03704532319385,0.968485037681117,0.928119497812643,0.946501610100422,1.21859152853349,0.931676544429514,0.970093862628684,0.931372631296767,0.945523525347332,1.16925477245659,1.10384665478746,0.856825232313521,0.752612885407604,0.829721582619271,0.718356015540084,0.874282552583802,0.813078614737306,0.652465493743285,0.710223777354175,0.807478054163107,0.776965327224627,0.595101546321632,0.530867072756217,0.556887679740512,0.567657494245957,0.888089472989076,1.65579368806158,1.66517605060613,1.28140428290999,1.30188365425396,1.66061139343357,1.21818917734226,1.09252081639347,1.57427601339646,1.29686423465765,1.13455467822928,1.08502277862035,0.897185882156128,0.738393946904094,0.718640869341986,0.728055936284827,0.903768503118106,0.756640537562456,0.646830883685547,0.736855998025776,0.920044771481406,0.91570019880689,0.790179820136724,0.932019909872159,1.03362149654578,1.09208712201342,1.12255793392776,1.09738135385327,0.947169542687084,1.02285976477073,1.266064955365,0.994842210904757,1.00438236779793,1.32060056110667,1.34976429579604,1.37890182640198,1.59289046730243,1.47899988677467,1.30316152180978,1.38718717969299,1.70182173743607,1.24434399228235,1.13882299552574,1.28065488530959,1.68516088798272,1.37263707231817,1.14561047380891,1.19692294051271,1.50151710479126,1.17912649049059,1.32860057921247,1.13627507413746,0.659062872929168,0.569086251941828,0.552172566900894,0.610721793863279,0.599379460222128
1.41626364945073,1.11043653875424,1.27933325123711,1.27260859635909,0.747646653029474,0.888374800725593,0.984236583361862,0.859445187365258,0.624379108877152,0.734607623095881,0.790889403106849,0.547952710452041,0.876051589583508,0.759905816835846,0.926973556559428,1.026250446631,0.903055960012772,0.968151518091808,1.06316074054315,1.11474163559565,0.985967043745282,1.00577929896633,0.889348044819805,0.880872822522763,0.853579101770067,0.903334491719715,0.726106433698386,0.634585489970752,0.782770379006685,0.743635391625471,0.777464530819613,0.794234233571134,0.818449847067372,0.870077799388314,0.990246906282761,0.919539724200043,1.21411338235829,1.12771117266067,0.894614520465042,1.21362935934521,1.39226204386736,1.23205601775009,1.25566588207434,1.58180809862147,1.47896044159052,1.30526542531268,1.29744916046168,1.04438842254482,1.02212244408845,0.510865401179966,0.743128877321189,0.764920058522496,0.989867481225872,0.957443907055668,0.857398064427366,0.956544695787759,0.986849793338117,1.00121930228079,1.12020516835798,1.23897666262726,1.1116354411941,0.970895585012181,1.09616133772809,0.96748344398935,0.799057377129349,0.86379343840288,0.80965145489931,0.801364106689672,0.613903899281894,0.77347451621037,0.853880893152527,0.820519822906896,0.772026812636305,1.22126536147312,1.44082550667467,0.842686463098979,0.936333283853301,1.32176217479796,1.07441763300623,1.17928547826573,2.00935497794897,1.55219398315076,1.57419702673128,1.71520456990497,1.3779821401525,1.15734404893562,1.45376974190656,1.64966690002462,1.11198819697166,0.908563154868469,1.06900749204938,0.808368219516356,0.78350863570995,0.857172047497765,1.03578688353165,0.809054726084691,0.866326279158517,0.834271995475449,0.829589794310631,0.629758171500068,0.563461511660435,0.47324361509754,0.662368135305826,0.637644144694609,0.758490726968945,0.691697737591071,0.732896476034364,0.736521853605499,0.707599061000109,0.72294970977367,0.664972779813339,0.727645627249452,0.837843492829157,1.10150395262411,0.950882734322556,1.1322186781845,1.52033880969894,1.21690735652342,1.32981165974379,1.28833265216323,1.50489847581808,1.11259386714649,1.0417438423055,1.24181879665678,1.11724079339945,0.716158695566503,0.885710656167059,0.875798381119901,0.708787586583826,0.775275903080165,0.688517656106705,0.787732162145605,0.76257653407192,0.955295281411115,0.715038576243413,0.686309929004265,1.02182728961291,0.765002754367126,0.712721887614617,0.89230019764236,0.933177630750789,0.828455789314764,1.24889620874184,1.43780448677036,1.29228423397716,1.2294259825197,1.63744815734338,2.08993478540095,1.73758198592883,2.04981604651036,1.42069205733284,0.717917134998777,0.607954644374635,0.732953465249401,0.899518028115692,0.750003673781361
0.872753358106022,1.04230854573914,1.33479156695506,1.33504671121772,1.35654523766676,1.03730744018033,1.19008779039724,1.12625741656582,1.25603655235308,1.14524097424423,0.929616230548036,0.940700389390647,0.885720030107946,0.972775247566889,0.672058926445133,0.783289498572894,0.629747837888703,0.582806233730288,0.592124371158198,0.535866136876282,0.795952531275658,0.750181003472715,0.611578653259981,0.555377612860518,0.685458948739949,0.971036958447035,0.602243468404839,0.582997156790382,0.721302606619123,0.744530044517128,0.689509276773773,0.709420666973967,0.7829797898451,0.773892957942816,0.810423419107848,0.858403624548799,0.995955737354666,0.909407417146071,0.797620354583931,1.33394851925646,1.69114296412243,1.41917769315074,1.52645946768319,1.96611556662129,1.64165848824047,1.51246724858538,1.66704823772553,1.69798183581732,1.38764007271081,1.08961609119055,1.50469886667594,1.52109713523918,1.5615272875179,1.49452177606693,1.25222747017314,1.27955137529696,1.54679413969332,1.64734587153414,1.34005380456091,1.34714334333849,1.22173473193801,1.01009295425657,0.995194537460437,0.90857295218607,0.717371750923317,0.758192375990854,0.714774796927562,0.7217081669828,0.70026881259088,0.74444442127203,0.878177520309173,1.1602106926038,1.16284699916974,1.17819174991832,1.56952861999965,1.4631820456126,1.80836380177961,2.03382038823807,1.64167239422764,1.63262333177716,2.19554945381021,1.9082430126148,1.92233945472998,2.20669276961507,1.68038017144566,1.45826281576254,1.11657456478272,1.08998672756183,0.840278588918676,0.772544870564433,0.746734016541729,0.656936298635497,0.707131383040084,0.790855374452524,0.787906447322767,0.533610551769594,0.51031246838266,0.634789326465703,0.671956357151412,0.63543068788521,0.568721959132721,0.582425415981079,0.654094894927016,0.625293882044659,0.595047948226086,0.781599845668682,0.678552190318439,0.559483671182581,0.711376092203736,0.684765430615242,0.53449434544256,0.698834467192595,0.613439724383518,0.651078538190557,0.746914738103204,0.879740027010797,1.06727942702404,0.899968371638729,1.05749704586188,1.00064401597893,0.989947939939001,0.994461798655041,0.916920548757089,1.10784197672444,1.02747475725079,1.20858492433697,1.06999907245275,0.802694776163259,0.802822573874508,1.16066396268749,0.805261531680882,0.613762318800083,0.539733570630957,0.565485306769542,0.641498292241392,0.592413149562764,0.551209728477688,0.68476232659785,0.692828625700651,0.719108164556946,0.700951181084345,0.712748950280487,0.858544630978637,1.12553073808536,1.00229549829138,0.969090957659146,1.29010085005974,1.46236995575903,1.1260579807453,1.37671441222143,1.01137812422767,0.655961122147835,0.703063256275645,0.676229697668603,0.693959903026219,0.671216999308835
1.3606500457968,1.24245988639369,1.46312181205775,1.44958887222302,1.40836729353507,1.10811302512926,1.1261858474445,1.02289491231173,0.988888473381265,0.968661028273309,0.836083609718618,0.714640021808163,0.744317905093471,0.843105988455859,0.969972198243641,0.96533315400441,0.808935821456605,0.944309248413231,1.08940734164145,1.09785478744772,1.02145662734919,1.04066212616734,0.979368939296207,0.866521496309992,0.820723055162943,0.74166396784523,0.694193746574297,0.772607051297768,0.754584672008943,0.786376407858412,0.789559558868062,0.758421284407972,1.1428448038823,0.780482666511185,0.804236833520424,1.12314456677868,1.30899261898745,1.36103425259161,0.997673244301855,1.18770630248121,1.38762776770411,1.18059894478141,1.29849252706974,1.79976904217462,1.73907303886225,1.57289639630446,1.30231452827918,1.62462766992422,1.37795879086069,1.26028644033802,1.00653512552011,1.02270928940474,0.965875200420415,0.893640620526498,1.22042851136409,0.884225940368029,1.25147011315795,1.34909945404928,1.18646804412405,1.36535861362319,1.21680117888388,0.978027160856292,1.25074885580492,1.04068395435325,0.862009211763079,1.0769877852396,0.753426664503197,0.704701401873153,0.658825638817243,0.6973729910751,0.764589784598924,0.815549634385884,0.734485006573335,0.664222298921114,1.01985498763,0.821297368322149,0.960635826432504,1.19920732755009,1.31550460275686,1.36879976817687,1.37856554605088,1.35805233263475,1.45532441293226,1.59720707734331,1.22301878825799,1.1699407253097,1.14919016520247,1.14788672293788,0.87552336953386,1.05890295383396,0.999524508045258,0.821386456067918,0.781186031931289,0.740402303343391,0.812260033229226,0.745436312763107,0.694833996275428,0.733848840802662,0.739451545670945,0.716376717572657,0.706488453327429,0.662490519975813,0.630019131197235,0.696287045534358,0.745314272048332,0.786986505892271,0.679066556356117,0.701053160524329,0.728098861905471,0.756386862015416,0.689974324895795,0.777397651660623,0.813974710952467,0.843614394797217,0.708783645568958,1.00895324202182,1.05527984162507,0.849194202674531,0.889063341262819,0.985093320390372,0.963613265385425,0.951132052018634,0.998820442917848,1.04491150898968,0.981008644168534,0.962967329292533,0.933399341723313,0.906732761986747,0.881834806354597,0.912113267869856,0.899978781594072,0.788522389448464,0.923879266582797,0.846998538198492,0.775870756228124,0.728310086383588,0.850695630435068,0.766403472781242,0.995389896914714,1.27139883291837,1.31928134803775,1.24313742987158,0.996004466351645,1.18177670074398,1.17003659092322,1.12634539133904,1.30109200782304,1.49104084268551,1.40320358087029,1.55995229441725,1.19819152067598,0.64842505929695,0.651169348826444,0.608787668459316,0.645412105469974,0.681990685245387
1.68031757478819,1.46396055816346,1.41650036456414,1.51357822336527,1.46927657098672,1.22881559501225,1.25083720466181,1.2527195399352,0.948331934574349,1.06270802769987,0.697983974004182,0.657110582352885,0.761728981855491,0.783303357221956,0.917768947403224,0.905946498284682,1.04457624798195,1.05160748593869,1.18808191130985,1.08867798351376,0.961465393252061,0.992452672947356,1.03117382663335,0.962650771749075,1.00234541032851,1.17624607788348,0.839401279013951,1.06561352552624,0.760138738446063,1.00504251169474,1.17736257560109,1.16543882313314,1.04542909719617,1.17561757712319,1.3381904339449,1.2703647286456,1.23650644909892,1.24852241290696,0.973840578773622,1.21617843214063,1.26124111990964,0.931401651792916,0.868001777340444,1.19953702134444,1.50461150183586,1.47106272802876,1.2066234542395,1.04697346381565,1.25493158410316,0.970587105545588,1.43408776445972,1.37070429193272,1.36003923120742,1.37613689846733,1.44742351915759,1.25111706613128,1.70461078345384,1.66503935109416,1.88640102485709,1.8744159527115,1.45930033789716,1.51387346990873,1.34480125893631,1.05923371680126,0.972678679942052,1.3176897670782,0.600251369401991,0.589662520777616,0.641178484130812,0.702447066992047,0.648158880597893,0.744896581714773,0.664830599625951,0.724472215269746,0.790431285732711,0.784796175999207,0.729727336106982,0.654746143673649,1.27018852469007,0.976369914052626,0.870902681623343,0.801444854388369,0.834723632935006,0.946049445741995,0.820254695989282,0.752668554299074,0.717406081036225,0.703214956801795,0.567129961813206,0.594876326753802,0.658859879689894,0.438995351556026,0.49076415573866,0.888866885579382,0.930306854216072,0.390502452984632,0.407451647419895,0.459319700015928,0.452027127956429,0.465905987085678,0.579906495602856,0.722004711271645,0.778914150402073,0.718059280747503,0.89982086336735,0.925159555554245,0.768321486271311,0.848359878430961,1.02454176160403,0.844085772506094,0.915347741763588,1.15222056533377,1.10367794958052,1.0739584290881,0.986681273849964,1.05686640541796,1.38047129529582,1.23397149955914,1.26414701325897,1.25823655330368,1.35194636404284,0.829186956900258,1.03107999480367,0.772050264499677,0.545013618739711,0.698096860584607,0.902896283056451,0.886419085990924,0.990460040418702,1.25099493174923,1.05422545993601,1.15179998473265,1.17172381682765,1.18880192946433,1.09251828602088,1.02496908204117,1.13206224761393,0.986412826777297,0.954632985044285,0.850780310116551,0.653175253149056,0.601613859913428,0.774903870035352,1.23174641838558,0.981753940316764,0.994861274493203,1.23039284440187,1.57521556840166,1.23255905277897,1.42350551819808,1.05676439203811,0.458734906163414,0.467375507785318,0.441403195239431,0.482813982765773,0.498190670323527
0.847813617916739,0.740546101013778,0.790795673920494,0.828369978450269,0.722287799364364,0.800533907641593,0.824018209595711,0.891164866853557,0.721528507024769,0.815584326045915,0.82743938846909,0.849831843882442,0.849354957024589,0.827329952857684,0.868902201876215,1.01538426142883,0.88828771700532,0.741341782976716,0.594134819753407,0.556352214209314,0.695390914532423,0.628440571275831,0.577725143047354,0.681048995867269,0.601332753401862,0.861415083881479,0.779470912100919,0.538153355758495,0.676244387069951,0.89540365583275,0.787643228067977,0.906654037636388,1.11269006503642,1.00608956551478,1.00011845126406,1.29387285372518,1.20593644671333,1.35686569269996,1.12404863296737,1.47877632437679,1.94600152163617,1.60310623407948,1.66324653267581,2.01335080878153,1.66919574061272,1.49070483424596,1.62672775213815,1.79017251047446,1.77907624027988,1.13668506994517,1.56199560806207,1.46743854019634,1.7390003201101,1.76390243768659,1.27205917211903,1.40509623263083,1.68571976314782,1.53166878393919,1.32978827375146,1.49623037167273,1.20479631529758,0.888792451566872,0.650170355765008,1.03832389523427,0.721206038427376,0.712541563304562,0.97862243180944,0.90291686558826,0.917211892521818,0.917211592287026,1.14293977794088,1.11234067847827,1.00221771062922,1.17729294647509,1.24166219215873,0.952706256128637,1.08373311272423,1.12500688690893,1.01755754817341,1.02803414792622,1.20680615759428,1.16049300742692,1.26092165707386,1.51874031777335,1.34863177381185,1.13089442280505,0.8969180932493,1.03502071138438,0.940675608166878,1.06233722383519,1.07206244280277,1.11294105334994,1.05104938894304,1.00220974812869,1.00036503216626,0.831277593930249,0.933964884374948,0.873740150603287,1.11930531595626,1.22860408069944,1.00308729139758,1.02246831090584,1.19287346535614,0.996252280537667,0.816995395784601,1.03429398187799,1.02500904892807,0.773845295354491,0.792095069561095,0.569182366208533,0.609956622295408,0.674199537485282,0.765889291423753,0.632747387869311,0.573041210419713,0.801416183519025,0.933896923677484,0.698067235349859,0.702727998628734,0.787286678975915,0.858631993455428,0.859929722621183,0.830649250961576,0.620982699661648,0.495557164108727,0.625368906835099,0.751564242543719,0.574717350451514,0.594734088309749,0.598897419485511,0.61787774525951,0.647485059226232,0.679252857175543,0.762134971982061,0.754109276000163,0.524326729329254,0.797182316445539,0.915193105065161,0.75486682950845,0.885296405018461,0.966653943044763,0.931426013651819,1.06596547232921,1.19024669068963,1.1478708319323,1.0570600177524,1.2850095487014,1.67634756735034,1.33454500844911,1.28507594524075,1.27779147712611,0.920667414769239,0.877355105993703,0.885203811335124,0.878283141091121,0.884675031853274
1.39099847734928,1.3605134354405,2.0498104944841,2.07607094509086,1.53488449469264,1.3816824473007,1.25793879275023,1.36610968824588,1.41161226613982,0.966294978213078,1.08496974854768,1.2805016990217,1.05397942141903,1.3223055102386,1.51928326122498,1.38222571170932,1.33016077159056,1.56652003676378,1.90031843020985,1.88340930922977,1.28046612455918,1.28037479285123,1.54615508727475,1.25965936423187,0.936570750421123,1.05563930084885,0.986990823527526,0.953429578579373,0.797332292397479,0.879707727157989,0.837477418079726,0.75072076373099,0.891757260938879,0.72278390454735,0.667019110363794,0.645746445730468,0.681117220903176,0.778458805890861,0.726606069238008,1.07645146656256,1.2379322950048,1.08673508231833,1.21976756285348,1.61708538885694,1.39923397770717,1.39772208519448,1.31865162255983,1.65152461198673,1.77708307340107,1.46691322315606,1.71819599226311,1.60515340063791,1.82492895856771,1.97585287580436,1.35191009794512,1.51901987464366,1.52287567279051,1.55093205100185,1.1399920738121,1.407936017648,1.22471891270154,1.11839415741681,0.7330379346236,0.752833200289041,0.856476845029789,1.13973125149443,0.82848540095628,0.820155893372782,0.983274897939293,1.03538779943906,0.86534868907793,0.870661128855172,0.952212562212921,0.984020081579411,0.86667128804694,0.947876266181807,0.898286626075741,0.857141366884344,1.2458686203148,1.03881891899785,0.642613899946933,0.714872637919089,0.643055283554739,0.631010696512406,0.837055962243354,0.838696047868853,0.526740178295398,0.504293247790796,0.626757147859351,0.554918300299128,0.518226131342433,0.502918355679642,0.521555774185232,0.597511282480925,0.554611008031055,0.595475303452863,0.57522069805776,0.577624724047931,0.535031019002585,0.540056179229414,0.519063729929435,0.641433018691255,0.586810534057943,0.639309180271694,0.836652303342042,0.749576147975507,0.786239807054891,0.910172688709958,0.879641416159831,0.7605636575785,0.864759697245476,0.953620804867203,0.987726230934472,0.839246443131674,0.89039416078318,1.20833325212876,0.897381019792915,0.919908343616327,1.01233340016633,1.02823539178807,1.11842903448261,1.16901122379212,1.12078255916142,1.40179055068089,1.06055157322307,1.27390901693346,1.30038590651032,1.07186023173604,1.10759973711652,1.1552506439647,0.884033956651516,0.826091586643445,0.945094244061079,0.979965255960515,0.832149130969178,0.672137852716663,0.885692512242003,0.673952237942433,0.675397603104026,0.765420299644049,0.629497033344528,0.667113571532167,0.695962469337857,0.67588942051936,0.605816661662485,0.667894438545772,0.658731696878393,0.708066335088257,0.616358682996715,0.634677353790503,0.627768266428233,0.711822748112164,0.730274975404777,0.500654655775755,0.587045611877676,0.730373808003618
1.02918279822579,0.957585838807774,1.11907468378979,1.08203267310241,1.16583373176788,0.919474894787435,0.9018865616121,0.900503812780518,0.898303248955849,0.796566374512422,0.712034216958213,0.696722074749047,0.625189959318503,0.669663817876237,0.816765184962989,0.723663994986779,0.860854631906597,0.884143260185093,0.949819564206718,0.85261820779086,0.76338121414951,0.687321392254398,0.666488513859729,0.658290485039668,0.648741100998888,0.715146381415463,0.576455165079925,1.10292251479501,0.443926948102934,0.681510530126357,0.707677389475886,0.922294787676184,0.872699342624164,0.791744496101448,0.727798664470107,0.794629994532476,0.970768845279474,1.12728236605175,0.802449250870132,1.33561522999621,1.75006633808874,1.2649709653835,1.44531324736512,1.95525978086697,1.63061602971858,1.52180887478,1.64286041165105,1.56557820191079,1.30640321970062,1.26908824902518,1.10706137593955,0.805053104877667,0.969312954165473,1.26863398361843,1.09105461630096,0.907597824853486,1.00051607001303,1.07132153151945,0.856255480889837,1.00191588308797,0.885854773159545,0.729331412060944,0.756071653733189,0.615081808642676,0.626261923255503,0.755544186769621,0.605958160607938,0.591412606086808,0.714056937037181,0.764678031015981,0.79336098424288,0.705857852019549,0.910244247801542,1.0269753917189,1.68823859454117,0.953123394406753,1.02899223599815,1.26548546840342,1.07147082835122,1.2002171309778,2.31988920209903,1.98684333459438,2.42618608501036,2.72784579996706,2.23919867494991,1.87447185261827,2.01422774793635,2.0798108677262,1.43933346159512,0.79832772422079,0.962101027467954,0.611403397357596,0.620074681872499,0.8449130102024,0.892034798864852,0.512415483178692,0.594460400170172,0.604095043198719,0.649253219373994,0.693415847750102,0.67849168326217,1.03250427302139,0.945654863139739,0.743264378838809,0.795984294858006,0.846887890770908,0.931081983133561,1.05134661858991,1.07488177003449,0.976554957320432,1.02819270352504,1.16256745357851,1.21803309719563,0.913867793912269,0.945470333341094,0.926685899848909,1.11301612288923,0.81082554444836,0.870919018813641,0.755325685989686,0.721061145467681,0.782808326339967,0.972746624470907,0.757769073790998,0.902250792883609,0.852715205837391,0.998000492617927,0.967983586441718,0.957679104273645,0.759744079684575,1.06744174306548,1.2084432846366,0.713767177675692,0.998339541222674,1.00021883650952,0.930648128290473,0.812405876059611,0.951929596301796,0.838441294280797,0.629261683296938,0.931963703247587,0.830096361001405,1.01924036015413,1.27952927101802,1.20309574534956,0.955186465169158,1.36696960328632,1.56259170957188,1.19776452214707,1.34231300195108,0.971085043262085,0.617388894916594,0.600322479490235,0.553648335916912,0.664861721639782,0.690459253294075
1.76707612974157,1.35930863152324,1.42148260339452,1.3534280685247,0.854020401782806,1.25844890422315,1.1455766235182,0.640123224263795,0.759800172523391,0.877990290640724,0.854423829080398,0.785768292604508,0.86192286521404,0.934724722623432,1.11629644545662,1.0513233655906,1.00313037116628,1.10928709908652,1.29264372001451,1.24496737719844,0.917306523257468,0.699585554524818,0.757331503174572,0.666924861774524,0.523520507936003,0.558478586646649,0.523252896536002,0.563287818245754,0.450484744353268,0.590555471171183,0.507495507440913,0.650365419174131,0.60790845613198,0.576446981388895,0.603514040758541,0.588608057758633,0.847129576557533,1.03598306626845,0.83838853327159,1.08670605406606,1.31158856468763,1.00285301821714,1.2843432886676,1.85540335490872,1.48149222081557,1.22243748115676,1.2221720514412,1.24937088929126,0.970423637809346,1.01692906495128,0.969839620080695,0.698931041608729,0.746714721668312,0.988333619409615,0.796082312471342,0.735132606693932,0.720941239958957,0.684816863531466,0.540479465040452,0.732935484309485,0.642658054730912,0.618363191915918,0.492196632756815,0.554053831563866,0.503929311040482,0.74458550204587,0.480823600370059,0.553481843942138,0.600975489151928,0.73795450328207,0.939010348581807,0.725227405208555,0.974871866549632,0.828058760097076,1.29517482987332,0.849271765397062,0.840001402088627,1.02120054785718,1.28893073858645,1.43744232418485,1.5397355873474,1.50636094519871,1.68587134625806,2.47840213208691,1.86480377220894,1.6768110460077,1.90387263504068,2.00179321713824,1.32683576732747,1.0969938162663,1.2378931067082,0.945787595290949,1.01455645674926,1.04927776012927,1.3312698090708,0.568266032878319,0.759064809428107,0.846060144920012,0.981262429342883,1.02354233403275,1.15056482539315,1.09717881127624,0.910454796873726,0.845759970083835,1.07603580866752,1.03547082973749,0.81485489902877,0.964369263406413,0.797339254502,0.725963968969378,0.629891727565037,0.723898280623058,0.708793428569273,0.60825350696371,0.660678295080774,0.875395564175421,0.785828105984335,0.680962036468242,0.651743453171608,0.958434619754779,0.763194092197807,0.798894720850186,0.91654338830315,1.06738860238314,1.13700563653995,0.964524499007666,0.873330921120016,0.934372163753101,1.04501547640568,1.01449099565855,0.961914353742086,0.98927392369088,1.35498490887107,1.2729098181065,0.968314856429846,1.16731755126457,1.28717902901453,1.04220149299446,1.38721767386061,1.24134729205936,1.27639542869398,1.4161477217575,1.28559493565237,1.39499405608018,1.56636570810774,1.10200712262266,1.41693843656689,1.64944386555508,1.38232864469845,1.59039674791559,1.12328967735391,0.765334344563807,0.794892909998965,0.914829352926706,0.971073113659096,0.977764553315719
1.18347165017084,1.0185216245745,1.33305942217789,1.35814109111992,1.10132584591243,0.963650807016325,1.04480589575949,1.1250410347843,0.854537297619695,0.810620056835274,0.920932725828819,0.911920893714645,0.965230770987253,1.01466860099738,1.17835573902014,1.08236527188679,0.918977642887802,1.13704487706455,1.29843327377639,1.23172486871739,0.910655915902982,1.36402597245353,1.03237274782583,0.77516959378879,0.674298896154115,1.46454092421363,0.583190409852783,0.486420585033078,0.610632617419205,0.790993460094296,0.610890419235037,0.594782660508311,0.82967372730407,0.776221608750484,0.615568796153378,0.736707120567209,0.866131847835131,0.858775917284293,0.724940081103814,1.13282518338051,1.44691596845576,1.29722223041084,1.23652403332494,1.67197651277524,1.79015511188425,1.79058394199581,1.45900651484661,1.48831346330382,1.56472154716005,0.826923734901161,1.11695602701686,1.12294945302511,1.45467003493341,1.54121686355876,1.74736027916284,1.86733713646721,2.38692522303384,2.31942792672862,2.3263337532905,2.57895775470354,1.78265654724397,1.68324358232012,1.83854698557023,1.38252115152528,1.17751004605667,0.977781732906117,0.623355388912308,0.498618812270117,0.74555118719176,0.754349074214559,0.77070431342222,0.738669350486251,0.913954849862985,1.09598278093703,1.03002676868329,0.914905900923501,1.06581553215651,1.17720000528837,1.19891740527359,1.11574382089428,1.3124370196236,1.2495527940408,1.47613209014551,1.60052962281585,1.36136929288674,1.19112466702828,1.40585958530383,1.28810878294696,1.01573118250836,0.926604019312817,1.09994490090157,0.937876592449588,0.882599396089445,1.10614755699951,1.11154937190693,0.748502220309052,0.6813612800234,0.712293582461081,0.639287471716803,0.70311797730061,0.663588660433883,0.61705673069397,0.587742939178631,0.635227069735845,0.667379775798653,0.528899848906476,0.532079996559579,0.612678621717514,0.550565996512033,0.530074658319732,0.533906901461808,0.573405865034329,0.567826150381789,0.585793681604194,0.766866526255327,0.824974519874084,0.667702758435986,0.739774374474558,0.797747455949667,0.886702759473893,0.754859779965112,0.999572698359595,0.835646496749609,0.961929980569921,0.873943336147483,0.787703757032911,0.812561918850316,0.749631501122395,0.707448274441856,0.916819305945862,0.777067026650146,0.602640049343975,0.730117583539485,0.76411911208523,0.580404963108783,0.59955625129299,0.824286548832304,0.788317275354044,0.578282729544278,0.67643591921375,0.918716045951231,0.843540447648123,0.706096874978269,1.00007589130576,1.058130382864,1.04531328564351,1.09890420528563,1.18390618208923,1.11472940380497,1.24355551726395,1.0688038810184,0.563553533209386,0.520429949480562,0.534136082453122,0.546709842124862,0.499748646325624
1.08333359290981,0.828165188784874,0.854590961536829,0.877675754350484,0.740847004780865,0.599368335087135,0.632440122434928,0.659762836614481,0.735841730909595,0.548753809229862,0.516761725508057,0.631237693177648,0.723762184359279,0.680390817074278,1.03458397288427,1.06865037657077,1.02123255782489,1.03530026566916,1.31119717085932,1.21425964877623,1.03084520308086,0.927629659484168,0.925098355771939,0.992254892792514,0.816373829243921,0.715823726567973,0.622955330217398,0.635733332062482,0.53073970677678,0.905637655489712,0.818884838131667,0.665990012650981,1.03063846831203,0.96354142979217,0.745245970447376,0.78155991211999,0.859471285489014,0.820070926028547,0.786153427540067,1.01989464741004,1.19751013059636,0.685248983689547,0.840107580249187,1.24131047724713,1.09800089050681,1.12512227230775,1.09402285569453,1.47422708601185,1.39564566559482,1.74411937861831,1.54265962951368,1.41679174710937,1.46684070832713,1.46674095797139,1.24454707568835,1.08719925731406,1.20846458251705,1.05540887249282,0.662835228277369,0.80681105629614,0.768936019808991,0.707334253482876,0.792872232718003,0.610622005140772,0.62654718609918,0.870524676855093,0.58921960461131,0.616579965351035,0.569300805898046,0.567675564063355,0.589142437388983,0.54858545033158,0.686697011019801,0.546313833469516,0.771726961127121,0.540241105151685,0.570993656206561,0.727195626315851,0.816455503672114,1.30271522829255,0.99870480056043,1.44205684430975,1.84797346665793,1.39987709539934,1.17766568874058,1.612442112358,1.98981072369877,1.3372723139582,1.06566402346062,1.20529518176491,1.10291386939106,0.775038344008574,0.710230774850715,1.00573805968608,1.07518454710988,0.684832314538546,0.571461604812298,0.585822948625703,0.542391563811482,0.438821141701457,0.767683410407964,0.720736826012973,0.613820039923237,0.595909137982131,0.628869528866465,0.67156307895671,0.592399588507758,0.557038130253432,0.602327312438307,0.641307134013813,0.626240081714503,0.697485522083173,0.768944304483486,0.79640035056341,0.799461580002669,0.991029589160618,1.3288684706244,1.11642048830205,1.25699076640833,1.16112621683955,1.31369584035261,0.823187262275432,0.825358436974962,0.831281833732996,0.666481644001618,0.66292117326174,0.642331864471353,0.596635403529227,0.620752342485043,0.657643002349324,0.609185065427932,0.536816762441459,0.607910956907406,0.597950134236213,0.892991062989875,1.2462844990546,1.26056547214404,1.08992339557982,1.30821582139603,1.56888877432706,1.55358142151502,1.48525404353106,2.22192696028737,3.05203710374277,2.60738734913031,2.36238576953964,3.30967260937573,3.26748708972411,2.64443520983232,3.08194628606799,2.07012343992527,0.495733775714543,0.501004526929522,0.507970904589858,0.434624969711305,0.475596893674685
1.68880519985537,1.3406398424049,1.66175261656487,1.69747176554914,1.10597474733676,1.1796253225428,1.1455652080328,0.998404251925106,1.03971862891627,0.974003729898058,1.02762433660645,1.08962438639289,0.889709872015274,0.92411146427477,1.05380416059899,0.940112327193279,0.879972384995919,0.96600147261716,0.891482680773777,0.892634873251598,0.92038588158778,1.00252482372225,0.572519741982546,0.656903887405742,0.676628844804642,0.990645950330675,0.587119221630457,0.62450231934328,0.630913992663448,0.679216048871626,0.66408438569318,0.770040958464017,1.0002466363994,0.809576468345274,0.739404914548397,0.89283537642437,0.770330552659927,0.87033641289178,0.799492433923179,0.843388316299352,1.0522511820661,0.686349923694192,0.721650148637259,0.719548058545142,1.01609622636685,0.913599034318775,1.0174059610895,1.29271423181926,1.38849322042001,1.31812073021179,1.55167051420949,1.49615006049594,1.83162115601143,1.70000014143061,1.46445554681941,1.76116999902204,2.01935461202731,1.76555595673352,1.37199423658396,1.41262272986651,1.29412302161569,1.00684360309647,1.16578572029356,0.92421032894099,0.840702292118264,0.73676651054096,0.717743053534091,0.716844021405071,0.759078049805778,0.928104120913354,0.847524979331609,0.852711745978076,1.14828940700435,1.06094705592274,1.06077624702312,0.803852173041406,0.912539739865319,0.950015728423296,1.34137223727585,1.15230948619999,1.12742591393067,1.02806184414647,1.07990299571658,1.12251545660645,1.03338523964809,0.895921962857268,0.937315937426231,0.899538548652016,0.718842702986865,0.620040723988933,0.51309800819827,0.495553240681527,0.618078156389541,0.840538308807283,0.773577291638254,0.55100973767506,0.543374527659923,0.673241847993305,0.805859164603359,0.975030611339286,1.00511248051777,1.32567215767775,1.07041533482445,1.0956807481751,1.3964874212622,1.07206695719388,0.85339919614049,1.27475559471542,1.07695388895306,0.872538734065971,0.929394790434252,1.05735676492785,0.912767995362076,0.803574492798884,0.850267874857191,1.09141251051235,1.24695963695781,0.889035581942347,1.01298107737768,0.98719723727398,1.09302723523144,0.817461273803343,0.934851506940265,0.979111805054144,0.85924090123569,1.15772529069719,1.13654463131605,1.02493282139817,1.11916752706329,1.16610539657309,1.08209834876486,1.11567802145392,1.44466708318617,1.27910835449281,1.10032034622995,1.07059411089555,1.24582268580256,1.0403847849697,1.0980889927193,0.937831108300239,0.916984386346726,0.93349899572172,0.898304091855002,0.928336412033271,0.802629689064458,0.967329505002583,0.904863239131348,1.01635809677593,0.946923151512265,1.03971243149565,0.982985770538627,0.700601029271958,0.680776269695001,0.682021696539254,0.558424991706383,0.651645687829611
0.77548999618878,0.818848127073626,1.02521589518964,0.971552131780533,1.06567998669747,0.863939939663677,0.793315950053846,0.831947281310555,0.933530937665293,0.89370697080514,0.761410731481403,0.687561731586554,0.841396304660157,0.984948989063256,0.814028325820458,0.952442368716509,0.963616597009011,0.81677395060088,0.824876877164296,0.76536327447621,0.709203240408507,0.592626583500374,0.668365269817261,0.7740760979503,0.574436271352732,0.655018607448918,0.709924361224255,0.85514781674295,0.585033789408852,0.557079804205753,0.821704007185658,0.863483174236185,0.785599091599702,0.675374842577416,0.778822307998877,0.793060377525666,0.505049013747826,0.45450052479235,0.713609818516869,0.682947838491121,0.688768604057719,0.630378060163426,0.710690725060267,0.835135301451269,0.71363944335301,0.812870217447593,0.744679112219057,1.05418316429019,0.973305027082494,0.801256237774756,0.967982465294549,0.917307833265301,1.12565855175898,1.06988442609284,0.834199028523878,0.90161929418261,0.889631132220617,0.743622919179759,0.69324971224639,0.79499660379511,0.727036829075497,0.633039875876085,0.50284180584148,0.565476478295747,0.52012645112511,0.459603866817936,0.46435416781991,0.564339871986749,0.561829400511582,0.558572565178859,0.763881882947958,0.786300345803631,0.703850666498454,1.02804818296181,0.950381855267395,0.805586387508992,0.94835190466425,1.12632798550655,0.829259481825779,0.883618493696597,0.99616536095149,1.03675136682433,1.03910738895065,1.10524353082322,0.950533211594008,0.97792256871651,1.1340646167414,0.906708140129024,0.781140727213151,1.32165067322897,1.13208525747347,0.971746334533936,1.01068601039683,1.31785950802798,1.45486675494364,1.06536413764064,0.821355477537897,0.973638095991286,1.33867548820139,1.58250758079535,1.88231737202601,2.87837527795728,1.94417881613834,1.80215489116202,2.27739105427751,1.82037116053116,1.34956173343465,1.78783350011455,1.27221891367144,1.14115082940532,1.09227323640701,1.2164051938722,1.17067936149614,0.864207783433839,0.931254761742591,1.15150013527633,1.27089323278505,1.0899055159677,1.09407838925904,1.25049662305105,1.21060160169064,0.991476499445118,1.02154208302866,1.27163574789854,0.96335614959727,1.10737607518603,0.9454576715561,0.844957397176953,0.826535034048776,0.91857753951328,0.880629185118166,1.01064909338779,1.12286213844573,1.0729594910919,1.30466571704463,1.40187484757045,1.08066263983119,1.40091872912918,1.83568607980448,1.39907431987404,1.25151378976933,1.29323985500206,1.75921125578881,1.80672352295418,1.62229866210302,1.30544804204676,1.57409226009739,1.78437735132704,1.41132382053514,1.44707396353508,1.3272176084867,0.526183332627517,0.687619968815457,0.588822877430583,0.748502542515334,0.622937529393201
1.74910457489149,1.71607294242067,1.96052249646684,1.98595943215825,1.28204763014777,1.48533965553003,1.47541284117,1.5730635333721,1.03117609297627,1.28817106319133,1.39300306160663,1.12772802812815,1.14810787437225,1.15110824256456,1.21314120211136,1.02976528218575,1.06163502059618,1.00578229025266,0.924391441297457,0.808678885355,0.788162190251409,0.662176818435239,0.664836299633648,0.597354783676261,0.581096117880021,0.811641347499506,0.616554447096223,0.583268342172918,0.535571697993927,0.675467003264227,0.561525075763086,0.685933006104057,0.681358612139216,0.637244892131232,0.645551340174578,0.822366380278725,0.766747173152569,0.89529017354095,0.726827225586109,0.735541687239971,0.889619474665757,0.861553562043193,0.878462871681968,0.81085492244677,0.817436674124018,0.965139924540218,0.787652969086578,0.858313561722872,1.20073843119882,0.808028422958248,0.956935637538245,0.931298834841263,1.39221621991908,1.38589084782305,1.01815618074345,1.12834710050066,1.35274429279939,1.32192318050084,1.04057023204027,1.04926824049868,0.944670212260151,0.810317858434502,0.771944875082865,0.578126033500926,0.568247479756296,0.586334856020945,0.498664489152813,0.543799815579002,0.60602898424306,0.55310334226497,0.682770692260981,0.833256215092996,0.927719165791899,1.32636773696646,1.44901945580296,1.30587238551499,1.37964227277148,1.62275497377929,1.56631167737708,1.83561585298101,1.57248835620885,1.43177194507264,1.12242138690634,1.28522728559633,0.989818777079403,1.04392497933788,0.829187108826258,0.94235193271888,0.74399257555292,0.744041873236301,0.854927342043696,0.781824733251177,0.70671119427665,1.02247957403561,1.10283462665026,0.943638081917009,0.737920847424094,0.889563932842434,0.901895831989932,1.02308733699194,0.913045877235421,1.17560237341662,1.02111466557697,0.918796913222827,1.18228110883355,0.936135096133548,0.70303428333189,0.985048427715,0.802828770907483,0.670592345197641,0.733659755393003,0.664662215566343,0.653632558875621,0.848090740290164,0.842996452595725,1.11615960217382,1.17125527071065,1.14158306257496,1.2145619227897,1.27526629459512,1.11344589397644,1.2208249643928,1.1581059000302,1.27177848723049,1.07512605776798,1.00143836861391,1.26668683447962,0.943968703810711,0.860010361732403,1.17577509125609,1.04414019678014,0.89179587872019,1.18895079076762,1.33653162242421,0.894807581301071,0.935871939330447,1.47317845351626,0.946957889381424,1.06112874449385,0.818478974758339,0.905889444639046,0.796961089261448,1.05949664804473,1.1541723839435,1.02339320138962,1.02494229848057,1.26389154940243,1.57469995783619,1.34056025816199,1.57196838326444,1.22054072765108,0.563585362434547,0.540329671291284,0.565686237492707,0.569602903712755,0.574373528018155
0.778711653529395,0.613799585333077,0.669068210759966,0.672131894493788,0.528827503816832,0.647317360602182,0.679756859840821,0.774281427712165,1.12413427528921,0.738023867764321,0.731928617624978,1.11141768426483,1.46332552027398,0.958423595224628,0.972994180241407,1.30145356384143,1.06847334068253,0.926795202239449,0.815907098169819,0.839131451611493,0.747837520571933,0.759306953546913,0.840007119641984,0.827162099414406,0.619311276107443,0.541870415478922,0.878169061943221,0.81913530620185,0.606451275807027,0.846663832346915,0.829013204658282,0.69177291506147,0.894783720487786,0.812855295994236,0.614294832423464,0.631485885762217,0.584633852934866,0.636727572890804,0.558336707766828,1.05577406465923,1.28199806836525,0.935258768533836,1.0629938055861,1.37665082380001,1.52342804181794,1.42058089673115,1.26310088070412,1.82305878494275,1.07520918554778,1.44206480190568,1.39296860071688,1.39458844825402,1.40156329109245,1.38150768677878,1.11870444268176,1.01909070919326,1.35241432788522,1.12938763575079,0.608543656682003,0.587892029289627,0.791941223547399,0.61649729363211,0.618692344715123,0.589308931616361,0.742838051382208,0.966442180387725,0.60254729180715,0.606161348441647,0.936651290249626,1.00647164914634,0.789212414115171,0.789661571093936,0.995504396161923,1.12317016239153,1.42314519713354,1.17525355572852,1.18999124786694,1.36223896074012,1.17612762898188,1.23219878283306,1.44501448971068,1.44345369563079,1.54638119373324,1.69973045895615,1.61032327088362,1.4343117238338,1.16042116167175,0.9299282095308,0.87323303588089,0.863358465910959,0.947346872283549,0.705213096447164,0.718159730052907,0.742528824253587,0.851491798803409,0.852681259045673,0.691377785322649,0.683582993642683,0.70440636558327,0.777374260083605,0.726530583445017,0.664713482116889,0.610846732683111,0.646144925823707,0.799746763101777,0.796507436038844,0.818195136664402,0.902907199868757,0.9236765829197,0.87508910242219,0.908040147644614,0.898783450333593,1.03406587394383,1.35735634655032,1.35555512058102,1.95496974846993,2.01479733129449,1.76659876052754,1.89448899592825,2.05346828094141,2.4451134824202,1.84404439510959,1.64979573261073,2.08673084656051,1.64053805275692,1.25033753488099,1.37603614782829,1.38452793593425,1.13803724615574,0.744785974699274,0.804124371214903,0.57902628906226,0.566483310206687,0.563882565303087,0.620384243187637,0.706395997962218,0.681735484623337,0.799781858923939,0.965511225517867,1.0641929677475,1.16765644192016,0.901131276057396,0.927957052007972,0.952812653528668,0.84097260827152,0.826361479757775,0.988930044660866,1.09928071876668,0.907818997249204,1.06170336842229,0.785580114011919,0.799036783141751,0.731938638770699,0.570826925088268,0.602145288338133,0.705025039492376
0.947954658524481,1.04154714017465,1.43114504611274,1.41479843050014,1.5227065839873,1.2094849407219,1.14333085968506,1.30930085254108,1.23575070802113,1.07516687294829,0.88664726453713,1.08860010886103,0.944576431036146,0.903303529428389,0.945356731433797,0.954995570480386,0.827388194463926,0.794365305438907,0.96550801063739,0.794914924856848,0.700684194264573,0.642961177177965,0.671249127908672,0.68866508472966,0.657218392949825,0.649231469240378,0.794129251328024,0.892991422253701,0.755358977228713,0.896314735682135,1.18112907833974,1.20091965955452,1.30826030685364,1.01154536363961,1.25326053291134,1.2656586847754,1.24925134504771,1.33026311068393,1.07749941553256,1.35503715196673,1.5741132785226,1.21521644137863,1.31375191057381,1.79213832143147,1.48565857986886,1.4651496786004,1.48014966892175,1.62787955122846,1.23948839899649,1.01166957510859,1.04666093873736,1.02090718516635,1.17490367871462,1.2312103453822,0.853180219856404,0.872455271522823,0.884466937120551,0.856421527524161,0.623369053386531,0.765505985936896,0.673050138803059,0.626391906049665,0.578519423645079,0.482703107600835,0.535031340673919,0.581512114311146,0.529804373490596,0.483733578691265,0.811623554529706,0.69699877781302,0.862953039393413,0.857589892830216,1.07084931739624,1.09559489893714,1.17982784196865,0.965730653489316,1.15310300740587,1.3916797910038,1.17692149795568,1.19909151488707,1.59023517337806,1.43453594677754,1.83206122579545,2.06284330978603,1.65949170487367,1.3632005620213,1.36839657327181,1.42352874211031,0.926027549862703,0.743539558878983,0.768783297093149,0.694832424659681,0.582094259062532,0.636799558109277,0.564927499462579,0.502410769567475,0.603646470504722,0.537525040853429,0.545169775686686,0.523425613075184,0.689828739667345,0.892539409423234,0.936926408194253,1.04558228381453,1.34972276485694,1.4442896406394,1.2115842752029,1.18031246061016,1.23316772634051,1.13971974525589,0.986924074410244,1.04898912578373,1.20039750136903,1.03437741210323,1.04431023652235,1.18741943191728,0.895912761616561,0.872668286982113,0.926727899093208,0.977864266681402,0.975380738281134,1.09762914075188,1.03107986224109,1.25879002536937,1.07395070086378,1.25629177305241,1.12607499226049,0.914627473906705,0.915580794309308,1.22473531127665,1.09035707861488,0.978945422135919,0.865028790863351,1.06011353598287,0.922792395821268,0.875337905755321,0.851222820908111,1.00032652527872,0.828120121791711,0.753477848774374,0.946700329242691,0.853004178079597,0.783058929920024,0.976241984736662,0.92420588796578,0.759002131235921,0.950957686062644,1.04520719706847,0.839106476968745,0.99555373585884,0.706887567227416,0.483603454204925,0.523958822851154,0.626196941107581,0.679320786101396,0.638914162499755
1.1068548615943,0.896608188578752,0.929879527335082,0.980574792525565,0.903001884940096,0.895590729117945,1.13585696894382,0.821430791283322,0.854840605429536,0.903666026080801,1.20527041348717,1.00518332072273,1.08745136141417,1.14699133102941,1.30853816903057,1.18285721693752,1.08989233191818,1.40392536229152,1.41251699080671,1.6357594005237,1.1538648252015,0.829795130306649,0.910817599408241,0.829864579189707,0.684970950931029,0.821806777346783,0.633619085968369,0.67939745438187,0.803415984480099,0.915477685784475,0.823230060333657,0.87313032665976,1.12956204338952,1.0516989838274,0.998934029288145,1.13853529694423,1.45511281500637,1.47072854489082,1.0889785350258,1.32655701477849,1.3043063346064,1.1604126546811,1.13424524344595,1.57710486024423,1.34991891039014,1.4195259295581,1.3721932091027,1.35570917327852,1.02973591687838,1.24508292563557,0.893459839494266,0.863137516567238,0.713459582816607,0.739480114897124,1.07982074413516,0.677224279323531,0.804939328684603,1.01243531848767,0.85083602495897,1.29744378570738,0.943831316617527,0.927420756390136,0.916291408469575,0.671592506345717,0.69135068717007,0.854860543174446,0.577925500628264,0.606333539582865,0.70451925782418,0.819665523707017,0.947838354051193,1.1046996094163,1.17044123337767,1.42140114757939,1.52895386295722,1.36802256793419,1.65083565082724,1.91594086662045,1.60821842598444,1.62161791346916,2.099917175229,1.74092247144582,1.59894980700154,1.68171962660047,1.31684093670726,1.17266871029604,0.88035955739384,0.702147522039533,0.56166565058573,0.83418533457609,0.743631622486108,0.39940815810082,0.545755409978762,0.960686856500269,0.838686711220868,0.449381918953143,0.489279681171451,0.636343166510453,0.597074420596711,0.834199687253775,0.842264518168171,0.961730283924124,0.668525137330339,0.686988913958023,0.743049838821098,0.915138181476774,0.595304100056807,0.49512204144559,0.576573941599628,0.700008955612749,0.561398085264516,0.786141201308227,0.896262967147111,0.847611942483706,1.0509297298405,0.994669596669167,1.13144576051639,1.35618524765084,1.30144589599258,1.18334405455964,1.2833478767775,1.13521657039163,0.994386952518179,0.993387531738953,0.945720151226665,0.735752431202111,0.77373921337321,0.663766599359162,0.656319939747545,0.76183795268207,0.673602962306922,0.616045334428014,0.659523723189439,0.88294241810379,0.62048650080175,0.619920210764018,0.852727530360074,0.96490697872953,0.916662527224106,0.990999740909713,0.936890552733343,0.845338211116905,1.34284742425909,1.54788486820287,1.22331451241268,1.31789715200305,1.61656011322811,1.99268855484781,1.43319255864137,1.62448976445554,1.45208859947239,0.362976460458259,0.351363937848128,0.461987799404451,0.458153139060085,0.454648025393396
1.01713372373904,0.873582730566654,0.817015072313439,0.79084941233624,0.674264805649924,0.740638428185297,0.868882012784404,0.651579392538254,0.607618141419166,0.712746292179396,0.740458589136831,0.689907700502765,0.673582246561904,0.873834968338928,1.12527797875817,1.0376730369372,0.866653630879911,1.09031282499739,1.12790548540807,1.10483211757671,0.896330391944922,0.732044792532398,0.760534181810795,0.748032707227263,0.655601843172244,0.555545952371455,0.491469316970731,0.776527173347779,0.625216643892919,0.89558299969266,0.7813678402245,1.00840832115048,1.23125869330462,1.3413724140685,1.05812462993918,1.11185227856481,1.34992707302554,1.25479466314085,0.925112574981277,1.21793414222238,1.31820005801619,0.991461031181729,1.14618766228463,1.29300235197778,1.11790771196349,1.14947915047698,1.27205930390687,1.50716407545178,1.43764314714302,1.76896353611934,1.6177365474579,1.50034028017062,1.52577468061119,1.61766315608951,1.29285321799725,1.07111784819756,1.22187532818297,0.944362256247046,0.536585773896751,0.709823090735028,0.628002028366194,0.512639598734087,0.534132563333501,0.481296578354891,0.558192521519668,0.768723165100268,0.607508665340178,0.635672493915778,0.646285638179644,0.753381455617286,0.869761942587166,0.832852114564847,1.01817873362331,1.19669815621514,1.03958473788825,0.879088470404082,0.951167156909199,1.10800842983688,0.83229128847444,0.874345996275499,0.975475928607987,1.04083090775851,1.21362362460017,0.865189593090222,1.0770309435374,1.04930042818426,1.10157190141136,0.959129918593676,0.989691127848039,1.02821264520194,1.20284733122283,0.831508535163301,0.927742468967903,1.26851057620122,1.18552565287874,0.968384158545152,0.789838383749852,0.979477019529669,0.943930852899612,1.09771691922468,1.08703848462313,1.06796542575159,1.11071195775086,0.954236732227066,0.97475284905948,1.20028337280095,0.958946263766505,0.846404834173665,0.899610771716471,0.960155972223051,0.851946358303587,0.7467450596154,0.918067770946766,0.668969633766729,0.661370487089765,0.868156705443711,0.706843258436701,0.666593590995053,0.663395300928218,0.892644365579554,0.592903683091397,0.863402062283568,0.84712623259324,1.00210512138759,1.0308210634369,0.855446570194657,0.922722039142702,0.889070476047136,0.886522327613026,0.829161534397681,0.917844525392824,0.838722619694706,0.646370232033989,0.896040240557481,1.01720477205406,1.06496278753278,0.961597598812589,1.12351650268852,1.18056402955187,0.956275027808246,1.16706428342977,1.08572573935069,1.56699602437422,1.99410106688474,1.71393058004034,1.74165297795183,2.21133445997705,2.39771210780058,2.11643428334879,2.43575233404148,1.79804824697973,0.602979388026225,0.507640001636858,0.613009829593758,0.666113451991342,0.588948498099891
1.17302109841534,0.977019646053799,0.934027314283758,0.923709261049894,0.636987757264659,0.881218798828964,0.96185203294367,0.739885741223969,0.710198556148871,0.823143477520191,0.887232740779853,0.726610546023876,0.840539390686884,0.9851845119693,1.3469816493674,1.20064089956757,1.05588455825698,1.01438465117637,0.882881951980521,0.795645435581274,0.807320900297872,0.495253792796904,0.580197446738365,0.683472078047203,0.506599568682118,0.399153318532944,0.653087187662508,0.660789795234018,0.589632820509713,0.708137421793986,0.747594827288431,0.692862071438087,1.03693211076498,0.896821511472166,0.76148242339705,0.757191920745308,1.11205751303132,1.28731886787034,1.02186503300929,1.75100557856661,2.11634050290549,1.45177363699546,1.97142889618694,2.87891308509023,2.3519606219837,2.29955595817763,2.18529136856948,2.85108531939923,2.16409505762902,2.41008033529666,2.1952504198084,1.68854610689633,1.87304325437949,2.29883167254414,1.63959393922591,1.15113601821991,1.50062732423577,1.49892638400369,0.685813147667697,1.02680048240442,1.07364170767191,0.479292573863427,0.487122671541783,0.650602854766575,0.429727514665558,0.638217998733961,0.417203518019463,0.625059455129672,0.707490508472284,0.744609784255847,0.934086364343292,0.94912280231238,0.970389501644378,1.31355027916219,1.45550994716457,1.11727596452029,1.21167662043012,1.69645022288445,1.0607884634,1.25100787146482,1.54383646618741,1.35920785364662,1.33030458883603,1.62986129339426,1.31878665692984,1.18410927614606,1.13723269156469,1.29521232880284,1.00446923602057,0.917274522720551,0.975936006053579,1.064812748659,0.964702479517947,0.93181311227107,1.15259747753443,1.28422892500367,1.30270303270248,1.21890684417325,1.00402605816916,0.66400006252102,0.644274941661839,0.572982316616886,0.648728162969896,0.70124663978754,0.80094146644738,0.817759191976699,0.780408596734598,0.830090688924431,0.805851100173268,0.768697376487359,0.661778959037326,0.762443609825066,0.971385324458389,0.834643865892253,0.898957278951112,0.977171514753001,0.91281163043277,0.772673068769378,0.776678657214855,0.769538006181417,0.833315380654643,0.772757958636451,0.787334392900108,0.623528908107578,0.589738405993776,0.542963944055598,0.751419954000476,0.74166084969718,0.615649866316464,0.63917314324909,0.666083408699742,0.92394496985695,0.769858106987258,0.789074233058693,0.837173797815871,0.661266573031958,0.921032966793697,0.752496939653241,0.666502670678698,0.673328877048555,0.721167503997256,0.703890500368912,0.56546177448209,0.525914388867242,0.612952149977583,0.739593370904643,0.498485604264707,0.595816815107144,0.705738489640517,0.693801942434554,0.786620519439404,0.696625525944814,0.669016334662604,0.839658904081729,1.1302661207276,0.865854286644367
1.21905241615805,1.07976109642701,0.990075482817812,0.996077450364527,1.05156813328826,0.911909195569012,0.858860814011543,0.85895675200307,0.982741184876425,1.08995569245032,1.07918918556047,0.96872562107589,1.01465646641123,1.34327132113934,1.85918129592871,1.40518433657481,1.30911269105048,1.52529797885938,1.52381821527043,1.42029698017856,1.15908799694911,0.650235457096899,0.7448039973491,0.661577697078333,0.442073746940663,0.523555004487684,0.406184552213024,0.494834778745788,0.537515843144322,0.80073786167906,0.747651510900188,0.670726484891693,0.791344906794692,0.917327592384458,0.732100299641226,0.836475611775181,0.876704932127598,1.13801494755816,0.912061211007038,1.08682106019691,1.13038865744272,1.02814717580724,1.04926053708649,1.32135927369757,1.38015474085841,1.31392458606144,1.08521149788737,1.12550523706904,1.07044705097463,1.16112045999025,1.16962474205591,1.0380658284989,1.06721827533642,1.13738414538239,1.08667601298432,0.795293880775341,1.2005499910617,1.00793238635548,0.771950218514243,1.03034842213838,0.681775688293466,0.70746812735246,0.862508697072178,0.646982342430676,0.632809470093534,0.814394863292636,0.495394212788123,0.780141995065509,0.88616818278013,1.06824325405111,0.864047547927734,0.935371247195104,1.5618241270001,1.28819566859676,1.69894630406907,1.37175531806307,1.53274466955072,1.83978672929686,1.21694565455944,1.43994824906934,1.84833103746933,1.73266347374922,2.23958027107197,2.35442069809163,1.88199070982701,1.66083221351871,1.59372339212725,1.43754578365151,0.9408352566989,0.755389072449842,0.738845358064162,0.718070591774149,0.756708378765147,0.872792080703352,0.503674941349463,0.440316220916126,0.649501702779322,0.579283003346777,0.646477115225849,0.900607785729232,1.09339796045093,0.980810647073362,0.89842754571474,0.863659381665907,0.905843851062306,0.889253076203825,0.719231579059341,0.708226249578693,0.658067325027275,0.616448502983784,0.534079039098154,0.587854419671509,0.590355723217067,0.496542460764695,0.634177411937563,1.07343499226164,0.781531304151451,0.823952742104524,0.857656506784194,1.20829901595777,0.864893244164848,1.15206513850894,1.08933462058805,1.41875778513048,1.33410704316147,1.27304805695244,1.09400312376023,0.984349929936563,1.04844882557234,0.958260896457644,0.873136089796547,0.822514462084428,0.689637260120129,0.994361445623859,0.938074555046075,1.17034679048396,1.22108480615816,1.24992733856659,1.19635507755837,1.20764654605553,1.46699467752995,1.16493922868815,1.2218004997893,1.06987416810759,0.950455463772458,0.978933661348079,0.793345093936304,0.71697843325134,0.555346565176755,0.662702959733014,0.758506679560878,0.51047282349358,0.51836650795795,0.647857928211051,0.658298813677062,0.658391366459427
2.53725170573535,1.91304841076656,2.22542982483466,2.21250143631099,1.50895143537549,1.60067480624069,1.47052797193066,1.27594229489392,1.09830142078231,1.04672698596365,0.840885102338709,0.869664904114788,0.97251446330894,0.975275622964524,1.11051239563054,1.13100008815324,1.07622605339402,1.11082833101764,1.021284498321,0.94129468110714,0.902825659665747,0.739083733074979,0.625542383848792,0.559501423146213,0.601962543061962,0.516563170916933,0.588994331643738,0.679489572100074,0.49368021956603,0.760942471653759,0.708751535820448,0.625333285828697,0.648503702651378,0.690380966309615,0.669362733748057,0.671463668532855,0.795713123257427,0.758639908675798,0.626328743985219,1.1181501588325,1.28320776544249,0.646339764436696,1.1946989405807,1.73394706928335,1.3115159404599,1.20091262490681,1.21854629229062,1.33083822668565,1.43280459334048,1.68774189678311,1.6160356364854,0.8876539820706,1.04075697424357,1.76992882457518,1.18794140154005,0.878839370175478,0.947491404325054,0.945308570869122,0.593284728087838,0.577852833207053,0.593053724666136,0.537516134100541,0.649136909482493,0.648270224139383,0.612479799246241,0.69106777572386,0.626200317336804,0.69698324587927,0.657194675964279,0.729612063678091,0.823582271216628,0.78165463352891,0.84615607208471,0.793331372515663,0.924681693812704,0.799390286846385,0.851305334801349,0.856773872216415,1.71618144787853,1.49049573568337,0.831011645139041,0.85926526610711,0.886714366252352,0.864316460120359,0.790993013487414,0.695689718316066,0.682368974084924,0.720245599174044,0.631265053685667,0.80143219545175,0.914396519691788,0.596125208995739,0.542039457941267,1.09633758479359,1.09930834412848,0.504098964290266,0.448324703420443,0.686594482882399,0.569738651169183,0.561010590407085,0.744483662653045,0.706295489332376,0.643124168872371,0.61195873639123,0.671724330626681,0.654522227624301,0.665046121455634,0.779689953043284,0.776966746801484,0.740601719888171,0.645194208798109,0.755691287249846,0.713682620612299,0.930061012256495,0.985724657161124,1.03446159555449,1.31471273356099,1.21124424838439,1.12433656580417,0.962801199726464,1.16800661447775,1.05575379006862,1.01922652495391,1.17523997828,0.954021298945931,0.663536625561921,0.910980350950229,1.0021422893734,0.758872773315993,0.971855741705096,1.00361402826168,0.936526108954307,1.41893673819692,1.40824039972589,0.868836513436934,0.83997124282225,1.57324860544681,0.935124415815158,0.851839997214365,0.985384155732111,1.20943281398612,1.05163253905696,1.56205985443357,2.18103992319109,1.84272251980006,1.64285729294083,2.20250514569584,2.8591591137278,2.05171494313308,2.55824376505188,1.80090738149943,0.627885974425107,0.497332345331439,0.409688308634366,0.512698647311797,0.504390953109501
1.66995499345334,1.36926684658106,1.4635153744959,1.50372960610274,1.21383837130661,1.13590571051545,1.00023867483594,1.07042960049837,0.933984124324314,0.867770896347828,0.769878713744123,0.591890465196721,0.732437443749853,0.761784495382959,0.720909064957104,0.857158031099003,1.06032085264053,1.09028064894087,1.08601074186617,1.11370971003938,1.10613286233091,1.19024662191677,1.07301903633098,1.13724913529198,1.08188824064046,1.25633289201748,1.08903078362111,0.95304680655714,0.692678558088432,0.89763857554304,0.97446653117099,0.799765235405254,0.869467119638957,0.973152345206194,0.83416587586632,0.929510664308817,0.889317571883502,1.02548241637347,0.887815873276219,0.990372187122359,1.18159844232545,0.97714076945118,1.01995551436643,1.25363590057624,1.09406392255915,0.988290345945372,1.0793223080571,1.05031983058388,1.19974572457843,0.993805373158766,1.31703786584158,1.21017126865016,1.47452111993458,1.45265813752068,1.18807030884147,1.49936421741726,1.4902228444918,1.24942244473935,1.50443809524496,1.4217647295289,1.32790819442384,1.3439967446376,1.25328726133278,1.02631504491371,1.04272582291638,1.07176434396036,0.97656889744699,0.986319809282227,1.06977650223091,1.257877567424,0.976890833187519,0.94486687429731,0.980340916347821,1.34769486434892,1.18275172829816,1.03760248611213,1.0794414249394,1.13513154467255,1.39334967791563,1.14344424672025,0.908653895310156,1.19956322147268,0.950288196437211,0.964209369574973,1.09397234245098,0.851026128081104,0.814201803320551,0.864998028197786,0.748593672820235,0.752041236893232,0.774206458612221,0.693630133689553,0.649173396739504,0.737325716881335,0.620096804533829,0.559871589777404,0.692141584119888,0.683477786590865,0.729902291734073,0.896036125611027,0.799549207058177,0.869976924296212,0.758295373554384,0.771963262116882,0.79301495961767,0.750018744363607,0.80228032179195,0.914189934967436,0.888019279532778,0.817033533165934,0.796834213800361,0.921521787087315,1.06646458856527,1.09917644670305,1.01157408071561,1.04871155902369,1.42871489621883,1.19205255407863,1.19740661592294,1.01387859509089,1.07500098447401,0.833146199905691,0.959960217179429,0.874521608455135,0.804188697957739,0.802609284114259,0.753901265722459,0.860660598069737,0.789755568965846,0.901146451446549,0.813216620593153,0.967894192554982,0.87165220254315,0.927260324620576,0.926071926058602,0.908199728349326,1.15197215392444,0.844327594637149,0.992588086870736,1.05827195478603,1.00398435991667,0.982559707351291,1.02309652656351,0.968791986948036,0.92676087885854,0.850474983604462,1.04097073697894,1.12600193985302,0.939233764370345,1.04022217997796,0.874074160778471,0.803044330665135,0.783229744332214,0.807610076551282,0.837868039013003,0.864246614598029
1.02214171127787,1.04228300308525,1.13948478431794,1.09504375671139,1.17848175417533,0.979496808745675,1.09087580653062,1.01805936572098,0.97419319952945,0.934665993543878,1.0890331232342,0.880620217809836,0.758008687895989,1.36781740185972,2.16048376840655,1.64618922887174,1.6030529562793,1.94869374832113,1.99932404208269,1.94246900857552,1.54713506631537,1.2868456924034,1.50732810857916,1.27587671089569,0.823860372693334,0.615332084391898,0.514182018934508,0.427679555800727,0.492520147603026,0.647646061749873,0.640010891507171,0.563575207726987,0.871319481636167,0.896046766405681,0.677674879547401,0.777185195615476,0.94214540735883,1.21331132962963,0.930805282224777,1.58748098937138,2.04176580123695,1.54551458343674,1.98635909273138,2.80056014464909,2.0940747569972,1.88022884043254,1.97365729075171,2.31108513701363,1.36748800093139,1.42249605318163,1.28224499260818,1.02591488421732,1.06928095437012,1.40368516974095,1.09066515726937,0.926139976533528,1.0435140384182,0.935894018517947,0.566336365206886,0.955832247445812,0.874513795256454,0.546486969520248,0.572660427429202,0.667507290459752,0.531792479928021,0.912599723539389,0.513365612400511,0.727728797706043,0.833925070238159,0.98399986426243,0.909333671155514,0.955016446315491,1.23351430557262,1.21219968056158,1.16832007418711,0.928774057513186,1.11564200617342,1.37962771939536,0.906274495647676,0.886899673770029,1.13745561256338,0.905272869485033,0.874406215118397,0.885768495906898,0.780187033089731,0.656675172581064,0.64132507054988,0.677224123933958,0.529188556792594,0.631319176841956,0.623479506830173,0.509646717847309,0.541272612509888,1.02379950027259,1.05080711077833,0.59002484293715,0.904844571305967,0.740611348157953,0.674550657371983,0.650060215333945,0.541698355695884,0.529350855461268,0.59290108195114,0.43714733888847,0.437957106374979,0.576918000954616,0.503096166562144,0.342674481295295,0.504582798524411,0.470638276809675,0.44803538984709,0.526000671135612,0.50106407490592,0.590401332344636,0.550030583564314,0.660896749857129,0.639698542195626,0.653352773948339,0.753661728601645,0.787431065430817,0.80215752283832,0.61973262353089,0.620490798616121,0.691448426599561,0.712119518103488,0.840259099708708,0.83100243536861,0.617379371496796,0.682776140178026,0.85180772006203,0.592492355237889,0.510426258282232,0.664024371513634,0.641822014276148,0.41993745684792,0.442568509220888,0.504954729939324,0.60492590470738,0.72057572996164,0.660384596594944,1.02964979198848,0.848516436049141,1.37679054722177,2.19116599133735,1.71878523349455,1.72448966919574,2.50979786071723,3.27370763761006,2.46105818281386,3.09009172244424,1.99576538831747,0.48230627633362,0.40199500831805,0.666487618626963,0.766278108096735,0.665072875704701
2.55540048006479,2.20755850909577,2.42137832074125,2.42196343344805,1.65290121575935,1.71426839745275,1.79710901465594,1.40239478360934,1.30967740871707,1.14742911861787,0.790319823215395,0.878488095557975,0.803783043057248,0.781595730264947,0.701436374082702,0.796926894660488,0.672944588343995,0.618046200246255,0.6882276503683,0.704040083033831,0.530250789935556,0.831892918796236,0.649992827809532,0.594946915246404,0.576153854348827,0.81900583716833,0.600055598871389,0.428215765618054,0.622656331199406,0.825755540058487,0.625333959714548,0.437118977156879,0.791231767917855,0.936555472838334,0.510684390421066,0.598466386852406,0.713636605209865,0.7420563642264,0.5977037359871,0.982373181304368,1.00204696355922,0.813455820870235,0.908108415582598,1.33407039850594,1.38400204410421,1.38765096091513,1.1774341179575,1.26608825113215,1.44590292877309,1.23925380786336,1.33501440215772,1.24762192833111,1.38711285231437,1.66739470717616,1.16675970420904,1.16718598798639,1.3852104095419,1.23685997471958,1.13323784358707,1.28896426273035,0.991648106056458,0.83727575991873,0.864417946266398,0.858730092988901,0.657933865017405,0.626635540956297,0.659716761192902,0.487191238145317,0.509024226991965,0.522614688994893,0.620336717588965,0.733563366573973,0.70838593825656,0.949764105364351,1.30469306543952,1.25245319629789,1.2543651325644,1.59100662989112,2.18509371801204,2.26022334172272,1.63548646281759,1.50154498265863,1.7861482716237,1.74378354940016,1.63099128041691,1.31554549919343,1.23796639258516,1.27827579312562,0.876285762603029,0.948985956024591,1.0619930610542,1.03658803931688,0.938606788021767,0.865940426737867,0.868934989545626,0.865272304983726,0.84775630027606,0.806782371562896,0.712117404061266,0.513154178980729,0.548759516007581,0.539701476935217,0.546367031677767,0.557327986705503,0.652600344472977,0.534326923178608,0.610768081970989,0.833940381786255,0.78441519364342,0.567299580845259,0.636311261067814,0.818495825388767,0.604691064574071,0.610842278263146,0.655112333557338,0.768137862408988,1.0073421578181,0.832047620491423,0.848186196346996,0.812322684000515,0.912349309441035,0.764644996521874,0.838467903757789,0.869022813142791,0.80916538973089,1.04543328614942,1.03626677793907,0.965719646056601,1.07299009600823,1.39533371447854,0.995909817119249,1.14278998142564,1.6082886621647,1.43767303163162,1.13197658496687,1.33274008228964,1.6905420509042,1.19843678228429,1.08937817314605,1.25777663519838,1.20013411235817,1.10950386743479,0.95759304300621,0.747196641179883,0.827076028409463,0.765428089629191,0.729742225968582,0.790936161462157,0.895570416846501,0.904625388267032,0.810105294233243,0.529795115916385,0.548001985076972,0.640097092254074,0.74511256564042,0.634595015897191
1.02382999954749,0.875163841808368,1.01580515233173,1.01816497756788,1.07228727873964,0.794562226158172,0.851045429433912,0.861696306786175,0.814147897804639,0.741410493581285,0.650279574649213,0.636679743272676,0.862631403641245,1.0032201750835,0.999725484243034,1.13400534953975,0.916301616369776,1.03621451268015,1.15546767259822,1.16669677892856,0.838893623063033,0.927748446127692,1.01185696077189,0.876592123506347,0.593168738848878,0.570097783652811,0.524182072724022,0.599449901178393,0.699123095879505,0.826202093198686,0.732009508669763,0.743889311443679,1.09431151882027,1.05124971866046,0.730696145710566,0.841580377655736,0.904442020379699,0.90835333917801,0.749052491508575,1.05367626941009,1.02131946037118,0.814461854927235,0.71923293248048,0.862417331683787,1.16490775344244,1.08091693080039,1.07095272040951,1.23127610072155,1.15251008850936,1.22515157671664,1.20079499832471,1.19610273801496,1.26610290377361,1.23730966894645,0.99214336794958,0.999216987588089,1.15214640530506,0.941278207852668,0.683877131235232,0.894398305017606,0.796469666125683,0.649791649986232,0.676284662849682,0.739422758654261,0.704609420518365,0.682903984827315,0.628837356362067,0.57201108619207,0.694744159032252,0.731598050294822,1.223705322113,1.06798100015555,0.764898257945616,1.13367461266005,1.61760215309671,0.697800143229146,0.794669062653623,1.32720891677399,1.04692088627996,0.872986891456842,2.18631323954331,2.05320887284924,2.38007237435811,3.25768686009871,2.49855099417216,2.06525364356106,2.59245253476247,2.87539162654183,1.98162053434465,1.34792464343811,1.60331554267847,1.41119211596275,1.1254152272238,1.37964921872336,1.52351586292156,0.963789157892842,0.833591468205683,0.881568653428828,0.865835457345754,0.651658885479396,0.564587986173814,0.526539983258115,0.568358492574919,0.626427164593993,0.685838434221796,0.722122955578249,0.738520744754459,0.741953247571098,0.721800657682012,0.649814507632581,0.558728738726953,0.610724029116218,0.669811203397453,0.766661242325519,0.806535939479608,0.96640147698974,1.1800611875624,0.939093660178862,0.993751499811481,0.952352576914268,1.22427262436108,0.942735677584126,0.924203857769947,1.0391574685416,0.759249453744801,0.57400110989711,0.886683595838403,0.714734031572799,0.615103172578337,0.866453983776741,0.753544823441348,0.76726602928364,0.641855674073153,0.661424533812317,0.740947714535127,0.714945091041867,0.720337566441254,0.783880837821373,0.663236300868488,0.64438504065827,1.03347907035183,1.09863029437914,0.821592192318437,1.17068751989431,1.36417315372113,1.07507064667019,1.26016201101214,1.53495845330191,1.39171263938171,1.65191867216672,1.222306421789,0.813699649790627,0.778016853140571,0.771773363103706,0.89785768748153,0.770901181348368
0.519840515539878,0.609068645306312,0.777851384679156,0.79406234508037,0.836428861756586,0.72215304805925,0.669399236059046,0.865617112671291,0.902872131018531,0.74159865411214,0.792686215250043,0.956704387414861,1.23504032601694,0.808728976570555,1.01268557673202,1.03272593301865,0.958743736453569,1.03139447783475,1.10388247221214,1.08474172277793,1.03847134513859,0.950905935817798,0.841715482278873,0.733465232503761,0.894317897268794,0.981909189904596,0.833841737508371,0.893152228930916,0.717003750644278,0.825425968185426,1.09125536067097,1.03745415523953,0.963291425439723,0.861691919885228,0.931764203036255,0.886843560647775,0.743711862097509,0.788174103961808,0.760825847558266,0.800417836052621,0.935616179994826,0.803277050979436,0.736285427228913,0.805524678725718,0.777404104700468,0.860366439182708,0.878546198594325,0.796014133242753,0.943629577761854,0.740037579687851,0.828996506063152,0.798797434635053,1.01687591668737,1.01226295678849,0.966732756011526,1.06495022182592,1.05070067931422,1.23498057168349,1.1430957101693,1.3014427029639,1.05177623687147,1.02314688009181,0.946447458404092,0.751092562360475,0.752562565628305,0.796720803846103,0.61153793265717,0.611138726108222,0.822309206316976,0.764797101880032,0.7441208030357,0.894999507457998,1.04138343769609,0.924678856729215,1.36749971471921,0.795887199861749,0.789401520079878,0.947407227237477,0.718668259179204,0.732320096562425,1.41687210037196,1.63817311973881,1.64097579611404,1.64852570137155,1.46883228690167,1.31680494970235,1.44571291116787,1.26966318132306,0.986940690611901,1.01361289177937,1.14862938867976,0.622606143750299,0.750472351643932,1.12050511114613,1.17298218098667,0.767411749590159,0.626725201876606,0.771119511881264,0.761213709608825,0.911045176946551,1.20413545925796,1.36242705225341,1.07921742389783,1.13931072402813,1.40541495967956,1.2165082545978,1.0503023193496,1.22606995471133,1.07212856678481,1.10678693419181,1.12753174949283,0.963681611982309,1.0581517629321,1.22866876635844,1.22066444378182,1.37977690413046,1.30628776148227,1.38925030071498,1.43578315971589,1.39509322075116,1.58281316866775,1.28323308027426,1.03928419502557,1.51000358801061,1.2668742269716,0.919404831702771,1.03177154255304,1.01281529112817,0.67057397363157,0.743436150946597,0.677549971156593,0.813086317278456,0.652250660521076,0.741031855710329,0.913799593728034,1.28450417409217,0.898483820116952,1.08715443315976,1.35880151920723,1.24044076359566,1.11647456790268,1.06015936864461,1.45769673083153,1.64253382704859,1.34355978285997,1.35746282526977,1.61754980387638,1.67954655460242,1.28650193426852,1.61470420925934,1.1933988465435,0.417070032397137,0.34869204456681,0.443478506904651,0.618759172364049,0.393785425594621
1.29072563801608,1.18681398977311,1.12888059776452,1.17227372633332,1.19685413847686,1.10441103160375,1.03379332453872,1.08855873216701,1.16706069693728,1.13127363530377,0.902343123952988,1.01423138222405,0.901640871388218,0.973879083648325,1.06387375069305,1.11972094887875,0.906513591544779,0.946429288434326,1.22150184903795,1.13180042034375,1.12336336908318,1.07320179463156,0.867489795485134,0.715282435024369,0.935714462611653,1.0087664602196,0.573264569615694,0.648232283549163,0.723882158136444,1.02757583374068,0.833026303601057,0.800991436856908,1.1863449559464,1.17363215536846,0.953302880503132,1.20993936592449,1.35621959480068,1.42423178401352,1.10759801727346,1.36344592788601,1.52742606684319,1.34513994411008,1.22373229308734,1.6016232585923,1.46535717386768,1.50413126699114,1.5908859287384,1.6512730079867,1.64142374536206,1.60204311917208,1.59114915151257,1.5966195634304,1.72740593641948,1.65357962459024,1.2554745773996,1.2069513689729,1.42187138076578,1.65141764174268,1.21502116262919,1.29592482830561,1.2128870259404,1.11235125573489,1.37004449955863,0.978039756880195,0.912159079104219,1.08927519678781,1.00651000890935,0.954403084117515,0.765815725822713,0.81474057773224,0.633988557373378,0.804329523430953,0.824012007740693,0.880583166984911,0.879373966984071,0.964834041862876,0.947277302191026,1.04446527089505,1.02900784457923,0.989727965246673,1.062202067705,0.978319352214726,0.774722778145388,0.724314202979459,0.681594535754073,0.606660297696486,0.534567769270305,0.549784837172826,0.422884774632359,0.686566320697132,0.632248255347707,0.483868696000437,0.644053981709579,0.735314596912997,0.664667347683119,0.464986996922092,0.689315717289843,0.784235039882676,0.696384125403337,0.792949533469363,0.85037418937373,0.76223167976743,0.777099283662478,0.818033010424062,0.945904195112234,0.660506866140499,0.614152908154063,0.770224708939562,0.574167466927777,0.519369654706035,0.598818643876588,0.633743112620384,0.440429088493304,0.580670901862645,0.719130802109159,0.878470756052279,0.913562094306307,0.95689544416387,1.02760177718898,0.927369542699056,1.1473242446065,1.12636100269717,1.00432901701918,1.28211918462273,1.02316761342507,1.14953742971909,1.11524377835942,0.920898347768512,1.04835324032562,1.08912026605304,0.96694892192335,1.08088399960697,0.917811846224021,1.07868423573817,0.902926546417417,0.912558501754672,1.17779823220426,1.00200468608257,0.999536879659645,1.18562138038325,0.987243269479951,0.805134370034937,1.1977882226295,1.19199932838976,0.932678972677143,1.0403419928268,1.14549152819373,1.47877786460383,1.09868784716391,1.24715929433672,1.19834132648729,0.521307528534985,0.51889282240223,0.714841018032051,0.739279639263376,0.702045963155337
1.35153559519728,1.13729455568925,1.32127202483573,1.23063894338035,1.1245686767422,1.28179512239799,1.38977066882597,1.40671371388548,1.28643568242781,1.21168897902739,1.44621724967871,1.40019007741403,1.16016535475489,1.52796754101833,2.18249299331674,1.70456763842081,1.60197189743601,1.43455051993338,1.57000768763244,1.29361446284112,1.19859335344367,0.872601918743885,0.917902880394226,0.797299444286827,0.483963793153333,0.723037863320941,0.502048003626614,0.55247026853531,0.462492558441916,0.72442640611825,0.690025366715907,0.673289627128787,0.787158998502705,0.826990299704412,0.775793075798439,0.66968571120209,0.760793811681924,0.81867424526263,0.805321105219513,0.981191879054288,1.14133077225985,0.986755178978078,1.06246036331434,1.37174327026801,1.15464607345474,1.38995262449037,1.10279437614836,1.24607319110981,1.27971668835635,1.19821855273064,1.07927855618415,0.911708343194008,1.33110686361274,1.43782908017055,1.15697025459482,1.01055560247508,1.28230852036854,1.28437558474326,1.15278993336629,1.17061597211659,0.848728660007878,0.84290896335243,0.968731131363888,0.660160654518761,0.617840005944885,0.616693706062412,0.46664973356451,0.721553504990406,0.8405194392352,0.85637859789784,0.852619461601242,0.972543178237372,1.69651951241619,1.09912943174452,1.06126569786073,1.52214230604666,1.68388687740723,1.30708833656605,1.54311916024355,1.00252574543482,0.96140975520048,1.18366515170196,1.18541481392097,0.857730707495375,1.08413281671712,0.875830752645608,0.909027235398915,0.708096645319412,0.677894070208275,0.720207735055592,0.747833295264919,0.675099296793467,0.731269770798757,0.837787284621996,0.711994708669418,0.70293465363192,0.784799218906994,0.788156970117898,0.776888981500008,0.871773189003931,0.97833417020698,0.813263746603284,0.933780332174839,0.992462801470645,1.24818424734479,0.841526047510409,0.819450310604162,0.897651228086579,0.753867485565123,0.611296509009138,0.744636802063013,0.924292961321651,0.837527578913997,0.878663932008378,0.965215583334097,0.881879040192676,0.85377089490034,0.889173579329595,1.08787066319148,1.00892917170339,0.879117719939625,0.918810484811262,0.810000304440394,0.923492817066222,1.02991512777748,0.900046379892648,1.1441147914505,0.897901637586922,1.06914492074123,1.34432860554084,1.21968360742817,0.965091923917857,1.01807342118551,1.03603606018849,1.07407496983889,1.17814403614379,1.26269320847868,1.03587598893135,1.15074130694884,1.17680970283638,1.19080125889129,0.984267487728099,1.0680885117658,1.03370194754202,0.974109806623538,0.933468134100567,0.904165423872422,0.780607547966546,0.699731983569437,0.724253188282501,0.846170742102919,0.496986248881963,0.507912175883215,0.721114399811077,0.681348145896627,0.645997941804554
1.29589865609874,1.29466873611985,1.28249233688136,1.31565971686365,1.05721275387524,1.13835793432484,1.01756443208935,0.96202287599581,0.988585460649583,0.927342004577949,0.735524987386899,0.84673078059781,0.905857749586505,0.813638350569974,0.502581764514002,0.536370841310142,0.554954256219952,0.552681924299006,0.463095002566975,0.583062514636814,0.568259645466731,0.64290789789665,0.609955398148089,0.615847307106862,0.697513209707916,0.91402379130847,0.814063045805627,0.978163979501854,0.869085276898411,1.11011897569875,1.0203893573604,0.929015272985255,1.27334816451283,1.23508731107061,1.0562850479968,0.892170116031245,1.11036192684103,1.07248128469812,0.968305672746697,1.17231545147695,1.18845907910688,1.02138826068517,1.1175172844497,1.20230923878011,1.41442371336076,1.34908289163837,1.3089846171099,1.32071479019383,1.67773150118753,1.66989652240816,2.00041538849149,1.96670397126623,2.19575427919317,2.0760960836006,1.49591619531327,1.41632990023367,1.73304039762472,1.45721055751651,1.32437653878133,1.35721262118411,1.2265840060511,1.08045114872911,0.939459424878515,0.906717229353239,0.831846089044743,0.900539522926252,0.855857339400967,0.875561531957135,0.819970295929763,0.964855622713371,0.871277981303927,0.732234317813496,0.687061824859657,0.766834391795293,1.08194513650943,0.912781281269483,1.04496707656796,1.12608362816614,1.35023796149399,1.10215563381467,1.20177209581317,1.20279567589192,1.29954538864619,1.46237814293665,1.39262405708114,1.08642688889225,0.966772860258963,1.01655916268432,0.890206562526852,0.713928202135867,0.793651231384054,0.759172824395024,0.790893880081964,0.787138874053816,0.722452702489209,0.609269352172433,0.840601512412084,0.960947772203569,0.848906243024934,0.645555873340749,0.665479597591258,0.772271980449269,0.815122819112001,0.791380751518406,0.991412077415132,0.955726277060236,1.0183150616307,0.99473635088294,1.05449945344146,1.03759037373108,0.981416468439611,1.22010734572886,1.13607527532222,1.02763912642991,0.87589070643874,1.21136842366157,1.39133324910988,0.854080931176709,0.794299120389692,0.82696624939301,0.948686643703843,0.740990540456504,1.15617516955339,1.1395241463829,0.650368988028307,0.795264938401396,1.22012049969828,0.958281940514648,1.09370911296034,1.00149838350926,1.04764583586345,1.2082593938399,1.01039415875408,1.02735126468576,1.19872275193649,0.844772807047203,0.956509060513647,0.895014786092367,0.864031620235513,0.865629156306898,0.810870682368667,0.73571512158836,0.840396729637352,0.655069281279374,0.679237327540558,0.675692601698261,0.611751192435462,0.760207053885776,0.630461319181189,0.738998086835941,0.674317450564398,0.871082229324771,0.825355824958492,0.874932728296729,0.969297153650139,0.921366587795043
0.876190572098517,0.976367428166633,1.14236691336768,1.18144566656774,1.15695685342156,0.991515882659011,0.889473369753455,0.884392881628548,0.918535171837817,1.00508087710958,0.682049292492354,0.603095454018254,0.911551116534124,0.775647406045341,0.717888926716106,0.791142289936235,0.820085467366194,0.784739571742002,0.856743098380081,0.759880438333975,0.617897753296907,0.605942852865773,0.627144379435309,0.7246721194836,0.5553226887962,0.53467821998186,0.671511131002395,0.854078864489437,0.521156822121776,0.554712003073681,0.663771914992699,0.783743467485249,0.853934833838113,0.827677617641885,0.720642252255013,0.811270872489055,0.797277418822414,1.04109293379847,0.91916305062575,1.17926280378281,1.29947578517893,1.27798696159105,1.4474668721889,1.67425285927095,1.39247054544201,1.34487059939829,1.42173116769172,1.49286469874503,1.05252275893827,1.05412245162654,1.05478061265168,0.965253936906416,1.06310172975465,0.997751214240094,0.851884722258679,0.788100767230255,0.751458553122774,0.594255336500583,0.454399863574409,0.778559720703243,0.61952994648692,0.58525467623906,0.498909753600305,0.69839460796477,0.641655866692519,0.560119126022527,0.484282921198614,0.530353821878982,0.576366471283957,0.511850134406774,0.660308043604501,0.755794151830973,0.645705447536577,0.866110253534798,0.935957859472161,0.866850534230742,1.00420036452569,1.21180080221553,0.972214786766911,0.995244466595975,1.26698858456933,1.09082099839402,1.09304013233434,1.19589491169157,0.959603933907584,0.881716223166973,0.844823722898975,0.851429317667012,0.748186032238996,0.883883200696586,0.646275488504292,0.660401020491809,0.71021751298896,0.789027620682245,0.926544968158584,0.710113533029388,0.982571416959837,0.729198757021485,1.00434727857965,1.07847163793878,0.976675151429998,1.2517277539024,1.10943856521879,1.00016223254614,1.09674203374212,1.03571681487673,1.01306597130395,1.18415325324568,1.15346810485477,0.965280163950301,1.06893937935524,1.34185436861205,1.20608701736921,1.03442575356256,1.00815620869495,1.35675832820662,1.78792431703898,1.33721040172762,1.32836789380067,1.39927660044125,1.37553448035257,1.20526525877833,1.26159896808748,1.43639396677611,1.1600022516986,1.28595506741107,1.25162028742388,1.2111094780406,1.13408609683578,1.12242822689994,1.06577237411104,1.04042530744054,0.836194918129796,0.937361942112156,0.922300025772909,0.957102182452497,0.922566522873401,0.858489466901462,1.10103099517042,0.921352532246219,0.856887715632534,0.763943689839836,1.57285242636695,2.00150917173852,1.62143986464202,1.57381225639903,2.19011806075678,2.67447801013078,2.07346005268207,2.45222677626154,1.69202694839427,0.567915174448033,0.622753648452018,0.915047145841978,0.922294060297434,0.815340171244566
0.82797635622843,0.749375313136229,0.920178186769389,0.924669943220006,0.853026830719153,0.793195464235696,0.707542230521095,0.99173470042155,0.908584106651111,0.767637347641043,0.791375589606376,0.934593987063109,1.09071196145442,0.862548602894828,1.38586426122871,1.38445048410421,1.1439015089883,1.19757124752802,1.31103248426761,1.15037414442956,0.904579536458875,0.879562195084735,0.885270688986548,0.860693582162067,0.713055220032863,0.891408618647285,0.749103815508162,0.609507257200808,0.600085362462549,0.854703017481514,0.779722353791099,0.635644629998712,1.14289982013748,0.846126663067998,0.65165124772492,0.704277986205524,0.715896666942855,0.78572281585264,0.69579912323471,1.36465977023626,1.68932218248398,1.19593903532251,1.57195736296296,2.19463029077531,1.88979741016595,1.89196792678101,1.76140122869849,2.18777751812359,2.08681787765386,1.95481606619084,1.75014010443541,1.40385394382406,1.91139142671168,2.23661937721001,1.67217721958153,1.56125788897594,1.83662087771293,1.72154251615162,1.12706347481286,1.51640879246665,1.25900318179486,0.820115447163803,0.908375597612234,0.733661981717737,0.587504053597999,0.797837151441367,0.547896713985215,0.451779549709953,0.634595720527172,0.598653925000278,0.564274486767266,0.595126015245904,0.764582078765623,0.713736433322866,0.721189371611087,0.621227260813632,0.606671566673839,0.577248506533978,0.64025987459064,0.700944762295109,0.771653511408911,0.890727624493709,1.07973590540794,1.01921765836745,1.03329824347546,1.02084960308404,1.10639580677584,1.06186225687381,0.812611726738858,0.943183584493109,0.939762749404519,0.761136048510209,0.638774813419748,0.850365461912516,0.81135433073617,0.709248688196429,0.582804373521995,0.59611836459486,0.616008800006792,0.537710921228827,0.757877918699642,0.770836289244233,0.699971965913846,0.577214032437539,0.764080760088121,0.646125187227193,0.567097105009399,0.778174111550137,0.762208370759455,0.76902588090599,0.716379868013963,1.19103731837482,1.28590951613413,1.29861940555169,1.46254992921573,1.48149986579957,1.91449116701598,1.79210773548577,1.9516290247919,1.63604845744312,1.88613548469183,1.1508268743105,1.24755437821898,0.973891546651582,0.942603758750422,0.657565115090628,0.793335340854251,0.807344545521116,0.48487589050035,0.635694551791365,0.639137067090661,0.469640581072432,0.519327321973084,0.532882212770187,0.646901129166484,0.666641810552477,0.769361175656288,0.622531726291441,0.804362506109267,0.924360598965175,1.18870374394073,1.11067988734805,1.12563003650251,1.45463655937371,1.31829130126387,1.00152674043567,1.32201162029118,1.40470005207392,1.17379968692234,1.36249877116067,0.916969118709401,0.589505297316313,0.609268234219484,0.525022964703473,0.528601829204704,0.614574835653809
1.03812637165833,0.857790604266555,0.902630243113438,0.910520033148644,0.585040097548735,0.675973358348516,0.686155071592755,0.592478244677785,0.616944892444558,0.590255399993342,0.625300499991374,0.596371007041872,0.610492407983627,0.817506923548653,0.812544680865294,0.883407467687892,0.781871592782827,0.685143785758698,0.618088338628653,0.603687502650584,0.656592514172795,0.635317525654078,0.491745324256676,0.577195223059625,0.579388469061931,0.689714669476152,0.592577202172814,0.543684189501397,0.607242756404531,1.14271648378767,1.05368791512495,1.09319012783982,1.21724565421382,1.16619880553415,1.24270655765741,1.30989257973322,1.61753300004624,1.7085934284212,1.3789131080481,1.478646377019,1.80758636294527,1.68398364940872,1.31310869479765,1.85942510910355,1.4209164943985,1.30684185720767,1.6637787963343,1.37777882129095,1.23444551066135,1.32667400317414,1.15800881233067,1.02714200375251,1.267660699955,1.19420130768673,1.15913280506269,1.13938192274329,1.14680795763342,1.12852575386308,0.644921364614122,0.936616156678948,0.868515264995616,0.722416834241735,0.840669388145005,0.589957566354277,0.64810146090709,0.523262825215691,0.552468742125835,0.595276044461295,0.536146141636389,0.622392847579093,0.498641604160898,0.554366386627419,0.75234724462297,0.705911488070778,1.1697441552201,0.601724476034837,0.608125645732043,0.668692331466489,0.851005667940295,0.914737964534053,1.47083900099355,1.36130586511199,1.6179648580366,1.71933198843919,1.33015748886757,1.24570841373852,1.49526251752792,1.41866840382661,1.09875279100445,1.00452503878594,0.866273209716894,0.679294997109718,0.672580378188848,0.979547789701682,1.11542007514408,0.831996057819797,0.966360524168528,0.9096023352414,0.877546776021539,0.891106859964295,1.12366176321156,1.26214980979405,0.984865244764113,1.0024706988254,1.111506548208,0.857230579113872,0.701649980217314,0.942612306533865,0.748843643530317,0.716986155194203,0.588303851543296,0.511074126460614,0.535178030470443,0.638959391097719,0.616964902425736,0.906273238047355,0.615639535531142,0.601945427620062,0.756013582407946,0.892598122839183,0.851537351210661,0.823305578609782,0.726500007671696,0.966724194316479,0.72910835424379,0.721380688078175,0.646510205143754,0.590060417067062,0.680955715669372,0.618098628448774,0.63040597932598,0.635934518697781,0.915187766400743,0.847086246168711,0.820215034690774,1.07432527743478,1.19998808799924,0.982919664069527,1.25110558118842,1.3644116950646,1.21378284053904,1.08584030726047,1.87556629018688,2.43548551565521,1.95713213521397,1.82670143281806,2.51051366370827,3.03078333382785,2.28758472138706,2.72882893851033,2.01579425711321,0.457651629803981,0.505179246634453,0.786874212178457,0.858682250018874,0.7861133277663
0.730530061638341,0.564275316517061,0.596589071262965,0.604632910284763,0.59562283890391,0.542036764297748,0.727334361633675,0.5152362435583,0.670090046544603,0.633777412947767,0.713829530793739,0.430537200897006,0.578445750571097,0.674236122667055,0.648371897700475,0.584898356565053,0.577086594320017,0.715688319736891,0.590614779975439,0.718959276749883,0.681757005496581,0.732480174686286,0.773119692256299,0.623067246930625,0.601378037108693,0.8264887643043,0.697946232081435,0.668661720263781,0.721521042637875,0.762631764404462,0.771194502986006,0.780108641858754,0.774496871096236,0.811779674274341,0.797953846439841,0.846502051371567,1.03983170394847,1.0992886581455,0.937130395305557,1.31144344120523,1.68722320719152,1.26393998148132,1.51214321475029,2.15581708593062,1.82036938104243,1.65143341196844,1.58162656086923,1.83376302009512,1.43716344351672,1.39925939550218,1.36882764584326,0.973392211056673,1.21014243726875,1.62167913298177,1.21154951952673,1.06570150146437,1.34470451300102,1.34930403382615,1.16603910443929,1.25974895768538,1.15729470679528,0.895192923732391,1.01613895258343,0.715902795471735,0.627842734755591,0.740911539573381,0.627901045832124,0.617307176910712,0.581057059208146,0.701268575923033,0.72045693174219,0.755480100457598,0.899095469188245,1.29075360397717,1.15487735833643,0.963427489195846,1.14910995867788,1.34349760213645,1.03614241591126,1.16098167287902,1.50379926126808,1.26732283929945,1.32932625307479,1.3391141240663,1.27754895418651,1.13613625238954,1.15937976019257,1.06775351942104,0.933129227723375,1.16129552764413,1.05285892008115,0.915422899213385,0.989449261542001,1.35189897487064,1.19385021740803,1.01983999624292,0.945947392541513,1.1037484019779,1.01405981230858,1.07836192811371,1.11207420975804,1.38086729482989,1.04535918251865,1.00866880820891,0.973262619270229,0.972609566340427,0.829212759395286,0.890526603678251,0.716566235059076,0.732265542731524,0.664948202068153,0.735403920122769,0.848784295202442,0.764714014208141,0.614989396968256,1.29270169374924,1.22565123155293,0.979862025446657,1.06914711434078,1.27135854110063,1.38411874498174,1.11358880188744,1.04340674899591,1.46654171083416,1.1337464551276,1.02270968309253,0.981360157970213,1.01279867804132,0.928489541698334,0.624489117106133,0.75053718524782,0.617233236630828,0.616931659770287,0.798389010713589,0.681267113613822,0.752618467157276,0.833518267041895,0.894540139883232,1.17195599735954,1.24246596617998,1.05157119124614,1.14701686793836,1.36544809054617,1.51658271525988,1.31038703829388,1.41726528397318,1.48244090621491,1.75624398935989,1.47179171354526,1.55454355325313,1.53932346842007,0.622342594405078,0.602660472347888,0.760901898808488,0.899545713155365,0.721968842685961
1.48114137341198,1.17980359226823,1.45426692487603,1.48580952838393,0.73899539583546,1.02536761818651,1.03707923916351,0.640609849123906,0.586965191172094,0.51192057693272,0.447208498190612,0.463846956499408,0.426688854318303,0.855678047159981,1.31885129463334,1.18079029852869,0.987653467045508,1.21458389637942,1.57788295875003,1.52295544667285,1.13629309539584,1.2274708361893,1.41390291844535,1.18196831380814,0.805390556870022,0.732915283186139,0.542176667035911,0.698004097660882,0.681387517965876,0.84410673344511,0.64758554395863,0.890412939686181,0.946373391383143,0.863717100619201,0.770027730498131,1.03083454081288,1.17480866184258,1.29885760396508,1.05175861462185,1.30114486920887,1.59225400285487,1.45931188622048,1.48835320738963,1.85702628984556,1.63848666881321,1.47247109944793,1.46705502583066,1.50816399620602,1.30495811348272,1.17591097788312,1.0386421071432,0.878170552356799,0.860038463259193,1.13107472682871,1.07273735593583,0.989394916226908,1.01613045539059,1.13582324997683,0.864631846810926,0.926841526631918,0.935907189203486,0.812629091979787,0.806091313417935,0.684056796329692,0.673349687484192,0.836188888236008,0.577326239932181,0.457794848311828,0.527685315015609,0.535742844877053,0.56353344625838,0.47520995203216,0.519731244097529,0.739845082008784,1.03625616206403,0.902561485690331,1.1489992471004,1.30434898447172,1.43490761200351,1.53677003063225,1.43140152001794,1.33530601077162,1.80043049987709,1.97340741334351,1.57291364249339,1.27356479001168,1.20018372259149,1.29469055389277,0.942679541175968,1.28846236516797,1.6874562720777,1.39597360067151,1.26833677289103,1.51418792530386,1.63331209076437,1.48711999505602,1.23170569869378,1.40845252192069,1.18571309683391,1.18350263000668,1.28983215319942,1.02995171475263,0.827435125241215,0.678233531916627,0.787644347004758,0.686594662489881,0.58843577166987,0.576875115860753,0.401995015393203,0.508412351664596,0.448835796959498,0.42878441687592,0.451473383738999,0.514750684188055,0.406276452937018,0.545504643048295,0.383334630864355,0.411847191275973,0.418060509030261,0.545541800163988,0.462903657937277,0.652144894228252,0.627157226063553,0.851837991749347,0.752791392835519,0.814330576396741,0.662685063743421,0.625737350319112,0.72096815190632,0.729598457079381,0.685803399356645,0.609240835923463,0.875878186979461,1.16473945633448,0.677940041450151,0.731339262109833,1.3929364978179,0.922702139980378,1.0504488650527,1.00586487110134,1.14168287984639,1.00921231338733,1.30751361253426,1.55892056475494,1.46636064047568,1.47561499736601,1.41349820267225,1.72565063978351,1.51134715536255,1.62055470177626,1.56507656707228,0.483215394528734,0.469315453273461,0.796911302457532,0.958419195013491,0.677390145678136
1.83006233709177,1.40796411135601,1.40962630853821,1.3759969364098,1.04815833480089,1.23043580902378,1.22355982213104,0.822972980216399,0.942231385430562,0.862054303381064,0.501231492123142,0.413028062803768,0.670695201841126,0.676943467037728,0.564177218879119,0.65166137935559,0.860934741091656,0.828548615807323,0.771809864042058,0.749571677683835,0.83171487576558,0.815621359258525,0.835314309608205,0.868265283198733,0.848429600779221,0.87915088749706,0.837334850579598,1.18207971718187,0.76411512716416,0.991197090445281,0.81476235414733,0.767776686320518,0.958867271987433,1.00540901826987,0.80615541318898,0.817265044411206,0.908873313463759,0.928499460850698,0.762449268501866,0.982724575628154,0.965859913065996,0.818803462731229,0.827688049136292,0.927609022570506,0.916834256070836,0.869245071355606,0.945717662207541,1.10585314850291,1.30375618409327,1.26329815715155,1.49345892050732,1.40606077515457,1.48616448745085,1.53898616577403,1.22437035537275,1.34872492920623,1.3592529653622,1.25938853940014,0.9326287617047,0.816964731757309,0.962182590360665,0.858964347751351,0.573932512361735,0.675816823524352,0.72694256249334,0.884793650846798,0.712617503954786,0.625375702951661,0.742927883607166,0.887981580393183,0.910761193715619,0.972121997586476,1.04441762137296,1.32082429914496,1.1719765575816,1.00082232340304,1.00070412412679,1.10881927261002,1.45366338920446,1.29814710283341,1.12557946331727,1.15131575413732,1.47699107999305,1.5567087090634,1.48546091673453,1.14105811714045,1.20176711693327,1.19604046612617,0.929197162625479,0.846226234394902,1.03430685754893,0.935216852771704,0.850289866385274,0.924498871025784,0.717016089716394,0.785473659837987,0.641771116691259,0.640860850469835,0.642598424251658,0.735062101967092,0.690548686444523,0.586981106209325,0.599097574626739,0.676125206111532,0.814217332302149,0.703450900957828,1.02832782499193,1.2192567751433,1.22643122145071,1.08424338103743,1.23511668416794,1.26093001379923,1.23051040164629,1.15038072056162,1.06590327839089,1.41606727415154,1.72757159581791,0.837438137207517,1.01417562259133,1.11934560160094,1.09975550562615,0.96788164063033,1.34189024029357,1.183006956188,1.12312540921943,0.933880197451948,1.28463652872829,1.3464376403291,1.59023906191625,1.2561960762438,1.3211094508467,1.57095524723695,1.3086420744671,1.2994273724355,1.34083973038007,1.19686730799669,1.42247764691531,1.16443919445353,1.10136778571979,1.03779066378754,1.05164231753057,0.874882839481156,0.780326612504612,0.814986328111124,0.794705317823163,0.749225459547131,0.826379636570117,0.812878711051243,0.735963986607137,0.82345299415934,0.759007973707825,0.687928211598593,0.633868356260702,0.591584215914911,0.605565344551306,0.670948757679478
0.93900796204806,1.15005568267686,1.55996638362154,1.65992454534491,1.63172874872954,1.1338278285612,1.02692377075179,1.3481148236422,1.05521476055656,1.09422033500099,0.671331384525864,0.708944984927855,0.844565874318337,1.20276994159865,1.25708357704062,1.23355828206054,1.1512909201252,1.23192069130955,1.14545338789146,1.38041617116961,1.09598241386867,1.02370910975689,1.06751436480761,0.974920959050508,0.672730295659627,0.686087463406636,0.576689969964623,0.71641905375364,0.577802744107631,0.67173610839554,0.582226496452775,0.612180307197605,0.999279329520159,0.977841167429827,0.682216600016126,0.814388656844905,0.922960282713615,0.937376052819478,0.801152888347941,1.7945613003436,2.02794946215866,1.5394424454057,1.93107024188043,2.68678028586235,2.18122985347768,2.2395013727319,2.25568852524702,2.67586422633692,1.95275654168144,1.6843883515055,1.67533498655915,1.38917726423878,1.63753838333771,1.83609401218806,1.23449389044428,0.921807328216972,1.1171045883202,1.18513788238745,0.763142336145645,1.49868915321121,1.28392562224735,0.762702194848106,0.810063227215057,1.10189467196817,0.790636130599945,0.97139761200028,0.931163703559279,0.87700623895066,0.833481894751149,0.994474636858277,0.947811005745847,0.80720488141155,0.869756551466097,0.925415939529441,0.882362050166903,0.789657594280532,0.701854695898802,0.632224356280394,1.01910863199985,0.640083224415903,0.610847596230858,0.637974403100127,0.875831641666867,1.1209040717512,1.20760925170692,0.994879376414474,0.82026300685222,0.955729819271227,0.954934057196926,0.888271430455353,0.924243360362303,0.822426186184358,0.72490680113761,0.908974120128268,0.902943546612944,0.70187858192082,0.600829626443299,0.631074047521537,0.591443554631877,0.592260648723518,0.715877009849237,0.695803784646831,0.735944764000167,0.551486668150578,0.507213220457543,0.626323221614478,0.744683127971894,0.898156942995676,0.871986041319482,0.761293993231389,0.904273665680758,0.833530476226289,0.775655342833143,0.91094739517832,0.834225299114221,0.981742975300429,1.15454411543418,0.697718934377296,0.686491550731944,0.77412913024011,0.854601217121505,0.818135126790707,1.01141039294841,0.877576585715885,0.565115577148935,1.05090363809088,1.05079620541136,0.962348107604729,0.969669251228191,0.990096167233275,0.891143992313734,0.834458045561627,0.734277769903017,0.682291586032768,0.801168575623914,0.647098731081231,0.754688179902612,0.652501217360533,0.65186473416494,0.735957021722494,0.702926224727921,0.805165595268553,0.825782473417834,1.10545139072916,1.08075055507117,0.95066590358408,1.1451410345023,1.27801406844652,1.14804794448237,1.28416383647993,0.981809358431684,0.782445790895298,0.733228395426981,0.555670497573515,0.63062135823877,0.704249046207134
0.755061450900921,1.34508552758933,1.70690236658506,1.77964610394522,1.61484460929438,1.12394694482245,1.19616826963189,1.48038662563439,1.15416101213581,1.12009640444455,1.09473026107634,1.14211829607434,1.07194644465266,1.01257439337732,1.05644997380459,1.00223294132956,0.876966951462882,1.07517599406684,1.08785906683002,1.13246643169611,0.823493251981353,0.773722159334251,0.813543351810284,0.708938427481647,0.560977288039789,0.730901386451062,0.681060033093362,0.671248153268308,0.555618027687796,0.750522099059067,0.928657471961845,0.855313840351615,0.90836395716798,0.887429798603745,1.01842974889526,1.08775641712823,1.02599824881126,1.08071475768894,0.857265794197104,0.961408394777096,0.862034993022666,0.717267551215515,0.683551765878448,0.786864014044877,0.60715354762106,0.641253763524681,0.786325191749882,0.722011749714179,0.688989382212982,0.720796336784741,0.742808792406481,0.691418395488275,0.671164804967667,0.633917504908816,0.738878544534054,0.673562134572781,0.630733752971411,0.672283905315826,0.640116947998316,0.800192362499111,0.647493077557413,0.658616739841978,0.59821873519179,0.534411392975889,0.56048095643879,0.614855745884805,0.523016338459205,0.490109817989849,0.551644854730274,0.61329963888571,0.664769106477376,0.624955930294454,0.797517912632836,1.00920380973753,0.964782429930239,0.734332730413642,0.863876419391157,1.2045812795086,0.997348305287234,0.992762205800279,1.22640543221986,1.06650853912517,1.05488210654476,1.42556575767949,1.15322027510263,1.04682398424451,1.2263560737974,0.958320034067672,0.668409807612691,0.908357972996343,1.18266346893672,0.548661559201982,0.552919811038641,1.69454894978757,1.41157039272641,0.535790008496118,0.393602514670151,0.513425849357391,0.669640980308632,0.863321934398066,0.795131686293432,1.0313039305847,0.959416118898927,0.681191864840458,0.892135403352807,1.1095932657129,0.8541796892939,0.950948685643254,0.843642187015199,0.820039474873359,0.767915717358665,0.640991860090576,0.669597503159042,0.73601268185521,0.777744471189408,0.847515577485731,0.99994292668968,1.02704646595752,1.00641517167256,0.882356147541086,0.9933216311739,0.922417439649728,0.755820899756494,0.777636291931319,0.643455792346764,1.06336250089112,1.27182080206239,0.781161052641901,0.493696915894389,1.10281572751326,0.609161283154717,0.44809193982192,0.668293452189284,0.619342321985525,0.526638848002355,0.516611800241581,0.55190630088423,0.635801911309298,0.797362136982465,0.669914096644268,1.59336043438789,1.40687248505914,2.39902725537282,3.29338128847946,2.62681873169502,2.40336510608854,3.72566210594618,4.90856073904871,3.49263373909791,4.45793604024532,2.80120304455886,0.523785234367565,0.512591867098247,0.438396339533589,0.428137945149595,0.477732670968133
1.04636500395053,0.996392204918662,1.43775727408232,1.35790895685579,1.14890084593033,1.13510741450275,1.24824432158377,1.26386399970113,1.12954591401699,1.09563676512806,1.26839123507475,1.32842826842606,1.52927313126488,1.38463268897903,1.64950835896673,1.78947556508779,1.41933378536121,1.20877110178421,1.64162105104986,1.41735299255322,0.953345996782597,0.765848071623161,0.847598470674624,0.901832569692975,0.758566272912768,0.624851763210626,0.726132796021977,0.734967196934497,0.657607982882336,0.801555712351695,0.988901300989082,0.797898081464911,1.0561959692233,0.95740151785488,0.788650034112972,0.769513938778363,0.863832096932248,1.06367098551294,0.864936396605306,1.1447595824998,1.18653471751454,0.948275689822119,0.968402608520948,1.40591865099538,1.22897115280167,1.19517330721301,1.21680843312175,1.33637901104864,1.11226329137387,1.21665086033532,1.0149461164413,1.01082319621125,1.06973060720513,0.983596958350085,0.937957596572604,0.769849678751607,0.783602172783195,0.79083909281435,0.482107015453568,0.840351755993279,0.736339758934203,0.54639061329977,0.486010098288538,0.45186958259919,0.493191079531427,0.699602385918807,0.458891119874169,0.445818568211925,0.641826389708498,0.482594041858123,0.585539344308972,0.632443855346833,1.13713204894855,0.711582887150793,0.902444722221258,0.971230318955956,1.06081584820987,0.821650023756456,1.12431315019062,1.16917173575732,1.12058952919765,1.1457428948054,1.45343928788722,1.57102740817846,1.31224948240075,1.28678394425867,1.41022903886752,1.4195154206844,0.992154529322453,0.996533718197696,1.05681396385726,0.851899201354606,0.885329225554861,1.04963799346043,0.868640298961885,0.501809294982205,0.67160219744472,0.638724911128674,0.559850236645558,0.547788467979539,0.70840225100451,0.825562381378314,0.675376330632123,0.771594564116825,1.0095556464353,0.911179454460127,0.718031062689309,0.847558732249611,0.909600463308588,0.959072308544687,0.88149290459399,0.840494211708804,0.917191386549879,1.2057518047842,1.27527254799121,1.47178779073282,1.50657201572928,1.47799061323627,1.66069114774581,1.51524788535423,1.62889401879108,1.56961330330711,1.3042397263724,1.77116227302649,1.36553920890761,1.17007141503495,1.28380748359278,1.09877552367669,0.946162001724096,1.04750044002238,0.995819941462931,0.733572297102455,0.908568105565103,0.941044368298771,0.838066886794866,0.884031256061308,1.07232088564487,0.87706767084657,0.852213725723428,0.985308292924541,0.880941114931294,0.985684669175727,0.943863467501746,1.02258710847983,1.06065774146021,0.889271339921322,1.06684042558066,1.01708886307818,0.814775710614165,0.921263891839269,0.85061424185091,0.556624854434153,0.567959868924471,0.673231335733779,0.741262625560224,0.682150264943756
1.0658671671192,0.871199751568352,1.16035294699823,1.13515950229932,0.886366530403931,1.01984918929185,0.999843818367201,0.868931589512916,0.928881893864175,0.892118844945537,0.892986187192941,0.767219741761514,0.746085728011119,1.02705000568872,1.40372789303177,1.31804655014469,1.07543921396903,1.28474771892646,1.5380925513048,1.62771829824186,1.20043139142779,1.20583868500362,1.32085379399227,1.06222742072949,0.75032803042733,0.870524060859597,0.561292083757953,0.552136201242664,0.640598342249794,0.672774604765409,0.887983410230342,0.909456773872807,0.897443848361985,0.714399313983896,0.985392759014099,1.04838410428707,0.712473039557471,0.764944943024362,0.963286105015751,0.908330844784461,1.09197927531608,0.86470233022759,0.890073129714285,0.865561811586737,0.978304411005989,0.933077248946109,0.957272560858515,0.866590770583016,1.03387666686719,0.719848941762934,0.929983348741421,0.921697027641899,1.09149502053929,1.12251917107969,0.907338839679664,1.00588528991461,1.08027900436474,1.13283444978855,1.02959830349109,1.37968673303724,1.08893094898133,0.926836661872846,0.950646696507185,0.859442424835974,0.729012804757435,0.811665331649693,0.788281052237548,0.73346044521092,0.650781535916401,0.753794350879889,0.706092592757367,0.789078931522813,0.820500980565156,0.974745104970464,0.944922405501031,0.860447425648935,0.89370986248697,1.22561792081422,0.967079995535171,1.07907122447499,1.12269746359393,1.07130346230955,1.3927020871704,1.44882349240879,1.2404809181274,1.15129591399545,1.34996775108977,1.34822855737176,1.0351512586391,1.12765359201654,1.25830648667086,0.987336893963163,1.18404074232299,1.37625177268251,1.14126935469979,0.634401049421082,0.702589215853587,0.77544813396345,0.877080702773664,1.0900128803004,1.21397039087092,1.39658752657675,1.2792808969815,1.11325722351903,1.27650128029094,1.19468292048553,0.969129132944668,0.972514825054773,0.918850192427948,0.875503909608381,0.784279812495398,0.885183838217892,0.753585780436753,0.65919932817536,0.612820353553427,1.09064553924088,0.881890251181791,0.783402895103241,0.791185630118377,1.24247376096983,1.1029995212695,1.02421114459193,1.10608490370098,1.49723211106928,1.36958528872197,1.30383865724925,1.00788497314808,1.025235462298,1.21804048308994,1.12656290668658,0.899081196896551,0.783178927080569,0.889041849645457,0.837902783801012,0.731221879879504,0.760238463486399,0.868197470788644,0.715609865839509,0.970908930986071,0.994524169555213,0.960819257263675,1.03862116682408,1.04972383004093,1.24289763180336,1.08415603107106,1.20252493463105,1.40331314312096,1.63537496064309,1.33505252972747,1.46596400566218,1.36362906184627,0.612020122096197,0.737301182309247,0.726390632506013,0.640081161810303,0.765054229727375
1.35366408903788,1.15935538277887,1.34141051184935,1.31192457071593,0.918988411451454,1.12757764192117,1.23536867450762,1.29703402300439,1.04162096430255,1.12751443612143,1.37756809826016,1.1787041506673,1.06929882865457,1.21610513158996,1.47594040318786,1.19279798715697,1.31617577607495,1.23481301990289,1.1093447368103,0.95543403562655,1.06770876069678,0.83001452436841,0.737900591784361,0.867007598386598,0.722566720493841,0.56726310931299,0.613844604008362,0.770949430115379,0.497709717520088,0.750461425059103,0.802958362127503,0.666050662757042,0.91376846102544,0.840577824545404,0.778705355499328,0.761183251141015,1.0055749856429,0.942467672038872,0.713836957303875,1.11262023130081,1.1663605099613,0.713712372691882,0.922817977612228,1.26328510808899,1.06805985251814,1.22856997957481,1.18100767966161,1.3588345252365,1.27644093770142,1.48634722982228,1.33428321231255,1.2383108880033,1.38011679911894,1.46687109531832,1.01657185859042,0.822555500378713,0.885764378430073,0.871874955998953,0.359293749544901,0.459172452492194,0.610700493947851,0.532635085489874,0.607107932927088,0.561079957268284,0.547436700239215,0.792064736255399,0.581112869643622,0.724621989353294,1.05088819458727,1.18552469113924,0.979753316127245,1.18115468300853,1.60291483803569,1.40929286217549,1.29726966425047,1.3680233637769,1.65254406975651,1.5083947830126,1.49345001216766,1.22564837020871,1.3051602842143,1.35414249594364,0.937523701753555,0.810519076347357,0.94590707395095,0.78534624062989,0.802055574632853,0.852867923927222,0.742763468546261,0.740685979046634,0.850331982835738,0.642172307645402,0.613091192720729,0.943928902458543,1.06966500811178,0.709104578633967,0.67253104773981,0.734216129568176,0.70078120512137,0.759664197439927,0.822979947014146,0.752218086041525,0.750502829185007,0.829013339831628,0.942621217554554,0.954857192750648,0.904004515985053,0.955048199563149,1.02100007911326,0.933271598601802,0.95654034729199,0.903330339348704,0.987240881672742,0.966362992667285,0.943368154672346,1.02631089169526,1.15521438976468,0.841140570147555,0.942704219370013,0.952974803316003,0.809211802126943,0.808261918307902,0.837312344368648,0.824744246299045,0.882656311676808,0.894455997582654,1.14229431195878,0.967712245259379,1.00705561932636,1.08697441067908,1.08687846608336,0.96999591990535,1.02169549984722,1.07716419378132,0.894600828039167,0.944845651000981,1.15453002368025,0.897047893649093,0.987865293612232,0.931467472596641,1.02573352854071,0.945568069069574,1.19725756697169,1.52850696583867,1.33103958773926,1.28259857784367,1.60500498988155,1.95254333092035,1.67112984464421,1.84308532018282,1.34070624224659,0.680322150231329,0.625379741152388,0.525592773202029,0.64336703758729,0.646550062132523
1.74538003751635,1.52708539106288,1.77300288520521,1.75770359477837,1.65390168493534,1.31403437743958,1.18075858054163,1.3395599599892,1.20952918063365,0.925419544391847,0.834080084322522,0.830220983430102,0.793431495445178,1.41940761146316,2.07199458371942,1.62243792951871,1.61271587061869,2.0679821645981,2.41904163099166,2.315536451773,1.67469269520113,1.407525577464,1.76088106546614,1.47587355845695,0.84291481876925,0.974405065094478,1.01754393485144,1.09264996720563,1.03118885359188,1.14683332186181,1.35354246718288,1.29371104572394,1.34155291823893,1.48253666682041,1.57509530228858,1.48398855996574,1.51327913428601,1.41703253210513,1.23363659499981,1.33348436227811,0.916317751118098,0.803634277579772,0.72074996248943,0.686559907230992,0.644070378542435,0.877915854972545,0.996538795722282,0.793763443092978,0.932458158214715,1.08926483867012,1.19178618618462,1.18089739766524,1.07203798081453,0.931459142926578,1.07320472309439,1.03015016892595,0.854374393289275,0.926887885654175,0.790551516543925,0.83887573078029,0.829135226794643,0.934199480291084,0.623156058089357,0.773951770494443,0.820855824777302,0.896526309318495,0.639310194605803,0.838999257933596,0.924108931827715,0.94320384325699,0.741396543593147,0.720082276901055,1.00041771590272,0.868294130545982,0.979463295939572,0.777020282274625,0.958704601850097,1.04963559148459,1.30482132743069,1.0893045432813,0.954930818129678,1.07937364130434,1.19768798688304,1.04972916801576,0.964561852726686,1.02922002336472,1.19576260980927,1.07365093337087,0.783984089634312,0.747440627451625,0.801733429818228,0.830432856239837,0.72965518089838,0.822675918373702,0.89111986102852,0.908880480203232,0.842163142594666,0.84706774080209,0.705643675766515,0.575373390152323,0.58107130725495,0.644010114835279,0.964687076554119,0.600185988627467,0.689187995355951,1.19714753726007,1.10050817926199,0.823057524164383,1.02114264213706,1.11940163362473,0.87724855725177,0.866285371141366,0.745494130780599,0.733571090900279,0.819668741594402,0.737327722194734,0.682341059831655,0.810752581998781,0.780510938174438,0.688229277680265,0.592888805616048,0.714491419475017,0.695651443954074,0.870183013096864,0.938741485633513,0.97805410087734,0.808379351593367,0.765216073985761,0.806483525041185,1.22750866953725,0.844463424706693,0.739167106388844,0.829273817419142,0.810040372805086,0.82172532213364,0.714501464107506,0.878910918183908,0.722191846472319,0.618977194986491,0.606022173040693,0.925457303564278,0.812038602745214,0.703004470946515,0.886758231333329,0.865467826587314,0.817958096865591,0.944888246055274,0.875779664009597,0.804937746601919,0.845819236147161,0.795696079298478,0.64287605396,0.624758177091299,0.685992010431904,0.699015099345609,0.644086544437301
1.11458713310461,1.01405934307939,1.01294233869765,1.01596075204321,0.9830040522444,0.908944669558585,0.988430054769054,1.03888040872563,1.03310877327769,0.870362090556313,0.939195808809206,1.11448987028429,1.26377248726756,1.07306931558782,1.45032979619789,1.36068480175184,1.1708162452936,1.37620218550412,1.50621880539253,1.4443782348679,1.05233869077199,1.02609008793244,1.06974824662025,0.955997118187652,0.759582722392488,0.955540764047841,0.750956596318004,0.876043554374417,0.87134313706052,1.09006857026224,1.07878745634888,1.13616864641159,1.18160699370876,1.20666119356735,1.32197253007889,1.37439830314456,1.42606919029792,1.35440649318769,1.05510259938062,1.4586519604243,1.63685869582423,1.19535495974618,1.26552570812033,1.67928993403663,1.36402042238334,1.32520726843821,1.61291297418565,1.54812906595712,1.56336079936113,1.42690190215185,1.67991394929708,1.44409869632894,1.42393303543244,1.6065750135184,1.29656419917072,1.21395598277264,1.37995578339625,1.38231900240882,1.09850567024523,1.19425455276356,1.11559195137426,0.924876608526911,0.795980209348217,0.766500626100443,0.662436193875603,0.733257301280068,0.52260397463091,0.530625406907418,0.728580866105671,0.713538673186455,0.553926240308347,0.608917720982813,0.899675820084099,0.699335250780662,0.886464622496391,0.8474291114644,1.03660636149968,0.998668147062978,1.15418464181126,0.887232060748987,0.994040089233866,1.02091458327956,1.01200921219325,0.984965003621227,0.918512264821596,0.774366162547551,0.694718144506801,0.710709733937053,0.544590642379776,0.79655091277574,0.905175344294503,0.665700735023895,0.653952278764436,1.04624987377415,0.983730785762275,0.795260055977614,0.66457965999058,0.764940675132104,0.69204356670574,0.711154168940699,0.602773641768292,0.832754671148547,0.768873642612412,0.685317129222967,0.813011369380145,1.08761521029495,0.88221996623869,0.677725151763608,0.887800867921319,0.932485530092197,0.773460425025095,0.850045814427532,0.866864515376031,0.820708225978653,0.949543171575983,1.21070533433895,1.47464084600141,1.43291451045752,1.47349615072511,1.25628475639989,1.54817084642943,1.19579295009046,1.09729553561866,1.21445264713066,0.691952604790374,0.681590071740851,1.09572839012659,0.724814190577068,0.662846364233161,0.691446685295151,0.715057245052888,0.707637169032535,0.549119467587199,0.592472434344328,0.668383013179029,0.526114361866389,0.557113924149323,0.585240855083824,0.701838229904152,0.594107029633872,0.847814886257047,0.777662820519359,1.03300316906038,1.14464929184092,0.999674005810074,1.07211205849109,1.31309238048685,1.60186679078149,1.30703256940193,1.54543889155688,1.25352701075779,0.480723310149884,0.433878517795554,0.588926373320627,0.6067415748174,0.494236083029055
1.32258955725303,1.15806402763107,1.29715915510813,1.22387419928598,1.28525614729875,1.08744236153641,1.02079996330161,1.09767336940914,1.17581594293316,0.857809400453585,0.57380824988238,0.509258369623631,0.768207927789246,0.781827974006864,1.1134394296219,1.08791846459998,1.08223174474268,1.14914761727576,1.22911480675754,1.12079107460391,0.980939231008958,1.07183634965894,1.05464631114949,1.02455248831933,0.949259838887245,0.948782220194685,0.718948912040439,0.836289107387934,0.647860373910386,0.936697074812438,0.68135579211695,0.685790420698039,0.949334383600031,0.989451250607155,0.628039185506865,0.588766394733932,0.709074749800696,0.699742550227757,0.523419121107044,1.1132363500585,1.19852385509685,0.697522054185653,0.952580090488917,1.40278717949561,1.32141344897458,1.50937283036675,1.33219936243983,1.81059174027276,1.73493407004897,1.77700253967792,1.80081788285469,1.56166515757151,1.81928911872547,2.13014926630156,1.48076655150249,1.32726701758959,1.50435424145524,1.32089346622893,1.03191706264087,1.14939260461133,1.00370844128713,0.892228999320331,0.841383353505864,0.688351802952365,0.67841783823468,0.974978579341159,0.648220942497885,0.582965688215529,0.728349100510686,0.775792006787708,0.607014377042379,0.574293779882348,0.841556456967548,0.813654256793097,0.791519268968938,0.711457470993473,0.685673878532747,0.77849073623191,1.0762912012302,0.753104503575629,0.735517434158073,0.828361867675079,0.879099213917171,1.08264381429669,0.919434620699777,0.841014047590499,0.864515007957588,0.844860067350139,0.652171953350539,0.932722822472417,0.948019936880245,0.654167265288632,0.582629511275819,0.928036111925191,1.11123612615092,0.653397514291881,0.501329501127292,0.586268729801115,0.642255211368619,0.853594988535835,0.895112982437683,0.944207729927079,0.706358820442722,0.72985995639103,0.826221037511024,0.741727524282725,0.701886441776653,0.890366316315597,0.71675837943313,0.610675326507511,0.836052380054093,0.884655439602383,0.901399618490325,0.979724168854369,0.878621997806389,1.06278961781155,1.10526927720085,0.922176941253907,1.13162417008592,1.13765897414579,1.30791410901022,0.933158071786324,1.04534455014757,1.11054142876456,1.13876745560485,0.97673607737607,0.993275233929318,0.924580980328877,1.01519069553133,0.881111089242005,0.784126241255582,0.942956858260104,0.831434031291052,0.78533725347604,0.779784254716405,0.861298123852457,0.906750751982354,0.79785430209165,1.19788427663462,1.29559221874863,1.27414719662811,1.17211391303713,1.34300042630308,1.76734702326664,1.67184370320394,1.40700255344026,1.91758309329611,2.40174897432081,1.94086369312134,2.13874703435339,1.61624045364619,0.504912019114188,0.414751453392601,0.366505067055754,0.487757677020976,0.430230755982523
1.17730451566864,0.984636129930181,1.16681657757589,1.16149243998148,0.800002697080922,1.05937394083544,1.05861958567677,1.02651546195598,0.919756635638584,0.866736109624481,0.904448537704803,0.93671626970291,0.96590886926431,1.4354823192834,2.04571079865702,1.93048316465236,1.52511760040988,1.48583567460974,1.88543620109099,1.74486031502346,1.29644817236307,1.43771261803522,1.42303252624899,1.22219380909564,0.716416199828111,0.69609938518531,0.609394961391814,0.582019784846648,0.619792712490372,0.684327021974717,0.678493095769298,0.876861138262399,0.867215220284795,0.801022293188789,0.786208102843047,1.02480721698159,1.1177560743968,1.33233987660011,1.02940090664495,1.0170063662455,1.10654292616406,1.13412462985968,1.21607591569447,0.917754801675539,1.05334210774145,0.941951168305107,1.07408596516036,0.975101986351277,1.02932808657198,1.15698256884626,0.93054640147888,0.846387409028403,0.959902719985183,1.05441382719523,1.20397546053162,1.09925655206635,1.25245437409748,1.29712557957705,0.880588370724962,0.902695437224072,0.874668264685759,0.835356624080881,1.00645997309741,0.856928914165132,0.871031535123534,0.820393109298969,0.667072554511587,0.707481813182871,0.663129090247336,0.7769726548998,0.835998076836516,0.793175897541872,0.86030795213795,0.850905063203128,1.34532778870823,1.2801924455126,1.50215850947494,1.82035060041697,1.52223056559192,1.54651235925233,1.80020785233877,1.51197317428183,1.81176308139095,2.15391968746873,1.72080736637557,1.39001308954407,0.930411640640092,0.96409942486677,0.924834417768111,0.826648625220049,0.896641184333862,0.897204043660243,0.833931250994309,0.93496230540708,0.834859378421348,0.881841650690351,0.73793540321542,0.830456538527629,0.895326530850632,0.921520502363578,0.688741929928848,0.797814498367742,0.901843112417707,0.6335589548719,0.703702523118438,0.7918451290118,0.706980697187408,0.725691515475177,0.866003391026055,0.676856704777368,0.681219347048363,0.883981416894543,0.88472855885408,0.964460891336365,0.96551017059278,1.18647631424417,1.38185103547261,1.34948367940443,1.16811801907794,1.31371422213569,1.22831300701208,1.06323797923378,1.15879457380238,1.07824886025811,0.950184454598871,0.80458528486821,1.08535489139719,0.892099625281243,0.714422041591727,0.938605980018665,0.797234221917018,0.614429520564082,0.847960993208933,0.817113891734534,0.528299432048921,0.578201887159363,0.807849951294892,0.558157402131402,0.783494728852091,0.620394285589892,0.684139881037635,0.677321564079419,0.672298536567185,0.716018127611229,0.710973187967167,0.752828758456651,0.798951543656055,0.916993463403211,0.852409011245884,1.01112620916146,0.825966429790617,0.82325544308109,0.884250595258717,0.783671306905955,0.839118822491572,0.842663439826413
1.1092917872513,0.951505862433035,0.889048316278808,0.875757483338987,0.601744864350107,0.846098566137987,0.888173491212567,0.865104052235735,0.82744678240721,0.745318430617402,0.782083254434678,0.749637283827974,1.16772240442831,0.854415315615714,0.737280971674797,1.00889790252223,0.912702725975422,0.618237677007308,0.653603603433678,0.54924045180357,0.884920427975032,0.898346196370477,0.690215085853444,0.715597716351821,0.807478775291925,0.808439426430675,0.749397920064365,0.786036269350587,0.936569882154266,1.19978519221161,1.00098651739645,0.959786054614874,1.2131877168485,1.2121924595924,1.12751358975507,1.20324841992481,1.30056868246404,1.32400154676496,0.959899721558619,1.24379811060872,0.941855279559297,0.719977167901828,0.72424911291016,0.903942931008407,0.907726406104441,1.019442168566,0.988635486098752,1.24390000142724,1.3313858337516,1.38492692784253,1.32763670441705,1.30074002410845,1.57823837509514,1.49808650652638,1.18662763673564,1.23315995854093,1.37873293005128,1.47447658595518,0.922398711107611,0.950538086893151,0.962345954526524,0.804502051057247,0.960481147195307,0.716021637802087,0.712284724915673,0.882580896615598,0.811014604878721,0.66959674200314,0.704343491709745,0.771876342085475,0.880548748568555,0.789031115837618,0.904050875359189,1.24846943534592,1.24012321567056,1.18594007216878,1.40440312224074,1.54566682400476,1.36526934856081,1.53882771926462,1.52404564558996,1.44868077672132,1.650317810281,1.83214764561879,1.59069536497301,1.34870231234101,1.35994648099693,0.983316122409033,0.657052419940817,0.851336846178568,0.866766876769348,0.629764398727257,0.630457339225923,0.809268456068457,0.813566241957815,0.47111766231012,0.373268098638055,0.422293800002786,0.492492271878388,0.538973504996374,0.58081476605997,0.468410353278637,0.597369251586401,0.407085203805156,0.48587683948154,1.03919763571886,0.976820640350043,0.827936915749833,1.16632548283931,1.20594988696534,0.888641364506031,0.899581757912562,0.920546370086282,1.14563416530958,1.07222631108326,1.28711329950371,1.90247289276165,1.26152890663259,1.37798712805093,1.28793248601121,1.58397974325993,1.18471138465466,1.29326194924901,1.35929843257431,0.907430098661428,0.625606740653781,1.11314388947009,0.837505561759857,0.790234177490101,0.626442149944008,0.759886995437399,0.797921308941001,0.707656191747741,0.765438936132087,0.869790155125685,0.709588361111329,0.910343236898735,0.888010539803513,0.813505123820338,1.02281561299033,1.35104942896614,1.04524653865774,1.26668385887107,1.54513639486579,1.34152800128216,1.18382970229353,1.62400586849911,1.86035846720322,1.49589216319893,1.77453377543138,1.16828664664491,0.726797156122231,0.626434647215913,0.427351072121823,0.54073699642818,0.592561116173082
1.13588679437001,1.1549941911598,1.4038113918707,1.3738032201302,1.22842149544985,0.965373895927353,0.993863119625781,1.309543183705,1.06353866131164,0.977637395085924,0.934769315486796,0.915105749438663,0.893765996078606,1.14477035392509,1.6913053267055,1.55606260269312,1.20058848433422,1.35325639725588,1.44952142513639,1.29281353167701,1.11549910736303,1.02099194165891,1.23855941044464,1.00612009561793,0.695279152598126,0.711677558793836,0.730888533609708,0.68353298977335,0.568941537182157,0.58275205138902,0.801034370080377,0.760114220004007,0.922199596478035,0.654876959636549,0.742475155083049,0.888829585621868,1.10914750433778,1.13595750770679,1.05455245336952,1.22742437535846,1.65390661699464,1.23791590728682,1.4265771847248,1.8067980350836,1.58766977450954,1.42091239825056,1.49686141842744,1.71613968224277,1.40718090041844,1.11875766262386,1.1200360754979,0.957098742884214,1.17074664591123,1.26640752188931,1.01505816407026,0.998399909730515,1.21824665401445,1.32936242575823,0.86419110463055,1.08471246062147,1.15939245122713,0.707582826788035,0.781722671628039,0.737821000674823,0.653700142037365,0.82086993374879,0.628703029485583,0.656812700218081,0.784090881309409,0.786056941808181,0.747944121363044,0.760470791890253,0.961934861472547,1.05139758226569,1.02816527834897,0.886699389517889,0.952649720620554,1.21380792443679,1.05966756471402,0.962736056293598,1.12014967989076,1.05753287004717,1.10225944906346,1.11830268864315,1.08771096823904,0.992229950327616,1.08214420973646,1.00276651820282,0.746118015358887,0.882107799508191,0.662093143134364,0.588957174943439,0.769206522732328,0.929428768895952,0.725108759435834,0.65975447724972,0.810998258675558,0.969488977128582,0.918904891995145,1.05043342166295,1.07252034109316,1.32223769163074,1.15946868436417,1.0113326328899,1.13551189897811,0.92881053156945,0.824882336778299,0.972635981586792,0.826873791915253,0.799465292287002,0.748098119922155,0.811897574062838,0.921627703173336,0.882935077451723,0.997706993944997,0.870700529228438,0.991941131372053,1.01939086293179,1.00734765505567,0.776883010627187,0.849509664828697,0.789966635516505,0.716218715515043,0.578742836712889,0.592423601459311,0.713998145852006,0.825436004685562,0.805647091071391,0.477507899752773,0.710617312893056,0.722026044498009,0.645323607646654,0.71984626905019,0.744214997884706,0.74559307743973,0.7309201842433,0.875771208795601,0.765805760042497,0.999462051347069,1.15348814482603,1.10592718678556,1.10280471974864,1.45754801960452,1.43866780192222,1.28935561053578,1.37014301850264,1.55665200046897,1.67754576266692,1.36231573210203,1.52568215643684,1.43017332883545,0.578017505186709,0.573591677192126,0.70728618891691,0.743328078608959,0.631585779796179
0.66370719214853,0.718204056543687,0.716919602015649,0.707969820506765,1.18702319380395,0.923211389025737,0.770248553220286,0.730207400032241,1.03460435392677,0.86500020731181,0.75993650156753,0.825625280009768,0.840018448769588,0.989284233574678,0.972524358247737,1.02080779794512,0.977223436992753,1.03029086307401,0.990145728303818,1.03923716951641,0.914816268015941,0.884984379959427,0.896206707726118,0.997660404661602,0.907860391147424,0.599195204130678,0.723779652939633,0.967817293328239,0.657254576810239,0.818975659732088,0.949339793752462,0.915488771132393,0.885655926167338,0.806184585508548,0.818788992026143,0.705280912998119,0.726165363691481,0.739185007247361,0.671210424463241,1.14850743804423,1.38696759058502,1.02226903938443,1.10631534366891,1.60383774622195,1.36831209412267,1.37050093614946,1.39462885460433,1.64828881266884,1.30193947683616,1.44150206139777,1.36719446641564,1.33746114410381,1.3864381645625,1.38584372282638,1.07311411579379,0.997669686305105,1.08610047690447,1.00452760666691,0.469142213271595,0.704146151882852,0.796987473302565,0.56640816984915,0.593565564143978,0.690395995367265,0.628125480764744,0.904215026897429,0.768768248277551,0.758729139973707,0.77047727990746,0.81519073235727,1.25307804792826,0.995706569729659,0.88518175747671,1.08524383854749,1.14415207402455,0.894327043162812,0.936018190825029,1.06002612460476,0.927311561555927,0.85311485619223,1.22615599122177,1.05866937122154,1.37061617544462,1.7587728711644,1.54810493279982,1.48861447006265,1.37747917571311,1.39425425079906,1.17642841645576,1.08220238049639,1.21590232314251,1.0346208145927,0.861201931153103,1.09368957174624,1.19272317421826,0.870060474663931,0.780302861771856,0.749547518291507,0.692913306414615,0.595763322632,0.659028214062736,0.865455562371587,0.774084431080992,0.686139275079624,0.924088898559959,1.04387584568329,0.954368856398351,0.988237115908862,1.09712060039836,1.1012229675108,1.09073958100174,1.2460342381135,1.23462684946266,1.11742584237925,1.07728565818456,1.28816779741744,1.2659999647121,0.989983720362137,0.925121637652737,1.16761277067704,1.05812994853148,1.07705800188717,1.19521898259924,1.39169304585506,1.38125418067557,1.23309669890273,1.06504360801111,1.07163034684625,1.19835877380736,1.04679584255345,1.09698469256774,1.13371741463633,0.601288663342994,0.608037738750495,1.01077218567406,0.767850643596239,0.600537496139641,0.856220016118375,0.741016617904101,0.6543024031596,0.755286086128107,0.870088893174675,0.910357501132779,1.15004294266867,1.23126117618755,1.03952291833735,1.25220723704133,1.44286676241512,1.31523046828709,1.50486361636483,1.12614582118222,0.926645879492047,0.885834745774795,0.729799454446468,0.803051186514353,0.923374628989384
1.34726069837113,1.0442143236306,1.1926720851227,1.1884405037973,0.995668365373578,1.07370568025357,1.15535884414339,0.976400413502997,0.925226802232116,0.810432740148848,0.866881916918678,0.742355662013785,0.751792731829867,0.849729372016518,0.984080286828686,0.747063197235393,0.923654213968139,0.755565909659075,0.593581648775526,0.617373632374405,0.784307629762863,0.703967352753907,0.579582650996752,0.628676439169973,0.696850606276083,0.732047194357503,0.754830391304293,0.985392142439773,0.810347961426777,0.87750338496061,1.04526412746557,1.05918724442374,1.14963790913514,0.990458271418618,1.00401512736791,1.06482015439221,1.0005899146172,1.03726738698218,1.02593929064974,1.02439054738066,1.12610350857856,1.18691279823915,1.13236234066706,1.00125511111753,1.18379815861875,0.971965222341426,0.973114117389952,1.02153898989495,1.14698085447347,1.23857538246331,1.08514720740599,1.11320718027548,1.160162911538,1.14659768535647,0.973752884739771,0.960208864235559,1.10641184158696,1.11553692987936,0.757945792349994,0.951184844388101,0.888316348036867,0.634318678300922,0.721587494366234,0.846169784675208,0.733456851941929,0.754668508473571,0.755280816972741,0.894663401243878,0.77853605069294,0.807336883115928,0.849128997755568,0.797123756601058,0.972222240959806,1.02165605618025,1.35387695705706,1.2146891832227,1.51895452740275,1.8424529288749,1.33742152652747,1.50063511166174,1.58584769809207,1.4487121886082,1.62625973092512,1.61099183903988,1.41980449170252,1.18279636440246,1.10449275019662,1.11995836820721,0.886164290846457,0.996622638702912,0.978464000097724,1.03561603721998,0.943387165060741,1.0536107429748,1.20501971822312,0.999722296193036,0.972709609090146,0.895472174261519,1.00208074783227,1.19082732020725,1.01521713862662,1.4167042973707,1.42666195290994,1.18009903151589,1.14217618459246,1.32388958660643,1.28571301124403,1.17983317361445,1.28423700524265,1.18269624388976,1.16051924162582,1.07452171095681,1.20578101319743,0.820729926968211,0.758341873488884,0.955974358448006,1.03298303579579,0.780829285094422,0.755715484295075,0.892019141318065,0.818493459775109,0.84922839343678,0.835786712015433,0.956535697112875,0.801673966647541,0.701320666901951,0.957976521336414,0.799850092044972,0.700477346193435,0.907996305957794,0.85567375902603,0.771850143282562,0.783656385918296,1.01065763779755,0.940972685768534,0.996197537337885,0.913089914575881,0.996144144480014,1.05655862585599,0.728598019965144,0.912981254934882,0.814791402122986,0.743122912702401,1.05311355719642,0.931389982880968,0.946754994999466,0.981050377607108,1.11603297250303,0.901276936742313,1.00685170470106,0.960583530491825,0.934311192131452,1.03459482009668,1.03616449303349,1.020403256446,1.01884224221307
0.980271427564385,0.950890182638455,0.847822900209857,0.735270828211314,0.764301530192613,0.843703964113393,0.933806131740486,0.701941186049525,0.826514521936574,0.895038410553224,0.878787606719918,0.694841759287026,0.948233796507439,0.96062770517958,0.738712866018948,0.782521475681808,0.733335337772958,0.72337129046379,0.743020652540866,0.646379797173832,0.832439215930031,0.779785062928818,0.564717313525565,0.59030433292623,0.733583594364101,0.643778213885991,0.543203361491577,0.589164901428856,0.704218769100063,0.875092347011651,0.70065619593774,0.749222438681255,0.770268811256264,0.80484048064982,0.786186925265929,0.900572102980097,1.05072399855876,1.11157817209791,0.887544687459535,1.17381783365521,1.24651670712485,0.93734659446229,1.2436635327491,1.69298440761385,1.28597518636666,1.24836644077646,1.22813711063091,1.22265353293682,1.27349940524088,1.40704132936942,1.32534643403592,1.01486702248289,1.15746266103097,1.41069407952772,1.03019644458693,0.945195262842033,0.973489442178707,1.19026596091519,0.678305043051948,0.767252496865617,0.659547843273302,0.65522060485473,0.774672299939649,0.742516810372706,0.790080674869541,0.842786966560347,0.881515878652488,0.888047194443977,0.817516122552038,0.867229699955727,1.03198576081608,1.10661764703501,1.16362095645813,1.19805055905767,1.37884157765849,1.23694107479349,1.33273498906748,1.6048553691899,1.30683397535644,1.66590435957369,1.71972105622704,1.50714522613149,1.71716102396527,2.09611349553158,1.6734764261853,1.53101249186313,1.19098672984171,1.25530416737326,1.32018393035773,1.1353160702407,1.18800639570176,1.20186700925407,1.00024749646981,1.08087354146232,1.14954227348442,1.21092999373756,1.07928423959678,1.05660241884406,1.04534882644729,0.688994016430666,0.6927255532958,0.849323298839035,0.739280767727139,0.791359848009013,0.845318014609468,0.875991769530151,0.815274690578083,0.856172520674065,0.75134306914423,0.731545694700812,0.560095355559041,0.810752767256434,0.833409483019632,0.840840516882661,0.900335558198707,1.09282775073543,1.4198662853064,1.20925649809475,1.31328183903969,1.23919655580522,1.45890804810489,1.02203829161196,1.22948480345083,1.16783252086,1.01106532344715,0.848020161546824,0.951698923622578,0.805489763373667,0.749822555456172,0.798446389329954,0.836732694336375,0.850973033156515,0.98302479958461,0.955815262635366,0.836438874203568,0.911843654657318,1.07519124050309,0.868627578727732,0.993891480727994,0.942623505108284,1.12873476464468,1.10991604850722,0.962932250178162,0.875424204928515,0.940931442481228,1.09946994794342,0.901335339969333,0.980255974773362,1.34427202023856,1.54067548377152,1.18448586678348,0.891481681179332,0.867511004307113,0.77304003260807,0.837647998648251,0.901730779479777
1.58833372207687,1.44938670154409,1.76310630008116,1.80239703236609,1.62477774168365,1.40236186169579,1.48180563723486,1.42264123605733,1.26794646143559,1.21190103288323,1.13009958728412,1.14258434601851,0.770610392191025,0.913989403355095,0.868090382563384,0.806337963757984,0.677469304183263,0.635015051141221,0.629582999619053,0.561870406692833,0.593451777654278,0.543553312052527,0.489455502711782,0.534069540343862,0.630838178302749,0.921925849138837,0.706486923337385,0.703687549824149,0.647145100863385,1.33185070381071,1.03639779920064,0.864227645132877,1.51066085845664,1.6123066314788,0.838406757671423,0.831037168496776,0.809502521572524,0.754933025375438,0.711523557713931,1.00961972890629,0.8932132722615,0.814324853327071,0.730339020820647,0.844296269079529,0.855179257991892,1.11257842820851,1.17127828633543,2.29393542984735,2.57431553892814,2.78095309120819,3.19663753879364,3.20968530973069,3.71834020331843,3.51237785214406,2.09075850870955,2.28488058477791,2.70719998138806,2.00222268840961,1.08376942462928,1.08354144999782,1.17984011601008,0.810014554907059,0.599721664039785,0.56364974028934,0.574779455039924,0.528325696913411,0.630221302800635,0.58784990427045,0.607905096358088,0.587608603253219,0.626938238168993,0.696926201590582,0.840476035992359,0.877931863386439,0.832663971860791,0.979966438040221,1.15419059395414,1.12780995994961,1.4512408830732,1.22922693091809,0.954046696271691,0.943271198360603,0.753289225014988,0.732622979729431,0.722052166893188,0.592381472396064,0.505094383140186,0.39542606207313,0.461378809806158,0.594508365856608,0.503091156179704,0.601486457902181,0.507401872300884,0.676450638572698,0.637643071944326,0.525849055961056,0.533758335365997,0.5018104233305,0.52606829897211,0.502305361450455,0.514789135013027,0.764966269232941,0.78389988390802,0.73122706389138,0.849007629921407,0.897515282701307,0.826751211669686,0.842094103811741,0.8726609434334,0.853666632305887,0.793557741222899,0.818001028730964,1.00229950900646,0.719017658493516,0.757464494958578,0.867732147712451,0.664752695123316,0.708943072582674,0.831470584041733,0.816375407366116,0.784362270443164,0.952020192115529,0.812670196553796,0.884123440474098,0.784664258534752,1.01738799339102,1.06549459974,0.819535821184849,0.844571954114478,1.09844514869114,0.921847888289971,0.773071205144206,0.894849232628202,0.966421449021913,0.660027637366026,0.633417061826664,0.815205045814857,0.741999987717315,0.746237219356751,0.59614684619358,0.81294616046907,0.682041973844427,0.895943810351883,1.24835326992092,1.0834432242026,0.987008428567659,1.34354408943409,1.65479921576956,1.26373641838504,1.45807516814508,1.11050263106477,0.593211628744309,0.580812591325213,0.573737522293134,0.548890708585,0.585823247011581
1.07261525306601,0.849618094780552,0.875907562295088,0.902132013871673,1.32061665402611,1.03053188648509,0.76113091241137,0.695661209471495,0.931737972076771,0.908072504195288,0.741918522404837,0.622325479718259,0.736345844636777,0.907309866368769,0.987305413737516,0.946748446381577,0.859975058737194,0.872910278447847,0.857775653427806,0.828923689987905,0.777215436677872,0.666605832374364,0.658231764514651,0.669261056335173,0.554209538855394,0.691622642918566,0.607626503869633,0.535776665231127,0.542263721553666,0.557002968637543,0.603798166223152,0.593195954410177,0.609273292858358,0.547033881331258,0.526351817334459,0.474766349988748,0.392493677310794,0.42690796592698,0.605482368609465,0.745856534993308,0.800062392710734,0.849187092948267,0.909573731887108,1.10570104624759,0.891369210760696,0.947000595055598,0.749963018384385,1.04039030690342,1.04600576204307,0.752942811389004,0.666196539658643,0.499536240477156,0.869701692068746,1.0295736294972,0.814383754715042,0.839531483365031,0.852939827798886,1.01653998975247,0.757960581725667,1.17640476717506,0.970721772693927,0.667181731542414,0.719743565229407,0.71304256261076,0.589796216593773,0.605016370346982,0.652210039694057,0.755087097537212,0.724253954981953,0.754802673310029,0.907703591833048,0.846327175240014,0.928185706865874,1.14576545229788,1.28016957798897,1.17618359557948,1.44713962429967,1.52620415667917,1.24856549373887,1.21084691859261,1.38814442760376,1.25863990893739,1.41829296706717,1.52727753500942,1.42635667392841,1.26772133761765,0.984778756205731,0.905042086495607,0.8708353957654,1.0372043425655,1.17367185056944,1.01972038832011,1.07866452355381,1.320060145458,1.34681099193497,1.1827609049546,0.962824439914222,1.01699644780479,0.914099425464578,0.807564922626724,0.903980926507611,0.862399018156802,0.689316511781893,0.746373951430738,0.824662860480346,0.651459588720745,0.778616722722705,0.789685219288959,0.754103636633678,0.773424092997497,0.668597793944389,1.05555318085911,1.21484381096936,1.11321230790625,1.07902640426207,1.54551249780168,1.54867165219183,1.27591145413559,1.27812634941352,1.75209485314985,1.54853761383993,1.54753501138955,1.66868761535272,1.86213626915204,1.87057102787779,1.47687897524202,1.15794907470226,1.27155722788926,1.3521181320053,1.21331624600491,1.10215689823115,0.93669414785529,0.638094617580833,0.73054700087511,0.7525654320555,0.72494149867127,0.835386994018578,0.920093345062367,0.872834536119238,0.935378444076759,1.08817732184075,1.03134857143159,1.48436100949702,1.93208393537406,1.66104950101935,1.64342931330384,2.11465337454865,2.51913058205434,2.16080398731965,2.5182005478777,1.87002127051347,0.622741574678182,0.669130668425136,0.650539300187625,0.72840501076761,0.696453409304752
0.834690351932087,0.747985928885528,0.946136401117697,0.949277880374116,0.5856119759408,0.8144611555154,0.890451874626542,0.720867089594497,0.879896780033665,0.732558988909659,0.826695721213356,0.986827418562673,1.16940116911171,0.981757391863182,1.33423554328157,1.18224179868173,1.01138813602319,1.01084096461978,1.14899018096998,1.17965998127141,0.905838634602287,0.731750482708518,0.746700419172498,0.668053846584984,0.545399160190605,0.922970691647176,0.67316149579859,0.907893264876372,0.666411177309234,0.859493136223471,1.01228640297092,0.960055814100999,1.03904751031713,0.790802561249063,1.02645926971385,0.736500206198751,0.47730027965321,0.598882770191646,0.744534065113202,1.30075788278644,1.52737138440065,1.09190420067821,1.41130333147246,2.08712923665382,1.79650426073763,1.9272966319434,1.54340695771175,2.04096449184435,1.66287965890388,1.35312053710461,1.46787043923468,1.18465238577676,1.70714303166112,1.91323253080917,1.41327180453747,1.35716555756972,1.61764923231557,1.37005199145487,1.13861089994521,1.5158399601643,1.19043552220499,0.992232163181868,1.08634409219356,0.810562326789766,0.633880154758856,0.675400982761154,0.477580427097117,0.570809165413066,0.641726419647729,0.723636158404224,0.52180044977602,0.60409758725601,0.961685790839526,0.759325180645251,0.859512302965885,0.810054823200069,0.902603086356633,0.955305011913847,0.957749531211925,0.996326754919346,1.00269637472639,0.894156224406945,0.972599775962584,0.915875874589679,0.849605962806092,0.847126672195624,0.736983589281124,0.910609684186898,0.839226804788863,0.836663858704648,0.984490086888459,0.923675626074382,0.870323301306203,1.13824011141133,1.09898929957444,1.23050529885115,1.00451639224305,1.00486769658681,0.810464203365586,0.622860620292618,0.828647992661049,1.01117458805415,0.879474048587555,0.960020883588827,1.12284773925058,1.16843892528784,1.02573941037135,1.09007437830099,1.1380709374611,1.14814729794815,1.0779497728282,1.00096132972005,1.10787731193037,0.927362959990628,0.994271304807515,1.38551707818509,1.49808406033902,1.32785971686159,1.47482938358099,1.30924413716036,1.59469740466127,1.28829727927214,1.19484161540757,1.34708222017467,0.802898584525943,0.822168377954579,1.10103030176315,0.705157810426612,0.700631675119409,0.513796660903284,0.571906833533435,0.702104079446382,0.566862170615137,0.689115828469723,0.656579375301654,0.608619156068208,0.706998434047725,0.633995375735084,0.688210734023309,0.672377505008242,0.769994318765117,0.90959932183494,0.98496340364163,1.1159576361841,1.08599791287797,1.13842858376586,1.34062473642276,1.48183149295482,1.48721214098805,1.62240942798232,1.28249160335194,0.384829967787792,0.430386649132955,0.610851718130339,0.777834320970237,0.531432367199372
1.80097726054478,1.68994585006711,2.13110268276697,2.09502838498515,2.02382411346288,1.44975315577934,1.3977196684618,1.68027244046343,1.51151886559016,0.981429223795873,0.854836632942649,0.902017843172481,0.971629973014946,0.976763266923699,0.952685702301288,0.868828130335791,0.839314496791064,0.94452440032783,0.970238674367593,1.05842206389648,0.900039859837972,0.833723891501928,0.961106652107946,0.835506019891975,0.673718405434146,0.888636956256822,0.792088092227299,0.753481045726,0.650511075356361,0.859435884400149,0.642011789944277,0.65776956266422,0.875007556509221,0.85013743169731,0.715701836333327,0.638119603604016,0.653844515344272,0.602522953867238,0.516044415899737,0.884362071346375,1.01615821414378,0.955087007483311,1.01358280170935,1.17652941147947,0.944283134851815,1.03912683311797,1.09687786469233,1.22472310825168,1.20951002343383,1.16798015399595,1.23606199200582,1.19850706712964,1.45711547611907,1.41710348325038,1.11310799431808,1.18711975290456,1.28661112364003,1.34986533886418,1.04291528539885,1.28464627145866,1.04966974142479,0.949042942806025,0.787899029705079,0.589669921386675,0.601998080063368,0.88406857532838,0.615832302420107,0.606157422426988,0.641656952540901,0.702289695641675,0.796167503370388,0.831225216314695,0.644705540816648,0.613731915943153,0.653653406010643,0.769427421612373,0.690647058355773,0.52741785590003,1.42954709828139,0.776271760491979,0.541061766816339,0.602940053457311,0.745780015993516,0.831170729218975,0.835060347570866,0.812888583753096,0.784355210125692,0.753306562993459,0.628674459678502,0.84009271521059,0.976115955861863,0.637596567292781,0.708032765514802,0.850693868787751,0.827427684618415,0.508581209385294,0.520276819586029,0.713671918814964,0.690581659259723,0.988480476132726,1.18630193369408,0.861425736574819,0.749488330780269,0.874140229752383,1.01594329047466,0.700317753301435,0.762021491141553,1.06572836225394,0.984512411989809,0.778639638115695,0.953876263519607,1.00159816391926,0.858607672902442,1.02989668809394,0.847939532515357,1.18652575859792,1.16837216842377,0.92381884497336,1.09745706579794,1.12947441883377,1.29045172722322,1.04391151511047,1.11009947648825,1.12715406602349,1.12299542851208,1.08718008149716,1.24008366843286,1.16521653405555,1.21861744924486,1.55296107132833,1.0171897048632,1.08248982009713,1.17336985774978,1.11011254508616,1.24117118114383,1.38036499173282,1.35007923618096,1.29931824744517,1.30509770824412,1.49282070753738,1.32242686036317,1.13316503943951,1.46456742011952,1.54438299553212,1.39234905190444,1.24690438600474,1.42487522718055,1.65041800543204,1.32034617633524,1.47091764583082,1.19839454606316,0.529694451149164,0.505451589387018,0.484725522737265,0.51868220783356,0.546544501930461
1.09658127793128,1.07962417868944,1.21564055678678,1.27122995708071,1.01697034575133,0.960547092277847,0.965633871659115,1.00446176457854,0.82692241920804,0.949861163946252,0.884115996597153,0.935289897467749,0.927963893362802,1.3149126994368,1.84277598141826,1.70760710432793,1.66066209070698,1.6761793816724,2.13882047993482,1.96020814840364,1.33528273997272,1.4287296596983,1.48929646228695,1.37671276556616,0.932144600077994,1.42586849425649,1.03909788806933,0.933749548429412,0.785057265240982,1.08640725454565,1.00310953287222,0.819407143579217,1.09147655002643,1.17741139438413,0.947013794295827,1.01335228382429,1.08187607392884,1.07294968288923,0.876708909303906,1.10303576628223,1.0989362346424,0.742029562688705,0.855163566391841,1.07757097700824,1.09538335148231,1.36043560709797,1.15494652662697,1.29323625748814,1.68629566805085,1.54169960603086,1.91134217474666,1.83885200433307,2.1255039224175,2.11552357224295,1.72034519021643,1.90564859542246,2.09550824160716,1.89418150651632,1.72585411583075,1.49340359745723,1.30599617796175,1.44080789608238,1.43707596851533,0.838778217235347,0.948196146130827,0.931292031865924,0.736244302493773,0.650465577227177,0.77298868016045,0.853400024978262,0.63634485800462,0.681487844134682,0.980928379315676,0.709805428027913,0.696563899217124,0.758077659094212,0.741783162623106,0.746183629183265,1.07733545147759,0.807143168285602,0.723379784880532,0.713858954039005,0.754448681186167,0.735822534573767,0.70460302378181,0.590715383664024,0.577713529886178,0.52188465776228,0.516706348540623,0.527271962847011,0.585000898296992,0.376465094987385,0.45732714610099,0.759917257097266,0.849585612653059,0.30151353194002,0.421083832946012,0.380825067595292,0.50160565762819,0.574912566386035,0.661268502335221,0.693625946089028,0.740891250896082,0.722615695394471,0.93392606324203,0.791749936400857,0.760396858478146,0.976125697397731,0.94158016559636,0.888957770831351,0.836705945160736,0.911499642019487,0.946094922491358,0.879345631555851,0.851277984893778,0.95846094399625,1.10540876139184,0.971624566480001,0.97396489647208,0.975287954340723,0.845846710203621,0.80462624094281,0.727262690644802,0.668144751653782,0.584590480049069,0.729854468763562,0.84624336931558,0.8096851071973,0.744860981483761,0.998990862873039,0.918780717990387,0.905086321093759,1.05035535093077,0.998480819248596,0.883509680146158,0.914363510774141,1.01795110417883,0.882059836916628,0.813127182514043,0.911515048855697,0.841625792034858,0.721186002279519,0.798070218617305,1.18083919595474,1.00037234496787,0.920254710728241,1.24957536833861,1.50642512342369,1.14094427301635,1.38279476512711,0.965121600502144,0.396176651631317,0.424435381409941,0.441592065551967,0.461318285973258,0.481027431328732
0.941123866080673,0.812379213329277,0.869736415022915,0.97518232531511,0.824427150503947,0.783237031467136,0.924637502133994,0.71864484954611,0.754096368320035,0.808537957722288,0.594458163510346,0.473473534014238,0.62305276034161,0.770076088963079,0.45893833051166,0.598538492932605,0.589543572824317,0.564465416925792,0.596362599342382,0.624201323298501,0.524615156457054,0.466819285256327,0.529079815941549,0.505611736167592,0.455619713813977,0.558348718773536,0.548110201764241,0.596499148013838,0.352981729918084,0.53848716587183,0.518960674467596,0.512365889838106,0.693179570199142,0.692127506388201,0.481700050866627,0.511685085650186,0.724299837682925,0.770110646183513,0.775615258764621,0.913595804228773,1.05460938689714,1.11340942818436,1.13525275634986,1.35776772004922,1.04054903186286,0.982419829888216,1.06894989098356,1.51723565195022,1.25835057781981,1.33240748218629,1.4763162630582,1.37284322956072,1.54249602956743,1.52066720597425,1.02019981825455,1.14441689830657,1.16477758780089,0.9543997174807,0.579279694542792,0.639905919147758,0.733720716947438,0.574850482501737,0.384631489272044,0.508748807142088,0.636186039233312,0.763512430346408,0.810989427887077,0.797302516658005,0.708592894343432,0.777195592858903,1.28413704693268,1.16426916995198,1.0754872592644,1.46773181686028,1.31704857692341,1.31018949807553,1.24071721122956,1.16087939408097,1.11516195812366,1.12151214071653,1.25880088098273,1.32142584139003,1.31436786729189,1.37291552162675,1.64671200232138,1.43873219384169,1.31515939845024,1.1534843310531,1.30569635579579,1.47251719534161,1.4481116025546,1.28126415432756,1.26692694952197,1.51950087722391,1.25465934051788,1.04339181919908,1.16768499090415,1.25584672218643,1.16158864270767,1.17673118028129,1.21168917979108,1.17946336378594,0.941781349554445,1.16943964040349,1.12578724729019,0.694359939535117,0.72699261704646,0.826443999251181,0.686694233482794,0.577840509819236,0.589412132820725,0.788539007248818,0.760719697613587,0.65266513574079,0.689832939168876,0.742147833042048,0.792987243064086,0.696268966355026,0.707803745132935,0.767079356859112,0.775823027344574,0.710456448451589,0.770259468423272,0.790025478230097,0.72213414595936,0.644587100127543,0.580481885641848,0.689988558348948,0.624366157014004,0.634589998843679,0.740253882846425,0.838510319281059,0.778490920598266,1.02298690155058,1.05146087672268,0.940981902124711,1.12162796054887,1.36642812327611,1.40547435352954,1.63663185271729,1.79880714864396,1.69672617762942,1.84724791808037,2.10899265476138,2.01917828872893,1.87671567589958,2.21185391003189,2.57403736854077,2.07643536650346,2.34114090604123,2.03328714987102,0.968441779352994,0.942341624092509,0.916261688225644,0.997208141593895,1.03825428832824
1.00658795315477,0.81060397295625,1.05527371304654,1.11695487180359,1.09896393850552,1.06299843769333,1.05948145163678,1.07849795121768,1.14941663233921,1.05179928412443,1.4706702195577,1.63782645561023,1.52119722179902,1.47648675156664,1.87757577415539,1.62601242643001,1.47537516789533,1.69658517771506,1.87285293313003,1.82873782857839,1.44157087523129,0.913807910769613,0.933682044590694,0.810871947435692,0.800271834727292,0.840071268266669,0.765598754016156,0.633347548167187,0.624208513408223,0.981343790056697,0.792325545867641,0.736740191332337,0.78564189012872,0.7472790853075,0.815848238301301,0.865118576398038,0.708233023126363,0.718701841817705,0.76350514045713,0.964340425573992,1.04258655274542,1.02709405182374,0.957229795065842,1.17673813691374,0.969219546279506,0.916566856991526,0.991070065108225,1.18033509418427,1.19108771957258,1.22307531742048,1.33287530265209,1.24380682654276,1.41598065557148,1.36752529578399,1.14984080118218,1.31837405210125,1.37005156922637,1.45296657662422,0.892770425629418,1.04706259646872,0.934647748132447,0.85738629640972,0.733969112529448,0.814349219880811,0.858345293344696,1.04618397118009,0.884409099479674,0.847395009101851,0.798836482533429,0.94564338103198,0.971437990644071,0.895775367465783,1.4313552430014,1.09924887604804,1.12734067387343,1.00883255966907,1.0457504539543,0.874401146244371,1.02316231436065,0.883163117556678,0.929335474898116,0.826153355464724,0.843598052473029,0.886504929990232,1.01366740176499,1.00985230948314,0.866615720258947,0.940139533908563,0.882871435004996,0.713311399291126,0.817924118241566,0.799637297745851,0.847872226195679,0.907024813707982,0.957557492782302,1.02559689194334,0.840569791047613,0.931030501131775,0.908241650350397,1.1202269017107,1.21144706735985,1.05281086066239,0.89321305639258,0.840141937307505,0.939047819112519,0.898621736897972,0.773181650002995,0.789583426180737,0.706268212091996,0.676173387257508,0.621649952576409,0.606381475458608,0.592775889968588,0.700876798523322,0.854603751672014,1.19407669356286,1.2756006965812,1.34054886493422,1.57986916058786,1.28491552867386,1.54230979402981,1.56003082305687,1.19882889319465,1.5541142701482,0.902841472325093,0.93567533970274,1.12842698600943,0.873777167341984,0.901266254795131,0.822872380391121,0.798299710194382,0.62967296631371,0.647507522245417,0.712065123265124,0.754753010728992,0.718486820093037,0.778286651790861,0.831090878146818,0.92722026207728,0.852992638318284,0.825406953262241,0.885938568113867,0.99479489344694,0.870219791565951,0.895097614141216,1.0291849773683,0.932199542150693,0.812078955704073,0.896664572126538,1.00245332953595,0.990930452214121,0.935941210362677,0.790253374826123,0.735674262464894,0.710588307749446,0.758237765372076
1.58591535029765,1.16090733301752,1.17548121197448,1.12948017229516,0.959255076516941,0.993552532697505,1.08660088374131,0.856632191637399,0.7241431471496,0.843034191765029,0.904231311693915,0.534483318461026,0.644001422768386,1.01060918189314,1.39051595690396,1.23323668336098,1.19743710079396,1.35410688796583,1.4366532566527,1.47361468403977,1.16601794024371,0.98565279296359,1.06790075412352,0.904236848179646,0.808795051975932,0.755905325150009,0.574051798947291,0.465374878231236,0.678275790118018,0.684495838625959,0.584980248337394,0.720031965321117,0.874172152949194,0.825936917014509,0.792558741725715,0.896269111392072,1.04912927636702,1.38880300117653,1.01581396236823,1.31913835498554,1.66170126358286,1.31578624128949,1.49182230216223,1.98255162439872,1.64010117079641,1.47412914727544,1.60300781325991,1.7499913864543,1.28644625323333,1.19822994691675,1.08844379303326,0.935640497748868,1.16399973402276,1.25013395529878,0.991906480207518,1.02852895364136,1.12388333016811,1.08167620938092,0.791864762639416,1.05735369990115,1.00985727458046,0.834555904523073,0.875529313369728,0.658184494634019,0.682886214009827,0.974415219102519,0.703258752387304,0.781821450461581,0.81685068136286,0.93400563487438,0.892748538658365,1.07362151904256,1.1408539422762,1.29983992482912,1.20505764376781,1.21648764869744,1.33132730586255,1.45350567851412,1.35661493903131,1.33346959919968,1.26524782300119,1.13096571256838,0.88172488577661,0.936631800809463,0.949528321123417,1.06490769667729,1.00395219401952,0.659331981394897,0.889252695835908,0.830124111202934,1.06716496214211,0.580012373247498,0.595399380451256,1.03009845714102,1.0446212755939,0.638360813580141,0.818098619725458,0.644099696819523,0.651973635526037,0.715637335996902,0.675674395325828,0.670918823110656,0.653654239121879,0.599897152974212,0.623702644390708,0.623972521362279,0.594597756831807,0.609503919082805,0.613482266062733,0.565840019495411,0.557092139167119,0.535898235168359,0.554012487613644,0.681438919220012,0.688982830320328,0.745244196682304,0.846292748424337,0.871437722394812,0.810888757403392,0.781875438289565,0.838716185093759,0.804818266467066,0.747459949409892,0.884904219982603,0.763905865819332,0.575307221693467,0.645622033682249,0.662191977341694,0.68029305217852,0.887376321269218,0.717640262436399,0.702489751426732,0.862385705924843,0.885199880328621,0.663166462789804,0.743503761206525,1.00347826798053,0.863984604749529,0.934633671491721,1.05421003153306,1.05822794458255,0.865883346520135,1.42144821812081,1.9400059686139,1.62915944070452,1.5942029116471,2.19238465207216,2.80554906437962,2.25645695197315,2.72528526948944,1.82691722107109,0.545628367671418,0.521470499105261,0.717586430318124,0.79349460306726,0.739947742363267
0.996765293892444,0.958455783226083,1.17491691009923,1.20088489775762,1.22413369549924,0.906340476527337,0.863097187120937,1.06381713132092,0.861461531942301,0.830432528705661,0.77852420026546,0.886946818444191,1.06291530895996,0.902354691087967,1.02550886641753,0.897682127620507,0.796210547816944,0.945363016518653,1.03479884950061,0.960299003150081,0.872847445051098,0.852189283458232,0.817568082352567,0.670706894468092,0.656159947832389,0.698683859403607,0.554516934796754,0.602360781941006,0.628627116540566,0.817177126771648,0.713663584222995,0.687661006347554,1.27342298811508,1.19771125293548,0.648010448096471,0.759821612804715,1.20868775923861,1.30630396209882,0.978169615936145,1.6342142208817,1.78921204327427,1.20840102370191,1.68722665275672,2.37227776826274,1.99783928600622,1.9487202772602,1.93151325225642,2.5086999974284,2.10915573981338,2.36334691684685,2.00178921351845,1.55320641677936,1.7267993723793,2.08854486742796,1.68998245107324,1.10555782633312,1.3461950456359,1.24282518427314,0.905084123676014,1.22212111727432,1.05540954288469,0.760063184001564,0.797491585854576,0.829279087326799,0.713287256013484,0.765895420774459,0.647960303592034,0.676286432505426,0.742035573386872,0.706241116878248,0.662334204546726,0.723031041231279,0.710639149609487,0.678044613972646,0.920363312307544,0.679557859329322,0.685615299998081,0.807609810103984,0.962057952386263,0.863282900274102,1.04434277035574,0.947260232328421,1.28393461723836,1.47501253540801,1.17438280947514,1.16109175953865,1.16930980120662,1.2844751628855,0.959371577244993,0.805581883496637,0.91773095884683,0.745656030940908,0.78466195677889,0.892655352172722,0.803885465287106,0.716276355179133,0.672415967567396,0.73223308946875,0.738022688340596,0.795297882090889,0.85927719316048,0.693763461463381,0.650287601031341,0.662878606991021,0.665288669288053,0.777655191409278,0.787350005300633,0.793889455048157,0.78911282974561,0.719128215342119,0.645903068987165,0.857174734620343,0.776664736494318,0.808145806626697,0.848071977199174,1.1264098539833,1.55114631607481,1.22145527477934,1.34060645279069,1.10077822077367,1.42127280355143,1.11332007793398,1.05943832586987,1.17556912262993,0.608818868690905,0.657983192353783,0.983402586888661,0.709984636838159,0.77016236471785,0.870710740298346,0.776368581480463,0.726878379148438,0.688284906621874,0.660446532771903,0.689699821098908,0.767187556967401,0.922191517596782,0.741845387169868,0.85436762353371,0.869318262062439,0.831099185108805,0.881883681392775,1.04391925269665,1.14439075502937,1.01880170224272,1.01639680463335,1.20381226641571,1.29335005943258,1.03972407087816,1.11972778023279,0.999259606569317,0.701629166767516,0.665281606374262,0.64891723999795,0.699689928994804,0.71188202592497
1.50151865887283,1.24709039301878,1.54132615153025,1.50008606501605,1.28209839633925,1.18971477776758,1.09634245162334,1.04138100817401,0.813423866407686,0.889830698014314,0.878116065077722,0.635243109614695,0.75054335570377,0.832615718348072,1.04760906995607,0.835787342360961,0.910584790342773,1.01080419179227,1.00838403285704,0.852510857339761,0.917280223553878,0.793060417285318,0.903028416757058,0.910473464483095,0.836306140918226,0.855698094028509,0.826085797069514,0.694579469215614,0.822516274229743,0.977831713741124,0.820539509412809,0.894329575412704,1.01772482895974,1.0803639551192,0.939610378363382,0.989979454009556,1.15272679591085,0.956410595197685,0.760075946181717,1.31001106696552,1.52681988721509,1.42831464788467,1.40928731229965,1.77512494050216,1.52656908186509,1.44488915503481,1.52155965799227,1.74418373205576,1.38411281578919,1.28258296968502,1.39505391403613,1.30178575900339,1.505517460421,1.34335418496165,1.16661746675467,1.15212187696412,1.18184773758047,1.12564389707395,0.975704040740893,1.01899273687057,1.03489684021263,0.857137088976023,0.677847672557021,0.63592564130084,0.637974595224285,0.705186598649488,0.493186476820041,0.54633462671333,0.801662354788965,0.742785546729227,0.727590728787173,0.714790448966789,0.954757247723747,0.942518504199969,0.949580072157922,0.900685711175183,1.07815173899626,1.21612128067536,1.16428577948348,1.28870875025668,0.998883582421779,0.951357985725651,1.39033232180974,1.46041730453694,1.13535532147161,1.11345028098997,1.16805874540332,0.990002717812889,0.817218866876365,1.19029250819424,1.24888975207762,1.07214358601368,0.997710765054388,1.24888969303024,0.933650899310859,1.03410816119091,0.759533833011309,0.795183418091096,0.764590545642204,0.937600301121879,0.875335553138117,0.972336336934033,0.788216595979989,0.705167476736126,0.857250708494672,0.880804261021006,0.720152129230844,0.775641327487656,0.717946080836956,0.810014696770608,0.675908973966679,0.74342211406671,0.795955655199497,0.855956987511919,0.799714394816724,0.822763187346933,0.927035961498032,0.891528600991535,0.942647021640845,0.852467599263302,0.925159003672565,0.825737659976124,0.859792163638147,0.934854250367292,0.859840492396183,0.7928051307348,0.753898739496934,0.693538394607023,0.681706520311435,0.803684866020902,0.766626016324432,0.744785625229173,0.841787874707205,0.942410300051792,0.722254328607309,0.814719676591344,1.1501339367232,0.831372521471821,1.21378051773178,1.09193372583699,1.20017670159181,1.04319843050931,1.1999939178189,1.44466056026729,1.19433128049702,1.1469242351702,1.50706890661431,1.69933198057798,1.30939301503135,1.55626557595592,1.19198745585663,0.593947842791676,0.579977597214628,0.668640372932898,0.771884284179536,0.619605749677784
1.0476395243218,0.984808018519798,1.20198643895388,1.09830555067919,0.798117340908289,0.929916301739086,0.945021240419139,0.997436632254841,0.864696735442204,0.868929393113536,0.734023043504941,0.743723809724805,0.762559685339874,0.891354278015375,1.01814529373817,1.05448543824841,0.86338596011955,0.876424997125865,0.9023002226463,0.862731888694786,0.706101190591636,0.815474052748912,1.0107431862827,0.792762379186678,0.628833650583392,0.844443460775852,0.794666436379957,0.77102812542439,0.824198559973317,0.892579536597747,0.887382289423006,0.986303412700614,1.04600766448602,0.965529065086551,0.982315116390836,0.901925973738994,0.994167558570338,1.09470579400471,0.940743483731147,1.13886063067153,1.2580274845876,1.05069164764489,1.15303963142578,1.5581269560228,1.22699617440048,1.28171570152449,1.3409749763215,1.29879428043814,1.25221498572844,1.29975044850477,1.22361486998716,1.10331004685237,1.27743479752861,1.34069058985032,1.0626862440434,1.02605730011953,0.952740811692482,0.906390589803754,0.716616815497378,0.857679751108294,0.732632372173422,0.774926550100119,0.628588411416321,0.494666412183017,0.588076565901218,0.588113595280977,0.53520994371037,0.598395770984648,0.671437694895175,0.733761541748321,0.650418049845028,0.657321058963822,0.786286777093257,0.850563961480303,1.43110316565508,1.42689184660406,1.69897535550706,1.84486531800744,1.49479481953227,1.72575935172819,1.90709277491931,1.70805775015864,1.92285493399267,2.16206229641655,1.74362398132328,1.52994398621257,0.812976963040344,0.768394890300176,0.609619271363857,0.713148607589332,0.837334960471328,0.650662929700261,0.62833821885483,1.00122203272902,0.992608536126941,0.575659632753391,0.740316464271377,0.840159993733245,0.807833618158047,0.701272209427707,0.883052666929624,0.813275654967549,0.838340794937924,0.769570226511024,0.919886074173297,0.908153287892296,0.794104523123613,0.854580487552233,0.82027058431093,0.78653806942831,0.832671762559996,0.836447791501997,0.996533554277622,0.862120767897313,0.925516482180771,0.941916780794942,0.885068879067338,1.05664454316099,0.926235305941836,0.991640780093291,1.11230182497335,0.874703345329699,0.951817418623115,0.892175889437977,0.856292942043674,0.829600273385391,0.885439659403784,0.774325085446186,0.727189587510001,0.795607394633149,0.665680978456009,0.593221819349198,0.720611345273217,0.963204011358062,0.861790697113943,0.824647666879766,1.02322429768722,0.824469179054293,0.848346549722247,0.964689754745602,0.966271055894861,0.909975184324513,1.32185549555466,1.89000947991492,1.61217286704061,1.51058969624309,1.86168733767994,2.29371357486293,1.69473812132865,2.08692989847414,1.55461179217878,0.504297029944571,0.573725802824488,0.807928086159408,0.768938572588719,0.792357188963638
1.39365496618447,1.30822113397181,1.40135228631085,1.38666643621733,1.48951026028176,1.21367591878852,1.19014513436283,1.1734293682664,1.40540192638831,1.07048251131318,0.74612262401941,1.00747668008847,1.10635915343208,0.9746981776325,1.04944766882372,1.14217828062001,1.00594762839461,0.954679973243241,0.919013371077397,1.0411420062964,0.891770870340137,0.752579143580649,0.785965196025642,0.780536705335985,0.681388732257647,0.637034688733714,0.576598716354966,0.662585786531775,0.517563766645099,0.824444439933225,0.927692428192646,1.15409244037453,0.992948512046222,1.20332616949173,1.22811938309785,1.29079515933442,1.43251506854645,1.43305638932544,1.03972320705437,1.53482375621117,1.94213572658344,1.84950380437192,1.42761197110904,1.59174408709364,1.24002769137964,1.2358659411283,1.9023287525994,1.25819284543663,0.632951009194251,0.705289504184839,0.664064860444196,0.62086680278177,0.575191018961952,0.605044410175642,0.667870433463425,0.497750192680066,0.582336615061167,0.66811823173031,0.571781327813381,0.51371936470016,0.633972320963659,0.653695734959488,0.806506739784211,0.620733138485831,0.612165007092759,0.878600045567125,0.743705332581461,0.785689034804154,0.826202589346052,1.02489520867883,0.842674714035708,0.758992600987188,1.18430118789789,1.2057248547102,1.19085248129374,1.05443393985562,1.32163711183268,1.34490345205766,1.40042601735011,1.30910454626019,1.26969535237895,1.32964786956833,1.53772396102905,1.16080380421711,1.31053533324519,1.10287188215204,1.03588138885353,0.939633380179072,0.683174176182319,0.941434016348873,1.04029545178269,0.910041293312429,0.76551186825532,0.893429488872868,0.950304491903225,1.02534926053897,0.803586977525246,0.859162244456356,0.812794761933124,0.782013112462328,0.742807888967852,0.805306657538651,0.8352332361382,0.645266033308837,0.657961356031164,0.737351478780799,0.61824166133405,0.569646126407453,0.57345807851036,0.62413995165972,0.599696744235508,0.781559271748966,0.919171092389037,0.792420774069288,0.912501039717263,1.24434215972297,1.07843284134271,1.08761626607717,1.31210540293374,1.50543299543954,1.56480120252563,1.34267857040237,1.28425904702084,1.52531315366557,1.5642335897457,1.36763364659732,1.24505024997715,1.06185497732904,0.991875004914442,1.14400957766585,0.919639011993769,0.877617746691402,0.794750666981119,0.978062825596193,0.749982505279847,0.775117073873736,0.910657910156882,1.0605776827658,0.816513029218924,0.758642091673443,1.09393940584867,0.89002121268588,1.04666582279961,1.16943086791934,1.092506644908,0.957261217950453,1.29124815329095,1.36416409773666,1.09832836878165,1.24535227346782,1.12302745443011,0.674226680715342,0.604173960366557,0.637063450743026,0.772072228124892,0.731890710041027
0.725951137814026,0.960347561308233,1.27717668516034,1.29623842320183,0.969185680312217,0.979187580747443,0.958489723965131,1.10308708769932,1.06614026397076,0.891069992509312,0.979658981250681,1.0437567974285,1.28982125169406,1.12937388852894,1.39669126223248,1.26604166171605,1.17558659929222,1.20992984398327,1.21787467689526,1.10864865185327,0.911828602389447,0.69240053683625,0.788085019569018,0.666548926918083,0.554868175351548,0.672170873790988,0.491942351215466,0.454663500312903,0.486042418103848,0.645889768935166,0.450399158757243,0.434472113840766,0.657848580261342,0.667860473998246,0.46908190443727,0.463694242653281,0.526822678700251,0.700420057961356,0.586107784461605,1.25952847097066,1.59915572014928,0.935883178215449,1.56631089458022,2.26155448222124,1.88673202345898,1.75310621638846,1.54418997375751,2.30580226367865,1.68503661920652,1.82240688778943,1.85555976636438,1.24395804957168,1.67260820287814,2.22422413309702,1.3845864864714,1.20201451892003,1.44580885699781,1.20056813886691,0.878160187029849,0.787691690236685,0.963684974463426,0.729839441086954,0.768972293693381,0.591937044729126,0.567309417934249,0.611606883905024,0.569206376190996,0.654246158385851,0.749090898642331,0.800122212486488,0.853072317967636,0.830898799242133,0.964332377987411,1.02889000151959,1.27185670710818,0.715172706968919,0.841123285313828,1.14726811667033,0.845281568220913,0.891521767354472,1.57293652405129,1.38578065388432,1.64976586382605,1.85969747956912,1.46707413744904,1.23723053754247,1.42994338469784,1.426176601203,0.955297257162479,0.948964116099113,0.679934910233131,0.605625955318867,0.539114293254128,0.639584936065864,0.567956846451913,0.432596410258837,0.610756176861141,0.486523042670026,0.531029462230857,0.452468015923686,0.56908975099368,0.593286928310541,0.58287268748401,0.526909257562998,0.548417952105804,0.52355060701075,0.471683891430529,0.495990654788936,0.428482433568473,0.418640757072549,0.447098441623635,0.599760763811314,0.543191627244658,0.752001044468144,0.912335856075054,1.31700810372245,1.51486460272952,1.44917433581533,1.58582371404832,1.56792972014988,1.82629253744844,1.41806426359451,1.26285743880905,1.57717129933335,1.04476034077752,1.14285513933793,1.32345821314162,0.855760266137117,0.717941009216733,0.905127873266373,0.635111702570562,0.448762971697548,0.638293326727963,0.690979170303715,0.51899552180621,0.552517428521496,0.73140085413403,0.642900763129051,0.937882517618001,1.14101157475386,1.17462717727052,1.06036773771668,1.31327458616372,1.74598889798521,1.46458793388556,1.2679523933093,1.79293225137174,2.14192953171803,1.55423251713868,1.94592410750816,1.29992758851433,0.460258795487471,0.449794909637601,0.546554338105299,0.597892251829763,0.569316004484137
2.35592877633119,2.11172170651715,2.33348107919969,2.30986352377758,2.135564165624,1.77102695483912,1.77028543306624,1.60519671908854,1.55067928805499,1.36875303778528,1.05417896393245,1.02843623522414,0.827694329592169,0.834160317393702,0.757388918376703,0.766069757263646,0.674911375526309,0.702331661198244,0.866791953046235,0.913855991420783,0.658113102511769,0.664975260578986,0.788208760127409,0.634957693500314,0.482027355962728,0.581292138638544,0.663165650198488,0.637252027595643,0.646324270125477,0.86538216128175,0.829965012779546,0.630664433804714,1.20297859958998,1.11332767585661,0.717336031221015,0.748472239550437,0.729310843724591,0.693749725912281,0.689973912950613,1.17152154793707,1.13800839155798,0.797383705127203,1.07466918920162,1.45680522235141,1.23655084220844,1.31299969726719,1.36340408528132,1.77186736129143,1.60687877175556,2.0751496222015,1.96545574116262,1.74486212119104,1.74333582394141,1.92866923594876,1.49801703905109,1.09289601156128,1.29031557048011,1.15890341080695,0.672628703882937,0.732677452724031,0.770501887941364,0.564971248695715,0.515294565347329,0.419400477370811,0.435730003445296,0.514390994196226,0.413492683769983,0.363755097657234,0.503004023993955,0.5411190663345,0.461163189538588,0.525304131764034,0.850055591721106,0.904720745458101,1.30192456354463,1.18554147358318,1.37157858068896,1.55345629858441,2.14762413008627,1.59448062634294,1.68905769840336,1.61380710002533,1.66076919750105,1.51161626369141,1.46096179319256,1.08306231202787,0.920012973982929,1.0266609625536,0.696303878976081,0.609333583450387,0.736814907682425,0.655950747891662,0.595951713413542,0.593582043800679,0.630180856126479,0.670305469044762,0.554444318162799,0.583695937024931,0.474043790993071,0.526229579181314,0.751797102826195,0.680994999826763,0.554550487778278,0.581278736955476,0.64996274925554,0.635600117841211,0.644529470777232,0.683171550298759,0.796572283715999,0.763922447732437,0.742319181206669,1.01621876603283,0.881095840785061,0.815181639817918,0.690210019221891,0.986509304941822,1.01575718010018,0.76843596660117,0.787750520045358,0.970091306142535,1.0025000075572,0.840785594478103,1.10397960588275,1.2303506193786,1.34272939988369,1.4358121938803,1.26207639628128,1.243090303935,1.36011594018821,1.36574774222072,1.0608303417096,1.02088406584833,1.29785840851376,1.30058648395344,0.920922738834772,0.865974971276257,1.23622032371012,0.832944681993446,0.767010452123752,0.836886714063372,0.983405470632964,0.840053364280742,0.930222695997176,0.963367714453829,0.957606727685246,0.894868972614459,0.895322969210027,0.974701559593975,0.798620312938102,0.929528269475162,0.838722257462938,0.4698412529295,0.479175206588733,0.495056334471151,0.522851750516353,0.504307346242743
1.46022090028056,1.36093861560124,1.78177382559891,1.79140280058821,1.58537959471035,1.16776094932849,1.19959505089265,1.46939760818041,1.32373544139388,0.991829790802134,0.834120880909734,0.862043854270007,0.973930938122057,1.02352684680635,1.14523460648117,1.11462264674085,0.976073472142764,1.28516916718929,0.959840538333761,1.06683512790557,1.00966344903141,1.04954587498241,1.2746966590511,1.02849519568711,1.06607486954104,1.06545378924253,0.947214646271371,0.837736025641831,0.905339207716288,1.01976893212637,0.908798564093964,0.971750719138026,1.01833249200845,1.16849996702127,0.823820651764853,0.943073867988089,0.969353155148819,0.763689148903273,0.631807100965774,1.0390554052062,1.27669814432656,0.926844677439852,1.16121044226007,1.5011576985842,1.24520359306278,1.14602088494476,1.18867134499034,1.401223656546,1.34803449160627,1.04408933557548,1.13645308748005,1.09686208978638,1.06781266756624,1.32348585931944,0.979873448330192,0.978363651429752,0.960102018646194,0.785887842928128,0.750502711107533,1.10351694770615,0.958101332474872,0.817830310032545,0.827609535613238,0.933741481171095,0.862586702143386,0.880865185050918,0.760692439060004,0.887957916040522,1.12310233969175,1.19475261033956,1.20166539205145,1.16327559448576,1.1048239970745,1.41764316821286,1.1866544416383,1.02661339527232,1.1473373654354,1.42446034661602,1.38245474619154,0.974208968363656,1.17437222562209,1.13350059469521,1.1149218683017,1.14494640271888,1.10865980855954,0.813310617305269,0.821914624295762,0.659910040231526,0.765859752801727,0.922637080968944,0.862217604132947,0.694186215579302,0.713973818263324,0.874596939815429,0.933036933501228,0.627419291986247,0.627163662554554,0.64899580729654,0.819238468167769,0.773474027318247,0.752080585423517,0.805021948409101,0.799101397751445,0.624042827014951,0.74713437792407,0.914255571269951,0.901414074601513,0.816244481935917,0.822524835765336,0.767098063949704,0.805767543247813,0.654881614179996,1.0210245151589,0.94337446594391,0.928047546803745,1.07480191995747,1.02983689321742,1.29085180636512,1.38927342781299,1.25598831749089,1.61038008777632,1.08352196502475,1.02252946210271,1.1263833509537,0.700972487242538,0.861139168585104,1.01272628167402,0.70010342992178,0.559111328199966,0.968762277368479,0.601397556793206,0.477925619932115,0.476067482759252,0.610635024975901,0.581534232999656,0.600875760198262,0.648732127445136,0.716472750382526,0.941855717577209,0.863107575501745,0.855533087679283,0.723818973207709,1.10099126410666,1.28394805244051,1.06641096252038,1.13306184372647,1.40529966275385,1.63201607107303,1.39408979921284,1.76444290355788,1.23664812160552,0.636624667539169,0.666637896819012,0.601091120754942,0.593418274586628,0.650637374257083
1.52743927050867,1.45907896065669,1.86505062902272,1.87064668550977,1.7303811321443,1.35825777401341,1.32705211621544,1.52459972724285,1.60241390056613,1.23129234971005,0.887831358168686,1.02967358102591,1.01869912703982,0.975003347771781,1.07428168172601,0.999460563483122,0.887603602503521,0.866758600307719,0.964663435683567,0.869544818830996,0.767621613479292,0.926998428846667,0.85879967284792,0.734750013884899,0.646490537611794,0.744140634864765,0.461070684568891,0.469888168960253,0.457548384996253,0.641275433676936,0.647704729761233,0.653117341815967,0.769211986357637,0.808934736929982,0.615541159819794,0.769977507875146,0.74648808730146,0.754957815610831,0.623960315026108,1.0405185357866,1.25304324487521,1.05846525994027,1.02258440735366,1.32501935752938,1.31161391734879,1.1713035055073,1.21167225382416,1.16948023906756,0.728695169846164,0.75135149940745,0.771155597003945,0.627187722024239,0.641764618605487,0.74302816055759,0.94492689485791,0.758917019074697,1.00939734641778,1.05514668031032,1.03238955238174,1.05761645035855,0.86465347801944,0.843038779113979,1.00270878650316,0.808890167475499,0.817173965904768,0.677286610870891,0.528238285175082,0.570487202176625,0.665981679851567,0.588900491064535,0.706172051063828,0.658158871365359,0.672474202795095,0.650636411574601,1.23243435614599,0.949609447266913,1.09072227307077,1.28657078273141,1.40903905932329,1.10321479892307,1.5781029973559,1.42429107939038,1.96103959907774,2.57471115328795,1.90471048977918,1.65754912679021,1.66972950145838,1.83377432640181,1.42532488373361,1.33030111595864,1.70222804438633,1.42263463429074,1.32381159733605,1.6381474784021,1.83583587697509,1.25298360322075,0.968141293662363,1.02947948878977,0.904444042121966,0.728806085073324,0.693009214829471,0.616044628433841,0.525715115543405,0.49614578358387,0.505160977858309,0.390485704202673,0.427717754951031,0.533258141953968,0.470252476543483,0.452181708485261,0.524377964489759,0.715448192157706,0.602198085197288,0.605971053321607,0.701854073588962,1.08080987066628,1.16039440920336,1.01387918520773,1.37156263090909,1.32297413214904,1.58758921331684,1.2571127808552,1.22350061465951,1.50359655188751,1.07883396271451,1.28048288465731,1.32813489134097,0.857145067721257,0.9649822210654,0.947646340632971,0.660408771811937,0.561116894665339,0.667264052865438,0.63556071330573,0.513907536435228,0.617217648439569,0.731937498255806,0.655593822764482,0.612331636862538,0.677304869014743,0.784445311523413,0.832669654963241,0.856778624870465,1.25424615279535,1.23354545398978,1.26627880243441,1.33293089317974,1.61311412228626,1.67500824766283,1.82083652560102,1.41892972779764,0.637549640946922,0.631144069190905,0.607718753381204,0.713547677787037,0.604221798687389
0.720089901157902,0.718846502161446,0.8234546646436,0.81740482129065,0.528399779602753,0.742656427422145,0.805727649612869,0.61560574643865,0.714916533787785,0.638956688778021,0.819062301934544,0.790323846969263,1.05047151901165,0.943871417510193,0.943430638818751,0.951389037662783,0.838952647897431,0.787605577939692,0.808505121915257,0.699672381325928,0.69216349008504,0.538039986728562,0.530809744512833,0.497565072675002,0.512660041968797,0.505745527175796,0.466092985915726,0.577335008891244,0.507880913995836,0.697297315196026,0.800140681869809,0.589384170625764,0.962149053693209,0.954105561607311,0.680000388700846,0.748160835871333,0.685621715543687,1.26192821862093,1.13423734228253,1.58261015922039,1.77985573620282,1.62784855156175,1.85978003824076,2.60761720597733,2.18960527365161,2.02401645711049,1.87886342429334,2.21353760162898,1.46613229390393,1.42473546114272,1.41637057195636,1.34029745905469,1.28469374231418,1.38734901461735,1.11196687750333,0.877515220086855,1.13580889366936,0.837951069462448,0.638539221071516,1.16622850399776,0.912922262659913,0.619501334094083,0.678398569456248,0.858265955844774,0.611962712418833,0.681150506866774,0.523066252067945,0.613744734236668,0.693645829453151,0.784004958121041,0.84020734165438,0.898617096838214,0.978048192842265,1.00426575252919,0.981000828250676,0.851680505565185,0.933607704434256,1.11273540300175,0.902360299749353,1.00033666184152,1.01991730551561,1.09048822835204,1.24974806966076,1.26637504765876,1.17559306347753,1.16022247299097,1.20334323894978,0.892975266119808,0.957197896535313,1.11690567126073,1.07103466482015,0.921421210685045,0.946117856533126,1.18237537809595,0.775031937778879,0.873342173331253,1.30308803325362,0.941714063837436,1.00222230301087,1.12825100439754,1.08775168933305,1.31202135423774,0.969234024969869,1.04635408653691,1.13887635828927,0.985715585502631,0.84982204188824,0.91468950473432,0.750000297618921,0.704009833284287,0.618606484094845,0.653889577589581,0.723028739899365,0.750586070912458,0.745219612052812,1.3805527873565,1.2963479443067,1.00057068841908,1.24233756138797,1.53918583507452,1.45870761836885,1.3231574201371,1.30821040001262,1.59714928231601,1.25534395206238,0.997725050698636,1.11843157569833,0.919329939967824,0.936030354118054,0.777544329424121,0.751630121292884,0.638167500117023,0.766473255111875,0.780820063952289,0.835218282013053,0.858834517010684,1.01259767524626,0.878670435217753,1.27384894777114,1.21899979384307,1.11150571704361,1.0820324753316,1.29133638604829,1.23816485979845,1.0208588617431,1.09518489326386,1.21655068073931,1.33879877476816,1.02055629473295,1.10328796282588,1.02796105255771,0.604282546489302,0.625187319853229,0.896705056788047,1.2138852192427,0.989139480203834
1.38699819513289,1.21801957053564,1.24284934674063,1.21870792843449,0.966557144013208,0.998714189002438,1.0821018484582,1.0040059119163,0.824227234906239,0.895581819175408,0.858360069271238,0.82164538379698,0.939699452681495,1.01574926470188,2.22737157486634,2.39787760921103,1.77260109069361,1.91799930135898,2.44999735214835,2.49860366322005,1.6543637985655,1.60466521668253,1.86547671872375,1.61578910158304,1.24390655489697,0.685988658236733,0.593986161213725,0.595822457646963,0.681995075861715,0.833389043706572,0.694716759791056,0.730473469405433,0.863353342777068,0.95731323166032,0.855513631707377,0.903313074677406,0.944954474779439,1.03058818126648,0.834419266863867,1.08885928486774,1.08947166499035,0.933176112859855,0.98582001347366,1.12734226456861,1.07556610888521,1.14569856826189,1.12773199702041,1.07904424737821,1.05339943878139,1.14853592606687,1.08486399423436,1.09836732724993,1.06443187400677,1.03403596743233,1.01458447906321,0.786538065395295,0.956019565942972,1.11170008295105,0.784677090164496,1.19775914132666,0.931278943689973,0.841120668553497,0.984517180829095,0.78794722313277,0.69871439746992,1.44982548699226,0.689226016630961,0.626335706563699,0.66014779376451,0.725113265779531,0.696864190529789,0.702709692713943,0.695481119682932,0.779809101041588,0.862244827197854,0.783501467623012,0.880122999691871,1.06436226809405,1.1230507779654,0.90923937220893,1.05153167603536,0.972442141898725,0.882841419626002,0.769234485441628,0.714397207647749,0.607002198694409,0.707642725639336,0.702619704391297,0.57145889092015,0.972832393811641,0.61153645993,0.449700464164908,0.611621606870692,0.837149998542055,0.560771886559265,0.398969513187481,0.433607783689205,0.569397407425613,0.660805287406944,0.855413672309293,0.748476802209228,0.752491820964274,0.742834003546802,0.692094253757176,0.742248777418911,0.948228230390967,0.781209943453295,0.722017681083809,0.698572978260191,0.762935666122616,0.559717248594829,0.484305732872146,0.743394969965764,0.849041557345416,0.818948461886826,0.886607686936501,1.1066274186149,0.950066759161949,0.891870452407379,0.920414653833614,1.01353280192391,0.869602267212853,0.862655719015187,0.805816311164422,0.661674613839047,0.755386151928725,0.805705375328997,0.725635016674561,0.652103108360946,0.84424475889383,0.656838336680749,0.637763727682869,0.639178869029425,0.794936874767996,0.611588088300896,0.650105273173691,0.891303517355355,0.693353608953481,1.3617656288569,1.50610636908829,1.4377258037923,1.2774823008505,1.68427304664901,2.05818569580787,1.58230202193921,1.62767731575645,2.2637265107739,2.90640433236512,2.15361463387378,2.58605486326543,1.76431679166247,0.481539688616685,0.522082880570922,0.55364036031802,0.57729251272282,0.534370914396828
0.837955784601839,0.876713302097439,0.981672240698889,1.01319979476793,0.930027730418645,0.841809994797325,0.823029449044204,0.84888515458598,0.903693895215486,0.837469553856966,0.846417226800754,0.916164814341964,0.846486655933509,1.08404035062667,1.13704203678655,1.02585471680662,0.957367105505691,1.10608053335723,1.10460652635275,1.0712878105942,0.977079880350236,0.898343019383127,0.905499321175399,0.859733623229003,0.724422433821405,0.868189008717024,0.601605407008402,0.691655380373328,0.692240585555511,0.868357638312468,0.856370470859398,0.85811342360346,1.03653333701366,0.989202643329004,0.847229384298569,1.14636088932853,1.3465533810371,1.40804942601745,1.10854885190897,1.51312562444957,1.63049422576313,1.26928137722237,1.53589624393378,2.24888614691976,1.7986613908762,1.79648570471754,1.61566545463556,1.74117706358363,1.43267006668725,1.24115648297827,1.22735280312022,0.96889117835879,1.12518110483951,1.33311296348381,1.27765911822777,1.01687947659163,1.15942356307127,1.18121626481088,1.03934082188325,1.13985360766792,0.953614123773109,0.920457782814546,0.963154474483984,0.843421902425099,0.916196393982564,0.973607685899178,0.848094628509222,0.872458332176944,0.898172696775585,0.976823263052422,1.08372995979533,1.15376051066112,1.12020628617004,1.32967313227319,1.47203341675956,1.11977043180953,1.13409279746073,1.36332961398028,1.00927632300791,1.23000257006762,1.495845435273,1.37986382585426,1.61706991403314,1.93713401178045,1.75783380998447,1.74980824393681,1.48300953587672,1.33093559968032,1.1482236936695,0.846891914700801,0.933956934286056,0.784621900305365,0.743561864659958,0.999887683680369,0.894779418284526,0.644612641315771,0.842557752297794,0.75639487240766,0.642644286699253,0.600182054329034,0.532293421179008,0.634531941824242,0.688782231017621,0.651187908576866,0.71411869260547,0.724762665100872,0.65849253553965,0.554931045065352,0.645329590504233,0.670785767859463,0.59621814715927,0.584715544133395,0.669174570247823,0.645063270096773,0.704118078897451,0.733864060642189,0.719289689571015,0.879991930297811,1.04892971506229,0.892093517815143,0.990536144631479,0.950036463191418,0.823800032444536,0.950993271058377,0.817270180180068,0.952301027703567,0.846189046579074,0.655647348490288,0.706922935724037,0.803655616238629,0.637431699720678,0.747695514719955,0.759775706420998,0.715573368250012,0.709500725725174,0.670677177049587,0.739835985360574,0.729133129031724,0.73474414940746,0.715968519799032,0.925161362815394,0.905304463945411,0.921594230989326,1.13822479444809,1.11332175605535,1.09916511031584,1.28294519358473,1.54725768035511,1.33980800296597,1.41355217651959,1.23562175237141,0.801067482462444,0.765946387987459,0.654529543759649,0.637496806804485,0.874645704429129
0.910428885991438,0.696997666470674,0.799081680880055,0.783690824001556,0.724587451035921,0.648366680674203,0.747616262415943,0.845636739460983,0.800885328633521,0.867414445854059,0.828049224593564,0.978923852332662,1.00552941209625,0.983848518653157,1.17358566736976,1.16427688965208,0.904465328985931,0.980837673767175,1.19648882421829,0.986731090335795,0.827297427137367,0.805558573403758,0.883669678880891,0.640380026324041,0.596118852067178,0.936914568754652,0.669441559668697,0.491886030668051,0.825345487611149,1.10588803143124,0.765597125069021,0.808499164796285,1.00425251736328,1.03711484501323,0.92838565814884,1.02729224236839,1.04920796667536,0.957123519149374,0.869943346782412,1.1687027217822,1.41305958442103,1.11065106034247,1.31152000999138,1.44090824100869,1.42405099951037,1.35010274180131,1.31075327442499,1.28038264824623,1.88231483227125,1.62208602539374,1.90826415344987,1.75262249836669,2.12565130128246,2.19399396549547,1.64358545118605,1.71534690310231,1.99805406943971,1.87247162951331,1.34262099234527,1.3857319939256,1.35129734138305,1.00694191268737,0.989626316302728,0.826383981477315,0.718680548124071,0.710462832570956,0.680279215237378,0.591549442632293,0.715180013597148,0.717588155330495,0.692522387615004,0.859967598755756,1.04569519117554,0.842914903220629,0.957265318509114,0.978553092361587,1.09901173296491,0.988095685065524,0.953877657037037,0.953883387001087,1.01891507213124,1.03986757508734,1.12420016458054,1.07014265642836,1.04222494569579,1.0250794825967,0.944155135324766,0.811570094402526,0.849592258172321,1.09359274710105,1.1331707067272,0.74008507297057,0.886864654515586,1.03624383928564,1.02756013554524,0.630440190256921,0.729041148962833,0.805835584126594,0.894617916217444,1.04761203608132,1.17224027371095,1.10624340247025,1.07129177267367,0.81953308694435,0.931806651541759,0.882400176079369,0.753507472337594,0.730703213805032,0.643555758136843,0.732323014065199,0.598147242990992,0.586230451222463,0.636075949286655,0.598654764628511,0.725892303455639,0.852956138539093,0.923184122281536,0.792699767446075,0.991115001660458,0.953811979000945,1.06720867370953,1.02300236355002,0.845256332224262,1.0282380733225,0.889856958843408,0.652453467170093,0.755423605647834,0.686409210544521,0.577173503579197,0.56799919306315,0.674297385378548,0.491754138230208,0.601495114315832,0.716876364033308,0.678658275246598,0.760133200266174,0.847164040387569,0.894117213049826,1.07592604298548,1.34096242619489,1.24763804005553,1.06554267102597,1.40180529843902,1.56401396984101,1.37669873280299,1.34613568387329,1.51105370475325,1.81899619708316,1.54693756948629,1.76540441503093,1.40783775537678,0.609973403898755,0.61702196835762,0.63230099604891,0.598246885471747,0.672792289138843
0.861087478140125,0.691939488944365,0.695780708854044,0.697961475571669,0.695617680757614,0.722123452362467,0.768618503153367,0.675963602592457,0.700863459147218,0.647583208347438,0.648149971569426,0.662898345076168,0.885317297009851,0.829624537129023,1.03675675723298,1.04407483253573,0.966565126234556,0.991048271937147,1.10659318696968,1.18909860765278,0.915555114858809,0.917458622912952,0.975151483368915,0.809386985004408,0.661283462546551,0.888012349277649,0.623293605409634,0.574981199672697,0.61641181871143,1.38314069757652,1.24857450709107,1.25463894027428,1.28076095725343,1.48530887641591,1.42031011367832,1.70427491857358,1.62828247145594,1.86686191421904,1.37460886520239,1.415891759001,1.76258720898791,1.44873655515206,1.04080644264985,1.19705577989223,0.966981943159703,0.960121422032665,1.66295164565104,1.23887612784038,1.67582355674853,1.57732371097386,1.94378163297396,1.83197246940086,2.17131951052857,2.13203344812005,1.42283943668775,1.6530191500989,1.838677209335,1.70406453838939,1.06654229406643,0.979655672553222,1.03201306503472,0.918136535193838,0.764172217790127,0.614618563240392,0.613038931003041,0.716443337786422,0.580474130820786,0.583348705526144,0.60718667619866,0.710276883050694,0.703090106197986,0.680609802235238,0.823195806616236,0.953068478087528,1.08557830418937,0.80052663705178,0.973088481941425,1.31263003599201,0.908430972342424,0.99500715085785,1.31818005527069,1.17782389056298,1.46335885227735,1.54034893640802,1.23441592875619,1.0169896524868,1.00247497740954,1.08598947587342,0.79300819222523,0.956881453163132,1.05897003147058,0.695911553830693,0.702983910041606,0.929562368948414,0.94031775868818,0.624733280035986,0.651928591060103,0.615797954091089,0.834812876922935,0.945983462196206,0.89804801690539,0.994623148004988,0.923752341892636,0.721414253833572,0.784639051047886,0.876191240096481,0.758618721550573,0.687990525796524,0.587562129217971,0.702028083766664,0.668431374104965,0.671202258884145,0.787705309893511,0.825220206264801,0.721645446554061,1.15883233284331,0.930284236195349,0.840686594057474,0.865122181840272,1.36177050018038,0.998925330005188,1.24625285741536,1.10745003632323,1.60585401890997,1.54054843267832,1.11699015122399,1.04773709044649,1.09995517478447,0.977422126061794,0.962870731094028,0.850146096362386,0.545169861473465,0.600607637931117,0.636345516993037,0.488171092198655,0.436003365786232,0.668017352258765,0.606736766657399,0.812073502252131,0.711350116930719,0.811241565372662,0.706357989465707,1.16236916401931,1.12732034632423,0.99536375549338,1.00810175737928,1.36318238505404,1.5516775063691,1.35789588119805,1.62147302009857,1.15864700472789,0.38972823374398,0.37524803780136,0.606505468081464,0.627309758528314,0.510750483784172
1.9748099749662,1.78300925653135,2.22006570269541,2.22756806786696,1.73473936953199,1.5797772629592,1.41962592909764,1.45179920787027,1.34808263340689,1.21667988951849,0.550661665705816,0.411694343230801,0.724449188658472,0.46084380184921,0.446063401730164,0.515415289534425,0.522074688282848,0.609872003645652,0.544191830348097,0.559124846481527,0.645506933045897,0.727410521430103,0.649943739974373,0.688785142342972,0.729385285904903,0.649992256233674,0.804033202805914,0.896972323037428,0.761619555206407,0.873773048144768,0.981282202688476,0.940640964263101,1.14860753048736,1.09816728015277,0.975812945183089,0.991187136069268,1.01680534263114,0.889385437038761,0.813739928290332,1.2533799967208,1.28700411725685,1.04270975968893,1.1901642026625,1.51584395436857,1.29262204435685,1.32508443809758,1.43217488488481,1.53929516382625,1.20410822640921,1.34844234029388,1.36590266856546,1.32016809460441,1.25900498310144,1.2787857211674,0.999272468481437,0.794008009404574,0.919257758031143,0.857013468001546,0.60874340404444,0.644418254008024,0.712595575017886,0.57475367149111,0.619270694496263,0.677722340700307,0.662882230814545,0.653001212449534,0.618121846490347,0.617535980714372,0.921652856492403,1.03207179503281,0.9547489107378,0.936854595007367,0.989859519471043,1.52846923495097,1.39225271354422,1.02886860381211,1.16346300218151,1.61674389329349,1.69854845107937,1.2241554483567,1.34827074135108,1.45731889363042,1.03188556029582,1.1050758971333,1.2858014519255,0.784015737888373,0.785787742041953,0.784989077756717,0.607143711520384,0.644177409752313,0.723442562753282,0.590192681195018,0.589578712375557,0.692496124036932,0.795067279809842,0.708872935983432,0.670206304028331,0.694812189625569,0.658672356651011,0.698244799277052,0.767009763454459,0.865980530868053,0.840239226763648,0.814457387053212,1.04845616487602,1.08288041679178,1.04192452907797,1.12294535989009,1.16465340814512,1.1062693723529,0.975476489309862,1.14688635844261,1.26591278063329,1.03369668651169,0.900387822920683,1.67007839306263,1.35002118531874,0.853579984094168,0.99799864361058,1.6923627910593,1.20088975489718,1.32214131863533,1.43489213284367,1.87546156694005,1.65121306516334,1.76706388599653,1.53212527809263,1.3490584063193,1.52894795799752,1.47468346899733,1.18106236239349,1.12170862879833,1.03678671067431,1.14295588771263,0.956881212921077,0.879826376599671,1.04024171621739,0.845760867737934,0.811655693073536,0.73866086615355,0.756983772119745,0.655315900035306,0.729904888674782,0.607067597550131,0.554766571504608,0.723902039455706,0.524113323961747,0.637587323221982,0.674650240350931,0.785334460314386,0.770154633599435,0.585829925928536,0.460043763114593,0.474236336464618,0.583140472543826,0.503106466773777
0.484125540375509,0.471402322240963,0.611530872275105,0.606891646370443,0.617462161766259,0.516381518250445,0.491441621109922,0.516730031012963,0.608232909238563,0.632169666032732,0.608984912551554,0.763665431792157,0.820836750327336,0.730537059917593,0.959613447700331,0.908526923396026,0.756750178522226,0.936133942531755,1.08998094291729,1.05158056162673,0.833536198189917,0.739229978071817,0.630324098962096,0.598882970211398,0.698683898935687,0.687846598728902,0.639790345355865,0.665415834555709,0.621876284646564,0.888727194537394,0.893106269826825,1.04274286433579,1.97730224857774,1.7334672472589,1.20523947143064,1.11756871565409,1.34133714376675,1.28023758893369,1.22594433054522,2.50591419685713,2.69999134285477,1.83558041719553,2.27388760807937,3.32156634358289,2.72976252340466,3.00059399321631,3.13891994649253,3.52485939453314,2.46065614844691,2.78790744272104,2.06211321174474,1.74763128789346,1.85507563625309,2.18577491451798,1.93184921675548,0.8343042051408,1.067532448568,1.39078002178087,0.879386275657676,1.73540218085501,1.34606525850652,0.757849190058842,0.842294180328156,0.962359508748124,0.696131250793236,0.858892910055178,0.72213119255332,0.691904373977347,0.687409037472907,0.745417555450313,0.722272810889313,0.639898240636119,0.968010055390372,0.891773156179624,0.980708032731086,0.780963961196881,0.891684164585722,1.00173054489174,0.803024990008836,0.771149084898083,1.11582471271151,1.00545168443824,1.17531523056095,1.44917019939502,1.34581135563147,1.0427697197782,0.732314245008352,0.762118021712028,0.665594262151776,0.567402554176269,0.683724795969183,0.526855520919216,0.6491222752085,0.866614740105622,0.81812670629597,0.410842725484188,0.616157884008984,0.662355848065087,0.64998712177745,0.822154458480105,0.82988232345882,1.17484217658799,1.1812160529239,0.841897321816297,1.11832966524404,1.14409581837439,0.940624801013356,0.791346704534255,0.918724985713111,0.876549515968646,0.789472342564045,0.814757825850217,0.953774609929089,0.800990868370559,0.805860668707677,1.15184728386994,1.10912073754176,0.999942532366548,1.08882396854874,1.15551510264178,1.14635249688775,0.899232684032186,0.953049140755186,1.05785023481318,0.812873476460347,0.733648232095027,0.774088453752218,0.592746998421651,0.605675516947956,0.538779874149531,0.545394569116231,0.447691729020522,0.279226913965515,0.362936434087053,0.558432889882612,0.492582731061598,0.254652941190418,0.551247369904986,0.54423616751303,0.30179292877642,0.437030022687078,0.49931985827449,0.71443318364135,0.781279500784537,0.799436719489643,0.863030642074517,0.910409463549224,1.09241032160847,0.889390893209315,1.08530031304235,0.983603497983564,0.524498686253553,0.552851545459866,0.60895699831905,0.464478358614422,0.55035286588785
1.83740503514032,1.46230022082492,1.4039389518985,1.41804873913874,1.30025833309476,1.06789775561955,1.16763686259148,1.04799637675188,0.743237582109009,0.89918622849204,0.872927268619095,0.960925696607231,1.07152268545411,0.882393872976436,0.992657357228376,1.04469036010003,0.875416686464531,0.876911914226355,1.00964590439432,0.945660213281708,0.708429376819804,0.699520886498614,0.816260489361462,0.804179406043685,0.623025780865449,0.481434350158311,0.638315008128547,0.509654379324484,0.608525467112344,0.768454486363868,0.682513683687962,0.658592918973239,0.833962438925464,0.909325025214673,0.666596522607668,0.771011751300012,0.845649093671753,0.865581231352768,0.740103112300659,0.896073400385285,0.995008983476263,0.831035917360995,0.750179934072941,0.946968259420878,1.2594579266077,1.15381090366687,0.934710778033156,1.17637800629927,1.09392958916757,0.999866675064787,1.06070275525868,1.02917710286125,1.08001745000376,1.14521742568103,1.02744430694538,0.837665697783191,1.255574099402,1.09723917741262,0.971781842990457,1.01022832898945,0.921977514146225,0.696102064362776,0.721492308772083,0.717340898634676,0.563320489124602,0.694645879210324,0.417881661146558,0.419595906427663,0.585810808712785,0.472100545477258,0.680989985755733,0.612640023884979,0.758258429936209,0.890719776993932,1.15874225868481,0.757530661322156,0.710490169163751,1.25519977063731,1.31875368528963,1.60142030349651,1.43526992550705,1.18613583575199,1.71733372488895,2.01592895653037,1.54258349521868,1.32681500182198,1.61147924908063,1.70318596254384,1.05433026254434,1.06477935385119,1.11904460387204,0.891608122234555,0.872176443744236,1.0394407561379,0.892381292919017,0.668871658727506,0.552292663215306,0.68749941852887,0.638046129416371,0.934545284318859,1.04020496893434,0.855076339640814,0.665150854677679,0.777841908426581,0.737799338618619,0.775960656363976,0.6902324996802,0.763883673349374,0.652191830368615,0.64531002182711,0.603302061109142,0.635430419288991,0.795147614887686,0.884827133935863,0.82237364779531,1.19972071360988,1.40912054203482,1.20372190625658,1.29089606716491,1.26058287287669,1.39514196247342,1.1362805195223,1.16980572525301,1.26611395688279,0.757636000503608,0.944474004326833,1.03776591116577,1.00603722584073,1.0811134598418,1.16411129465739,1.2033964578078,1.01633489710494,1.31373809716471,1.31589740826803,1.0525181108075,1.29747082451441,1.56998214702031,1.29357829196315,1.32654672254796,1.56777198965661,1.50884200557094,1.43017221832966,1.36563127587871,1.43945210405821,1.35657338997477,1.31681836107696,1.40376409641626,1.6274873285891,1.31103961689449,1.4603920753752,1.28357165752167,0.595011925416962,0.53435404515818,0.578068080969997,0.661612776203736,0.529695667753563
0.775438575860132,0.957399657824988,1.18645547667069,1.1536865141813,1.22880395982092,1.00076716698808,1.14768858777733,1.21438147294754,1.13228231746408,1.03493505430517,1.22374370876821,1.22276090668925,1.15470496790356,1.09668699843622,1.41772734639386,1.41646009146271,1.24449062591094,1.16828136336688,1.49434191149054,1.38124408805741,1.00315248360966,0.999315577047244,1.14798947673878,1.08829693589714,1.0182701618988,0.852467703515992,0.844057065814395,0.857140581498347,0.737878848732816,0.986418366483687,0.938217823588234,0.849982342573637,1.15088101426904,1.28577907787218,0.895793622318032,0.972254931854287,1.16125924992669,1.10046458344477,0.890451014415488,1.24447520396018,1.21187381604813,1.04721683903818,1.15748370555937,1.22518851733537,1.11219708019817,1.10124400010193,1.27402083894778,1.54707380651425,1.17217950166359,1.60946516935526,1.47514487228118,1.33759192017961,1.25482030000359,1.27072595842273,1.15369641187203,1.02161869538945,0.834909215245161,0.765676553118405,0.624827712094101,0.634575925319824,0.6662811023687,0.704616535567436,0.573218760668276,0.579987825556719,0.758171252710667,0.877438620044119,0.604639766246945,0.586074123104709,0.492560272837398,0.417129601697016,0.48797428173986,0.712834275852846,0.722697550946018,0.737151662837903,1.32296856757288,1.20261287875383,1.31866162019083,1.51355685640819,1.35638182037493,1.49792378800801,1.81293029102061,1.67548622829971,1.54658522605464,1.9460340421553,1.46966681713346,1.39691484100398,1.09873151158426,1.11962520832812,0.849513765106409,0.902157375472778,1.16039299955052,1.07280659179355,0.880674906324434,1.0983912926571,1.25891795986721,1.08944317025543,0.989506261681296,0.97212233184698,0.812852027645729,0.508633197053734,0.399214183079865,0.396628679185681,0.555764565953258,0.55890818310384,0.518335148357612,0.466550541512066,0.574726016039832,0.525590820896768,0.634632939894189,0.80094181584864,0.636499549722923,0.672392978314865,0.823701268621336,0.88306866664482,1.00148335401843,1.11752854662389,1.21207839926905,1.35753706144144,1.38057575457739,1.29962197683603,1.37700876375397,1.18372512915359,1.05155807879997,1.15981957723402,1.08604771925431,1.04191874719119,1.1365081433482,0.936872437237015,0.726194983696346,0.881295039766602,0.651367844876862,0.627410168865844,0.771619399286531,0.663379447580545,0.470021895085923,0.543832718155839,0.561482154099453,0.505868377596802,0.484379365873358,0.52469678064702,0.898846421646112,0.792857922110351,0.94745877726926,1.17666838569963,1.10688094784196,0.99571066887481,1.29420096338775,1.67217019666525,1.31164216256832,1.58315408482884,1.1225910976166,0.686390413239809,0.642842180061791,0.690024657124845,0.932238259538965,0.642910735290592
0.851964475427014,0.687626000957774,0.81676867419499,0.819270393637231,0.827640425027127,0.77090117959079,0.750757211439679,0.819619580915221,0.673191538097352,0.628052451177886,0.65689789303486,0.693019279362249,1.12517124263974,0.672986755707649,0.727568709449428,0.943977468188527,0.905970170475021,0.797492719173777,0.795563557878598,0.752811789365322,0.738272070867736,0.738096932545594,0.668443777839358,0.892023336257878,0.773298469249928,0.51327384125022,0.918987390581284,0.868281612047577,0.557178010388578,0.518414055697251,0.792430128000584,0.73233797770818,0.910554992786993,0.744284712194672,0.64385495954926,0.742166083222534,0.847518439164076,0.867966433205558,0.73424325622241,1.10253796858511,1.27682474363836,1.07058126477702,1.3037240101972,1.59626474022139,1.21177915408993,1.15979856386895,1.30482047702574,1.48148802572814,1.21879116911007,1.36603871795779,0.971999220711593,0.744183511092365,0.832424258168358,1.0145306076628,0.911974650410753,0.708715315501572,0.609418215186027,0.68117299690684,0.376269979360672,0.695150031050758,0.634204569849939,0.524334642355098,0.517779065648716,0.62866679272228,0.610253995171719,0.615579763372176,0.611193649810695,0.614518162804373,0.717257864285643,0.647242964522283,0.925007326886717,0.925887872064934,0.686296102060796,0.98102505057127,0.839140865106659,0.476142382504998,0.4945442710281,0.863777604073943,0.641171974441708,0.571922300052282,0.874057487952721,0.963511308798903,1.0529572137899,1.28128164569051,1.02363483327306,0.913332809753315,1.04727188546766,1.23960762567499,0.935439441974847,1.3254504159547,1.08969467286311,0.885901710433509,0.842380825808772,1.07988256388784,1.21875222207941,0.79325072292072,0.68455872818345,0.748638892673531,0.837457857337007,0.872945882979291,1.13322716097425,1.05147663042261,0.953263828182278,0.853095638754267,1.13538806364059,0.777829087498273,0.836425222159422,1.12580319359288,0.934623471185937,1.05223140972238,0.956905513670267,1.62116664529887,2.04131978468984,1.87739500721781,1.6539439559495,2.10026097634569,2.86995905655319,2.11502540324064,2.0335893691154,2.04309540066565,2.35428255896546,1.30805390309439,1.64177362686837,1.35263018445453,1.03396643772272,0.639970471804753,1.04879066342307,1.04182907290262,0.754747062813737,0.748697767151945,0.817629779529354,0.80455901033438,0.8620679632573,0.912652754494476,1.02676274829027,0.934807297903269,0.960929469931207,0.919740630105236,1.17592815898757,1.35246461245194,1.35401400495332,1.30698719086053,1.41597947166166,1.85958240515672,1.66464907174259,1.29446305109086,1.61674764604577,1.9463319469681,1.59161353072616,1.89745663688018,1.37425310781557,0.620650871686611,0.559823454158275,0.593346837608943,0.68230550801048,0.570164688664982
1.16993038664212,0.924274103167709,1.02833996704553,1.106517634833,0.814212492965772,0.832762857672894,0.80398625786458,0.828302947089691,0.838259177471819,0.722754580868254,0.680856066465634,0.709840316550674,0.767948340748824,0.759534448380317,1.02471726674498,0.890104369869548,0.936438920922791,1.09324681836402,1.1926652790863,1.25220599531061,0.890125112736362,0.798238527176475,0.922855807172192,0.790029207183753,0.805051858346859,0.942968034706649,0.511827234190914,0.668554783937096,0.466270525064618,0.743701356673509,0.49289749332522,0.625434830372617,1.03769547394571,1.05133146874853,0.668090705267432,0.643058375690237,0.699413709650158,0.876355090629835,0.711655992166837,1.25399559056641,1.33580560248119,1.18866080141107,1.29354745024243,1.54220206586544,1.50229865307676,1.72396386783723,1.49043963061915,1.82324330441886,1.63501523715773,1.51785499526183,1.48861101110142,1.41720194481866,1.90645130217573,1.90275195247359,1.36539289595623,1.29714278189371,1.43961970518231,1.42120006159975,1.01847433314442,1.45308909907573,1.0847500976528,1.06880563637143,1.01230832766568,0.646571591465703,0.722518980970758,0.987025151421405,0.775371386918042,0.737193910952002,0.964143453135544,1.14341264305268,0.964159136195602,1.01782290322546,1.20597288215905,1.28505590391694,1.28307359172429,1.21128786077043,1.35308543030691,1.30390112748077,1.3207076726327,1.22579747327057,1.39705652721157,1.37538810303929,1.30639072099009,1.37216300392693,1.33620292545676,1.20678764999254,0.874785095435342,0.695817190702385,0.632258196978338,0.778168019281011,0.832107542102991,0.681961465898049,0.686212980055173,0.821705073942822,0.898448072300139,0.864695075078663,0.82366184563491,0.797221804751129,0.927301855684886,0.978295560773784,0.913047518803875,1.04282581131326,0.953363347646098,0.791065293927287,0.980123018816491,0.925607564117407,0.913857476712559,0.964806879854213,0.790664588357467,0.712702421504262,0.639644129955771,0.810954820334861,0.813862622296389,0.79907789281924,0.844019321631381,1.13891432454496,1.24357834613307,0.830270006556993,1.06276443218344,1.07720238461083,1.06833794321141,0.997008437883239,1.05797671915779,1.15573081778766,0.90763945148326,0.84729872177364,0.915889155926974,0.895632158031048,1.08161234569772,0.658470355669119,0.776261702020598,0.818375321986857,0.662814142715589,0.910341065409301,0.849588311144215,0.640183792228247,0.796859481503838,0.967742005501822,1.04251856835346,0.933925237934828,0.888423567657304,0.766044996229946,1.20615077270627,1.22043897771837,1.0517744463443,0.975329166415434,1.23743718607224,1.45142162013146,1.18948593309051,1.29407821151328,1.06569314976293,0.541025624192951,0.562955903468129,0.619714200856976,0.67323134864185,0.68522698572225
1.86402870606441,1.77784340347868,2.12671890856071,2.21548482929398,2.33145656360217,1.61733332416854,1.62670732411916,1.94357485327186,1.63137734763026,1.44518208163841,1.15397585717063,1.15514315346953,1.0014861256028,1.12643496201252,1.57720292376919,1.4948990325981,1.20094929458031,1.38657271789584,1.63291114161464,1.57562246632019,1.16922202645281,1.12552224692771,1.23456215884511,1.0273038290255,0.953888753015382,0.595928749568311,0.564858395662941,0.577317667999363,0.545097167229377,0.526055670424189,0.51254578268311,0.519254984691253,0.787217582386505,0.647133652342112,0.5285553586673,0.786438250479137,0.917564621686112,0.812689182597523,0.829458867296408,1.06039879421034,1.23056588737677,1.08268370538933,1.19843281489716,1.7883788911636,1.34875925653989,1.28860081720638,1.31031989941684,1.57077557237562,0.910617569155485,0.934861959168531,0.757851450372481,0.776402039710369,0.643547039324738,0.672179093749957,0.74013344812452,0.583466311888744,0.485460281651413,0.552793762381959,0.427670599338573,0.539365030629499,0.586442355835938,0.609729852246455,0.717405249683829,0.552035227610845,0.635676639614276,1.01412379705117,0.591074626126781,0.624108069166246,0.716752624906669,0.881841299613703,1.01467777595206,0.964099749629083,0.917288898860014,1.11770342220983,1.13212833985788,0.927158707856093,1.09248433508179,1.3047685102528,1.64018121290127,1.01576394074589,1.38507740379489,1.27780798366824,1.02980815132235,1.34586453118323,1.19639288462598,1.1132071744292,1.26776847997596,1.26077381292282,0.922230394009195,0.840597233871324,0.958823907725328,0.704351032173213,0.947043149723984,0.963435990481795,0.998194581110621,0.745660716861517,0.796643758069255,0.926067048598973,0.954684654580164,1.12087045420929,1.15119013757124,1.23769054607963,0.873146445968005,0.858999222395227,1.10228973382334,0.805396096024039,0.645325108662764,0.726193206476429,0.634970329448923,0.717168924259714,0.58910205501625,0.619917623272093,0.698598025621076,0.651487692725155,0.705530578215574,0.886396053055899,0.665100528444921,0.811309918432084,0.844474182482796,1.0349610877028,1.13200882591294,1.11801733370602,1.03682541185109,1.08147485401886,1.05612809135546,1.17556234950427,1.099925550065,0.932024988488923,0.905072453311834,1.16588665811363,0.928580151237636,0.860487395031286,0.90710204706585,0.8656217069348,0.817691683263494,0.818787560145945,0.796402297506575,0.928467488215856,1.04345571447863,0.890735592153673,0.972195510141052,0.979508672611409,1.22493884316097,0.95553828918656,0.941950264247633,0.999457091429736,0.873324491248727,1.08706143420203,1.01913860610235,1.09112292715517,1.06749245615789,0.736096773228648,0.745128527765195,0.803510690714682,0.68451179585987,0.739985811294081
0.872562311715925,0.840426403908615,0.860270524451035,0.852470254515475,0.845759463851925,0.812733349190871,0.864105793463243,0.901287254259065,0.954868907771492,0.866084160958975,0.866766739021705,0.892005518673654,0.850680419457204,0.880523381186465,1.07793899948224,0.984347125606929,1.04480823074998,1.18526985720136,1.38392106846158,1.19562984192766,1.02515932688567,0.842075624776059,1.06826625156449,0.845136762267512,0.746677157018563,0.912914158820015,0.933744064837281,0.922273759041697,0.742577895418836,0.999041857242213,0.812183904514379,0.770626180593094,1.12754003620494,0.741566314815722,0.72993425488804,0.848394493288076,1.20507458443749,1.21861613227746,0.968654525584759,1.29085695782465,1.60776702388208,1.42388434718063,1.61127552443615,2.17965306446975,1.86988065315457,1.64368869753818,1.56002181910716,2.15573177612267,2.08234186255144,2.11875996744741,1.6847944096845,1.53722602903714,1.83761701640453,1.89017106346688,1.49163217780653,1.42363487629609,1.61417497294778,1.66526164764353,0.970098924198377,1.06421765324133,1.24414439242708,0.942168014744931,0.896258743789604,0.790646046232145,0.833185941198943,0.885581262741728,0.792766916029299,0.856099200585983,0.967876429209487,0.902276377355086,0.763355371747558,0.78383381591631,0.966784083577968,0.918121821912447,0.940123890357555,0.913016018707898,1.03325020307318,1.15081410290872,0.782246433361931,0.941315556774404,1.06132820856079,1.00572046651259,1.01347841176833,0.967398685304178,1.0273085700805,0.818725766702301,0.845385376052292,0.780724906642122,0.654235396790549,0.813716041089164,0.77811029764783,0.678070860148373,0.727085565192991,0.813774568472722,0.874321920507177,0.661306145842572,0.727400708923947,0.789464158167552,0.766460325242576,0.775598184541647,0.893627083657342,0.856025507930504,0.843567116118156,0.803532987882224,0.846368675491657,0.791856567554762,0.796236072683409,0.89868680532439,0.893300478995593,0.787346687727604,0.852686573168369,0.873365548142523,0.871846587171586,0.886173951056233,0.972634216825537,0.895144700538756,0.748053256897664,0.896708587278421,1.02048933178262,0.875395999867737,0.892174649198962,1.01365685196179,0.767739397340995,0.912754470580961,0.899372834466941,1.00577014582892,0.931471932251177,0.949871823198697,0.870314805008888,0.789921376684735,0.839493210200372,0.849271312102524,0.761670882210912,0.896419804361636,0.874016646375236,0.950557332678669,0.960881592926221,1.00599824099588,0.94941333998107,0.874266525850817,0.951130525035345,0.86239395907629,1.02126900956379,1.20529592750747,1.02742262057805,0.933601777908155,1.01004673435771,1.19497125982135,0.969625966902387,0.964158815803128,0.908162594310636,0.713959698798578,0.677820501224474,0.693999100614921,0.739373014116012,0.729598042465684
1.29383517646416,1.25749337578894,1.56093370740023,1.59120316947752,1.27830514232312,1.13355821405397,1.19342174673213,1.25653360937827,1.0864083692902,1.05756906478617,1.00454561228872,1.03717813423609,0.939724477578612,0.966012072431807,1.08028659602421,1.07136702618698,0.915087138123976,1.09193200020517,1.18004691248415,1.16407169886727,0.948821915008039,0.784428492804906,0.728193739443349,0.655242736231,0.656208777285241,0.620603631225839,0.526750235418441,0.427830064734821,0.452265644111611,0.810308282181899,0.489450311949117,0.489797963948456,0.978792600067056,1.13461829921999,0.564617360503038,0.525421833166727,0.598179924233852,0.702705773490841,0.568983630694854,1.40688468622055,1.33813275014599,0.757951236903904,1.10916632377452,1.74462540723783,1.40426044998595,1.76575871605312,1.7069778407161,1.99530169430675,1.78249625502219,1.98681588636698,1.81915514812088,1.47441537400129,1.67845720614752,2.0033162870583,1.36075169786991,1.00189232787987,0.963658992498394,0.98809800346322,0.58351584146796,0.983696588461974,0.846108205256907,0.67449186089521,0.605722624683263,0.727904055810695,0.592545957576543,0.666209621271633,0.557361133794145,0.553590659332759,0.583727735976845,0.716687865254422,1.02830484395907,0.964962258890543,0.965391733358997,1.37379725860391,1.21800395975493,0.937172192248364,1.12552041264189,1.4641386358236,1.33102980828718,1.01779490993869,1.48405175801933,1.33708148402439,1.32039165090413,1.50247181366949,1.33443574744555,1.09773463735157,1.13410073769225,1.3456165842665,0.916705759744642,1.07737905571934,1.02304259475442,0.738390170157452,0.622021606023753,1.25615734321521,1.50468486476317,0.681040682582005,0.600153783702515,0.543213991615612,0.548588467261039,0.601776832262177,0.951365443116652,0.876685594082576,0.684812921294874,0.63190446036894,0.735447315507411,0.521310722050936,0.465136623751454,0.614016142779249,0.359894561857836,0.427581064916785,0.384423957789883,0.704056721326884,0.591847051024153,0.622225652642297,0.766754424249467,0.892032371265503,1.02241853542621,1.07867370994052,1.14697486814221,1.06985299929472,1.23310157697587,0.849532501924098,0.863120802800414,0.95294588608957,0.751412874946712,0.852424974796377,0.857496799570803,0.536598081353198,0.507554607134669,0.794844599853038,0.591993701112138,0.491297298367986,0.874105430853873,0.958652452027653,0.743388522558988,0.781531843245294,0.970871295498478,0.930698056564692,0.883075501617414,1.02694292653829,1.16873879234928,1.13150663557129,1.1871462187473,2.02307714433545,1.82005185881095,1.38208434616425,1.84158171801398,2.25471012094828,1.86401973243232,2.09151155650764,1.45860121888922,0.50783344289216,0.420470802460987,0.524651498372943,0.546570831927113,0.480870734840609
0.583364605546386,0.512935570626015,0.48985138910214,0.505684461503346,0.368089874864347,0.583096261876381,0.665840486266628,0.593862508715524,0.771884401840755,0.765917003954537,0.725877045800009,0.760075696427682,0.840599983137811,0.864870464019635,0.830261395908719,0.83580515333407,0.738327833438099,0.777575418857154,0.764647129157862,0.72655589520639,0.729341953919926,0.808114961024905,0.741394901486255,0.702292373657177,0.669679464116941,0.841758709105107,0.57330921226592,0.633680604244776,0.603369510572271,0.600665318346742,0.592312407591311,0.720570879227066,1.08269567920824,0.866423116309048,0.686826077022647,0.828089403409821,0.952048963425699,1.100471795554,0.856465797582792,1.560620451698,1.94532316889885,1.51980637500425,1.92953209964805,2.63210532562652,1.99370341572606,1.9250394050442,1.98388137036251,2.00768946304119,1.77699165556084,1.4916406450381,1.25167585023661,0.959595239459695,1.21327700509975,1.4943173029037,1.32909131003842,0.961525205676767,1.0749087067268,1.54812230772034,1.07590568899436,1.80311881741306,1.32836244103487,0.814605899011476,0.761432253874229,0.861927623567812,0.708486026754854,0.732552160143226,0.711682544542069,0.684216301691971,0.684000079381777,0.686196868800937,0.918777553258329,0.822906965292099,0.985107218405506,1.29011429861035,1.22378559411834,1.00154397368017,1.08396493855796,1.33246590839167,0.870515189678875,1.2918025477471,1.45752386037359,1.39063699275092,1.60386054768543,1.87158710538748,1.70042402661702,1.56416228443042,1.70068288347005,1.43030641507018,1.01154286606451,1.01129644693216,1.08216152773357,0.795271271367006,0.790182008376516,0.940918183855045,0.985588237709573,0.468998737010946,0.628780158676578,0.681742312952059,0.772670961789933,0.727904056467788,0.759310767575627,0.615794395306969,0.731028789400148,0.654549064995652,0.617283090039428,0.612114571182375,0.697135412072418,0.755619647907188,0.686640247461826,0.652217330987598,0.710786826858703,0.935321222442651,0.930051110276611,0.780242411390137,0.930809441495368,1.09725690775344,1.08216683845403,0.88354911248533,1.07886113509603,1.17167459083834,1.16143131490892,0.914819243386223,0.992104774657882,1.03366353122465,0.967611937580637,0.801648939311433,0.946625583913535,0.869872425534314,0.836729604841323,0.61486739235697,0.708324618234943,0.640934009676427,0.624809299737521,0.683728266317462,0.768624089783188,0.721116799805028,0.781381760763927,0.893842265886909,0.959764344528771,0.986853353788093,1.25565255885101,1.18974737812487,1.23852506371563,1.60799193608128,1.48793409227439,1.2394231980004,1.61394233596088,1.72193986154975,1.43692754892038,1.59645791695361,1.1239053056829,0.794138596143232,0.792210072935668,0.796237900659274,0.754976104756534,0.875631870295579
0.828198045933771,0.879215194800238,0.768977847371491,0.810782292284297,1.31584292863083,1.24138858759448,0.977678632682453,1.05051090092266,1.42027476081713,1.22392233402889,1.04791335183033,1.27546599081006,1.34076482013344,0.885615236866022,1.04456196630122,0.987434298263569,0.916038051363454,1.00503546177278,1.14426553589301,1.01356232092409,0.905513730088848,0.861229937468165,0.836679533864493,0.767791584357358,0.755758776657384,0.931049857551778,0.651698970327272,0.854406772936025,0.612173711861101,0.87995177552862,0.668777826644679,0.742799813533571,0.759936287226109,0.68052897052855,0.557373360006298,0.629847308136055,0.52917259522393,0.55937785745264,0.630926994749719,0.739377310803912,0.762647248365709,0.657156437255853,0.748208925132801,0.851777987152839,0.773933358142188,1.00574595406004,0.824090509259899,1.25628119374571,1.64622629131829,1.69717025808115,1.83315148691146,1.86628996582444,2.24736716096213,2.08629719496622,1.45477243900977,1.69219613750384,1.91403090313119,1.91595399140998,1.02501189617585,1.0120678213705,1.10710419828663,0.871684749709924,0.934893230111021,0.752640906340982,0.75828101811709,0.752638533903678,0.587854543239965,0.612519873576119,0.732353241659094,0.620869466285825,0.647413599999333,0.648409732070188,0.868567229682124,0.402393657195705,0.608971275573335,0.723372494309727,0.619650189092123,0.644370620193805,0.675075217223734,0.688858372396174,0.647037759406364,0.715292451757251,0.975197066099179,1.21695129868243,1.04788370585708,0.987899789479434,1.10958911846136,1.2271436939694,0.87355660982896,0.859735460253081,0.941007358434115,0.914052280880678,0.827455237874688,0.792345277658731,0.823331336560938,0.744401685140383,0.726026825026184,0.720447657948205,0.680649084639491,0.477013929915811,0.720128182361278,0.890306856704649,0.71354401579716,0.776949292787119,0.887763383296112,0.719045984183788,0.769309379002041,0.885846282133743,0.846405899480056,0.829742280078631,0.883135705808424,1.16139997499765,1.05618036737152,0.79165533541356,0.852860756599529,1.47203197271465,1.10604306300097,0.98144020520818,1.30169637439197,1.72668853059625,1.65293356950815,1.72884343341765,1.61609291451664,2.197836133692,2.05542365103817,1.77287464726555,1.72592445680007,1.61968201420756,1.79014922959571,1.47979544033725,1.36087093930657,1.34076589348456,1.02658183592481,1.05311777148099,1.00565461560596,1.1569949374227,0.92469173783101,0.957878346449416,1.16275655508243,0.955038371551387,1.06077797492905,1.04734345508583,0.899771406541823,0.971573687102186,1.00050427238388,0.863422901718204,0.747033887332362,0.785824512306762,0.856044670968478,0.823009621867499,0.673301966917721,0.72559601026818,0.800305314972396,0.772063003211725,0.673978337715153,0.776230169442
0.94985460247824,1.06265270089458,1.1796656860952,1.16370912548508,1.18656003760569,0.899486954969373,1.03854312441931,1.0091097466591,0.822481838231342,0.813311891143053,0.903022886525823,0.866869465853274,1.22655708950496,1.06790509358787,1.46943036039406,1.40545539051554,1.19759014175538,1.27542350209317,1.47768951442606,1.33124992297185,1.01839308330811,0.962272465404266,1.00783708786541,0.991107686185592,0.637858762043135,0.805121393833975,0.70591582683068,0.662764739384013,0.593124094815016,0.698079196416618,0.84904907285905,0.834651867426478,0.802542337535537,0.790499013466187,0.88087451215063,1.00199458816162,1.01336392186033,1.06035088252435,0.810371334616264,1.04749267496302,1.17125856656108,0.945485479454832,0.962172777745589,1.20234170986468,1.09196268532226,1.20531546802773,1.10344074985749,1.0842728495948,0.984749604487255,0.719729841237459,0.814770555916153,0.808882512075309,1.05549273166741,1.00038987886653,0.936343120096705,1.08731780347545,1.17601856634674,1.11540032867839,0.95692634000133,1.07909609073449,0.88549859841045,0.755488144995094,0.822322646319677,0.53636201389665,0.511225297787782,0.643549560462899,0.397517441084686,0.415403021044979,0.635097848423748,0.744479820925022,0.924881190935974,0.878681337638941,1.02897572110597,1.25535504363119,1.23091178506105,1.0029845472933,1.20096329833087,1.44941612462014,1.17664122654019,0.906217370205468,1.31905387291769,1.32456768524109,1.604131657542,1.85727795146692,1.655758205524,1.18428602228847,1.30061895525775,1.39531921323198,0.884297191189599,1.07449187952757,1.12640072438175,0.951362025561323,0.879306861000694,1.39327954642744,1.04592168586304,0.65640642280904,0.574984145623779,0.766822025915547,0.680765425788395,0.987868694593106,0.860224597941583,0.951766669919086,0.73544988130561,0.714859153918731,0.75280150293701,0.984120639598621,0.720998841849256,0.670267121947769,0.846304731300522,0.986988341278264,0.728652482107097,0.736615893920555,0.944448951600036,1.05926144578118,0.942605228313198,1.2253781078364,1.74982441948505,1.3779955154612,1.39039581150522,1.3037534142648,1.6159284562238,1.15613270578585,1.03388996368783,1.21883975869675,0.842027575575953,0.559561798624311,1.08314946402153,0.800927338735177,0.551176516391878,0.793522917904579,0.592076357735991,0.609300582536486,0.58114391637512,0.592127043859472,0.561610465412568,0.50049960181235,0.71498831771744,0.90743544342192,0.846401507096892,0.868517744390853,1.27197487109241,1.22319954711798,1.0850971927879,1.52870542534165,1.48682891682083,1.33866320006013,1.82154162056721,2.28337170645697,1.74144390742965,1.8493592680283,1.59918809399733,0.451807377020276,0.466609297718664,0.517589447728573,0.592481087744843,0.543675303673178
1.43631006271241,1.28267583464766,1.20912931945594,1.08674009470345,0.619401493474625,0.935701704948629,1.11908468391035,0.730809068217276,0.698194526678728,0.722744667435615,0.84804154526861,0.653499695617163,0.618551484818978,0.759764657457264,0.823706521296517,0.795312621566242,0.934787942906133,1.10883793777067,1.20420106858491,1.26520241321019,1.16961937344054,1.25958584285605,1.10054390350217,1.02642701483356,1.13668033733082,1.10374117722848,0.975653185228287,0.870279796008758,0.832122671545849,0.937785027320089,0.79785440319781,0.645150182763056,1.22945036835862,1.04399838736145,0.539613352637305,0.59306400284044,0.65909297915207,0.619066312282861,0.493934426701769,1.27435833890641,1.36529583602464,0.954836719005173,0.967665369807003,1.3732369575797,1.50850128564011,1.73983947827584,1.69634648833147,2.14961824521309,1.85898895368145,1.9767464335088,1.90934997714238,1.8458553812447,2.09298330644017,2.07192623405807,1.70707694286479,1.59732600563614,1.63152840889488,1.83276081577884,1.06301654826096,1.58917842194012,1.43671388630721,1.21416968275508,1.0911617376033,0.911384042766636,1.0414057066651,1.26249628165145,1.00602142031137,0.911642943608762,0.905373771001552,1.01470462421119,0.985474994328901,0.926103240857168,1.2562224101575,1.36167801516406,1.23750179783486,1.06441486502806,1.16493726422543,1.15487423273445,1.23782604523542,1.37328313970137,1.37714840220268,1.18388494547982,1.3198880679058,0.892479838782208,1.34859666577369,0.867995603538794,0.827570867602588,0.992370483960922,0.76824838955192,0.706159961665671,0.838858705647549,0.730994198026217,0.721810745786512,0.963168449533414,1.13888621448084,0.863440275990601,0.641199486497767,0.759724308015562,0.63167680740135,0.616956651851421,0.708168700695571,0.532790892006326,0.454669304211866,0.435603863075134,0.479606413317796,0.549589068987381,0.552874248732878,0.621491173180926,0.658085075859676,0.806232158065574,0.914208085673214,0.821793632134654,0.985090402890461,0.944831762523366,0.922972357785349,0.84899447456671,0.849347265925325,0.93656091731224,0.604274613433894,0.792133608301403,0.58194683303427,0.623530782207643,0.786401430429596,0.76931745148365,0.976909153437312,0.920875587734502,0.763861113214335,0.826752455805223,0.838934991080772,0.751110287861619,0.793368865730029,0.7937487962746,1.08502610555559,1.14787038533393,0.893816721831996,0.93241941884307,1.18443625436064,0.851777541921173,0.698191561566812,0.821346725318713,0.740869853458429,0.714959423017815,0.787774232455259,0.957058504914121,0.86237596819722,0.913349283263294,0.982465320881557,1.04419147124524,1.01283346369901,1.15152475801544,0.949645210454777,0.830397709463248,0.739340462927446,0.51134600261326,0.762732413579473,0.736930030758885
1.26086318904831,1.17045961843882,1.42717869161704,1.40836203061661,1.12087403119079,1.14281237842381,1.11361865128953,1.11097884243338,1.06953523513855,1.02694032535837,0.851030478406631,0.686659113126304,0.630836434335609,1.2740671264168,1.79651293899727,1.65660334766184,1.32289154419757,1.45474791596976,1.84271849530816,1.64408837069099,1.28811789418148,1.18342101869995,1.32679943606366,1.04715453697595,0.522456368302332,0.555953823135332,0.497281138889213,0.571384741369789,0.611563392672582,0.829116338015359,0.761815193430536,0.792427729673022,0.995803038052664,0.904659260619386,0.936295718248822,0.895437014661857,0.872775874288831,0.904240688061258,0.885167924712044,1.07611380352753,1.08099185706265,0.885579736830125,1.06057176561828,1.14920752513792,0.989580724796189,1.03594070423533,1.11703282866862,1.27512788055724,1.22860978889521,1.48065114186257,1.40568289676339,1.17247686724766,1.23189331841789,1.46430061024473,1.16177351308649,0.944331076151311,1.09768179350551,1.08200323849114,0.725657623612844,0.752362051306984,0.65349589477215,0.529597805256733,0.678303308184449,0.591479168136253,0.520889971488022,0.577532798347785,0.512838682766418,0.484836357312259,0.497105953181273,0.546084971624279,0.782014875905329,0.683106059359179,0.801470009051676,0.932109317455278,0.896171065963218,0.875411733675417,1.03921371507788,1.18406107961943,1.13250968915275,0.879844999133318,1.00825343985971,0.953836748598748,0.980519808232217,1.15434227992393,1.07902245553364,0.987702243004001,1.13746176008519,1.11174985998723,0.904123443258496,1.06520756168792,1.34492760456848,1.00584320529725,1.1473381846691,1.54124915470996,1.47683926214749,1.01839521619694,0.799933921651534,1.04668992151371,0.942005194089542,0.921550137993172,1.02515943828829,1.00318200715507,0.945092437265703,0.787660292194344,0.916498130810206,1.02891805011014,0.795488444230996,0.836860650794228,0.90456821655273,0.779000211875494,0.715379666367747,0.962529546842505,0.914416000823884,0.7816679061511,0.853477192851028,0.934906582836954,0.993959280524004,0.723913532453836,0.833551109987674,0.894739853773452,0.874685317314344,0.752249971124254,0.955550097877981,0.807427960292467,0.767004256599285,1.02135835113187,0.970901771738955,0.788708472358746,0.901595957087986,0.865259359929147,0.771894069529408,0.767005471113296,0.73556212390448,0.884115151495219,0.693686339154094,0.583595237551158,0.769002272582172,0.654985078668152,0.754442446121061,0.738135801659775,0.778965400479666,0.917698161974269,1.36937940187473,1.75418412505333,1.51651591645947,1.48637354343789,1.83505219101283,2.26159087838127,1.70485452357874,2.04985926738876,1.59699777021034,0.743753618590679,0.727310931673313,0.73160952226987,0.876882993080768,0.724548202199661
1.04662426576991,0.969497106840017,1.05337884018394,0.999037187608246,0.979425079428086,1.07706479683851,1.00175916690677,0.821116087837354,0.941967276515353,0.930865906228639,1.05454589662784,1.0294645743417,1.03093942383048,0.849033012207711,1.14044348714764,1.12970172085219,0.994632146379214,0.967251574769687,1.15645616553871,1.04714286392895,0.792431522984703,0.649642616786853,0.706207985449169,0.737057121031694,0.646996433355334,0.902866690573103,0.725403239458325,0.616027713282907,0.680597363594077,0.776578579239264,0.80719882100632,0.74000366108088,0.805936738177659,0.855397092922671,0.782115719635413,0.943958582124794,0.979615820974266,1.0744449341083,0.931144703787674,1.16801681120194,1.34487363199063,1.22085252689374,1.28718980223318,1.71887269745945,1.42257780258401,1.53030972893791,1.21764511115755,1.26744866178811,1.17155662920444,0.771479938526705,1.0367394413095,0.862558870922878,1.26528482814291,1.3772515874094,1.03492700323746,1.08222279047363,1.15932361717635,1.11211723294932,1.09914194549354,1.08325910404035,0.937119356117659,0.925079590021043,0.78753425855636,0.579838709949207,0.606339499948213,0.673810331413506,0.468969509619064,0.504779647543919,0.580366874034746,0.585335845025412,0.639086648371851,0.670446045884939,0.974619782542297,0.712733050993312,1.21035832003648,0.896358442848612,1.0216038360667,1.08963257119845,1.09948243688811,1.16964168302782,1.66034349901776,1.51291971148003,1.82348181764777,2.26181379740532,1.73098238170781,1.49114414255518,1.61773168277883,1.87624393087001,1.3009552225102,1.06975962363533,1.23800497535079,1.1004319807051,1.06752271247822,1.2322825491587,1.21531820279822,1.12133686498866,1.10105116870707,1.22432650427454,1.11663101702056,1.1176384039384,1.02948929052613,0.947815601294397,0.795534414303071,0.632234795846385,0.712467401740851,0.857922863393264,0.769018687251142,0.695119649319393,0.646946662537638,0.718120870482147,0.627946662699876,0.707012329832193,0.724643345515826,0.65962094701996,0.728943349389942,0.941634105769468,0.981429207980246,0.831838826378561,0.84085740049009,1.01436574395219,1.04423572505605,1.04006887312351,1.04645682859233,1.11859668293946,1.2034682357253,1.01925823752164,1.00088217718343,0.900853179402689,0.939404433626091,0.91485036853241,0.893607936800596,0.740561860707214,0.994843530831248,0.8470013284208,0.622578715570913,0.53283226169721,0.877345484835011,0.511442992123397,0.702378843075731,0.680567994171321,0.791907360429554,0.874550382713958,1.16319619536114,1.28591827799547,1.20622457176523,1.14340055693392,1.37524393338157,1.62397631746842,1.40626125782576,1.57449638963201,1.41932274542075,0.581084395565131,0.650222561212516,0.941028830513337,0.948010160533884,0.900279905984697
1.04748073376384,0.903201448525749,1.00019695032603,0.944347005960772,0.860152338589596,0.796222211109764,0.99302840227773,0.820085490182796,0.693827712630029,0.667590343899035,0.966788558796345,1.04004537859645,1.13683579682246,0.814753729912434,1.10176339176952,1.18696167456434,1.16787954029019,1.03735095469094,1.31364063178005,1.36406779890843,0.995216304942768,0.903973415410402,0.965069408970568,0.958626502195582,0.86033425854332,0.793600652395255,0.759158637707945,0.796969617792456,0.756480508401094,1.00273078319295,1.07482807578861,0.966187797957011,0.964979081436117,1.09255671451999,1.08379854250536,1.10781475010957,1.11951428500245,1.26461684052158,1.03092926669303,1.13942393783329,1.06919639500958,1.01345868655089,0.84387913214125,1.07770714862575,1.10059329673815,1.04402501322813,1.06392893567728,0.972664954129342,0.989572173430289,1.13966868043129,1.00219431482472,0.982098314834629,0.952582237134739,0.92344146589339,0.998986801125001,0.847541369288582,1.03855382205861,1.10745495947762,0.975070328968599,1.01917106989029,0.917870934951718,0.854605606718559,0.945774379841952,0.799106295159459,0.704716531739471,0.817507810014029,0.543251368424002,0.549618460981466,0.67384701319383,0.519858732538027,0.517252678368345,0.511364176046281,1.06098625254084,1.04822492253331,0.982987175970981,0.815638203822507,0.946229288496436,1.28427399536911,1.10252209457432,1.08640011490122,1.41427846620303,1.14285121241123,1.65855107467552,1.47595327047137,1.4009391669194,1.14622453092159,1.31373766182897,1.3070663892288,1.01243228978417,1.24138924022475,1.29337694247981,1.05071752553046,1.1472240862799,1.32449343003249,1.0993090043633,1.23905383979174,1.01685905534721,1.12650507957231,0.946292450932491,0.848737251546769,1.14711311642207,1.21790043299322,0.972458204487338,0.962759366270051,1.0578195818782,0.788453756428034,0.67574785553348,0.822049115603606,0.752315064471178,0.691282747268671,0.635394800641684,0.700574702529034,0.856425252857906,1.24715481038174,1.06589473716371,1.08267251457747,1.4715048894252,1.56552488373406,1.55669172917924,1.23165462023303,1.32899736416334,0.979961266589298,0.934933713848693,0.915149752993514,0.616000299892777,0.581935033570886,0.801199423738537,0.674461802494586,0.62976678922984,0.722910818654771,0.652379032080961,0.636064610349862,0.962791042761206,0.878120610661875,0.775444010747193,0.94468348649626,1.01566220558615,0.891342871381631,0.966279905044926,1.06369897991977,1.10114361900829,1.05803924430127,1.41599417254824,1.5800754748945,1.29994077941298,1.19844605256908,1.36956647521509,1.58777021958162,1.34647825181693,1.52244622975517,1.41171882859197,0.460978523007607,0.485817575483931,0.725229739436638,0.824680949283139,0.59565208330336
0.977963422345382,1.02460623264172,0.792972734063152,0.757384979186992,0.856821597258086,0.901986129605421,0.825620151053238,0.782634130023653,1.06210774097273,0.898068490546723,0.810771862886957,0.756603270715983,0.791410794597071,0.828650066864655,0.747453493936281,0.716652099610969,0.731988578137386,0.814573973270181,0.751200352958903,0.792201966716214,0.788196044254678,0.803337179214211,0.680814594338261,0.621903103689924,0.6661577412901,0.965526757029642,0.644310685125773,0.648526535840674,0.702838889519806,0.953553564981283,0.877521634248876,0.923156270082494,1.38863692612162,1.18290700140935,1.09427503150347,1.21515579671953,1.40936332866769,1.53327151743883,1.18137330234987,1.80909963960154,2.28158353824681,1.67654881606104,1.86096499728444,2.48629440591983,2.14775214128269,2.05387693212503,2.08757536381669,2.48719886557148,1.83112855644069,1.85672811052302,1.69823410902479,1.63763461457931,1.77216992943474,1.93161129527047,1.63062626036155,1.55254598908963,1.73883021696233,1.72842772300553,1.15036693113587,1.43067110642673,1.34740005769834,0.94395770693365,0.967139754874903,0.787013976264681,0.691517419804266,0.671550334483641,0.631628302653995,0.566412812704207,0.601479722203635,0.609285003732857,0.712767500408867,0.837374940206286,0.731581351439985,0.939717153493131,1.16160058193488,0.79584969787577,0.794642699632235,0.951122344844732,1.01770207597536,1.0670373447351,1.39409168894081,1.21986844255217,1.45675887448094,1.61509568518552,1.22440582266721,1.12171618091091,1.32089845695376,1.27968696980779,0.922477807347473,0.698814649457398,0.780194461650548,0.683192886765851,0.56976351194414,0.765939815694132,0.724121738960782,0.564038970583889,0.728842620375447,0.56259252617688,0.506183152671731,0.724288979310214,0.635081933826935,0.759616041693179,0.921407527394271,0.670141230737049,0.771593902864407,0.956780860413002,0.820040271873798,0.726138286685119,0.772553729803677,0.699320658917052,0.718418071978712,0.640738302328855,0.551411375695601,0.541183819450005,0.503082517051464,0.805189531416044,0.514198400525667,0.478067959916883,0.826999466625542,0.905980570426883,0.928587348381764,0.975210548244825,0.95078642624374,1.25268000739869,1.25140389895367,1.11647296564221,1.00240873857915,0.877742241514823,1.03449493907399,0.921282257422556,0.860715061599475,0.969852020521809,0.906637012642567,0.792480581681679,0.94126422768075,0.984666549608727,0.821053865637833,1.00320210262726,0.83663595239772,0.772485353613132,0.935158375020765,0.71243142168424,0.847816981686366,0.901997269162645,0.843027106063864,0.771828190952803,1.02280373278815,1.18220672929872,0.918163470789333,1.10280940388481,0.898504278600154,0.490920849076016,0.480961682387669,0.690083944138619,0.67398786888782,0.667170598767452
1.10624974849506,1.09664270154295,1.20918493354704,1.18425347931437,0.975358808974568,0.968608873979842,0.937648086973739,0.814576364996003,0.771259546840396,0.833995491773671,1.02529980982632,0.678540136206931,0.726048924569118,0.908603735886478,1.06680033675508,0.669445330636037,0.835761332339146,0.919309083795038,0.685742235425037,0.678762208563199,0.827582262025777,0.585685835020486,0.500625551166967,0.62910632112884,0.675639226705629,0.673629806363326,0.645078127538634,0.758088543968521,0.936025773883796,1.14092761743533,1.26589522924431,1.24533357410182,1.51199516727385,1.27991929760333,1.42246694949391,1.60988374879979,1.73473656007916,1.79768008738029,1.36844557117366,1.70674615422911,1.87069429881731,1.43935555054079,1.40441401857652,1.93975386578046,1.86958696829922,1.7294886691608,1.74779405506181,1.69067862268703,1.45991072113049,1.3349543055471,1.20973702952212,1.19589662016091,1.300924193737,1.29163581924398,1.17256589185479,1.101097378386,1.14868500672961,1.05048833702187,0.745063069093083,0.893328803028671,0.89306722054303,0.665306301524334,0.719480227317704,0.577404910707412,0.562285870188598,0.538276049461574,0.575641650620413,0.675767972100799,0.735146932849096,0.822676543256741,1.04419847102379,0.818336117103526,0.896261886705438,1.04347444579854,1.09275954819767,0.892760516699844,1.00344007216078,1.296840995555,0.998614652590544,0.937135949804987,1.02611544156194,0.982970600258727,1.02534411669484,1.52477342416533,1.19605162812253,1.21729998182711,1.46388169970539,1.60915539100213,1.05275875551642,0.933425451214965,1.21341664541602,1.02185651401036,0.997334962469155,1.06531876250651,1.29139470530285,0.950386318733012,0.862368388382443,0.841854677248217,0.667134066704641,0.70324630155443,0.984688738765643,0.723009273718764,0.74608918852825,0.620704913534318,0.808908269012783,1.11021387512249,0.944545740516401,0.897018849491948,1.10833495570228,1.11538267038812,0.828604553752149,0.860930226001485,0.848140538839009,0.837044235440203,0.813103436740788,0.940068813328764,0.862576473089722,0.636626722648053,0.709105591762462,0.825193100867393,0.760198408859629,0.763550476268604,0.826416857974664,0.913493307161168,1.06208043348054,0.899506696760681,0.941638334792246,0.934398100930601,0.912272330844856,0.915342322083329,0.775069207650891,0.778947666697234,0.802689234120764,0.944231724659371,0.859838241235258,0.773346555980874,0.977978921727807,0.726337372657961,0.725879555561328,0.761980973805699,0.844411373024606,1.12022812530387,0.879771261404525,1.09255609498675,1.35307910176896,1.13704454713983,0.927016853310773,1.10068373175358,1.22943932524251,1.04153783595278,1.06831332179154,0.629794129638499,0.634462643134587,0.712100787241957,0.807888867585316,0.707585144172396
0.904173432873263,0.947053880914331,1.04933713209962,1.06888979259734,1.0417312532344,0.873625352311568,0.872313129966535,0.862926265459488,0.886619536866038,0.893162413501726,0.755743454390156,0.743747059688947,1.0144675305613,0.938146957198924,0.978995287162799,1.18766956471347,1.07520434051552,0.915856659263391,1.19680305040812,1.10312598207472,0.839567707304382,0.755393768539039,0.741490757414719,0.763299141512619,0.632033292158517,0.720676846484293,0.669202471985508,0.666444409286487,0.527506726767565,0.734806811915986,0.862175274223123,0.810557679568071,0.916294710049906,0.927880405510895,1.01853399129135,1.0426896490552,1.0093224562051,1.11317978606486,1.17403849667528,1.07649233638804,1.303172645456,1.1504376771587,1.17787362794139,1.16927335084594,1.03554316230384,0.992308666550738,1.11157275912041,0.982060620621914,0.949844130715248,0.877138638675921,1.1299313812495,1.17279116027383,1.23946588711091,1.05334112085849,0.952960741089107,1.14330307517603,1.17881631912357,1.07495281707607,0.844738780618398,0.979694217840312,0.87847499859934,0.733588209241842,0.711644812138574,0.632903141889233,0.661504768343452,0.684596690424602,0.600698258886409,0.568940177119456,0.614430732293608,0.621554862336144,0.7609180226861,0.731329002492727,0.945185246923323,0.84384089159962,1.27696715242845,1.2473782502703,1.35345508375536,1.43916870627703,1.2229951354428,1.30417000888292,1.64192846052791,1.33318398751315,2.03774595514043,2.50538768228245,2.000128714417,1.60593751941064,1.16461009810648,1.32955071621412,1.07560432674368,1.11669883328633,1.22111405066572,1.22620948440493,1.36856687988996,1.51319753966694,0.998985160879818,0.9872871771049,1.2073094828704,1.24315315877993,1.02898814902921,1.12066549529245,1.06329500479586,1.36100649029568,1.20513167511248,1.08226638183828,1.2802967699384,0.89635480120074,0.66594680076221,0.742363836702572,0.697454805085857,0.753586183774216,0.657907962005895,0.691565280566536,0.741532980603693,0.912787969677428,0.913261356784967,1.09442344692123,1.2787308307768,1.06811532622704,1.14163009720324,1.20319025922488,1.11989818612937,1.12514639655266,0.941889561882978,1.27450229106236,0.923621560219331,0.984605995761668,0.839165232384423,0.790645208407588,0.725642702846704,0.957835496054443,0.804230336301049,0.818464828140106,0.769447209659566,0.820772764208491,0.69203303793367,0.715818940859517,0.850671433113612,0.891181903007611,0.881432945894526,1.06345803609946,0.879073736002409,0.89602296928285,1.03233030661316,0.836378307699188,0.77255012180999,1.19047226041442,0.923514408676618,1.11640445356137,0.957606516126204,1.05520714783303,1.34435249744566,0.738378531201439,0.690247485138616,0.900307959934198,0.993806368657143,0.841638005319888
1.42196387356726,1.2120309125247,1.78481397710292,1.74936455297766,1.49785521108969,1.30625848630027,1.16918836422287,1.13927682302696,1.20691460704924,1.19424037244821,0.900017513261244,0.987478955526481,0.934397976126359,1.19869583793864,1.29257678541504,1.27616139159157,1.03074688131586,1.20517920644029,1.28778214424264,1.21447965820885,0.974249682747865,0.823985063018319,0.886540417680169,0.764013711910506,0.509965103472927,0.540459095236702,0.458106654236491,0.589113959568162,0.62965112449299,0.693772793843597,0.801147231218523,0.887613488535959,0.882237986995994,0.7714901158507,0.996949974676271,1.05889336924012,0.977475371299753,1.14325185105734,1.17088288862828,1.02910660980626,1.22228988522301,1.40907782899192,1.16865051344061,1.25837333100366,1.10511479787477,0.925411895857518,1.10433437752867,0.910502603036959,0.763041603563762,0.609340990485624,0.660369891327948,0.61595933814456,0.674102615144602,0.684610241348687,0.638137519623441,0.600355679694944,0.662641196350783,0.690541086443455,0.676304975838492,0.794716610775169,0.680618252666955,0.591123695238089,0.534546531288568,0.62807541289606,0.556618503988455,0.557253019844929,0.552586668527087,0.652143560063097,0.670364106738059,0.698860597836428,0.659208443152891,0.79882192156105,0.859238375731726,0.794141902602447,1.17028266164616,0.825336875866264,0.765273419587474,1.1116127761433,1.08297570705832,1.20669345100025,1.31521570327843,1.18953132424767,1.37670770950644,1.33892676011454,1.18483730084704,1.08450392866375,1.17437478158033,1.08674542680629,0.820666437467068,0.876448294883509,0.981490179181584,0.850981522032794,0.859266552865628,1.0355622800447,1.02132927859938,1.03509309666219,1.03761869043731,0.993772120309891,1.05956729530657,1.18510130827808,1.09244491375501,1.33663013055558,1.00209352941072,1.07369327324448,1.16339871512084,1.0334518301201,0.995054716264026,1.13093129691006,1.08411579010807,0.771868695505841,0.893929223622168,1.07788584588168,0.89276314715798,0.718844660192641,0.873054377094151,1.17920563567143,0.961091169106869,0.973979072179196,1.11127293471236,1.2432783603763,1.10254160931439,1.28495877773782,1.2697080902916,1.546860037108,1.25264452413835,1.65545911722901,1.29395225177049,1.31208866792759,1.50324060854062,1.3310919925443,1.15758303903108,1.00417915368402,1.1479625875091,1.04076023026979,0.817876133773934,0.940002587336063,1.2486578404105,0.886643976890405,0.946005677171343,0.862059301488369,1.1006420010354,0.898348178485017,1.03980761425302,1.07728004941203,0.947015795114292,0.999500749350571,1.11368662010895,1.18513250550248,0.972454974437404,1.08694706162046,1.08885386316632,0.767526183283213,0.850425165816023,1.05073373839944,0.928782740528583,1.00387635818742
1.14496279255739,0.968209759226053,1.05337883277321,1.06813797155427,0.695418117853513,0.909786721699172,0.912503460743731,1.01023777663523,1.2224925092156,0.936945352181897,0.896813680263026,0.994542269807847,0.984148579070615,1.40496345170205,1.64198792949152,1.64716458324834,1.26139512767122,1.27118676645513,1.50089876747184,1.27304855722319,1.07336639265946,1.08641413709867,1.11794617090606,1.00949770669381,0.701661099232017,0.838632101175634,0.675981297602269,0.847241827000851,0.783470778982546,0.760681933475037,0.804749959202886,0.832235496568877,0.897457099016532,0.882497993544636,0.827688282788742,0.82193237444239,1.04085442240912,1.02888249455958,0.806675183830508,0.944563130453286,1.15825206759413,0.905488859570401,0.852274029811906,1.11839894816915,1.26912233861419,1.30087670363937,1.17151284956711,1.06669910884586,1.14518132712281,0.936483221926431,0.903447470875863,0.931694249934119,1.09090908413602,1.08214122799626,1.02775510990336,0.910478970825647,1.18005043853429,1.20302697645285,1.24996649205384,1.43387844384338,1.07648272250674,0.870511691730054,0.974231649625865,0.743832411055583,0.612596259515703,0.788810170659317,0.591136736109029,0.517987349290995,0.673200883115138,0.596222526436102,0.504829944690688,0.632623854689027,0.809007388684345,0.809454867833835,0.97336296118163,0.681423296108693,0.854455127946408,0.770695393670545,0.962662195517151,1.11530146400603,1.28291453917312,1.24125043273883,1.18574486753502,1.3360655843489,1.00975885139706,0.978398867323442,1.17786082441311,1.140008142743,0.824559644754484,0.757360657842679,0.842093727962289,0.581470517250492,0.49283546655746,0.92947792044255,1.25985196488374,0.615801541500552,0.614719505772954,0.649889543896294,0.677176762211135,0.595519615260755,0.678348563790647,0.713491736330705,0.673688975997763,0.616252302117756,0.780409159772526,0.978751128958928,0.956919667544488,0.910893718614961,0.900680324811073,0.964266661401716,0.835307414626329,0.883824809585454,0.912904542017882,0.940265083514311,1.05852894752315,1.42013755112293,1.16367038046093,0.859898216031486,1.48725105379729,1.30032701158524,1.6175534063931,1.33633431557301,1.29462587620298,1.46846647914015,1.40691327492885,1.18623069639833,1.1761171885144,1.14335133160254,1.1857441785337,0.737675227366075,0.985670299926358,0.809633441647602,0.758760762682229,0.866732853841504,0.986883282828238,0.867337202518368,1.06924706132883,0.773555709066756,0.901260970441144,0.874054978699924,0.942203743079157,0.877625349959357,1.16590852874057,1.70866975945406,1.46722390310689,1.4221756821446,1.73159813246587,2.03711148879669,1.67688373320865,2.10298503331686,1.37596776081272,0.512264553856296,0.499386328563653,0.530834202409608,0.627851972654606,0.569465359905297
0.663291677923947,0.535853503323325,0.561451237858336,0.577613091273823,0.605218538757893,0.527188985163416,0.531943468255001,0.526585330684599,0.486200687378073,0.518161882622245,0.474601263846408,0.531129942031644,0.511798557167348,0.559620389913866,0.603949997294546,0.695978281816694,0.837481855850311,0.879537786275034,0.824135007600182,0.975295490346694,0.86039333340865,1.06523200980163,1.04427088376108,1.22581663996528,1.22228985273186,1.2680266677322,1.46190625023772,1.46680555451793,1.09407815133869,1.43037139646402,1.65204076064816,1.30193450886556,1.66969379232974,1.63651985756995,1.22208224828683,1.22373276129533,1.33583049495952,1.0976864182086,0.843477547585998,1.77672865487662,1.91259768731338,1.3800933100332,1.54508657377263,2.31595185556214,2.0554452418415,1.91642111838797,2.04750471685176,2.49646107500578,1.77843423893096,1.87737592390129,1.98213343072276,1.95524045863897,2.06680599550479,1.97461618381227,1.57693234610388,1.59338684952994,1.56970868058197,1.12862829541104,1.04909739479455,1.17309604054167,1.15522155960874,1.12209510652139,1.08682004416952,0.929150466624992,0.966105198157768,0.894029658551645,0.807903990790603,0.776300027161254,0.916624495227593,0.914718112814444,0.823757097936901,0.715050522900351,0.710325513904606,0.763511955356915,0.961599327157048,0.723472874829601,0.859322863385509,0.914777529572132,0.890549483923126,0.73781100952942,1.05219934331092,1.15030988343941,1.09943279868943,1.40355328721663,1.22924210227062,0.906717110110427,0.868506925682046,0.870426308847564,0.619145671000426,0.538689811815663,0.684381601385622,0.535307893801253,0.489137608887734,0.594046783495528,0.726480668290232,0.367481160246863,0.43219721100956,0.454824028979317,0.508128632468493,0.455679478004319,0.516096507437359,0.570527586636855,0.644189365860759,0.677351519459117,0.961788410753114,1.13927690397188,1.17613583773405,1.08661962778079,1.45422031065704,1.48081968967688,1.30450971460206,1.37401650970879,1.71571774519243,1.5725130786647,1.19444525305002,1.30550651262073,1.50307824483244,1.11434407388655,0.843988730303422,0.886855852789952,0.788312913840905,0.572325293513599,0.673174456261763,0.612992892992007,0.50583823280568,0.562740669585831,0.598290386094638,0.749501446807658,0.653583194173553,0.613677250251205,0.793771281400404,0.889655519706917,0.597925077174644,0.679313524103321,0.836937220291268,0.662560820793066,0.534912888507857,0.713478287181699,0.566615040884231,0.578447280488107,0.790482529729166,0.696786652283208,0.803426434744683,1.10187175602259,1.07452972956894,0.85753667017039,1.10816427327329,1.41415415357853,1.11261082616983,1.31652171972764,0.903410029009734,0.587055889371659,0.488386723481284,0.555155644501932,0.593570830965244,0.514273660637785
1.33244654846162,1.1557082407999,1.33867767125772,1.11977450319789,1.22883506386391,0.962618279788486,1.09771523904945,1.23178316759692,1.18932979928863,0.849978203566587,0.884214200414264,0.819501397888421,0.81493997155797,0.890767096015312,1.12341065761609,1.15162199823685,0.975737249229509,1.14247364412309,1.32362231119311,1.10767009301127,0.871099319048705,0.845834650999123,0.85306127650812,0.794004068189045,0.560751656289759,0.491100765695619,0.606915032525599,1.01796747589209,0.628076155513583,0.735659493354813,0.706513879201801,0.92405283975857,0.842072269102136,0.907753876483936,0.91498842450466,0.886005760143321,0.866762825536916,0.9321338091137,0.773180550944055,0.990831904165422,1.24784819082682,0.985448048713562,1.16296802825907,1.39240086677276,1.17144988514201,1.08112152172006,1.18614157397089,1.23257866110347,0.897413676637646,1.05610086507288,0.933447180883327,0.724952413022308,0.726436692028221,0.906757909772552,0.778453936728347,0.729093077427915,0.836325537091938,0.657880343141207,0.668517148886094,0.54105251812019,0.550694200199911,0.546583838862313,0.537515492079377,0.556912701045561,0.537745873533847,0.626600539618495,0.454876182132865,0.438086606041253,0.67843574988829,0.674509300934986,0.751219784946356,0.870939825537422,0.964808344006052,1.0086204242592,1.04117606676076,0.903120445747221,1.02049183999998,1.06468402978875,1.22115214123261,1.03905612204248,1.31995110248853,1.23828270111964,1.54365208063899,1.42331788312048,1.19996723797213,1.14693924346781,1.16773515833964,1.08092077782161,0.894122658325181,1.15736102241514,1.32597933569453,0.943247305063488,0.957463774921635,1.28294183392616,1.30275777959778,1.0105210811371,0.833565242537427,0.949658964244059,0.791540589990005,0.680403458286151,0.71289955453959,0.928845642623935,0.808800838760372,0.919829322789204,1.08419129990227,0.904132379988605,1.06403502506983,1.14667837550512,1.14865097744786,1.11141917182054,1.07574224424583,1.42930677978187,1.50293028011714,1.20585274191514,1.18684514283991,1.54539211787463,1.7873210542992,1.07513222647272,1.30703565142712,1.22536992046965,1.54826996224736,0.957187218489345,1.34932379482273,1.02340369127487,1.0424260983702,0.819778708565259,1.1727198801718,1.18883171361038,1.22428237380759,0.893068052541972,1.14786411142274,1.31196120519638,0.846128382188683,1.0925698825632,1.25718064981153,1.15395437952333,0.931513903147192,1.14771939693341,1.10934565441705,1.15211187788961,1.00741925320182,0.965476653224665,1.08190943592008,1.28613706761129,1.14425802010232,1.21104241187622,1.33309441718353,1.37073981952877,1.1652465005384,1.33783093844843,1.16781227057913,0.526611206931066,0.460885408933047,0.637592312321754,0.713117084676556,0.507237329823284
1.40009287681519,1.04660444113032,1.27586261933031,1.28127787216478,1.15640305104458,0.947502283834561,1.06659473533618,1.06832430852148,1.03814157379847,0.7571887119019,0.776476090395267,0.821011040714856,0.853875805427655,0.78845437660448,0.992701088691957,1.02187731978178,0.757265908700774,0.891287986136549,1.02237880466843,0.817620682509647,0.725405606322104,0.752122312758381,0.722782370681951,0.546941927906226,0.510220107342633,0.647288082398484,0.412682600896346,0.981878262568777,0.530786270229512,0.585617898744927,0.736228327435895,1.15271465913555,0.636324562540483,0.610678705619202,0.789157331645587,0.764615982656656,0.757690367895231,0.812269283138636,0.764030211284321,0.732983702211742,0.820582064541216,1.02482272869271,0.872829615616072,0.852896726997758,0.891827059283872,0.824882731134381,0.748112657094062,0.842673177213383,1.08936984497009,0.887929966338563,0.904143754818121,0.818264117854748,1.08387065769609,1.15686551869001,0.87926056468924,0.924961640085726,1.02570588618011,0.920610036236307,0.881252537850283,0.889653837639322,0.744249795091828,0.691127673372387,0.763622765454471,0.744643885473711,0.661173142785812,0.56838647070358,0.698010386703607,0.766704197305289,0.785957113434157,0.761143388690995,0.701524198919601,0.779677918942899,0.904649737868853,1.03276366202806,1.01790061866869,1.06576394744974,1.17416055617733,1.30382866042539,1.23517411941595,1.20367755999514,1.10290875791064,1.23153076034637,1.15894831163849,0.951339218079001,1.02502248471102,0.927581821842566,0.909126236723789,0.83673086712006,0.886721812583974,1.0984944637504,1.2047273992928,1.11375309265463,1.07700126844457,1.25616338439782,1.55407055584048,1.18881844083524,1.12238489599498,1.13762209887423,1.01924254288791,1.01818652888899,0.987282426110143,1.34310181725904,1.37966624433098,1.18873417798116,1.28033423089918,1.29776725114458,1.24255687631005,1.23450946767467,1.29765317327225,1.21626839231072,1.04568825408487,1.33956508465078,1.54467293363545,0.961287469962818,1.04215660441549,1.18748770643799,1.452471933332,1.2137617535485,1.26799778811244,1.18775121645897,1.53803499244476,0.976488648704486,1.03699096735526,1.15207773716358,0.839423065153325,0.725859994812595,0.921108406323429,0.859088007302897,0.744043214507028,0.797961955463433,0.95275168172298,1.29307636277535,0.598004047538089,0.982747781040721,1.20378527710668,1.24504335369619,0.727135166345047,1.05125563215181,1.15941475459246,0.703624365970952,0.781702306939077,0.88131185467287,1.06829198664158,1.53527442835055,1.36272492649263,1.39509410008841,1.65553518194672,1.8357501934548,1.53223574473769,1.70391201387805,1.66106436823428,0.838151453869739,0.838081564254385,0.968078892891757,1.02998788974493,0.975782863430027
1.14105040052952,1.04410546729663,1.3419418505841,1.21699743618007,0.90099961196625,0.912829423081193,1.05178410032642,0.893777383901126,0.779912939255457,0.737910640720042,0.759773567792879,0.754114255989606,0.75167097461445,1.08939139420965,1.21510505042277,1.27064335172981,0.979894187780292,0.995930053248769,1.22909332569587,1.11688313989537,0.853486461306557,0.938018679997868,0.818129232323194,0.842786647862181,0.789499422741038,1.01513804975769,0.599825263573464,0.596266268447167,0.756636382843589,0.759474866871278,0.698784364668458,0.709814125681109,1.14036439574589,1.13859119931944,0.732964110983158,0.729439490561969,0.713928141173688,0.675809018582894,0.620062620161551,1.13022284174857,1.10207181383138,0.741566554969932,0.780858095912827,1.03997988635302,1.21454066658896,1.53011756653318,1.42728269190425,1.49572836508129,1.62567648018934,1.4473857785248,1.71603721646923,1.64786950721992,1.87970392209785,1.9627422379428,1.38761549172742,1.32876673137706,1.49033164882668,1.39121123958433,1.19710014594478,1.42738388221498,1.11115143096893,1.09377127986636,1.06507121932954,0.668719286274959,0.745860005149294,0.897500590975209,0.861419202804819,0.749153787801625,0.788851805298321,0.914995813354122,0.623044987541524,0.708496463776014,1.17160071758083,0.904077223840536,1.10657827118853,0.877822249609801,1.03595730569058,1.17439768738922,1.19120901986131,1.45194268151516,1.40051398413236,1.34382056506643,1.51877423453899,1.41521934162749,1.21180953245617,1.18787457773435,1.19345010668271,0.987384907447069,0.92815192676488,1.05757668252988,1.2378775069688,1.09475228658462,1.01714385662616,1.31753858799559,1.60745762139162,1.47972407364868,1.07565564604635,1.18512286409039,0.975882599987502,0.687019166594514,0.947097028406775,0.929753983413868,0.633455002564489,0.782875853498639,0.796297217144706,0.779694909446427,0.654999739379426,0.647956049754591,0.656249550261115,0.691228653333719,0.590191217500732,0.766569466613825,0.893998975552251,0.744547662726168,0.707595424660938,0.819806466451612,0.931051776501214,0.76528201636732,0.871465094190786,0.847480241560704,0.987414343133698,0.714822638370454,0.863725282435041,0.633989644713118,0.679456388520192,0.578865302961183,0.68535435337946,0.590512347950143,0.44644854941575,0.640906812090283,0.647447542267354,0.583789065970816,0.789683896072448,0.991882911489963,0.874562384833899,0.958210237385431,1.27894751160989,1.15219525857604,0.998797020305742,1.12611923882808,1.24015196194284,1.07690217492136,0.945349832160741,1.3875019219793,1.28740194359546,1.40659332653908,1.28429624317606,1.29218757011008,1.470829148601,1.42998248550326,1.26149874882469,0.521258714967518,0.543914155716043,0.48248246691633,0.797429254390862,0.55010182942084
0.918773908934421,0.846852921018147,1.0380633339803,1.03987010842388,0.944808280187453,0.854931155228503,0.864268692888626,0.899997808195194,0.921091106150787,0.824198057564553,0.912638010817818,0.896097019169262,0.903455033949735,0.850877020863174,0.837685753814509,0.891597071554889,0.918533003705137,0.795267073936215,0.868123084117874,0.932624581671742,0.827518298379913,0.874955380485702,0.735504007829003,0.725993995469542,0.807775021548211,1.01025008909396,0.792798761895581,0.681711667049746,0.600009560929264,0.932122190418448,0.779541554021727,0.678384326574917,0.985396888532191,1.18019233022812,0.756914079526178,0.808075621350026,0.802974886986542,0.659726938065337,0.644263104403385,1.17124850867868,1.14505139301044,0.806204435643627,0.973269821351025,1.22822253385392,1.01528295245929,1.43672074117865,1.49753316028985,1.6160673207177,1.71820448557726,1.80280079828976,1.99545110774123,1.94170146736681,2.14065101619504,2.28008123770623,1.52750798170969,1.40128739379443,1.53290120745634,1.56020093661597,1.03078671247565,1.21848691920618,1.05769790994467,0.996258605853847,0.950856198958095,0.721971524548588,0.736454944783886,0.800086067612376,0.669655519924132,0.700227168648823,0.821907437072779,0.927071530875904,0.996983178058601,1.09576541320739,1.08841801910908,1.27755697716611,1.11056442296915,0.926499024516936,0.906763988524924,1.30546484440471,0.958357688274142,0.920221067120564,1.15649949559068,1.18337988156182,1.11636249975501,1.32051565756206,1.18590804036408,1.12882714947952,1.0398055220027,1.04922294328529,0.936377169140538,0.951136460772829,0.7672151441493,0.551273511211988,0.547642574883617,1.1272446367038,1.12899613017128,0.495535084053331,0.495367754940548,0.519713278312473,0.503387087501048,0.745886171870207,1.01841700061428,1.05226050168207,0.799147160889592,0.839459411641073,0.839011426638554,0.671356531213875,0.601453095516633,0.698545276301203,0.67353392465482,0.804092936625068,0.820295442532299,0.924369398283348,1.15325838989846,1.24978860663981,0.970945570434619,1.03422699014344,1.43510150880052,1.19044080064654,1.19000245649554,1.13921242439539,1.17906647389245,0.83710703876922,0.974204515485412,0.962139425992194,0.865438721197642,0.772395470220509,0.865827402077154,0.799263146511198,0.624902420319522,0.781795302636551,0.702478692309475,0.612817212643291,0.932405629809366,0.936102383028303,0.716351443182582,0.818016313029993,0.958804634476111,0.899594789381368,0.976190445988353,1.12225540896086,1.0949382346317,1.04887129452496,1.16402251476168,1.66452850582128,1.44760481634061,1.30789980172466,1.5913760011833,1.82964508749723,1.48234831408988,1.61179584910458,1.32437502096669,0.615597036361573,0.547618149658698,0.514940408759501,0.541679886714634,0.568081768735726
0.87501379899498,0.708322823669107,0.830546751477207,0.805366020663601,0.857887549341618,0.706275246044651,0.753495055393733,0.733362316047946,0.825822686781832,0.745792828721335,0.659471598690446,0.622907328834121,0.749784757067064,1.03108256342431,1.17793839663914,1.00516042973804,1.04585811833141,1.12549199408463,1.16688337124548,1.02488066747664,1.42724726300747,1.39352927859262,1.00511047057533,0.830340885093449,1.02863122956711,1.19601900071216,0.618810655197064,0.57650477852814,0.80252921178947,0.978813985726759,0.57055031440424,0.511301527675787,0.538096381858468,0.563833545706014,0.499703551824525,0.605153427367355,0.677855535648675,0.807605905127941,0.767669637807704,0.658924316185054,0.719073569088849,0.666433189262837,0.694730981078572,0.848714247671189,0.797571615494794,0.985841331394412,0.684646279562712,0.775680270189633,1.34385232641464,1.11302917476795,1.26043117393069,1.25284023056011,1.63795293426591,1.61995324794071,1.28712501119999,1.53014580769626,1.7924046909918,2.06626530265197,1.62663198787375,1.52398261886712,1.24606876783617,1.32502684698877,1.78311117645172,1.25206590448351,1.14355246348341,1.28698123242557,1.25397339657932,1.23929191945582,1.14122418809548,1.25327102898713,1.41499860141357,1.38035610179127,1.52403675419684,1.10639921181249,1.20077164595348,0.797952204821321,0.952645609215767,1.05696511398326,0.808504094086516,0.71369162813363,1.34973591153564,1.28733716894579,1.47355072197995,1.35604021108991,1.2582492042984,1.06677310615437,1.27269032149254,1.28813844599968,1.05055427256389,1.1949790398671,1.23136146772623,1.11613514960995,0.878144999076607,1.13548984221525,1.11988128923155,0.912570614217779,0.999895996237673,0.928995232835992,0.971172257756901,0.870381032825997,0.904041838843476,1.08158855074196,0.959525683422651,0.878896406368072,0.933231071119104,0.792841138940861,0.708223316403879,0.739738390880939,0.646140303692835,0.557101789214278,0.628336842415665,0.694469813038075,0.714265827994543,0.708144486194195,0.774235218083408,0.721838058220915,0.81029621363926,0.831260650468149,0.901257549089205,0.834661655918366,0.742916994180436,0.716389038430132,0.704625218774894,0.73241926351381,0.729497723244417,0.705390934645757,0.609240597551719,0.642112784192594,0.60164507917802,0.599624512236196,0.616018016703632,0.600898326509511,0.579468717925023,0.592126776925408,0.677492938918656,0.779583095930756,0.692065722835371,0.980618367917643,0.906405912521162,0.757987240878732,1.19027442276773,1.12693253315389,1.41724237257768,1.66510960090457,1.66138808429874,1.37132240044983,1.75298553959258,2.02365389972226,1.54310341297148,1.8806140608853,1.42478977181249,0.922399963250109,0.936037516322826,0.874664413223166,1.0893359956295,0.953678572911369
2.33919749607666,1.87435051789208,1.71250533348326,1.69613831502619,1.70637563509858,1.60199939303841,1.52123409120201,1.44863025359046,1.50630740056397,1.36112960769384,1.10320910869844,1.12656039726466,0.91118755135137,0.894712917288306,1.10057984578494,1.12230666676427,0.945842809769167,0.92822637674536,1.26019485355654,1.09274496599109,0.764583234177542,0.966894353271121,0.884067497368751,0.816475942757003,0.738997334267132,0.698320053140938,0.497296168376443,0.719230662878773,0.503347975450611,0.724107309189852,0.649014415194106,0.660104935433256,0.782267524343742,0.790388309006605,0.678162839062823,0.631798455229047,0.60279844903221,0.670615111351333,0.596538545004838,0.751508883011887,0.72932105948494,0.581667961871425,0.661005277088706,0.860566460754393,0.97733497370429,0.888321185198678,0.727380788906113,0.958793780532805,1.01056543931648,1.12923993714588,0.971860261301695,0.910358249125851,0.988231308345492,1.1371582476876,1.10001789572214,1.13211130268587,1.22647765271032,1.07435686659829,0.927464657659866,1.02138574962079,0.804411390595362,0.775262190433213,0.851050162955835,0.664583774837842,0.676124576833029,0.766873727172915,0.483605446761969,0.38618402909131,0.596305966847538,0.476667854307738,0.424376714474022,0.464047303162696,0.927490666036922,0.938045323328942,1.10750059966111,1.11771342591474,1.19521743484286,1.1441738171555,1.84879516042682,1.58649461839851,1.38920016359047,1.29322994059458,1.38318700541102,1.28254799412152,1.14888199473172,0.928398982036654,1.05202641787485,0.942052755234353,0.811343059183879,0.919356390900453,0.885978936993621,0.696399392905294,0.673967776226265,0.884489084523087,0.741705398142654,0.585240224486277,0.500469572978601,0.666028540061083,0.618336252397681,0.663736315690077,0.794996407078276,1.06738847788807,0.881430512859665,0.870862856085886,1.09599629131273,0.886266762803603,0.751789105754883,1.05481706201407,0.845390322828262,0.722164176799482,0.680987048317179,1.0315007241937,0.947051994448902,0.859014582246583,0.908905164140188,0.955987691519286,0.912622070867708,0.804494732837047,1.09384278698601,0.948276507710639,1.08582196224032,0.99246360517131,1.23530325468535,1.21997154245431,1.30632823849333,1.39351548291106,1.22059520911904,1.21767905901449,1.47261739264289,1.29330881944558,1.3928063197813,1.63612707400115,1.52579683050827,1.56054279037966,1.36006977504847,1.2632662518667,1.54838076544068,1.33593890641764,1.39301564890561,1.64442723851547,1.47515531602743,1.28819069446845,1.22853750103479,1.07681959427766,1.06024839128653,1.04740650929014,1.04694053162872,1.26083737800281,1.17659316151277,1.31870123778225,1.11850697997054,0.340046694706635,0.404201151815992,0.407306181720453,0.418153104714246,0.425523154813512
1.0201505318517,0.969768037636979,0.921530417835127,0.94499172930142,0.751416092555805,0.82894341121759,0.933755555410654,0.845177675009642,0.6982399326498,0.799418872204401,0.838835686871191,0.683296653910668,0.662663265247658,0.917579550524894,1.20669574098216,1.09161296124286,0.993094540260418,1.17749444380049,1.26538798272905,1.30008902248209,0.980644920854144,1.01963195898217,0.947229891961019,0.885027977543404,0.828323909057517,0.793685852531472,0.52579904362539,0.792042500080116,0.61735386100392,0.890026589766369,0.868971747189348,0.972658714513476,1.21288930137772,1.14434636515079,0.894157048078017,0.951250085558099,0.61629603800589,0.634937078350399,0.875205817217135,0.85252081338181,0.738198359528271,0.720922964130083,0.839545992304327,0.852797944477336,0.824820207994011,0.902582660302876,0.878454130392056,1.60621165781036,1.50852070380313,1.80045910281841,1.86173439832472,1.71770724294141,1.99911157253483,1.91849593997506,1.43765642251826,1.42823653311325,1.55752470613914,1.15540098989473,0.875392008872282,1.01328425308322,1.01025339059447,0.861509624897573,0.791156909065654,0.820806312369223,0.845553228054586,0.917474385151326,0.757266072010867,0.785037022980632,0.709341819162461,0.726089226158131,0.993887686491233,1.05343095518619,0.911230719224591,1.11668602133039,1.3299768629547,0.983169098752541,0.982223051162917,1.16157084963786,1.24363107877926,1.12308008687109,1.72444211682577,1.44125121802742,1.51876900134859,1.89222733741576,1.40604722369981,1.19367117996095,1.16348852166939,1.27294256863657,1.05787482700717,0.905890220089854,0.99701296838213,0.870473269139233,0.979444382120078,1.05635125539318,1.19840281363231,0.910080935089132,0.85139087003743,1.04689237035546,0.999870224762607,0.941568888860307,1.13964376958229,1.4033666271873,1.09384783120797,1.10586670386605,1.32771818386837,1.05112387473982,1.03176979448481,1.1731274557195,1.14741050707182,1.03377413970532,1.03003807840745,0.832211542682788,0.834934155845884,0.586236839750567,0.594268428353342,0.615807962606915,0.570970501218741,0.57702363085655,0.570365665200737,0.599316692110368,0.494127541643942,0.598889233750016,0.655751789289345,0.535124698791558,0.60456268632672,0.647583326153891,0.724504349965719,0.618744300709548,0.788971293158108,0.907968586603473,1.04963202098565,1.00577431734808,0.932347878384463,1.13752935164919,1.17463558258404,1.15909820954291,1.04160046076947,1.08248416487614,1.05597408884181,0.975364800261939,0.864190435753467,0.738832344438799,1.04089373006027,1.31000275796818,1.07218719997273,0.986955536724036,1.25702266484021,1.58906751810684,1.1880152108017,1.44091254845102,1.10022417107569,0.682191880830506,0.699877752397664,0.680188297278781,0.801409552498245,0.696871330499881
0.578717078164292,0.535821511683656,0.744343591173203,0.736504569039233,0.73627387883915,0.653992563364387,0.633769781956913,0.6301131305016,0.776008320657849,0.764385964875736,1.03085205753265,0.843945264570679,0.856817329075453,1.01364116225225,1.24837824405939,1.00589824264879,1.31839889689755,1.48655689439268,1.53931767761813,1.37407191675104,1.29864676338513,1.10588890828326,1.08855111566136,0.998675240583971,1.01168084426631,1.07603454731651,0.956959752716697,1.16309530872019,0.691095814874014,0.714369357217626,0.872813783443858,0.861864624245032,0.788487926676777,0.812691204783791,0.839168889997086,0.856683495441096,0.862296222094161,0.83494392388417,0.801579383810749,0.790750973001613,0.89137532449585,0.814777432958292,0.795666146742929,0.709772840629006,0.715752674561204,0.774078784513044,0.863078875058711,0.903205423457535,0.939931462235569,0.825921571083361,0.945525983498887,0.952472316080817,1.01037897260003,0.995444983651049,0.905119854582449,1.17592570299004,1.04342277414005,1.09664642391531,1.09086753279404,0.918947486920959,0.96224225963001,1.07875950724684,0.942239155527785,0.819106582086376,0.986937266876733,1.00077515191692,0.804044228359601,0.974491778499396,0.871831408132739,0.853204649380036,0.826037818395492,0.9156523578147,1.02436960766764,1.13547322574386,1.1998225223175,0.930832056004026,1.06370737743848,1.2450317389015,0.734807620574202,0.886619249796089,1.3006523868419,1.08683283179332,1.48810059547281,1.77525039646492,1.35511795976165,1.28252864277396,1.4441958893931,1.5317121939645,1.2228258262328,0.946712899894196,1.10978883986482,0.955182150499576,0.92183243838514,1.19609846566344,0.878761838265481,0.683305319701958,0.680305125176317,0.662615992916602,0.71730739826163,0.868901342456315,0.746519080149566,0.856595200843259,0.960695281294781,0.873863419076859,0.890936312195664,0.993134672972257,1.1186645787123,0.994903341283726,1.12337854624694,1.1753619067259,0.992956874753195,1.13644594615127,1.26662253248912,1.16623353582481,1.17198440304861,1.24904413599293,1.50813801970928,1.1973760677491,1.23064799271361,1.12189753520493,1.05501334356801,1.08387605760473,1.09373344306195,1.25709914738936,1.0767171483267,0.96047863400163,1.01790980414043,1.04172079173063,0.974796838626399,0.714068043448391,0.880913860801949,0.850680928384039,0.54727383363691,0.650832478058446,0.901253852143989,0.667788135872013,0.519742913558143,0.705838818521694,0.77049294702985,0.637219750440628,0.906878546378651,0.961754493048713,1.34660127774072,1.58663040952696,1.44971443413563,1.34062197589852,1.86107558278899,2.08389518535902,1.72422722231186,2.06494090180316,1.41858725155955,0.638150412737886,0.689697231777862,0.68053746696053,0.742839337583938,0.654585297442481
0.973420394834877,0.839210716456569,0.961917103989072,0.936973447165504,0.718575027300074,0.857850189157615,0.878264425240031,0.731428850023969,0.712351772925541,0.787315599652696,0.932989622797418,0.847652112980904,0.899528756440623,0.929918416669175,1.47348149810688,1.19264456370057,1.12755128297262,1.2858563182531,1.40584172217171,1.43662142916307,1.08967280897822,0.986290070944277,1.03729308671848,0.861448473946007,0.810610073770274,0.706596613147382,0.554716429594981,0.530617831657929,0.527180188087429,0.800065178834199,0.729697940246528,0.836362305070983,1.01607561420914,0.985252509706999,0.888539587910592,1.00370193174722,1.0190940929596,1.06838525484367,0.8299688021508,0.989690492161316,1.23773698544379,0.953524100482643,0.969061325836911,0.936196943677588,0.999286446868022,0.943471426360378,1.18399853046967,1.18263653166743,1.1174855221733,1.3334984043995,1.16031381617051,1.09870267664222,1.17517402290166,1.22253156002894,1.00987783432969,1.07857804689763,1.08874482623672,1.05820529062245,0.677595697035501,0.766570798899181,0.828545932799463,0.726065420707528,0.741152488116678,0.663549170615121,0.715517786098036,0.843147077592871,0.703815398334093,0.768226366590141,0.839336148149803,0.861377031582691,0.968709752557886,0.947598856719155,1.1652411233245,1.01082997630468,1.1238445876675,0.858104516759778,0.941093461075934,1.1299965733619,1.01850069935357,1.05075680944054,1.21530575511952,1.13831499986726,1.30971999262113,1.38633236720233,1.27222141896743,1.06739089598026,1.14602918711641,1.20554728241555,1.02294346152896,1.20132185617632,1.30304085255045,1.09368660472566,1.04814175026295,1.33554659624303,1.41256353404327,0.974731900017065,0.902495054775997,1.0375069922948,0.901106089579994,0.730167400114132,1.12479211995409,0.693682338702657,0.810026789996098,0.673936037983757,0.692958668894786,0.622442248788174,0.567483186709849,0.554205794397743,0.544586310787824,0.495032182438488,0.500718834388572,0.749071452025063,0.779240254831228,0.841842055539506,0.770782147279478,0.869896621774524,1.02624874026138,0.958266641280107,0.933983504761796,0.929741136986268,1.02966383338065,0.705074849970988,0.872394325780754,0.805778583132594,0.694648087800908,0.687487256507798,0.701902613508679,0.616109321879534,0.673211002209257,0.677202769279598,0.608576678322685,0.639894930826323,0.782689750784011,0.952249390225931,0.863167616083565,0.990646378785804,1.14105702332088,0.963401864508103,1.12906922131059,1.42881938055589,1.26503235927808,1.29289922288136,1.69586719702338,2.36775277337658,2.04381183132246,1.94784358975208,2.14887930328903,2.607564362829,2.05829925878097,2.4594805428426,1.82957841311275,0.602401568110221,0.579814333213996,0.615055807892524,0.784145183132986,0.59622581461989
1.30601411561576,1.04763041890623,1.08844238118556,1.06468717319764,0.74191359413996,0.8540649310359,0.994164210689501,0.749443719656995,0.628695596586509,0.786212565268616,0.959195102613303,0.735030134053718,0.900275012656561,0.853877288449878,0.984673401533128,0.948773379558641,0.876273741027589,0.948181216461015,1.0625001291921,0.937813905427514,0.869283645400588,0.831713946591214,0.784233080847902,0.703370737075884,0.681996255230088,0.92171671967967,0.652896920563185,0.594046458453698,0.767284776215094,0.682909529540158,0.5685847713204,0.917192211478074,0.864475891714616,0.890569243247723,0.773851822968254,1.10603100346738,1.30504644891684,1.4738024935955,1.20273988611624,1.15527420304577,1.36112685743108,1.38800117733903,1.45144668726469,1.42618376715679,1.16153777303891,1.10411224075735,1.32543872837766,1.06460201054593,1.15815973783677,0.74671639670307,0.97979360511797,1.00223283459928,1.22391800795913,1.11577760120199,1.02181471260197,1.24701355569606,1.26309524281922,1.19727443007163,1.21193190574996,1.24023358313939,0.95221072211221,0.964577705912699,0.840789359473731,0.856085629367392,0.789270481157457,0.69649803431408,0.646402534394234,0.722660955207019,0.777395011829126,0.76208708199952,0.935302645121561,1.05124190070645,1.09784156882845,1.47561127549959,1.42033173006289,1.15920795477659,1.28684757032755,1.60198841010833,1.37871773302204,1.52772119129367,1.76018184458946,1.67243410802429,1.51679260054843,1.68915405999848,1.34525541692319,1.21366090351248,1.2224588104065,1.04903876065818,1.01271388983626,0.900360144386266,0.708433725257304,0.796620389632861,0.698081128202,0.925313042122311,0.756697396861473,0.640159245920658,0.962985500012713,0.857981614653864,1.05317536511372,0.993507013986355,0.815215509531438,1.07591131989833,1.11737757693303,1.00616808380665,0.930274401882447,0.925964365073039,0.906275647679804,0.838803938368338,0.702096609780695,0.674513759646591,0.57373087746198,0.647987307892132,0.738354851229103,0.66961664216904,0.645001402586978,0.846197592001572,0.941408352712907,0.824899418199076,0.871034061810703,0.877476754788482,1.03913720885226,0.824969349435117,0.737610986487506,0.926330594379655,0.659322004088718,0.597278512133013,0.670535449205868,0.637041825408462,0.617872490841291,0.605024575947227,0.74785131243704,0.810332537775476,0.940996011473466,1.13940675110442,0.895176013178318,0.964913669005456,1.16997888212878,1.19663703708513,1.05924475414914,0.976542176303426,1.21426241521628,0.950225579173638,1.31209256718747,1.54489554289244,1.32602405305343,1.1739655650048,1.52875270754915,1.86044733180674,1.42385383031762,1.62416974175248,1.1932258449761,0.698423760097979,0.758255721062246,0.990995919979968,1.06558444161877,0.867226989145124
0.679042140970681,0.603827893567714,0.626428689475193,0.638146318708606,0.570122134139495,0.699021504038731,0.740716263612821,0.762554518918806,0.705304540308998,0.707333513115063,0.985541460267867,1.22675964079932,1.17555304521274,1.33543899043724,2.3233668856121,2.12358951104826,1.71511310533924,2.07306385472707,2.68768166352525,2.50414806783049,1.58990530725898,1.38239019527006,1.72116464428809,1.30775253556339,0.870495533955405,0.576447726186139,0.580508551378944,0.578728176677274,0.585986764819359,0.868975740403905,0.740505381288148,0.764594511985861,0.857231687422415,0.925487241338676,0.928413642965187,0.99394203167705,1.19621212090347,1.30600554101405,0.917988067080253,1.15263043139717,1.3967452803789,1.16814063021743,1.10886574887494,1.4493689242425,1.20103369797115,1.10081272256145,1.3097479455188,0.953371323669293,0.877874786072207,0.725502945169954,0.68712841909256,0.719209725760041,0.80577826001171,0.741676005346066,0.60425680897361,0.6521624888403,0.740872546502928,0.668039710186476,0.511313178255622,0.88622225861672,0.64332525990347,0.632334099445998,0.568202628341008,0.646873276512571,0.554076515543128,0.933907026760567,0.443185102680558,0.430712723351449,0.933446298990385,0.768855886931717,0.64925953097548,0.739340666127366,1.17478578064692,0.85904946563015,0.981951270482207,0.869660824094579,0.977368816720064,1.02002819720936,0.897131681563099,0.947803062909518,1.05571059702194,1.16459247140598,1.13921130709133,1.02714954545428,1.05547657075773,0.895300785686696,0.973065337844952,0.791936911592129,0.647271679341906,0.89844421578511,1.09338985252502,0.634871886728385,0.622565140438295,1.47966853815761,1.72225062332644,0.783957186654058,0.761905113901127,0.877347471945048,0.727850188469217,0.620923536933863,0.689002069549331,0.53808140475715,0.514038396970021,0.67584489783868,0.662663519319679,0.64884381397459,0.63308147874263,0.718305921130469,0.617304245260986,0.515249897720264,0.535329563116822,0.545373214633001,0.517674587976699,0.960807592576075,1.00695982119839,0.837720593738957,0.971192086676471,1.17470661255519,1.14249555487424,0.717564195830234,0.833422025897077,0.956711870056067,0.812201985726368,0.834332049837816,0.693449721346653,0.523751685169175,0.773617879619759,0.644025875865961,0.559000150802695,0.633294422064841,0.649300651108903,0.651966771054224,0.666627700843308,0.743697134839835,0.677582101146917,0.732798839960586,1.05634883611901,0.93481728269573,0.910411372327859,1.12096150013611,1.3328451604737,1.1094335189782,1.53393850821691,2.73966352334861,2.21031433344695,2.12847240806624,2.94865945798362,3.66656942849405,2.89110853856613,3.26958735630924,2.24002410029336,0.327316752594486,0.318268826522799,0.498011661521733,0.617351049346782,0.457445994105549
1.20508687433798,1.22475089785018,1.72068774547633,1.64183259078772,1.5484724233279,1.20162158514114,1.28453495513725,1.48758759778737,1.17124448705573,1.00943635610862,1.02853845743001,0.928381735859059,1.12224950403787,0.858585280572403,0.851953599868007,0.730795524276219,0.72186433175005,0.762912252376509,0.607310119063505,0.641803117910935,0.657782808184696,0.753892551773402,0.577595919303648,0.577946928588267,0.546883026361149,1.22898025380171,0.585978411539738,0.566311861368921,0.477446443141343,0.709593250584151,0.651135352170329,0.650833420044822,0.800883987911701,0.747921127005525,0.778332876271953,0.795314761893388,0.860545664880213,0.783062991038843,0.704274183961839,0.943870599043411,1.02231490434417,0.915935416303901,0.988192852060103,1.22514751216394,1.13295176268901,1.28208348333812,1.02784976510175,1.11863038397307,1.46298622166482,0.913644119448896,1.47885876006252,1.48658843060825,1.94948139731464,1.84489700802508,1.49622084914299,1.58469853396462,1.98249473141631,1.94147166882871,1.86944295767977,1.90080508170924,1.35857211016001,1.32721693443584,1.2215040452835,0.844946116910109,0.73480929640618,0.728550059692429,0.619945974362877,0.604457556535617,0.602743346856226,0.725858066093473,0.718675117589947,0.715890319289515,0.855614591162339,0.963866121794269,1.19830292344556,0.816354848723241,1.04638626034943,0.992859822643281,1.16907900000996,0.849425468798445,1.55454476116654,1.35472128646105,1.48850094830134,1.63952780442957,1.36985908119053,1.15152899326147,1.27690936564964,1.30532326265151,0.95253303661634,0.644618077836207,0.628149963304278,0.611118597055195,0.568833716715436,0.82554133333893,0.710794079774889,0.533039865483712,0.50084815776449,0.520694327379734,0.480054555874805,0.473442334457322,0.6193308710858,0.622327294089131,0.648478232996128,0.557076199808535,0.655599760294919,0.697408421543994,0.568030718997796,0.638040488808352,0.674038164933368,0.625002194187718,0.593202429400058,0.511588237901214,0.575523748226877,0.620827327505244,0.568996216843911,1.10274574113903,1.34377590635201,1.07239005158404,1.17008401548625,1.22643517665599,1.51426622527817,1.14775105879227,1.16602597043359,1.27120731722494,0.673554927120927,0.951341563636851,1.27649782371006,0.876588010052451,0.839057816161415,0.996633644424411,0.829616071323503,0.688136431365099,0.798128132258614,0.821324549776527,0.803211432426373,0.842340922168329,0.775682660316889,0.824134628085367,0.720905082329354,0.784925910291231,0.89263547046443,0.890053659008664,1.32903233248624,1.93282838772199,1.63155597305343,1.4996717985619,2.05845609216374,2.52072259771439,1.93780942563636,2.34117250068972,1.58792029471261,0.458305365359468,0.427638693197811,0.424169251288359,0.46568159371905,0.451541965086144
0.740538426949671,0.828517218442207,1.0119175118685,1.00608667986892,0.917060309828451,0.782879358276867,0.864451490113089,0.860521048812216,0.837393951068621,0.849375830563339,0.889060839529379,0.712013411685268,0.761174031471165,1.04771436444319,1.12038187904339,0.9165761978371,1.15757671908154,1.24798520679288,1.09341847010615,1.11602698030312,1.20607531592579,0.968914871260974,0.786441053128831,0.850131971585021,0.871278650296145,0.949262229837712,0.741402685223354,0.960186269400099,0.706322438193977,0.851917651505158,0.914281657801571,0.831251904744565,0.809668777209718,0.656084024136166,0.914325491301255,0.626364657654758,0.611751178769383,0.621516464184206,0.599235095821963,0.877593279220701,0.989735246983028,0.826013040528075,0.985499929587653,1.28804100279478,1.28483237763752,1.1354730237219,0.884601212494147,1.31000145672526,1.28715816952396,1.06654510304762,1.25743425682782,1.08897479339174,1.44507941638738,1.47109294889947,1.14699445012111,1.23879367926721,1.37665185417506,1.34723277289918,1.24136445007811,1.22924614178415,1.23928075367713,1.11153234290363,1.22408486727338,1.02496546180461,0.893368601269456,0.943868733065794,0.88836241040422,1.13189789712432,1.05982251837382,1.28885735453231,1.07492004944279,1.18085307515374,1.21087112019288,1.46747275365264,1.46784984502691,1.03732154951403,1.16258600059251,1.65725270043773,0.89471769060203,1.07682554157049,1.56716322887409,1.6917894509813,1.75841677038349,2.00485036749033,1.58498702169481,1.49964245025791,1.71531453353491,1.65753270824835,1.11801693894841,0.974838710441662,1.28704630963072,1.04585965219517,0.81402880865538,0.998816025581157,1.12390049145289,1.04626080579519,0.80380602881004,0.845484561630158,0.684573092874657,0.709556816348106,0.733973665071877,0.747068847854896,0.762348466731708,0.838586181499775,1.08538359926362,1.03575336399003,0.933277976585397,0.938201388245143,1.04729764055724,1.06920676149334,1.05883749066704,1.00678094233452,0.880092505957612,0.86599078959889,0.889035754781466,0.909768395163611,0.761701414627036,0.668659436052867,0.814121348161906,0.843110484652281,0.838605521988777,0.740676856248578,0.646869166636253,0.866506427241566,0.760760872799081,0.861328994551193,0.691511584052376,0.599385837231599,0.634198293605014,0.647778973029986,0.556145718452233,0.762271026339077,0.538135064209132,0.686436708081458,0.859907993976325,0.856289806618226,0.662343262900386,0.911647333485498,0.794102375741097,0.720553740532214,1.25388681582553,1.03983207310786,0.846166060097787,1.16560589654809,1.2442966777596,1.00713372978724,1.17729485671031,1.36910575626824,1.20585210092799,1.41653892222361,1.01329412401027,0.79219349791604,0.739572930135788,0.655380268254177,0.849053412501065,0.716103906311351
1.08635181892182,1.10289522503182,1.08801029276147,1.05482954953632,0.99050277542978,1.12052562269139,1.08196691237731,0.890244182513418,0.950686513104553,0.925203582661778,0.688883995410917,0.637000773578202,0.750348594665325,0.561368772624499,0.596507905133551,0.604076990882257,0.600492769461378,0.508674700629521,0.530084584035736,0.586881420713491,0.571507761398493,0.719248052965527,0.715055152794762,0.718453388488957,0.636130387811039,0.816803153360991,0.953762609451725,0.96767909753167,1.02492044214279,1.2154391273123,1.24800675656483,1.35620417374527,1.37704680765364,1.47485449033857,1.51489983236745,1.25832038768228,1.40812707976385,1.42913599067441,1.25015607273508,1.26713462614909,1.49091464154992,1.45691456828554,1.54988558543562,1.13831967690893,0.888049529433472,0.805031985659007,1.38023752904602,0.871731683171858,0.889112364666925,1.04655998498389,1.07312774806344,1.0574424104565,0.986859933944827,0.959464029089684,1.12070857756137,1.24549866494173,1.26645251613591,0.909060751540504,0.857932766830104,0.621589159907893,0.734045532678433,0.795024916233849,0.750803258066408,0.701770177834893,0.698173342203573,0.510258894090193,0.364183399459667,0.456917612717057,0.429990378950287,0.413060764944098,0.517721718778356,0.459937844720837,0.633854428553521,0.672890874946484,1.131781580277,1.11421245186312,1.29569710103731,1.40876990852043,1.3128395983031,1.26406649409068,1.57756140408264,1.3413444399248,1.51776756152826,1.70711451066344,1.36078138051459,1.28814731571735,0.990068279514723,0.924244997461538,0.788431310189235,1.14693891010907,1.37854622547389,0.904623994910302,0.94602019830195,1.34815150618321,1.61234023312127,1.15154721751246,1.03316673596349,1.13986585052843,1.06669901479382,1.13793805431521,0.77529343468483,0.795013424560259,1.01583694553176,0.917694347190402,0.927143565209777,1.03001503068263,1.02045875191449,0.886482663270785,0.879492659625747,0.986521403544985,0.92907119066937,1.02247076760785,1.04855726992657,1.08770058631725,0.863356028804118,1.06530501767739,1.02816235645058,0.748207595953058,0.7461846969186,0.877650625806106,0.947051005650876,0.776799941968066,1.03096694480264,0.996761092027873,0.971768469132141,1.00384653981814,1.07495372679107,0.943998970927577,1.06370179965848,0.992062824586552,0.852168093694033,0.932837094966519,0.927603273374604,0.877206306233026,0.844895179271878,0.657955249854507,0.845646846424564,0.70378196492376,0.803167360322443,0.882810037182981,0.85776258045732,0.820834020950802,1.13712195631449,1.50971693692022,1.39704222514738,1.35288510668279,1.60377340122535,2.02912845654125,1.73075882740442,1.83116060312143,1.4962116766281,0.584398528730246,0.555245555033453,0.886592587707158,0.902424180425397,0.603726372962585
0.937140685265977,1.14749233677871,1.31052617271705,1.29031235755572,1.2103540966454,1.05484442655095,1.05753688270977,1.08532304320344,0.91971681695399,0.949457733257357,0.949777619051392,1.00535039032863,1.08779412319308,1.18527647475302,1.67797556739319,1.50101833357514,1.34633162629881,1.35077861741832,1.72558591450348,1.83157825115445,1.1762090972075,1.08651830790623,1.28940779982071,1.07239088170291,0.623139239027689,0.61477026221311,0.878251557328771,0.791938725569233,0.803291370647373,1.0492928473736,0.919384686531327,0.948872574338026,1.01330672784369,0.788717755777509,1.14497557904786,0.876657751871786,0.894445880989536,0.916031432398417,0.853632405890841,0.944137007260286,1.110696547668,1.11925404034582,1.03459284659943,1.1961516685813,1.01365411407309,0.978869686467168,1.15430038020106,1.19473512083401,1.0977470342901,1.1254011750415,1.0086804230781,1.06251568137809,1.11656216974511,1.08411100240601,0.894132116653413,0.945312043583946,1.15569947606482,1.12904906929142,0.678807817359567,0.909368444693757,0.831411978069418,0.637867554336664,0.706562731206516,0.712012183028953,0.530221615560093,0.835959934753262,0.52872685129079,0.579850053038497,0.74339636647178,0.846090384366479,0.807994162807694,0.655269034357785,0.93381982989727,0.873485565649015,1.07061655178028,0.851174547797121,0.865387717052527,0.925025138519537,0.809521249078343,0.681464386927532,1.19927943862392,1.18944924463781,1.41170916439635,1.91487691876556,1.63365604583766,1.36706687821689,1.50580857184201,1.56525929733467,1.27241199558759,0.90320712795579,1.07721335120338,0.912329982835983,0.846699535382953,1.05456637168652,0.918876474805212,0.746032052761366,0.638188516992897,0.672550631099878,0.769443508198621,0.915039147441897,0.982285615252469,1.02213349292138,0.930214806473475,1.08810105337243,1.34835466319414,1.24655333944176,0.995314336346327,1.16504558504871,1.04499476861477,0.887137675983952,0.987802382600829,0.897044630202052,0.908629919222917,0.9723103501583,0.812468505903231,1.03989043731351,0.904857914286045,0.876697119429348,0.935654879172605,0.818976576035406,0.915255852691868,0.885627370773516,0.83339423502399,0.898020117274488,0.622062019032963,1.01069301207363,1.06367573487486,0.715498876933358,0.840702578073729,1.09320839863823,0.798160533702177,0.707353422460499,0.889191151109515,0.866918244701888,0.957341558201654,1.06896889044816,0.866763050330557,0.916829532862139,1.10250965878322,0.965403214717322,1.12349422162867,1.20471659522492,1.05598273606419,1.09928471667581,1.2004773937342,1.00940640437796,1.05330777020191,1.23094515993695,1.09163254776797,1.30709418660035,1.03712510881147,0.637163713577177,0.723519948573083,0.685207092587191,0.65553970180027,0.744350888749985
1.10254250105907,1.066202926226,1.12063213190358,1.03867339519699,1.02179465127441,0.855851102355824,0.970796628975319,0.899989754368894,1.03122085363535,1.04697675784727,1.00536350031557,1.15206669725195,1.09157142657759,1.1015833395509,0.797156071807558,1.05464629691636,0.785036282648421,0.787049994520541,0.96517209531269,0.88010983895059,0.702781724224958,0.589270348828573,0.526001243129339,0.582500478022301,0.664099028962866,0.924309896625813,0.762429072145655,0.765037165591877,0.7351395605892,0.918588975204559,0.830138992053716,0.721475875815935,1.0812374101887,1.22117789551273,0.779389128788431,0.697866575731121,0.785347797288662,0.746386868092835,0.697070255914635,1.13848550170358,0.973551519787216,0.870342691929616,0.953790456814946,1.15938879297429,1.09242448856645,1.40412741235606,1.30806086881776,1.49214374664827,1.40158076154688,1.51377484013615,1.41209000771094,1.37397345418225,1.45397161019329,1.67322389268243,1.28083089386903,1.06706649697972,1.10073326659709,1.12400257313546,0.96515413122572,1.03082543885222,0.917890706093181,0.777685135435538,0.691257520421896,0.727002389756015,0.673809203343028,0.612878334820991,0.694183233422794,0.636867423583341,0.681738714327505,0.713757270881302,0.954930664324794,0.90114107044064,0.961520849530796,1.18603434830014,1.29401200189016,0.96980247359673,1.07392782750913,1.43062428511261,1.1845133188927,1.38997723913525,1.78338598060597,1.47180924338987,1.59463375429559,1.88433756287135,1.54528120804687,1.28859865064513,1.2701420370221,1.30931110025882,0.982524988510561,0.958080362067754,0.78145552428834,0.787627926109946,0.824767540902366,0.882748324673224,0.771803468787487,0.715943624781589,0.753588972494914,0.72003259095579,0.685371812906403,0.651712755832831,0.755202048243538,0.8654824381076,0.752446581982182,0.693445512993234,0.712363811212802,0.739206458503769,0.711705295802089,0.724917091912623,0.751559672946827,0.89446595517233,0.883748716827499,0.780233143240814,0.755563184829148,0.779830439900449,0.942098435441917,1.06508308916017,0.968777168210581,1.07700558517573,1.32462092546303,1.19172944432787,1.4033345325863,1.14290538909814,1.11082322364683,1.37731245395241,1.43118862216802,1.15393504337105,1.06106274694132,1.08782753404265,0.9048673747369,0.891772781874251,0.915303924135583,0.821450346602363,1.04346116550391,1.17125026823573,0.918400377665688,0.952544823124987,1.08386297034063,1.03591772228982,0.876210318089009,0.982678234235642,1.03315037832069,0.97263821988083,1.22057082326587,1.35151495377805,1.14584662377237,1.0323923539657,1.31450717564827,1.58464816941552,1.2216167505026,1.37392118813091,1.12057763283092,0.702437986158602,0.63267160877553,0.676368479240649,0.777549565660513,0.673054412175928
1.05040519364692,0.977631024780863,1.19833106267372,1.1495566925423,1.16070571586175,0.964050271199173,0.829468687027114,0.95469722247694,0.937507026670133,0.76971615282803,0.555159841756506,0.549702975886173,0.839516706160299,0.6830084590151,0.707805434535585,0.940503613893619,0.857344195512407,0.718737408888704,0.806748954773917,0.748291669176979,0.738770553581263,0.785809931391304,0.664826001263782,0.72920900290926,0.71153985198659,0.769245445900704,0.774898387957055,0.645450824634752,0.691122453400828,1.00764361170934,0.846355838663503,0.822701415536065,1.13318711538835,1.18698501895251,0.921245317990701,0.94027786442299,0.871132020078194,0.895661788342162,0.842169476165927,0.920687029443968,1.04308813239703,0.695664056836775,0.690814332022268,0.749558818438398,1.13474846533997,0.992223647352136,0.921780529975015,1.58384128221258,1.30630598733655,1.54564963257332,1.50218600193672,1.40340633588238,1.5317758306345,1.60837131698938,1.24945112520105,1.25225584690916,1.55957707488145,1.3050973692957,1.17819419453236,1.11807626596088,1.15551701076587,0.881963602489245,0.935112362630867,0.888561196586572,0.728098692948693,0.925447897299429,0.710753251328424,0.73114619057887,0.703861222543816,0.832407831247337,1.04829646965049,1.04724595163931,0.713475104617759,1.38923722922515,1.60112292005281,0.848396270314892,0.983048201171251,1.61012937340638,1.1338691517953,0.931028543452989,2.20006625152137,1.92468895555187,2.19765650517853,2.65111417197884,2.05390656471967,1.61098338703534,1.7441499020161,1.91495771698676,1.3751068490968,1.17862154844722,1.01467722762031,0.925937442587947,0.856084562176094,0.925554552841622,1.0105537311696,0.980144782732221,0.749924011675803,0.925270603501697,0.973317715379825,1.01014307681716,1.0799175657861,1.17663461752208,1.08295023607769,0.836059092201525,1.00855500537554,1.11296714121914,0.950081647859307,0.827615975226516,0.764895258749296,0.753313725156494,0.739302457340562,0.731205060668119,0.881447577795716,0.772441221125326,0.779452699203309,1.03586244709904,1.05677198054386,0.857525542283295,0.880142634447868,1.12505799542393,0.981935192793831,1.03930711334007,1.02707082221848,1.11494192790807,1.07567659702562,0.894327860584883,0.828850599050142,0.798209976926506,0.80845531351116,0.913414296472946,0.732178129344044,0.658883477572471,0.690324682622547,0.823186589749167,0.75353559475667,0.760891803884698,0.738535561318962,0.83919349463055,0.989426440664951,0.947038811447219,0.946888501114225,0.912926595495942,0.980519103233314,0.914261287878962,0.95050200667911,0.938747893764994,0.861932343566504,0.916827062871385,0.928535846076741,1.12498844259485,0.938611901472451,0.547206341718119,0.589958379701086,0.599276680254507,0.727513885648684,0.562268022488156
0.85839821043428,0.896526675341162,1.08636031743383,1.09943616275269,1.09702412863301,0.921897579527276,0.800706865162575,0.867516186588494,1.06563983041058,0.807903920141601,0.803300573545845,0.929974736098928,0.813843318565644,0.731018326643243,0.901317652548505,0.715359419487835,0.938854440548625,1.07597344035391,1.34619872459706,1.22031966897003,0.92789191030298,0.970664774818365,0.972262266395001,0.790203129105755,0.864350529069954,1.11480310511353,1.09670415771262,1.07912325362645,1.03364004934692,1.18556618253078,1.11311470383116,1.11377353103756,1.38899617495676,1.35254802690684,1.29377067400045,1.25334974239558,1.24851974264604,1.71583488505157,1.31811367794894,1.5710648463557,1.83342124518045,1.52464954922272,1.73491982252734,1.89797287416338,1.70235775507264,1.58261598424138,1.68677997661848,1.68923016498414,1.23455191284157,1.41403314772115,1.19703863942661,1.20211122060696,1.20991858517358,1.19172157634108,1.18093202251155,1.10321681326293,1.12736763727938,1.24536105531422,1.22833003060028,1.47019735871265,1.08433661321823,1.05772751616585,0.945633848315854,0.841308073494771,0.914743224053055,0.865477515429874,0.768445807951714,0.766335054381368,0.810535307426398,0.731956846459073,0.586783033971695,0.562336255604471,0.606194559952455,0.477424894019874,0.583686624269264,0.55862118971928,0.598884096847619,0.534211919989586,0.836234470580813,0.687746334854008,0.641294181126407,0.723356738139964,1.03862656603083,1.15176464596395,0.949261217245449,0.927871634219118,1.05920974247681,0.96987758061207,1.04784700334268,1.05371502937126,1.12907452421585,1.09237017541142,1.06429298277125,1.06811443827162,0.887812447763,0.93462414170632,1.19404506194797,0.895227194877422,0.965180953575787,0.873620827589524,0.92743036965645,0.950146819189112,1.15696474055676,0.814662908468606,0.931071884098255,1.11216338408763,1.00666704410404,0.893408919254984,0.910150731227218,0.850057970633163,0.884378112207858,1.0929505376697,1.01293548158973,0.991205642972617,1.06693512525397,1.00756053033517,1.09894564851678,1.1173363354795,1.00332342246984,0.867079237576159,0.896473866737278,0.902627283703935,0.927074965478397,1.03502869543344,1.06424261390872,1.02061426706657,0.809106471742742,0.879815561981702,0.911564921975047,0.935901673021708,0.668475505409459,0.577681417279184,0.660657746712638,0.683068555737865,0.759736949511918,0.744243678444154,0.737227390370208,0.662512026710806,0.876649305835942,0.932100354623494,0.873290420980759,0.868454333313926,0.966721148681255,0.953227579455483,0.871458277470186,0.951682739082491,0.737310435196844,0.738262355900059,0.854734418897418,0.923562518642694,0.815485116684541,0.807378731299471,0.795089346661017,1.01000577541107,1.12103323462721,1.0077222845583
1.11581644700512,0.983901467468478,1.05847376004494,1.05447641560161,0.728922201034988,0.816640640749326,0.954804548451711,0.650936783708792,0.658540285248381,0.818104245668584,0.722134614074568,0.797532351299994,0.857426396238551,0.745308928036301,0.830969288130527,1.04008536937744,0.822054389722476,0.762086365689923,0.98100683675941,0.873901168279995,0.832391161785278,0.587759438387103,0.461006331951049,0.55472887435067,0.505299672037237,0.53000400127528,0.545488353923038,0.532899945527223,0.403131369634695,0.573609538470392,0.451144869078367,0.505988980147545,0.6214293688116,0.517394123659066,0.388252802735061,0.350251470798082,0.447019488546129,0.463460467612745,0.494331300893592,0.853684605695601,1.00104295711097,0.979184961188808,1.06065667706649,1.42602115068758,1.14110898186601,1.14296259854245,1.11928735918816,1.44435950199084,1.26080461557312,1.35430355358099,1.34440205094556,1.22805015298096,1.43690066241082,1.4884085175682,0.98932271240875,0.988411936202204,1.13203962605038,1.16697754262399,0.680532204856556,0.802601381831612,0.782957685774576,0.642883782456147,0.667875657992943,0.592058281539817,0.531086050610104,0.584183721986505,0.604799931994439,0.567994837286474,0.490023438442051,0.49687634051602,0.625651072142693,0.673468546017443,0.759139024841968,0.619748912029651,0.910159783526769,0.735734463326244,0.837899314194443,1.05147662873807,0.970847813528641,1.15514670736686,1.28645020733913,1.13982041788616,1.33990012570667,1.21389270009095,1.00861958036235,1.0496949828466,1.06398904619794,1.03803230900473,0.84583782656944,1.1292792244988,1.28322030284096,0.78476501199481,1.03498823546299,1.7976421631259,1.96119153417004,0.916976623012126,0.790224813591622,1.14004678592358,0.941148400976564,0.968152710530556,1.42622841873098,1.22300991500434,0.944833205163061,0.953238146149972,1.11198216977892,0.876320449280032,0.619509379655294,0.813601363447659,0.707809523139062,0.575869954501631,0.625082488951139,0.864528748678663,1.06878871208921,0.819623951843737,0.902258067982253,0.969232930259777,1.18233300746403,1.03905550698456,1.17855314494775,1.03868857653072,1.19447891688876,0.928143351951849,0.850599844082233,0.723777885450292,0.611927269648839,0.782233668918125,0.754515139190389,0.739261965042579,0.790592143554476,0.723793140219609,0.77359807430823,0.808453377586002,0.801416048885862,1.30223139274741,1.14283780587452,1.45078152278604,1.42070319472522,1.33385890000172,1.43418151829964,1.42712226968475,1.25073767282279,1.33340235072239,1.94307273540102,2.92145675529134,2.37465562067365,2.44893968104967,2.69674585187752,3.2341520493929,2.59314458201438,3.06051186412593,2.35777753635065,0.492679429756241,0.475838982942778,0.54933755136622,0.687238945887904,0.531590490866164
1.09314335374342,1.01209001089692,1.29052478328583,1.30366742278236,0.945331417053607,1.1999433435646,1.02427495708496,1.15155785249733,0.896345414467818,1.0314150120075,0.852361896059388,0.781928921185537,0.909865921668471,0.766460697627999,0.856689759414949,0.931009061022726,0.751083576613259,0.62805406577785,0.654710657707858,0.605202184226445,0.547208351880181,0.600711549718526,0.487580428126607,0.465247149911816,0.438995220534441,0.848352999902941,0.429736080754271,0.36642706390981,0.54649017193854,1.15452138226212,0.743448940573144,0.950836093769479,1.21231738117707,1.32865743591467,1.12297997515716,1.4127717826554,1.63864798101269,1.59001112903432,1.19549207737358,1.4522091686661,1.87775958804204,1.45597581889727,1.49025782390061,1.83730739659713,1.35596918066844,1.69789693756188,1.74792035176046,1.65621775820983,2.02070603485151,1.65350074308952,1.73153760598603,1.5897501292553,2.34578547109524,2.34896305169527,1.51010043956325,1.75250721336675,2.05059195449791,1.85721885506115,1.30090831452978,1.38576837025467,1.05454129800976,0.930542366713323,1.02173793756246,0.572390183003005,0.509428394839882,0.460821229177348,0.466334836923352,0.42241506285536,0.494346685221948,0.533502997101657,0.533221229770387,0.564075231257995,0.628419911748404,0.893834600701972,1.3095935653071,0.890820726418652,0.974820203442921,1.32674232233704,0.986801994253486,1.34494855782212,1.75189156040977,1.539761503225,1.74013984968038,1.99577532734319,1.56307546802346,1.3185247831203,1.32851300469214,1.46108469734538,0.885349451807246,0.908268603017284,0.672707757517127,0.682804244811054,0.613282568591314,0.766698692403833,0.609517466018909,0.491160773661347,0.608902153975029,0.629409837032418,0.644549163741101,0.655044980479992,0.882931887677276,0.925633018950695,0.963896566756133,0.763984031242339,0.720121280864723,0.845733483293797,0.665988071553536,0.593308321900584,0.511044641039207,0.561287887046456,0.446193011520241,0.563762312094272,0.618689612009766,0.559403135630731,0.717763773644364,0.85800889160902,0.689833995379263,0.787339903968993,0.760390517508013,0.951629354668742,0.807038339277387,1.06838812962069,0.936830152780544,1.13508613323013,0.883595723310506,0.998149970944931,0.980217207109128,0.819389351234525,0.832951803765701,0.966964158876408,0.829112684860983,0.690961540261355,0.952098514134421,1.14647712245011,0.738999486021866,0.873938005567473,1.24225313059807,0.892021177409725,1.0101619953766,1.16236494544529,1.16857658246899,1.05049589888728,0.982747831395669,1.29657191098359,1.07367726391034,0.968740468971598,1.01774637125858,1.15586803157704,0.903524341585765,0.991648876248594,0.887589797711402,0.414854988654834,0.363875498788864,0.554402349607091,0.663465222668022,0.481524361438165
1.39107639936032,1.01883354156669,1.20310811593432,1.21524649083944,1.08506510839686,0.895489032174836,0.9286725092413,1.05843000011443,0.926235318356051,0.785647107365462,0.96169132495657,1.01050003370361,0.662567043523014,0.725325601181972,0.789491253797597,0.709449179484104,0.812784716225013,1.0076705826857,0.868702615105472,0.875617155678936,0.869855786144353,1.0382697708141,0.71769472614085,0.670879937542322,0.724778343392604,0.984879557638632,0.513909189403871,0.685731619653737,0.510348268904391,0.610054973119377,0.625165429580257,0.644930027278371,0.732186877394929,0.730497964375638,0.671563802939073,0.686968244882303,0.742399576234027,0.84476163871589,0.718315135142141,0.82075785730832,0.907081864057572,1.10234151676748,1.08967732994745,1.14005987250816,0.976972996847336,0.978038115508119,0.927304096703176,0.944097241346597,1.10660004028292,0.912341267675322,0.955214922878462,0.917335815522207,1.08929107821985,1.17804384423035,1.06721183814251,1.2472598012327,1.34726563193478,1.27542266172245,1.26302885340673,1.39562008508,1.00601591459836,1.01401637419064,1.02580806760596,0.949760635818435,0.888138840452609,0.840999896272185,0.854476234296405,0.823715874182337,0.741061507272103,0.807857523403927,0.83861190901239,0.82902506280249,0.873115172368679,0.969422321990724,1.51186810941611,1.21720788986674,1.46690520330338,1.83922396830964,1.39372805811344,1.53195712960801,1.8793042082373,1.66134138765806,2.47812005469284,2.98412221813697,2.24543364868237,1.89072897969445,1.71766787177337,1.9866789990363,1.49774584079712,1.38153811044192,1.64928981564923,1.63006586665842,1.28626839291693,1.43817180911641,1.04074859778059,1.23997503647023,1.04510784304005,1.04415125987483,0.915139867091949,0.841535997728571,0.815832961187374,0.823442735235853,0.837098655908437,0.804934525163947,0.75434497126526,0.687463291118793,0.626062412700491,0.661785463908127,0.603205892869725,0.582025451987523,0.6032596593595,0.791919064572723,0.745768828189598,0.69732894725334,0.698064322156523,0.68833015783377,0.840513180799762,0.713932943382518,0.736554221077681,0.723781107109411,0.889573509501442,0.617753508204355,0.700476584815516,0.710212662517203,0.620906156995745,0.677221343687196,0.757968661773003,0.65967953588751,0.704455763695964,0.840037297122584,0.835010856035677,0.778311678394117,0.841674785072031,0.90175311296399,0.703680371553647,0.63720118917065,0.778453324659682,0.815872863344336,0.842709822091647,0.839210881900586,1.2052520866484,1.14622730948664,1.10917364475125,1.19224176282681,1.20567855968962,1.18442269205746,1.21209974236398,1.49274535085239,1.47170614996683,1.51552936196447,1.40219746061247,0.77999528549025,0.666100016485412,0.680621768286159,0.791354238777381,0.785029638599716
0.946277032946076,1.27586567873475,1.54438386874235,1.53581335987428,1.56935948008945,1.22516149764322,1.18547024556919,1.35368608088835,1.11586896164933,1.07130486619828,1.04099561829402,1.03161400863359,0.946830749825545,1.7891500591998,2.80980489910119,2.30893799962352,2.03507949175338,2.61354874377541,3.06415142723501,2.82922714757448,1.9889486469372,1.77726448961387,2.03042945769744,1.66048077293493,0.982665268536978,0.74428871831523,0.519288665726432,0.562382544597343,0.55509792376945,0.625818459070138,0.477293797250378,0.588503364771479,0.795515212730931,0.821864619825653,0.537072341258071,0.637748086833556,0.6298957578848,0.682682034145342,0.587143722926859,0.838796022459634,0.788084672543442,0.633192297123457,0.693215099351037,0.76758647121948,0.950000260045883,0.947849093788758,0.885361233404393,1.13704207733576,0.997503600270169,1.05713615895745,1.03617619505711,0.993623871271337,1.09784038274722,1.1679476689324,0.921295941591691,0.836616426896287,0.915684434558303,0.883071709677727,0.758881641933369,0.916129547990238,0.752290877153139,0.756877495910367,0.759478622843865,0.695858328559586,0.746847256092047,1.08722804735902,0.75082417573075,0.772670614917209,0.886256138733113,0.913201660487882,0.752045382611376,0.793050215385476,1.22464145797588,1.06252432284484,1.79470119256589,0.914510703891673,0.98698054783167,1.05248480402092,1.09872928041933,1.03629778556717,2.23872196378345,1.93614559544349,2.33002175336877,2.47312692624421,1.87590667082354,1.60554533480311,1.78898862204546,1.73542616948967,1.19702861439683,0.694418368129926,0.367303633582962,0.35969627268776,0.409725460607014,0.535939823175782,0.419853121796346,0.384939406427871,0.419630717460771,0.434041980491652,0.525793880666075,0.68519194769973,0.957555003742068,1.12852060028404,0.880444246632241,0.798244525278567,0.901058621897482,0.705407167905706,0.579622348360834,0.767014014334428,0.5758370493718,0.518377673181183,0.578150056711616,0.512133345484448,0.437871845483142,0.532995413840538,0.588308617245712,0.593566735183986,0.489162517711681,0.673098202808098,0.666920248126474,0.65086631642784,0.599934122464842,0.713657235197799,0.683768828729673,0.80084224770267,0.761662854976875,1.03991706919269,1.01829758395636,0.702201634392468,0.759588212277118,1.17191222108573,0.821085792793583,0.743647046356955,0.948922041415564,0.920630329745519,0.938836949469736,1.16251276059035,1.2154860316116,1.01872859856019,1.17463277985781,1.20066801889075,1.00730190813595,0.843209176880469,1.19828516889526,1.35496550303046,1.04462402546436,0.929139872768809,1.06569537571554,1.06875322419133,0.786518268035128,0.82462420925852,0.760450823265505,0.511194659791234,0.421950196099124,0.418757841155006,0.441018238001786,0.416529516673253
0.735832864891809,0.789070314637602,0.908304957650693,0.852318553919852,0.984778815186854,0.835479453548486,0.810063637636789,0.825670299021862,0.943005689821938,0.766975794546284,0.850628107986623,0.720685181453007,0.807365393021433,0.873441421590133,1.08432559624943,1.05175800066117,1.09941051966909,1.10283432439087,1.02450328727325,1.07620008455843,0.904158055465138,0.817112637663471,1.0598264246086,0.971151852525637,0.757428198504042,0.87543256518659,0.796595125538438,0.601127296654942,0.668717020520121,0.864407785218648,0.726119225219363,0.792328242154746,1.17544111380963,1.00390859021427,0.905645043509239,1.1459329256933,1.49196764121134,2.00015732823371,1.54400434724207,1.80008527155023,2.2734593478619,1.776353703507,2.03747629422759,2.9122553754623,2.17900126958216,1.97607513754883,2.08528654647373,2.25777870363062,1.40963301517792,1.37485314357616,1.21880942533568,1.09426513029072,1.19916817003418,1.19579862007591,1.15266267552827,1.02836353200228,1.01362357108762,1.01295594137408,0.807261156247673,0.791064179792246,0.83875009309434,0.854630822572231,0.766457282443677,0.557347201374424,0.68089689900113,0.727755695394022,0.598391953059722,0.709175942386303,0.673943124712471,0.691680698579287,0.6755173615353,0.703647367014759,0.709465774265622,0.927777279541044,1.20874401626501,1.04672155158091,1.16509502840862,1.47620459808041,1.01501301029307,1.08046357743511,1.58708792783534,1.38368905114269,1.82438449532735,2.0167691743149,1.51268831381579,1.28663910702076,1.26760976255173,1.18389282079397,1.02386223816498,0.868888798642908,0.784669118027856,0.665104769304408,0.784334918703801,1.10562372904068,1.02025033023562,0.477859765702205,1.11330552424544,0.770305943466298,0.732158624619393,0.639668678578512,0.696428889195135,0.869325251809769,0.940781149639783,0.705450290991694,0.836794684540476,0.777201633494988,0.639239838142141,0.615223783264597,0.511527986885815,0.544560477345129,0.510543119260852,0.592576098081362,0.671600899579303,0.697520445465693,0.747921294183347,0.843611428831995,0.933839147041048,0.813610918855647,1.0094135901244,0.982452800596502,1.18667838733649,0.907200935552436,0.982914480711988,0.847658510387968,0.923254354478939,0.773790697125982,0.820160595188659,0.665820972906625,0.745780260246579,0.801338237338373,0.6381539773805,0.578231071578303,0.684468559439495,0.623079389500719,0.543979755520302,0.634522348149758,0.68586896746542,0.529799023942666,0.617176882525192,0.725709147601735,0.71403711772579,0.680318240477277,0.955547297704025,1.35279551830679,1.16220513162158,1.30598785615587,1.42441197193492,1.6917791311475,1.47577402952688,1.80154211245423,1.4250863589891,0.334875679806638,0.370760885926324,0.859793211280161,0.830982500520368,0.762076378886669
1.25076833139213,1.04910758120946,1.35606709081371,1.32413977629408,1.00885812435892,0.958881036575617,1.07810964335998,0.91028078505524,0.808538668957697,0.892183636728079,0.738564786691718,0.653893357181432,0.859659937863177,0.896946041667545,0.778588376167537,0.864712220818616,0.733002695004343,0.759827589037435,0.974069355200114,0.858121851204215,0.859410866219946,1.22486653775484,0.913430431336008,0.687552988422917,0.910104043331741,1.22536006794756,0.840062882959278,0.772462766042484,1.06660567833492,1.21775242768519,1.01493436692455,0.97542795708835,1.13830912920984,1.04066968632575,1.01959265548896,1.08050005568224,1.0472937566037,1.1463319123256,0.927296713486446,0.925257558377159,0.967384068804944,0.783219438744662,0.81608931266753,0.832302083766734,1.32972889845389,1.19802347109311,0.980775012134734,0.987202316486303,1.48254079773899,1.2667163954055,1.46621276790381,1.43568888263732,1.68136401724297,1.82527832838409,1.60300679482259,1.78236598371819,2.10077774815228,1.84994881098059,1.90540983924612,1.67785795708014,1.3294799165009,1.3483740634799,1.6216287869612,1.0964603342124,1.03641543800593,1.17230445620541,0.915031877830889,0.722540304250557,0.796590176770155,0.966579387139439,0.854452932919967,1.15270692925908,1.03975710061086,0.997217075592605,1.16648328558344,1.02824862589474,0.940762697648255,1.02664937132061,1.2140402713291,1.16167155132072,1.37178552482839,1.29037964214782,1.06829756536017,1.34792772014897,1.20701302846076,1.04269194794293,0.948034756413817,1.01496531189024,0.707064019649977,0.591688195736874,0.861710854082506,0.553622905423989,0.647215251796365,0.886291018582471,1.09146707628597,0.414859208507328,0.501243396729846,0.742033780038474,0.641321066755614,0.765033507711737,0.767441019186888,0.73198497923848,0.708491309666083,0.882431684361628,1.14925315746167,0.950070016890796,0.894858945298123,1.00599708764497,0.998149587819811,0.9278325420092,0.879560650491122,0.910795722905649,0.88054975840266,0.8539548126268,0.900671532521757,0.951919388672372,0.9322162768487,1.00989725560831,0.941695259017123,0.877914013512154,0.95600008905553,0.822859281995355,0.715758805115891,0.868051382366218,0.754736513405851,0.55855136003249,0.657682686058652,0.608228679088011,0.59205842788927,0.842986187318782,0.636014676880319,0.720407941194029,1.00445946068495,0.925664165294453,0.7097956453257,0.796825339165617,1.03505957947911,0.881557296853575,0.799080970122934,0.851460641470184,0.772218395856217,0.658732480950006,0.85581187768213,1.18723988330652,1.1204456266951,0.999143158383579,1.28777777572948,1.6177603050201,1.25172103958368,1.45818193150105,1.09311440544537,0.740824937144109,0.762958056880424,0.702308012315755,0.765769955310235,0.791591375291657
1.86295890361075,1.57432737388742,1.76878199029184,1.65314031035784,1.60784522470677,1.50506740122365,1.24217173943018,1.21983034618777,1.7289691170428,1.13467691078046,0.941397692152934,0.912520319883562,0.992989181123452,0.863739657928128,0.927061009372062,1.00355450183844,0.864204876699585,0.959225068390872,1.06879732281324,1.02082715414936,0.812933548460254,0.687168865857371,0.796169881766984,0.68721408230742,0.67114593983853,0.626983583203716,0.612797301562086,0.685608316541607,0.602674951241932,0.730724390959467,0.680249407909593,0.607473854910191,0.758348969441015,0.684408485419571,0.585315426100823,0.617905626352465,0.710207063508575,0.680276061466989,0.636823276318794,0.81633634908019,0.955616278805877,0.678486083850183,0.889039355383659,1.26167056663102,1.06467041826395,0.974657247501882,0.933816216963761,1.13828885382431,1.15395513484115,1.23536929824805,1.04716720318407,0.850541119734927,0.985610078424735,1.22639471599769,1.00326564049465,0.873579722641391,1.0204146412794,1.02015685692799,0.606369615884444,0.66199544400118,0.709112845312595,0.579645759043293,0.604439309792404,0.473098897007643,0.525416929845629,0.629125832395534,0.488556148833303,0.423077958437093,0.544325624338857,0.496589420868098,0.637835267305367,0.590567932963585,0.817514214034483,0.997199733332982,0.911538118607555,0.818369234895395,0.923094658771241,1.12543235659047,1.42567094830065,1.10835449676618,1.17210613540665,1.06911548996454,1.04901204033332,1.22539708871231,1.01545356654103,0.944595847612158,1.06555104376304,1.05436561784274,0.776732356209345,0.873804946853825,1.14390682072634,0.611848592904319,0.744068504734785,1.12084848612136,1.32828850707724,0.503668596801851,0.509833406719195,0.747156500329805,0.725975758777891,0.838286939089506,0.99081759795498,0.774170253814912,0.669414116355498,0.648944200925784,0.739354589554392,0.722136392165842,0.727923105657428,0.818343016371542,0.851871071494997,0.78178315011148,0.785571830360123,1.13841029775885,0.964845667616041,0.919585659280082,1.06856972796709,1.33619397881986,1.29290225428715,0.922730532858224,1.31686606376203,1.36197154220209,1.54226531518015,1.29026438436056,1.51156017681046,1.87089243592866,2.00468362704181,1.59343004306692,1.34693202556547,1.44051605412606,1.54652565467772,1.3722690346854,1.0482396296659,1.3194040593446,0.984954330289016,1.16002873634657,1.10886939514454,1.05710113518909,1.14533539265308,0.854110776545096,0.92736810936971,1.08734526962876,0.984189663525927,1.01188620217777,1.45667814268031,1.73511948315072,1.60636086225065,1.50100036151234,1.70969078614639,2.03320312813901,1.51059270978885,1.93035013150942,1.43840045201473,0.502260027313291,0.461886485531508,0.577385902651426,0.589655264660456,0.433941851042582
1.21822513981746,1.01440202547351,1.13363405837404,1.08454700418938,0.823137730952841,0.841484648167377,0.890386520446131,0.930425845509441,0.955674882103946,0.847047845717947,1.12155874080293,0.966606347907042,0.933830593084424,1.40021811940228,2.25020642906529,1.76988981798259,1.656999707283,2.06363794589239,2.25960944586276,1.96969996061699,1.74621619106687,1.27149766218371,1.24132953685938,1.02415172849815,0.859002673050923,0.841627555242816,0.698019708830067,0.762912080773533,0.725709555503566,0.720445304388315,0.726748743650592,0.72536581414373,1.00393371811197,1.04619753552075,0.831547745984722,0.73906253824481,0.730377299065258,0.933321378971059,0.75618290212421,1.21472751892519,1.16434419123857,0.923263533850087,1.10243735121765,1.54388313482308,1.32015767701268,1.34660365122098,1.39525030625903,1.77333689224441,1.15697597639029,1.36389353407379,1.18388615179298,1.04839369840202,1.11376520609927,1.22946866533286,0.954328981601514,0.740654371382405,0.785213655056811,0.880459750577603,0.80644218928488,1.15017102067747,0.920436253391047,0.803422213740495,0.939448013341153,0.798255837078899,0.7232488464097,1.06465404016813,0.850160692164468,1.02278995713876,1.12876571353307,1.29249684739295,1.02807489854473,1.05342774736735,1.51820682804584,1.11709092798253,0.963997165871961,0.903750567576498,1.08128909637239,1.12513741988792,0.960439994549915,0.648087348648023,0.745978058554236,0.859818837491351,1.3314609665978,1.52973823876719,1.30701632136274,1.01229739952954,1.27329781548568,1.39707590774259,0.972803011592077,1.01501675286267,1.12008639367326,0.910347323588867,0.828974382332605,1.05217721066752,0.771312587991038,0.537338652062776,0.621593872842611,0.537034241487228,0.634900963763801,0.742906235419486,0.814580195816383,0.869438822717323,0.928896519985851,0.745805361832423,0.844656130870292,1.02179059607527,0.872767089045183,0.882840655585415,0.925519615654298,0.860916925802375,0.842840030059148,0.749725606582964,0.834607421861499,0.776510013475607,0.857773591224605,0.833801234090782,0.847757114846125,0.708918872429127,1.03998999578394,0.795323001250436,0.955494707909964,0.853924044823994,0.79160843753758,0.698683918937738,0.830601103165283,0.671807889532409,0.729015044382808,0.780998238024644,0.768799326278954,0.507989921272177,0.6297346057528,0.657372642638671,0.613190472833482,0.693575026331202,0.744311686226374,0.649876362137244,0.686668239272051,0.662403309308633,0.868543154490322,0.807656189738172,1.03876549792415,0.95116493846128,1.09681742055647,1.34178766813643,1.25365450486091,1.15723111718597,1.44789636703273,1.74708853878011,1.45432656734517,1.67293737957699,1.22082258064856,0.599331147134329,0.522041243316204,0.644183689445446,0.717069446574218,0.621283256086797
1.08670357431392,0.895479957101558,0.862908681349236,0.866996807280908,0.915483236838462,0.993297641680455,0.870137787913716,0.891195112450888,0.794080369912029,0.861511113549737,0.594531379527386,0.678874439215302,1.14391961359473,0.85388697997015,0.881006751192276,1.05939548651829,0.965129440691414,0.640167291046217,0.770338479275016,0.693495784480056,0.57800460890655,0.659938724820072,0.62332990497073,0.653517651593136,0.457047655286527,0.698951212096416,0.664637128631022,0.515661466807036,0.563746238816302,0.770393813623616,0.675657261862329,0.601482088473853,0.790618132515734,0.622685069534703,0.665816749574185,0.748624452032428,0.547045818197607,0.744002824989501,0.761951584264796,0.950007839143402,1.1213487772341,1.0448480612091,0.973463901337205,1.41372925507656,1.44643139432127,1.34682119301426,1.17039002415943,1.40582463551468,1.31584024193927,1.14543398936461,1.18197336307946,1.13539801691686,1.3784961949169,1.41396636188761,1.15220250905462,1.1461818781009,1.49623602282609,1.54843818365622,1.18732693051413,1.32224413320858,1.08296826828817,0.861343857547458,0.790469842954962,0.740433681208212,0.66055779099102,0.76430258587663,0.628846637924391,0.60363235118595,0.633693161123637,0.65279484379751,0.870543396227676,0.844316548834292,0.733543411409251,1.11041878459048,1.34315945564011,0.852220003684831,0.802990797033543,0.892430116750212,0.95830659248771,0.854175405166345,1.51119945092097,1.38476145505443,1.53968326209273,1.83065126384569,1.64442078197541,1.33333108297855,1.39013652271161,1.40905348520126,1.26269751931839,1.0687176811631,1.23936503092307,0.939886477031862,0.784716020209401,1.25022797873493,1.59524789832735,1.03744653640572,0.89433194508844,0.951840577270489,0.83294191686097,0.784150027468692,0.901809443288075,0.97491663836006,0.716081832248444,0.817039433663732,0.964986103721345,0.733891292794464,0.676364560100238,0.867247344544865,0.790431007445738,0.650946382428468,0.685747265314251,0.737434426986275,0.840887972794159,0.900882128696758,0.832855827296338,1.35352875223831,1.88830687531322,1.45495590258619,1.43278098199861,1.50268361134581,1.70006035917656,1.35874150286682,1.37231482289122,1.42789782557825,0.776297762021066,0.677341227719409,1.0739293487692,0.760257121178715,0.825424739875008,0.958382016123232,0.861143604615984,0.804834230806167,0.83194409205251,0.797112453786072,0.899681543981275,0.913929372409841,0.992895127512623,1.07632966911808,0.936176132999725,0.918782060780692,0.968591405345172,0.822773951448292,0.998507028453159,1.46610593534283,1.35630062089602,1.41692821067276,1.53410155216902,1.94991591433324,1.72583848313184,2.08190269109815,1.56879977995744,0.59346307114282,0.637032312119701,0.559130959997976,0.621077772092124,0.688067846692624
2.04170630565139,1.65262531967378,1.63614403990336,1.84267017606459,1.42110384832683,1.40500500603704,1.36747382496015,1.21160572503234,1.22550851612233,1.04047208344256,1.00124015351849,1.06528804953258,0.787798415741085,1.16000415847045,1.4565635059881,1.11921163181917,0.986610356782507,1.27610247531054,1.34439130325317,1.03062073027072,1.04355689777684,0.769605204917463,0.719331328610221,0.706126537020758,0.598803335216433,0.531963950801117,0.561480854912105,0.601433313177577,0.576324626475906,0.61739876947428,0.756608567015406,0.810885512256302,0.883776202789925,0.812063189275117,0.827760718609133,0.931917636084741,0.817418539771053,1.11042902589626,1.07796156535884,1.4116406849263,1.64900472070933,1.37863820586483,1.49488207095505,2.07330194145759,1.7366178010831,1.64432266233818,1.68519958719786,1.85456454929312,1.32634991064363,1.24856973336357,1.13994129807666,0.971897300805963,1.07646936507086,1.20304428107852,0.955596080571924,0.746861205441306,0.772984150401908,0.942852015713501,0.598925841624378,1.09486132969107,0.909325210221966,0.617249625325464,0.53958303986876,0.759889981224675,0.580066559993793,0.669182309492517,0.633952065443395,0.727426033787361,0.896749792050168,0.929320948284933,0.957279273646825,1.08504219391286,1.12510431119457,1.34028091064518,1.34187272182213,1.35779344576922,1.56008710678951,1.51745389386701,1.78259129925798,1.48698592902063,1.26454849923418,1.21819083598319,1.14338549806426,1.20412298135582,1.14985638459919,0.891456315096555,0.662361051353419,0.655394225262139,0.548695521346574,0.663641396832454,0.668189722284862,0.661134534407962,0.694849637219301,0.829382096856497,0.838937268727343,0.83222577858052,0.982509587849284,0.862142144170579,0.829774001906695,1.0552162289986,1.0759821394972,1.37096873531715,1.11290543254125,0.924753844451433,1.19863494007508,1.09668997059877,0.959325622299325,1.01332877701619,0.980009757245178,0.91854478711714,0.835680791902674,0.680824582848685,0.667604357627753,0.570570494965084,0.804623331228945,0.772443473601883,0.678770467142685,0.823565843863707,0.970115752347065,0.709972268079337,0.703253396699628,1.10488610754232,0.842092740850464,0.926279052904172,0.93087415656633,1.07740477680039,0.847876718778098,1.03604872839439,1.10435776188405,1.03357020324235,0.986790435175966,0.898896292497261,1.24557855265691,1.1797471851226,0.982608927488712,0.917694760224782,1.11752467876435,0.989327971262291,0.92672720590761,0.592429345820235,0.701392768229545,0.618044406869695,0.772787060882862,0.738861085057347,0.733130618328519,0.738510147574499,0.744755452320715,0.845551895472174,0.75977131810251,0.814855834005582,0.893913893087133,0.594537635572573,0.578593051846283,0.876809079859063,0.880954780504003,0.79148010454036
0.517902691730725,0.533619916307064,0.590912960700006,0.570097820083338,0.41103479570487,0.63032565231317,0.528308122116991,0.512298308058888,0.666914634431234,0.683833373054476,0.570325831111466,0.634984291608828,0.76598961032265,0.733103965619946,0.954336900196702,1.04119979053802,0.919826179840627,1.17983313178534,1.19163692155435,1.28504669700274,0.94410710705395,0.829236709488721,1.03424327940969,0.843669967014113,0.817127571617733,0.755869696928384,0.786965556836132,0.66470062389329,0.683337239627084,0.825476696936692,0.704889730721951,0.828397345535333,1.20443057280028,1.08797439368312,0.722529626282689,1.07890033373374,1.058953703907,1.25525664019414,1.11509328874718,1.28263402990058,1.3046808462942,1.34275937829127,1.61807264860233,1.55034975969809,1.28781856300933,1.44055223861928,1.58996927361711,1.81159578117052,1.79456437883054,1.85121478767359,1.85980330820271,1.69442841930309,1.95285350687768,1.98396237289181,1.36180183808654,1.23714914767352,1.28802417436991,1.14285389511379,0.67471258258858,0.777825341956936,0.780018674950789,0.76207769441875,0.611421054205879,0.767115288891529,0.766363971983985,0.82851760563395,0.804895216754244,0.763678421262586,0.912501514178864,0.916964725234645,0.994711105066581,0.980699308349658,0.866886737931391,0.870426462545938,0.836367445691007,0.724074913922294,0.760794311829936,0.834528371043966,0.700199231471564,0.778023531856694,1.00156790785385,1.03917469995923,1.91276871680383,2.23461532688088,1.68021241155327,1.473362977247,1.65786959327997,1.60920884924959,1.31945779152757,1.21589862296492,1.50347536057568,1.51856273111709,1.37975052403315,1.31967983325227,1.06019882012396,1.00432639232169,1.00485360905833,0.855202967316118,1.1009656483044,1.0506523755075,0.783163074488548,1.00378847620546,1.07276380883932,0.943318205483486,1.12769791959557,1.02341507944736,1.04377358895032,1.03891654034819,1.03988340848611,0.750814941686585,0.708415973123883,0.919373946868613,0.856779835229643,0.861468291904864,0.925145772746207,1.06415283555223,0.939336911516739,0.909341334248701,1.040687123437,1.07067448861885,1.09752453817605,0.895373858726639,0.928832884378762,1.07011010922177,1.02300458993216,0.81828764333686,0.813315931444777,0.810821774327596,0.852026571106901,0.722846717313197,0.736791746105856,0.830809760121886,0.69721846056759,0.744592806850004,0.847872167809008,0.786567885166512,0.705261955984729,0.849406180032494,0.872852975000925,0.65881249646158,0.814486315217323,0.718975377377455,0.739818708218228,0.842559315370066,0.863866241068514,0.686025706046531,0.952661316268762,0.944412927573845,0.736842652383493,0.890402742776744,0.664982832932441,0.955616812113505,1.03589372463037,1.00171151187699,1.05516000448606,0.998952505398116
0.712964335066564,0.751814114938041,0.957079846252212,0.858495347061365,0.917462728421226,0.746881341049398,0.904786698508838,0.78531609810808,0.750118271493217,0.674504900039361,1.25730173547629,0.948984246186514,0.895337673629852,1.34217127257264,1.69087598075274,1.37115796257581,1.26736793711806,1.48266964622645,1.4029151648364,1.24783265712748,1.17487170820164,0.816446813216234,0.789063317920774,0.683784049418771,0.606886320798417,0.620691622229971,0.712322924744234,0.690943387194614,0.794909914529595,1.0208403005949,0.879183825347418,0.964538928969584,1.11213178142378,0.957639501816191,1.10631610448815,0.976064841726422,1.0039223148364,0.937681939223114,0.822430008339238,1.29118343510499,1.63914592905387,1.05977670973867,1.36195575522139,1.81314598581788,1.70937021115428,1.5601709649826,1.5413883730077,1.55608565185289,1.51223127880338,1.45047212764974,1.45944537776398,0.98786372232711,1.01213193401201,1.50547282545425,1.29025106598686,0.880811494829898,1.10987497075429,1.16548858479392,1.01100973949426,1.25322598259804,0.925590557272397,0.766989314365805,0.684197352951276,0.705641294857309,0.612868318830252,0.752311668703578,0.570979000467921,0.777192186897344,1.05190135394873,1.23966593879963,1.3394800897113,1.2917612670792,1.59378043019146,2.0945019262341,1.83299959818134,1.4535382174745,1.80177674074122,2.33573018194644,1.34379734730961,1.26537256408287,1.64993928432104,1.81702282397406,1.65306398521361,1.66112856812608,1.89443448860462,1.27816160920172,1.29164476933047,1.25124067189261,0.756583723882313,0.782137882794591,0.664984566191672,0.644664395481497,0.657898318822921,0.702243723480395,0.755853642041227,0.754753005750596,0.593598991746161,0.630974548704127,0.623030212754848,0.617441910848375,0.808119110112484,0.787389496662447,0.764996509052545,0.778183186726772,0.874034534129123,0.909885592404902,0.745629034157145,0.776864095148184,0.704328578155611,0.795806089894698,0.622663994340398,0.732718678205754,0.86918842702603,0.85863738171908,1.01016929376159,0.966647646200774,0.734586993817679,1.03151650422958,1.08038168802259,0.834117173235627,0.76746356143826,1.02177170147776,0.788738582923788,0.858224877811206,0.845858656514411,0.808578008582072,0.711584071387168,0.68625991941838,0.686813646209157,0.740443867489252,0.680041328080533,0.521779630824235,0.611791234097246,0.733885107425197,0.837670870721127,0.836076425150325,0.707669494252645,0.836909490865448,0.73183612664866,0.785120789142601,1.0124881412805,0.931405746280736,0.910360026373061,1.13584729167415,0.953401252681643,0.950083323031978,0.843886679337677,0.850863675241822,0.771817261199082,0.836408373693164,0.778488859820452,0.785469979206614,0.681730728609353,0.571079085902787,0.557071568313092,0.61713045382019
1.02992587891625,0.839041339906123,1.00136149240955,0.991551521962386,1.07126372580865,0.886195877240628,0.885604061318969,0.94951843339269,0.854575765455642,0.853852725430531,0.88106298828787,0.859267701611099,0.82497102042071,1.02376451019436,1.28326633542853,1.18438892550198,1.06429649819813,1.08853233101332,1.37868317718896,1.27181199839068,0.94525907180915,0.962557318066156,0.968861470094469,0.781185546405187,0.519845862419128,0.65737902279322,0.530619262464859,0.5266316451462,0.583970875953789,0.86687225357463,0.755907508626448,0.72272172691587,0.893005090110973,0.97367882486137,0.734341441815918,0.893487991628362,0.884232238219694,0.992084906409238,0.793714297122347,1.33869180492918,1.55521701681976,1.12353865530547,1.47318974996469,2.06586353691312,1.63318408893309,1.4504546549195,1.51479625295322,1.98922708566733,1.67271070370883,1.602827090197,1.60200060571818,1.1882007367992,1.34842063343841,1.78196428115898,1.35172632569733,1.27115884693074,1.50089211067533,1.20344264823331,0.901822671990074,1.19989559458819,1.02136073868311,0.702428120364098,0.803762661512166,0.863764381697825,0.691286610936809,0.747560118596463,0.589426450307305,0.593805577165114,0.677698389695507,0.719711311509165,0.654427502931898,0.728530773186953,0.982847127986776,0.936992485387048,1.02219168133553,0.938314767516504,0.995365345488086,1.11385132762353,0.968380279331825,0.964170685243304,1.12779566776714,0.96710010751023,0.964084343299,1.01882637289915,1.07830770009069,0.964368177404956,0.748095466809694,0.672808259677763,0.665104868492457,0.746170930853649,0.832604024173129,0.488943338738437,0.631279542346072,1.12469383380618,1.15107932858284,0.54030617990959,0.568542779599155,0.687354266796587,0.775669543140209,1.00484956641075,0.999905357719381,0.825547492241028,0.690267401125558,0.663090399020631,0.719900960138804,0.849820839981354,0.734959044343637,0.680900928238186,0.806614687147769,0.724183111935609,0.61392821703283,0.675435165966289,0.622231510441268,0.781583048771702,0.677047494083744,0.674990574910788,0.869702458502783,0.785258208252715,0.750830589288138,0.669359588600049,0.823772314038032,0.772989465927625,0.747266332405435,0.87392871369697,0.775633695027122,0.646560611689665,0.778510207623776,0.743998718533875,0.654074597334267,0.851361487165435,0.744814675856021,0.741424630249262,0.748187969217231,0.778348360569313,0.753183726657195,0.717210766004147,0.784365735075303,0.786542763925835,0.995160292454473,1.02155613703706,1.17087798060852,1.04498200721476,1.65785291606214,2.35420501817483,1.85201542141054,1.83077359366483,2.59020740013088,3.30685100011542,2.42127695245896,2.93549448914382,2.06548413404504,0.51937453229687,0.560412282370362,0.517970186670956,0.537698767342439,0.627696647197622
0.952690850017198,1.02194521984546,1.28678628087383,1.22548398762515,1.23666188856369,0.856953204548289,0.888598613196982,1.05706705017807,0.951152250024386,0.7531871884036,0.674142263753325,0.726829377607592,0.787965135258573,0.668431777757643,0.680146556044767,0.818697085098202,0.914028688387726,0.798870271678758,0.740744566474963,0.768599732067758,0.7057504849572,0.711491134605241,0.566750121024384,0.834291878324123,0.816506378147486,0.85068623958795,0.848846014375932,0.768996278544323,0.590818521827646,0.748755826637682,1.05585727254027,0.769562053375587,1.10071825228209,1.09280219066461,0.817615934286141,0.762948343928307,0.863621045335982,0.965424920190201,0.908764271806978,0.970524978797396,1.11000225008391,0.91083178045055,1.08244225517778,1.24063500455373,1.08786956654517,1.22065364978611,1.20192098429465,1.29137418256778,1.31375991285682,1.50137132579912,1.31048206522599,1.19687993178855,1.44746874561258,1.55862908604545,1.21570084492066,1.07239816596806,1.32151958953282,0.986501740256613,0.890157784330281,0.972356720079747,0.822005278779461,0.716039648303309,0.811274869642403,0.721406115678611,0.661916426381871,0.695154120700669,0.679871545098207,0.659922097693702,0.761087404591041,0.75752314548067,0.870486563713046,0.830952687261111,0.778494299121703,0.737259729287114,1.29602193564327,0.843767043641016,0.891440826315641,1.11970384280684,0.985158766229797,0.976324976313322,1.66068549851417,1.3805416702792,1.60586474216705,2.11589349886195,1.6278258662242,1.4095831535959,1.28703784702745,1.50288549393103,1.1393713465037,0.797749802836425,1.03771230301394,0.802810459922619,0.85349686280954,1.2360555004282,1.469582678215,0.670710660376402,0.763323573284221,0.783917486517394,0.81032572641229,0.862541261946834,0.925017641447855,0.838190764797886,0.884672055996495,0.766194972453578,0.908097432887579,0.860886583595896,0.778913938730565,0.801549680615797,1.10871365144911,0.926855775819405,0.932900833152874,0.983418645751394,0.972107234436196,0.963163510024633,0.92033009386919,1.19778642115466,1.27475406830963,1.05587650895768,1.194196592623,1.26714486844954,0.882434512073038,0.909225033807692,0.818514522447644,0.942460640057291,0.856621297380219,1.03465146750944,0.834442065206828,0.723043710227925,0.791224323919884,1.01202178136663,0.707047151859847,0.629968005373127,0.562525333718065,0.596278371924751,0.645834154196627,0.629442747549319,0.595232429156558,0.610559235735653,0.628521497797038,0.541601521087053,0.759719617172381,0.826559577287827,1.24099604129098,1.82778524821259,1.6007190732716,1.59415897836575,2.01705858319051,2.53928660632912,2.03599285613628,2.48289576062564,1.7633913424274,0.812819832577378,0.754329113117007,0.744850882285826,0.756327046470024,0.804291894249897
2.52814618710801,1.84716585807344,2.3190968583222,2.30912127820072,1.86346748930844,1.49979202043107,1.41387097951001,1.5828996803491,1.28925618604098,1.00086169679013,0.69311136305969,0.499728796575312,0.531564532152475,0.7002701514127,0.995180676047056,0.686088622212658,0.775531884204426,0.890793221587747,0.717145650268314,0.732464476779429,0.856958475689388,0.643644373770243,0.707771818140555,0.51330016709971,0.598145170647779,0.748516359319728,0.385505089477074,0.376905450374351,0.649230905554978,0.750141080634427,0.643899914896689,0.557840406496739,0.836450001397437,0.737585002213677,0.63607084845874,0.679407014320458,0.82126869363771,1.05719478502859,0.829168922576077,1.32387862078556,1.53221507176754,1.31904929374862,1.49583634870797,2.28713845124169,1.67309700381061,1.5051979844684,1.48745188377134,1.8191019484395,1.54033047785326,1.33687737058748,1.51728373094467,1.40209181208971,1.53567535479185,1.57972156532747,1.23304211522252,1.10992853334453,1.24798124164817,1.33513591308051,1.039895932868,1.19638198555935,0.964279451216539,0.793842077270313,0.606096717583304,0.497920591862175,0.485667506604852,0.718746899287767,0.614607908493076,0.778178408632703,0.833334054539989,1.04064659932508,1.09322586991871,1.0013826680713,1.16783656243411,1.24984632337612,1.16832757324905,1.08057530858571,1.25227598109604,1.35418130065769,1.94664359768493,1.05281310847169,0.875390271160677,1.03742898884838,0.929396767447843,1.08436941583309,1.21967499484419,0.96700673882246,0.828001760830456,0.787537835254351,0.739555613792331,1.01336274440914,1.13720062378041,0.634284307130639,0.774656512552622,1.21534297008064,1.15425847354561,0.600968632638343,0.694017911952396,0.773728211489661,0.6948811442497,0.710617425707931,0.982548340634532,0.880640924772939,0.689402182273744,0.654765896898592,0.807223546229256,0.571615560919354,0.409961534699481,0.611593750349838,0.418253826837516,0.446836368146057,0.336048122668159,0.456709763173463,0.367383040196771,0.381379500580943,0.429157816055929,0.461660801687476,0.50278853071853,0.507473304388392,0.51198611983091,0.507423335132765,0.551826286684722,0.450353621575393,0.489459405141888,0.652431369872706,0.559604715607482,0.537701645122082,0.517113778760496,0.48172703953983,0.492872799947497,0.867491477967622,0.588707463751012,0.589548252255883,1.08345083481166,0.983710806485478,0.785548787599062,0.850436258036607,1.11148383721706,0.762638184158615,0.932511245206614,1.16815060688331,1.09876577313303,1.13158890395298,1.8703323148695,2.3316577814255,1.90068011441044,1.6187619439219,2.27660266516083,2.79716772698035,2.08798780865195,2.61649587636213,1.79038063261183,0.562046523143237,0.514144132649603,0.643306461166233,0.735395000291371,0.639081077490427
0.795300017883878,0.84076701710344,0.929443184967958,0.731685803794125,0.774573446667075,0.942805713820667,0.916779850875782,0.725909076529474,0.887880051623045,0.842086692245787,0.763003312503946,0.630176051572437,0.836375203543391,0.821895619546852,0.909653252550897,0.945316385112427,0.880117623019465,0.819705315005426,0.828174343561934,0.792448338819233,0.756428532918275,0.750456100350977,0.644855277762184,0.740974459749597,0.720481180585479,0.665787897579019,0.611085138844013,0.609480469971738,0.523770505050078,0.552780884169798,0.592951040785837,0.55871042702777,0.592496274448065,0.469559890082174,0.532970576991645,0.381709957242524,0.460853979964592,0.432659954274434,0.434539443678121,0.830669534914576,0.992923581951084,0.928295085753581,0.975792424987673,1.12102549046115,1.35530447752942,1.24186939259559,0.942718907285447,1.09615090182945,1.0199774646683,0.955230740586479,0.946390353711738,0.767582875784761,1.01662250212526,1.26531382967171,1.02564781296872,0.949566656161974,1.19732763176721,1.28443555312728,1.01433583075949,1.15760071546663,0.935200617427329,0.835452636461141,0.891880857749513,0.702681978960091,0.701945580045624,0.945353924768846,0.676382587866605,0.71371031566714,0.777408589831767,0.923058200046264,1.02119185478923,0.944847121242432,1.1427331569119,1.47820953649506,1.63020704048639,1.19622840752245,1.28495475835551,1.50367376132804,1.12672792471642,1.26695332800791,1.76866559850609,1.69747786659353,1.66060182784664,1.80650245196671,1.80285272982262,1.55638996480862,1.60166208929295,1.44843307722581,1.10844728343054,1.11966971318137,1.04164765061898,0.917416632227537,0.963828397079915,1.26768368863982,1.0772474913496,1.10249807720598,0.884790172684341,1.05296880072461,0.816191752009902,0.961439676084664,0.999881373362835,0.824036763625335,0.678934188391905,0.932435007783456,0.98936913182928,0.711802981393689,0.577032035189185,0.795295678446736,0.714621343567433,0.699905637419191,0.696308906804472,0.92238597430071,0.985459346655097,0.831881573988673,0.926824125373381,1.04296595825631,0.890933790835212,0.898433378184388,0.89791039048323,1.09019484564125,0.801183658907774,1.00949762987275,1.04558216382032,1.18327204766982,1.3446331397589,1.09067027932315,1.00902925104168,1.05892642874029,1.03695286478938,1.05325366078425,1.03431928692711,1.13907175415444,1.1105547176721,1.18019974429655,1.17448572010359,1.15002186895474,1.18869190624729,1.24650416223853,1.19025059520294,1.55193448618582,1.45467089639207,1.46315740172609,1.38138296756564,1.60884785999527,1.45136909020382,1.32635229754013,1.5432016362885,1.75488905083875,1.43451684466953,1.42144224795683,1.47555755082538,0.794697264687263,0.72356761053435,0.642431403854891,0.919207698049497,0.812413204337828
1.04216815289413,0.866106055957701,1.00628958116093,1.00864136041156,0.626112872673163,0.776692799761691,0.743630379216583,0.783618934901683,0.60693689280705,0.838067652988372,0.753546314655087,0.659389051487283,0.98081414601373,1.0510813064107,1.2039877178972,1.49805537612326,1.23664979712278,1.11159647845682,1.32191638972147,1.22931872439045,0.9979347811682,1.06197624198777,0.870636821649425,0.873483725523172,0.829800593949361,0.832514731244068,0.650982590266043,0.655286562302508,0.662481220891244,0.650392737102297,0.687291014328655,0.75571362682065,0.898350353334132,0.744883787542174,0.812693322458201,0.675021126137934,0.469853690287458,0.481149533184824,0.707361818825985,1.21715787051102,1.37186641967574,1.10335184683258,1.37036733674174,1.77124090288742,1.53904543332466,1.61769817606433,1.52726263467612,1.82663232669999,1.63355303797311,1.27542233248714,1.28679906245941,1.07516873517303,1.42114328198095,1.57677251449204,1.1328286775505,1.00180763788672,1.12851412424125,1.17865511720777,1.06259064796916,1.62516742359086,1.22346523735381,0.904823407829466,1.17739620134257,1.09963175510798,0.785010402570252,0.933647547238149,0.848922376326504,0.803650322495504,0.75410254506831,0.879298565722598,0.725192218322446,0.764810977416007,0.847061276531522,1.05141525500494,1.06822956249692,0.850110251345236,0.842244008788746,1.11301342747776,0.955661938771067,1.02117937577638,1.2652000209115,1.14790308917109,1.0344863061786,1.35989767489753,1.13506354365108,1.02858373046851,1.09344915147681,1.1597707550627,0.834266364671215,0.74530931934355,0.892322773460401,0.767912856302032,0.885270846430873,1.00008448275303,0.95042467298846,0.84518411687039,0.748939813664224,0.88928795555913,0.826865561837456,0.874224928148711,0.923174334539188,1.1163873790668,0.922019247240202,0.986369138191825,1.13880045450098,1.0226290395234,0.881056130263084,0.95941005557197,1.064082722275,0.946635187332525,1.046980476179,1.12409356094293,1.11312822007073,1.20010077937287,1.2438629730568,1.38832495865431,1.5510954224168,1.51195919744591,1.50272513242079,1.45635433691079,1.56772436232326,1.20652927924552,1.12717577796748,1.22266667183365,1.02599014590087,0.814089689186409,0.828606973640329,0.918101514083706,0.786787286922522,0.778852192737695,0.773815600505206,0.73719315057139,0.719401072371455,0.919868770870476,0.763615844448069,0.90145698626455,0.995612778307185,0.809254934805387,0.765652060568418,0.732131154976275,0.795075298859755,0.771285944873998,0.911327895478822,0.91278541710992,0.857311120820877,0.961084354756017,0.914828961009907,1.09285268465752,0.912919844375352,1.03982666708958,0.969705234354492,0.771157169643828,0.757018721032753,0.749061409269216,0.850079558182529,0.701176303664921
1.2294241376129,1.00465801052281,1.03840884822174,1.03685271813371,0.935815724025359,0.901263490488902,0.86172662586564,0.991722496169753,0.977814600003129,0.743206839410496,0.842894253711129,0.865883084613959,0.742009471610221,0.973668776265543,1.78185443958821,1.46747872007729,1.37639434848366,1.61681852800671,1.66332038880131,1.67960326857935,1.31016489792527,1.12540127919233,1.24746106636037,1.0734966063979,1.00232549612865,0.700397325792414,0.611477085395657,0.717313559517533,0.584779026361813,0.673563015964711,0.837158547984116,0.659527070164504,0.8340489128644,0.901515631912143,0.643459894901485,0.714496519497129,0.779814948774752,0.879600923254804,0.725040817343473,1.19850750936341,1.28731650274466,1.1868405564738,1.29097320077132,1.5621874064339,1.18990815256634,1.29890560612021,1.29487652352633,1.40543845002452,1.13707806035911,0.995010503495213,1.08143272273999,1.05629005990945,1.14764154992908,1.05654980709307,0.877423937866176,0.732351353860709,0.682908308709617,0.744980286748423,0.472839721028557,0.967330135208093,0.868393145437459,0.652389923819292,0.566997130014077,0.798139482684263,0.787963025550516,0.985084571745965,0.78845019214316,0.891645410920643,1.02876939982519,0.971232141574518,1.08389997962795,0.940391970492662,1.15678474558839,1.18620678727354,1.71341311033151,0.916325118610695,0.970410445248875,1.42037295692305,1.10432483718931,1.25720412679839,1.9691614337863,1.71976516967086,2.2455080529876,2.74560454769783,2.06831801672243,1.88687797892611,2.12536274283572,2.04294561193119,1.38735977010072,1.06641023058901,1.17537989204217,1.10506424832203,0.915635596127936,1.10723251845085,1.21124813078479,0.964079763515627,1.06060229037892,0.946148422152527,0.84905454860097,0.833431468991599,0.71223339756372,0.738263286064517,0.686170599051092,0.668460956960905,0.499359462747287,0.718813508634431,0.797140470241791,0.63651077567993,0.644342471313852,0.72156562485836,0.674124188868944,0.524286331902606,0.673899060977805,0.791448968456934,0.650071459340225,0.842851088958265,0.598384379958225,0.607245138398593,0.83701569343829,0.787267535806063,0.744800015831382,0.847076447103971,0.768552277064984,0.885071202471151,0.842156274492362,0.755140690642119,0.875474897805202,0.798495523900583,0.837540988073486,0.757224249512867,0.649276341034172,0.548514906693414,0.539282135588094,0.525978939268687,0.560741818581187,0.639381880462804,0.87793061314568,0.920658480138222,0.748846237302743,0.728219996233049,1.20515285226222,1.06406042213402,0.83880774472793,1.08355394255339,1.18990245893031,0.954246755940939,1.25578723349349,1.24515021802543,1.0775638324343,1.07380756454501,0.990508823956036,0.897031622456345,0.747772259546556,0.855784353107606,1.02363085784781,0.90518005615869
1.89435116191078,1.50605294499666,1.78431895292366,1.75948145798272,1.34620499118127,1.44320131837456,1.40869061989727,1.28819988882733,1.00075499240729,1.24956051338497,1.18158107818851,1.18835494067108,1.1719958681096,1.63183024916249,2.25189642633179,2.04837437370803,1.66515632172134,1.8287270156315,2.26163551347211,2.24148931701329,1.46565034291259,1.091007234447,1.42387633199162,1.02645469605373,0.453417465826291,0.743896772248335,0.67480050848195,0.539138337626465,0.577489933785381,0.757654109661938,0.642892053250505,0.542767178605399,0.912144059145195,0.805960387875094,0.552571206359954,0.520977426182618,0.692908276669715,0.802729287374452,0.671727400439702,1.08540238050861,1.235471319297,1.01943903081137,1.02512961509199,1.45092121103941,1.22211068983249,1.33779004808244,1.36707906008278,1.5751697962181,1.47702604654637,1.4525808302422,1.40835042093629,1.30914590372419,1.45248258007103,1.4219681573086,1.30279282380898,1.10235972936524,1.21441342603917,1.26876256887342,0.959583284728316,1.0448833497178,1.09571982157075,0.841645654286314,0.663765419956013,0.629493872161699,0.535950292286749,0.531030977465501,0.483225155364973,0.56938882581044,0.555423025844737,0.637360490029713,0.618123385424206,0.631611356238377,1.18691773382795,0.869213133459908,0.932426175172548,0.87921392673808,0.964256190195649,1.07516503114499,1.37664223846501,1.34803587355568,0.956757778612932,0.996293055773178,0.943689100838984,1.07010969399634,1.00730854583749,0.865841692773944,0.690117806342685,0.674788506043994,0.690487460891659,0.804293572282809,0.96500627436715,0.801351300271203,0.624747767719833,1.16725121429953,1.53701221099783,0.956576735103684,0.76309575010864,0.708431471157857,0.628392208159936,0.520525389110752,0.468851828843355,0.58819954433904,0.442426624785284,0.531330477476336,0.610460334617382,0.449611208536978,0.502997072030849,0.651837931867106,0.510639071777727,0.660448010101931,0.633041966534089,0.739278789234896,0.746459677031657,0.807823681459174,0.750777865518339,0.987856750502089,0.976779453725797,0.873613896036122,0.897221100612088,1.02017548674404,1.10115337039647,0.977673963705102,0.987116637208192,1.07574056077836,0.979533794524332,0.806948801857761,0.951386502687097,0.912273292622884,0.868206482657601,1.15863860521187,0.883390238766132,0.77446831669827,1.22862647595531,1.07778532922775,0.756132600371954,0.73298337212275,1.18823604307974,0.735152078156132,0.710701273858201,0.568844278564709,0.642310560259033,0.589025059242334,0.617775948948293,1.32144510864511,1.16633164857354,1.15395422280694,1.44022865892934,1.87752653295692,1.62111175050414,1.94019246750972,1.37396793877915,0.433434218035863,0.423217347651375,0.482642098178996,0.526279137404381,0.486265170500276
2.2909690296071,1.91077240838934,2.36394429767161,2.3513827512893,2.06923522355895,1.69553797911727,1.62311566957544,1.79645701721789,1.59531232528897,1.21855913707296,0.773287954164384,0.582397536920241,0.811646855582689,0.829060171069335,1.03200938499594,0.933674005793671,0.880654984365811,0.985943998032877,1.02497345217037,1.09947261475632,0.883923334953298,0.914347315401323,0.891407817286313,0.890862876779051,0.813168383776379,0.917324251756964,0.610634898698766,0.767036993672268,0.629979513446521,0.785485548130615,0.87852688532734,0.912922084493194,1.02355788637001,0.99467829221478,0.9824072515765,1.05656969408847,1.21210538169816,1.18631617636879,0.928070878543957,1.20517792552601,1.23819938739176,0.792333446208378,0.898009557546637,1.1900319635462,1.23021877660406,1.08847067176568,1.10810089389127,1.4111025843486,1.13179170663113,1.37167135686194,1.3606972996029,1.28709683275783,1.27517967040184,1.25057317035289,1.12820302287589,1.02815513396682,1.12607904585561,1.16406659887343,0.791094096559209,0.976845052150992,0.998061134532479,0.898909302566479,0.947849997564399,0.630845717316517,0.692528420132348,0.852568166787642,0.666938595599463,0.671456101349791,0.713270664914577,0.881705267236086,0.667791108013033,0.768759370154674,0.852412074455796,0.845353758222976,1.05049111211409,0.9166277661898,0.930248559144807,1.08115874604122,1.6764546421698,1.19811609533235,1.24138971819675,1.17915020791147,1.18048097317006,1.41084979426394,1.10724492608712,1.20173387343036,1.29218024837648,1.29908381160866,0.959201049999515,0.823084610507413,1.10411992949587,0.817902697260196,0.721137941421485,0.932624183776772,0.905266326463072,0.755623177889128,0.644468144241624,0.643876411707362,0.615298945212421,0.551697210458046,0.542270640543054,0.661250576509828,0.819774647748925,0.603949617661387,0.733697557190055,0.819606305971304,0.713514772709701,0.749318118394083,0.780895051820665,0.761112547793204,0.727110435276287,0.881686317821748,0.910534247786265,0.775130721377841,0.820319569949113,1.08329448617933,1.07818790290922,0.945159587206738,1.10188653005871,1.26974466798791,1.14810976808414,1.05042341651294,1.07012247152951,1.22107519754008,1.28428913139654,1.13948970672858,1.06231996216767,0.951907867576878,0.99573054843766,1.23291409006495,0.82349145237826,0.904772383076812,0.886784378739966,0.975605096111766,0.818061245762896,0.833420552764887,0.866444268274738,0.767896981707055,0.821117357305802,0.792527187796379,0.820141848866494,0.815986323108506,0.837229442380739,0.893902271271009,0.892641878487297,0.867257685163934,0.974561139258702,1.09374156626884,1.00311366900527,1.18484559218853,0.926318611281562,0.524832626070027,0.494436154461056,0.576995060814152,0.606012155826809,0.534245372435868
1.69028808481128,1.4001437700505,1.621068384298,1.55262418412306,1.51145661237895,1.3302737287215,1.38800232185259,1.31134824105667,1.15434749033311,0.958772906914511,1.22476590616278,0.751281616340983,0.717310264624396,1.0795712270501,1.5369507559512,0.754984246609957,1.0939659399216,1.34515806014032,0.711254360775219,0.661117647572324,1.35119103098831,0.990758725415567,0.658649147254952,0.577829989683783,0.955675630474003,0.802318615338749,0.461651562594761,0.636007306892612,0.567982866773346,0.700678410172459,0.642933266818216,0.655119208528871,0.808677172909784,0.716894367569398,0.628961858467387,0.604015911833268,0.841570861669998,1.02154853086481,0.865502286359417,1.28154767358689,1.49240693862181,1.11897981897118,1.48451147959549,2.20705156519002,1.65477490500328,1.45162734208631,1.46847870002757,1.76081228919179,1.31319974820701,1.55583042689756,1.40446079058166,0.968741781752393,0.985801214475244,1.39285170595965,1.23681186263882,0.853467926683882,0.845144331424337,1.08308064100402,0.93063853728769,0.926024882774822,0.865108072743021,0.871229006586336,0.910360147104344,0.870707687765536,0.849147062960141,0.960550905959365,0.934071849059842,1.39698257561094,1.1341030679572,1.43546516136017,1.45515956964754,1.36299357488847,1.70133739377973,2.02092447921739,1.77967947600605,1.46718860101394,1.80094699605641,1.95762755270083,1.57386957950244,1.0302244541713,1.46252533157806,1.32212911078351,1.27287426271453,1.2234211118293,1.32470045899816,0.765660911809461,0.781917655581466,0.833508197308199,0.710160935909601,0.652361940427315,0.577107377605702,0.572468460908231,0.548681245983656,0.722104784854105,0.681177556303768,0.6721367700376,0.763344494878566,0.668899807613724,0.633106674589733,0.563657548324207,0.646291508819802,0.640963252991763,0.536269496691832,0.578625645753205,0.607720663337896,0.536480352242457,0.68826066417165,0.749642066090698,0.776369714676057,0.726738571684111,0.74429783806901,0.857379519825151,0.726857219153766,0.604476293710073,0.635954647909825,0.912059356297438,0.958207362013165,0.65589024673093,0.638464907705565,0.871496198217886,0.731553015177677,0.86048211629655,1.00309616466982,1.13269210140903,0.970114796452262,1.0592035004647,1.19360979532089,0.944316062456706,1.22084445355164,1.38513316657478,1.0941301557604,0.954377450377611,0.985196812656878,1.02687589546066,0.926699575488805,0.812612696361381,0.949371489634499,0.872685424192606,0.7603683880816,0.801940445971577,0.923134073760051,0.722757597244762,0.819595197646595,0.954826709256082,0.785458754037448,0.890162955042496,0.886539965155684,1.14209323816694,0.99777036477901,1.19091633721337,0.946435005729653,0.655491454642113,0.511378369139856,0.595523344060309,0.714984957590177,0.656663729693054
1.49202037872799,1.20981217125923,1.54742576926923,1.57018830842692,1.62532448652418,1.26668343898513,1.19899331275763,1.39800098628177,1.1699030026831,1.08701628146867,0.748596009253406,0.787277973017066,0.822707600561836,0.67307418410958,0.786448817017942,0.799622138020833,0.800240801700677,0.793194330708097,0.881767360342488,0.831835305569359,0.684063239246942,0.772847434606403,0.640074258532913,0.626197811021899,0.618648452496702,0.812048774080799,0.576385402685556,0.528603904206619,0.469298286906187,0.537158881288727,0.721429384306181,0.843668923726636,0.865417162954711,0.628034979744956,0.84737493188017,0.979865459797302,0.795047295924232,0.985790777146227,1.04304189948523,1.27153431148125,1.57170301825404,1.38976304528887,1.54237977149192,2.15413778808771,1.86686766306185,1.67331110486565,1.5098598572451,1.6315817830784,1.18914516009191,0.837129487200327,0.682841463153296,0.659763868979605,0.711079586818127,0.829905329752919,1.02744419506959,0.880816278609411,1.06622856988904,1.26171789238261,1.19994871442546,1.71900698878566,1.19507975983004,0.943793616449765,0.927508992685064,1.04765405200529,0.74148740955926,0.73983333404651,0.484908244340812,0.484129611565774,0.501201649405184,0.553270056158059,0.6644736011321,0.673271078437273,0.557032246918214,0.639499156184325,1.0874041150194,0.951144011201961,1.03641985582035,1.30231178111476,1.39943077504979,1.27133085847077,1.42184346376208,1.40336603083324,1.73362994457017,2.05050420913379,1.60495862180537,1.33562767677709,1.27232957204282,1.30335410222027,0.950830303834587,1.0359824263479,1.24953445374368,0.992428977691702,0.85506114958481,1.10755754715186,0.878061559910651,0.653391427589047,0.771269890811169,0.756102687536533,0.803548028430638,1.05183768874851,1.1681374376114,1.53934979591102,1.06156008368754,1.06440740511114,1.15636758730073,1.13263551851933,0.945887722463981,0.950996705315345,1.06078809169058,0.80790043620254,0.804657420811015,0.750561107470923,0.594144826622629,0.597199957727497,0.634783149455388,0.886744871973775,0.847552959171432,0.78395426604775,0.947010073959644,1.03149698182024,1.17906464292075,1.02490880085731,0.965473132905806,1.06174893587452,0.972643833086086,0.891807018219697,0.888646804412879,0.829382023766818,0.888175080416794,1.02690210678222,0.893704395442524,0.788286946833378,0.853624588756693,0.791921291837702,0.663625512960213,0.753167423800335,0.970734843944941,0.923138900612614,0.962784028269559,0.741389957763969,1.02555936347492,0.962869343272719,1.09228350886852,1.22678783782511,1.2739342877139,1.08747794596998,1.42582395470299,1.65487239221385,1.34330762648861,1.32148395787273,1.15793952703255,0.478525260276942,0.566393761030005,0.686764853230388,0.658789961019443,0.626219988011741
1.68312476885746,1.32510447120272,1.6800783276986,1.57279483771648,1.18519541244842,1.08528006120176,1.20170806899881,1.1561244692174,0.935318721144293,0.79554020062557,0.76420967045737,0.596914872185428,0.573645974150554,0.709883144782163,0.767572663608322,0.778143434620201,0.747103057775674,0.733302440232774,0.709454251013014,0.678514039022217,0.755607703516616,0.691473422448263,0.702903045828829,0.595666784224355,0.736198285857077,1.00342364578904,0.78231823558302,0.614523042726798,0.831179072164269,1.2606930211974,0.825262656135138,0.795982979762779,1.05741950151636,1.27645569027525,0.91515956137816,0.984272936723192,1.10071447407287,0.998394474256877,0.746541013318628,0.961621716987109,1.01938633426281,0.85590271310741,0.876469589184954,0.794484550208039,0.744910454463265,0.947102725688528,1.11707179116357,1.1995673961223,1.7598284009969,1.75783968216165,2.22087138473544,2.17815085256427,2.34472784800192,2.32914600495469,1.52211875768684,1.74591229768259,1.89468304497022,1.81197337530515,1.23316837442686,1.11677659955625,1.08935680458393,1.00179527163825,0.585615217797305,0.645995516098923,0.737383121880095,0.892272543913005,0.913345722335613,0.889586869111308,0.790801251968191,0.861500677216352,1.02530178547159,1.0410486396302,1.0060273362649,1.32959274993855,1.25867667748622,1.157597928825,1.26877034062116,1.32687531522928,1.44779764284742,1.25688359505934,1.24432060492849,1.09803181929738,1.05974536539011,1.08429983976387,1.15047913427548,1.18859962375635,0.920415470929347,0.726693036169373,1.09215815303679,0.928829814558217,0.994589062729714,0.793056720313635,0.728180917150973,0.876076024607951,0.868599443098853,0.87160886186874,0.772089775753014,0.779606096963053,0.724880650160322,0.69330994645534,0.562390088251334,0.560593400627137,0.763602058910787,0.587297644887581,0.47755904314878,0.750418275165792,0.707307902484542,0.522428361025518,0.553788907832418,0.60206483461327,0.574707487040742,0.397585583879589,0.518639508697965,0.592498619860114,0.501050594608355,0.653138210770719,0.658589737860663,0.588038061144912,0.717510007923228,0.718073419590147,0.752249902200699,0.723916092941138,0.729666735447582,0.769903592281002,0.734191206423743,0.682805224848062,0.642938439229634,0.647804038025962,0.628009919611074,0.685920937846801,0.596310515874311,0.433871645881185,0.76766494323645,0.913004416978425,0.651742895617773,0.667536488288575,0.876997313603249,0.759760870491917,0.765705604291943,0.762484655267702,0.842399526254792,0.77227430133438,1.52593420684744,1.99750167389025,1.68646172145462,1.67619517693722,2.20010095254715,2.74633277971256,2.30431384825611,2.79690170228663,1.85263767959972,0.825932379874549,0.71426946461701,0.586223418938781,0.681160520870269,0.68488176277916
0.920671804454323,0.91802569550114,0.995254912993177,0.824593054977455,0.863521150057716,0.908267354739685,0.827338221915544,0.779886494023002,0.968898118368448,0.872046686854725,0.859358709309685,0.701199283617637,0.896521172499709,0.775072987316369,1.0576510038429,0.984218654044704,0.91153848490239,1.04027372148945,1.11945058320735,1.1473078869853,0.908793099233046,0.885720632062582,0.927719240111474,0.876113144884863,0.743582956224321,0.925575059196679,0.739115918880126,0.789584667233716,0.690508005364607,1.02858824250111,0.879120269448792,0.721602555228986,1.29265981269707,1.33983796267548,0.785322437229307,0.908611457565649,0.852864014724829,0.798749814394574,0.813143571428677,1.32626216847751,1.27290867259688,1.02020931834812,1.13909179487905,1.51890518620986,1.44224273140283,1.5404374946688,1.46732952868905,2.16069510890707,1.84600924756777,2.00816722038975,2.3516800374246,2.2722195761716,2.40360809047723,2.32294869626486,1.67609951734893,1.65295583747678,1.82427658346163,1.38901964208778,1.06663423163666,1.14228220015651,1.19864780849218,0.980513577528043,0.875799429685016,0.686219427252996,0.686779020136836,0.768175920362642,0.676209828594149,0.694909536248237,0.694202984177248,0.759979166305329,0.612429165032167,0.679251014008332,0.811913726594446,0.779250695809968,0.780800197164422,0.81264502878006,0.832556661620106,0.931783948223882,0.770933951206674,0.873127529803782,0.821648943558227,0.790009137691726,0.814844773272095,0.734935005822229,0.743892159985855,0.715744114677387,0.664508718496648,0.70723370691128,0.60150266988401,0.836855247549964,0.694684431693235,0.63244322566834,0.743365459205335,0.745974806781859,0.692544796268504,0.740032552869411,0.766957048278479,0.827792642494249,0.772381484308341,0.982830056405878,0.943407289135559,1.12320824523699,0.912148554527038,0.870452965385032,1.01766441915147,0.88026526779965,0.7933762606811,0.850964722748517,0.788767297870847,0.806025662122963,0.747593997702196,0.812301041764986,0.875938104136094,0.911596772071717,0.827781467028414,1.18869240108901,1.18151400504266,0.882249399981103,1.11996921129053,1.22095251594767,1.28175016015586,1.18120575027516,1.28020200732469,1.42583271768646,1.57569918468801,1.24522349335614,1.19968729805856,1.22664263225608,1.28985782387015,0.902478707586871,0.890757366319424,0.929932317177716,0.904553778939313,0.865773565106892,0.825592145922787,0.862681245671215,0.829472434238302,0.653380487741102,1.03409587559612,1.0648189227548,0.906580617925245,0.928609012121278,1.20386696834329,0.979373501878511,0.978882379640633,1.15071156722366,1.06639525990313,1.22721883588446,1.11614603314951,1.21913988437176,1.28105463458801,0.489496016055451,0.513173163680348,0.587537228613086,0.52005264236847,0.548653413134558
0.791786779113338,0.922463406972367,1.0408347049902,1.01960599240216,0.9089990517486,0.827071770984382,0.988533663019674,0.885656669778818,0.835688680266645,0.856454064200395,0.964428503315934,0.890903139258604,1.39981706316645,1.22731960409181,1.06502769000726,1.22704143584916,1.19003720588351,1.09029535260621,1.26003232184096,1.15146092915342,1.00426567406299,0.992293979829155,0.842814852312124,0.903424177772978,0.767093252181796,0.813041298516582,0.712585251354962,0.729114062029134,0.627684475461493,0.731336347028233,0.761305007490999,0.794823487299159,0.834517504269568,0.855945422433606,0.866739535015474,0.780740924521637,0.970089734982271,0.94124267347767,0.783406072930546,0.902809991872591,1.11993986268004,1.01445462190278,0.859956301395791,1.12854707593896,1.14016524773488,0.975837479155371,1.12076556396997,0.981675662225782,0.836753564542779,0.946176015247722,0.787499699266131,0.812769497065179,0.69359576527559,0.720022480171759,0.92168209308396,0.825794358596002,0.950371898151216,0.983192612990539,1.01550016759409,1.15063367728526,0.856554820399767,0.879951273937429,0.929850913505271,0.841521222964675,0.822274903189377,1.02092682578966,0.707343937597522,0.756448676430819,0.899540258305054,0.981258192470911,0.908309223844728,0.97352418802872,1.21659994225419,1.18765023146361,1.0391506336534,0.966511737907809,0.995095401170628,1.10915744775788,0.986089054271178,0.840304544199649,1.07835064822855,1.07981171159979,1.01317863961214,0.951591475854457,1.01978748113872,0.863980124851406,0.879568055821196,0.99181614503827,0.842532180724758,0.969692261267472,1.13299800457898,0.833150802790174,0.909934340587255,1.14367122495285,1.30387035757963,0.913392667329947,0.753577153647078,1.000074897819,0.860015458142174,0.951786735788626,1.01931273343122,0.773447615615762,0.700637278789528,0.826160613991249,0.822076649241205,0.666377051761506,0.592606023519831,0.714733454699173,0.675879271936455,0.557673617853815,0.678555850649146,0.696318074509427,0.798426031209034,1.20736123502703,1.12814684645961,1.17243183533058,1.41472094302296,1.19564623668444,1.29175734834832,1.41653550474319,1.45263687660356,1.31646984546971,1.15681236322311,1.41859636835812,1.27956025163768,0.846926033581849,1.02276163263126,0.945089033015007,0.824636124844528,0.961921391869042,0.751249056773658,0.767440435692788,0.662567354981146,0.774776365479805,0.820013971543769,0.724100034394821,0.915602437783191,0.925748184508657,0.821265987527656,0.871973145246322,0.915197553626384,0.869721736870228,1.5347510787826,1.98644803087587,1.70165572246015,1.70522481150356,2.12707036794212,2.68033667513203,2.19718205790094,2.43473915983936,1.92209996382652,0.769757409389192,0.780787744191887,0.688480839288288,0.738226341132251,0.78446020098811
1.05929375553193,0.829248997936472,0.95826199017057,0.957748065016842,0.630026455334996,0.69307605161763,0.770976519978504,0.673394089543961,0.556083877296534,0.675821507346011,0.868399772429743,0.763407430082218,0.762277287516106,1.39079066624282,1.90047073300497,1.48248932602546,1.50436449716921,1.71548921543617,1.84690674399825,1.69781488401094,1.40321913877509,1.01995214317503,1.07293075461245,1.00168009056953,0.544038765680057,0.495934112209076,0.504173198828922,0.622654305729559,0.503567774333011,0.57293155334075,0.666631793358435,0.7170073405743,0.988750362069159,0.821869067487333,0.836875955303356,0.904317336604114,1.10058677692104,1.13116837655294,0.95633748374488,1.2507554369267,1.49439106374374,1.26671696773291,1.41374348270549,1.73072155053638,1.4193585937509,1.25259751457934,1.45004514051421,1.57106321062177,1.06502768527185,1.32172297786973,1.00981459784645,0.91482347518554,0.869920046287211,0.916293317719318,0.933152044955449,0.680000875107601,0.771483019822907,0.942270848643703,0.506469513846083,0.736387637944742,0.777430131937597,0.464796720204194,0.500502842676832,0.674738398828845,0.618341206456535,0.785532677985949,0.721249001360178,0.890623606233703,0.922858499033396,1.11054426007912,0.947670942917472,0.933277172671945,1.31516383142281,1.14163133925022,1.50230002433782,0.82666697932865,0.988583396016573,1.35491283045024,0.845992244805091,0.991484455443595,1.59804224535344,1.38891385876248,1.62510839530082,1.78775789783277,1.41509408985787,1.32892784669699,1.49146904342988,1.58228963445414,1.16263055706708,0.891991891434601,0.942920799209309,0.755660057165895,0.853589114359955,1.47532995057218,1.09633084682071,0.700878537561612,0.884541350763645,0.884209788690057,0.911555130180384,0.839574256128768,0.83996101576212,0.792074336913618,0.855461385769249,0.748588494638944,0.687030160009352,0.659793981226558,0.62297966537405,0.55917521423918,0.631537074571143,0.590557489934697,0.554881269094664,0.594409950484987,0.704908324826258,0.603314285990897,0.557144445846011,0.635426544166608,0.777718949479486,0.654648844273405,0.661624180505868,0.707297289742031,0.61103811233272,0.519083267050361,0.530273564896471,0.497898805120008,0.464093179449748,0.514344037538969,0.520855674864569,0.426467589952774,0.384165908329419,0.43792279884862,0.384621512918276,0.32745328083376,0.518928894360717,0.622033440004386,0.470677901156649,0.461387073435474,0.72581319614676,0.631530952943895,0.682877229771434,0.749271242188274,1.5672864121777,1.36868578095767,1.7347513493329,2.4528636200421,1.95986527020631,1.90115119343025,2.74899584963508,3.44421836327731,2.57107889174256,3.18660511193897,2.13433449904791,0.802235675090084,0.775794763865943,0.747025657998819,0.80106770010234,0.835926245907905
1.62541856713423,1.29860945091279,1.10309132438416,1.07162052178904,0.583446348267191,0.721617481907637,0.871084053229628,0.860378664397082,0.660747573278595,0.741164527938151,0.958293008422453,0.873187008333197,0.940727278352388,1.50911769151974,2.52532371498879,2.29257632383742,1.8109570771228,2.20988499116258,2.9132616224029,2.48909195616949,1.76112849495819,1.5030799699995,1.75800908610079,1.4202296984135,0.839668678209576,0.701607052569549,0.494250935437534,0.450898492308107,0.565202486516884,0.786117620854745,0.597787346195256,0.603219676906896,0.809325449667752,0.686831601844063,0.537460654273426,0.614143445924609,0.619398757358837,0.710101587807875,0.61770873365621,1.07864341370358,1.33040332067975,0.804949882113886,1.2381719844925,1.79525486125652,1.70019806385181,1.54651999082866,1.39930590786431,1.6847336863361,1.6763512828238,1.87886271628258,1.76031361975215,1.24105059789126,1.43700892656428,1.98610647184236,1.44599798834241,1.15058596754308,1.32332135268031,1.35167164619855,0.889805046926021,1.05128467519405,0.901250380705204,0.80290677930972,0.692826868167963,0.582167770970763,0.629239627295584,0.988813420378146,0.538022068302176,0.483749806787254,0.768329825760932,0.753098731153202,0.695587087146948,0.817705224020716,1.25057390783995,1.2267926374561,1.18175874918155,1.17558571130657,1.40535790030272,1.51837729462521,1.64745490619127,1.77019321769229,1.35205931687796,1.4098938142499,1.24776177532029,1.18363685604197,1.31555227202664,1.02687748855394,0.911842326223912,0.866491942815016,0.64769129500438,0.699154188537024,0.817000575501159,0.638838746391617,0.606709790305291,0.800893747924098,0.959709059587144,0.727498696070855,0.594588368200295,0.642531412921819,0.566352780201715,0.608084820990362,0.759461743778145,0.624810686571136,0.442349828914095,0.535494706981337,0.508357002620014,0.507469268544326,0.421160396429687,0.464508922280755,0.517878331043148,0.525132383223942,0.509548124695641,0.468858481548782,0.573010550877714,0.653287929406381,0.783016070584427,0.718320452486432,0.826740159808083,0.881325279319398,1.08619962479996,0.843100450008429,0.802726022387296,0.874988230456098,0.687453611731857,0.748194130055248,0.587783824483626,0.509778275842148,0.564134715724157,0.459935242589325,0.426745732267482,0.478757815300664,0.781252871345967,0.711316310093569,0.925987009841991,1.00289330419475,0.796360922627224,0.999836118501863,1.29529691592052,0.938208344392231,0.9566533713423,1.22976555649868,1.16193258778758,1.12070105621964,1.24419976506551,1.25639064299975,1.17298569984481,1.06763798443178,1.24000920955647,1.41153591287889,1.18968660481057,1.26480230371201,1.03009853342783,0.623751095935517,0.601261609494503,0.595293848011795,0.607014856817077,0.625328023426298
1.19601828111402,1.18303672384559,1.48195806011719,1.47503569633173,1.54465421577352,1.11967711746642,1.01362293698829,1.10276522013296,1.04914884853421,0.905923790817177,0.601183625002659,0.590335062974407,0.725436685573332,1.61004299118659,2.36217644552794,2.06991209788635,1.84115175763404,2.35807556916434,3.07331968734184,2.94532110658743,1.95676940329734,1.98346908756666,2.38990821336166,1.85600596649079,0.990162853431874,1.38752538333992,0.836979545726584,0.861102154219578,0.758021665750709,0.80580830753617,0.703689191749012,0.677858211003921,0.670130854160603,0.61464761925023,0.70195069669285,0.626809588032702,0.602209624500055,0.658548765244041,0.601752083121836,0.790437798418658,0.855877074405101,0.691486685819626,0.713943484080874,1.00996375142811,0.877422094439009,0.942972691555431,0.815018409304863,0.963370723150119,1.05819344628126,0.758496517440301,0.908596285433355,0.914534460186199,1.14658162699778,1.10077560941195,1.01918477825685,1.2135170688386,1.25824820651398,1.40373848000842,1.3051741801735,1.53091683095739,1.19666124110581,1.41280614875502,1.32712216584465,0.784960092665669,1.00283615622655,1.24443278809811,0.844113392542779,0.852429548795425,1.05910772119424,1.15428907278182,0.709891162015331,0.691825893270536,1.13548866939133,0.850903950876681,0.927702113152488,0.851078298532337,0.865902916293347,0.921123664196097,1.23117908271465,1.24132366600447,0.992291172075604,1.2207240434962,1.55980982292803,1.76794006475222,1.45682119109672,1.24751578299746,1.223964155305,1.2964352627746,0.961006495220935,0.875414912109635,1.12988991273392,0.974619869241391,0.707866727038234,0.845258535847864,0.665467953979757,0.655493887701417,0.591161658775562,0.619647584905549,0.523932576060357,0.434520567580225,0.62344221493622,0.434293026932783,0.530578353386704,0.558373313398415,0.649398861232541,0.552875707829186,0.530767835187124,0.711830927802293,0.611721638575421,0.577470854643723,0.758157317938194,0.619486266904858,0.642123580240611,0.781830604097683,0.719712109543513,0.827485942937847,0.543942435214194,0.690132544674326,0.750522138706633,0.857271957691828,0.894083773333623,0.919234870716598,0.917128358543747,1.13175584261983,1.15772366529979,1.18800451136211,0.988109561621443,0.904799958696577,1.02018281965547,1.13631485191964,0.864756789197322,0.85782871811429,0.963132538205887,1.03940001665369,0.781600373875929,0.7585185501607,1.06613329197419,0.838620554173094,0.69397286148696,0.871408043176948,1.1962271718125,1.04929252699974,0.929256857237224,0.932706874477006,1.06876435281535,0.906389616223819,0.757690534227399,0.929791954657017,0.830902786634813,0.950088648440693,0.811695760950869,0.488829027007317,0.46338343625384,0.488416985542371,0.518559071364338,0.44832155403781
2.13243880675036,1.97206072030967,2.25091873435216,2.32384692438971,2.17310475785281,1.66859718539354,1.75415301478718,1.86417340059618,1.60988371285625,1.40856025993401,1.11226653942706,0.861584031609836,0.994857825644335,1.08897362354625,1.47937623395084,1.20688306728773,1.07724874864672,1.08493339967049,1.15565813404273,1.10411387931618,0.997606779825848,0.993411883591017,0.970622126086692,0.911207536962991,0.721712637644687,0.863709792840874,0.803271981925609,0.682937604186132,0.689770740799338,0.949225668811382,0.885286148825763,0.820787891258043,0.964240886919941,0.907606264571463,0.888599876280906,0.930339257651866,0.841261941308971,0.725447566033193,0.695861483003826,1.0327059393369,1.22983761009236,1.03601177868495,1.03931605375079,1.39955730212486,1.09679073167484,1.06863941118629,1.21994442693881,1.26675761276217,0.993122985491487,1.00702277146755,1.03459342526649,0.962499442537135,1.13183237066217,1.02048569079719,1.06243142849212,1.1454669328518,1.19066882800405,1.17935298564381,1.05590659449138,1.15884374608651,1.01542878936823,0.879546706436274,0.944805859874749,0.737964379525979,0.727187970911494,0.779866501049911,0.50771925515681,0.57610368914498,0.652654494495872,0.791511586571626,0.796797457706321,0.79447598427385,1.01616214706314,1.03987828589207,1.01954997233402,0.971420429661294,1.10740799274482,1.33048687538457,1.62626532509094,1.03589324577425,1.2840770177835,1.0986773090682,0.962538358360914,0.910305897838588,0.808832709718183,0.768267782031871,0.870808367579258,0.846770342544798,0.701654873757599,0.689483599120712,0.729962939179413,0.53059259307191,0.549928727605151,0.725498921952238,0.686481230232598,0.578686369750053,0.497185973931482,0.575288273977641,0.463986538537901,0.48822781279776,0.572124657960198,0.699442432976357,0.574867895907476,0.600771560422465,0.697222890638467,0.629868298648184,0.64360139657103,0.776563847925323,0.798341542804148,0.784859034302982,0.824339236714666,1.03839842153509,1.02943256123886,0.972811132219552,0.918678937510527,1.31818107174079,1.39036393014502,1.14971533483544,1.34429662386139,1.45813605812246,1.69072503868065,1.17668932104798,1.40818359312565,1.18128377020223,1.19046658650065,1.38477503561378,1.32774848255161,1.17530204516619,1.21691775234208,1.38012570435942,0.999081377653294,0.930125217548965,0.993727499861589,1.01157792650411,0.728417826734822,0.781962085400478,1.00981636191827,0.748197090676844,0.699861270361427,0.685899013987603,0.826110044391729,0.702572130701103,0.755218558098159,0.938419312144986,0.888182732918412,0.848896045180597,1.04664869956218,1.23732851894099,1.07464680266511,1.20899301212401,0.914969680400658,0.541412456952735,0.502503948583032,0.501525958375695,0.560209207700834,0.492751300404495
1.21838222284456,1.11561601112175,1.25854157552823,1.16176226219993,0.921886219111581,0.99715146325543,1.25348993852848,0.888180600633613,0.953002536651009,0.849668821200292,0.901318332907431,0.892731875981456,0.861377792485949,1.1700173916824,1.34490207065341,1.39232097998702,1.13530715709081,1.19280784566698,1.47198813279573,1.34408656081496,0.943175095103985,0.96834799341355,1.14313086670405,1.0080416060415,0.563826361290375,0.572789689486085,0.639722461224898,0.677374811267884,0.623852683590187,0.99611230196809,0.795920742838201,0.907960460853651,1.14191319192295,1.29255006680591,1.07480787010484,1.00809365272593,1.19446864001142,1.17157061049042,0.95674032910753,1.18238740395235,1.43119401747916,1.30341295001269,1.31101840926985,1.65035739574137,1.24644696033631,1.18219486694853,1.41702267080841,1.47963803223937,1.26647707385989,1.4891093487078,1.06199294821644,1.02295651913645,1.08667026901301,1.06281860561925,0.96082649831053,0.909566545691803,0.950102161027801,0.674205075604179,0.635128918833212,0.605404002573478,0.603751142104532,0.555540500571039,0.562005143473862,0.649455173100594,0.63625401103368,0.630433131296598,0.632048567508849,0.614677318405347,0.660643596893997,0.672194335926879,0.937591441751472,0.930521118723309,0.99366196890277,1.17251768088926,1.11364431147869,0.881153000235419,1.02461379863296,1.3020026728556,1.34592304635389,1.29341154069254,1.49948215170359,1.24104790539513,1.29876519853106,1.15962494137274,1.18122505309731,0.91930870371327,0.903993081914073,0.987996108641114,1.03617060511967,1.10891951188768,0.803687237022562,0.82102309157415,0.83725296003374,0.931453309540691,0.845578459681941,0.731277571369355,0.79815021974943,0.802116562508781,0.966653062575844,0.976886182208036,1.13192269890493,1.24097057133993,1.17375459414174,0.998303453488322,1.08816532226891,0.924499839214695,0.837207649528595,0.853662546208882,0.599613748057501,0.655576135790057,0.570578361764194,0.83622758641473,0.871665212246809,0.823883121682346,0.823566762468803,0.963771915771097,1.01399462841332,0.830017318859201,0.880490602341393,0.987408695891128,1.16948495198,0.816641701612469,0.922751196784062,0.821103689089407,0.881740158640847,0.734769187343764,0.793141870509538,0.716882444428527,0.716051691558023,0.673958288811197,0.681032773165159,0.687964127048166,0.930678940835411,0.966445493416081,0.833076409332625,0.860387944778228,0.999528156037187,0.893384573892956,1.22361257635735,1.16745538752817,1.10790616470615,1.14927710379174,1.55448021028154,1.56534072166039,1.3701934238476,1.4384589343021,1.42671445338179,1.7031016836147,1.50559455381559,1.78938845629019,1.46542539856576,0.66789054483811,0.618136906718,0.823165976650724,0.599238916907513,0.623788904736491
1.1503289586856,0.982916190889357,0.987126929528832,1.03598576686987,0.865478224430939,1.00869124592688,0.891147603911003,0.930807380664851,1.10453436836328,1.03043527670153,1.08332311439083,1.13723481432244,1.16576439957552,1.16849675416296,1.33041439617421,1.13828314323394,1.22040258941055,1.09053253481897,0.707255730215005,0.748146092514377,0.931120359741054,0.631198371347301,0.583901033497389,0.648727416384126,0.594052484213901,0.701028832469421,0.745861162034941,0.681913072696444,0.620251482309285,0.792204077365368,0.917859116095247,0.582116770179765,0.757616217504125,0.76381363956248,0.671390552407899,0.662890451932453,0.636109269821055,0.723410091942789,0.693794670132485,0.863974255661042,1.04064049157105,0.922974531949965,0.989258521322393,1.24488165416879,1.20878587432519,1.1559107516008,0.983734017712157,1.02120153595831,0.99094215422926,0.900427578150657,1.03902234665467,1.04988720918913,1.14981511790404,1.1578777086496,0.970162425496581,0.989740159012765,1.30830951925447,0.985966596343583,0.975769977943571,0.922841096646045,0.776099872119166,0.777452672773621,0.823669744683474,0.71426551172853,0.628231292284438,0.700801318215735,0.525216598098583,0.814310698842026,0.80814226667947,1.02706427070231,1.04462732424754,1.0639586056883,1.11608200835987,1.41103933046277,1.48117559402217,1.1303026235934,1.18053587098558,1.41441167370129,1.15842314661161,1.13848855231944,1.44123063190091,1.24827376894663,1.30294460046067,1.57161042620025,1.23136509593087,1.06041771450412,1.00117662689143,0.994261005893086,0.867491198123747,0.760545933705424,0.855314941825491,0.577532154955302,0.525903863185006,1.03123754633619,1.29219157944864,0.599410021899489,0.597938639038738,0.560494931288922,0.567326290093262,0.547795110208111,0.574504517621351,0.571340092449995,0.570197805814034,0.713166656058615,0.785239787074276,0.641447978364381,0.676019030936484,0.869800376169163,0.803620162230721,0.699545961953511,0.711153610704576,1.11762236090123,1.06421745860056,1.05531532615721,1.07934018955193,1.48100460186431,1.71749025925686,1.4255113837997,1.47595100858269,1.59765060975098,1.79146977810868,1.24142303653453,1.36940120840277,1.38204547709644,1.13581782785231,1.04140931762266,1.07737041845152,1.04181754968184,1.00168119520058,1.01251705127713,0.883930516062372,0.975153771052082,1.05582273053599,1.00051765176961,0.870983979475094,0.896683405843375,1.01507270065466,1.01421455296874,0.811775632748023,1.0237011886364,0.977711174190013,0.797785436349137,1.18451060167149,1.78275215286814,1.45490645023317,1.40246412669311,1.87320684510257,2.41877172303949,1.92698601150839,2.37337192974082,1.56457576756972,0.521037021120537,0.498580611497576,0.515928826436984,0.53925886212629,0.53775512490704
1.43483703407595,1.28893441791612,0.951014171473451,1.03541773467004,0.925080939550905,1.03355820517935,1.06241253624175,0.742425903376173,0.839287322003592,0.910878115128752,0.835502385511324,0.764489920358963,0.849432538680541,0.909380944133066,1.10995259191033,0.925289399077304,0.857204461026535,0.973892456547621,0.983783144396519,0.961984394921153,0.913222455023818,0.752194605887468,0.81012571922661,0.661967375269469,0.629297846374535,0.693770124633675,0.515099351484926,0.598827700615084,0.654078597105919,0.842842649045718,0.743065665519118,0.732731471985487,0.922199175863395,1.02773272866583,0.758127102314509,0.7708870446438,0.816525658357713,1.0126353147887,0.818207692451228,1.48998579513745,1.55393868798501,1.19814813311999,1.28528873079004,1.78482044318243,1.48510886435836,1.53604290801754,1.60963598167236,1.83353311169213,1.41180418586564,1.33401724277714,1.51278260663719,1.52738555588216,1.44135824225916,1.38939335782594,1.03318744930124,0.855432443379773,0.962268208334572,1.18991682195587,0.752736809503527,1.16342172282788,1.0254865421842,0.633386654745658,0.518398359520408,0.743116330727796,0.508080902679437,0.618232900539839,0.481024005079799,0.599581353141755,0.684255436760666,0.651489942357641,0.675403572771428,0.591832472933925,0.878509227556665,0.88745794864318,1.42900157180906,1.22292882310105,1.32795842453878,1.73794205402949,1.39189721507716,1.64205042071844,1.77206365290356,1.47970641915526,1.67535945828942,2.04951334449141,1.64382178690879,1.2946826853922,1.1898194667195,1.2229690391745,0.781742661543267,0.736142127422311,0.885191991737826,0.640118533448275,0.724809108760681,1.10157959692932,1.27057237489753,0.615651293429777,0.651154030304121,0.599409978164119,0.588646373391019,0.698089618803232,0.815566315440234,0.714544257404876,0.640279960737213,0.546218154879552,0.561056384945065,0.770955424817957,0.684993946773556,0.73553456071521,0.667113180726409,0.607391984326712,0.635942163586727,0.586982211329434,0.508391564922176,0.695785103939774,0.767249646612181,0.839257683306338,0.668468320742437,0.845706480315025,0.86777122725996,0.970525405827746,0.901682253510756,1.01447047212202,0.935420033982488,1.07789504570991,1.1370512698688,1.08443709959638,0.990937238218407,1.06126590982601,1.08175119204939,1.00058539451663,0.93795812983184,1.00472763986859,0.986199605299345,0.987112016881738,0.886924570612868,1.15049307762318,1.22785706283445,1.0250358775661,1.09303323385546,1.03256761246223,1.05247243513763,1.06104020696871,1.15541366195535,1.61405763711385,1.42524886207556,1.27866905515781,1.70842920097181,2.02844727736314,1.60065987628607,1.85863848246199,1.3204932652868,0.473428279856374,0.484916475527549,0.600492688439619,0.696164653473516,0.606707328354733
0.853860706625497,0.871191038978121,1.07302237440337,1.09609484257477,1.00769628522863,0.882444712904954,0.842438746307875,1.08612607359394,0.977058179196711,0.863346843324035,1.06675081031394,1.18244632669003,1.28743219385245,1.19233924998968,1.34856668090713,1.47712254791631,1.2143539529051,1.17099638336598,1.10158000675456,0.999061340964083,1.00897112394855,0.809360446414364,0.832493728047727,0.716700764902284,0.753141666666497,0.637914860840062,0.681278806810883,0.687763221842136,0.686554838446793,0.788413953808455,0.771042560259671,0.765760915585563,0.910809997096646,0.735553673262136,0.825190973657332,0.974577319087537,0.768543417095497,0.899759260186887,0.887060244185337,1.12202710225072,1.42413110438904,1.24786720399766,1.45558902993379,1.76449765583626,1.51224928704912,1.41150741760546,1.33515214677637,1.55240572586651,1.3413691489893,1.28413864520342,1.48631739460811,1.33563258290805,1.58389538140809,1.56426016014874,1.15442024243399,1.18747978413026,1.4034205691702,1.27450463138583,0.918080360355763,0.710633622264953,0.922354095422774,0.794794913684214,0.80762878287708,0.717841333435024,0.677089417116085,0.907487183632589,0.72524592371485,0.755518764855361,0.752217669693969,0.837714068662054,1.06983544701187,1.02825730495322,0.978251519210747,1.02827930978227,0.914724061860866,0.722463244304344,0.825200761120647,0.863088703973565,0.943196224119626,0.851035444982006,0.842135660244245,1.0464879331101,1.29893305153625,1.37222665440792,1.24733404669645,1.24927286685987,1.39388383870131,1.3284271419268,1.0064495623547,1.07965699143622,1.05325273867861,0.988831083265255,0.850680473610853,0.93420840050749,0.894717577127989,0.931336534375618,0.796164505804138,0.761981607881496,0.898186666382147,0.999254919727326,0.940686368601682,1.09485289403935,0.891167795487069,0.925924607878699,0.916090320642558,0.995989727102356,0.917558275985355,0.926457991531483,0.949847439902854,0.86755915900961,0.755906588563184,0.827216726890453,0.913858437111426,0.891904014676202,1.07543521425834,1.3053055031228,1.65343085185143,1.45194147338335,1.54251762368054,1.33613624331815,1.39113500217611,1.33806429856598,1.23999044218548,1.1427579579958,0.515810537878405,0.808865949017657,1.0953041015904,0.93561950078504,0.779760915438952,0.784760350892011,0.927737536201118,0.706036758041152,0.668278646216853,0.636866761392652,0.804071966503832,0.716403950667649,0.780501211028461,0.779587931921854,1.00142302940372,0.928954639380606,0.875821937508307,0.926115847164099,0.955648762670307,0.915212235258625,0.90618576720814,0.831677671291943,0.975298306155973,0.794308685708594,0.747852335855625,0.672255200980716,0.690901731475088,0.942055800201784,0.934673899766967,0.907090973919014,0.943917489142181,0.919217916670896
1.82040089829318,1.47812843664832,1.89156721563262,1.88708899706976,0.961334334994159,1.35681261646237,1.40589607303382,0.825715437058489,0.744918143524558,0.73271154281708,0.630336643939683,0.707305503601853,0.802062716723046,0.83071745279193,0.828770817235062,0.941892491635721,0.834243615564888,0.830530813778507,0.98342040525574,0.984283150581758,0.876560122420272,1.01949331483991,0.990105344736796,0.91304893399539,0.747847524712642,0.864597305079304,0.760677809227139,0.865854562960299,0.92567486194349,1.1161460276572,0.968047452438112,0.963962083087802,1.2807186199058,1.34257860405635,1.06796397556591,1.22092151336829,1.25816989072945,1.22657254222876,0.916281107568026,1.4254760714383,1.31647293960384,0.866041761185668,0.944802969123188,1.39481471910168,1.22143395360531,1.5136514950686,1.48416601603923,1.62156959384597,1.50969306903504,1.88203538148893,1.68637837901325,1.64544675136977,1.47418522967282,1.46583083091155,1.44315783631161,1.04873436508387,1.21808287488828,1.57008614803134,1.02735329639182,1.31318873494609,1.09232490319179,0.824556771494648,0.905607757405018,0.681231914888733,0.702119801325493,0.776385126742374,0.646041464526256,0.511154311910872,0.69564020362709,0.701302954569674,0.65921287518824,0.704035339008053,0.777133351885566,1.04493238174086,1.26321780745551,0.850688490443948,0.825229972730642,1.41311178976893,1.50096536815883,2.01645625129949,1.57496017528875,1.33515758454494,1.65557076868433,1.84148049242641,1.51275475030347,1.20682155514426,1.22536296453976,1.28138367458789,0.637349673521766,0.712688828099736,0.792682970815339,0.43656576543377,0.483950405694728,0.74650581820343,0.714163966635728,0.344191757025891,0.394659248977047,0.378266498608498,0.492057861034832,0.585053660023775,0.695276117891358,0.793746479805001,0.665023047257714,0.616321446626379,0.787040139985315,0.910906335170121,0.875470583927741,0.926428731795476,0.797903752744421,0.820324900357439,0.686167938497781,0.706888786303248,0.730262398524418,0.822216549731104,0.714906332216851,0.801988565535745,0.959980880231924,0.802366779139595,0.721685009426328,0.81087043379636,0.882032247199725,0.900908654743953,0.867899796795547,1.01043459310035,0.720656886652551,0.842079262126072,0.808862531927499,0.921293953183232,0.887913953064193,0.911413073773467,0.8245606356674,0.798234810556134,1.42221175575356,1.32610029878345,0.790337697275776,0.952380085435319,1.42302505525957,0.930418126566291,0.987041477822672,0.919016431974231,1.10131150717545,0.964037399199102,1.223166657434,1.19072411441015,0.992417466489244,0.925177284994387,1.19408433619862,1.42151475035822,1.08428887291761,1.32971718231983,0.918339770669301,0.408613410823727,0.402769266379907,0.443328046565499,0.388106881650939,0.420867939512688
0.839662638177485,0.637261749044479,0.729484919416305,0.741277573923741,0.570283422381715,0.737003520861762,0.726838937854497,0.633031049710678,0.65886053246722,0.784148834275331,0.993895739250102,0.891174656873087,0.97326568494471,0.945745827392089,1.18203486252263,1.31463315839006,1.08538654168144,1.10850628641096,1.27823373636534,1.1335045377898,0.924785345013643,0.912009978601888,0.693112694569702,0.754758979030454,0.603192580231015,0.904784175743605,0.638347564477539,0.500281965749742,0.511294900094253,0.840371643481028,0.615083301157265,0.669045067966717,1.05371164795461,1.06852248069526,0.691589443769859,0.931310134772213,0.987686986640643,1.07192047636834,0.916064881690146,1.04661344029507,1.14110032208882,0.954182756247076,1.11097660405469,1.30037058758953,1.120870460419,1.08080692595266,1.11901701166089,1.60401577581677,1.5330728615946,1.31073771288736,1.57368004298221,1.43209199312862,1.60404058329188,1.71280299174025,1.32682522130527,1.41533820288027,1.57488911869661,1.31823774169941,1.29339494848963,1.30323029175631,0.985386640711668,0.937973872450267,0.839450853091537,0.828094748953822,0.738792443084099,0.593758244578478,0.614009464232572,0.58714311970297,0.57384721696,0.562320152785078,0.740815353497337,0.692426339816999,0.809280456169443,1.01121471665885,1.3346324248875,1.14078690016448,1.44170554075778,1.77353182414047,1.20772354695445,1.46112838215817,1.80878825227122,1.58723468501047,1.53487629096495,1.85007674763339,1.48449849472398,1.30260416852306,1.05991108684309,1.14547042653105,0.920568371973695,1.06635118342415,1.00620198024783,0.880871260425489,0.891985578210765,0.997348649004187,1.02839150922945,1.00482598301472,0.860001234618383,0.902029762428398,0.86938919091252,0.841984606410455,0.802883645445277,0.907646952003915,0.808730346628907,0.672229339841807,0.72239473136642,0.780306483841465,0.686506248665418,0.640594650884946,0.630829916199228,0.644305977965369,0.544352495697674,0.83344282318268,1.0599332858055,0.873761340455259,1.08698836286953,0.980150476162975,1.18204380989173,1.2756101449549,1.3624633956884,1.0932496476119,1.22753707746721,1.11921814640018,0.986069522365152,0.852927684617475,0.762757464802367,0.657286283501246,0.67348751712312,0.748720278082376,0.720701730721003,0.602130630260237,0.743117397625852,0.675473508614497,0.660385391495168,0.793112627116116,0.70687283782357,0.626497076076845,0.706820348637064,0.759840628409474,1.02849586174824,1.00302563142823,0.98571610399028,1.04599674764328,1.27132292149638,1.42355224279437,1.28870076662128,1.25987635722798,1.6397804948344,1.89474592025326,1.65073316101267,1.91849326220833,1.42156827991262,0.670415394827796,0.659779944822208,0.741731225616456,0.776898599258156,0.661951101526317
1.22082109731202,1.23712011398642,1.42093095711539,1.37697649933642,1.13468956483962,0.980039711965214,0.982181566334034,0.957243167502808,0.875999145547639,0.724618352065276,0.625141594648255,0.487277200756579,0.741081558898231,0.654668566329329,0.701590846127689,0.667175452693834,0.827360519083711,0.828787599656347,0.700700405803874,0.732702129412216,0.836908470145885,0.771018904687399,0.768119230593669,0.796780626310038,0.748756572838892,0.807567719110894,0.754313978764154,0.654788094921233,0.735074491622736,1.14028890078471,0.777870350030003,0.876613036996226,1.18304305274256,1.37822354726314,0.990902222824163,1.11446625163567,1.20503650258217,1.18041324210759,0.921116079394575,1.40822386202062,1.43148439252134,1.07491519455072,1.03993299869131,1.43049301709829,1.3219428522659,1.46183817936977,1.53488793073151,1.75333493939026,1.59209414460929,1.72889649730894,1.74955593937823,1.64036316578605,1.80995535658629,1.70938070779229,1.36642879781951,1.15206375746035,1.32632866016677,1.30442105447067,0.96235722187097,1.07938942291388,1.01306479656062,0.899898140206751,0.858256091804413,0.746090198943104,0.739796934666342,0.790671791663261,0.654326228587325,0.63829175468292,0.674797010207181,0.72742137208127,0.73510026377127,0.724773345555173,0.727987918628635,0.863682903360121,1.2291863540464,1.15426170602146,1.28319320793874,1.57168600289399,1.42473791387102,1.43238192454898,1.4513634348355,1.38516054217159,1.57291531549001,1.75140311360725,1.45145731092814,1.26185337773234,0.928129926711582,0.949864038600604,0.767807016446058,0.940213055096835,1.13764510225908,0.841074639082898,0.782666213312152,0.994214613262061,1.20910746433298,1.00756971940619,0.815702218298931,0.863867266577245,0.730983163552849,0.59301372607239,0.56651415285433,0.614302696979606,0.667633397361992,0.60108952697011,0.588629151582345,0.590325675619114,0.532952278663541,0.560293336993207,0.561566427505356,0.542427565055125,0.541943923202392,0.600046309917652,0.635304962655453,0.652909368979204,0.65047120879609,0.977213608452094,1.19493650769325,1.04015930517906,1.00896039763284,1.11370838600716,1.15882819955611,0.845112595833948,0.871891199043373,0.950267021811127,0.633696755389758,0.810899962275446,0.872458243339892,0.603286384090505,0.616663499621508,0.821812453334625,0.636290737961031,0.646433497832512,0.742096656370023,0.694385078487011,0.572771306135824,0.74140660383003,0.774841404555384,0.619284247502959,0.74306112949998,0.750751830799527,0.840933551292122,0.910724834038898,1.36668699580776,1.66430559675168,1.49487032077974,1.50612441491987,1.87281530781507,2.32108981326245,1.8521884701768,2.18634142786369,1.65072100142039,0.612846583358963,0.629564739629937,0.658265485865395,0.736471275423054,0.626110650834471
2.102647744609,1.63741920422399,1.89449128611524,1.9168559558728,1.83570962948189,1.54682390327258,1.43360293135324,1.64341952797568,1.32163126116713,1.02866398700655,0.796918327571189,0.657750759655886,1.03216367080434,0.664050084505592,0.798264253064848,0.749693307664736,0.793572198490675,0.756190404211049,0.710851662007769,0.735832937482941,0.64628169583358,0.517863391130219,0.671140219363008,0.686199894657142,0.626223675239303,0.711068749912001,0.696537346102408,0.863587568946623,0.608198559977264,0.717193604852714,0.780315269198431,0.725048462668831,0.810290341674217,0.839900915793246,0.693912385446728,0.62602292847504,0.686835638345124,0.664054633929231,0.593754107577007,0.992204701757357,1.2389641146808,1.16618977624396,1.18975479257664,1.5448615286949,1.31115049138557,1.22408400828638,1.22849792143328,1.47717930458457,1.13004645268387,1.11426035792074,1.22651453778728,1.28027199519256,1.37716191416256,1.29050787964298,0.966922756390857,0.977786216734618,1.21181520275017,0.948178855165613,0.765454386131222,0.914889712209281,0.818798653485774,0.694461537719091,0.640466767948636,0.558123806826576,0.517032048881384,0.625058341858619,0.521702390553644,0.596392095608283,0.704324035575986,0.648040526738307,0.769033883071717,0.599420947543293,0.728138066776468,0.733335883871303,0.805569992696081,0.838710117670758,0.943711010227205,0.789377470175571,1.38353035819213,0.859108331892224,0.867179430254294,0.781349239972974,0.767998368442201,1.02947810017147,0.954631212979368,1.27678590203582,1.45116143739275,1.35839835312318,1.10300482797296,1.02002646431417,1.26955777582221,1.00054675464452,0.935458961034572,1.0934372075664,1.29117730413141,1.12118949206128,0.913979932497589,0.937562315732555,0.717684049993244,0.615455192763937,0.753970422129729,0.668082495689055,0.757630883877969,0.65635282252274,0.844044896437948,0.861436645858539,0.913707422679906,0.991787301641369,1.04400935881181,1.0279808980853,0.955408561388125,1.03651881694169,1.26399763299935,1.2626282426849,1.14292650325843,1.61236754906772,1.98431598472887,1.25974978186394,1.45335320503207,1.4801869793995,1.71463820594371,1.25307969519076,1.40652441202089,1.45416449259858,0.960295281571278,0.781718825410566,1.29102267155462,1.11468137441335,1.18269970919493,1.18891529694978,1.06498528615739,1.26694149101979,0.814588588597443,0.792879790840501,1.10410604055934,0.901392156514958,0.950999113965974,0.785683461175974,0.97672214627973,0.86505883632452,0.741795329369744,0.990195087103188,0.858541407803992,1.03631485758314,1.20241202048001,0.949466812152472,1.05311473297599,1.05491220211937,1.07813093391774,1.02488836251854,0.981247951118895,0.78835926464734,0.748843404173655,0.818274060101719,0.938611842204374,0.815260528052367
1.18693777445421,1.10014581200667,1.34918355165912,1.31156930888496,1.13555742610179,1.02429604790614,0.990632274433946,1.0176540018302,1.09239798600102,1.01825958025772,1.22382252373241,1.23713755290897,1.18645008698248,0.977916031551259,1.26390001058758,1.22831382722212,1.11182112755852,1.16153939571101,1.0552910015027,0.982140302627783,0.895388104982535,0.656429835238744,0.649687283742412,0.684282159240137,0.641547809970919,0.876839349011469,0.877771790789919,0.666363356775594,0.807376813763265,0.947737469628017,0.779781032528648,0.797101649855244,1.03367144801609,1.06498213651029,0.858074035051085,0.904083602040025,0.832931755130655,0.901099819655924,0.82073562517549,1.1128641820335,1.11093465575219,0.98996080613271,1.01997791724241,1.31728742726808,1.32366058620218,1.70314383119317,1.36435014696543,1.46986844234111,1.60183821801718,1.31032123486347,1.49887579957923,1.56631312860334,1.74155114196953,1.75211477309266,1.29638161900874,1.18087719184162,1.47215285421791,1.41839762606381,1.25158068033423,1.36018901229976,1.06100958611638,0.88462448254844,0.770799143781738,0.824213990370419,0.716665384760198,0.726917293488345,0.748922542053056,0.812148331253688,0.841237031067337,0.783935368330612,0.967374258869026,0.94315094762668,1.21219805024607,1.05220542666591,1.14086521828226,0.761377980174419,0.664191187960103,0.874929864722839,0.852879697667363,0.729393252148653,1.04627832014885,0.954018441189465,1.08631713850843,1.14801074034803,1.08377362563087,0.95152495882235,0.989744897225038,1.09301002344249,1.01097231002436,0.782523500357959,0.73461210662492,0.707333490290739,0.702206760212851,0.739356397632861,0.760248389506772,0.624546030844601,0.721242855942834,0.642883546252634,0.706629973257696,0.622934908479728,0.771824452539403,0.776176453555202,0.849637235860531,0.783435609269781,0.774384934995452,0.956522580839183,0.89195269915442,0.82270557411478,0.877285307609113,0.946095298354103,0.846647280427878,0.86642845421828,1.13008954419488,1.04879993182743,1.01486516080146,1.22606764027223,1.22821137025246,1.24377288281838,1.42852254409452,1.36741637567253,1.61263335506532,1.16199656248526,1.19091588785215,1.13346807392678,1.10827808330576,1.18880350295465,1.09854488426498,1.06305040018396,1.04682828655941,0.91377565143502,0.805627594225852,0.779487360734598,0.867493722424867,0.914727285551648,0.761975535311259,0.808879418428483,0.910648454663944,0.761546902612854,0.736162556681115,0.824976177065541,0.800293230360705,0.693227414333557,0.925244515790951,1.1493288121936,0.938934904124249,0.968640813459816,1.1140367139571,1.33090884038298,1.04029418115227,1.25144586909175,0.984828601337258,0.736338460545957,0.705524051780608,0.665123603504534,0.711865669142842,0.752603863309996
1.33960203439582,1.05180066918841,1.04208009476326,1.03332442789351,0.694832618960809,0.956228666357303,1.02928665451983,1.15387652524629,0.911539860365603,1.01137710546685,1.1389524141671,1.34618234726394,1.09333089146891,1.35629655010074,2.10858245879832,1.91698314897545,1.62382233925251,1.91195183739279,1.95937933651845,1.83961288089103,1.32909648413764,1.0117403365093,1.15363648702054,0.995589711124889,0.955222211913261,0.971431914378414,0.670503166673597,0.914034174700445,0.596738154063317,0.62623920009866,0.879259918322077,0.913964393372143,0.900482610493747,0.698046700615114,1.08737669815416,1.02753222249289,1.08445367728476,1.19304732875301,1.14255860673243,1.14938429920439,1.32236006325491,1.1307418384068,1.32753727569478,1.67645987321742,1.53691862742476,1.47318322396729,1.30930274300169,1.13095854854499,0.910854777791852,0.76156456055213,0.771429245689143,0.610309517041063,0.78713612943873,0.951114458039125,0.846910190578484,0.670647248074899,0.93499662458378,0.982304962226941,0.973693390642915,1.01476917998063,0.831658055076574,1.06752736386726,1.29709284564585,0.775941722379916,0.871531605937793,1.12775376033866,0.88652844857409,0.844898096722308,0.832960825093573,0.866371125092334,0.425831898716022,0.482294372866941,1.16225616581179,0.640600559888316,0.695231866337529,0.668876693114995,0.795252683623014,0.74933742574705,0.937149177137181,0.976940080226972,0.765692191290733,0.737501185146774,0.932600914068185,0.75241807326247,0.683872875033303,0.622025025373995,0.671696319861694,0.516240989913862,0.534177552393089,0.746349453161252,0.712675954525294,0.523014506497148,0.700873992091111,0.769940378639398,0.663672665396209,0.5717598097864,0.779662826143014,0.910539594396251,0.905010507665066,0.865277161359595,1.1958042413426,1.34958505122258,1.31365098043708,1.08995294280498,1.29648063235307,1.20988345955153,1.02947277408206,1.23386349082186,1.12827124268061,1.0118102293531,1.02870542294664,0.938140624723311,1.07321632905973,1.00969284739945,1.31125885186138,1.23721973343253,1.09454383256206,1.22777951278966,1.42000051280582,1.08874129396672,1.24824196780428,1.08676187286672,1.0203035705824,0.645921057279147,0.520054061312215,0.584006110902511,1.08243064240601,1.00316797954582,0.879198343378537,0.772453745163574,1.0175810312735,0.922001984726764,0.864837383528101,0.833774454239113,1.01032225629128,0.900073136964757,1.16333257489627,0.830127906107318,1.06961671428996,1.00732007700911,0.890949725046057,0.841541217013372,1.28610233948834,1.36043680380269,1.12031860560433,1.21269631742646,1.30077629927606,1.45495635994358,1.20527051402607,1.44755493301213,1.203312996171,0.433259757063575,0.432971333151373,0.606297585443278,0.583246498439339,0.627097453941137
0.975650704033659,0.940370167358097,1.16004882326713,1.15650007383061,1.08904981121425,0.796642817371458,0.852663118802926,1.011688069011,0.80226258161356,0.81554433973531,0.967096262996678,1.0173475838079,0.879127435044058,1.10671397609738,1.36130055502455,1.24675510449128,1.01337685649689,1.24153517604921,1.42952132973172,1.28216335624831,1.06658459860507,0.979432045816594,0.978061844748596,0.89573650331561,0.758124766928992,0.653081180668872,0.582448353641697,0.746117920140798,0.545098739428069,0.780964726764647,1.04130314501209,0.968299363301256,1.06044785500422,0.971465074207596,0.88119880078898,0.888884251504067,0.847209165072534,0.998020879767597,1.23495881903946,1.03513467790189,1.14360050141014,0.809570980600816,0.911442190436395,1.26677761697837,1.15499736644462,1.1701721909686,1.03048300709089,1.27535289415318,1.22854691816513,1.2722808101555,1.10079946936274,0.971477721722602,1.08874775728211,1.23336973557986,1.09457455916952,0.882919766936068,0.99836423625081,0.878075540887822,0.756751462253539,0.850470155853404,0.789018419211882,0.700868798156392,0.721031639411409,0.759706238116408,0.701786962745529,0.724184453067459,0.717993487826275,0.694462043737166,0.873044720179865,0.77353664883787,0.788283957144841,0.81666853725752,1.02790911658032,0.747183326212578,0.960721367948278,0.907800630304729,0.990947528156827,1.04755504182919,1.0700141637855,1.20432898850821,1.11566506141474,1.05823679225942,1.07728317721935,1.19935095640616,0.970396634907502,0.99146701015691,0.843400709320831,0.78723833673053,0.711581269765399,0.715121419888785,0.86909456096083,0.642582737532592,1.08472682040767,1.28958147268674,1.36186118662717,0.581906547401442,0.854857983884585,0.98542424191841,1.07584088830404,1.23251890222507,1.25433027797672,1.52518245337187,1.38007774765125,1.14413848423877,1.46469816261714,1.22361343301713,1.19089801079054,1.19571196180792,1.20296450777142,1.08771037052495,0.911541365331078,0.941955392809763,0.947700502150769,0.855220455295941,0.877916555611139,0.793203056575798,0.922230763264653,0.979795824471582,0.963582401975671,0.762644107066122,0.714074477565017,0.718079132960954,0.678308681837674,0.631521818671845,0.467017093973242,0.627699276739022,0.736709772165422,0.6339000692611,0.587905678198024,0.890387240246126,0.888555832693511,0.792694767912639,0.761326968774421,0.884702901335699,1.035885919704,1.02947784188603,0.726591590009762,0.99825636804867,0.984312603713142,0.829980584682104,0.773989798771078,0.930111134961228,1.54639569477309,1.74847208493901,1.46110719361968,1.68453512482049,1.98920731755235,2.35189879443554,1.88942495692658,2.3107186423432,1.83072869362874,0.651190058638102,0.760653707864642,0.847175563642253,0.5963584042836,0.743639859478654
2.13417431678058,1.66203940890434,2.0895183819776,2.11045954625783,1.40615584951907,1.61780729289683,1.37563697497513,1.18282478911713,1.11118631527983,0.965532429848016,0.755943504942966,0.788143332894836,1.00060872067458,0.918838470057793,1.06071420389828,1.15853372555992,0.959091181795774,0.933766229416669,1.07581609709722,0.991480487650997,0.693822651685863,0.543178673780266,0.659638589631396,0.732031456682594,0.428415228698351,0.45541345434019,0.573206011453027,0.566379605339018,0.526683663104752,0.705870573624659,0.654839784972692,0.851799560191585,1.06984958492281,1.14065823106731,1.04527460944957,1.09728948058387,1.3414673893211,1.23723835830068,0.996268876152186,1.33636027860335,1.53109201548448,1.29360177531173,1.40794166959708,1.5338218201234,1.32766225290023,1.24085293672663,1.48990012915249,1.44466791957258,1.06395744179265,1.32343725703994,1.14048325847979,1.09653424326162,1.10315445667277,0.994811633506621,1.0321881578229,0.744402293323075,0.863828439347381,0.879514187007121,0.442270256533131,0.676196176484997,0.649009156743233,0.509983857991081,0.461554477694798,0.464927019783895,0.489841227324472,0.47422238094022,0.326898832763638,0.336633627223296,0.372105297976692,0.362443586093342,0.300860248862718,0.377645046172753,0.467837796940366,0.387837099525581,0.959897858880636,0.955714598346569,1.1318908671063,1.18153051375706,1.80901738923787,1.83855920806215,1.38139185044392,1.17752632170836,1.32982890809235,1.43000081286779,1.09462766975454,1.07253590550841,0.729679771240812,0.600948067178074,0.55248329604862,0.900645997266201,0.760671021358354,0.420962423659704,0.500101359595793,0.900160703360242,0.828694116453884,0.409489907091256,0.504198074138754,0.560374841121041,0.559039484325487,0.667368163050157,0.704625494426876,0.765193829080857,0.898903715613485,0.644905919516931,0.575139675097964,0.641763472833264,0.583493179570249,0.575643651138995,0.55793293653717,0.707677605298784,0.581879516884019,0.758188221617253,0.839127761451318,0.709696533184793,0.917213901813703,0.988472455198981,1.03597531090037,1.05709048910118,1.16501963069147,1.12130249912172,1.10375619914629,1.18792904076726,1.00573643166172,1.18265819845273,1.08832927696603,0.866386487420229,0.916879538572699,0.962433893516643,0.858102051490714,1.03849978412649,0.885603302508716,0.757449822205518,1.40993510973603,1.23023995984817,0.585195862586376,0.671562967091375,1.42229805295696,0.622494816850593,1.05146958277371,1.13131696734107,1.11460511903296,1.04583272196955,1.82455851095812,2.43441087131462,1.93177369400014,1.81721027165696,2.59453279959381,3.27449745495691,2.43335149392868,2.84997213916039,1.95707781970163,0.34276734598685,0.359112493685086,0.519286045249915,0.458216783014388,0.411856863409589
1.30306582628094,1.24552674693096,1.39868703444772,1.36287661143537,1.19675603121339,1.10833435662234,1.10308712729401,1.14397719204615,1.04753555763738,0.872438019475335,0.926845221361558,1.08258271813133,1.08992103977794,0.887859051306492,0.968630984781154,1.05384073011415,0.958297864213867,0.870498514922386,0.887298635037132,0.837798981867101,0.819977190446889,0.861686850842381,0.923399787594791,0.916210653906193,0.852819254817286,1.01401923573619,0.984080214544806,0.837437399625191,0.819656315654827,1.00990129039131,0.985519105724881,0.903838493361006,0.859190247714509,0.891673216430297,0.933528925783355,0.810765615768823,0.847490169785949,0.984668334417422,0.822627700277251,0.980967081806886,1.03372058323749,0.779502311308556,0.974779788871354,1.29813568100602,1.10736606029818,1.06619360042632,1.02652207208352,1.24818137441306,1.14755659598551,1.14094926992163,1.35166742594732,1.25189062968051,1.19897721433206,1.36068707787602,1.27175049231541,1.26318018147296,1.39816922352436,1.27425878616164,1.18408138835128,1.14038337409177,0.963018284790291,0.960794031949543,0.788119144068614,0.849259148475294,0.773666347384678,0.69325157803725,0.605528295035809,0.623022980330326,0.671334634311104,0.582926820184833,0.685387422132021,0.588811810382404,0.767935316132888,0.721650737448772,0.671937155908946,0.678738346645895,0.742775388243406,0.775033624138826,1.1129671421739,0.928550198860043,0.733870555473248,0.688430648082012,0.777870170509473,0.85527442644835,0.762784165662574,0.675458361546314,0.630839958286966,0.718267925431628,0.872349169450134,0.92526729656556,1.0162626483165,0.937865118870807,0.832079989319108,1.20065260094341,1.55995990393049,0.95294160487886,0.989440411935649,0.83269767330106,0.831826643187981,0.607701529401483,0.677471307015357,0.550652362645301,0.661284546912128,0.665299470835172,0.667666489641466,0.798690597748437,0.794938399133267,0.679817522302767,0.769728577043774,0.824389299117128,0.779894459028717,0.739076015089936,0.941545441093391,1.0901672013628,1.00436082658107,1.48051407558071,1.16752713631718,1.17372124156072,1.25955527766733,1.61375192433444,1.25537023365137,1.34566277487678,1.18062059899958,1.62510325949813,1.48260648299303,1.21773686817513,1.28813347267467,1.13530486530124,1.12119681738489,1.30506485982918,0.955674454276862,0.655096037235888,0.794429654021067,0.845932820771473,0.638949555768224,0.695716061179354,0.915661634521265,0.696381055756567,0.806708802557033,0.867756408901476,0.852010807515128,0.884048019041126,1.02716821879612,1.72379878438077,1.50340994110018,1.5551341189677,1.81200893712096,2.25938193211094,2.01133012144744,2.42290259306227,1.65540311988695,0.672148774311047,0.654292847609332,0.741029167470152,0.808540522140276,0.738415536646997
0.577415479291683,0.810603004909575,0.900711633030305,0.814512109575574,0.964159301873509,0.918500740863225,0.726657239199902,0.854889235995835,1.12440810791649,0.879837654989378,0.659165441338748,0.646837475743036,0.846316394521007,0.595990622408186,0.597176435875144,0.618940518262992,0.456524100206354,0.411709706319261,0.394983786303204,0.394473207033575,0.339860571053691,0.366341778383409,0.409402368327383,0.35170965575596,0.304739178407534,0.570629763769663,0.584335915565486,0.45833869714827,0.649614128817303,1.0339958410829,0.902807558457028,0.661661570919223,1.20977718578889,1.17010088624772,0.753043220718903,0.798637061723588,0.931838477909382,0.974460474405068,0.826640205614448,0.96255941204255,1.09019529959513,0.926838723878372,0.987527406132438,1.17880018459004,0.97202727392993,1.08054543595535,1.10471795985981,1.32340533534486,1.52575415652412,1.59016562280795,1.74237693910876,1.70690658551324,1.88300666808671,1.78953829486685,1.26852898458982,1.3033673559956,1.51277552566343,1.05059294479102,0.815885104276428,0.720806976654528,0.721136767459464,0.594820385049167,0.392009057144765,0.4415647806224,0.40448273892141,0.371903917789421,0.445353472760459,0.461366238803301,0.548534172569239,0.584032312170065,0.760861567336183,0.682904971261296,0.6177077034148,0.765777849624189,1.26668026359531,0.969692224725089,1.06970045443969,1.35489965836625,0.937802588651739,1.04138759657206,1.61529790813495,1.64091004507375,1.94785179988511,2.21645798944745,1.80325337392831,1.79543967711119,1.71192255276159,1.55107419102487,1.32654076295863,1.26744509406813,1.47975051208339,1.12895584948781,1.0691153413927,1.4440143292194,1.44984768009046,1.10634343901409,1.00113392654635,1.07808865332451,0.945930567304208,0.965584682650502,0.986157394154521,0.797140280953639,0.664186120642235,0.876437667558882,0.700106307542819,0.795265137193049,0.680889109138415,0.626708045459399,0.558877245214132,0.504864881548439,0.532796355611823,0.756278659824463,0.648221245989224,0.761150561559953,0.780480196719865,1.1787627362832,1.02820449002614,0.858290381644414,1.15354182862596,1.23603918119857,1.4530975636245,1.11198001012448,1.25141264889006,1.43404406296209,1.56814556460964,1.3634959958545,1.25111131161037,1.14487216095216,1.07753709897248,0.891981041735642,0.724672808677571,0.775043148623343,0.725055298650965,0.733303117291057,0.700112343660904,0.772760980070697,0.818247031728722,0.843756621893534,0.920784578998102,1.09658100899652,1.30987431395547,1.340029919903,1.22680283814154,1.80255162413545,1.79157664230177,1.57594772111814,2.01838209339378,2.22039813161706,1.86619048039379,1.87559206246331,1.61150603198574,0.671280816666071,0.645607162392299,0.697703515396851,0.859634173381825,0.698884225193937
1.04618236672275,0.921937580431564,0.840902668179744,0.869633513708614,0.736380695945582,0.811604265446511,0.791666571925177,0.689099668065458,0.884388803962919,0.768749103120158,0.792706506655453,0.9957200251659,1.00035981171402,0.963244263654785,1.07232504115214,1.0605455416673,0.944134429273241,0.910953798838434,1.01672262793145,0.988593424669205,0.944525606666528,0.809763271862051,0.778038981838816,0.817754995263988,0.832711954854784,0.791594179924233,0.726773012346432,0.972970536996685,0.771161607858463,0.859815346781184,0.94729712293629,1.09806290321011,0.936850711890533,1.04317519731787,0.938882682474053,0.996590469535011,0.945420914844861,0.868615234484167,0.785742193398326,1.29032449367646,1.35388750273853,1.07233324604578,1.26462360835178,1.74121048463365,1.47886821334328,1.31611379070767,1.19162317892023,1.59282957725465,0.844398407084717,1.08131596703042,1.05323917633385,1.02542454167544,0.822340291346416,0.827845713706411,0.984180283813186,0.879322030178378,0.901157548841644,0.927682666430262,0.865057618827733,0.943282387620164,0.920855144095359,0.778993173618023,0.881393089147108,0.748332597892428,0.678446683883187,0.801058325395493,0.54224163253194,0.570412689965179,0.750269494972021,0.767994275009043,0.814576989000951,0.776886316538242,1.00461775085366,1.17175114975185,1.2925334432676,0.819848851921525,0.931544426438055,1.24571901175127,1.17065080297014,1.07161836989495,1.5027629743279,1.66728312169837,1.66655713613906,1.85952381229671,1.68469122776793,1.26052519883732,1.51410038242056,1.63392125187576,1.17376297571058,0.972369894291247,1.26733875164212,0.811649856783934,0.931815454117066,1.13493279656223,1.41919311005843,0.850664470333933,0.654875122516642,1.01167003390845,0.927525263614971,1.14932114273625,1.13490917792399,1.10202808063017,0.913352645826364,0.729019376030199,0.893385825702849,1.09224591327694,0.878453504829033,0.817159899407863,0.936382090181115,0.92550889180404,0.743807812415925,0.850830814728569,0.793425344745575,0.708351492310285,0.742314068224873,0.796225846393029,0.838191808930042,0.876223809250518,1.02765884879381,0.897671686055265,0.879013523532589,1.01907762202961,0.874217563633653,0.974186451849098,0.887736180246271,0.784562255317958,0.767872189867898,0.702237690133396,0.718724559137615,0.704386163417355,0.845935951260206,0.84262326866602,0.627353951382162,0.830698552539584,0.897131852241348,1.01088396399694,0.911463162496505,1.00288143601093,1.09857002216001,1.0739095848979,1.07916607656163,1.13555467990931,1.35576082824267,1.52296852912874,1.48956431647406,1.40624344612563,1.71986105232188,1.90893321187615,1.70708208233728,2.01494353593959,1.47181715562384,0.472633825442046,0.555418398355813,0.592311707591229,0.601119192670858,0.553122521308852
0.762741019163478,0.685214036908988,0.953596059237409,0.891372563946846,0.962838987461011,0.735654490110345,0.844351610999061,0.865671692091045,0.834284470730999,0.731415796849446,0.862493330845981,0.778162398517468,0.907230089820818,1.17873673226031,1.49375029591694,1.45822679970261,1.31170204600681,1.29606087676642,1.46407956020163,1.38469078641377,1.10401976855965,1.09271032603906,1.24526808776263,1.03328622295764,0.68509286370587,0.618205541108315,0.571481570748972,0.510312283226288,0.642932393736166,0.880645299089912,0.697576141490077,0.737863589366962,1.22641710253629,0.981569990739902,0.817289045052232,0.989216307952323,1.19885815551204,1.45672624306457,1.11874514876547,1.94430137947387,2.51460599981276,1.83296638533651,2.12096606763891,3.20526169185285,2.63238275095984,2.43353087155878,2.50341005578573,2.79968674730214,1.97240070551786,1.8489110201305,1.47230662888532,1.16723801437706,1.16719346669276,1.54992282659292,1.3033799554357,0.993153776781374,1.07372371973909,1.10740146710144,0.707785626283096,1.33494026156061,1.09093808363122,0.61261524136872,0.61428625863527,0.836841817968237,0.567078704406198,0.771697728740496,0.623974029395567,0.594946147821318,0.715759792809035,0.719797277933921,0.633061448471749,0.709367661488927,1.05651470582139,1.08713891999271,1.39418618958421,1.11826000770102,1.37528202502255,1.60844914629178,1.07302334830621,1.23255447633708,1.70010464243399,1.45325763383982,1.96075794955476,2.10141493371028,1.73682166516881,1.41377718269766,1.3537161284188,1.39483963527427,0.952559087806704,0.879402249772117,1.12723040846206,0.988642943805862,0.957146111085402,0.959435599089008,0.864269994804885,0.921326200039633,0.952020867540061,0.893918192575332,0.80667559094474,0.559394567460755,0.560370091950222,0.636008626919464,0.591196416171787,0.563687851162714,0.646217155218366,0.611872048080469,0.54909767877502,0.59298349234153,0.50386026493894,0.550107059032834,0.521557157821215,0.61172878043976,0.627835226656167,0.826398087624777,0.799735089429962,0.856382701560445,1.06405404151255,0.911573301348435,1.01927566437841,0.948210833912719,1.17417375286229,0.925785010721279,0.897131477182285,1.07828107805862,0.879748488409539,0.748424960791516,0.761943178376469,0.692992889052769,0.655720206028851,0.761704452856159,0.641316666776838,0.509414650526089,0.5303541856709,0.558987717253752,0.512887333085945,0.471654701496885,0.533170221753908,0.570294280926547,0.483532041189335,0.554713717472719,0.694180281734646,0.608798306901947,0.56552101638193,0.61978744714495,0.548495774369961,0.633075956104438,0.658666782501598,0.690523609915275,0.676629852716086,0.793618023382754,0.67714320004125,0.407417203414516,0.425311567023774,0.584217603977744,0.78520234092327,0.588584713299961
1.06590167606138,0.888874289373303,0.965983752362534,0.960503950865312,0.531133520500029,0.787581175006629,0.860189398688185,0.622237254747335,0.744806956551919,0.695290749553256,0.648532643105218,0.631938985176489,1.0170244971604,0.80373390952514,0.792221259868474,0.957745198370464,0.794191640499444,0.571915748393074,0.573099109146713,0.55707515675507,0.562880455362159,0.458879120903537,0.372098800606427,0.406867532619874,0.373072723684541,0.407886581856033,0.376726121681627,0.296701182040315,0.373030317308046,0.417802234685575,0.4276438153086,0.422499616828064,0.68078821535781,0.557249754492241,0.532734357564775,0.554133634454461,1.05881531452577,1.05362480280856,0.789284484936594,1.23293735512625,1.56068603546523,1.23215246479073,1.48369831290703,2.08406335243694,1.53458325970066,1.36105309757654,1.5370712248914,1.53960423496405,1.20079358720908,1.3510938732902,1.07764334089942,0.75455776379672,0.85742981683902,1.18475113482377,0.961555904675387,0.633375994760305,0.754229555611744,0.92282456677013,0.475639967889825,0.757664248650169,0.714057018313023,0.379023761606887,0.498003491359343,0.46523351410218,0.368255761454059,0.457279200812385,0.415633489679855,0.476569488430291,0.558862158061449,0.724850427513837,0.685688654215946,0.788111109671902,0.88167106419666,0.901546770540781,1.07062426592697,0.975595188701659,1.03505785454414,1.18001019056421,1.13297336185456,1.21018031547559,1.23769013886348,1.30101082314869,1.20884576455484,1.12141814827911,1.06095595067178,0.991971206415675,0.999018485565182,0.958391335740041,0.881833384260973,1.04215792515623,1.15669022740143,0.728633153645057,0.795220204351289,1.33138146631868,1.52639284176773,0.855015162467494,0.951139587274146,1.08488798189236,0.929844722848451,0.872477608363055,0.911757630489385,0.659420205013978,0.600166656736354,0.728302137699817,0.723613143791083,0.521994222576936,0.48204966777886,0.619208941621835,0.561403711309921,0.454863436012548,0.491652024789574,0.57947582335963,0.513775271554505,0.744111591563415,0.865624462050551,1.30027663602396,1.37074906346998,1.16479814549939,1.38062518473645,1.55034039852374,1.5967839910807,1.26071367461335,1.13781444377567,1.54155188167457,1.29519630986731,0.912427025415889,0.955823223449364,0.89997951825876,0.848057675612874,0.799987151180639,0.716982194177589,0.627796427880438,0.845685421363416,0.95141949598909,0.719308434753995,0.94242357629691,1.15157731067431,0.955179881356378,1.13761720043891,1.28526832124906,1.32334848742593,1.18472096362731,2.13514579109909,3.03070555565688,2.46408719984891,2.45019332087762,3.45403239428634,4.19791877193691,3.30347518611965,4.03135908619221,2.64604682093869,0.454452551775814,0.423550904606561,0.633156488087695,0.823789765228421,0.593902960759464
1.11968522256483,1.02943455571882,1.11489871407451,1.08281555434664,1.07159357927911,1.01020129786585,0.889795886123172,0.906962442982791,1.1008090064088,0.825205107629017,0.630729457057307,0.796406578631351,0.948248602060338,0.757001212822173,1.02393168615864,1.30420250625328,0.973200046618073,0.964637772212437,1.04749667364157,1.05063514026393,0.903954487651556,0.876072688908638,1.0608159295165,1.05438507815768,0.882505531295886,0.776103336232088,0.788317372171441,0.654496845733368,0.812306353442104,0.778189423582038,0.74098287238247,0.864792546460358,0.873430264985454,0.907832142918629,0.766260113610776,0.711022700162701,0.659916685904748,0.821534184001443,0.820767622505364,1.06376498276907,1.23695530326026,1.10712315469337,1.17956938175704,1.32387006975912,1.17829104381078,1.13625187726843,1.25205473487889,1.25878699210368,1.04715045313859,1.08187969388694,1.1482327461367,1.03494463496877,1.14373293771219,1.18029539946411,1.0843062416564,1.04175489875283,1.13485214272122,1.16059268524383,0.91233516462704,0.877772915461357,0.957405026812305,0.813736233064049,0.720326813529082,0.70025318604926,0.685583694224515,0.908349124038654,0.568600824401929,0.63396367956644,0.654852950768797,0.671403240951993,0.824175901261952,0.750592183588546,0.749135174722151,1.04301079847308,1.12699370339056,0.742179929627976,0.772353023652088,1.29623974036627,1.06093561855955,1.03826194081698,1.27125134255298,1.33525956186151,1.55669419071883,1.79018728231492,1.47846864320266,1.34521977464109,1.56003025224972,1.40064855332599,0.943746416856685,1.11669894972192,1.08305628419113,0.868461071082258,0.774062080639686,0.885283741098102,0.969181171791298,0.8768140155984,0.816003099315309,0.759371161332195,0.784430817505994,0.849499957282478,0.775117927635453,0.775993007917963,0.769933362612665,0.817172584182303,0.782040196466981,0.820262977042433,0.761494744201653,0.763560397066899,0.63827626214142,0.715822760100049,0.662157994941219,0.660818210714234,0.666009806655408,0.670077399777802,0.679662019357876,1.04196737573513,0.954838290436383,0.938360521277786,1.09017766028377,1.24144784733244,1.31594061108043,1.10603454111979,1.11023312815738,1.34034672411108,1.15946430199834,1.19795360927271,1.01426635026069,0.947141479085198,0.992667392892673,1.19188666664734,0.900090548261974,0.909686727986398,0.863512454377848,0.893691649258431,0.983647502531717,1.10950821255616,0.888566043320524,0.994193135160297,1.14769617506074,1.16760619111225,1.17803070158158,1.0560868632766,1.36049067520655,1.6998201550427,1.42743589479562,1.42371468959772,1.72805406111808,1.98090044541158,1.5412976294056,1.84672654108633,1.39677414526751,0.656630394344607,0.622947567118983,0.845626653210174,0.90606536067181,0.701257601176919
0.938811348656464,0.797268552829029,0.963033054508255,0.967970969897654,0.965001218586895,0.943589988739083,0.98541993603882,1.10688349312248,1.02051338636598,1.09682306778611,1.26655427435436,1.49896234113804,1.40477092425174,1.45092792579494,2.08793482248026,1.89807697752315,1.52787924156043,1.62365442019775,2.18123469790494,1.9914927855299,1.24976527852973,0.973952676863739,1.37851452695993,1.00769473451906,0.631859929499841,0.715876852284752,0.687183502469069,0.681549629908222,0.724464073650933,0.973787583158865,0.776772331193433,0.89803310034414,0.896058447363101,1.14792445162209,0.903666852398863,0.968621478366849,0.89377152724866,0.931548806247988,0.915905502997415,0.867444546903653,0.847685048059871,0.840533992503043,0.888980805140179,0.732764448062644,0.640203475875647,0.659710516313665,0.788781963579679,1.006239786311,1.01054074001819,1.06339078887023,1.31310623848457,1.39903246303107,1.43778401984931,1.29420305786452,0.952391634307762,1.15483902162346,1.10982786781483,0.797752827441151,0.632972055178796,0.438210164619181,0.59625456500462,0.664691335035802,0.413143564988355,0.516950634958246,0.609388279078209,0.753646028256614,0.473018274805489,0.527745141821376,0.77453927906235,0.798205854798491,0.508125210418316,0.612614119814459,1.3459426608435,0.592540481018594,0.716203686432022,0.832522739421997,0.942419468136102,0.822996564306962,1.00535644711164,0.840021625595132,0.949552877976756,0.813859088788121,0.967551274332686,1.07119048710097,0.86298962856657,0.979921064952603,1.03097661190983,0.939239920327422,0.881764824561967,0.874042877199972,0.973266778828924,0.949810187444188,0.952843488312438,1.30759682415779,1.44540093747531,0.975085181069993,0.929821558392034,0.793322928995168,0.940946869100428,0.921298566232151,0.996444340369217,1.19825791881179,1.21735680945533,0.965749666910702,1.10375493718496,1.12022918519786,1.06366140295418,1.02580865652272,1.04407953462885,0.92862913886442,0.764418040418873,0.731729972157367,0.721691126538108,0.724293904020003,0.749006335915262,0.726239413364376,0.754519576101737,0.880530700913638,0.970306867766095,0.821771538607442,0.985144742134215,0.949942902851944,0.831667545995265,0.969486926048047,0.808306344764689,0.945772677086552,1.02965946197486,0.884768737367556,0.932208408552363,0.95430995705727,0.840348138991544,0.741946575447006,0.917240191642329,1.0142327979724,0.955662713486841,1.09224062077732,0.922150426661753,1.05274523450936,1.11230930470344,0.861266099275635,0.892964242496828,0.865319615032668,1.2031793044414,1.87056757975928,1.55200715137921,1.36310696353206,1.76503329669153,2.29027749132341,1.78963850136275,2.08334040159457,1.47716891237089,0.583882302274095,0.720658842116229,0.797681983581944,0.839301540895493,0.739024885765342
0.947058601732486,0.798699760390926,0.7326663288613,0.769019972666195,0.583637716071351,0.659513223992441,0.638339644314251,0.5688486624919,0.598195074355725,0.477171037361411,0.616327650714853,0.705845540101522,0.773193984657454,0.648422216234358,0.837161987376577,0.762279208462471,0.744905395784316,0.853476884006842,0.915963494299988,0.822920863924833,0.901140209839263,0.70201619706141,0.537333943992697,0.537283558832465,0.704434818410407,0.72705839192744,0.745650758505305,0.68111632219073,0.764279492579013,1.07611592493867,1.13544495733831,1.19920354216633,1.39758693646091,1.56019867887419,1.48174076062139,1.66993062311362,1.87877031010882,1.96531592312902,1.6651894218365,1.93663540652172,2.44354696676921,2.15170482103331,1.7978431840432,2.36161232253866,1.7890356074012,1.70479407081651,2.41156706188731,1.75820619116789,1.27392010256878,1.08690668819199,0.874690696439607,0.798913460106439,0.708266009928699,0.817487164609924,0.881820943367131,0.721051896651945,0.685446334738038,0.794831202503345,0.922263237328745,1.20794478678725,0.990753958927049,0.750368219594659,0.825885708800617,0.925194887190889,0.675951773588392,0.771033455454306,0.767861485456225,0.718436736186539,0.59578105863317,0.725744854865388,0.666155355852101,0.764117217033107,0.701029041402227,0.691358529099734,1.09324753795071,0.827152894447179,0.729838279800833,0.926499173099566,0.862844558170018,1.14421541250757,0.994829563579507,1.14961410281313,1.04465876168631,1.10090369492928,0.968117722331041,1.07278547356932,0.987873598242636,0.952953565425713,0.596820777946081,0.866951081266772,0.941696183954794,0.764974787838334,0.944486816178569,1.25765889164784,1.52920201508497,0.931093361483279,0.906239480775494,1.06830289304958,0.977736144162841,1.07413086266327,0.915801820244005,0.989938205425357,0.99546475836371,0.85169405022673,0.902041343640957,0.832615895235418,0.740525916717967,0.789445700484668,0.708398596788265,0.787092061477324,0.571004404839189,0.515060327857921,0.660398411156011,0.570206393405169,0.710692347343336,1.07479482329146,0.814120460860812,0.896825926681528,0.809658760328714,1.12497615520433,0.674820393732923,1.16760321480554,0.901060553403097,1.16443105370231,1.10069863991946,0.919629374783227,0.811233458676401,0.878605430681336,0.788778878424351,0.792862221741591,0.689234818671773,0.648198091084896,0.688859024954648,0.670906246460367,0.631720054091669,0.756874123380586,0.804763970595804,0.844479779674095,0.909727799861056,1.02082163539778,1.24170238253709,1.2323641833504,1.29385382139189,1.56470068796981,1.43953887113206,1.53206153187847,1.79658459029155,2.27352413985592,1.82560186497574,2.11669500273947,1.73694671406113,0.593753540834295,0.628037738322484,0.83738501312251,0.851836172198204,0.712902529905551
0.521160248746224,0.490241380844327,0.433450371445295,0.463782684890768,0.364764561176098,0.634584604387771,0.854666317323754,0.535736903107734,0.688577919324327,0.738700179746383,0.684276122872511,0.668679038449434,1.19479441548961,1.0410533949029,0.936707208697645,1.32910689434,1.03685127506603,0.71493132655151,0.774818849762337,0.852222290304908,0.747615405686151,0.776792045761833,0.77157757228854,0.759187481256708,0.667774173977426,0.690662796735267,0.579377903423628,0.63336988184499,0.551075413633706,0.854830054613397,0.83388438057574,0.868893353706327,1.18514873328455,1.18040326381337,1.06447284122491,1.176271576506,1.18339403484039,1.17854700055226,1.00384563061021,1.24132309165386,1.29642903265692,0.725189404862626,0.91039746236763,1.12753281409267,1.03687526141459,1.12095122020261,1.11669691514739,1.47263844175768,1.27444768498379,1.48820425651755,1.39404459028999,1.23686827509478,1.35908566013236,1.44462060565187,1.10299843191767,0.937480388066421,1.08196225204849,1.03514187820179,0.727242107645496,0.857672957798032,0.815797125770772,0.668078364625018,0.852487527693173,0.596357227685153,0.586218386563942,0.841869708997304,0.663659018087713,0.65360172904142,0.59353771821214,0.759543337218249,0.782496860655992,0.786135414111825,1.02650480091406,1.10190602856743,1.46188445801606,0.943152026703547,1.10161323423256,1.25620838287795,0.956799832255636,1.16828242172225,2.03724746396795,1.84353549963841,2.09830518214646,2.37006307537577,1.97625899417104,1.72908134679024,1.86034400995917,2.09578462956042,1.46310250378251,0.966584165700693,1.11316741371038,0.977870076342404,0.862955149684119,1.23847592288653,1.23543635303358,0.814232611995156,0.736390767081396,0.772541042078608,0.592962897007491,0.682808644484828,0.740576899118082,0.751537635978813,0.952360402922392,0.663979809475556,0.779048640204043,0.897347954230933,0.696216127984687,0.642307232577081,0.667825945051634,0.68069728278637,0.657497055946783,0.784833527039083,0.836205266718229,0.896650147930755,0.910793164329888,1.30264173707483,1.65686058761651,1.22858508910473,1.29391673631245,1.54444175966308,1.55471871240917,1.40225117743282,1.28725033109941,1.53312362400944,1.00085845828972,0.762737754799446,0.911470769721284,0.797824671285413,0.69961104044377,0.698221677768738,0.697354545042998,0.618718490477883,0.600755889110048,0.777666587723924,0.652661189806347,0.598999484932101,0.685310284641634,0.788802132398269,0.799104850131893,0.903065443644691,1.04660662405236,1.14175156482561,0.946553485965937,1.42158054322537,1.50593668478691,1.38570699579381,1.59959113357644,1.81771216222338,1.68081663570283,1.81724342790106,1.49277153984781,0.601438825769757,0.57924510841358,0.678755581212076,0.593468434956827,0.598677516892789
0.986172322912099,0.888617016722951,1.14425243062393,1.14409550852469,1.08923116549622,0.938655272798338,0.993000045428933,1.03436040478888,1.2931747691861,0.758772163481422,0.714825116854232,0.703344594740404,0.762709142069856,0.768265763704144,0.85150756006872,0.76037126123663,0.730321986648471,0.768401736850806,0.868926452476938,0.787725431766141,0.833397361265409,0.839702463144747,0.643031956974062,0.638151114909917,0.787404457573696,0.788684992693572,0.559854136991897,0.535230734965542,0.874277556916097,0.814367425444013,0.834517915713559,1.02325292528627,1.0362341181309,1.0677880115401,1.17382177271496,1.33020264068966,1.39074519037363,1.53670077794596,1.28041420290347,1.5938419982386,1.77612336652845,1.48324173963771,1.64291407224315,2.00006670353503,1.6468578917084,1.62468598923447,1.68400284803895,1.44610004741816,0.981084563043444,0.777526660108663,0.791623213250057,0.762269959240003,1.0884170544963,1.04740882881375,0.840440440388037,0.99523442173176,0.933054167225671,0.978849358813055,0.743907383223103,0.90376742496909,0.875778874660448,0.829268934243961,0.962412042613866,0.818070246895166,0.797033521022424,0.723403169115235,0.799849807333287,0.761017193090241,1.00412927416009,1.14928406750589,1.17995517755229,1.20977133507242,1.2263315393899,1.40690149126785,1.25355372649979,1.10134875618224,1.26029579397815,1.42853252796673,1.3289625991832,1.09170576954145,1.48919113106547,1.38399743472738,1.48694374330857,1.55703332149164,1.51860807827333,1.13952655756564,1.02618519364529,0.855141704846621,0.877024053531342,0.826780084438459,0.791018254588049,0.747306040318237,0.723039727219147,0.725272956607674,0.573891113844135,0.574303800428667,0.952779757700308,0.731724138637568,0.971556764732692,0.838215415441856,0.787875843098119,0.946900627639388,0.970586657836141,0.891318597433187,0.881868541194662,1.13292927988863,1.0265052674642,0.829372017914171,0.982690685546234,0.868977029716744,0.666768791275502,0.647819677636357,0.579244740614389,0.728361115622363,0.681228113816861,1.16529591291094,0.95295433609757,0.876187879610917,1.46771042371457,1.33106767896686,1.66442562926626,1.23967173310501,1.20995695996823,1.51054763307935,1.38212043039796,1.23636098067887,1.17219211035935,1.08588933253722,1.23782168696964,0.886518578004699,0.639649967801085,0.684177083244703,0.724604263998385,0.844121537314394,0.685190552475262,0.67047583093919,0.679710027263585,0.954688780934733,0.856715113031282,0.77745754368558,0.850991048711613,0.68704765862156,0.928958976581173,0.916034271551827,0.799666338476087,0.804564942993505,0.974796553853527,1.14892424633627,1.03049363369869,1.16121213176112,0.875108691364422,0.759354787526335,0.745597353469644,0.994255619094954,1.11684473846328,0.935116860313471
0.900388641298545,1.03023006244829,1.01782521534895,1.01159762345542,0.893611012297642,0.662779960127502,0.745187145980007,0.910310529621162,0.704888922325584,0.680597307814051,0.646749262361647,0.659316260987746,0.687381913243019,0.851276537265158,1.24567288219769,1.1883755401906,1.15672741181255,1.09010185290812,1.27287093175436,1.23308545542431,0.885523059690249,0.827641572981864,0.891032836904412,0.873151688696971,0.76742512234879,1.00193913646667,0.820647202775843,0.956697767669709,0.877845904188495,0.919540552246366,1.13812104679555,0.992934099366906,1.20869608377902,1.26256955311596,1.06787045935196,1.12360935677948,0.950699674490329,0.95160019831008,0.980805861505218,1.11132822231706,1.15079540454714,1.07748681073786,1.12031478182796,1.3401958795418,1.22413087546378,1.57439829916417,1.43793245910691,1.46261445627265,1.39754316491749,1.42576807692158,1.48349805898397,1.52124197329718,1.42201315187237,1.53858604365601,1.23226821965344,0.959584210389386,1.1864082201736,1.20677371550924,1.15709952615399,1.35021161107833,0.965117916095605,0.91833459199178,0.78919579246116,0.619085592426655,0.580661591594313,0.679626377959661,0.506546610155504,0.529269025352549,0.519608827452908,0.489944116366437,0.466313005498843,0.46356021265658,0.640420032380801,0.544938985790732,0.908507120607875,0.584694137224876,0.634870238610757,0.781575811369474,0.787758084068221,0.693423030718731,1.15457632734041,1.01076088396326,1.33811842022569,1.54387511387665,1.22027986741189,1.01415220192909,1.17992528147915,1.49762655573331,1.03713405835372,0.730705891403197,0.916598725240239,0.857801709026017,0.811721785447694,1.28049350656439,1.21234987386143,0.867502377902429,0.853702143073382,0.767134636213446,0.627286604670697,0.754068162990786,0.676301461564654,1.04183723328804,0.798489281442739,0.747450230289138,0.898454229615915,1.00309820558716,0.863375225583103,0.749022216839582,1.06053235267327,1.05608409013003,1.02621484766713,0.771753885752267,1.03113890480904,0.839548842093966,0.699557263234295,0.760403364295177,0.891552348469797,0.934594914959604,0.874215921495519,0.813167589905033,0.742532693081776,0.588697781241352,0.527125176588881,0.503874520107148,0.33649677413057,0.643916300162628,0.665561328755315,0.419310086416914,0.308502468463756,0.575320433068115,0.592182744114922,0.56056667978818,0.482193644351945,0.608245775272739,0.658896241464999,0.721318019736855,0.6139217124441,0.666973619352359,0.605126694852744,0.491080257226691,0.773618482120396,0.730399297722573,1.79630002084064,2.53583031584023,2.05897171144184,1.99580335214881,3.01427780414681,3.7753365862761,2.78108978515378,3.53012725208904,2.36345252118941,0.553030724325293,0.62655294796022,0.84187584407095,0.798905736059501,0.729008222894477
1.41798752719998,1.1970175651502,1.51737251334817,1.47871497520072,1.15931802600757,1.15105900275897,1.14665638473809,1.12018070187694,0.949690481301773,0.866168752744879,0.770388430493679,0.76712576669394,1.12868748322013,1.01260887971141,1.525645270778,1.6321554651292,1.48974830756685,1.52086846803191,1.99823985770303,1.8232977304324,1.22585735111158,1.11461970644767,1.46363032845293,1.24610766122116,0.891522510638797,0.746160633513788,0.786683185132681,0.788130720591781,0.576731115652018,0.728561526792207,0.564223365510526,0.814759076096872,0.918648789503228,0.688049767339044,0.610961121978876,1.13145878280312,1.04412581670659,1.20507548746616,1.05480753587913,1.08627971873232,1.38679977094377,1.1892050047187,1.39764400974244,1.74499529942439,1.40236100265896,1.31334092404346,1.37197893555448,1.47765325193398,1.45522294551839,1.28737210263238,1.16743325330636,0.981365108764663,0.97211073711354,1.19209066695312,1.01897817595025,0.914195369863574,0.931660427105388,0.919592935791555,0.704764939495163,0.910955930219746,0.713001000330867,0.799262119125978,0.555377962562472,0.683050984979916,0.775609297613586,1.0778317095053,0.661734375763334,0.656266925884043,0.809659637881868,0.65563955502802,0.717780170878166,0.659307236379478,0.730878024574221,0.712458403982306,0.752571037557852,0.798116492729636,0.808438119140607,0.778757318707664,1.20194026091559,1.05155317480393,0.794629372052612,0.684062389357816,0.69588713272319,0.735648761556324,0.767938307977511,0.67427307868116,0.506682808592144,0.483840320930319,0.675808430141303,0.833586064392454,0.723933013399193,0.708779684553301,0.833524892889047,0.880962408568371,0.918100745722509,0.584123314872573,0.773330367655532,0.761894846793386,1.01898804746903,1.06831778744135,1.18007297624374,1.49237638364195,1.30873392261201,1.11719383768956,1.28130538293807,0.952702861296731,0.881035341368367,1.06407107323537,0.801223507186809,0.728148574294312,0.771923357643715,0.861573935828433,1.07975269550178,1.22007140369477,1.12612574906858,1.25640143553973,1.73468127843832,1.54217391159176,1.49348789835023,1.40119032608205,1.7471803659868,1.23052147841066,1.2401998405659,1.25232736056023,0.856755422479858,0.728072226125807,0.979434647722476,0.837464863078671,0.664921303172341,0.797915843031926,0.770929592692624,0.718243862595843,0.981369446337159,1.00719066041628,0.808762702759411,0.912976865505096,1.01221742851001,0.842871810171628,1.05402167111676,0.890851624690545,0.707522779047589,0.727001725040452,1.06713912679266,1.12924530782143,0.968446104585508,0.925446401087427,1.01225232514959,1.15276704314524,0.908913338285177,1.11883168570643,0.998327161047381,0.715607877594943,0.845394600155898,0.801837753597945,0.679852597221983,0.790347138037432
1.124344428575,1.07080189639142,1.14636768316943,1.1621999926604,1.00286277174395,0.936702422571742,0.940856648263686,0.991879763511798,0.908975279248218,0.818282819472974,0.752300079972662,0.75288522367552,0.932622833499224,0.653454430812638,0.782061740019148,0.696550307162398,0.719389518630067,0.766323940619458,0.738241543175598,0.793155493331579,0.844524689542003,0.800318064408569,0.659454070346837,0.606414520431891,0.753520462181391,0.929675788431192,0.696970587510299,0.773872662439628,0.808282051950142,0.955898295257089,0.850723104110887,0.969170117845422,0.995112154681487,0.960729086159456,1.08112389816427,1.22704445634937,1.22469738268457,1.18986552299548,1.05579691272032,0.969216982782824,1.04122100682143,1.05255690129155,1.05476423033896,0.939638930823329,1.04181023146098,1.09176554206749,1.07479773919096,1.0802447785864,1.28326069616507,1.2080128453592,1.35178515000773,1.45171213899119,1.45621879970507,1.41601370362643,1.2828788031239,1.22693303929669,1.58376941436982,1.64136182906385,1.41015340409566,1.49038816354973,1.28781595339622,1.10408964123784,1.22765469404624,0.936963613005037,0.7750322515323,0.87715457870316,0.810199637891446,0.728210056069011,0.700833752892773,0.773772843162737,0.998246092638976,0.949961274099867,0.715685177552817,0.925950210677351,1.30529395511977,0.752783268137826,0.847217670696662,1.08614596227803,1.00625917763196,1.00237583814523,1.83046523829288,1.5611509417529,1.98823797168719,2.28647457712923,1.81333458432039,1.47020352491017,1.68759613549929,1.78024936886976,1.19295293190324,1.0541976202636,1.03735043567911,0.957840510264254,0.762034078788178,1.03287576519271,0.691681468632719,0.773317553678465,0.707955269364229,0.753173788728015,0.686914474547526,0.845227932072901,0.706058076783594,0.9606003333618,0.787282199522803,0.758967011972935,0.830857208023103,0.84320100720746,0.72999936512063,0.640751736351486,0.798435849095847,0.734242501784538,0.743454786737938,0.739786794149973,0.815150094124707,0.711387948114689,0.685805958354041,1.04873904181663,1.1012402251944,1.03447917409987,1.12236852023913,1.11492300644789,1.22100418704625,1.03843587355489,0.938774620804783,1.13029518606176,0.711751894394863,0.809727957983005,1.00365067815945,0.668782147454661,0.679271431463707,0.759128421243238,0.707708804098481,0.69441024216104,0.745435706095657,0.733360953075085,0.717601540615586,0.697498758832526,0.751272060158873,0.976531768556298,0.933788811631388,0.911174328227161,1.29063795833823,1.17167311773743,1.1283400750965,1.19641112163152,1.2280648864335,1.082730955148,1.30008263823493,1.515132114188,1.21604197104939,1.23784250480955,1.10628039656539,0.781341716023371,0.825686319672858,0.730013327115437,0.739025229764291,0.766522662141955
0.92844899831777,0.833451099872212,0.83909113251916,0.830841073923626,0.750408908604192,0.68222859597474,0.769712451215489,0.657752623690258,0.577120830149943,0.670667692875779,0.723128313726351,0.666324505856649,0.602325898280561,1.34705408343942,1.65554142238111,1.548512996423,1.26407059003015,1.55761894178891,1.88961252317094,1.85224438848104,1.36531100424842,1.3391735955423,1.51233821029775,1.2668567952322,0.716214575413287,0.741148076757139,0.76178328361669,0.718705715921574,0.737051616637541,0.984302631196523,0.98322412872855,1.03428341505939,1.12924495690164,1.07289835670207,1.19145325161481,1.20100143161986,1.29940969475791,1.48861569040547,1.20865744566056,1.27958186899313,1.4362011248077,1.31088546142212,1.33488249957323,1.6748410646019,1.59820378732794,1.40223103590861,1.32876620456641,1.50651765745213,1.06256091369456,1.30746226764079,1.09632721607183,1.00826480539975,1.04805276925783,1.06065023954756,1.25697543249931,0.982913292805364,1.32563506552589,1.31552543446573,1.04906950462301,1.03756836163649,0.981718670861658,0.883062644884952,1.01933398296061,0.947694218092572,0.88673240532616,0.96737471150246,0.764562699697306,0.781860638134922,0.726306998114126,0.815791394313066,0.89610790476951,0.908899746772333,0.830412613594557,1.10030254933632,0.955263360775646,0.701505494912876,0.767159251378678,0.950172638945487,0.846166690192354,0.815774760934578,0.906327083921717,0.947569819661756,0.988122453257552,0.94048634871803,0.926120219628967,0.940775381028334,0.951269624853182,0.769793278461367,0.760584567611831,1.32176302218591,0.866457965469835,0.743853893854463,0.74719604803146,0.88236460394359,0.876298967214483,0.799761882679062,0.946137241052224,0.658628959346164,0.753320984162629,0.700329085459415,0.981758172820678,0.793980956891245,0.877816033263712,0.684416795565841,0.73302448952184,0.875152929309202,0.81049858506443,0.83741320633642,0.799406199065746,0.789602025588547,0.718157751531673,0.549838206517805,0.674130391633234,0.765795838017583,0.595418894691674,0.6738586916413,0.733792108600908,0.730691244094027,0.752433637107509,0.635517720435178,0.720380907460845,0.578447414159588,0.559164721040155,0.610371280657053,0.442807906237924,0.513831828213499,0.67667419829758,0.6345789138428,0.666494958670884,0.726341917155952,0.568313757322055,0.536018455658408,0.67492276598766,0.804170838269677,0.864030069776293,0.928027454093113,1.0172300622082,0.991398523289986,1.47918873247926,1.88344321884978,1.56693224272869,1.35233393792418,1.48563543927853,1.94693954692691,1.53147923168891,1.45296921967232,1.87382642329844,2.18701583439511,1.68359568742207,1.98995254994313,1.49074329609885,0.671100503573534,0.581220412609937,0.769235855382049,0.896738538414323,0.837427718375308
0.752631593276997,1.14646527278538,1.47567104246914,1.44000611142894,1.9082053105214,1.47185548652329,1.05185749958333,1.38250850857085,1.6006873829371,1.39863559152615,1.01181558317882,1.27395024886396,1.23230860622949,1.2464014498386,1.3422589264734,1.55417364312315,1.13776780692347,1.29692839796015,1.31399215161403,1.16308513236863,1.08500931129645,0.808137897924683,0.77133647169009,0.691578403553114,0.7065954910805,0.711472170371057,0.640703381788972,0.611850210718282,0.579933469680238,0.940383178137875,0.689195663298879,0.766021060351316,0.849577619197459,0.962300193998325,0.802886848787961,0.883523083193477,0.822992958493408,0.731154419294538,0.656657082590242,0.758782934155001,0.809799003758169,0.723895795017035,0.65570854656168,0.815367499636266,0.696599980398544,0.766019114014502,0.857107133377479,1.09069640451507,1.10361519952518,1.21107593698785,1.27991255444938,1.35312969231844,1.34446296846043,1.28221709849096,0.977488141404484,0.993121474175736,1.11126766046291,1.04301170659119,0.702445494517453,0.790218511306561,0.759699104325759,0.649028037099811,0.589748633053351,0.661911902576549,0.613184824933976,0.727782903777535,0.613924501362733,0.566779063401368,0.70888790013439,0.747026798682009,0.652516264486195,0.782384921787283,0.910666525302432,0.814812323302691,1.12564524142355,0.786447947529937,0.788204066760247,0.810011435076774,0.84406200153241,0.883999992609493,1.10248642066823,1.3259192104347,1.46815881098079,1.73830845833255,1.34710035054213,1.21841549054147,1.32672336143677,1.31536100336314,0.791664032554511,0.909755167019651,0.791016235660657,0.641192926241304,0.656792366042688,0.79394998773538,0.672509862178131,0.535781956524419,0.443633691676224,0.59602239401094,0.618881599895105,0.759224273564512,0.820264378819062,0.867658682269439,0.685352754454115,0.754557117111943,0.915561432376588,0.859598490304089,0.688205088954763,0.757258506135615,0.72536395533109,0.709505869389273,0.627408323239556,0.554078549621799,0.727847555668266,0.699324468104312,0.860407095999828,0.85140797172482,0.768279975631797,0.855796371572222,1.05024083499139,0.972982372123979,0.937082550794997,1.53818243698133,1.31462448204603,1.52593354211989,1.38006466272602,1.66820266434196,1.37079851283852,1.13256917310137,1.1901745769425,1.32631034812023,1.01786126379456,1.14529879600167,0.741287695076142,0.761891452311664,0.800327984619549,0.937773939761489,0.809299272137583,0.795687258347836,1.19714131742254,1.27368023711118,1.25158809118077,1.17109388700907,1.72745700054673,1.94400973623906,1.59754403963302,1.60266557075108,2.04777119936711,2.47211107372735,1.80628946359908,2.28283349457323,1.65949567993554,0.595206935740039,0.445483401036021,0.505919680327947,0.468172253053596,0.438987032530081
