"V1","V2","V3","V4","V5","V6","V7","V8","V9","V10","V11","V12","V13","V14","V15","V16","V17","V18","V19","V20","V21","V22","V23","V24","V25","V26","V27","V28","V29","V30","V31","V32","V33","V34","V35","V36","V37","V38","V39","V40","V41","V42","V43","V44","V45","V46","V47","V48","V49","V50","V51","V52","V53","V54","V55","V56","V57","V58","V59","V60","V61","V62","V63","V64","V65","V66","V67","V68","V69","V70","V71","V72","V73","V74","V75","V76","V77","V78","V79","V80","V81","V82","V83","V84","V85","V86","V87","V88","V89","V90","V91","V92","V93","V94","V95","V96","V97","V98","V99","V100","V101","V102","V103","V104","V105","V106","V107","V108","V109","V110","V111","V112","V113","V114","V115","V116","V117","V118","V119","V120","V121","V122","V123","V124","V125","V126","V127","V128","V129","V130","V131","V132","V133","V134","V135","V136","V137","V138","V139","V140","V141","V142","V143","V144","V145","V146","V147","V148","V149","V150","V151","V152","V153","V154","V155","V156","V157","V158","V159","V160","V161","V162"
6.98972614399611,3.72324506900575,3.27489418872762,6.33002986910982,3.42312900366714,1.81616000718306,5.0817079128639,3.85298584294022,5.95669117201756,4.95682326870794,6.63926746576608,4.30630707703694,4.41644052277003,3.68175735282651,2.28607631846189,3.5436463435957,1.92492726628709,3.66715242852912,6.33016963734772,5.09342684929463,11.7064700723958,8.98428404176026,3.9346064940974,3.44183782520158,11.1626494161413,5.53258817918164,3.06757056243271,7.14330797723547,5.82874740773246,11.1578715731025,8.24178398714029,11.315920384917,7.15143770249065,9.20539947796806,13.8828151004969,6.07741756852008,3.93956408843509,7.80969528141408,7.97991075205632,8.91085693345548,11.9567899880081,24.4723954538154,4.62531084708638,8.9699905975117,17.4788524772926,8.97673903944742,17.0556134308957,18.1166478443215,13.6096701293667,16.2701772227542,10.2090704330646,15.5140018611693,27.1602285338371,20.1932748364142,16.7164865722688,14.9800762435674,7.39328973483736,22.0082126460419,17.6900477319048,16.7858728620143,19.6297486197073,24.2532913717749,22.5263293736075,20.0802360083113,15.5688240730477,20.3015238930397,11.5647590129408,25.2132599268064,17.2309134349221,22.5243409115287,15.2322364417351,17.558020487107,15.5446444712091,19.7870179043464,22.9842864430283,13.3675148711156,10.6512137229425,23.2629909385145,15.5812735261562,12.1681920084121,17.7863063266502,23.4192379776316,20.3517506941935,25.5903120849161,17.4355932277535,14.6436896876088,25.9382320216314,22.1385583746865,23.133283235348,22.743582359394,24.5232807374457,10.9158505074634,16.3635120659232,20.7347462102992,15.139074118265,10.093855845799,12.5861216556704,15.3656430243929,21.5267092426718,20.5490747604525,13.0225771784394,15.5992155938903,22.0546280314267,18.2492757293028,15.0167509650876,21.0241862505219,15.1711283226978,18.0880261026318,16.7674992129454,19.453801152518,14.9419473811626,23.0436551473261,11.8024164510447,11.4130245876322,14.594524936293,17.8322799050238,8.2032190201242,13.0262779744626,10.4706769328799,16.2092830360371,12.193733865336,8.9402901974223,26.7122228754806,15.2130804551131,17.3320931665489,11.0235192991564,11.9889562624041,16.5400109231057,13.3991036266193,15.2405945614888,14.5043013668191,12.1750164270521,15.9871348122683,11.2215198246852,3.84673078929579,10.0888416899733,8.98791076823493,11.6932573819374,9.63855655736263,5.56696086761673,5.42906613085685,6.90226817347208,3.81256026227065,10.2622403995839,4.49855580630016,5.5464136365713,4.75992371574886,2.99807191881572,1.60273904396058,3.65586322018614,2.82057223935512,1.76670872263502,2.59892976626607,2.15349619147859,1.629078932696,1.59891878823357,NA,NA,NA,NA,NA,NA
1.0315223495746,1.54384994065623,1.45676581071246,1.49125075732699,2.16461674165897,4.81176892818449,3.74263561107572,9.2482831983688,15.389089921861,5.18305324796245,3.5439235491626,6.96206304338032,6.64169812136202,7.70516071701228,2.72201009399167,1.77652500422512,3.95731161562732,4.32471308025298,3.32672340795064,4.21668113800889,6.84366619139901,9.75320976448826,8.09217531782684,4.94342996835069,5.16536774808066,5.73286111144022,10.2143617077763,5.79937231542623,7.33052808077646,7.05677375676464,14.5889240991776,2.77391899564301,4.00481673852668,3.96993543627012,8.13530303697213,10.3520220958768,11.2684999678786,7.59328918177525,8.21926066331571,7.28109005413757,7.81651957971069,8.38649314917322,9.17811050930081,9.47827107554701,15.4996986007594,9.29934869004545,8.06016432103253,13.37632014852,15.3032498778787,6.70981828357524,17.1078443664886,10.8137730198873,10.4296289813923,5.98250633799459,5.6597753468412,14.2062735113653,15.9944665083434,20.757569282099,15.7895238650896,20.7141902717902,9.55461963822274,16.2021897624479,9.8650394133973,19.4736703636317,13.6665345961995,8.43812502459026,20.6115743066337,20.5892055037835,15.3558657174519,15.5014834890549,15.8118776417421,18.3161763856523,19.0693649332746,12.6085314446087,11.6239376579307,16.6287803786924,15.1205505583782,9.48423113654349,16.0883815431166,22.813450662796,10.2096945648509,12.2486476233741,17.0039173157467,15.9788190214312,25.0135326815611,14.9377250228612,20.3596577633784,11.9835482593817,28.6062158801794,18.8482288546258,17.792282673168,13.4726620857499,16.6377389900186,18.9355498664695,17.4494144572276,20.9485871279137,10.9170624117744,16.584653304915,13.9994921644412,15.6491701839547,12.5631281700413,16.9649462977382,21.7820187917637,15.1241207353951,16.3171347833459,11.8662319306927,11.7106753118223,12.0466383254347,16.9286016987745,10.4878880136578,15.5479084415499,7.19979754760751,15.63074497823,11.841511035467,16.6943766297437,11.690156921649,12.4567361041829,6.55419335471905,9.31253733968348,7.92514859199315,7.55803151334559,4.06255760963568,9.38323044716352,14.3791295839414,8.85448045943606,5.68832003211756,11.5364076149192,9.07799985313391,9.39660914899099,9.29231911301052,6.94163011155497,8.07166535151931,4.5018144590592,4.84459780460589,4.46981428221492,6.67657262642083,5.42301392553167,7.61388942058852,9.01147867730842,4.02791697919973,3.50754139988849,5.83866046556694,9.23054701834908,3.88843785383966,4.1229949196932,5.38138208606243,5.96526977012146,3.60528669247278,3.52259968762139,2.29836867571584,2.0385270531362,1.70756688758226,1.56462989036806,1.21745518348519,1.74534595932373,1.4593522375599,NA,NA,NA,NA,NA,NA
1.1540500379478,3.97732105846639,3.42023874496873,4.23661696510457,3.23062077789923,3.8563034532987,6.60686087973215,13.7525633272458,16.6731769748385,4.11295681869339,8.25131465201633,7.38449026881129,5.56410715872611,4.18270453458649,3.5149522798877,4.04855469921987,8.10635433158176,5.94023314656049,8.48867382182634,9.64722143743558,7.08835630137275,10.5099387701794,3.14244165879894,4.85437185400265,8.06582633500037,6.17680669023087,10.5042836570563,8.35177276392021,7.0677087237806,10.6680090887711,8.53649960095155,6.07872188217486,12.6369171064134,6.83009634767348,10.6404989218389,19.7828666603977,15.2024907100879,9.06027717525479,19.0240178680226,13.5482998421233,13.4720123324668,15.353404587683,6.35861463064496,14.4324617226966,16.0321866366256,11.9284941218147,11.5557677207046,15.3359762345076,13.6758952284321,13.7485137608712,17.9936236671845,11.5822690196183,16.4569563784645,17.7553408595663,15.5044107836716,10.2030702637257,17.6938559548358,6.31271808439011,22.821548931225,12.0957543143296,18.8877351738302,21.2436221991013,9.70629460034277,7.49763297485224,22.5434327613935,20.1043689195007,17.9841692561322,10.7032375807485,11.1745566174157,25.8693410881804,15.7455580701395,21.1742434503227,18.1285429390001,27.9296856181988,17.745738388826,20.6687200802065,14.6661002481142,21.7487124651556,18.1270188053601,27.1937327977648,5.68035034798344,22.2124611857006,17.9089491443246,17.0010215105382,23.5785222582608,14.9147728015333,23.22994141334,21.4262988565536,24.6576875795694,15.7800203581025,24.1691852654785,18.5285013769878,22.5942460821551,14.9651947055711,12.2343490204389,12.5764172638234,14.7902401798893,23.3742166299857,14.3373255296028,15.8468782569691,16.9911805825642,23.942555434958,21.6319408328309,14.1922131774657,13.7127424550891,12.8701073203208,10.739020345909,17.3569328834363,13.2390236769418,13.5603908191641,18.801352789268,14.8610072498686,14.5949154562585,22.6803155806741,12.0296264634165,10.9607232712744,10.7033583926588,10.5829809093615,5.79253576714775,8.17980543040119,12.3008861438082,15.9574773701974,12.740632704993,5.95422554402911,5.30739307615928,8.91015187863503,5.4643881356946,10.1795181718946,8.45313228331881,7.73496554634895,8.73751838083677,10.5393920161143,9.69072614039884,7.5342845505537,5.94616909385469,7.08004817885703,7.70996310133692,8.66176473205008,5.09244333020169,6.86609749755105,5.12763265776152,8.34284933938143,8.62078187992788,8.34939716404966,4.7520335906282,3.93419010490685,4.3639233745129,2.16923893850972,2.72552797719062,3.33702073502011,2.18448839088589,1.80339007497358,1.40129192445973,2.73677374771264,2.32291821480877,1.87141365012609,NA,NA,NA,NA,NA,NA
1.16435213173262,7.50862704805296,5.65726582460131,6.27995806829485,3.5156881421693,5.20962622192622,7.23861807741733,6.2440373716105,7.29117464819552,5.67307325666109,7.67234854418878,10.3224155603254,8.6229181072542,9.0586957082247,6.44887576132865,6.99425705456232,9.04912621981886,7.89483459388465,8.6784363818082,10.5156686975619,10.5425268912508,8.81262660779921,8.15831584038035,13.5600248187198,9.04057895647766,10.1821980620909,8.15617205267293,8.75966532817936,11.0044108924749,9.06349817384136,5.85373072161391,7.98497053121786,18.3991195743333,23.5988772785965,10.5867776657363,23.6330756432295,10.882317384196,10.8980634521902,23.1663458141708,17.6598160778134,11.3367479130651,17.7853897842692,18.8942606063457,6.50923375510021,14.7240415266709,16.7830146571808,18.0714296247032,11.5678407319147,12.6852773812103,20.6681368173094,22.5782476140246,18.2863669394696,24.7607024090317,22.880363887844,20.6974676805437,15.8160484066067,9.35012886060519,25.9339910929137,11.2266710023543,15.7669839549616,18.7161339563476,22.3059630054486,20.2022566647191,17.6876623548624,16.6172027426426,17.5702662424381,17.995331756636,20.7271875623807,18.7639306920256,14.0537493937978,13.916995431647,21.4364360878645,17.4559497976153,20.9824451198485,20.6226707453979,21.9005297255519,26.7242149308679,25.2817839476019,24.497531397619,21.9911405573633,17.0031533126448,23.7119018141674,15.6263522364742,24.2221424846382,29.6571563514576,26.2346661164823,18.0875982587696,29.4954954444596,19.6351191065479,15.1408155084012,19.2921869090007,17.7341300426753,30.2423928734323,16.7269335038676,26.140049445424,27.4613694456634,16.9600029418088,26.5255162167461,22.3597125790754,9.37584245391623,14.7494977364443,18.6190579418658,14.7691918898994,26.8321224245065,15.0448889119101,17.2919225619296,18.9637769084262,16.1853035011453,20.6984052315172,16.351791293333,17.5269866924027,25.5037315501343,15.2219950983384,18.0540744067834,12.7075938659121,20.2099076750771,15.9153085738062,7.20208097960432,14.7751215463722,13.2799880011865,11.5430544936159,16.6882093956142,16.4423161550378,10.9766502726994,8.79704314726643,12.0470071705467,14.6787212001345,9.59669551092715,15.5268361472867,15.8016012421584,9.42442238540771,19.4233048120077,12.3511137946487,17.1429813911305,10.0546541750016,6.36208621158236,7.20884801139038,8.27021093463786,8.54091911662752,4.18358014537947,12.1192471493397,13.8112707494953,8.15397629301787,11.2703251649088,7.68179931985226,6.39374847065117,5.63746593442274,6.08411386769936,4.05762195949353,4.29767945528627,2.77925869413603,1.81049157068689,3.92130843320223,2.17500137063219,2.41186308140852,1.8701231877967,NA,NA,NA,NA,NA,NA
1.54885265623464,2.55336740442144,2.90937262398491,2.8087754290421,2.97638509639657,2.9409649879628,2.36276020608345,2.21530168196373,4.29501281675892,5.87763223940255,4.52815231646629,8.46273822374351,4.76584380536551,6.1054649841369,6.98916829517824,5.72274525006848,9.02143651503707,7.39219396222797,5.08994422044977,9.61489841920105,9.35535784405217,7.84973551112292,6.99705361282614,6.88314534350964,10.5618045439391,8.73227188377476,10.2806395055925,14.1727992588469,9.90889490604521,8.5422168813219,7.59914977184812,8.15345958448364,9.69221279807299,6.09618225943466,13.6915546705571,8.00428387729959,15.4252645788945,12.3894350064316,4.58820031190343,12.9244496794873,11.6683390748957,14.4623711359022,16.7280032323245,9.32073535797497,9.99811365224607,13.3127358516295,13.9925676761063,15.9315076276415,15.8523422873681,19.8259829790331,11.2738268082179,19.8895072792935,25.3851840660082,17.1092461747653,18.9468189333386,19.675104530764,11.7385915207943,26.1180854747096,16.0118586866107,22.3309935823596,21.1661992467652,11.8873430033846,11.9234731830324,18.3208903238969,19.5417633496096,18.0056472275644,15.7067384723436,30.6874666882936,19.5663174195129,13.8082366531164,17.5709112972463,21.2800379333833,9.0623562930459,15.2820901920731,16.4771002663308,15.7009483439539,18.3326094557241,12.3679286999602,24.4346828192016,20.691071380284,20.7968856664467,10.8037255172366,20.0349972081657,17.0104583695751,27.4724383421362,14.1729098174765,19.1178944407751,28.0676827309604,14.3091953027575,12.2889377972245,19.7412441258025,24.0111678318303,16.6147385912108,15.6005137064793,24.7319550209838,13.2569216520774,11.7026060404084,9.06030552221679,20.9148259956329,13.5456312793548,14.0227264834501,19.2004933098291,14.6658630156013,12.8725284993024,10.214326338631,8.58923205465268,13.1514987981357,4.56655163410866,15.6377546887391,15.0853707732758,16.0723774693404,12.0538879804285,11.1032136725316,12.1883690181453,16.3753987441806,15.5104631339756,15.83218593518,18.2668805121567,4.98078398603386,16.8017623691728,5.78134531322071,13.1384710998593,12.6387730843187,18.1543420324988,16.7526471608033,13.7521092453544,8.53880605491925,14.9792025322859,14.145433413218,8.03136850440278,9.2409578127943,6.48602309914368,8.35354742037346,10.7510532419253,8.75521931223212,6.44232750044741,8.13587024989914,3.65886977636133,3.89167223759148,2.10269156940982,3.13424245029471,2.96735788133964,4.01500023094232,4.33556205199451,3.07837388121698,2.23152045098511,4.23052480170731,2.92040837396309,5.71557103098555,2.14144627597726,2.1850051590743,2.0308283366013,1.32762699104055,2.0236039806639,1.49255178668001,1.38692602799823,NA,NA,NA,NA,NA,NA
4.88266285569332,1.57521784599838,3.79331205610879,2.42433938379124,4.61323183437126,2.54706614684444,4.66487557949457,3.4983964445105,5.19208514218947,3.37621315910286,5.54433612202947,9.5683052072832,4.21352082102556,8.02279857832586,4.81108368314373,4.87193827211868,10.4849644099549,5.92335623146385,8.62779693580586,5.18780169242685,9.27414434571884,9.13893415818393,8.08759199749343,7.26212222405897,8.44143916712846,14.2397447773963,7.56368391286196,13.0628944260154,8.36593323909232,19.4875740662293,12.958147329813,13.3704509223945,7.83751789940391,12.6082457223552,10.1417328524947,16.6879076284375,9.48623796702159,17.0014494452448,20.1667408242047,7.88409706427229,8.67542350420277,27.0153175441695,18.6532104318798,7.79429065189471,15.3931054923318,13.4899852942599,15.1419937566378,18.6460350051581,17.1733112255832,19.2407098388174,16.6243046214085,11.2553386548544,18.5198972071822,19.4316580648436,19.1336148528057,10.6898199396915,13.9292191893787,11.6856393889062,6.78917778702882,21.7331836929034,26.7708736170784,26.9789445510825,14.3363363658904,33.7824168255934,25.9493901271423,9.41952932008329,20.3440476839624,21.2948725986772,25.9637362270766,17.0921378225386,26.7727841889,25.0384632607769,21.7354060843227,30.136998901966,20.3213150168941,17.7549967283368,33.0417092762735,21.2754937658577,18.574513018255,19.1265090646998,19.9316383989235,20.4433467169069,27.6050564241778,30.8316098426212,21.8693713850365,23.2739074266104,25.7737905113199,25.070400165223,16.4795734667031,17.3810078626192,21.4928515630553,26.6751218825015,15.8414412067393,17.7479750937275,18.916107210202,19.0179743229374,34.8777673237604,16.1062294135561,14.0034418714636,13.7775681074407,25.3360741041787,18.980071923363,23.0724574204335,16.4426310851318,20.3038013977232,21.0298117847469,17.9562962252711,18.1659781471813,12.9010326900861,11.5513513693865,14.3900588660067,19.7533295072427,14.9796590643211,16.5718295498402,18.2709570002281,23.6557111977101,17.4045759164745,18.4805342815323,15.2731962776978,16.4877558681714,15.2954066541607,14.406809571062,10.5029823783923,11.7911795079902,8.42309867870301,16.5052271487719,14.6820367191818,11.6649282496273,15.0075919081929,18.4455948129801,13.5797607044649,10.6607552686667,22.6458456437124,12.3808589807224,7.75380808730447,14.3964939017007,12.8421752708534,14.0394157397291,9.58566247587804,8.97707081259071,8.02453428724511,7.02066327354455,3.55702796116668,6.5416415800532,7.29433836015301,4.69113849440731,2.98493965389837,14.2742301177101,2.02682363440311,2.43213956932164,1.93436284881475,1.92233693662424,1.51526127390207,1.72672608374424,2.18618712819622,2.6689854515868,NA,NA,NA,NA,NA,NA
4.03833711106607,1.42802139134876,1.66586116788709,4.35084620217842,5.36118028115445,5.52665837557514,3.34764788330599,5.13834911946885,6.72790254793518,7.95451221501585,6.05790254440968,5.14474110291143,6.12463648357483,2.21902670273842,1.86561958761327,3.22065811489776,2.00154797792017,6.22282571590176,6.27962705766473,5.66874372062692,12.5892093203895,4.70546365034635,3.76208666985841,7.54221156270119,7.69131515641254,10.5892829265448,4.58756689867065,14.4002671759032,6.78137360205944,7.53779379962787,8.19687673689249,5.16765887827345,10.6070253765167,13.1246046587839,10.2929786590435,13.6499969106197,5.26892480251054,8.29952413762893,17.8137336417319,9.64868433082459,13.5219899325667,11.959177055843,7.02704164761755,6.28851926909588,10.1585659315713,12.3901122456737,16.1705944163364,14.6543067812655,14.4946131383301,14.60442907509,8.00722635841077,19.5282169212638,11.9548177137956,18.866397788755,17.8043353530392,14.5923092831543,14.8707253034655,16.3643626622936,10.8215828398398,16.0629744305239,19.7070753503121,10.3137102843736,18.1063360097591,17.6034027893953,13.7501255649487,18.256383011854,13.2112017513572,15.7862636449877,18.8507705121554,23.1779087849085,14.5825594740817,26.6480028747083,14.2797337106961,16.5837642659063,20.0960907244702,18.842414504437,19.57362674996,13.519251630554,24.8924839744578,23.8887077417007,26.2943274306486,22.8428424724318,22.6371037704181,16.7623317372139,26.8860249190936,16.5408054792588,18.5061823381865,20.0667275929098,28.7241520624297,19.1473150819796,13.5849831765181,21.6354081152805,21.2868351334357,15.0081115218352,10.2250526286127,25.4987795223387,15.0518710488468,17.6954873424479,22.8237286418873,22.5808426905629,15.5575227807352,11.9080968786975,24.0805689882175,10.8622705186588,15.9524391706248,16.7467967096578,14.4625749770559,19.7014959823402,13.7969293787523,7.0387501710759,22.5522168295657,12.6721232779453,23.9288598301945,15.3810477933128,21.0820744606553,11.8433800588702,13.6379149958088,15.2780616558121,19.1577810930239,10.6311899231005,20.2543865695458,17.4755281571811,14.615101211403,11.4634498997757,10.5794782413808,16.2382569366454,16.0618681621731,13.0054730116538,14.4536653258181,19.7423518200944,13.0109263635721,13.1496974128943,13.9190475627009,13.8966881990413,17.0620517856381,10.3685285624685,9.19476282601564,9.78316107410708,13.6728229048053,7.78630863941681,5.98752770618906,6.96805575926451,5.58159423311477,4.12916716313365,4.48923772823682,3.34149161372425,9.98205648243285,5.01589957347287,4.28924056104988,7.25590345277313,2.63140416127021,2.16436500162575,2.26377551874445,1.81370464575747,2.14643036022285,1.31498517774098,NA,NA,NA,NA,NA,NA
3.49932475574974,3.90737843146764,5.67999350398365,4.19131000275713,8.11792012364389,8.59130536851966,4.70778635187635,3.78605779790661,7.42899226192745,5.54557522373205,2.51251491879859,8.04689665402962,9.26699678123383,8.9941938115422,2.95525375903988,5.96395782959044,12.6092348872773,4.47702072496975,7.18027744377317,6.89891832956914,6.63823059163489,6.31945971201701,9.57404471166979,6.57067388811465,7.82793258122225,11.6477072894744,10.3416415201107,10.1240370969634,11.4208001462429,10.4427900317044,5.81983738250093,5.77519196765732,17.1865247287281,10.8296218534642,8.87801067406365,19.4661481727106,8.03418796420383,16.942515079491,7.1467743214854,16.3581899240299,19.1568647353208,9.3604898985573,7.74804182217332,21.2722794034479,8.39552026220855,16.6683800959063,19.7014905754011,14.0911628698682,4.28174663250189,16.0064180209151,11.0589670535223,16.4574222066753,10.8928656238077,17.8308324853158,22.8961588690393,8.88270018009501,20.9053936998673,23.0467264772105,22.0343154262549,25.9847437882201,18.5292443173457,20.1878734161622,20.0103322792893,13.7019651395954,16.8087333521619,19.2448769831986,30.7546704274667,15.906203216286,14.8398396992631,19.0338195220753,21.3533021286869,14.9675765947627,23.7057031149222,15.0103167206378,22.1437409035146,27.7490688540559,18.0030386452915,21.559829190973,24.0193111638177,25.1309034026323,13.3680694981137,20.3569267850076,26.3706532352665,22.5117153792102,18.039139782443,22.0430711537441,27.4592886544717,22.6111202946502,29.6630375182724,14.3948189238741,12.2300510994802,21.3107132191346,34.809674432903,22.4079002990072,19.7623887105785,17.1206844179735,17.4643870010069,20.3022658118485,21.1328704139794,19.7838429807041,15.5017768994139,17.5793388171178,17.0612606028512,16.1353916864588,19.4634542099201,16.1813597313631,19.5053212971377,14.5239883398272,14.6259146898562,25.8331313682154,33.5580822393131,12.3985064223815,20.0807086347962,20.0505840221005,16.2490372036758,18.7113285273792,20.4477535993424,16.6036905634691,8.66125497286793,10.4776847752889,9.85765266421289,12.4222205121955,10.7625920694607,18.9298516280709,12.5019241136216,19.3404287150636,14.8589040897351,15.8015893306176,14.0290939381839,13.1484000099013,9.63876383953881,13.1115542657946,10.5779867798834,10.1077205937928,8.81510427064786,11.9812504744573,4.30046305636629,8.33605669367765,12.4854628735259,10.3035534534561,8.41677117538256,5.35063121318211,8.88707349000033,7.95671198166343,4.31479813614629,4.85145872035843,9.99193769293881,7.23941399055644,3.29755188936893,3.40737000861377,5.83163721232211,2.03063140012265,4.43244464317632,2.78631678793724,1.79034430219696,1.35293936533964,NA,NA,NA,NA,NA,NA
6.69468081076057,2.58957582275939,2.07040339082965,8.9963444600493,4.61586289073446,5.17646321435844,5.58931456875232,10.008956968227,13.3058339386058,4.53074568581638,7.48948007873173,6.10404191104115,7.08320151241832,4.07244134091158,8.9553655646943,5.7061248637665,6.82218564075768,4.80569214377763,9.20502071447575,6.34817727386665,13.2925169806919,9.97706396104773,7.3312740320019,6.32346736930289,12.7818907532712,8.80869075541732,11.9912930474677,11.3145110932586,15.6704930071924,9.79594850407577,12.5388939440053,12.1640299212976,18.6163851382644,12.8506804879101,8.18429330733572,15.8235371256526,11.8972112333917,8.24121639584888,12.8934385934292,9.75600608164284,9.96753010332498,20.3882351108043,15.4137427415491,8.79423022300879,4.54045812141674,21.4650240254493,14.4427530048218,15.4102215132977,12.6964764414641,16.2337237536063,14.3032569332167,18.4085619424814,16.6209791935591,17.2963966164498,11.8500234268476,14.0669545909615,20.2703417061211,12.101942442795,26.8828658802511,15.9489416126584,12.5227254256968,14.0607449529935,20.1019597632443,13.9607765410625,9.67221465759674,23.1950879469267,17.1781488048854,15.2387841871993,23.4820846209043,16.8192213394461,19.426305604059,27.6148478619636,24.2644109391552,19.9567355582819,22.6733886214871,15.844524419702,26.704050565355,24.9199344940107,22.2179481200412,25.393598960498,19.0104047164018,22.1243756889845,18.2180786740701,12.9001946324341,30.0091914682422,22.0188896523009,25.3238546067849,33.0685013362955,21.8806189854299,23.2957411345603,13.5288857188403,19.7284346194307,17.2386307536181,11.1094573136218,13.8899425127965,17.1903476836446,11.7440239591553,17.42870842137,18.5714668505162,18.7996402364338,18.220698687504,20.2269140416807,20.2168314620352,13.9457286441101,10.9187031261549,16.5221609376471,19.684311124433,16.0320142634547,20.174301934354,20.8489026109846,16.4102404994422,13.4884151025782,20.2983080634405,10.951764043592,9.37623823721136,10.213402690143,9.75154572871572,14.6199423339923,9.68258177976862,14.0893655345607,4.32093854815372,19.7407001715672,15.4161871236538,8.37803707597243,10.412897870024,5.32708992662486,3.22252908083671,10.0676203693844,6.35900317339653,6.33528377394117,8.37899993963366,9.82750118910383,6.13073113021158,10.2313306092708,11.5929440810833,8.7726676113716,6.14319305081105,6.6870115220902,4.22415825413086,6.4032252919405,8.37953360839469,4.04262122872015,3.23559185479033,3.48040887651563,3.69538710089792,5.52885999120138,2.85184861333847,3.81353931312057,2.2380333825833,1.32245401237538,1.47251793638694,1.42142406766293,1.34580938474801,1.48276158222866,1.15876187843257,1.19000422763783,NA,NA,NA,NA,NA,NA
6.02369878197151,6.76287287510163,5.06670118570047,4.83896886373252,2.02485776141204,3.48471753340824,6.08476133944932,3.44865076367225,6.23892787812485,5.2836517448951,6.49610836360784,7.73158014161418,5.87581342748172,12.2831763296747,4.76380578426616,4.47385283918584,3.69644399169429,4.05316782081941,9.08572817881323,4.80933007973003,10.7698982584201,7.48068400573669,4.04016652698191,6.35644320330642,9.08614565838406,12.0232669298365,12.4641829075253,7.80309416169508,12.1100687705173,12.4783213839495,11.7806565092559,7.58566084473389,6.65864149456675,8.4291105981599,11.7223045802079,14.829197698514,8.39357249457144,18.7130410700023,6.09268509622266,5.84774178319383,9.68645438092303,5.61264842048845,9.23402508344568,11.109330057184,4.75100703712735,23.0901514752719,9.32305112079842,8.52918384277217,9.86144329282097,12.0123685378036,8.75639706349598,6.18194746877298,7.37194658954546,10.5373631520381,13.0636409341195,10.7844484700999,12.4120575640981,8.47161921386188,17.4102910660771,19.0874726094738,12.4779866916283,13.8970511729083,9.98094086015517,21.5604521172038,22.0532154720717,14.6749597062056,14.2394266435693,21.1947671341943,18.4262393626849,15.7743881982369,7.34251866253903,16.6957405347509,13.4405108770856,18.010628127973,17.7469753012325,10.3121200709339,20.1207150552523,12.1655032120441,15.4140672630409,14.7388740987356,21.1117350044172,12.5738483006138,21.3234255508524,8.7160137255022,21.2351102467557,19.2059793656076,12.8951055265895,23.643710599013,19.9724934251292,11.1855274007999,21.6314153475665,20.758820536604,13.5786104913917,19.9739669427302,12.3038583353808,20.7037884613351,19.9171203350042,17.3653626971887,14.6799185755035,17.1906755854531,14.3068097532946,16.9182700526218,7.19185500641854,13.0162000335638,17.3970805765964,10.1800275819655,14.8049531273378,10.0650137809477,6.52027479997593,9.76404564158284,11.1715570057494,13.0871268710382,14.5443138926911,16.8968649674275,15.8511684079308,2.79204918391483,7.80357789722277,10.0690058294678,5.17231001044801,10.7951936926022,8.32141249365241,13.9952981584665,10.0185668228942,8.95119940142834,7.3222635905816,10.6702232554311,10.4070425680496,10.4116891067902,9.21661221026653,10.3114504222952,2.87888388006561,8.65591842235318,11.6949922062557,11.6585862327133,7.57262258243278,2.25219159576344,7.09348303361542,4.21270154016739,5.19509300498668,4.22649494699326,4.5150995335046,3.241023514145,3.37748387066825,3.63456853286885,2.96320143952403,2.34372461880091,5.34450803914641,3.62380272052279,3.61897795317845,2.7211365991562,1.26829732067913,1.30591529371776,1.45928757929608,1.37822754459817,1.26115358008302,1.17123068993278,NA,NA,NA,NA,NA,NA
1.11190503955763,1.32370608305302,1.41282696386338,2.64254584390667,1.97504466655103,3.11545345200031,3.65018307585324,5.46574942968646,6.69862239420621,10.0806624930678,6.80677412080964,12.1951891755964,12.5632481071602,8.45748644791587,6.66580631069075,6.70987446729741,8.70389669056923,5.33398309290137,6.26686103358085,9.9271467540503,14.3667808674856,11.8665171085766,5.52800180322114,6.73504247934818,7.13487175586017,6.10443423452623,12.6653118876263,3.53721411246997,13.1943201339169,9.81378784225598,13.0043705750351,5.46087235782369,11.4850029984921,13.8478964109773,8.94762554899586,12.8796705160773,8.36063566236677,15.8222437454244,18.7243838267867,10.2102759115931,11.294727285948,18.1166130514679,16.2407960948029,9.927008217034,10.4895079023077,10.4399462857458,12.6859706677226,14.9035688534322,10.46564340402,18.3667676684293,24.1110561831356,15.3879056062843,27.804021961705,16.3831976196351,17.9983949265038,13.2102406984869,12.3912079981523,16.1178751940893,25.9679160790999,15.1824346743706,16.3750685627081,13.4785276807833,18.440901002633,22.1125345396383,14.2881675907582,18.4466075628887,19.9116103767058,19.5253781291359,20.980250277558,24.6146715857703,14.6879381853177,10.9377041421468,23.2312363525761,24.366162380869,16.4742381249899,17.8152751497589,23.8921195245881,11.4039044254272,24.3559417634406,22.3309458947448,16.7560868432897,19.5521563303852,22.7032069609909,16.9493040310835,25.6035966270413,25.3391475926918,19.9694382961209,18.9781545323402,20.3875981962902,16.7990253319082,14.9159020380492,16.6595092467225,21.4021528262633,15.1413541610609,23.9677622240651,20.753060359998,16.0738216257875,13.07700099758,14.3182527152453,19.7033003476372,19.7525727920066,24.2500186463119,23.2510890397342,6.12956483230672,18.1795631879784,19.8307000159389,16.8098616255801,15.5152472624017,16.967547339464,21.2009754116619,23.5726587152417,10.3165855239372,20.1559499879958,17.6693989259586,21.1710402863372,16.9925101625638,13.0103988595759,7.93204883362751,10.9258194477209,14.9630106809676,21.0851526888162,19.5134260627479,13.4298679027925,23.3579790793543,8.72154793688558,14.1576467770077,8.94670249144035,15.7565477158125,6.61706303790677,12.1008077529608,16.850910785865,9.14934617786027,13.3580738565563,13.5745057242612,16.9761211440851,11.3824552533446,8.50132721986899,8.33947041446765,12.3178120440533,11.6447790471193,11.2257767699324,6.23281942059151,6.18192720122443,7.80688219616927,7.9057358640039,5.70632666656738,5.53989461396365,7.34586388106595,5.05735408406464,1.93023296347883,2.56735800708763,1.89657320752447,4.16529390106948,2.6687430602006,1.33065023656842,1.28001701194146,NA,NA,NA,NA,NA,NA
1.26478566367386,4.35571801125298,2.82977560542818,1.61103731618199,5.39165155668035,2.20253157161909,4.72250683768563,3.35912947529946,10.8510664246673,4.1022142023639,4.75477237826252,7.29776503327911,5.98153121952524,7.57760986247263,4.57416792428864,10.1881008371264,7.43426834279748,6.77719861441085,6.30166659515918,4.45718064574803,14.8197953913775,9.65533894635055,7.99398286134947,13.1117954374212,16.8461476837113,14.6582201628192,12.4951617496971,8.2787235979224,6.5507826086738,9.915151855438,8.05073556148573,14.8998410982124,14.8682704481012,13.3726288021217,12.1034211336958,11.6505247669327,18.3004008100982,20.8124620803193,14.4953779306788,15.5233265305086,9.26727031201973,11.5331860791015,6.61442894849104,14.2529950471438,16.1010942792707,15.9287415379732,12.8236701984724,9.43736750656702,19.0633997106378,10.7278263843916,15.4924660203701,13.2835354114731,13.2443717812635,15.0732918493269,22.2639570904061,19.5572229826982,19.0197043195523,17.2057341014065,16.1334292361781,10.6240237058203,8.77041141519564,18.8620871149093,17.9983380147311,23.290485341513,14.360738873934,11.0612810118704,25.1436021933228,12.7276004657191,14.6541729021254,21.8399618877079,18.2479925376409,26.1276675258646,12.5817537674096,17.1040312760014,7.57754404861864,16.535438212048,14.8612883404319,20.6207244776396,19.3606201454948,17.7619682529295,19.8071190569711,24.6798626365271,19.9365693018746,20.2697575673,24.7660535629253,25.2986165214928,20.697993687747,9.543074385706,24.5524105963474,17.9208577689713,16.9380925431745,22.0101059706681,14.0298129446031,17.1699427572372,22.6614675881245,17.9559539214155,12.7089120391008,10.3767273301753,15.7330344502173,15.8992207525835,16.2381886435799,23.5358738557478,17.291165561686,17.8749573017422,18.7086559274972,12.3612307162352,10.9156190836229,23.1011601325618,18.9897866482406,12.5095171563299,14.7598452900187,15.8079471059075,18.3842087010689,22.695285410402,15.4798446045029,18.1143170748152,9.17576158465763,21.0579185302268,6.39664041784005,10.035932024526,14.6408576330419,11.8439535926439,14.1613901421503,14.3040223562055,12.7642054824569,12.9259960469318,8.09463472135665,14.2194278037096,13.4142016787438,9.59796587463234,6.48877455501241,9.93018597971309,5.67732480319468,12.2932216602605,7.12133372430308,8.47830058097265,3.60441665101927,7.61688431883081,4.12915601858803,6.0614916002249,7.259099106015,6.80428440362124,7.20573064114348,7.00359712982398,9.90216594820923,6.14785689830203,2.91570429194901,5.27113931126574,1.5724830268705,1.4418177758995,2.38954971193112,3.31796971466357,4.14197478431822,2.08045159128947,1.42925064819823,1.35540431995106,NA,NA,NA,NA,NA,NA
6.9339036492916,2.89032435414465,2.71274946364786,8.06068071225778,3.7825320590644,4.70913498311823,6.05068697413859,6.08215529124705,16.2500792902795,7.68484115720447,8.01247135843926,6.33186806427539,5.41425925879854,9.97364880407418,7.42759626420478,8.29516914534814,13.8019399595311,7.63669356385402,10.0501852988683,12.3730992386249,13.2866715061507,15.7945525985246,8.39491439140789,8.90114271630803,5.19046070535863,7.08482297793209,11.473878216269,6.27819552996305,5.14145394104416,14.4383319939506,8.41086786803008,5.43759243910498,9.9121830762098,12.1973079403319,12.1332146789718,14.8074316112625,16.4101290883742,15.4802522262834,26.888560181596,9.20125366265058,15.0080546418048,11.197502821107,20.2753836458858,10.7245658398101,13.7050461888694,11.6506648677762,8.18193309078951,10.8359245537643,13.6034663908889,12.2316674843806,4.88660399028594,10.1063965286726,15.9001916192761,17.1845591090931,15.7450184444273,17.9576819014237,14.3039162133636,21.8700040844136,20.9271011460684,17.7195925569524,14.7615518378744,15.5173404677238,20.5621091266099,20.9155072965209,17.2121668965136,12.8282519020862,15.8287551584849,29.9555156875529,17.5440396066781,25.2657330863422,17.8875912061806,17.463618498293,14.8405409297124,12.7522328471646,19.9604847482745,19.7880130830521,27.9139277740112,21.6557713238856,12.2401358729362,23.051371783927,17.512783749246,26.9144768112584,16.1792687768202,22.2643790265836,25.9992526602607,26.5814908866819,16.7544013227435,16.0144744763411,26.2647498586992,23.3074440900544,14.8973320753868,15.8608260627019,20.5821119512763,14.2035120323836,18.3063314600763,14.3321207190625,8.64746105765271,16.7791740798426,22.1004781747067,13.6248516541693,18.9552595006063,14.6823259058881,19.1632844101765,14.2015303109965,12.1308204384508,12.6914322920524,21.3431206825686,19.8793949635824,18.0606054487667,9.99126418490816,16.3687638932682,17.3849118568431,13.0711347456652,22.6025305777999,15.9024192067561,6.69462280400186,6.50065568065345,13.6741621191212,12.981621628497,16.2747589666742,15.9540156317356,15.2144486065246,16.6965063048837,9.32023058814121,6.4291388712751,6.72372798058732,9.32855401112603,17.1285386544642,8.63930013813733,11.7553365479046,13.3669824391725,10.4988631848674,11.0890814684374,6.92540616140009,13.2809244714103,12.7273307912221,6.98367961466253,7.90743641401124,3.70597369908091,4.85938920112956,10.5545259689595,5.09681166741207,2.86879823833624,7.52848332043584,5.50541949360889,9.45558916589862,5.77849635865644,5.79543852612593,3.33044207431008,5.01808823266562,1.35891711448047,2.92844434109704,3.25937505950943,2.91568258021628,1.32671278641418,1.48418197801761,NA,NA,NA,NA,NA,NA
2.27559479218411,1.72526937349317,2.18961637425393,4.25367094689819,5.77534386137474,5.01075525472219,3.73863532282866,2.9439760274237,2.14330612937705,4.53080897552281,4.15882790317319,5.28459120921989,7.78593608210545,6.67917203306693,5.12973835196997,6.54705684921268,8.16151494551076,5.1260294564876,5.75380861673746,3.83510327087759,7.09514453756147,6.03877025603765,3.72650630953425,5.22403810398246,9.04732374468153,11.3336712591996,14.0256963334056,12.27753700902,9.42131733762301,11.3078266705145,11.0947313066736,9.92535103884917,15.7124676871088,13.6435092147279,8.62322632891841,15.6048131952266,8.75708783269426,9.59073247839885,26.0973573383675,9.32828803713713,18.8000937612651,14.9870165532195,10.9634094958338,5.61025499957881,19.6864324400419,7.43216308869284,7.76583970754387,22.0639758652364,5.12302892083414,4.23329371321388,17.3372110323361,16.3500961470999,16.9230406640911,12.220393898906,18.694861484808,11.6957983652373,16.3821191103783,16.9649966199921,12.7822086779406,15.5909898020731,10.5000765838052,13.3616993041746,12.6669178208171,20.1863414403915,20.1265446154761,11.0152350039089,15.3405456651145,16.8581598005887,17.2524071485385,17.9452683109582,8.6396256943739,17.2681794501749,24.8157313120211,16.7529938827585,21.184651400048,18.6226874313365,20.8047840790915,16.2872359330395,18.26274563199,21.7132987125131,18.8398028110004,19.9313886009953,27.2658131454839,26.3119382520377,19.0854441389366,18.3859736555989,20.9639463470646,15.5204739153149,17.5630569072385,40.5948819174955,15.5896000060667,11.8823016936282,17.2941242560136,15.9178841208343,11.2150244006696,10.6192763701069,11.5643194017861,15.7370336498426,17.5319458473363,15.7682259468529,19.3934996233505,18.9432679527514,17.2250559493333,9.84806285996394,16.5900803328668,8.98352750783577,20.104530516758,15.1645037493557,15.2566418099266,11.1929236788298,16.0160079001971,16.3515920617087,15.7852196660335,6.80474161322852,20.8248292424551,14.6611987660663,10.3158727067532,12.0380625697478,13.0546106292403,14.5563380678374,9.99168044216467,12.2218067194573,14.7024762315201,13.1258850041976,12.6964142151511,13.263681164261,10.8985766703959,7.9810116247807,6.81575906064775,8.74854919397248,5.46176257940274,8.80367883720794,9.8312801504834,6.69539190218095,21.1227234268584,10.8828583500822,9.293990868428,9.97452015680186,5.83599689200536,2.40634977965336,8.01456216290058,4.1887812060996,3.85152292634526,8.73956857503724,2.09716191168117,4.60367959082711,7.00110601014213,4.12121906604873,3.24267432346472,2.41094288113592,1.70392066292654,4.0070706628765,2.64681708986353,3.20211180689831,1.14753489774199,1.14036883206474,NA,NA,NA,NA,NA,NA
1.04494334640102,3.73368037702146,3.75209361120894,2.66158935003582,4.13878451674176,3.96757004194152,3.37520016754809,4.23184083925895,6.2018315501522,3.95655432246477,4.43628245708257,6.72975058271292,5.13806765503306,6.2959580372497,4.84101382185415,3.01701250543469,5.32154314925404,5.73318593056447,7.96233396223144,11.4642380225345,10.7088274162532,7.00358187694136,8.7739547708763,7.42107576222049,8.41761623892291,6.20110520839408,9.61533284346682,8.73669768499137,11.079155045217,10.3036235937239,6.82320393322253,14.0706417880604,5.09767435639596,7.14661339907462,4.67581831206064,15.3365440965376,10.5305226179943,11.3810492995455,6.08465799903821,15.6048369165666,9.18770720654894,10.6850930968281,14.6656843925889,11.4071083466725,4.44710825384062,11.4292376777286,15.5497451456366,9.18882837545129,11.9956190875965,6.9357432924448,7.74293046271077,14.3781252064901,18.0700694723796,17.9913851231538,9.7421814779944,14.4651618292681,17.8303592908696,9.2984238503937,11.2008365361631,8.54216796386833,13.4690541151029,14.8344851453947,14.0872333887101,21.9466795096036,7.89981198533954,18.1992719957501,18.0226881833814,23.0432048379325,14.3379468788817,15.9206797513772,12.6638569725423,18.9008276052631,16.0205964044107,29.522634982534,14.3273018627172,4.9444813035343,20.3541660371721,20.1170366610963,19.7603697217988,14.0994453072388,7.37036959722045,15.5328454741047,21.0500339561418,16.2113092919338,13.6298035821668,18.186893020479,11.1744697590003,23.7934015889174,21.4537670050212,9.49220513118318,15.0974771326536,18.8307326844437,12.876259265832,13.9460058057538,7.02740049955826,15.7016617846236,13.1846162274356,11.4243102839039,12.6965902927139,9.59766800455017,15.9259233703523,6.75526888073904,10.1592809375097,14.1152508912258,7.02351600273012,12.9350831360234,7.85537392655408,7.60663510272076,11.1289668680894,12.0708524575408,15.4383522382814,5.36982764515692,13.2249293740823,13.5909321579446,13.9806823020362,4.63809070968924,9.21607344464848,5.27484329357283,8.5212064671687,12.1583748418312,8.55581520102836,12.2686698477051,7.51030704035223,11.0172141768176,8.14070879227382,6.3604712913659,6.05319312628144,17.2227569961329,10.9757578427925,11.8461913604748,7.31621497890298,10.4072520232525,3.13941720104978,8.033411712139,11.1893405390544,5.37980629807489,5.11784208371755,6.18306928101554,6.25528504789405,6.46500730877031,6.26937869977936,5.17191175008961,3.12100312790118,8.70248879496488,4.8536940625749,7.04280278553424,6.65637311945736,4.93045088916857,3.18801487621079,2.38926871729187,1.63875259077814,1.3591962262002,1.4262646342249,1.86744138019793,1.48185920849645,1.28724977172857,NA,NA,NA,NA,NA,NA
1.70172145349243,1.78980150056729,2.71584274662228,4.53351041491964,5.12840568159382,4.65255661786574,5.39312206276929,9.10006485062507,6.06988858245365,6.69043257516285,3.96777684656214,5.20225429719444,10.2384738885939,8.24135871288998,5.89315311845081,8.3074583941131,10.4053229348426,5.75801703573428,13.0169354290895,3.3515673585918,9.31838018604058,5.83413078581202,8.66247011090592,9.06950453869809,6.94423562937668,5.30834634656958,10.5184040289084,7.92950147503866,10.0545850990056,12.2131462437763,6.2634929092371,17.3298864937168,15.4223007156234,6.97041048399983,10.5772844575139,9.92793056995976,10.8149282112618,11.1457099444811,18.7007993198329,15.4247727121745,10.328912160115,14.7043045218942,13.035021623728,11.6354694816373,7.68568668010945,6.2703590591792,13.7834226370902,20.3823554029375,10.8507492635461,22.4888008201563,7.65389409906468,9.99093779102171,30.7232922665347,24.9020824395305,22.0636623152543,18.6134767302965,13.7176711929107,18.0404549941208,13.4130812825761,17.4333214973734,22.381754868612,22.4793818324072,16.8062915020819,27.6997355281772,17.2672355308095,22.9452867569088,26.0657443085894,19.5310680145546,23.3421206054277,34.8546378249426,18.295931272261,21.8391035862871,23.4715455688979,21.0200848453585,27.2210412053842,14.6950640097363,22.5634294609232,30.1087235847399,23.3926736183172,15.943312591077,11.5761816283716,19.1756828523685,21.7576153458139,14.1879389354755,23.7962350300232,23.8432693448813,32.0638526308924,22.9932972747907,17.3810481180919,11.6252906611396,23.0879658304377,19.1966082521998,28.582806468928,17.2157991392038,19.7531790509633,26.1812470700994,25.1520221980697,13.2408303831897,30.4177491360009,20.2239735417059,24.2295223953957,22.1693675121841,17.4318804675465,12.7054830944231,17.6270291596798,11.570177566284,21.9482037233854,23.3405596682903,21.0338786954866,22.5233834857387,12.7624517850239,12.9991573169924,17.0306952546559,16.775337693902,8.45545974776366,18.5804551656406,20.1104631313852,12.507052898079,22.8252527097946,24.1385323146087,7.36155816375154,8.29289644369247,10.405700640601,17.3453083432801,16.9467539539601,10.9092030564621,10.0874341423407,12.6052465429184,15.4538705718967,14.9433979258028,7.51557617066791,12.6102065979531,11.487993835665,10.251366831487,9.52402175456719,9.32700399559652,9.84347839130193,13.1233785251442,6.98026113585793,6.54108319953003,7.16205241107074,11.9491755143622,3.10864957010027,6.6510978871474,2.85598779933696,4.34162986429274,4.06817249039304,4.72739826856481,3.3539057978779,4.29215803090052,3.88124915693901,2.05698533601817,1.85539640282915,1.65005321539025,1.32321226470714,1.30749258515935,NA,NA,NA,NA,NA,NA
7.02333504988518,1.47891184266388,2.22362867874791,4.90356259079456,3.35625063054108,4.24383318762276,3.33982849852486,8.96501462811085,2.55852830561918,3.64202142812788,3.70394960711847,8.64766966527498,5.6517417503509,8.39534455099465,6.43215011129057,8.57045828199022,6.48299272798224,6.31951081243929,9.9926984574402,12.569194673482,9.52223940795782,11.3458750434945,6.72402863736385,3.2065885426638,4.06632361348532,5.60358186755196,4.79401475869931,12.7508332356211,6.68954385931274,6.63311292191074,8.72022167163546,9.64102001044566,12.6859885674143,4.71081479733377,12.7734315293762,14.1254349953967,5.70342923626399,7.27465172298394,8.48166715643718,15.4376519840778,6.21632124678064,23.5414163215189,17.7087000051359,17.0696700707925,8.3310800125403,18.6395768217525,18.0905114945502,12.8325661568356,12.0496354711637,16.4174351964705,10.4949503802942,22.3864689960683,31.2915769405301,21.5632784953812,18.7251632477523,18.5749883536665,21.8166893728003,19.084132538312,19.2600887829146,20.531665974401,20.6961700051444,15.1751671776364,11.699949225381,21.3011235290972,15.1671050238393,15.8655676974061,19.5862017978508,19.596671273469,20.7299650663762,23.2861504136441,28.3264050241592,18.9731399666758,13.6828800495229,26.6386700861513,26.502019010674,16.161810258721,19.5525918082145,23.7357076061829,19.7463541871791,31.8969122341835,14.6804354031299,20.1734344525321,13.2614572689257,37.2394473760018,28.6890104453632,25.8021611595871,28.3379059487446,30.1829159003208,29.9003459282126,29.8626608469876,20.817167075153,18.0704689478525,18.6882427138627,23.6850474228217,20.4906112444628,18.9336446819739,9.43044250864695,27.2466870471094,15.3832475709086,14.9014374098405,11.5647360585931,16.4334102705104,14.112606697147,7.92790148315122,12.7460360424871,17.5983317465695,14.4518066924203,16.3290009527303,18.0878922473413,18.4142579201973,14.7309140493856,22.2208096984592,17.2530275008656,16.1011700032268,11.6710552074425,15.9124325506482,8.1526170795836,7.39639134652583,12.8233503373744,13.1778196764639,11.570509085131,21.0300318481746,11.1670670318526,14.9325674309135,9.24278433016509,13.2605773706188,11.2027575133398,16.2907397299036,12.0537988427832,11.5240415587151,8.65272545797315,12.0586600781696,7.56003650179226,19.1392385802046,12.1398440445278,16.0669417744425,9.46380523920194,9.85174882845788,5.73552306382781,5.24717152863723,7.48708274518681,7.59647332604456,5.78686627188946,7.34555125218826,5.65588558869988,6.62299947836466,3.52499643881332,6.37767878243317,4.26437367262342,1.84318316955351,1.87829474129433,2.31763446696928,2.42713581969806,1.93576926340916,1.52172527999391,1.30350644991736,NA,NA,NA,NA,NA,NA
1.84526059752633,3.22490087025577,3.28070983242298,2.31511275600061,4.20298179571743,3.57342799314008,4.86094991520066,6.471531286954,2.06626772605627,5.14165316877446,2.66994993476288,5.7028263221767,2.72163306458848,6.62189142421379,2.28837005448771,7.96679143769497,8.12797101410558,4.33467321703336,11.0170226168663,9.98959627849124,10.4833188930713,5.72310318536076,5.54072880785705,8.04960703752485,5.65239887583557,5.50815749558937,4.74224652438523,7.33023494632877,14.0050004627907,11.073704645709,7.89161344911118,4.76114915298752,15.2646880697999,9.89214067717621,8.05807104429653,16.8577178811557,11.5441803786533,14.5222196406347,10.7296975536029,12.5152176969752,7.69937493437656,18.2116367522896,10.023458214638,8.58253736349249,11.1716372364356,4.90197500568878,6.09456271998253,15.2905753689391,11.9879150653279,11.772395344518,25.1878606920167,8.5096780612021,25.8131735301863,12.2565294053979,16.8814242718173,13.7701865398222,10.5445263623334,13.3509585834488,10.658540960557,10.9305089535495,14.7722038565216,14.0241010988804,20.1437112642474,16.3029454688694,12.4674916961818,10.3412499319831,23.6840039785805,20.3810734820309,12.9337338287301,20.9412722053468,21.6612012717853,10.7405956406156,22.2526486941879,18.186631313377,18.3365442945761,18.5488277755062,24.1147381930142,15.5190845061275,17.7538353058759,17.5484587699809,14.4321524118182,23.7942109712042,17.247613907503,14.2939836755609,29.6751536404937,24.3085924759009,16.0985044141228,11.5839539960223,15.4994785152302,17.5560909350119,21.2454068264638,17.3173110188377,21.2030380354359,15.1146684872552,17.0111699954906,26.3561385291314,13.240748535704,14.5748206419582,21.2855349966828,14.4496768653291,8.18292987437469,17.8908926900527,14.495405490657,18.4593396818682,20.4559517019501,9.21762419301903,10.464860244952,10.6875030667522,10.4817136346465,7.81540605084936,11.0283858400746,8.98044349840976,11.3289529978474,19.8570524771977,7.02283522337131,6.01504481091637,6.54422567445434,10.6946739075906,7.25533664143324,10.4496152348885,11.8550206908336,10.3580449472758,16.6691300132299,11.7649150667584,8.52996618616316,14.1263372600515,10.7521461265802,14.0694076192542,10.2276265507727,9.14217258228529,8.25990099197845,8.6632529322277,14.0266699290142,13.3254585943608,17.0854469222673,7.31272875582548,4.81335060130304,5.96406229694529,15.8892215472461,9.05759060638545,1.98516509864866,7.00619404562427,4.95514032299767,6.00876288264864,4.29731929515089,1.88590327169341,3.47216890394389,5.13271680277695,2.19225709692905,2.28101151133819,2.7756322436222,2.29997534002398,2.5098638356991,2.34437747038751,2.49596744937657,2.12318864610456,NA,NA,NA,NA,NA,NA
7.10106402538011,4.03953770742548,4.53597216656642,3.63520170639938,6.58037598672855,5.23655173815448,2.25888867863971,2.50978171560265,1.94089854838245,2.69750779127913,1.8259355783092,3.9410514741765,7.8827713461353,7.0878543484888,5.02473828494322,5.8073729892087,4.00151150689922,9.22085300847406,10.3897326481894,6.75592088852005,5.24886651800027,9.76345455369015,5.13915023754925,9.22737959311835,9.4949465695096,8.88666376078741,8.08213793821667,14.9515417658965,8.58351196670342,7.69460634770039,7.21967634495996,11.7265957848974,12.0667456106193,6.24214367886043,4.70585258636665,15.897415732975,15.1671861542864,5.79320301861399,7.44290503305929,18.9959938815967,9.87073159129886,10.338858045875,13.3041884777088,10.843303621372,8.09142511791766,8.51786854505226,10.4438761328187,13.9589892751557,14.8661239241157,11.2491962148245,11.1692763072514,15.2140535677148,16.3115103893544,19.4151784884679,13.9919741981911,11.8042025105136,14.7915154042265,16.4119635516209,13.4749439315994,22.0149044141044,21.4581195592723,18.3446682591788,13.3130341119402,10.7361162974852,11.1448261024419,17.6154740086701,18.2755961903831,21.7167594122201,22.4772277746569,21.2488473898609,16.1854986978563,26.6411366177417,21.4843299286079,20.7024551036154,27.838147355144,18.7509978402576,16.5368342485359,16.923044287773,15.9853332748814,17.3543348519302,18.5644434395355,13.0592785400891,18.3380379522777,21.0009669326682,20.3435930049934,13.6519907354506,20.7481900339697,15.4084567561188,17.9909570211656,7.50135377829702,18.1749633300401,18.8963916590925,23.0244334247954,19.1333983998332,20.4442608385871,14.1089086608331,25.9828412194412,10.8354386407022,9.68640233156326,14.503959868813,20.7918371565864,9.28683823228857,18.432195292521,15.6427173886364,10.4005759957503,7.9283654736572,27.2629446665962,12.913593235743,11.3305744851826,7.75533554153169,12.1904324114927,11.7472852996429,7.35531697672728,16.0051380043622,7.32694856427828,9.5178039499034,15.4837894564439,17.8468216066807,6.95004238551854,10.0343670115537,5.17517090284948,17.2647351407911,15.4235829379852,5.89551552800536,8.64940740269017,13.3673790698157,9.61301375767436,12.3195872050151,6.90527323726149,12.2651769130102,7.82539693347613,7.54390777017934,14.9653184344224,7.8326482709033,8.08451443168936,9.23183718629652,9.92209652693656,10.223180730835,5.03067495544197,8.90697869351704,7.91193503117024,8.45446521595314,4.8159820071853,3.4888506325542,9.22693263217805,5.68770263616308,2.26069482014619,9.8843506735178,2.41437876132917,1.77253018876277,1.65609383717081,2.286028604924,2.2690175901879,1.23891680534545,1.22925658203152,1.240810803547,NA,NA,NA,NA,NA,NA
1.06780772034307,2.739069217516,2.82752582140516,2.18736395362456,3.97859123939351,5.94180902264639,4.18345253620438,6.87953495496033,6.66434932480626,6.08214027846345,5.22097592320061,4.97856854722777,4.17327427926441,2.67763990138062,2.60620918986593,1.99331859282959,6.20324209682383,3.58371017094072,7.68467364680392,6.67639733958695,7.27162237179122,5.31039627363118,5.52071014154848,10.7001323575075,10.5714087870256,7.7679126533914,10.9917304831889,5.19010012560545,11.8724818355966,3.38092812780127,7.6015590834625,6.01148050301405,5.87730947937019,4.76655299932019,10.4214811512034,8.30185921869938,8.43251309573284,5.91267805744501,10.1577553947027,5.81849438400972,14.2265061933056,9.17042106168994,25.2284959037185,13.6731198969504,14.5220715933366,10.5507817389904,10.5357454879791,9.84154169131034,11.285326469927,20.7356649293303,16.0482695725366,23.2219153642434,18.9504976894892,26.4223099339093,11.5667557942033,12.9271365439892,28.851875226462,28.2294727416968,18.9673676669009,24.5451089082494,18.317723754546,24.3665574055895,18.4727181581718,21.5723868986089,15.3987295018404,15.7647521452117,20.0601656343825,19.2158219890077,14.9616997478348,14.6722976939739,23.603023684834,26.5163205698976,18.5220954959282,12.4971334124719,22.7268314573685,25.3145574728808,26.9804443764617,26.33174968609,11.6430518132451,29.0688314069106,21.2313248211591,15.7913250508719,21.0146454945302,11.8820064992864,16.9258418440405,19.5670911251605,16.8688418891807,22.083723558433,20.0956136264954,21.83289569825,20.8121874738237,13.4340760680109,21.1666013781045,20.60047720198,12.6170352191823,20.734623641432,23.3032787718389,6.89003622882054,21.1416203211479,22.9393166830048,26.8481255130473,29.1063839636766,15.0184941958742,16.4358219106819,7.11985472325711,11.2555333511596,17.0047644593735,5.02580960750228,18.1365880190666,12.7323614332731,15.2777983587629,11.3742778028513,11.6479877790492,15.5397057953093,10.5720269260422,11.3083020491594,15.9406200140797,9.36397421942405,8.49470288849578,7.68531165285133,10.73551787632,8.43073689297979,11.504053734114,10.3630954248228,11.5346251064527,14.9995601576147,6.68495853084085,7.47309527363969,11.0673450738648,9.92486151431416,4.83788338955779,15.0177527577426,10.3098091187392,16.6057553321258,9.55807592845154,7.22661933352332,7.78073924095587,12.2993240042323,12.192534748335,2.89148209050646,12.9680363582686,6.53890258538016,6.22760634989506,8.99217962519096,3.53725520468757,7.26517504332983,7.45727688676485,6.32783222935929,3.52077813300476,4.59468767841733,2.13495491424258,2.16711876853895,1.71499367186077,3.25286561324298,3.00052566946237,1.71946722771031,NA,NA,NA,NA,NA,NA
1.73373435324836,2.22834213256809,2.30735286047813,5.36435560982325,2.57003665207029,5.68438712366228,6.61409511539877,8.2706032393484,2.21518652276829,4.19910748422314,3.65051256920887,8.58081978214224,9.96372091620575,7.5898639736804,7.29790990903029,5.0329041842593,5.41200719266294,5.6901613443732,14.9303798502362,4.38238089220712,11.7763330549767,6.02784878914323,3.44881985410016,4.78605622870701,5.69608282828411,13.0080562753062,7.34276109575455,8.2820397012832,7.90181022542463,12.3641515994448,7.82208282828426,5.71227020232864,6.24950265253506,8.30803357935953,6.80849229228172,15.6719069362519,17.7500078469964,14.1777101524446,11.8005532571115,4.59396798048034,16.7369423438697,12.90183431144,16.8650846291245,15.3684327235608,9.01072017178021,14.558863093769,14.0153030917474,17.2562889515865,13.7933876199654,18.6512689317742,12.6530127918229,13.3151695063136,18.1780187968159,7.44816408168463,21.0282015317648,27.4929294603741,22.8369959657687,24.6856625994057,9.67490921809085,21.2469120513565,18.7384655725818,21.7697199492379,19.0718289007177,24.3893131454763,25.4128890810939,15.2276452464842,21.9034872101534,19.8319337281292,24.3709239922432,17.1649554056445,19.6314027320271,28.4371029678755,17.5389499086584,16.6563477138423,23.6765607164802,25.363102575182,16.8447212178964,16.3882565546984,22.7360378845025,18.6152716623985,23.7502832462238,18.1781306496339,25.0694880680593,24.5332602735165,18.4466120792648,23.9325319613097,16.4295882204663,16.1433209241348,28.117751120374,23.1736830856624,15.1796038953346,16.8434329109385,34.3095492860229,20.2289193362685,23.8403981310783,8.53101841285134,21.5416440261179,17.4555699803815,16.9370638280056,16.939460229865,16.8819761823125,16.9499909698976,15.1107272018028,18.7990403743042,11.5142365651407,14.4795905303586,15.0627201587356,12.8023180630788,18.326180390876,14.7092037217451,13.7990544161751,19.8249969417053,26.886519836292,8.53843932708309,13.111765762893,11.8377495593895,15.1261321846601,21.5219387004605,6.53911881858603,21.823961111272,11.7443058348016,13.3869800641183,13.5648485442096,8.48498296809973,13.1082559222858,7.4454391491542,8.26121566536134,17.2526526194442,16.1961317527624,9.95310444973027,7.02702726239522,12.7931920426571,4.89398079962495,17.2638316182374,7.70736104562677,3.5181760731699,5.88463940874667,10.3271480118863,8.58104603965732,11.9007952551374,5.31967877239065,4.23091079543152,4.23206051744229,4.88857369781773,1.95601483729544,3.98999827524428,5.09894793143284,3.61732852733961,1.35191721475674,1.73340112466614,1.71362429416403,2.34237917945993,1.96673035203539,2.23530409838529,1.25649430829469,1.25746143674221,NA,NA,NA,NA,NA,NA
1.39135359443063,7.38637620337065,2.03082776975209,3.94032743420359,4.36297533723493,4.52335745382863,7.88886536128831,11.0082135504486,10.2429783227664,3.43602929300611,4.50373646915801,4.18896376307855,5.64301370553977,8.2000915096628,10.9383094875945,4.13900385607334,9.3196164911578,7.75260617153413,8.31701125528574,9.45806059873357,17.8811791001863,8.98896650781654,7.28186281673829,8.25795728451957,8.95847729003752,7.91817205582155,13.3005823384214,12.4460633466392,13.6319281324956,14.4999163079118,10.578937814737,8.60346756727632,13.3830483141624,8.35598467904204,16.6904067123719,13.3477521298852,10.3798601489947,14.9329638254262,5.20328732060173,9.51029694722112,14.8422139567041,14.2853287682596,15.2009989403427,18.5821113894025,16.7029343227022,14.8982061823245,9.24452357130416,17.1551477414487,16.6135648029662,13.2916605244076,11.6362931542021,22.6364908803811,21.5454006674121,19.636243323514,18.507143696862,17.899126878008,26.8101022532325,15.4390855895118,15.699434530713,21.2345303597473,16.588615248426,19.8620765409469,19.7769934898218,15.8919761340522,21.7552702448673,17.9886734949789,31.5992872131418,25.5896161574388,13.0810061150785,22.2281293127285,16.6457279129588,17.2792866968853,22.7104819758964,20.2431300912444,27.8435198839562,20.4727616002866,29.2630486078352,19.0671631857926,27.3095997260607,25.1382327745647,9.6416504921254,19.4058187898445,20.6937897934357,34.9144825400239,24.9176792604697,23.4541800952429,16.8131802913491,20.9056349255507,24.0475808199537,20.2004165366529,20.280772539414,13.8277302437655,25.9389243447812,17.1064684035768,12.761409922711,21.3804555530328,10.7547219640472,15.3956690274548,15.2151734854361,16.8071917511494,25.0231811886249,16.5706876402487,24.1496025835584,16.7680898249471,25.0695506723136,15.2620754294035,7.98033236797296,11.9695241105086,18.6724804654006,13.5349325404295,23.6020543343422,13.3176727453589,13.6456377555084,21.8442688128549,15.2483782851581,21.9424620402783,17.5518841661528,11.4932553943685,13.7905819606062,13.4273394341018,10.0420484012666,30.714219404893,16.2868716485841,8.16091330767346,11.8726839077918,10.7949539046103,14.8068147953164,14.625847921672,16.2559624676131,15.0429897209577,10.9628340842267,11.6051704652495,8.28281774209216,13.7288598390602,10.3442091159753,11.8684945368514,8.3342085566974,17.2070258523549,10.8668927582601,3.57855576529851,2.36992382534252,6.08577096070498,5.73497351011479,9.42066080523465,6.75987630864397,6.20639826218877,1.81546424236961,3.8297774514799,4.59788605267644,2.57032662872087,3.56798954299442,4.00765452813061,3.10449110380175,3.53880980129837,2.76124425480078,2.50659018765934,NA,NA,NA,NA,NA,NA
1.20704241375511,2.94228593550665,3.24149732383095,5.04988938933039,8.68586997204776,3.34061596882064,3.05485735729834,5.85077610859722,5.6665663357016,6.12299984677861,7.03888290824559,3.96851780636248,3.2636959199441,2.70886652780036,2.23444495024154,9.85269574826192,4.39620535710677,14.0804989717216,14.78605147552,7.14190042617801,9.14562540488026,5.7855008112712,5.75151859696255,3.06045911243943,7.01287943580405,10.5073886332504,9.82149631479239,6.92723618952791,7.44213446021544,14.2851417600332,6.73836491855479,9.46835123520055,5.86926043796732,7.94442625816418,8.15245707268052,13.8002290576143,13.3624407001997,8.29095434895247,13.0388054990373,14.2965844184477,8.52952393058481,13.9037245556505,3.85683266238941,21.5506433547691,13.6888819231395,10.2924718255129,8.01435377061048,11.0502263431556,14.9660002853452,15.4930384250109,8.29197632044403,17.0236493167782,11.2586341580965,21.5966489027252,14.0219598056721,21.7705599904813,18.8441921079542,16.4863464839198,14.7211378363205,24.6346197021932,19.2953465641354,14.6876694713784,18.8419590904554,15.3650964194285,16.3976866151946,18.0717146252333,23.5500672079613,11.7436134209892,16.9378058549063,27.5616330144048,20.8850256201346,17.0537675376183,12.1363957175093,20.3558652498023,18.0729792992224,25.4832098315087,20.2610384238693,23.9792037558708,30.0592537965343,29.4678149441039,20.9518954141037,25.588718514366,22.0107728641517,18.0745232738921,21.8186199973941,20.7557862199227,16.7253561371112,18.1178459764689,22.675868827189,15.689544935926,14.8115084502346,20.4735343096008,18.2847753226719,22.4452288500629,24.578326178039,28.8660909078935,20.6946861141953,21.3066474792008,15.8941830857669,17.1703938867138,19.9033198328341,21.1279989657691,11.1958867775585,10.5057278659464,17.2177148653207,17.3632295563885,17.2758753192018,21.6351942106367,8.08698831733494,23.4390121218789,24.6693952316411,15.9658684312109,18.7149660490837,9.04115716285136,11.6134027468333,10.8492312154234,12.1955575851496,15.6093580635827,12.8269598695527,7.52533384245484,9.48163245811479,10.6102508514303,16.084593598474,12.3859910408954,15.9835688487238,9.90144209200281,9.10769624434605,7.84284956559663,12.7476993353769,8.08292494987606,6.97946842898376,11.2693954844955,9.26953222919477,7.42460204767442,13.1335076315928,7.49341330722313,12.434866953165,6.19113015969796,7.16449231056838,8.32121496343145,9.15926989485291,5.70912136474061,7.74515522191669,3.75296992204193,7.17630128270742,6.94196564034828,3.33746149627301,3.23366334363204,1.97907439432432,1.86413738588132,2.3981986121774,3.7657322478065,2.63241206664812,2.46996129297509,1.7528942617686,2.01256201843694,NA,NA,NA,NA,NA,NA
1.21111840968112,2.99428463954064,2.94517487174939,4.17824592543497,1.78753965755146,2.99766380140789,6.40728332922005,8.0766943295984,11.3076663384826,3.90527964710231,3.32247650041967,7.66854689484305,7.80834627447221,4.63105967253088,2.82455765550756,7.6538164931125,6.30688004503233,7.69564352603534,3.17674090618063,10.6196654621859,7.73865588705352,4.77081736000314,8.46452354527589,3.01327391852222,9.30939137066817,5.67947974739692,6.85534826405099,8.93027483827301,9.8825152611354,8.36169798227909,7.13145722871366,10.7663740000149,13.5221527306961,11.1693665730057,13.4930073547848,10.4379198805541,10.5453241943043,8.02522387279319,6.31804363949885,8.19556508425376,10.2796738845754,10.5396733982682,10.5548903109904,8.96425293101902,13.6172395052315,13.5371082381171,7.12802033057388,13.4273765411511,18.4551427084087,11.6047047828721,9.80779223956361,12.4256867905137,8.36747363502259,14.8514232089252,17.6698233258793,8.04932132320434,14.9757462945481,14.5862533567603,14.4622488401818,18.8693399466567,12.7338845690268,16.5879094533534,16.1088908764942,19.1108937002794,23.5197107120078,13.613707029465,29.6405806659134,20.7951929423433,9.04872404640189,26.6316445159339,17.5049388517456,22.0675855554631,27.5589781144708,17.2532953185043,21.1979069914374,8.58239421872781,20.4914428281194,13.1158594728533,23.4725482369063,16.7539508491227,12.0296644137243,21.5332045017061,18.2626974699394,20.2992360119219,22.4777962649417,26.1815911300392,24.8690585694903,27.7210742411683,14.0898215401219,11.1549974446573,15.2848443171719,20.1486174833438,17.5442975823621,26.2690564570847,15.9788589746388,21.8110877141709,17.2733853468428,23.6328418486187,12.2829762447398,11.4317161951806,14.9234141311783,25.220323664104,16.8583413090049,20.6158221858001,15.6728704048703,18.7552128545811,17.0995501568065,14.1850871823009,14.6776739549715,18.6938602422825,14.7679709256867,24.7587122768983,27.3384712229909,25.7941395314082,20.3064925503411,20.8026636191458,22.9758678028768,11.1279994399941,12.1043678409765,20.183149267656,17.6375855784858,7.98688514776115,15.9440484752542,19.1951388368363,12.0714202413269,10.301335919211,9.99501341362213,10.4713514626769,7.30501183059591,5.64124387987977,12.344054290498,14.3795851376009,8.17475658039004,11.0833663714197,5.31504854300943,14.8843898205216,4.56409992251981,4.17177323954281,13.2272196591496,13.0878582582129,2.42116581310335,5.69708572046158,3.43109868425526,6.13643119218214,3.39487919034932,2.51731107524075,4.98195023640679,4.04992141916373,2.88238328025993,1.55498310070455,1.78400557956094,1.50437307370119,2.12660173335703,1.47142835604417,2.00113551283373,1.48731717331018,NA,NA,NA,NA,NA,NA
2.99451403481333,3.10822515721413,3.93635201653262,3.0579276221791,6.26043024209564,11.1530814480121,4.93644036368677,8.49207449129766,12.2619541711864,4.24704847611635,6.070409082862,4.30884563491459,5.54990396071617,10.4837460208541,1.79164722626562,3.71252853299198,12.6005278177974,6.2179254321104,5.94807967067465,11.5514145996279,5.9304240980414,8.05783991933022,10.9483461038831,6.42997159695144,10.6751315787457,7.9346404429738,5.15402669120076,12.5191142922264,9.20272175198665,9.96762947092153,21.723567038345,6.77017359650552,4.58200972719809,9.41976056659744,11.1809230210585,11.776561020375,12.518783185148,14.4561426855906,18.0505453199335,8.65873883344557,21.4542953879873,15.4255741945117,7.00132027411808,14.1874069351393,24.7969030326657,11.9338586402715,7.41746067810246,9.90876388282531,14.6185840519613,19.9117199842566,9.24614011538737,15.6858827154042,8.96126173043589,7.64805889609442,6.18051891394526,5.86711396421193,25.215283222097,15.9152276922104,10.9675037935469,15.5002406681322,15.0376162952659,14.8882697115332,13.6317111040182,19.7230764564595,14.3177844772347,20.0976292474451,22.6381935701893,14.1436007814345,12.2562449845384,25.9716816305664,15.8234575892658,17.3248711194434,22.6589100590837,22.4833510238707,21.1551011152023,18.3499463299969,16.2597950304129,19.1342722826893,12.0924233139482,34.4679854101837,13.3169395947868,16.2826387999135,13.5533710482867,13.673056219731,24.7972723388442,16.5042092427775,16.1653761627481,16.2307305197298,17.6005771851895,18.3915595490133,26.1803113593842,13.6404040417567,20.3181014099641,10.116900204252,25.3369040278672,15.0082413076381,21.5533107019846,11.6753382985451,21.1749860862977,15.3282285266077,20.8793688761017,16.5754694697046,19.4097366170029,9.32516163464183,12.4286973928188,17.6558102905038,15.9243904249227,8.09547807821433,9.39033032799609,13.4140598414212,20.6159750438834,21.9736379467202,19.4722023376088,12.0424389292548,13.6119774441507,7.54687345329197,15.7687413421529,11.0505516684593,10.4628670144094,10.3171567439468,12.6632579344257,17.0794442572035,13.8430381157154,13.753795098117,14.2291088494085,7.36924963819302,11.5774524933287,14.0993845985188,19.121731000938,14.8435168053651,12.0103673413505,5.84260917039513,10.0047935935089,10.8039812178373,18.1612428993718,9.63228331170642,11.0395405916684,6.1050432768165,7.63175497547484,7.89292593737696,9.03974357990899,10.710946141849,6.48680958560417,6.04895101744182,6.40759243281951,5.09665246437442,5.5796286919143,6.46377480585248,4.09638042157671,2.17230898311199,1.55854927290183,2.23908901662344,2.98946304465242,1.31614976000521,1.52026135526749,1.28213388622047,NA,NA,NA,NA,NA,NA
1.34935859704435,4.82427601251718,4.40016431679189,3.61440336550189,6.53660044828887,8.76080854558868,7.98966851996469,6.29377872572698,8.10633381153317,5.09675335373453,7.07470999012044,6.36038886669286,7.36880975977573,13.8206885582117,9.72743887921918,8.23685521463947,13.1081450123545,6.07972598954987,8.94131634880863,11.9034962431847,14.0022754398244,9.09711008384244,9.42447735525529,8.64007007220951,8.4681193233978,3.55797393055267,11.4524533327684,3.92448032873909,18.9300666982956,11.396509840729,7.17350661298759,7.65115629895296,11.8278570360421,8.91187440608879,11.4950224293133,11.2171503893279,14.8439369169385,12.9729482559539,7.04681553526191,14.9846393499862,13.7662081579515,12.9434497537841,10.5900309677773,16.9450027492929,16.1010863210031,10.4627350268687,12.6226726027655,10.369433973469,12.255818321874,13.857343006312,11.7040751591686,10.5566826332638,20.8247234349208,17.9774836887214,13.2067685644098,15.3972563787542,26.7473449099226,16.1904631836989,21.5137381276278,27.0315501676998,18.5422014208567,16.6920502665843,18.652659926697,18.3246369270395,15.6208415542702,15.6524631645373,17.5226914586916,12.4470247614451,16.8817617351514,20.122432245852,12.3004884271318,13.2278568762134,20.2216469094666,18.7663362095155,11.8079710457443,13.7703225778086,21.6576367855368,13.6716198498457,9.49010730793263,19.0924295048021,16.1716179091212,21.5654751927755,22.1394028653017,16.2693601332747,16.1245051374608,16.4304466016621,25.6031764353722,28.5503877147134,19.4001110166124,17.4490877474135,24.2827513155009,22.0271667942527,24.8284358309026,19.310282405652,13.3316191123932,10.2881562281505,15.7443455441847,10.1147706728162,19.2569401497181,17.1392830803134,18.8686183622423,24.3565678569872,22.5675438425904,8.35717489942097,12.5080287615276,18.7933407008429,17.8392744005698,7.763264544399,18.6329224729866,12.5023177889696,10.8095059901515,9.12816867819025,16.2819447170865,9.37102318807486,13.5171295491106,6.63008460614114,12.4517831630675,10.5583151761588,8.61713686313209,7.29742188201909,7.26500150351104,11.5545271937654,12.7381231288109,5.46849515120636,6.19139756419355,10.3858601375744,17.7678360639181,12.5345341851209,7.3954637065098,8.35016725899291,10.7997845247415,4.56325950250542,11.8359193387642,5.35988593933278,7.83072024113536,3.85993009641625,10.4130597419201,6.36452258499461,4.75964683991158,3.06003164753159,5.11295017384713,9.6562392719237,3.37591680048695,7.19594732139605,11.5537603832863,5.56860418614248,3.09243352044325,3.85717127329866,5.94906796482947,1.37447255172783,1.62241858517461,1.43846108402097,1.45690884964504,1.7700302351126,1.894982165283,2.24674148280416,NA,NA,NA,NA,NA,NA
1.39108418987973,1.15125857519036,1.29800158863945,1.8942296668191,2.50191802711962,1.99580563423418,2.40925804846756,1.48822995523494,1.68938368403596,2.97765618194939,7.66372129439545,3.66461834519911,4.00267724212598,3.63530472577696,8.82025147136797,3.83053812541321,1.92261639965107,9.4301014753085,4.9043622731219,8.62221139691543,6.7599059826373,7.24278116392714,6.017620134726,8.45235513097974,8.76833559091043,9.94293575254099,7.0857213046223,17.1636362696249,7.31096889290123,16.7126094246857,11.0787725529835,9.00843905178906,8.74501533897505,8.30200913582674,10.5684482243148,14.096957633888,8.44417474593,14.0442118500753,8.54567759975636,13.3876079805168,7.84757461305719,13.5941275171708,18.0764870358578,11.3395769397765,7.01731860501115,6.6445548170012,22.3659256375924,8.36032597900655,9.07054674223206,15.0086662548233,9.52800810934361,7.98160802669826,19.2575732053006,8.5060429354126,12.0428892951771,12.7777573108632,16.8042873952078,17.0967682443509,14.3980732583324,21.2391290935483,14.2892139238395,19.0420817161512,13.2800310329744,13.647565929467,11.9189848662646,19.1445422865487,14.4809840849534,14.4579815898047,15.4681648585281,24.3507363112503,6.72400692690174,16.4553968713922,17.9882575338548,18.2809290016074,14.9121999280934,29.3063037643499,21.6299868572043,28.9123196286652,24.6301862705188,12.4000713109638,19.359139985622,24.6116380618098,20.6635937388303,13.2384114033961,14.3426702879847,16.5322556823248,27.8058191036736,17.350001629656,22.0255247326026,33.6519877423789,22.8606297976319,14.4126113599187,11.4602318339335,16.5876768969805,15.8970425547507,8.04485488898566,19.0653073831391,11.7098688320288,14.7787804981958,10.5886374139692,6.74527055358858,14.6282500914241,12.6568362614028,8.59747172485147,13.3417917750183,12.5008005101371,14.6543627700783,7.25734871162732,20.0164899267218,9.0484283343047,12.0647203701773,8.37996288750242,10.9328855380759,15.3238755273658,12.3067709097575,12.9015278079174,10.6701582879589,11.433321661479,10.4580001920443,9.45054969027543,8.21533252700964,8.31747135033395,5.34253289102053,9.66662139298089,11.7019949965807,7.83625783834758,10.1088992763795,7.40447176501599,7.16642767094065,15.6733100391097,6.4579020599113,9.55862283617202,8.89678746858749,8.37774201579173,9.32230764690802,4.29790824077466,9.13559981618508,10.0430019970524,5.56160572953425,4.75392056673712,9.12877712339825,2.62202685156237,3.45647971082854,2.14602234905485,3.16406593137612,2.12487905035691,8.26068832924144,7.36405619934964,3.32169990542536,3.07180847101181,1.39869617266588,1.15204875192304,1.50081326072886,1.52422082404614,1.29513050302055,1.27731436264128,NA,NA,NA,NA,NA,NA
1.25242122282444,2.02299346542314,2.85046174015986,1.64076684822521,3.02365463894579,2.42940279515517,3.34871821172696,7.29074645471055,2.51837129373821,5.98223183720319,3.92293413917403,7.0892685293863,11.3979697433209,4.74220990082946,6.17023945942594,10.0528505280495,6.65368037334375,8.85256422212974,6.32675767269899,8.16430168426847,13.4999054439275,11.4691849433079,6.04154230060959,7.99053125097099,8.92246153738882,10.9342597259226,8.00739204629936,4.49243105543215,14.5333108992437,9.54270535728657,6.47982408368945,6.42916246534277,14.2116270211397,9.34808780365239,10.7659923335343,13.8044236081401,3.29067524040872,9.02707165462889,15.004036091086,8.85937740464534,9.02307508297548,6.51875651949847,13.7103622465004,8.82468868613182,7.38909542163937,11.9757805235077,8.63305493149409,10.4892983417462,18.9386604521159,18.0127666624592,17.9898557256174,12.7961460246575,17.1861026936794,9.38875876642102,14.7657195270081,10.4734974933807,11.5695275603842,14.1390729986099,13.6889970523849,15.1573878430042,16.6558271602994,20.4145523325091,14.6999625058548,15.0266434144735,17.6772790829583,20.2412917671235,15.2873894216299,24.5213974517733,25.4591045755995,18.7411947944661,17.1368479719299,17.6126964221385,25.2006106103875,22.6380422126601,20.4558568881381,16.7138804490851,20.4233003481857,20.7751987461739,18.3527896996976,22.1281798950822,22.0200710288918,21.95466396288,25.378630680159,13.6121627059917,24.9177514809955,23.2488812298074,23.8886120773859,27.4309140482425,21.7112738242905,15.4970626036728,16.5639489022027,25.5440532739331,16.3539596340319,21.237936396401,23.8038518157514,19.617387286628,22.2837296020215,8.25255182651538,17.1693280775959,15.2566911885572,26.6317602486232,17.0443643351091,27.636089412042,17.003025375414,15.461687988615,17.4004501193801,19.2966474400265,18.7787952721705,21.2814350218715,13.8488095565186,17.0452755901116,8.69150951625942,24.3914071080455,20.2097664918134,19.9658664955056,24.0831967480538,9.64808855037213,16.6890309967892,10.4513005654292,17.2208894189136,23.4433737661405,13.0758805507094,11.8876560840554,12.7523816455974,9.65855440145861,7.07066355074868,8.19762443361476,17.4578690619808,8.12968994447107,11.5217663597781,16.2427758133261,5.45313258645989,15.5812179040463,13.6198065903644,4.49027667739678,7.08570144647158,10.0015953045629,11.5698820001557,5.97233595836575,7.73890236161721,10.8948940621611,4.82291592712809,7.39008571574055,6.97563752048002,5.17621138790307,3.04718818279151,12.8483529052108,3.5030886060956,3.54227181536976,3.29296975096388,3.47390010240264,2.86993559399328,4.14331973909779,4.0666614166715,1.92783823215273,1.37602346855248,NA,NA,NA,NA,NA,NA
1.18169208837022,1.89756598436542,4.7451835897609,3.75055902056278,2.75151770755283,2.59415654738871,3.69824527853841,4.38894118237973,2.27636995387305,3.18008652232471,1.65908925479379,5.42716326373153,6.53122990463775,3.3263442249684,2.34089903459923,2.8364525793568,2.63390892566641,4.42008662613175,7.31471636742726,6.98263562649654,11.8071402117535,6.89140732920378,5.17393401246943,8.45666452900211,6.68061647783804,9.25454609182252,6.02051991423838,5.54798007672819,3.07199427881836,10.8325803327147,9.6956365466296,8.90597682618407,10.2224160174359,8.93221414063594,7.30548179408853,7.80041119665302,5.23068138083484,8.33094542338218,12.3138397898045,11.9587530479766,10.9081096273207,12.4445047971311,9.19617340135313,7.59995926811268,12.123454159384,18.6046742921809,12.0271553015154,11.6218235542968,14.9306741595419,11.9573204567403,19.6804499038977,16.5801231126231,22.2803911413954,19.3730820738978,7.3018569921398,8.91665691778921,16.9491256627532,15.7959429585489,14.4128042935313,29.0853614370999,14.3573677047276,16.535770000559,14.9919570115143,26.1147637184693,23.978344176453,16.775264308486,21.8372751418406,21.3023602697047,17.7851601080372,23.1396691175614,24.9745695712847,16.8688870644502,21.9878681200968,14.035159711799,14.0593582656675,15.3300985000111,22.0574522983646,25.2745204910848,27.0995695139447,17.8316805580238,23.2173987341606,12.5234774340924,16.9853391367903,14.6403678776096,27.430921978262,30.22847909441,8.80401424732104,11.6535683546393,16.4431568328644,13.0595187619509,20.2580434219123,24.5676405176819,13.6152594480761,18.8147734418968,19.1242595383887,14.7980866288299,16.0244124646149,17.1665824145677,10.4380424335698,8.52164403320569,23.1256156626349,11.7496703816619,14.7676747587984,10.4981966824334,13.1516947001841,13.2257925524304,14.3631342780743,9.73068966297198,11.9415077158805,15.4058703530602,13.3815654152198,11.9003988438133,11.5075232729855,11.4423683376641,12.9831908424042,12.7459189208058,10.7175615274206,7.8917586417551,10.4446517640654,8.61015625412135,9.17129214466887,10.9464811530697,12.1648509390287,9.91736395980553,9.59321708814084,13.4731296736092,11.0112653441605,16.1969013446577,7.60106254764834,10.6301732671784,5.99816071464375,4.44615258138034,9.69641021337964,15.2674450920047,11.3794656651946,11.0367565929935,7.5747315439166,3.27478363533848,5.20500920727042,2.78697029182524,2.35861937185241,5.55681208035624,8.09137596746053,4.54284458735397,4.26718919781325,4.369078654567,4.61199655592251,2.17736060952607,1.83400000354443,2.84553098331011,2.47689008922606,2.31929914308937,2.25287644700055,1.36835506828484,2.43372457919447,2.40133203571032,NA,NA,NA,NA,NA,NA
7.87027157068091,1.28238354667819,1.26680451699121,4.35734784856614,8.47692787771029,3.16985429014435,4.51069074289487,2.82154161723751,7.12663333541743,3.04526390606116,3.83876916067835,6.8021708777584,9.86651138071978,1.979916692506,2.36454914918046,2.84430292214782,5.97094934311572,3.91316301061104,5.96305434495952,8.64692109593992,5.46361324428535,7.14447058793764,4.6410162044465,7.60887169435869,6.83044291696164,9.79630071432757,8.46684349494365,8.62077434805509,11.2600575825623,9.32409446878179,6.80049330952279,12.843728386983,12.8570299913217,10.9889153296293,13.8434649222382,9.49924590327559,7.59544028930692,8.05168090985201,18.5156162981866,14.1316863913762,17.1278522035702,22.4848742431518,8.92801508982063,15.7184290266153,17.7906163215258,14.720606484704,19.6779570377544,24.0767737214831,8.0105300681448,15.058445151548,15.2344188079649,11.6013681934951,29.0901201591225,17.4068338338822,27.2805321973741,7.79077040393277,24.3945149335308,22.0889894270856,23.2201875993102,19.7187077834556,22.8650254206089,22.9191512357491,15.1544450623902,24.9532164265892,18.9252557813336,16.1674411751588,17.339362617358,26.8174376401635,24.6407975377677,20.7141854037533,22.1949579497212,23.827723356753,18.9386992431926,23.4134559032122,18.2002385608287,19.5368825573098,13.7838485093743,27.6578812462985,29.7160183101313,17.3089389276702,17.2672132089203,22.4497324510413,16.4954244606567,19.8885835638715,27.6889654699767,21.5461942568331,23.187824986903,38.7360635390427,32.270849157723,17.1667419619844,15.9398442155392,30.6978835961692,25.603057495134,20.196216848934,25.9260096645513,15.2430914133626,14.2238593840621,18.6762861133099,21.7200394437816,9.11721997208651,13.6337916108437,10.3892782854488,20.8457158515631,21.2728319879944,22.8328803735158,12.1034920268126,27.1756738825988,7.95543525355812,22.3099805167078,20.6725856475063,8.89498039253866,23.0175860664759,16.0264788950669,11.3807236224777,15.8701141184357,13.9302566213804,15.6682468052619,13.0799320884486,15.1234802239395,14.8174831719932,14.5714307168848,15.7259021214351,16.2905758502214,9.73276962843359,13.3444689526364,9.10183901806771,9.5144462066341,11.8229292952166,10.546394429936,8.38152958807222,7.48521896987455,6.91832454729553,12.7280896660067,13.3042708944627,9.70835622556787,4.2976521014379,9.43616524185429,8.48521943555424,5.80169866827648,2.48420597120437,10.8553075895969,4.44622260193012,5.59869023139709,2.41111122157212,1.88475007245437,3.81240801920967,3.34642304505194,3.60644422825949,1.41790842731182,2.39815375339841,1.79021467444419,1.94378396778515,2.26035172952892,3.59943049883146,1.24447651836594,1.35297144370013,NA,NA,NA,NA,NA,NA
1.1898711835966,3.90896576333377,5.16394634017957,3.68367624424047,2.38489235632421,3.15127445851881,4.97916126939579,7.74710222206122,3.52708075953607,3.87510299999746,2.29663223886432,4.70396553857746,7.56149255869728,4.95915538961568,3.84814568692404,6.32646161728448,2.97716021175689,2.73475691612038,6.11076646792046,3.37018537345887,4.01623135842503,4.74222008207286,8.14847211334431,5.10714202968153,3.72098221798294,9.31126321669744,6.44549420487415,7.18494779367085,10.7215699139111,9.12228976603384,8.6970445256485,11.5614620264905,11.7883674808427,8.31676150145885,6.58487379924403,10.8649362239824,7.90156986590616,11.5892585573922,9.08205887159419,9.05693076064978,20.1096204634701,11.3583207373628,17.4596577351855,8.32267346461992,9.87017830240737,12.3371669054276,8.84149563316691,8.69645128503728,7.99060264989603,19.7763774557675,15.1544715957494,15.6350205603202,33.8664889687017,12.9370898738162,13.5447617278776,9.1299796805364,25.6487661329602,10.476263685701,19.1458127996978,18.0608446420179,21.9226067697681,20.4783753008652,10.5352541034859,18.0622572790054,12.7132625627703,15.3091305477032,19.0348748800581,15.3928560939619,13.2302008368211,20.1234434185307,13.7051409125765,19.8247201275551,16.7299632676106,16.1309573527619,27.2210092478113,22.2686034798744,24.3898955602286,22.3883397871426,26.0817938148436,21.025404754081,19.8138248702402,12.4013252534566,17.8758275562893,20.1309147695215,19.2627300129133,16.3683121894512,22.4534296032542,19.9062472850184,10.5558202271342,20.2258877768883,13.3253538560925,21.7181391823185,12.893470532215,17.5749001938054,16.7642707956653,8.91043648780681,13.95184529606,14.1125864657671,21.1338426462813,25.222150506364,19.5794326434658,16.6274255803549,14.9154459827806,17.2553320805471,14.1635894688933,12.1254927300754,20.461709703755,12.2111791932171,16.9485203323626,18.1138012380232,26.9004935624392,12.315550087737,14.1732039841712,22.7520704474464,18.9802581717168,7.97513833466097,8.93702683952948,9.75151403085967,9.24854687033452,11.4872497456405,12.7239118645655,6.09606642573239,13.5693807393613,11.9560473122186,11.1935483430009,11.6825048655557,10.4194751831647,10.8687266589211,10.291709746365,9.23125132036932,4.64033120251138,7.52082447137216,8.369392057965,5.77452912838808,5.15463393564849,3.90213239595009,5.19378251731872,13.8110198840424,5.70833746620924,5.67332088957082,9.27216204380744,4.9054757711153,6.15658784539874,3.80480457217963,2.76726735672626,7.98942424160877,6.39396598341552,4.22694717253739,2.46133869282561,3.10451622798334,1.31243068970658,2.12058928948745,1.93939736303515,2.68456856436498,2.9530888853731,1.53198067965174,NA,NA,NA,NA,NA,NA
3.80291461042877,4.56944184003337,4.52660406053771,3.95287275552219,5.28115000990957,4.35650528564753,6.12042558425182,5.5545329721193,7.56552077331929,6.82449364883078,1.92022911426841,4.91428226565742,6.7299476894311,8.59361952637706,5.13121174574773,6.14999912656315,10.6004778800489,5.63461699594697,13.0623481439372,12.5303644442771,16.4934671228472,4.19983279643253,9.69521908809617,4.07919870898176,13.3652125901742,9.18959382703016,16.0512416953308,10.9905085932183,10.6606042955744,8.48852275878232,15.4643034876338,8.21638722167726,12.1490282050343,9.32724402059402,11.8335182693948,5.39237941300676,7.41739432337122,6.46671429005167,17.6789789445578,12.7535447969525,11.3036871113635,5.58489826148343,8.34154948822367,10.2983411032848,15.2622123141022,21.8135568582519,10.9052596034999,17.7714920179421,18.0111477400091,9.53367712661067,7.32636967725911,14.0549048881757,27.6077822661844,8.8349780731605,17.3383336735827,19.143839998362,18.6135230167685,21.1852491147938,22.0470484915591,17.1210314217102,10.4054593963247,12.9951042775181,11.8575257734395,19.3982471238536,24.3762352833215,29.5186467433324,12.6051902931163,23.0567211457565,30.8502436864452,22.9604109601329,17.4760522596354,24.6241173654213,16.4423292431835,22.7283892770746,15.4152942696599,18.5016866144247,20.4938429399639,19.72535193866,9.42524036033697,13.3842802093777,19.874373454672,14.3626960539395,24.7047458390477,25.4208454068926,29.1437864147699,17.0568434421868,25.164218771868,13.7441848200245,16.3322834341865,19.3255330236934,27.8199576924691,22.3472528970342,22.6771649950115,14.2347500627592,22.1432668043961,23.7182320609113,20.5024075409209,24.0275357751789,14.1781243343644,12.3977792277473,24.3819251605497,19.7442833202719,21.3798582316437,15.1053732423601,16.3096468184255,18.8479103793791,17.302885850119,9.51927022291639,15.5837590273474,19.7336908017313,22.8606588846501,14.6932341133993,25.1530623314636,19.4446390216053,13.5495261293765,10.0014205136631,12.0006978098383,14.2735373247184,18.1470143173314,9.4633458417548,15.7817121556034,5.98794943871736,15.2088874925778,11.8048753841254,17.7541640878287,8.39683423761575,11.5330017500228,9.63447609853987,11.4656732060333,13.889908364864,10.8519973913504,18.2695978777373,10.9209472939644,15.4695830604278,12.8885170370508,12.9410076519275,9.33187271312662,9.31037680625841,11.9483167193018,5.75772350410051,6.84556592714453,8.92895669800643,6.86874463775896,5.28372227202325,3.85646971457025,6.81166942232812,2.75212254248913,5.35261896423249,6.0874272053262,4.12651194259917,2.25952697148352,2.50935176656178,2.90804370017842,1.85934403096182,2.25842662772602,2.66747059774119,NA,NA,NA,NA,NA,NA
1.37792588845026,2.73671525900727,3.96932880837474,3.98429566805606,2.61518388572903,4.36367162293611,5.31530451554022,10.8163843661611,8.05604841748287,4.20764625162861,3.34112884127589,6.84730445240772,10.0219185118094,13.1698299955969,3.32621992251238,5.35568476122576,9.62616138720267,9.67137751276628,10.5421765215154,13.2226726837732,7.73089150376757,7.54949016323236,11.059319398015,8.18665827051196,13.0967214971049,11.9867127138377,11.5587481929013,10.5738665803154,10.4195978011285,12.8877564052698,16.7467032791959,10.1711932893337,8.86172873135532,10.4443368138807,8.15405235098705,10.140117749651,14.8521057334176,12.1436432325754,14.3785345521487,12.2221878620418,18.9587114990827,15.3998749914846,12.0365714679987,9.61944653123836,11.7739533532067,8.64036130190228,9.73245336932153,11.80914983023,16.7183284188148,9.92614949572064,10.8612127913495,15.8256819377419,15.3455664738646,11.5844789351233,15.2178562005341,14.4663724819299,24.9973428282272,30.4543854196844,18.9505518621825,18.8252081814599,17.039494910419,20.3957763168173,10.2681504188332,21.7316002699315,25.3176208060326,9.97614315634451,13.828290733009,24.9087314342442,23.3936088777944,18.665735698189,20.169774618101,24.1401851563155,15.8339363728586,13.8933612140801,19.5731989118238,24.6759593418944,16.9251674024524,26.1843862995249,21.5096388865837,24.2163384518127,35.4009222671694,7.67338660648362,24.9809497258568,12.3122894394514,18.0889422675071,24.8211415032847,16.5941105656812,20.7316968376669,14.9038272634248,19.4521526337598,18.9420799617426,18.954897854259,25.5950590144512,19.8151884127182,22.6084415142651,14.6148582855347,10.0065610136065,16.556198028335,11.9296878721968,18.1111898061122,15.4311091904754,16.6593718969876,17.9179519650416,8.60783024888343,22.1403147188285,16.1821564384638,12.7416172900256,12.9218485203454,16.9329526465897,21.9432585723534,13.2458951503086,20.1380363065119,16.6166157040036,16.3651309173946,10.3231303722252,11.6363792236001,14.7234089216794,12.1955373794331,9.0322449864917,13.3256223448218,13.5768957427444,9.43193301516173,14.7763611132667,9.89738188584766,9.58090262854653,10.6760385047617,10.9118653114958,16.7039198045869,6.54095129760871,19.1765426719237,12.9177358617926,10.4414345604561,8.16955883338775,19.1824829767147,10.8571753931354,5.31717194890293,5.45933479858687,6.03118456913894,7.74902960121149,13.1601051486207,17.7076869333107,3.41633315457509,9.63858928459848,5.82900990759995,4.82935346858331,4.25276428337013,6.05035827639642,6.80326369871949,2.93830883688912,5.56493936658982,3.21165035527717,2.54415853089746,3.57057856676211,1.90612169996964,1.48501282991394,1.88633545936188,NA,NA,NA,NA,NA,NA
3.39194629144237,1.74268020505957,2.01971726748575,3.26443473232119,3.59193338848319,1.990645862451,5.36397212229443,4.84623058838556,4.76367612094998,6.27600509725273,2.70251937778871,6.11923295124337,6.64348468212727,3.54117379787904,4.83072872361318,8.67810127913816,6.559540235265,5.23096472712793,8.46509579107434,7.04850918448725,9.68961483563967,5.51677530300526,7.27691026893051,9.14736546621461,11.2795193497161,7.59543835575338,5.15456659090672,10.0674164859799,5.41386469656443,12.4841056956708,6.38048678609841,8.68714429960838,5.92485471930681,9.25436992123268,8.29753346712241,6.58275154851261,8.85603731854199,6.50480920202511,24.4188069093693,8.74547017610281,16.1365469833496,8.17058653808163,8.75300840178813,7.97830295781618,7.28387002782026,9.43083608010799,14.7293647547025,15.5869633861231,19.5054438010259,10.1428008892676,22.7840490153846,12.1752146834025,13.1096999763505,15.7328615052049,22.3042859854338,26.036522032863,15.1672484999047,27.3026677902311,17.9816677071201,20.9198176656081,17.2469336146632,26.6124563786968,27.0500607455627,10.8885268422037,24.323614671315,19.4481480304697,20.2119874553619,14.023874166079,22.7205235372965,20.9099109095376,24.6297797994505,28.4046759284512,24.8219402526904,20.9187490792097,27.6149501042984,29.6390621341804,25.8204814536549,27.505040405548,14.0095527279395,22.3749176990336,20.0313600266953,14.3948205610423,16.4453565872992,27.0604323808773,32.6667699375948,15.4880503077465,9.52898610300333,13.4948628455422,27.1237189006293,17.5308973431008,15.029790809843,20.7217531857495,19.9694411786543,18.8275153346946,18.706989301869,13.3932293309886,20.609237756385,19.9536868463459,14.4249255025589,29.6265055393643,19.3010841486694,21.3640379919636,17.6194952704222,14.6364092360883,14.2059954653954,17.6449021677336,16.7665098106929,21.1539515388396,22.2495538713013,8.42432574610345,21.1184582267951,17.6483399403993,25.6637298975693,12.5405266290788,12.326822983066,10.5302315186034,14.9660256315269,15.2912678809109,12.452583388023,9.17237351238605,10.0748984087896,14.5096487259414,15.5112127659389,13.5874208320843,19.1041806005344,8.63625414910005,13.3642283155504,7.40224472539238,11.8754804385248,13.4224041374137,5.53489982262847,14.0480998214277,8.93807122609778,11.7475490071081,14.6847106041663,8.79250852888377,4.73783546045936,6.94425471591377,6.2112621500131,5.60528516007267,5.43004968652592,7.81308053906433,2.93159619295864,6.80496082466822,5.95613956991725,7.22696021016323,7.30839364824778,7.75930061070554,4.37017850032556,3.76128831839254,2.3581230176178,1.46723624847993,2.02092079889423,1.64946336168973,2.16161399381521,1.92570989826754,NA,NA,NA,NA,NA,NA
11.439957580546,2.03334090274433,2.62572933395132,4.88417553875355,5.64848243987237,7.38184870279456,5.89348227524235,7.59436099553082,7.11167034652273,5.61037159737868,5.98100049997771,6.07935818103369,6.52107398252669,3.06334699899412,6.04001851901869,8.89952220970234,6.10709709885834,7.30507265914353,8.15243688392231,3.29594955488332,15.8508303246836,13.0146537486439,3.93259457760938,10.6048118986877,8.86541764814414,10.4467202361446,7.68348027434351,9.9547745876953,7.37210622334138,12.4637420056655,7.06976897813205,8.50007030352721,10.5974988522713,4.76005211463337,10.9449177999248,8.68050370544004,7.00498955480952,8.84728806744681,15.4306580106721,18.1364994204781,16.392123564538,13.4127326857729,18.2516640454704,13.4317678621898,11.7980593003091,14.3838639008833,10.1054634729755,11.5979737847936,11.2777340888607,14.67800117093,5.97796004464612,11.5988593619989,18.3132309330543,14.9311876997971,10.9977551159185,12.9124716463586,14.1955087719812,18.2177042082857,23.4069391975281,20.36249165466,18.8600203235021,19.4475106269747,21.4391804155267,29.1336175205935,15.6465643648149,12.2802315965899,14.6494256561633,14.1193255177322,16.5888100258434,16.7962145252309,15.60150900719,29.808031824288,28.1602992308835,16.9407091909186,21.2614188997675,24.8199389621113,13.7127673225349,31.9142450290515,24.0875335658852,11.4896712578029,24.4410189452116,14.9735144763038,23.4894806036358,35.3397018804078,19.5011847033197,26.4702064879242,17.0139334451563,20.2183613744534,19.4908918569338,20.4496038246336,16.2756818848993,19.8808818791799,18.0073502058514,25.9895999460998,19.1219721763551,10.9576839909863,20.8779665382258,12.267213182292,14.4146129776714,20.4680265366927,16.4322318138377,22.1985456399024,18.3289442149764,20.176202689267,13.6011708183716,27.5844410957845,19.6350296542293,15.7980479443257,18.9084725621345,14.5900216371592,3.79659235890934,11.0401033833558,16.9243811056801,26.2246638909744,16.8050374681576,16.8805686424921,7.47967435718906,18.2497988979881,9.11445128850138,17.7445443420184,15.9513133927468,6.38140860144816,15.7572054982614,13.1511369491901,10.4046477940467,11.5566055897035,6.07537252974974,14.9566146648166,14.2798482920108,14.2232015213089,10.8405448149372,13.4620628846266,14.6849168367591,10.6747490596048,7.68818242838641,10.1248388898971,4.94089441313087,6.59785509381512,8.30535680664289,6.57268336233087,6.47512630916655,7.97152603704021,7.14369420909276,8.39574762033553,6.8564728593632,4.67371449321028,8.52053569621601,7.83747374294096,4.25933351590362,3.26379308791791,2.14223498855947,3.67923517305974,3.13728537631484,1.77710518001717,1.80781017828436,1.25236210683979,NA,NA,NA,NA,NA,NA
1.30142752987973,4.92308859674429,2.82568992089139,3.27153227691197,1.98563908399576,3.65471432005363,6.7014264286272,6.97625132246791,3.99431400765287,4.27935223329183,2.6989570513159,3.87595219467828,4.44772638524931,3.05906558402721,3.00704224337678,4.80915218963191,8.03331296150088,3.78114603861122,6.88957846069277,10.3988676420648,11.4560898200181,4.12910172012042,5.34336481246671,9.65093126954315,5.43865183877244,9.5669003380195,5.83549940322781,7.59986459634073,4.98237646874357,7.35397581419101,6.72579532718785,16.5908513667371,11.7606540143847,6.70669555228148,6.76534883707686,9.438268701491,12.237255541913,4.40142256912021,25.1404444837205,11.2680714707511,12.5491682687107,15.1024470753551,8.06722569748809,17.5549985973256,6.94739075655826,9.69705528325922,10.3129953175793,17.5756549969139,6.24479187154151,15.4948711963179,22.8173976483607,14.5377311315365,30.4323673506162,11.1151876371248,8.61213552412018,17.4706587537639,15.2149118897896,12.7882144952915,15.985827549925,21.0720162433991,21.4227373941366,9.33484198602767,21.7165130075672,21.3972326984362,20.0770836872105,21.112806907138,14.3739339622019,20.1919535093953,13.7421456623712,17.0480470109591,20.5875995258159,16.6615225472029,13.8518932400368,21.2128926525018,20.7875587712499,16.2557148923374,23.9331373931629,27.157459589307,10.740454527825,17.3498584163277,19.4208349977996,27.6330233638767,33.8308285774124,21.4677391256208,28.4231891187225,16.0752596163777,18.9779718505912,24.7021933423753,15.9110713252573,28.5067642214242,27.1002105782539,15.9960370050458,17.2885691845586,17.6329179324279,23.0122101348908,18.4209059151608,16.1655824466544,18.2485969277058,15.4705039778854,11.1565578661809,17.615701792107,11.1994236854268,17.762712377287,16.8590817957712,14.2542700180069,10.5698663692403,17.6304230956858,16.9080785860141,10.4810421600381,11.6564856302529,22.0815492803519,21.4083263278241,13.6793796467687,13.9624523247889,18.250419775896,25.9671519270474,15.627952654278,6.20174607342438,13.1191027954353,8.4657914127604,13.2842304805722,8.93398580828065,12.5614926909549,7.36973890721765,13.2545659868003,14.2088300574792,10.8284231487017,9.30292642984086,6.88280480486428,9.01202412186898,11.2005350061089,13.1366971303976,14.2504383380611,11.1396694960458,9.0703122379136,6.26066041513501,2.1241113074163,5.29736500344168,7.0809649074338,3.16678043204756,5.48583584075535,7.69378668202169,2.31009591741327,2.04889413299281,2.72789613486747,4.35173613268142,2.27561743256933,10.2621315632058,1.9851275464016,1.45163017333144,1.48634396683009,2.14033541894522,2.04552209504712,1.27322966243088,2.25464773874305,2.08607835922122,NA,NA,NA,NA,NA,NA
2.62707050612743,3.21657986394624,3.30150839813712,2.88667187894698,3.2883106817884,6.50379822819301,4.50605913731517,2.67632787907593,4.01625554093086,4.70750747425189,4.22447038158927,5.63208577350143,4.14381438749133,4.94291236817629,5.31291914220071,4.72646956190159,5.29099415412546,5.70274744480069,6.15282466478444,6.5532546125365,8.39305641284995,6.46827246772306,5.22734048548842,9.29714288106447,11.2905017627376,5.83034287568062,10.9063578330094,11.6666500014792,5.68907581874441,10.5340902920702,10.8431703239132,8.18067526714838,16.2183223043556,3.5243922822403,8.45075492395106,10.0368513407151,13.8703234730573,11.8578420950496,8.36078519793749,12.195503861205,6.60727742276784,13.3315761306025,8.15948966631448,12.3151170305994,13.1482583278141,7.12255313024062,8.46514727033246,13.7248841622569,18.7802228255598,12.5604178691906,15.0657627494391,16.9552547937312,20.5942316760056,25.6608495297173,11.5061667378373,13.725292712114,13.9794137558537,30.3694669429283,21.5483529085663,12.9276744375587,12.6671375053474,13.88697780529,20.8829322991078,18.5103464411725,18.3388014834093,26.7953914773832,17.0149178089595,26.8128225067254,13.0885336496544,19.779662528309,19.5896379932643,13.8837322156967,14.1026338693192,18.2295303293291,22.5534893891392,21.6274768375801,19.9289286932784,15.9843822239269,23.390129961047,13.9166401646114,11.4782789132981,22.3494196103995,15.3818884694842,25.1897972528063,19.6045660897795,23.8007027535656,19.8913276326175,19.0754809129139,15.2113167814826,23.9610973711868,8.95735485732645,26.6528896488969,21.9821953723946,23.3277994839611,20.1224517243091,23.7941356961689,18.1147745338131,15.3064861263301,16.8303502251083,16.6865967328457,16.3125898401769,16.0664029665018,25.5436681442781,12.2814415149317,8.53269298603446,14.4407388779058,18.0481247741217,13.8618419937457,11.4607144089398,10.6038890067598,11.6090721744531,16.5637512761912,9.30030670581636,15.3893081788305,19.7295620306151,12.2138344305639,12.6853532290011,6.87161935337928,14.2775064029181,9.60499667226658,13.6144618677933,11.3396349300532,14.433263158073,12.1689135452226,7.96315018357613,14.1659703082665,13.258537958966,13.2192598788349,11.5890982494193,12.5263391997232,14.8464145809016,9.64171238360639,10.6120130155613,5.78768725809326,10.5513422800297,13.8714955058076,10.2216706971808,6.12418914631647,4.09441822778452,7.16925357532978,8.5228649821549,10.1292968671463,6.09633958234427,3.87590692663085,3.01789915045751,4.04213721734727,7.41459612308648,3.14820787923449,1.51844539709487,1.67947164340403,1.32096678265752,2.4293418808016,2.70221584317025,2.86527011584474,2.5280944254732,1.99372552053578,NA,NA,NA,NA,NA,NA
1.22021678620471,3.09228909741307,3.49409701582433,2.00991878567291,7.56304546223758,3.53694497026432,8.20710588780398,1.94667546082934,4.54080730723628,7.92392973100366,6.106305716079,6.12321304891731,7.88219196312471,6.64079899952222,3.38760609726267,6.58441839398216,6.50635669218962,2.98542927625743,6.37534782338947,5.33532450702751,6.71052654666498,7.35973889152824,8.33470457866384,5.39987488232946,5.68017725312425,6.49601562684318,6.21902205715873,9.19796526233966,9.47119399795099,7.70707810185043,13.1604942195458,7.08341845823701,10.1790607387035,17.630992568257,9.0263957230875,11.5398267100944,9.09733076434091,11.4834019134432,4.72651150359194,7.20109276494309,19.6967302682594,10.5577887143225,10.211501451663,11.5332175179954,11.8822810593767,15.1045945448033,9.67093096190709,13.6724650810474,12.7967421044118,19.9002313441769,13.5622999790128,17.2556456533033,13.4205165978668,13.1690459794281,14.8670272651045,12.2026206147861,24.9680534176892,9.77912876694566,10.2188766636734,10.4119839808105,9.20158437992964,20.2269621785109,24.8109024387024,15.2963508769132,19.5848262519589,10.9190039065181,15.176497070525,17.5774330907723,17.4883346166258,19.4616274993933,18.4805920416961,20.387253297537,7.77662903580202,24.0543345647879,20.7934315598052,29.8943034659213,19.5782118305681,18.1517765581514,19.7659620067498,24.5988048763348,23.2995945136138,11.7804559270492,16.2875886842958,21.4954085835032,19.0494201751897,25.0494732796288,22.3906615376661,18.1271603710249,24.0905499189974,18.737080814427,20.3073145090964,25.0620760265418,18.8429506945062,26.1403742256628,17.8976298809544,14.3527296706672,11.6891427531211,21.8192434735266,15.9501300587999,25.0422387379036,16.7030056640528,26.9721772335182,6.80512406206041,14.8017115515377,12.6656721111861,11.7743181737713,16.0042665129582,8.85975189309143,7.72545481118979,16.2800316004721,14.718835806397,6.44687593828198,11.2263180962235,13.7244034743305,13.5358114377065,13.5176768921266,17.3317906226797,11.3735741381886,12.8259991133601,12.4362772721062,15.5231876335741,15.7247973669681,13.4135438651197,15.1059918422806,14.4225138966304,10.0701088674742,10.7872766236197,8.22344934856123,15.7157357862014,5.97661218010411,6.05501420203147,12.2010820895233,6.05494213800579,9.37320450610694,13.43806318026,5.88101300775244,7.50847396450883,4.91526992960622,6.01012751844226,10.2584522058269,5.90173412499999,6.01589838739033,7.76066616918001,2.41640648911434,2.51790317516778,2.54315821336313,4.89813314942158,4.51169837226355,2.33821603996613,1.78468193809599,1.8936054094273,2.49241967614383,2.03982762092932,1.46332607989,2.17326058841812,1.61083752720316,NA,NA,NA,NA,NA,NA
1.86666725428702,3.42517597818257,2.59402337657412,5.19707524321033,3.96892990555064,3.21570902532984,3.95653960825769,4.01469537080061,5.13602146000253,9.20992108492868,6.53235573765089,8.45936201948275,5.88393605259279,5.95794404785563,9.41695691192981,6.75604258318953,4.66135505050256,6.7705594437399,4.44079240585806,5.08515740248164,7.66009482419305,4.35550316732398,3.84815771340425,7.92882005322522,11.0758101910684,6.69294960504161,6.6284501288224,8.77363861829201,8.76504475363673,12.5459569147259,10.2390155165658,17.2217964684986,13.3389080029491,14.1603603936718,6.30531124823449,24.988331468656,9.51861713713911,6.82095977706195,25.5394758955771,16.1888303857406,8.10595561380676,12.4434924740125,13.0133096219383,8.36930215135522,12.1690942636243,13.6301791181471,19.335013242592,11.2624683466899,16.6460938341221,16.9547261816848,11.260489807497,18.8930516874807,16.031534718012,11.8615072503384,24.2137419336776,20.4793159962998,25.980755656896,27.2799453558872,17.4928603098317,17.4324212205747,11.8392093095242,19.7853697223703,10.7176103296787,11.9660856577658,18.5188258385545,11.8909217623375,12.3166633362931,11.1851549080041,20.7120959498412,17.1706546219759,20.9935131092667,23.576563428069,12.2270577356539,18.9334678932868,24.2118082950814,23.3500018051246,14.8106789098324,13.4358054399879,20.5282126457151,9.56263535878929,18.8858727761528,20.4793404772223,17.7155788386278,12.9226283849024,12.3070185635194,19.0283736582297,26.972624306541,19.2797564610101,29.0677296066026,21.2884740070187,17.967403857955,16.5560576367086,11.3969616786475,13.5850872162707,11.4632151560911,17.8167986795568,20.3505883209309,10.4514960786978,29.9560555778899,11.3236584693015,23.8731400438215,23.292794107084,13.2813153788174,20.1617002737404,13.9015176063735,9.99225980242058,17.4211439353122,12.8648129617324,19.1924010196712,7.93551389759727,14.249688037963,18.353604879501,10.3930752355525,16.2096280741946,15.2601131303175,9.16006737045208,19.3256303900982,16.1773762489778,13.2683670915475,10.2189292824746,7.28776458016,15.3789249936743,11.9006830062757,10.066724497928,16.8947288752196,12.9646062547862,9.37775254822573,15.986312960316,10.0887858726665,8.20505995557332,9.65308566485007,2.68444281074041,13.7052306897436,14.4560408921065,13.4381257980132,4.06596991199505,5.06432628843048,9.24289438995184,5.07727641618983,3.69675737758969,23.2325005264973,5.13628409137518,5.36369160431933,6.70826891450435,3.68846837016296,3.20142537782851,7.98462221902535,4.42290506778374,2.68033036972634,2.9179724926299,2.15998812220596,1.68609862548505,1.42699688617672,2.1700936991013,1.33255809798447,1.54370903489138,NA,NA,NA,NA,NA,NA
2.66818657718586,4.09820524261707,4.00906008515672,6.72846388445233,3.4567388462219,12.3913814458714,6.57982837387415,14.6931692330613,7.69000927514027,4.79229462900142,5.70477087937915,8.97399255394842,11.8364630862577,10.7527373123963,6.98115332706145,10.883780061952,7.18162495611617,3.96508315998898,5.92502204301732,8.7373068059605,9.87994817721929,10.2110685997769,4.98600596082856,9.42294264907147,11.6487720390539,6.92023803959569,17.0865904830059,11.8145929429085,5.88856258811537,13.0877332263835,18.699548299576,13.8223977386601,11.5707376606532,8.85136488521171,7.7793721275339,14.209267588048,16.5180828256656,16.2367459790697,13.5142527171401,7.24683102383165,17.7393300217493,10.8899900053855,7.88119634934092,8.60229686893629,5.87762889267838,6.17638995531606,10.125084432264,16.2252622698669,13.7773277207552,12.2032795546373,24.5364882821558,18.174559024897,17.4800645509362,21.7783061091125,26.5734411842893,7.6082870960616,14.327251318326,25.0945095679592,15.7289634802229,13.6937135623547,18.2705593796506,16.2990654459134,24.4540333321846,24.796956330155,17.5300139585243,22.0317964173687,14.1037036737958,20.2114112786194,22.2377838495171,13.1638457628142,16.5656587224215,16.1161784425276,30.7108096834312,24.6039741126271,20.8804525663861,22.4757959829098,19.616989199964,19.2559415910879,19.3665398426464,21.4948626403412,20.8460279130917,17.2569921861799,24.5455691140751,26.5930542037624,31.2177832142061,19.0503320468383,25.3245741702629,20.3544732788167,22.0739908003305,22.1476303821318,18.1760011110246,22.0406469698945,32.9142750807346,24.5255078949903,28.6982814742007,12.3992219861509,12.8340091979254,23.5791613095779,19.9232454367933,11.5444099127604,18.1166215029685,17.5834679836875,22.4454137170055,20.6321561770759,17.6892634647328,23.7936892918778,15.4831771482128,13.7098391316035,18.1007537349932,24.4097029458427,18.5730253555443,20.9264424147951,21.3543218220727,10.129570662896,14.8099111445475,13.8792636394438,18.1802582565666,10.5683904119409,11.0266969509223,11.1519440090302,12.6059729416865,9.67030982081703,11.4488124361378,9.90412509353654,9.57441000058015,15.0067522829459,23.2794080193146,20.3538732795493,9.95281607559665,7.88640902658991,7.09787809867735,6.99721040359328,7.98317702418568,10.5937967743576,9.34272988714506,5.43461075680076,11.1941855612796,12.6972541885261,10.7993833060127,8.25632642664544,8.18549269914766,8.06215704119138,5.69490354786916,8.43309907359498,3.55330172597128,4.2990149461506,4.98828480240286,4.0734965460608,3.86551030177315,2.09066043443461,1.95880422246791,1.82445014763492,2.11461022070249,2.15711968871728,1.41226960240826,1.42324879027786,NA,NA,NA,NA,NA,NA
5.3009189288282,2.49265111556175,2.97026129250535,5.5829869813167,5.29434963284461,6.40186593713947,2.5787542645467,8.50506329608987,10.3408920678888,3.08331635401035,2.49724099629477,7.53840714715354,4.22601252508418,5.1551676657089,2.7668898432477,6.37930984171833,4.49049039451792,6.32001364163605,6.34337869238725,7.67889986008339,3.08638755289431,8.25896192288755,5.5508992399366,7.35294969558106,10.2585455555326,6.77046589479042,6.66282794649883,9.65386885087544,8.85363226055933,12.9181452865704,12.6072054505269,11.337677725928,12.7584608218815,7.72175105429469,11.6899723532512,13.4968988492261,11.3327650040163,11.9759518703871,13.1822899063166,17.148842744528,10.8141881808679,11.7334002395314,9.05428531191959,6.17249496973027,17.3448882722392,14.427567201439,15.6238547689068,20.8828021594145,20.4093329753267,9.82067238212232,10.1743778987599,15.2269496225998,13.7212821422883,15.595411456799,14.4938919524571,7.02369180525578,28.5940732373996,18.5267964056855,11.8738783239604,22.0147009182216,19.8525929573621,19.2240931627519,11.9734657647116,20.1370293569211,17.8581518083173,19.7900772503774,14.0183764474341,18.0489491307294,24.5654668030607,23.9743073367245,22.3094468095797,12.5877315881282,22.2946048375703,20.5944223733757,29.5877902219681,19.984223800825,20.2501035063291,26.1264341905575,24.7602155278912,18.8797448155413,27.0638897199383,16.8209941369601,23.3761166900846,16.9401136550498,20.9041628762288,23.9144260025271,29.6742567329382,17.2156527898177,16.5144905293711,18.6073586164018,22.416035020272,31.003119523446,15.2924503192236,23.2025346383316,32.8039751501096,14.7882904455401,20.6259630494227,20.5786443900116,21.7562863329655,16.1412512617233,15.6545411806766,17.7818008197792,16.4527283987677,18.5482122422673,10.288093235534,19.9528949689601,16.7561551045982,9.47053153782428,16.9317605362547,12.9674696511904,22.4248103807594,13.6782954341102,24.017753725876,15.1983112204342,14.2330335968911,11.9280962615519,10.7264706524692,13.2229901640481,15.5235838275397,14.5800169547358,10.7656239226591,13.6123198990214,12.336785393047,10.4355391275491,11.5349474737332,3.70172896051529,11.8006508229074,10.9948343059088,8.0961396778433,10.9089052174298,9.92834718252267,5.35989000343128,11.0024221231242,11.9321480050936,14.7549700693892,9.29454200838971,9.72138036042687,10.1717880582674,7.49682853713021,5.75317322345799,12.6310536398809,2.63273225054021,5.8101108734388,8.6048059973326,2.84180884497002,4.82975430195145,6.42340323929515,5.75433353061,4.65443707777515,2.06303315363598,4.07636124276289,2.14341364842452,3.00203228099786,4.61847213191639,1.5661655871383,1.49384751777704,NA,NA,NA,NA,NA,NA
1.31641991710191,1.59494140367763,4.39908930255676,1.73945783664868,5.40358770752958,6.14547423990548,5.58964487869503,7.17563021795668,6.2711366916114,5.33572060328864,3.97823419702935,5.94865672730523,7.68438039282057,7.5355792798723,4.3641247195401,7.25797253063783,4.9543592099372,3.84192494935519,4.83221980137008,4.26373772131665,6.75134663136322,4.13084515330965,7.2243560305662,3.15028677179423,7.07517636261835,2.19180592978404,6.88055593488427,4.02235123948803,12.1260862681526,10.9202583058415,14.7812433134289,5.21619501342986,7.64870902836285,7.24691567281763,13.8782895055536,12.0372096187909,7.97053030693432,20.0356381184323,16.6476267017776,14.7134087258563,12.0405949169361,13.6128350627495,12.5242614711816,13.7179721479771,6.68325076129581,7.29716760469342,12.3924826450801,12.1370506699952,12.6667728476699,10.5460535363342,15.3269872831629,9.52273446605687,14.0358243292231,21.6547569577169,22.4608464896582,11.760264404543,19.6463339878522,13.4768404395511,24.1878540895489,19.7763907990335,13.9184781948223,11.9890779210262,16.9290034638941,22.7536865738951,19.5947565453142,29.6621822181518,13.060853835483,14.0686273237532,20.9343721539068,18.5655440686293,14.5278825216308,32.3611692906635,27.8765865816066,19.7372211618176,18.7051559520693,21.6977016445152,24.5774321675407,17.7969409701164,22.4597671680311,19.8607593541855,7.43139654864838,24.6764017476767,18.0524172668636,21.4740750906975,24.1811337054825,23.6818876665074,18.7294865562045,21.7077611446973,20.5868101369034,23.2576599897407,16.979762407924,14.414448872564,23.4568457848914,12.4711236004868,18.4001039361609,19.9934639318613,13.9560687979596,20.1383206411171,20.3961323890053,9.3780053017497,18.7435900102126,17.0506116280621,13.9519040484467,8.87547967918335,21.9637706124775,7.74348315052781,25.1578046817171,18.1728885685761,16.4108770150885,10.529663428079,17.5598252230584,17.6401180531953,13.097559043947,16.9809248237248,8.41222455676869,14.5364864472799,11.7381064929566,12.8450251265767,5.0821135564419,10.4090352639412,11.1019391603374,12.6301983085539,11.1072905703938,13.0304273646562,11.114215005837,13.4958216310844,4.60701510223976,15.8533424522455,9.80656866821102,5.86304191583616,12.6232901501531,13.6743144659425,11.3217631048665,6.48942820487812,14.1503014572669,12.4981615422632,11.1519389646027,12.2796793976435,12.8649385397444,12.2618865920098,8.11515636050224,8.73663725828986,5.22879145559483,7.54896790259686,6.59147165147491,6.17819308069466,3.13023025468937,3.3775708533962,6.98271554601691,1.62190477411029,2.32381099503769,1.90624955826912,2.98499152697135,2.53293182244174,1.16419588415264,1.16277737593139,NA,NA,NA,NA,NA,NA
1.12876400331243,4.41642311952331,3.14659804652793,2.5956127991372,6.67324555271912,4.42836259218934,3.6090563179557,2.83168303094956,8.64821615751414,3.23675234177626,3.65297818128593,5.14787685521708,6.07451171988092,10.2007991243835,7.25401163352343,4.93907624001594,11.2862416500329,8.15348726332222,8.05267615420389,7.626377799367,9.49763500161611,7.37359011549777,5.30571852050054,6.39675377553594,8.32337913187425,5.33006665615019,7.6068393066837,8.10707665818698,10.9722571615672,9.47367906195768,3.65099667658736,8.47917320476403,14.6719433994123,19.9144630696994,11.229992530148,10.1477506017536,8.19646152825674,13.5089322494835,13.8882550178049,13.7519557952502,11.6338347068164,10.6162232673399,15.7394195810183,14.3570897323241,7.40539810310612,11.2003381854972,10.5467809102142,6.70332815669173,10.4007240882247,11.2238632506778,7.31715140074087,10.5240607750194,19.5898561772966,7.61800390006296,13.3747953202319,9.27514752206089,19.326899915396,13.0862140281409,19.6713482838018,18.8074528631462,13.7177847492046,17.1902394155003,17.719190050831,19.3804707738888,22.3287793766728,14.8539751847003,18.2408105460004,20.1677732125292,22.5344988110938,25.2208026511679,20.3166048555858,17.8067105250843,18.7763445248115,20.0201059444453,19.1317037075095,19.2132956804448,14.0733363840149,18.5151375418717,15.7190446959318,15.9395249947154,13.4806934919271,16.8761401591795,20.0285082570271,25.5493178278475,14.8763789555587,19.5077442213981,21.3442318369631,20.9027272682795,26.3134579728102,16.6680628607179,21.2426028793766,23.798642568325,16.3856794995802,13.8844648415569,8.84759214651374,20.9295838052359,24.0341831832761,9.26169031169119,9.12107207646266,16.3260875623148,17.1506645466631,14.2129246444122,16.9657884205295,15.3212401852897,19.4046797324541,8.77432131592034,18.861649040508,15.7833367212274,12.3489250422499,9.04956791504719,14.3213771824721,16.8788530636008,18.7617297868514,13.1748671878008,12.6779605275224,11.9414526525467,8.86346328719976,9.45689129748095,6.77452120550148,12.1807688435799,14.6332769720347,17.315281423535,8.92735677738027,9.64574637529187,11.2546029893675,5.14986369478409,5.47730574202629,16.0361808866416,9.43774484210825,4.2164833102762,8.72270823088658,10.0523073760087,8.02811074076094,4.60098718887238,8.9932772599437,7.71794968634021,4.06284273854654,4.49645785984216,7.9779285369318,2.1032697781733,5.86440483994499,3.16856110197587,5.05538251948603,5.91107189421961,2.80727273215252,3.61604767449927,3.04579480478693,5.34521266065623,2.61408153064707,2.08416857623942,2.20563137051676,2.00462996221791,1.44108327632818,1.37842167602754,1.73257587170017,1.71920251883824,NA,NA,NA,NA,NA,NA
4.98586614559907,1.64887482610459,1.91632744306929,3.05602001303947,4.21489703574418,2.83587919521935,5.04907553323064,4.52413705833196,4.19857101746258,3.04473873269564,2.83319168766527,5.72611496378624,5.86005292097892,7.55816774499133,4.62250199037061,3.21256904025962,3.36974518909893,2.59148675611137,6.27381547602937,5.00542094932183,5.95913944697486,8.44855841857456,5.02218599501189,6.36191452933043,7.50933297741986,9.84694973740018,8.37233669917997,7.26321165843138,4.21726728220496,8.51082807621477,6.2839429765834,5.6922506608568,5.06121911579134,3.89091496289977,11.4071397547577,14.8742713067546,5.62295997297437,10.2631449364839,13.3171711851847,5.08711862269901,9.09614089858369,19.9019612173402,15.7678165495888,7.57188927931621,17.3898145424406,19.4339496593601,15.7297064360032,24.0408209390281,15.8356229318664,20.7854406639041,10.4692634924196,23.300751470759,14.2514488418574,14.550611715769,20.5366496828021,17.8233196378567,16.2336618081257,21.8769724907636,11.6025464561464,14.5963762597455,13.9086077671846,17.1658752582996,14.3795476557977,16.6164404467023,13.9593577577617,12.1816402824766,14.4967305344778,20.1005693713325,16.2230985200275,16.5438552163185,17.3761740481393,21.9742229795066,21.8190535363619,19.0285134574303,18.4363645455636,26.8164449524983,25.3233090121003,31.0301316997682,29.3554520205002,21.557255449635,19.8994185104609,20.3229096825115,20.8969159538221,17.009312633086,23.5616324315585,22.342290584457,20.8428097566388,19.7986960287679,23.9490495297834,30.9623380770916,13.2308487516787,19.9653460297632,17.3215353956263,11.4868991369117,26.0681756632128,29.9038978361089,16.5096810901965,16.6665235807534,25.3109499431783,16.7525421362435,16.2807544712338,12.7964267983636,21.2728995661927,10.4765779211523,17.834605340891,9.82685656333137,16.7982207271266,17.2839673470528,17.5367624647034,13.7144379001658,17.945929294193,8.28655534549814,7.91029946784966,16.8528400665748,11.7308296727694,17.1157802725327,14.528403925288,18.5298848856344,12.8212685215308,17.1098880019796,10.9565989592632,20.4594873217822,13.0154226591174,6.86530129640174,14.2373352058418,12.5146316757931,16.2557676397055,15.811870519839,11.2707149748684,13.7017297921029,7.93038403941785,15.2013253502316,12.1700532529399,13.0334667867048,11.2471664419267,6.22344848925237,7.71032319216142,15.3414173856208,10.4986124179128,3.18507718494208,10.449995620858,7.07590514357109,5.80334707232497,4.35978294930579,11.2415276609623,4.92320799556301,9.57853091221467,5.45456192618294,3.23318473248627,3.62459981172131,1.89432236828366,2.72801840525984,3.40825409438124,3.52872293828172,2.46842380834605,2.70438668736966,NA,NA,NA,NA,NA,NA
1.15019828264839,2.30792931976435,2.9597234026959,1.6686027210571,4.04311213096441,3.9425860560724,4.65427576345375,3.67520409601062,7.62083237146235,3.96888469413691,7.84549237733676,3.73949289054725,3.93205391868561,5.19738913920528,7.91202566593173,6.80495719860493,5.32040315248939,3.68927792856815,9.51612169746877,6.03317918227732,15.0653754291582,6.17372047520074,6.51167889326191,9.55927887142481,12.2277184675837,17.901284989357,4.08035370337919,10.4641369172395,7.68284272057986,13.4241459487794,13.0042466993548,4.16662189850139,12.956681876031,13.6601515883839,10.1218813472906,13.5752470742457,13.6158891970493,13.7212440915758,17.2703360808249,11.4918098364421,6.73214984431471,14.0055870001238,14.96784674757,12.4417422292913,13.2961600319984,11.0247526437549,7.73359531995434,15.9990394677354,19.8760988582868,24.5509339136795,19.9455485415981,16.5535285090754,24.3015816257172,10.3752920055035,11.6538264326804,14.4620384727513,26.410762706972,26.6444340724452,21.7692072121349,26.7926163742451,16.1847117530459,15.5131091824932,18.453021270766,31.6849467946511,25.1044587041118,21.4836288442583,21.1539166414357,21.0855581638514,21.5946315938624,25.5583179987187,25.2285036684521,22.6127865080168,24.2768370525344,16.3033967520899,21.1044887250412,21.7478565648968,20.8385399656039,20.262474275534,22.5801087553594,25.2522402671139,20.4644356248035,27.2423456208534,26.7482563223625,22.6765691247302,23.075565359517,24.7803146420423,17.6235427825244,23.8144667297196,24.1856811707501,20.2848602675186,18.9176779299932,17.2933981303198,35.2202604303839,31.9808156600527,24.6932659558552,21.8074925552683,21.8595629858781,13.7620172164715,23.7972736861693,19.4427952975062,18.8437738377501,17.5291563452822,19.9361275969773,9.50976220628446,16.5871632426182,19.8577463890152,23.8601136230587,19.201915610091,29.3612570072587,26.8249376338741,23.1494358249535,9.01345654956689,9.31185106276608,23.8027748831666,18.0930234897167,11.4616143900646,17.8313082635185,12.248190823721,10.5041533251073,18.3910508466993,8.13023848985508,10.5515637732028,15.1146952843343,14.4607773638181,19.5420540840468,11.2774145288468,13.6799347459929,8.40185196312801,15.0260997517853,15.3850381702607,13.269665910744,21.4683233744141,12.9557693809686,11.5915263791006,8.69770529269259,13.2351178336072,7.7555544105585,8.3165098848183,4.82044359769093,5.76535195292679,7.37922427139823,4.75387228611216,5.37871927131664,7.96035961748769,1.84139165269251,4.71675321747908,6.36596239652282,5.46655134462405,2.27230484928479,3.22372717327558,2.92070190842652,2.79156649855425,6.80417712496418,2.95148614079339,2.72232784551321,3.12277199748629,NA,NA,NA,NA,NA,NA
1.5586386100662,2.49449176425888,4.542651231567,4.44314849989786,2.74683410982036,4.61657087180721,6.24213509413484,8.05743082227219,5.67910905457279,2.93399665113244,3.76742638762937,3.9331587210977,3.12194470053013,4.29374484237639,5.64329526692262,5.65167207445243,6.54762111744081,5.36014469474128,9.20268705483851,8.77043472206648,3.29769319566727,7.9676269016734,4.98731605470571,7.89387100166389,6.45657125314424,6.65518052023635,9.20931321551765,6.05545206495778,4.73638072870886,10.6418455151654,6.27440662488541,9.20449813699445,6.3949386746368,5.49892022490111,4.84540934062607,10.9873403227513,7.59436504299671,6.86075192927207,7.80927865684791,8.06202982385369,7.25196221342054,10.8954362400302,11.7686286250664,7.62077057692581,14.868585689235,15.1749800636636,17.3999098500353,19.5488017087527,22.8732304168836,15.1220286033022,31.4573721056018,21.3544556844148,18.928631229049,10.8531720633385,22.2533130586742,16.4806455263505,21.4797751654397,21.6703664010956,15.8146817075264,11.5780718686914,13.8747463989548,18.4140640673802,21.9149706433474,22.2695011551003,10.8605629772038,27.9866430838448,19.1271902272385,19.9078964383115,16.4897489499524,24.1099468785482,27.264964742723,20.722654377218,20.2468033975602,26.2983366939366,22.1481848193079,21.0386307402578,26.864550007202,29.432346152013,16.1246523930687,23.3106769250693,25.6234456582295,17.5684486632832,28.1504957619193,21.7851147636865,15.9772559114271,12.8489550590031,26.8229911885442,23.8617511268964,18.9734846216577,27.4332547077967,25.1278137086327,18.1246854690194,14.7247640561475,23.7468184481428,9.83347996988852,15.8257028249408,18.4034039096524,20.0659593131342,18.2292763892919,15.8838443878215,27.2396285879002,19.7335341682433,17.749870415586,12.1640069447718,12.4380274324755,22.0019246145297,15.8982288561201,7.26328807941033,32.4137285584732,12.4164698649212,11.5692129144987,24.9434297953649,10.8646417673173,17.2325736322141,9.95611580776898,16.8919733894934,13.7892363835275,14.055191640066,8.07254824358392,20.2620008619875,10.2242270152766,15.5395594822896,12.1284127406945,13.7520054729808,15.6864821841975,11.4494746182202,7.10355683608175,19.5880203666679,4.78040217369741,8.50628878873636,9.02748912574891,9.29117523796243,10.4788653262571,14.2308876327562,8.8994929558245,8.25011992231591,6.06409738419027,4.12140849470274,5.16921018318832,5.39411424173818,20.4389791392578,3.0851825918876,8.65295722611137,5.92319198144418,2.58593974286811,2.06943695062665,4.70647479259925,4.57717860758442,1.4354810239122,2.37489289231758,2.20698077284655,2.49544928452315,1.83229997514849,1.82444585937897,1.36466633257352,1.1991194131494,NA,NA,NA,NA,NA,NA
2.18808264376804,2.57321599503781,2.20105603729787,4.18157635226649,3.54438318360793,3.77133433669579,6.85315320169194,3.78656515071719,5.51661602080644,5.30462776682121,4.08341922320685,4.9179975719981,7.1014313680499,6.79958307704344,1.66444561966049,4.13879513007213,10.1191190622166,5.43277073142716,6.23746197258461,11.5136542323461,8.04864044580992,7.96222182973588,6.62714701969278,7.99904052896467,8.54170792990239,8.80003526850879,4.95265612875567,9.50516592589285,4.89583371038867,12.7838420174076,13.6816502032868,16.2183491153494,9.74409873632784,7.36903702972359,11.5020083832183,6.10913365536469,7.12952625013223,12.9189785115275,19.1011325681137,8.74996299198532,11.1538955264426,13.8193673196162,14.3787088024635,16.0958802533842,9.80340779850712,10.1434970583672,16.6596425974832,10.7808485824905,14.1642719727474,10.7006829047873,6.2197671271836,21.4973713291277,29.7779098974393,13.6996694788168,17.2410725672755,8.49091271260209,8.65748133870749,26.3690848269884,8.8095990364033,20.9501321808398,12.4195355884596,19.553631040916,28.5228647926973,16.1425350337709,11.6924689890501,27.7301517345144,24.8624509148292,18.696248512288,19.2141400105642,24.4213855562004,24.1148244875754,16.7886000969049,18.0023272161026,24.0675325586874,9.15604153192569,27.6199187239982,16.79719963558,15.7461454863414,32.1610354431225,19.1437897579889,20.5944142557482,22.481482803866,27.0523003378044,15.0522074836187,25.2975935707892,15.6028244300436,19.2039355192725,14.4821658957446,10.2696645006709,16.9289542743335,20.0164810525852,17.618173262654,35.4283422783565,15.0909279792614,13.7822138744012,20.4268310696972,14.446543934171,22.6609293579136,6.02018661563498,12.0756027373853,18.8552989239019,21.9989033053351,24.7407282009285,16.484435937412,13.0707302472103,17.8488929538622,17.8931815286272,9.73280806848984,21.2377897943546,17.1636821158697,21.0396876848761,10.7424596447392,18.7165020865963,15.0758787174123,19.4285365721488,17.780712438191,16.1910065651827,12.6627756548046,11.4503366084065,7.15871962493747,12.3360082956728,24.0760140947294,14.9181482954351,14.9103545712525,13.7185204866198,17.8927528131185,12.9151292083322,14.5109665868649,10.9605137725744,7.3726398047443,12.8039989842851,17.6957031749502,7.19605100721234,8.36628574779839,4.12054654260868,13.5334781785708,11.7315264770976,11.8921574409393,10.7344725449319,6.75340375129747,8.29877645610997,7.59351573249533,5.83270834074179,6.37219877980944,8.43127863800224,8.12852694490772,6.84864295761401,5.08042908303397,2.90806363730427,5.51473265043822,2.79905916027451,2.6211050601888,3.70210530190844,1.46902793605108,1.90388351252938,1.35769696975304,NA,NA,NA,NA,NA,NA
1.03034984373696,7.80324275079997,5.98459590623596,1.31385813148207,4.9787591866277,4.43459369027737,7.38222537873227,4.92330129683122,7.11710207890509,6.86369451905657,5.06097807285921,7.17236137085499,3.0360537138612,4.57455967155866,2.89502365771115,2.35760232040146,6.22568694179544,2.14053456957581,2.29896278029293,8.86950555462,6.42401960904889,7.08351288121771,5.25028278581569,5.54088073149476,4.35736286917595,5.3634701995921,9.19767334528828,6.85724281041504,8.09950952113419,8.99089343661921,7.23738387707818,12.1440709029009,13.0951050102687,11.4435152701519,13.6563962001519,10.5606620013442,8.16886020902282,13.0981947389511,11.5757877386824,9.75328490055297,14.1952935969213,12.5457388514235,13.380828274602,15.2567793006102,15.7211523328382,14.671238506635,20.5145025533906,10.6668543615523,9.22189863855658,12.3524148178851,8.07790165988114,11.9724490275419,14.2355937246203,11.5522245748835,11.7820858075636,15.4830677859973,19.0356202055565,26.765278003184,8.71393393751852,21.3089838732486,13.3052499281346,16.6804462478545,17.0866692294791,15.5432631155353,10.2264987267243,24.1587212266817,9.24465564611295,24.9821655333211,17.3604655189643,22.9340419303047,20.5160975258239,15.4527328603848,9.06245039556079,14.4667459978001,16.3906961207954,19.3426115301391,19.1359906566107,21.9027247794106,14.8499439422708,18.9820732734046,16.4642366075436,21.5434178764928,4.8855456990837,15.6992751900174,11.8791428210239,18.104568972028,16.4556142298074,23.521352756996,22.5904988967806,9.07517340910034,12.5351119603176,19.5379943775996,11.6712179207572,18.1194749522327,11.621908793098,13.8671181761909,16.8644865113085,16.5994914648487,24.3687957199178,19.8736463650018,12.9541464092083,12.3754465772428,14.3951265124058,18.9492854180891,13.1359294937029,17.0668821163097,15.8593119654248,18.2995946824952,9.02621399651784,19.9154193394288,7.26717086462081,14.9690423967637,16.9041044345273,10.9558561639641,12.5732105057686,14.3805979228192,7.72007934796222,14.639711936315,9.76470664608585,6.99489513201989,10.7998488764748,23.5363892393071,11.2192984191068,7.87158443791532,7.08041383342494,9.71095194451434,14.0030440527817,10.0468254742399,8.94057783251879,15.8305497346909,5.91734357802377,12.0673779774067,9.03771147645168,9.16362508104521,11.0289250180834,4.42614553581841,8.14557137378375,9.07615748053174,12.3136220433253,4.88769834265441,6.42338093794853,4.18433133494137,2.5247465693874,6.00212389421537,3.42156524205692,5.98348419686157,2.71651607777254,4.16598081942129,3.9820643843084,1.62020978457595,1.57492821043545,1.67633220770032,1.66021285803443,1.48674188097706,1.17360032868474,1.22872829297801,NA,NA,NA,NA,NA,NA
1.48336039206731,2.32128239103132,4.75632087352775,4.3325819561078,3.95609866343209,7.13004524905409,4.94229753325498,3.78014257452496,5.44593089156643,2.26198728807651,5.97115950246827,4.76306515624459,3.93216271676848,6.8627586046232,6.39718628343843,4.75694056892676,7.5819259348293,4.39947340818042,6.19007379734237,6.56576907727209,10.4473572103706,9.2053072232941,9.3605100898074,11.0810372699507,10.0215870322926,8.19383736194983,11.899697751664,11.941460386634,15.4215506927908,8.26580795316856,9.21431176351415,10.3939136267211,17.3354927032277,10.1487789529922,13.3148876965164,10.6533663933177,7.68432876225827,11.79023886738,18.1269378358183,9.87058918527469,24.3966781973493,14.1198007139843,9.26446283454085,13.1423507594419,13.2095598063811,14.3045979879039,21.7882549428312,15.6833148361335,11.8927783151394,23.1288630248477,11.7969578806313,19.8759953349023,13.0586577232791,15.5918181302581,20.7202035834409,17.093332277477,17.2924790431164,14.9582663596357,11.1821825981685,26.8734565841248,15.9395695955943,22.5937187382167,11.7996803502531,23.1039228514232,19.4000061908264,21.9853047166486,10.3021344969748,18.5912773926343,17.5161926700868,15.6021056274359,16.2578274951408,20.9371270389999,23.7368360905438,15.207575330129,16.0929410511668,18.1300961707742,19.0195003984979,19.8577900839439,20.2772558228329,26.9824349992088,14.2063951451355,25.4420667333273,28.5066296877227,19.3596383342261,30.6914189603602,16.8030839391728,12.1513860638877,27.4802465791947,20.7306100751315,26.7045632767242,15.8583970076044,12.6341942644401,31.3702585832323,20.1824240234718,12.9820078336451,32.0482556849356,16.1216350955582,14.1615246998099,12.3492916249845,10.0636600158415,11.4430124911303,26.3082235582296,18.5269290380463,24.8354743876294,12.7478655208977,19.3462811869134,10.976284285514,10.5145518616755,18.1766951411408,13.2090830724389,16.2332268497153,14.1849836314087,18.4513560680031,12.8726244119264,7.95766203623067,20.1182180885316,10.3960010383598,9.53817309001314,10.2550668020021,11.0227116938783,8.64462690896019,17.2309456566372,11.661389598389,10.4038507580712,9.53242090131596,8.39947139823703,10.0539021843146,12.365421112933,8.45251649556422,10.5751624908497,10.0155720240596,13.7068603196661,4.25458828882541,9.47377598767581,11.5455310917663,6.31669934970882,4.97185400849358,4.38734250621902,2.7042378622196,3.319574431293,12.1127360665491,1.62108298084546,5.98739256965062,7.58987215775077,4.16952809845664,7.05309717294884,4.52556309097834,5.278201847572,2.72230642163935,1.5330553514445,2.1505147916509,2.07222870002038,1.78515865484908,1.67728875245367,1.31699961101229,1.23625820905215,NA,NA,NA,NA,NA,NA
3.47465418384631,4.13614874420909,2.53171913714795,3.1108290480659,8.11643652967406,4.72815120681432,4.38482686433864,4.58048481102721,5.38531644738004,5.29334430345125,9.29995287266044,5.52111625792305,5.71805840238336,7.71032661215326,5.67215496997993,3.10728199907989,6.56957806730885,7.31909521932151,5.60468775412476,5.83677380120633,8.06674055505646,4.90305634637285,3.13893352647817,4.39421204466541,2.035542163794,6.55247009552379,6.29826743074715,5.60603227316198,5.6566583659085,3.20941556846656,3.14401310809548,12.6143191797464,10.424791346439,2.79192750759935,6.14519485012109,7.8145161985484,3.6105733902219,7.08115797323689,13.3404672933215,6.9854396305094,11.2284418758592,14.9630728885413,17.3551773372176,16.8354386363136,13.0032861284449,17.7562664340529,16.4951843174377,12.0221758275227,11.4747331963627,23.528513862958,12.2690661185477,16.5146856544996,18.5510466869775,20.2342612468078,22.9186928679241,25.6125297123427,16.8590553910195,9.35174479240011,16.8507487407912,21.0445149416695,19.0440003217577,19.3212324423195,17.9985595955618,19.7715451547446,14.9378559231168,16.5218376918378,26.4287343130289,16.5470796957111,12.0511656852452,17.9896469354754,18.5798361713147,16.4591460623614,24.4843842038427,27.8024066151805,18.6284504756219,25.1560170549489,21.3915411442702,31.9448383605718,28.1088999766026,26.1363446687809,13.6321620560678,28.4373495102938,20.0447174724751,15.7293354572027,23.2961016087196,27.7356434871997,21.4157660376826,20.7358861409578,23.8610032307391,19.5627284473621,18.0606162732918,14.5987659895367,24.2012328348527,25.6054830656541,29.1291173118942,22.2001251934975,18.4441941019376,21.4871414961991,23.8922972254453,17.8754146710253,34.7036685923065,21.3273651581249,23.8319194215956,17.6965926973378,6.24462223954315,18.2649155161401,23.5972768638419,18.3796437868764,14.48268078247,22.4637530252327,17.744494860485,17.7079598833338,19.0217724442257,15.9951109287569,11.9506639428565,17.829654087281,19.0684287176688,15.2717989628275,13.4302568318109,18.9412193061399,16.7389005935713,17.037927776012,12.6863607760947,9.67239391485824,13.2063444446782,8.20093717608902,11.2534533885503,23.3948993237631,14.7185536816811,8.56055542373491,13.2636104946877,18.9876430743551,10.3389855388943,16.0404185875202,8.05838499503799,5.98054001364394,10.7814143043687,10.6766490470929,5.28962896014087,7.24880539901178,9.07248727815753,9.96327726808708,7.4339646875568,5.35291161376704,5.36152577394223,6.15434133642206,6.01098853030318,5.85877501863793,3.43522760115284,1.5165788081169,1.43949348297303,2.10681872964728,3.16509835634814,1.68387054240251,1.64395979750821,1.39404873601976,NA,NA,NA,NA,NA,NA
1.09351422026501,3.47961875297733,3.34237598800752,4.98215300825394,3.21639001174548,4.70485593622338,6.67663687567874,6.10021815178984,2.43936407729273,4.80004885688427,4.22036205351954,7.11895482814981,8.80544933810502,4.64520625894148,5.86230244229647,4.11928176129446,6.90118544569295,7.17792403996817,5.14242921403889,6.51951690615943,5.52329194050239,12.0470250163525,5.01600042855795,3.80148016520167,6.45793288808588,3.06420927745718,6.53784797273152,5.82765687003836,13.484755437061,13.0333940328816,11.3339713283635,5.91482063353106,10.283243629466,10.9511061353427,12.3217251698145,10.2732395351082,15.1898882047432,17.0235797784327,18.6480711968377,8.48008257274027,8.51622755433339,10.392600746553,13.8022226755566,11.8578200149073,13.1645847036354,16.3666500624694,15.0602585625676,22.7496704889116,16.9111927807753,12.2162036975227,21.8315828597211,11.7864296065451,10.8217099316482,12.8857399690718,18.6161178013077,23.6211084784768,14.5111958585477,21.3681889082411,7.1018341768677,13.2915241409759,12.3879417449886,27.730340217115,21.2393719212938,22.4428847970868,24.4988822685192,9.53539778088394,14.3306603874486,14.8425691471597,27.1357374907794,18.2103237213038,22.115472814977,11.0702668574224,27.5653702010425,25.3104229766255,10.4734069956649,27.4164636850729,15.5389026159198,13.9477953476695,9.29836418043413,18.0893703646691,15.7210493192012,16.8632170017192,29.2173029819991,14.3497263469077,28.8757956935087,12.7088986504437,19.7081724914618,18.3671810692831,19.3082411602187,24.4003896072866,27.3760622494693,22.7641110427694,21.2534691126539,16.6149572663545,15.9192895239968,22.114298429866,14.3476590008648,9.99700880403066,13.2099675258314,14.5618249339106,18.5164755227626,16.3403838792784,18.1900752662001,24.195526963959,11.3047558218651,6.17834930265194,13.5387026691347,10.1858876355014,7.49994042774969,19.014623637467,10.6473614431511,20.220124045432,16.7100278833334,4.082556315409,11.2377174167539,11.3166304371472,16.4947922858005,16.3889569205396,6.55198646960796,10.5713788817509,10.8665607505066,14.7788186069321,13.0757498455019,12.4473172695924,9.75070729114464,10.5257635305636,11.5589977106052,11.6015117054467,7.87785686620629,11.8123966908061,9.82609804097837,8.40692099635798,15.598815835754,13.7892585709079,11.5825274691906,8.08194117319741,10.1262034764267,4.25437166204986,5.50041049226777,5.58768331348495,9.27747727513501,6.28271641239237,5.49262349635404,3.43711327331802,5.02929768463357,1.62005429519076,2.69361990894073,6.4451833142824,1.8969005879129,1.5552220831258,1.21208734738579,1.14110054251164,1.35062663909227,1.34863499992738,1.39104282566841,1.25333209245111,NA,NA,NA,NA,NA,NA
1.43680579040115,2.65935133478245,2.94487549946809,2.95802409803473,4.49238495809104,3.53708581943602,3.16296343003673,4.99294223558109,3.14000120336594,3.86128182851862,3.55689022400476,4.68655996664287,6.0380892700189,4.78231373624875,1.43178713613938,4.06081166657803,9.3726454207244,3.46022706740014,7.13499041245901,11.3803737230242,4.15648761865318,9.4055493641659,5.85600487739891,7.81597790185285,5.90145735015497,3.79975218177401,17.2054855744727,11.2650620478626,6.08575707953327,6.50896033767849,4.62542819161066,7.21305508169218,10.3105988213239,6.58022899377131,6.68451364041093,11.2475177952234,6.31791895022165,4.64837614494109,17.8950784412118,13.8584989782319,11.226060917703,8.85640975241022,8.96956541363976,8.87156113393972,9.65384071140385,12.2216263849419,14.3886189425614,7.30879082831453,6.24152097385214,14.5801912182619,14.6178251087987,13.3841699314767,11.3765999613003,15.280871383583,8.68866100124266,12.0195160861545,19.4531702944435,8.6330280373425,21.6953595369095,15.7447078953065,15.2899644504724,13.640693705633,21.5711077124878,21.5401226485179,9.40081764105382,15.5684885571112,18.4976138104232,13.4357113771412,13.74845092284,10.6210125770874,6.4707468563939,10.4405383801496,11.8312877648411,10.7972224908454,16.827181076308,19.5489191914605,18.7119160384039,16.5561024080161,26.3679439711892,11.3615136154973,17.6679289971257,18.4115407139992,25.504883687823,18.2652591730327,25.435058525724,14.2149487774093,18.4083172750316,27.4258809376244,20.5217580394029,12.7241168473083,19.6206986064462,26.2169248720074,25.7258630141944,22.6370440874552,21.3214064138652,16.4969222580739,11.7698528116245,17.192161746399,10.5782793541633,18.197490026822,13.6120933052275,15.9406119768068,7.43829575503922,15.9321484879477,11.6608274917499,20.1659099523353,6.69331557492627,10.5980494849018,14.6988149194102,9.92640576055829,11.715912400739,13.0074695095374,12.7236210076018,9.49684982977812,8.43497489890869,7.3174347069733,13.3131537967301,8.86992068052133,14.0722612699171,10.1351572734256,8.82316764584139,8.40140947887357,9.2233971663817,11.7408124316418,12.4959618846684,11.0406842515511,5.65194087489095,11.4815689009803,8.59512335365492,5.57691652774651,6.46439133020624,6.11836984168035,6.68599304239521,3.1039820920418,4.7934974738177,6.9741091893432,5.17560644335496,6.64404762681611,5.21044866762683,5.43554042644878,2.30427252938189,4.47450580347502,5.30967323109306,3.95397729598561,6.55077590516526,5.49868853838061,6.1250894356837,2.60276379902427,2.4591759557994,2.86698398626722,1.37008275159891,2.04251704616615,1.51648819582821,2.59545978716685,1.22241804819746,1.37126221361649,NA,NA,NA,NA,NA,NA
1.17229979094407,2.06907841550795,2.01372401007211,1.88461894464606,3.01952701798464,1.98621782533948,2.99772426488081,6.00520588271715,9.16540219105096,6.08503993816901,5.60679420812578,4.82371858193114,6.42530875568137,6.79532045487219,3.91854896831086,11.8214371820467,10.2344146652154,8.73122435679106,6.41421985626234,14.4655015802053,10.9416121433634,4.52610344374157,7.25487799613082,4.98825044449559,6.4572925081283,8.08535408054696,5.38593010399582,8.29693488129151,13.4996777737234,6.77375195338326,12.8856558578965,13.6177039529703,6.175331801373,8.56085025674177,13.1145642452719,15.5404988253475,13.4325402216955,9.79840912638316,9.07083778863178,10.2754819530745,14.3683723017525,17.7665144538977,19.1129100499453,12.1330600044698,14.2486555569032,18.6665183006015,10.9944238774971,12.3804601335303,10.8559749291747,12.0072272961399,14.1502228021536,13.0539660211561,24.6088972352729,17.7973320891551,18.0043553503141,14.0197649431045,23.5084045214702,25.8246285829448,14.2871922237573,21.2029964188176,25.0358905065683,20.3395336675276,18.6658594336338,27.9802158758661,15.5288711092449,14.8225508422332,17.17464346633,13.5571403002902,20.047720136808,28.6850590290242,7.15039168503272,21.1898803121639,29.1029855878867,12.5823655258125,21.58806325655,28.8599264414498,26.0640840879604,21.9719588021657,25.4907022453129,18.0070694265702,11.9442459307779,25.5380944189263,25.8796892099278,18.7856404999369,27.7114285691599,18.6469861407338,26.5899918424699,23.8542830780305,14.0922007591657,14.0655994064869,23.560710192168,12.2647886000434,12.8021217848493,16.0388430030968,25.4690972215563,32.5415660166173,14.2592353443689,20.5155683475701,19.5592771120605,18.8379829755315,14.8987690178363,16.9898953893324,7.24772231142862,14.6249446698073,18.0329230901781,16.4107276998143,17.6467596600254,18.4390987912897,19.5051565267885,11.2542241811845,25.1340383976942,21.3306654730125,15.9309257254632,11.9281140072616,20.9415555314261,12.86100699491,20.1587519187593,7.76386882738151,8.50321158579045,18.1873259437071,10.4183618481857,14.0851086029601,20.0600572965149,11.0661405120132,12.0594900774415,12.868535530476,17.3586745503762,18.4058314905617,11.0703461557142,17.3030146371211,15.551013044814,8.97690645057538,6.20408491012668,10.2967118345994,10.1843290097624,10.9277146328563,3.49108632357801,8.31679385574542,12.6906804050479,7.6366359074493,6.36429247784744,2.87560196677458,2.94623638716537,3.11704420930739,5.02028143132622,2.93831756602322,5.13373965600965,6.45463029871021,2.84591619298497,1.73010958860921,1.60681978870267,1.78071807868193,2.96731130579251,2.76349271672419,1.61873697930983,1.7122546758955,NA,NA,NA,NA,NA,NA
5.28464909281867,2.52074972067326,3.20371225714354,9.09475018065052,7.38182859710907,4.38456872882759,5.51364900957089,6.34093148267726,3.68917268241865,6.56806801548414,7.87658589703443,8.33692558039996,7.86927670578894,6.50720470148499,9.33401495673832,4.73881691835062,8.17828419535804,11.3364698395358,6.58802646106828,6.17061726925192,7.17031693820187,7.16404709295465,6.42417932326889,9.09983768470745,14.3109780687077,7.61580358770838,8.84370781324708,16.8276290356678,9.03348741329583,11.3331139397441,5.02490172351586,8.09654595107839,12.1865892840968,12.6385117774899,8.908998224255,5.7386982982166,11.7379515560207,8.42397467205865,22.4300856873432,15.1239316135736,14.5542144115072,29.27183549431,22.3154067300573,10.6631620890364,19.7679093632087,8.62070594573023,12.8039083367788,26.1826294190068,19.8952342185772,22.9732473462265,12.6974514846973,10.5504257128124,35.8337427481106,15.0061639043926,21.3745796716745,22.7169183602144,28.2068290307295,18.3117951718201,18.5546403399732,23.5676093365177,18.5751677544384,11.9864778560274,19.8337756593574,15.1307665103398,21.7952480402458,19.2490877987896,19.7353668766196,24.2831252756495,15.0233550558044,28.4978797266504,33.9129588785531,16.870984012725,24.3164183175992,24.449773893571,15.8399842609883,28.2418563344058,20.045366940513,14.9745313099168,23.5098205318937,12.4740849995163,27.918483662651,22.5628612515473,14.3897604129101,13.3624468274965,32.7938916326115,18.3776027502312,10.7349631445231,23.2323972934824,27.5134594749315,23.6704505456973,21.1203142168647,21.3980623852241,19.5787220865679,22.8995943245543,18.8297865347417,34.1225108367663,21.775663421757,20.9415836253689,29.1200518208908,19.9117981114174,19.4143606969687,24.3681791910186,25.2610657805211,18.364554640736,23.8050997830964,12.577794856584,16.4010767688758,18.0752028725826,14.5414460969095,22.9722189627968,18.4555644333745,11.5347806453927,18.1890513523107,8.14339505342544,14.866874094254,6.25306438022729,18.2880841964164,10.3113484295568,15.2798364611027,19.3147491754621,14.7155719326179,10.9641794376091,13.0313786408455,12.7781309474598,8.58288198138878,10.4873786177905,8.71785350242267,8.78970936854782,20.2823594114925,10.6109823450269,16.4848500560771,15.1942468102071,7.66886759180257,8.7851057522541,16.0329120905547,10.525722792813,6.57565691583255,14.3344275632376,15.6889598974983,5.88200652041588,10.2953066957141,9.54831584530503,6.94328745255049,8.07225484231398,10.1487706523318,7.23158427109616,7.56938442019566,6.32704879329283,5.26181923776623,5.04110127254799,2.79711031972957,2.74486884398088,5.19381762330039,3.73822188811389,1.57169578643576,1.68034078640684,NA,NA,NA,NA,NA,NA
1.31490794381205,4.43299243479257,4.9653091306607,2.30461282134535,3.7775536917588,3.95053340603465,5.33942997720426,3.80750529276995,5.94999267861061,6.25316147428339,6.28218844382499,7.97189035682436,6.8761736316304,3.56252459883674,7.09608655768464,3.57301055608434,2.30282859869061,3.02700793800854,7.45000763787922,11.2616865920345,8.51158336019913,7.65484344236646,8.78840664571682,8.11237824158122,8.5148956813382,6.52852842618549,10.434353632969,8.54852464789969,12.2478606835185,11.030188849531,10.9248552527018,6.51800635640072,15.0331847962839,15.0634966567268,8.39895442981473,9.786310476865,8.68800818754417,10.8538724236329,7.01135746814983,12.6729905796802,21.7181959420723,17.2044389196867,11.8893155812914,8.85050737192254,12.4448627075176,18.0642781748141,18.7239586035875,13.6357191511344,20.341948414989,17.7425153232748,10.8677406558273,15.8515811334207,21.6446091224026,11.9670301904488,16.8111163821704,24.3617721820959,17.1722315145293,12.0349951498048,8.52224631931337,17.0221257926244,12.5103453927747,24.2264319428165,13.4600890933882,19.4973520418097,22.1882436038544,17.4702735704494,17.373943851393,17.1436258065868,22.3884886827511,28.012599676119,18.6640273882986,20.2815203827836,20.0367887812721,21.7731354021316,16.8679701700174,26.7493941788438,17.2413291025562,13.3088070850019,14.8328143324516,25.0737799587507,25.3382150142661,24.2633800891576,30.0136130384318,21.4219316937742,15.8423280145571,21.7656088115015,12.2716368917902,26.5928954067076,25.6159393013266,18.6118728499256,18.9519093927432,23.7413655951297,25.7566568537649,18.1387079077116,26.4704385429724,23.6647628331123,14.5857078117547,11.5476380434818,19.589468465197,19.9928649443633,18.9224803518329,21.6555652478081,24.2096789707335,12.1388149182704,15.9937899718279,15.3043234775056,13.7024740482748,16.7602724014857,21.3350293966499,17.3581625348713,16.1169928744143,20.4301701289234,21.4599170123336,20.5011666604175,13.8388228734399,9.41968519122122,16.0565559351315,10.5657177642098,14.5929020238919,11.2931540272053,17.1541525807905,19.2650204372278,12.4852034836664,12.671053751097,12.5670217302053,11.6903636048398,12.1554116645415,13.0164464807629,10.4474741871921,12.910635903212,14.3381140385711,15.8709579086174,10.9253698863364,13.8880961445923,10.2972559526967,15.6812231147518,14.9474117466373,7.63018275591919,14.443341669924,9.87152384631474,13.9888881733853,7.04364954512417,7.29713654795126,10.2125111446283,4.67887057453874,9.77813805889707,8.74338396173593,5.66393063987745,3.88815816303225,1.55430903030759,2.20194259731125,2.54924788206257,5.80183232971071,3.39127435494742,1.24053019004616,1.34779946532671,NA,NA,NA,NA,NA,NA
4.46517026912415,2.16180728944305,4.22454162654915,3.68735402352039,3.56536196662787,4.13693032566827,1.97292428115341,2.38983380962803,3.81724187081778,4.06619719063638,2.01483091489527,4.37349054320588,3.43172795539136,4.2971897344482,2.74795482846642,2.52182857664755,7.38744000083667,4.36155248545811,7.44964968203414,3.82069419749326,12.8221377468319,7.84897161211221,2.80191469379974,2.87137879173048,6.01193521997718,12.9202537696857,2.13560992339484,6.64228750535432,4.94166689221403,9.51627609860164,9.7988145949298,8.39980207901677,7.58783232042761,12.2357603453904,3.92178200472156,10.9121091497763,4.39247189171532,8.81349775725761,13.0262351564078,8.22969684749769,14.8001976595483,11.8002095041877,5.53298120423257,9.09064162593608,11.7837657515263,11.9912150758031,11.6285173378531,13.3918009332452,14.6234973421342,10.364032609772,12.1472256963387,20.4280527409219,12.5038780352355,15.3588734806481,16.2166207678002,18.630153913016,19.2402677237739,14.0932193450259,12.0591497601597,12.054332778252,23.3408111505595,18.8920655000384,22.6221751584432,19.1093291233686,14.6139428996437,18.4323346713797,21.0630657859369,15.1142654760117,20.7572432520061,18.0395413107428,16.0872395254176,21.5218625170315,19.602438874269,19.1961006499229,16.5671870888046,17.6829994425517,14.9230307182884,29.1883249204468,19.0734722458995,21.5150824261611,20.0250480386462,11.6000479361326,16.182784656067,19.6174435239928,11.9405348161909,24.5300153315742,15.8324948450028,12.3085167514301,14.4762117543953,9.59806628825968,15.2307322263678,23.9967486064907,19.9036302437624,14.9005178138691,18.8113747063454,23.6167465696504,15.214193131559,8.25975382984142,10.8053450578566,17.0699050682452,22.2422276048411,16.3548619593916,16.4500684373709,12.9752264926576,15.3114837832109,11.5922693148986,11.8813881052686,13.437264963631,22.905772634846,16.7659000751371,16.0177381597679,17.9756566934323,13.6134221999262,11.4120543763173,11.2575023543765,11.1171931739212,3.95876184636506,14.8138526478887,8.35429757161234,13.4015429272554,6.47295224124863,15.3618609943821,11.9264080456389,14.506241604992,7.56927287190273,9.13867870470776,9.31185776531822,17.9331639377552,7.47290903751515,11.6652995646926,12.9089057330217,7.3711517486777,9.23410025311064,12.1613700476959,4.89026052041414,6.24709931892179,6.8838671440388,10.415104096092,9.72226217797956,9.89790555227097,7.10005359140302,8.1676970887611,8.14809324934796,6.51953195265716,8.17510260605768,4.76386145947439,7.16777228882376,4.36467801711396,2.37200553881734,2.18513127470273,1.58923216986011,1.37471690914461,1.412957115732,2.0593404939641,2.5646193866047,2.94664292571515,NA,NA,NA,NA,NA,NA
7.693076499283,2.05819133870969,2.69967668120424,6.41620196505908,5.62177028966614,9.67825313893901,4.62644059463324,6.730376344281,4.80640448303665,7.50211870375923,5.47759861797004,8.13370797850526,5.27635061273308,7.18749212383465,2.36448782201815,7.18337002076214,5.54266165725944,3.52066169450204,7.50374785618571,6.50442236095154,5.99350358669512,6.61731502321657,7.46141036787747,9.8719722533832,5.5664904263131,9.9102399961038,8.26878036493019,8.37612387732212,6.26620841486087,5.20875139109686,2.68814433198053,8.38944349582695,3.92121243408041,6.80938665433443,8.42400935851415,6.05328805473249,4.21676348786567,8.76107811545253,14.1763692635717,7.63479370219478,6.94497230457026,11.9762089901566,8.77522466333973,6.61011897569748,10.9560560884152,11.3975586138817,6.07041052481243,14.6044561417759,11.2657660349253,13.0430601911567,20.9851000626358,5.81150147103616,21.5863785413583,11.8583749824723,11.877512231153,19.1982717127024,20.6841971367595,12.1464659702993,14.945038095858,15.6230370378976,11.7716975897088,19.3041009816485,18.0616663279043,24.7421234023507,13.4808419244937,22.9883956670358,20.9667350523878,21.6663106320573,28.1782055931303,22.6850821653972,23.2266849879577,18.3285745072769,24.3168908846739,17.5807920465631,21.0963188059703,12.2935606572024,19.1113168008745,20.9811912747273,16.2082353547136,24.9385199898549,19.4890499278838,17.9280376780759,18.76267605918,26.9842021806662,22.2584554722256,13.3244654327773,16.737852603479,22.1278787337207,21.8944093792971,16.7768002427564,11.6445314591024,23.2603033113684,24.3895089793915,16.4799116041665,20.7679722807236,19.5008534348681,15.7557697380672,12.6204160296221,19.8123205202356,12.6102596826368,13.9311339462153,17.8217481325565,18.3940201810142,17.9072972337615,20.2313241795027,24.6110610340748,10.145070922929,16.1145389647299,13.55790477754,14.2528678905338,5.07501212872253,10.4918997635323,17.0279272614962,13.1519054185629,20.6757206531036,12.396358014447,10.784485610586,11.0559463962123,8.66666953372367,15.5114592905007,16.5445352300557,16.1700960108216,15.9370609485369,13.7229130364376,15.2257757374761,11.5771432810925,8.84457642682943,13.1462755045172,10.1077024892174,10.9282318842118,11.2713978651314,10.6699945512236,6.20236646277169,8.52950639179327,12.4972574029822,2.92760896742504,8.14279470693647,12.2794758820467,8.16818051470644,3.14418463269833,7.55737313543855,4.37082363128421,3.20622196958323,5.52312595628004,5.1332037556796,4.41335330591154,3.94599805196872,5.63836479427149,1.87657652164579,2.41930539931864,1.58382626910256,1.58228691850524,1.31929122158624,1.63175171436959,2.1978315713947,2.08576472128724,NA,NA,NA,NA,NA,NA
1.63043758822495,6.93462832286885,2.65954999147749,4.64541369305688,2.32879536180494,2.87222868585522,7.64567568634609,7.80387331507196,9.09468066089083,6.2791481030408,7.95061023826014,12.8048163671823,13.3889502273237,8.52760817833321,3.23082104938715,8.65886780210015,4.33630399882403,7.35832583501485,12.6890794616266,9.2738737096274,11.6243399792921,13.0790500054964,11.2073072229634,5.19365924502892,11.8695791482324,9.06556422651505,12.0790496270493,7.46332800950361,6.17610654284332,7.5258991383498,15.5201047425766,9.16895472201269,12.8333602234963,13.6396176914027,12.6593341204067,13.6954986140603,9.78245381282884,8.9510384197759,21.6172345207907,14.4048524628989,14.7668032493662,19.6392796219081,12.3858031213011,16.3235602989033,9.54952908442085,12.6226536082613,10.198231683992,18.0128796870631,15.9342481787214,8.28065134947997,29.3357174990594,15.9308361874699,15.456698120407,20.3913126521291,17.023461553837,23.1969566260537,19.006531337681,14.8361006925861,14.4673831604307,28.5452840179824,14.6018221323453,17.7531800306703,24.936105047044,20.7321748735051,22.3876823069845,15.4697484978555,22.7919200936295,23.9677209796547,19.5425543882904,17.2404218238857,17.7500870046875,14.9235910679526,25.3269381310001,25.641635792233,17.9168576828624,24.9574926702619,16.7333896160865,20.1347359117002,22.5207535172882,24.0060979561073,13.9363138145889,19.4642451624435,21.3232784481538,19.0383534762155,18.6136830008372,20.1133131187645,12.8125338826396,17.5661107784511,28.4212103325355,19.2974405114371,22.4710987555627,20.6112629476685,20.2583662570229,11.9634681292496,19.3768650264591,15.3681835279508,18.7033494350731,14.4616342941017,22.7604284261416,18.6297792304556,12.2305272128394,15.894618816225,15.9361269093993,15.0932694222121,17.1054388206217,21.2921350973261,22.6735990382556,16.1164029589176,14.6631528796278,25.3860264167344,17.3988777709324,23.6965249685666,19.3732124572359,18.7979543334006,15.6681049949763,13.7731075278818,14.0938599149366,12.3126826852157,23.4857403872554,16.6270550140479,10.9299633755456,18.5138730048523,12.8609142630499,7.80385004808212,6.16264552733006,10.323681262665,9.81414879084386,13.2819521561001,12.5434042461167,9.78154853773164,4.1783951343489,4.75337566152437,7.71310138613569,6.85956812163656,13.7232591420206,3.81411344888523,6.27342304566402,11.6178760366925,6.43808601449254,3.74353053002165,7.7185127552274,5.62593654451508,3.68226235459854,7.56025720969443,5.02268556551059,5.66518619696582,4.69526380737803,7.67990141251323,6.2661789786033,3.88843037921279,3.04566202726176,2.13723306151662,2.11055459631965,2.02696322340028,1.8664307888593,1.68483647601533,NA,NA,NA,NA,NA,NA
1.22973725265659,5.52812298416722,4.18986954752048,2.69870578380924,2.34993015808127,3.20811880556117,4.49535893063569,2.45703929659576,3.43438282992394,7.32876366556296,9.09224406717133,7.00437301385794,7.92774812949236,4.97416899339063,5.40562816368716,4.05358140036983,2.97682068409593,2.76441507410346,4.43293653939163,4.19360386267778,9.91563713308202,2.87542058386399,7.92084492861297,5.36450527913671,5.20914191813914,4.15254117928628,4.22016224513824,3.57618026595527,5.93596275866913,5.73074932093628,3.42636097900609,10.6855643270199,6.87992470572051,5.20337920484443,6.3802143058292,6.99058636871792,9.32872854562274,3.15322684629419,5.91767030466532,5.3785572192583,5.03006486047676,7.44328396483782,7.93081443146333,4.44651984118242,6.45771163077947,7.29977858048103,11.3875933805004,14.3096474291439,9.67980064843543,9.52943298468998,12.9153138372611,3.36524246247045,9.02906687225578,10.3860960033348,10.0372437458339,12.1886226136625,8.99428882979594,9.55638970598427,16.3795462884379,10.7305359363324,7.23088422518391,11.3507468525095,17.8400525851885,20.1791898308025,8.69247252923627,11.0187995218215,12.2366574170215,15.7192897045292,21.9681885291467,8.74215816233177,10.8654111742939,12.1263155126476,14.5082923199121,19.3495981748817,13.5403040819126,11.4788683129462,16.048133475913,22.138215457599,15.2916825182015,20.3335817020611,15.4854799187724,13.0731570061321,29.5440405025776,16.6914401564355,11.184225036625,20.4715113680978,23.3437353677275,14.597962247897,19.1072973407632,16.8710324621956,14.5401997054926,15.0632164546723,8.67955733477273,14.0297548233016,13.329641243833,13.5869694383903,19.1331853855455,12.4244482371938,13.4321990106666,12.4413083706407,8.98459445715363,10.9816571570426,5.23024159956466,7.46779967372093,9.58570820822694,14.5754059638465,11.7344220498624,10.1026240009213,4.90975635207154,11.9806590096986,13.8738782552087,7.93031466599044,14.0711775411729,8.44916699569852,5.91752654170216,8.59980541960013,9.02979159162056,10.2751909716653,10.6129817703654,8.73356171921901,8.96005289589293,5.85361344865523,3.66129215912948,8.03031415827109,7.50536210400268,6.11901059813072,8.22778819335435,4.05126205921181,4.76640519253128,9.70367096366594,6.05730776012653,14.7437021413834,11.0964454337116,11.6361732124797,7.20642658580653,14.8722448564642,4.50005248560707,7.55498919949089,5.53679296287181,7.83528043659957,17.356405508795,3.50366334310283,5.43794469674646,3.66716050982622,3.48420819017433,5.80809612942691,5.34438878400203,5.88239570454228,1.62744924108481,1.83941003379444,1.57090384924921,1.26710891132615,1.80278185156002,1.58791444335648,1.19755222749939,1.13963013306298,NA,NA,NA,NA,NA,NA
3.15863018049178,3.5608130477853,5.67349419124167,3.27042084336609,3.87699528741207,7.23720140558164,5.35809693792762,6.27542904336776,5.29846672106424,4.79144940240018,3.13128288987017,6.88473384570626,4.33032548217975,4.90562353521816,7.04773618948639,4.07775397699794,4.58788292108761,6.02603427909083,6.29853190161527,14.4113112669902,9.76038729839006,12.603020996545,5.06159341711426,2.08045766659354,6.43325015360935,7.02372765640765,6.93407896666683,7.36911654549592,17.5085893730577,11.779089185526,15.6000992233989,6.4117298842413,6.770059861861,14.1991929366588,5.53140824979946,10.4892345219738,14.9411584393681,7.30872662277561,10.0240697076729,8.64070765355629,9.06120202325897,11.628749657253,17.8294956920056,9.4998177528182,11.5209611728617,7.7662605120688,13.7613263414334,13.6033168776638,12.2810101863427,15.3018231459987,8.59935954136933,13.1520427629499,19.5878648717169,6.56112975221311,16.3721742536736,12.4473435800868,18.0746800549357,19.7390052858506,14.066696201003,14.8037477677576,15.283700790183,22.3391142502922,15.8693501008725,11.5974105589191,12.505738384105,15.7897236473171,23.913282175052,21.000106217182,18.9132635503971,16.4828949765701,15.9511711217247,12.1017008311779,25.7086843435177,21.6692796117116,19.7519249639661,18.2339772552917,10.561364715515,14.2206741946321,16.2665469907456,24.720329227447,20.0767976249842,23.5918459151001,20.0087882340956,19.7994535960884,24.3028764197398,19.8414770896352,20.5506184600268,16.0519753123262,17.2552156476376,26.3265480320463,28.2530820689455,17.2547096595558,15.391414176617,21.3628718595604,10.2436522434666,20.7308972945211,29.746795300576,8.30054387922677,14.6682003260901,12.098603879497,22.6261894268746,17.3616288629614,20.5640751150866,14.1967128394178,11.722391498898,9.62105001843663,20.7812165575629,17.1383257312685,13.7741588186459,16.7866905975682,15.5182485218867,8.54545207772732,11.6972325634074,15.5344667148405,12.1476418806322,12.4554571641485,4.60570568628047,15.0242329067768,14.735351517329,14.7536233755772,8.99647117027731,10.499190828195,10.4879981361739,11.0207918221421,9.5067694079219,13.5287583531342,9.23234131866858,9.2265689277314,9.15005395273114,6.88310273758472,11.2014168755879,18.0475451469902,11.2408696486707,11.5732225835683,13.4551970398279,15.0492330320416,6.30977180195179,6.46804317691662,7.0928811737381,3.42556704012058,12.6600849385118,5.46091730772548,4.39485068945355,5.42975143828264,5.0671970578282,3.38303938711313,3.71319585234536,3.27517925129627,1.69071819979917,2.2630325986578,1.7806660652624,2.14530716945892,1.69230561726079,1.59798754207844,2.10135573886886,2.16160123218928,NA,NA,NA,NA,NA,NA
1.07563966315774,3.28927513089898,4.27505829807308,1.61992219604491,4.35607041298801,1.83509992140611,6.1843249758196,2.14406392759332,3.71108584176734,3.76234238190426,4.24189827952807,6.19061632171745,7.5971826763686,3.33526690805988,5.70933597500181,4.5209097478173,6.54720184913192,4.30937399247096,8.51336894785215,5.32151736731479,4.74201609152404,18.4112544363056,2.55056027739231,4.70237914743987,13.852706080159,7.37287870862003,8.84755687814281,8.84498715106857,12.4187194728651,4.66000330435428,12.0273595102422,7.03598431848568,9.84322519154771,8.47737545173848,10.2650185247625,10.6171446860959,8.02407858606063,7.79858813720212,6.72264573980618,14.8928725296939,6.85015381583079,17.8319063076813,5.9665900000038,14.56361716836,7.497196243678,6.33243622344957,3.84296125031389,12.006314609703,7.38374984649877,12.6592360677198,15.8126110196484,12.5303599400024,11.3880648125205,17.2949656598337,10.7245992078127,8.20493887531465,19.7101987686377,10.7415360878296,14.6659499732283,24.7899629174389,15.5152412167725,15.0217547698099,12.927327167154,15.9637328086295,13.2367803205284,15.5501552804803,14.0807465669628,19.8497669496666,19.9802748193231,17.2999470802858,15.3711478260522,17.9231130217709,17.8946080544485,15.2003051575303,14.7524909664809,21.4214946187158,16.2922818117966,25.452920317356,18.6633033212025,16.2292412708286,17.6751267027846,30.5961910898342,14.4215657675112,30.4681035814332,30.2804747465476,28.0409708544449,10.5095578801482,27.4146300024126,8.50845651320125,10.943029850082,14.8791974365277,28.4745793489513,14.4247640308882,12.519673927947,28.9959069238802,17.1066205526614,27.6906694013967,27.3654354523445,12.2547568485051,15.2552825605327,20.6099838126774,21.9484481662133,18.6463161665914,17.0437460388434,17.3952662901218,22.2073206215627,14.4688501509734,6.74660956928247,16.7063970755116,16.6474645760988,10.6661753447221,19.213247603065,14.7851964321674,11.4188951515626,13.2904260168621,21.7322504462384,23.3096495783652,15.4254448752528,8.77930594904355,18.6744290676835,9.83240077519742,23.7947792365162,16.4551163032562,8.54937135612069,8.71922758887165,10.0762532801082,9.90800743456394,9.32587037445731,15.2826567889212,13.4792220602415,16.0951014203195,11.7458579963825,12.5941025647766,15.9735057290776,5.57548407603304,7.24083596431737,6.1847913618159,12.6379674314183,4.65277986429623,2.34351640620706,4.03994531221486,7.11692085234428,4.05163197823502,2.26585793465337,6.97505737687672,5.77616201640449,5.18706815638331,4.99747675082403,1.98272990834193,1.90851444680223,1.64888233959041,1.87547590870037,2.39239415407031,2.87349849097915,2.57045389385703,3.8861534530855,NA,NA,NA,NA,NA,NA
1.7946598701038,1.68833122597559,1.60461157556259,3.23222971499868,4.53465785948227,3.867229448359,3.83962639129518,7.16643483473273,5.75390586812862,5.06139155163203,4.4566072954409,3.58507243276227,3.64429362396198,6.53477083985385,3.68931129117035,2.01817838794665,2.88243059066493,6.68413679743401,5.16453122784743,11.7821789690811,4.01157573357552,8.45482017797234,7.71409514157091,8.97614661265087,10.3960899338751,4.09662705780639,10.6125771839083,7.2234633821415,10.8269852146005,11.3922010973091,10.5494428125926,5.79087998759001,11.5456634829374,4.17958345388138,10.7763278973728,10.5579654536747,8.97551204883207,14.0278604232713,20.1103040817814,15.6392843696251,13.5637273926178,16.0639569643208,12.7631075589539,8.83327345440798,11.0614221411173,13.1943012892707,19.3562490839771,15.0156449561361,23.9064635722208,11.9354825187675,30.2668937348189,18.6483386880944,14.9955632800832,16.3167783172839,12.7832386982931,11.9908452973353,10.5424350246794,17.2936907942957,20.970549310919,20.9174932582047,12.3147610129035,26.8516742296301,20.3680861097624,16.4418158697613,13.9575343705712,22.4362793857034,20.3488703882541,16.9656187619112,25.3295097259099,30.6547110010591,18.8475447356371,21.5171307415468,16.1716000110815,27.345626761928,29.7234690990846,21.3536436386378,20.374742607532,22.5291003122379,19.7213619890949,31.9777073519139,17.6745903268307,14.4175107813403,18.1376760520665,20.1995922149137,18.6223400168981,13.814813062649,20.2175435549707,18.0077385868756,36.254977815956,11.2153183797859,27.978402668646,15.6798355630077,23.1307230832518,24.0358207849875,20.5470227293253,27.1607781563375,19.9086540488435,17.6774307406045,17.193235354335,19.9785043887775,22.4065667234854,24.6228308839404,19.5631528878689,12.8698776896606,13.7009337552776,16.520805990076,17.0008431246702,12.3958811037245,13.8400137391084,17.2136544456889,17.0868535023547,9.66417899573939,9.430266556409,7.70222796050002,12.5327811368275,14.963551122938,12.6411466252505,15.2641529484926,11.5308498948262,12.8884880010763,17.2925428176777,12.6979486870456,16.5832912842525,12.0455559579006,9.00996168966643,7.46285068370779,9.16694554221733,11.4639870848953,11.8150787031884,12.5166327021714,9.69406849421464,8.71543545627323,7.21108465015678,16.9976534857628,9.7366846529107,7.98208305555995,7.18999308072776,12.9103993993606,5.56252830268105,7.79437669996982,27.6948791116743,8.41681459951516,4.27422133492348,6.19084610899799,4.21224755471512,5.01706051078682,3.37979510384968,7.54394421876868,4.43634092163913,3.10666537956877,4.82537416667835,1.71867935061118,2.57703699394343,3.99380694940848,1.26698944572722,1.27668412011282,NA,NA,NA,NA,NA,NA
1.10160325689988,2.66811240431422,3.25062463664931,4.70178520711689,6.80845674802217,4.92295468325698,4.01050916252778,4.4602218903404,5.85927335672644,8.0067876575847,5.86114953408512,9.61419585031554,7.33459324144531,2.9245347673786,3.84889751925754,5.3312101799253,8.20533192516923,3.19552547339662,4.82519304248686,11.2149404904672,8.72154502333217,9.47591199367406,3.75149337444669,8.0921896491275,9.02687859267687,8.09887071667355,9.2227755355767,5.23095168841131,17.1014871884429,8.79635665709235,15.3753377198592,3.33845057224261,8.20431083782648,9.87143503340562,11.5225436685091,13.9339157901504,12.8178319042073,10.8216047093525,6.03248604543383,16.2417146919931,11.2190038596146,9.97614562919093,6.75590311970846,12.4433063798638,8.61050624421394,9.91986030531824,10.5104501754814,14.4511392415401,18.6594828599548,10.1383907440568,8.8303071138611,13.9566722357465,5.38322825048289,15.2862832313069,17.2464684273256,16.2513877850002,10.5195091327971,12.6256178965785,13.8708520588697,17.4265836370142,17.3012402639826,22.0502105310386,14.0022244926814,22.7107133126674,17.9836311156024,16.3664683062566,18.713132049584,13.1357046811522,23.4328159500377,19.8892675697646,21.8239254524603,24.7634144788556,27.7522741038938,16.3498362039695,21.6961074751728,20.8893271706546,20.789836454043,14.958145810687,26.911816643983,15.0993271640359,23.8542379191287,14.8671600683422,25.2654521882693,11.4109198307044,22.8214014267891,26.1095385429542,20.5127318917827,26.3784278606762,20.6637389177904,21.5207370806118,17.7823944493691,21.8247575890791,27.0750361905741,19.4655164588866,20.2759924297565,20.5322857246989,19.9045272719256,14.054677959243,17.482886167451,12.845183614784,10.5447402258568,22.3617914396615,19.4907491180413,29.229630893169,16.5665992683055,17.1347661538694,13.5036687617963,14.7438499751036,15.6017382846807,15.6545346300348,26.0451509100751,28.7954134919589,22.9767191525802,14.5124939651644,13.437004771631,13.3645289461749,10.7970230672527,6.02043851011927,20.0279523546288,9.48093879088841,15.9879604545508,12.3241307329263,11.9594336874366,19.4430976895638,11.5773132419879,13.9301120952279,19.6481086311112,11.6101524737605,14.3045144449717,16.0108536107621,18.3230307939428,24.0003141919089,10.0947916868688,20.4187043642742,10.0708285431561,14.7640416602804,12.694941040114,10.4783131727728,13.8099694158734,12.8054088548207,12.5885792518778,7.02205933174192,3.21002174685344,8.20488457018233,10.758529549814,4.64405768441502,5.04512519871412,7.86414040363456,3.18378968884551,2.03336700907662,1.98429232476106,1.20949415745159,2.15526930475422,2.23309069234162,1.43253024825914,1.40339715998847,NA,NA,NA,NA,NA,NA
1.05429019784117,5.29983581773235,2.50239011103774,4.80211214793914,4.01144249013863,6.47910923750516,5.58708817942737,8.53737724559276,6.36404484719024,6.24776631093183,4.06370677835804,6.6062183478408,6.98565989910878,4.90748152995668,5.486904402445,10.1257597733083,4.19099121923419,3.01087773747889,9.40340611499741,9.76634446957437,10.6329802941442,9.88817227733262,6.61942008095649,4.97673387789163,6.47059612290177,7.09580775693054,2.4939621729035,5.03287714893625,5.66056827499964,10.9944343607718,10.013754525389,7.67440242941952,8.97598534572419,4.28150801478792,4.67372564187261,5.20874899282396,7.37753022334705,11.0130783796965,15.8793508863488,16.1985373183304,11.9406815867036,5.31023373762331,17.6914849296988,14.7683102239086,13.6191155104149,13.5865976478226,13.2489820520153,6.5688988120633,10.7976956802732,10.3847027843286,9.27211442530137,12.4020871073958,24.2462120002722,11.927256389658,20.1271704490348,13.7572385236063,17.9822393981291,17.0738322777378,10.8918586692517,11.1673210531314,13.0396945426658,12.7043003954299,20.5409467764764,14.2154023498627,21.7335167304321,19.7888145478489,19.027905965231,20.7507197018811,14.7992202608258,18.5011754883393,17.6634075564963,18.3492863850325,15.092365974244,25.1987673772886,16.1969105177994,23.2807550347303,24.4505610230237,14.1625524658292,15.6269558186961,22.0321076159326,11.1311570767137,15.2198414288146,14.7069120183421,33.2072042807409,17.8846088906224,24.8836167262716,21.4129029731065,18.4501443270149,16.905045747721,19.6214744483197,13.5523461318853,16.1967903706284,15.7054202187805,15.0514281331092,21.0089531545026,12.6710059462257,20.5578727072078,13.4753269280039,18.2196050127265,13.0637958627098,15.250784367853,14.4985589297768,18.034845322243,22.7675452561748,12.6989271455449,18.7470209008411,18.8463467687547,15.5918657897026,16.8237870462819,12.3691925349717,16.5413428112684,10.109042560104,13.70623766838,13.6860966717906,10.623120002212,15.4600588024612,13.0837514895829,11.9903477884477,11.9025151656311,15.8327497335184,12.8164667189009,14.7893237678474,12.2179602399795,3.84031597858147,9.43444998016964,7.94402767235932,11.4367303918598,7.98975063272427,9.96709260117262,10.4388924327011,5.08182868442404,10.0220576154497,8.31589806838809,7.09559952112129,7.9504630409383,10.5845770695542,4.28110466401634,6.61853755949446,4.45578387559612,2.99815072102616,3.36572184730175,2.29522634566783,2.74233651422005,2.85192360742895,3.66930651299577,2.05547934778241,3.70182281601333,2.36836620206342,1.88769638847402,1.46764625239765,1.49485900530796,1.21366887159837,1.41983514835151,1.16019499704794,1.12260519055379,1.08855993888513,NA,NA,NA,NA,NA,NA
2.20312150620211,4.32008512818922,3.09475867345364,3.30117652464168,3.1745150050672,2.07117779783951,2.7288523744301,2.4194840030035,3.62972085965863,5.08305580634061,5.46104126890662,4.81236255198742,2.72640829564757,7.31660152698411,3.11699223595378,4.42488490172174,5.36897116871212,5.45788219660728,6.31013637094132,9.76731938107377,7.27710866788274,6.14805377777128,4.4327049881917,8.11889918541625,5.60915077834965,4.05586091206026,4.47195155745151,8.41039805155203,9.15815770111191,11.3979557657734,6.11777338195211,4.21120573805934,7.2763472180097,7.38292112814217,4.83667085056596,13.8462057384805,8.65505977421062,7.1686729416363,5.29887388669454,11.7772152688008,6.27724593431985,12.2207767446041,9.36818991073093,12.7655148594165,14.5966024535264,13.4799449008854,6.27150767154368,12.7344973625005,7.09495032148183,13.2889026453425,9.26526877913641,11.9328778841923,19.482001636326,16.8425717004292,15.3043287619892,9.36822420299885,22.451140625977,16.8386664726238,17.4295585405904,14.4900427653746,18.0755838314753,14.7068862780279,21.7783829709117,12.872605515417,9.66171300470404,18.2919283572577,12.482709696899,21.6300751228543,13.0527291330111,19.3786917140472,19.9644287803208,22.0527121188992,19.2267795956062,27.1766101302614,18.3693856402464,17.2096630646977,16.5071735817553,22.5831680627322,20.3571999620688,16.9389727790982,17.9362858240086,11.1010970293816,23.0716527030669,18.822265621074,24.792782186066,17.7839621957338,20.2314528268582,6.48324133470213,19.6293479570628,13.8491603335597,33.1674559460423,21.1406965921518,10.0318837088219,15.7043160733205,12.0166514372805,10.5563430330318,14.861128921207,11.6229270572045,11.8345365092964,14.1175427536266,13.2951476833821,14.8214589040977,26.3558023534271,6.56301302447579,11.6338994003696,10.5520015817669,23.9579782362798,10.89131454343,20.9488500704239,9.93029299408629,7.7682750143154,11.2561154891599,16.3100106498503,12.7909261926173,3.4860348567574,7.78640371975194,8.26294895134093,13.8231835907713,7.77249009675681,5.22904163075069,5.50997391910332,7.20217621229478,11.3667738713693,10.4631300965068,9.46983975810496,10.7240965560141,14.1459097285694,7.41840449149814,8.44441158841378,6.64620928521247,9.00266929255692,9.2783917326726,5.65083001087318,6.36819405474381,14.4020025165284,4.83631416138385,2.35441329211206,6.47292240376534,4.69633271945868,1.83376322895699,1.74200902098817,2.47592283010141,3.48486750830491,2.51216057012085,7.92152959097442,5.81434256711702,4.73109029693825,3.25946726565223,2.48722980910562,1.79672874688558,1.51434562657124,2.21770985717807,1.24849996504168,1.60561177511247,1.07466928613073,1.2008469755985,NA,NA,NA,NA,NA,NA
1.0779670983388,6.63955164315155,4.21911530549787,1.47973615089754,4.70197735090397,4.45073280534616,5.94198736458184,4.73577848785578,4.52621136866403,7.88054843645894,6.60560090032798,9.97981708866391,3.33574241091203,10.368961303994,6.20960356077921,4.47870075985904,8.02327258268366,5.59978770059087,3.96753628430498,10.2014722126243,8.03777702085084,4.77003999403775,9.12462166837495,5.53773482341673,14.0240785192855,8.77777880640049,6.54251619644767,4.61358394168867,10.436775628875,10.7021475043741,12.9845322675747,13.6551611420007,7.6154757555436,7.85386402168154,15.2297598429991,8.02761356155133,12.7930536941131,5.30042641908003,13.3183849006502,6.51918456946046,12.05331988236,3.84444933900334,7.95730803691939,12.33331463245,15.3520619705776,8.59133194873097,12.4312802258392,8.9440848189387,14.2250824171552,13.2285506414697,7.93597845439534,13.0817044209154,20.7539055543246,14.8622511180101,23.3246553821067,19.3859620222792,10.828865468839,29.5918102781161,9.09170685934154,13.303787581767,12.2507929417382,13.6852040111388,21.0504512925242,21.1576558439356,16.7187768441777,17.1088646504652,24.082615373736,21.7036151969175,16.4558350152379,19.3048384235295,21.9871738696009,13.1701519738889,27.9598705178065,22.3099022717534,27.8158020103047,20.1811760902218,21.1198326316849,15.0512956234988,21.2628964515126,25.154320045852,13.6895119164924,21.4034412477657,8.62784823829565,23.5967116036911,22.803761717845,21.6136330110183,18.3080933749187,20.5743589451547,18.5541205459836,20.0987442790369,17.3942161938246,21.6638174761313,22.3508567690231,27.8813141807957,12.5104688266471,24.7274596417188,17.0600399947184,6.87333282267348,7.33570546362785,17.39513728975,14.9576198823966,19.9731288106979,20.6929377873292,17.2441553405869,16.3940258611012,19.0389437275232,20.7288346296029,9.61703139048069,15.5025040803172,10.9042855820897,18.5409748487634,11.6848755387545,22.3284561545616,20.6973541677308,21.6210928459197,15.3652617674092,17.0232115482508,9.7445041190448,11.6029336407582,18.4534323228847,10.3481794600751,13.7804530285976,10.5867836851877,13.1926431238088,18.8589284123264,10.678903566717,14.6619583920335,9.62697793849114,15.4765003390825,14.9130162755108,10.9338124603364,14.9569035173032,17.0484922607111,13.3420775618299,8.20481785819951,13.245509535056,3.95147722781814,12.8277632487998,7.99643543933326,9.70223777195382,6.9002771394275,5.37288397563507,5.38576702006239,4.02946900148982,3.0460107935037,4.54362539587519,5.56693630205411,3.10320738657002,5.05791316723217,2.42926454725884,4.7199819533745,3.24150097991814,4.56229548330593,2.6823330967424,1.69424249437526,2.66412477852319,NA,NA,NA,NA,NA,NA
1.07411229824187,6.72608313092082,5.02730310714115,2.9250318246218,2.66909400094077,5.99419772902772,4.19902949288694,1.65169183650784,5.11131396323889,4.93560557457417,1.94661338071295,6.26380753245943,8.25122757286344,4.04121982474444,7.32613724510423,5.13689267316259,10.2166104597322,6.52386059015021,3.28615702394758,6.98912033366113,10.8312985697321,12.8995300638144,9.57777319965792,11.4030596105217,11.2246677856849,10.6210346891761,12.2178215574089,7.51472749895486,6.40710145588409,4.23675738273437,9.98476309295068,18.1993988370164,13.7268149977973,9.77809329207708,13.4965381707989,15.8847609174036,7.55147899168098,8.81830117273822,12.8750496415214,17.9574551722205,13.0034857504916,21.0528967485025,18.1543750644543,23.6073423413164,16.5548136238107,17.6947623682297,17.2117073099999,7.92722604947304,15.7324156925952,20.2540389428797,13.9309790479328,16.0708290010637,27.483705155287,17.2136203168677,12.6388723511141,18.4668454769816,19.2312673934601,10.4803148745962,13.7458000240848,17.0232549413299,14.2264191460381,18.3724992137919,16.9477733010732,21.8020786272342,18.9257978513056,14.1181512309789,19.9502390848253,19.9980740514963,17.0591566084596,23.2232059839122,25.6817169068561,28.3340013075147,26.6254227525126,14.0578867500111,14.8905086493076,20.1537552290324,20.5926992663772,18.7893687115558,21.80458843198,22.8774279954731,20.4067790736416,25.2871824952281,13.3698152380332,16.140459022112,25.0774408728256,19.9159338248359,22.8650337924912,16.7595034239007,22.737589835346,7.66319384271537,23.4155957014715,26.9585065550566,14.4897029910056,14.9599075251388,30.3286418797421,13.3491695060035,16.4911581686764,26.2508884797759,15.8557876048915,20.8916090830637,20.1153518316498,27.4606525021618,9.5391847878575,12.27500410826,17.1501901640196,21.2509478052464,11.047307265707,6.6898860931015,15.5750634743162,13.7129139076994,22.4158025621575,14.3527086033113,10.4428441650199,7.73854212655823,17.7514559157197,13.213221424818,17.6538289480164,17.4744278402584,11.2739443011595,7.02463308936414,12.9681438441611,11.3362940401672,15.140753558212,16.0345438270449,13.396281411362,13.9902437232143,13.8350213928404,8.31823148168295,11.6914825316667,11.3058525743112,17.2433379361458,15.6056090150841,9.91808435787522,9.74041410779514,12.2626578561147,4.60389383441872,5.41158257598951,5.64405311826911,9.97496038832821,9.32982184523817,5.19712489362887,3.73535363937045,6.66458054397383,5.64878421391544,4.99210565510091,5.81009129958173,5.32198990625541,5.98025461481908,3.03987986598076,1.73892225667299,1.41760337358668,1.81071950744482,2.3484435352787,1.88970546131906,1.82808297415878,2.86644292664663,NA,NA,NA,NA,NA,NA
1.97215091594399,3.47825677053054,3.85411483724111,8.91501308475434,3.83550190235334,2.62240009584487,5.30839251422423,5.04319892112012,4.55729245112206,5.24630981775076,3.84946705027907,3.70044968994586,6.37920267320775,4.35618152017993,5.02705970056378,3.05550512082401,5.06355765549598,5.48039862376543,4.18796425704834,7.3678249928946,9.35407146076758,4.56679422989074,4.65662311346081,5.93338206030079,7.6152917500302,7.94104843019998,3.54948195162471,8.44524011795624,10.1661337207244,12.8326108758136,11.3306103275813,5.69945821047138,5.04879551474135,7.22520819619527,7.11490599784302,14.7912094060088,14.3803098540729,7.10852275924332,14.2306267330857,14.8403039445327,12.2431525816359,9.33287100964058,15.1318866225646,12.3737924796631,17.9399814310839,12.5737968137305,8.17892042416009,14.8697798860737,8.14802800188665,20.8671753568018,10.9735469908051,8.62618719202668,31.3972729354351,12.5240580639141,18.3437361705802,15.6777000024752,14.3944132962715,10.6017975157352,12.7161384792581,12.3832566010647,9.6713833403474,16.7383549517575,16.4507377984347,25.4316220618206,20.8433420215305,13.1567580985317,15.4137660611342,16.3564512482375,12.3060867592608,13.1102315898117,12.0485594734786,8.41713856489514,12.7975562981603,13.2872760807291,16.8147129348928,12.0554298929708,18.5404959188954,23.7757456540028,19.540520527837,13.0707077732114,18.0845211300412,16.5224898102683,14.8206695932287,14.240804667206,12.1339183146196,12.7137489321458,20.5864557130885,15.4340336268735,21.15129024272,14.365091039451,26.4773471224877,10.545386771817,30.8124625149509,19.1568898196044,7.36079560650569,19.4333280377605,12.5361378578823,15.1650927884941,15.5064912827116,12.7691699168474,13.1429841106912,14.9192125112772,13.2814760827387,16.2310255308353,17.4710073496843,12.5598023643765,20.1339141877821,18.2046869549715,13.9952318241681,17.0483891464121,10.7704058271917,14.068431342543,10.8935297287183,16.6229094027255,15.1563291246018,13.3094870864799,8.26571312786242,10.5961903419238,5.86814745336532,7.46036769290396,8.03389397086122,10.1829458224128,10.0230326608478,11.8293949257891,10.0661860225508,4.53355446014237,15.8156979080151,9.36339133390132,11.2462506664882,14.1898247704358,10.4566442715081,6.45624995855562,14.2063584421083,9.476841735484,7.7390846584784,9.69381665484151,6.02518549016198,6.63851218746629,3.57466780080127,4.5824153937699,3.02779480212525,1.88123889944838,3.61631153619433,5.12106318265383,4.75651336935062,5.46785716017793,5.20361253180992,6.39045359380908,3.08751338801295,2.8320459538792,1.84569653423399,1.41695968036656,2.42085460417158,2.91720132591405,1.54119171131572,2.14412990139043,NA,NA,NA,NA,NA,NA
1.45989633326167,3.39124796210774,3.15430614342522,1.99563016530501,4.89120355630872,5.17826796574976,4.2113331949406,4.07564376392204,6.63102462543545,6.13399851205149,8.79867778696787,7.11392173148733,4.7823035398889,4.77688046041381,6.41417271634948,4.27141991630827,9.27145446845222,10.4367889079942,6.00717276586582,12.4273130937092,13.5006146540433,11.654857849668,5.34734090860422,4.86827343273933,9.22897870851375,3.06181872998622,5.86671113505042,9.76478822402588,5.32694202742799,10.3200502160962,16.2972337685933,6.72801377597108,8.4366013066299,9.99202852697391,10.7815406631237,11.3495824266676,5.47916957515027,7.02896817651322,8.08106545054648,8.57375848858571,13.9195747176834,14.2589624903214,7.93891992576444,15.4953390680121,4.58470846605975,6.20087295968877,9.12729071468597,10.7125922667907,15.8173704767938,16.0326705990943,26.4910231424776,13.3968711227923,12.2704384163486,20.8674442722041,19.341639899202,19.9118181667,9.61441645673182,13.5795285741197,12.6332381369635,21.5450143680497,19.1178029592892,11.9088954208768,13.2611843696598,19.3197031717159,16.0868265023982,16.3781289535388,25.1145935555142,16.0306888134783,19.5468609357596,25.5171756068908,21.5189440668637,25.3089502490291,22.1854002890255,22.3350656750367,19.2848990535537,28.4100711456573,23.8454882493846,14.2122424158996,21.8951949506183,25.5369335447945,18.2135994776202,22.1656567445566,27.6392776855952,25.4990736750468,25.9875892499509,19.0506834365244,16.0862419871576,20.0283899519039,25.6308082703167,14.1818025900528,24.2255486772113,26.2596650864341,12.7939684123748,33.273977241212,9.75666502435159,21.3933164002268,16.4222674966245,20.6002717950763,18.7839447899984,30.2632012023666,25.9601466333264,18.4930687082596,15.612243966809,10.7943279523615,22.9352991966373,12.0950602660884,21.0858156182457,16.2250420152392,13.1192642019464,16.0790375838732,20.4195494470061,14.7517612980911,19.4825709787729,14.345509284407,22.8062954873382,11.5516520392939,18.4770615828228,10.5309012792179,14.5014323909117,15.4922610082952,18.236629164114,15.1970790022463,19.2170146944733,10.3746503760862,16.9350991065232,8.1006558151752,10.3852121489943,13.8191573238901,13.6748845059138,12.5679236811826,10.9434111397754,15.7963288527008,15.3345142332861,11.0614505341577,15.9325874754064,10.2743312938107,5.56345772125936,9.5046923648236,5.16699863021605,10.6894280217546,9.51127019309747,8.83635306297118,7.54483761062805,4.58771081413352,3.74433145734332,5.6988326801989,4.4520920798808,7.26450387175819,2.22596347168796,6.21426897317596,3.87122550598065,2.60552526783427,1.4118220644199,1.64444223636863,2.99434833073193,1.86338846739123,NA,NA,NA,NA,NA,NA
1.55414875785787,2.22436402680283,1.54508698215656,4.0653214913138,5.06350290443231,2.69393868435513,5.27566513360776,3.99931076037192,7.44958282360309,7.37006608763799,4.5054674287244,8.29713444817593,5.33383913562962,5.14580091359844,4.56300625741891,3.40603655979943,3.00281965816142,3.24890140041833,4.41627458536906,7.5169581029526,6.76643438623404,8.24637892297853,3.0873093643969,13.8715498802439,6.95936744367524,10.8998587678042,7.14824341264571,4.74636388578088,8.26129418387628,11.325826661989,6.22346285167977,7.35087289748455,13.0397456090822,5.66409269191093,19.4159966675548,6.13964552377295,14.0686353063402,14.3643526524077,10.3756947312268,16.0010438980551,7.1259292973547,17.5642000664687,26.3127238260438,7.72366338762511,21.0509357803051,17.1913101060512,16.6034578728839,25.3406224332508,14.4969927499517,25.9493492155236,5.52234314449068,18.494970187812,21.1644817148815,13.0641583964994,27.7055579824459,13.1348887085038,30.8656949315447,21.6269665930603,18.3330476077927,35.5470044129229,13.5431381198035,17.9221550097821,22.6922270463634,28.0420016036339,18.4772227120344,26.6662843061796,16.4522160234492,31.8700620235438,19.569830518864,27.9418887337405,25.0145293554289,14.3487206875749,15.0073301481412,23.9570847068819,24.4323387670444,32.7322557921187,22.2170421297329,24.7001266723212,27.8957435923357,11.062688275594,22.0865538037239,23.7944233523077,30.2253135890758,18.6824685856511,19.3593355287601,22.3416086968295,24.1306963576804,18.1796021332148,23.553873584596,31.9589275584039,15.9783723634376,33.1427981330823,27.1564296711317,15.7610625954983,17.9328743446445,22.0784937014778,21.0449323022022,15.5725918912672,22.1089493500434,22.9039010427212,15.1986063243077,21.8237597147694,15.7693384477749,25.5124426732927,14.859891509119,27.0412614699361,31.1572496411497,11.6424320468435,17.5136562078355,22.9110057514974,24.2776987125181,11.8851768365702,10.0896574627821,28.6822865359488,14.7444870258292,15.0756726423721,8.57388987137361,19.2418121811356,13.6006916817897,10.3910835865998,12.8638556489166,9.2404480454866,28.7827358768948,10.5066997204667,11.1835765119404,12.289155691133,9.48100060010608,16.0810268310782,12.647072432664,9.90135308253353,14.4432643027255,10.2232057374531,13.5813110413027,12.5330231295535,10.0133027359517,11.8637360751107,5.67099213106945,12.3929813795814,14.4256828792051,7.62998404208351,11.9208893659597,13.4456169186983,5.92739588227703,6.03047981385108,20.9385745328325,4.72711545110405,8.06033487232131,8.64272951095863,2.95582984616344,3.52698045353977,4.81026736788443,3.20336347760375,6.30261759986583,4.23527600942344,1.51842542795806,3.44705842230886,NA,NA,NA,NA,NA,NA
1.07864954062913,4.32266587500992,4.27968442930744,2.44239516135072,5.18257611348201,3.88419394102275,5.36941032864561,8.96930579031016,1.98335391095471,5.54615544998362,4.91245022637241,3.46905974978011,5.45975217702992,3.12569219775019,3.02586071352606,6.67038796687077,5.22597896252238,6.78363598875174,6.07599521901606,6.40466368470438,6.77244805544654,5.65426343887528,5.20069988169746,5.98527003584496,3.45279866176922,12.5208125183453,4.85688250523495,3.09788683940504,8.28334761204829,6.11313249785289,6.92295449669735,6.23444479659544,14.894107291485,19.1552422653876,6.23191619332778,9.72902781237162,6.61075620308002,10.4554991810481,13.9941858447173,15.5545366347592,14.1632826528549,9.57172805426982,6.24047545287734,11.1159417030429,11.2350971831375,14.1595695498168,10.370668524226,11.8267280839868,18.0691463467813,19.6639786803264,9.48555858295325,17.8626138301729,8.22679769311941,17.6023519784585,16.5695362215594,8.03970254611288,12.0560432381237,14.188596616134,13.4620080108542,14.2447157502216,9.38300128522365,14.7973556455029,6.08026247322219,17.812757776638,6.00889505366314,11.481496584252,14.2153438448605,8.61157897441677,22.6293702072929,15.2587470468599,7.95418319178576,17.9384869819896,12.0195952913661,20.7449332932467,12.3342384772555,15.62147931694,15.0962790975684,13.3287650957028,18.7222703774168,17.7257188756133,14.8040093976167,10.369075808693,10.7588115814412,17.8928439292088,9.04190183490125,16.0792623358454,15.6667913753694,14.0604943563175,11.4598384437888,20.2512698736582,18.5038540954891,10.1922723446195,16.9178376901959,18.0532037868688,16.2820499583807,15.8325696094142,19.9432639424223,10.5744062246237,17.1500285661654,10.8743743312376,9.63048545501834,8.73390003778169,17.5617818362779,8.83543930950947,11.9577424785219,21.0658456905841,5.45372198880415,9.25700993473506,17.4954873898917,12.738634246297,12.3224439879322,10.7724794705175,15.743258922052,6.67430119209565,13.5988945323635,19.2164440052986,16.6909860233966,15.0495116861226,8.64227561132375,10.3556356468827,11.7063188673395,14.9760880168947,10.1937082349474,10.5605866608264,12.8856830462615,9.61748902444033,11.2282315849461,6.30957628602567,12.4373984806796,5.50783120989592,3.45373076354217,4.3854764728176,8.27976262215644,12.6926636527128,8.66182326721817,8.98522018797245,5.01372911628845,6.58675909409998,9.64988507581118,4.17927030460041,8.98671364067173,6.6176229104986,5.84781885944014,5.31095343251474,2.63325057094837,3.95739594421441,4.99512373437458,5.45119109885318,1.31628240096213,1.72730404688077,3.02094781913833,2.32183185262189,2.81223893497881,1.98399476248658,2.02214585824297,1.72505857287488,NA,NA,NA,NA,NA,NA
6.58883934356718,6.91584605365841,3.73391088002741,6.55084873380871,8.95951480147829,5.11916191434162,7.75744059678418,10.374836457908,8.21968151762355,6.64966475399626,6.36418607359519,5.36505576230766,5.25679036633554,9.6807802795536,5.64785349921143,9.01532149447693,4.7290314432105,4.92581068359854,6.32233535596332,7.61780617975453,3.99951386457891,8.17209142674199,10.7488241298701,7.91800435186236,7.69852506785447,7.702862997168,6.31561266900879,13.1816668217966,6.0509738640994,14.3604542471755,8.3463421906257,11.1138194815636,13.8622421243304,12.2136556690442,9.90679627294716,13.0903661626484,5.20556753324703,5.43704640800833,15.3904420182188,17.0334998585057,12.1735184497067,25.1818138228443,11.53370708002,11.9269183995998,17.0202077470024,11.5008053401174,9.34399169846316,15.2606483532615,17.0088657082212,14.0975917410748,13.3030330769953,14.6837658731932,28.4643149233695,26.5921669481951,20.5382309661575,15.2263222618606,17.3620002982221,18.7770690706363,16.704153385458,21.249941905221,20.3382661031596,16.4098425385058,23.476230577394,10.5592807747131,13.3633427933899,22.4356331823384,21.3205786295696,20.8340706019341,10.9350289120373,21.9442682954178,24.0321675591854,23.4872436367326,18.0474676164873,18.2140229934078,20.3069349490229,20.7543953056793,26.1578571350376,26.2667164469073,17.9086867477791,21.2314721591063,11.4339319674343,25.5810148547432,20.6749139885427,15.7134839136616,15.42490013549,13.28352859408,26.4667041227412,20.7257925183017,16.8579037257828,21.1372173923825,17.8556381711518,25.0904510893996,24.0645290337343,17.7031171280735,22.0952105299627,19.4660325860591,20.6955609274223,22.1375501352387,11.9952452510761,13.5442390425624,19.2693919919456,12.47147056343,16.5198466194275,24.0273739570952,16.1589587352541,18.2049624127571,10.480144288556,8.68115329679508,9.83696109919991,27.8548996748168,24.244989774099,13.5458031341576,20.8597561422303,15.6000347003748,19.7430451869735,14.7030146558443,12.5187217873961,11.2083189468671,12.1369868600358,22.5873782122943,16.391012281957,13.4567279538823,16.9603638653099,9.20138258124277,13.3690250177899,13.9106795250492,10.0323641307176,8.5435718639384,7.60886342527669,9.39892548974424,7.13503978859148,22.1563842104462,10.5906007499765,12.4600507871438,25.6310913523469,10.5042524877554,9.25983621659531,9.37751257548774,11.6049980584795,5.58979574308405,5.21198347884338,5.13148785006603,6.83398306625204,7.16800451805271,3.50195202837623,6.57304279532114,7.28873695934988,2.99988803679362,3.93261081220521,2.7063004255001,3.64317912721269,3.59994802752821,3.22958586426452,3.40406991134594,2.71153750468134,2.01782279711091,NA,NA,NA,NA,NA,NA
3.70138257589382,1.62977520049218,3.70672532098333,2.36936918521673,3.58786000462304,3.55216481750548,2.77275758931664,5.8231749827286,2.72202968292717,3.47193195737507,4.62347384710426,6.87692979548517,6.77133827875478,5.46664467008079,5.74903768966636,6.99803360389475,2.75456337034661,8.52153313775462,6.23952653757249,10.2989813597108,10.1436749469451,3.74381105172523,6.26914984913549,10.0487478722261,9.50415017656007,11.6203974129264,7.95432039403278,3.72663055367213,4.5493841283064,13.132113182843,8.42893119093812,8.638477089601,12.0926465034212,6.74350966453972,12.0320466054013,10.0183966932808,7.23825292056688,9.72039197820968,14.5638441311234,17.4381970625322,11.6214599148643,15.4813340631384,10.8065556899176,8.57466708354412,9.11699401693272,15.218337327581,12.4790071276187,16.0135737793335,13.500363297998,9.79645681716352,21.9557437243817,16.3892231401196,8.3494817511704,21.3704335970043,9.98136366395779,13.363886213798,16.7186004038585,18.376341605484,17.1766069315964,17.3426724496135,18.2340780204493,26.202150811202,12.4177629892644,15.8286149706887,18.9081591653521,21.7335237991724,15.3744191423044,16.5257927774445,19.2409067661135,19.7810700482778,21.4309834498814,27.070823761698,17.9294053141846,21.5086592040529,23.1518471981734,21.0535797465795,27.5563726281636,14.1477786088687,25.0053162517002,19.7554210069786,26.9757098744585,29.383955320331,20.1131763831605,14.5005865347632,32.0842586353256,13.4259012233205,15.7814662601402,23.6507183222238,30.4051991029041,18.8398348128345,16.0570693147713,12.6094861627959,23.3121189957989,24.3871821736534,22.6582096541841,20.7914679698418,19.6498334400613,19.1691321409322,29.9801882060573,15.3420447805804,17.8961406862252,16.2048868906202,11.2608892423524,12.4637483614661,9.04187071121658,15.6220898390283,17.7397949425086,19.6059241288291,10.0299250050144,12.6427312357474,10.8553406451534,17.2528159762526,13.1340292260463,19.6810830434928,20.6314923977545,14.4350713673072,17.180374875703,18.2638014867906,14.0554354896412,18.43918944319,10.0723255067657,19.0345481040006,23.1944784062295,10.0925891003314,13.6662716831023,12.6864822927561,12.8298662734617,18.3912511924534,9.83729651854325,14.6088730157452,12.2194072920622,12.3207160115265,6.97786819292518,9.50451198747569,9.35962962313191,8.30119377786854,7.7073230926354,10.0352920483641,3.52325162738808,6.28215831153546,4.45859497190943,5.73688083269913,1.97445574652419,5.36703244498321,14.4776472856097,6.05074467643385,3.95309873444927,3.71701517427623,1.95903767830056,3.43046075657321,1.7008145890232,1.46456811033629,1.66133211240554,2.43666116322836,2.34096182962968,4.55915122087217,NA,NA,NA,NA,NA,NA
1.16305181186421,2.78525023729063,4.22797268794918,2.48192830146668,5.59211252513364,7.79032843938386,4.15656884556425,8.09684814022702,5.76694234223352,5.34012294242641,3.14830215439799,5.36334546537763,3.3655932349845,4.88653053436763,5.96725559420023,2.91116214338914,2.74491932236849,5.19508613979142,5.73890298895327,8.77629990371468,5.52153742096701,8.06688751583809,3.82517126854637,6.05494041152873,4.53712622553351,5.12266944640078,3.93362713561261,7.85425525251622,9.39382526813723,13.0287716926073,9.35918771415219,14.0149379366649,13.9529279591039,7.34868057935008,10.2254458738028,12.4281047792495,12.8039219795795,12.6873800183621,14.2460616100258,7.61051829591481,6.55109548318461,10.4859992802283,11.3774723076768,8.69676678368778,16.219753287689,13.1477164453867,8.55261236802061,7.68406474969455,9.34042928549545,8.46260821638951,9.95541698832014,15.7067830479022,31.1141635131509,16.2496229601624,22.6250548458678,17.4224020879334,30.6860030626014,24.2054269584212,17.2465734340901,25.4958730036518,14.8528806009554,21.3522515124632,17.7176735406595,23.7481802776669,23.38741066437,28.8880848985267,19.2922735192045,19.8758065269934,24.886582036255,23.6116497116868,18.0208739367963,14.0544289830951,25.3806352282422,30.0271465131214,22.1108654595314,22.8666961701898,25.6363697847328,17.585700984752,22.0554184012841,20.7421236993459,16.902145007936,21.8465848708278,21.020920816588,19.3523324337476,26.0008784616074,23.6583375286299,37.2207762206698,25.6872434851312,13.3745381570989,20.3735832607685,25.2519388520188,26.510361327506,23.197972823386,22.13505527716,20.4862211030308,25.0175078503097,13.1709695737111,21.3703585795818,18.8961760414025,20.7420301799839,24.2337033023151,20.4574507855458,18.6743689162066,11.6530653669847,19.3455568889709,29.5905688735475,8.25744671968808,15.0756770062879,13.0136468501866,26.7178133331571,14.8076992944926,7.533830549414,21.1173985166362,16.4087988833234,26.9906630145082,14.9115578398812,19.8234731373426,9.36059179910813,19.0574831026437,16.6600421208721,15.8807756701312,9.09344277297133,12.7789110954477,13.0382182338765,18.2741218844337,4.61512210956215,11.8257041771385,13.6898049996032,10.1631604362331,15.3691343890949,13.267061402378,20.3282858166713,9.2543691647434,7.46118563374092,10.8239315132077,7.40815224387469,5.96330779281928,8.86757698255794,12.0593304179474,5.97466814133252,15.079176968979,4.31749164800283,5.2229671037697,5.5106163492513,5.13364555095517,4.75112607731227,8.82355541427725,2.71630552534581,3.27718200005397,5.21312378890397,2.41581661114754,3.97182359633237,2.7910939929951,2.12206930470551,2.31739074402096,2.60607787817017,NA,NA,NA,NA,NA,NA
5.02927152876266,3.57105584262484,2.82889383814865,6.8931354526077,6.4937394522936,4.34731279221297,4.93084669713288,5.85751432987864,5.02132043364159,4.14516294879624,4.99532968520321,4.01910120147552,6.81971799978543,4.16449648122313,3.01468098484215,2.85292222018679,7.34891612894925,12.344907441631,4.27980509256952,7.58713521267687,8.92635825472858,6.62328439040761,5.5993389772631,8.32934176817785,5.5117341074665,6.12824905763883,7.76528927558201,7.14210157565398,5.97105401791433,12.7747617060065,3.507539412521,13.6990098519782,8.87741250112635,10.0638890647712,8.46183690387183,12.9288596392574,5.94705700064542,8.31238517455294,25.8093596149655,6.24664995679072,19.5449953904376,13.1044315099578,8.78141726178972,9.57948388086885,10.7101004415456,12.0293725492267,10.061228943164,12.9510040075968,8.08199357097359,6.31752486357417,20.4909884401562,14.6142891487553,10.576700543201,13.7941294296172,13.3173594952353,19.3983233422645,14.4751798950019,14.9915482664516,26.663748361908,17.2585754406324,11.8425390232397,17.7610567703018,20.757846416665,25.7192591575533,15.7710424054406,17.4122546509318,18.9002003924542,17.6593611803199,19.5937565584824,13.5969859594571,16.2946285395226,29.2569137429607,17.9798335979572,22.1355021332762,20.9557649243382,25.0643577619505,28.8290463322266,22.1015407222957,22.6098449587126,14.5599694012267,22.102674001566,19.6928200069542,13.5430373959102,16.2890017757742,25.2430280723405,19.9826783378517,21.2131581764667,27.0195482355857,10.7355855895628,20.8931045857403,26.5842743657357,28.4096027667484,11.9934955150448,12.6574375686024,28.5673898283124,22.8594596660795,14.6786180237481,21.9334865914146,24.1985300118842,17.6209411843859,23.8936393458486,17.2620513267371,12.1663272523378,23.9106132665707,20.5123721088577,18.0220974324773,17.3869631560116,8.81994027365206,19.6810958107551,21.6036971799082,19.6846997899262,16.2964294218147,13.4353625662054,15.9629221940247,14.8026781252772,13.5402953544967,16.6419478494512,11.7778017773611,14.2723530587195,10.5312454393206,13.3945639746271,4.74230166794966,15.0164415794283,12.1592141630452,6.56185150925761,14.4884026518419,12.2501374707244,13.0777982460816,16.4422139001503,5.38803095911054,4.29798418653529,14.4705451038149,8.07237640925774,7.74756199740045,7.94038157313615,11.6270568746856,4.28355076591864,5.85735587019013,6.36160508857087,4.03136039316905,5.34583743361418,7.97623696016975,5.63270191484359,3.83963923585827,4.45321904117041,5.58603769139672,2.60621922375031,3.89505439160218,1.58052531580141,1.79743602325848,3.42265223152076,4.98143454666106,3.6631479225,2.92386471428587,2.45153656057908,2.78290039095855,NA,NA,NA,NA,NA,NA
1.12985948809546,5.12394022833406,3.21144223912275,3.79986150281546,2.1472307006603,4.53664446959583,5.55058787843575,5.21115434530918,5.43468105323518,7.9064868140592,3.54552037780387,6.2859500898671,8.37196592591314,7.20071473002642,6.96391344810271,10.6815217477884,14.1534936967564,3.97286335510344,11.3385366503555,10.1096463856846,17.6815054671547,4.2239613075182,4.41057753543189,8.99051998985419,8.47373414017064,7.40374892418359,15.2740854497651,16.0455535519044,7.959017036369,18.0197659895394,6.54836324005463,10.5287671800052,12.2011582339103,5.48503581068884,15.9229587865394,17.2300982824436,5.86822885336918,12.3930389986147,11.402803661553,17.106571385844,16.7167559103832,11.5030549950384,14.904167071795,8.90602324072974,11.0737297702285,17.3073883445387,8.26380695676545,21.1124883570794,12.3783081103899,14.7188317952141,14.124113033057,17.0666794579516,15.9020588365885,12.8613436198781,10.9396762131025,22.0726001031098,16.9645991198867,12.0315042028325,14.8529990260604,19.5288439533709,14.7166119047181,28.9688060229119,20.1882827698036,20.0209665954577,15.9503701748956,22.1712159306729,25.5005330379009,14.6944405121734,24.5661917591626,19.2228883085612,23.0968770562129,14.0801989503576,15.8529288664471,7.72279279399247,17.3677857939594,16.8247640414416,22.1946706407054,26.2611573638143,12.5172898286217,11.2222612338868,17.8590078904417,23.3019375615752,29.9789936604279,16.182165371846,15.7926691035851,21.528333730599,15.1673961227426,19.7950697393875,20.8345623063089,29.8962804837896,17.1258790381201,22.2711527390293,23.5365540654216,19.398030218173,21.222574774623,22.0588846121514,16.0311515704104,23.6756312066031,17.2505931929012,14.1203289101185,15.5570971312578,20.5489727840723,24.6263358372471,18.9829535332279,16.9815981176903,21.5912379901983,15.1427281411262,23.1605961527414,13.8951072003766,19.6876212619677,15.1697462318149,16.0311922063127,11.660107811046,9.37413080289097,13.8824463860621,27.0618471751293,12.0108436985179,11.6905202593459,5.97261069537489,12.8434686688381,14.4215234769148,14.3061579275097,6.21475141763945,11.3408463141398,15.2610041603799,6.81869303255962,14.7233884955803,8.00716695637195,12.5860619700243,10.2891553739273,9.10380821096763,13.142180994493,11.7813838979579,6.79428150475285,7.23145657596737,11.5964793247051,5.49070111464903,10.4849387273526,10.631395165749,7.3027054062253,4.54020090299773,2.95510138275511,5.82166684035072,5.64791054941293,4.20171958397232,8.83662454285942,5.45757042569928,4.18001358202043,4.79809161956546,1.9942328949086,1.87714057087696,3.15867880092456,1.46843600532771,3.60583817202549,2.38160368541141,1.2539701686702,NA,NA,NA,NA,NA,NA
1.51831054292121,1.14039517163432,1.22404792970225,3.73834352374722,3.57712135325121,2.44247314126766,2.99601626160961,4.69843818830917,5.63093018641666,6.20005078525186,3.55379403508373,8.61307099293239,10.1881607847972,5.63847834821467,5.8367995452096,6.71742980545945,6.68877011690542,4.62650224957324,2.7703461674243,10.998815598772,15.2373023416125,7.93053746599509,5.3105996809551,5.94157530205504,10.6223239376051,5.63290964750078,3.63571451525406,4.04446639090906,3.24256127798825,12.4173397720915,16.1396694030347,6.0536870355223,16.5321219571262,19.2441016985995,8.83629864767717,20.096947483904,11.5204993792757,14.6893572139671,11.9811166212961,3.68281342505309,11.9489255343062,9.17714079629939,13.8364244340704,13.4230740159058,15.0982804745147,11.8008588522379,19.5458298527688,12.2652736402837,6.861928607779,18.1661314460445,11.2613272462367,16.1091775758907,13.6233312001981,10.7215591184643,18.6784334785086,17.618205608717,13.5264074399626,15.5818225416201,13.2301373387228,15.7404038486931,14.8394392252664,14.0107850974788,24.1380341809097,20.899824387834,20.09529318741,20.8297342437236,19.6963584114089,15.2728854562273,22.9529152210612,20.4689102709281,16.0367055784829,22.791059243377,17.3568155903082,20.3484008377933,20.1246452123556,15.5683449804047,20.6455906012232,20.9225770818139,13.1129642945991,7.48745118905108,13.6598981282586,16.5549678989085,22.9949804960198,26.0708135082856,21.8831063332509,12.3932157799062,26.0016347151277,23.8244328265974,29.9347766231556,11.8059757390881,11.4466277771047,13.7364829638702,24.827128330265,24.5395092592827,9.01385734190284,24.7121164998372,8.38711664871297,10.9750946973999,22.6008306268735,14.2919078324708,17.8245451223424,19.5669791865525,13.217125030454,21.3967793922684,7.86686712852014,14.6102549810298,16.4656147930135,15.9475785837205,16.7648807592521,21.8726841181144,7.96463885500068,16.393167189108,19.7917381295739,17.7208186628462,13.3609187568294,15.9741131412643,7.55217499389527,14.9007742733665,11.8515044416681,15.4924580241227,10.5860777390034,10.2427691728937,11.2986590239865,12.2323090639201,8.67750375474285,15.1845513996596,15.353898994029,7.82213436144356,8.2059294622129,10.7910056881576,5.12837857641107,10.0046268153504,14.2079656775319,9.95736091553089,5.76280076013652,14.9881427894797,6.38515954433819,9.58017937427751,5.36684081683528,4.5917133191645,3.69907068103545,3.5258507710321,4.337794200072,3.4437604356988,4.31953101846212,6.96522197259519,3.98076160463464,5.59624381311722,3.30860208309022,1.75434396941057,1.67982475327204,1.95489402083603,1.53233210199185,1.21241059517478,2.02795973582816,2.14390013088642,NA,NA,NA,NA,NA,NA
1.46011272727349,2.13295495976054,1.44429745083814,2.48291456968509,1.60259395631964,6.56327768377956,3.64662510506879,12.8125417312485,13.591045829418,9.08447000549631,8.83915039409861,6.68409246633554,10.9337822904353,11.3995854710643,5.19668007215913,11.7484711306725,7.61999331928723,11.8122585459709,14.1108675142044,7.95462851275617,14.7092775108747,18.7329988826633,12.3611164773087,3.86173441638261,8.138420769591,13.2663003448141,4.41999345626765,7.27303513989027,5.07873245733446,19.0287989238498,11.956211433635,7.98778561487202,7.47257425726148,18.0252196059041,8.76195241705725,14.2127512761134,10.7459046591297,17.5701105929195,26.3701758530375,14.5536179759214,22.1406642577351,6.15579263368335,20.0144621556383,15.17490265004,8.09626555445789,19.6106103263594,8.83550759494061,13.9218544188534,16.2892385539899,18.1117182670177,10.6315230443304,15.9103769512345,15.5577579727392,10.4009690008445,23.9971924569112,14.491013890278,13.8989513230623,15.8925734520333,17.8626109794791,19.460991885056,16.5660693285944,25.0296967820114,17.8683398450309,26.3802643700998,23.0769422752947,13.914933702766,18.389805095967,14.5363631020603,16.5303921259262,23.2569126119555,16.616548475167,26.4337471336235,11.4623941155374,25.2160024478767,15.4729642450079,25.4179461547389,25.712144234029,24.5716529945087,17.8142412288455,22.2669891439015,15.7850695667018,20.9604839754665,24.903587161029,23.3116802102888,19.9480829697549,18.8883011174406,31.6221020476072,21.8711986284311,15.9953072122341,24.757231301466,32.0915198404112,12.0121448598485,10.5617596063245,21.6325043235881,31.5369682433337,21.3302528362091,12.27335742745,17.4914541233198,9.08186087771102,24.0298416245269,19.9583666599086,20.323480206625,21.9627731935036,14.0493940031702,17.8499617564798,32.5281581797684,19.3438568202113,15.6853498369024,15.627930481968,15.7061062438239,11.8815742199065,16.1732838866127,13.9151997653286,13.9764115814408,10.7939093508833,10.7887391999542,14.46810086291,17.3907734545331,19.302812289385,13.3227444193758,12.5783212653958,23.489293713169,14.604877559155,12.1590161902331,15.737197638467,11.1685325698956,11.7454595792695,11.5757588752523,8.60650429523898,12.1538294827083,14.1367028665472,7.95124327423151,12.4708237310737,15.632401395428,8.53786310796993,7.63717288241043,3.94883122052899,9.04472663422027,14.5585431848293,8.85267449910078,15.1109452170986,9.07218960773882,1.96099607619712,4.16785440050508,5.09513700520435,4.4599720033976,2.71179482175598,6.97685359070322,4.28042843553692,3.52322542236255,2.12093823532379,2.80868072167325,1.37050399019271,1.4142754791445,2.63335528128243,3.30413557441908,NA,NA,NA,NA,NA,NA
1.24046819031621,1.98795434327361,4.89035191159331,2.54646430104938,3.74828854535716,6.90633018162271,3.69953882269638,6.80867700016175,4.32799443446139,4.51268340154119,5.15297712781257,5.09856762648141,7.02332870463519,7.74028768323884,4.71455894037715,3.3773820229299,4.95932584062883,4.26628661559863,5.19592379535058,4.69640956522443,7.73833494430681,7.20228503947448,2.82506673917315,13.4440274737626,8.93649163154842,4.66782393323489,2.85716937591297,5.95848223608539,5.22595313376353,5.70854657241002,6.74315132843247,11.2975898619682,7.24864851742558,3.43460603082854,10.9268728927907,13.4446304912509,8.88885406217985,7.76917520551399,10.0828998966276,9.62747562035308,5.37005541763104,5.5343523356895,11.2333074431724,5.24636148808314,5.20251084901541,9.79224858018052,14.6308412772143,14.7362493282472,6.42038369547462,6.20984395741314,10.5431420637878,8.12278803950987,22.3445468522455,8.67692650045553,20.3241366365073,20.4898333412532,14.6152243033374,20.1823236538776,16.0523665321672,16.0986010979102,14.5904810741177,11.3946212530081,21.1973191531367,26.7486648796921,16.4313110402785,14.6359354127116,20.1378728367839,20.7985254848792,18.0831596922557,23.9508187056369,18.5652196819581,12.5076189613189,14.0144165718915,12.12312713295,19.3335786175754,24.7070377141129,23.4589563268238,24.1876730018648,18.8821863844929,19.9953575566101,20.4210024540536,24.6569429351231,14.1609093344282,13.3511006941809,13.2476925132529,22.8038112818921,15.3612057694694,23.487895635037,22.7471270897731,14.3708229642269,28.2698954632966,19.0889106880718,13.3214236034605,23.7565215965489,12.9160707970475,24.6889262877008,13.0594984906446,14.9599784861412,24.5144987915749,16.6559163331269,15.8680750650769,23.1597056880667,18.4978921504421,10.7265930909685,19.7243949518338,14.3794172229132,14.8938836085547,15.793054947747,15.2887143631498,13.3131660658077,15.8949070799127,14.5957962934603,8.6426649800019,6.63575060415215,15.2708461210015,17.5271183198214,12.1258110539247,15.697733042031,11.6400984333565,12.9509966775419,7.60467368263378,11.4806517068848,16.2208903222759,11.6261575995981,15.1077822329536,12.6415004943374,16.3676291553549,14.0532782120423,9.69654495537095,12.2862062142185,8.3854783339443,7.96628432797954,8.64061786627598,11.0283305404992,14.1693945957073,13.5693073976752,6.1906100197369,8.99342308151922,5.49183452419671,4.65193254218289,4.10229696696228,5.84770575801419,2.70357213401945,3.96251842277053,6.65024138053398,2.17277924632195,6.08618962201409,3.79596468281836,2.17134464640803,1.76313154053189,1.42800860505701,1.76333726544177,2.44636083972357,2.39073757312272,1.43724543363182,1.53070568224441,NA,NA,NA,NA,NA,NA
6.87747694786002,3.80773723021364,5.20684135975417,3.92864740099875,4.99517381038532,8.12244619850319,7.9900715426364,12.573945638962,4.07634369359328,10.5397732928103,8.97793348294406,9.61324720422026,8.74255521975649,3.78530146435547,4.22803591032179,5.95155295271767,3.56235878141662,6.99638365015251,9.16882939388526,5.23226197593455,8.82162429978048,7.00569908321819,6.23888720500697,10.037994849885,10.8753365676456,4.87426477424519,7.31807397742889,10.0652596845803,6.2275475318928,10.2574362819376,7.34355842562445,3.35785921656317,8.14098563759953,8.92763149635702,5.44668776518192,19.6824983150921,3.56036838466824,17.9935698579331,10.6814018328458,4.77228984335691,15.849806806144,11.4919116682366,11.8290153372351,9.91239890457133,15.3483080741961,13.1996823047201,9.8907256529578,24.3796678184048,10.3783119389636,13.3588597343747,7.98356708881409,15.3946094452042,21.1671536706791,16.5020012069937,21.728350933695,14.7782920113251,18.4558570380017,29.4561015023034,14.9967928329634,21.9269147035184,26.1434610038705,21.7018889287271,20.0372598613925,25.8317874544185,22.44404320597,19.5830935083272,25.8287502135929,33.1031410346382,20.1211877711454,30.5945410779344,16.2370815724324,25.0434907881245,17.5460299024143,28.4277066901987,21.9300057723104,25.506927430643,21.1421072528671,24.9537655648585,21.9796398873371,27.236032454975,11.3743730650294,26.6198118316415,22.3656151365983,30.2695492959865,28.4888903636773,21.2889171564348,24.517686842854,14.5872239676783,18.1940282751653,15.6218680480194,32.9804869180453,25.5834448414515,24.941052290599,21.0408729155646,14.2405773203928,24.3146867790654,23.9337613561032,16.373068681719,23.8707048561607,15.6504954878692,26.4683356898864,20.4179576147602,17.4552587175862,25.1103045453124,22.3573358405238,19.3782915189702,17.1508167551279,18.4243960738034,18.1082871876876,13.9309505739186,25.513872090355,13.2774277034866,18.946614205374,21.5300855756983,16.9403760945677,18.8089089518721,14.4714355945927,19.1149644580974,11.7942547931769,15.6855924635346,7.9293405985276,20.0478476224872,14.8433609318903,14.1909144631233,13.5977850285687,10.2204674102314,10.8500584577971,15.0420203556538,8.6127807906771,15.7297028828795,4.65487504663665,18.4352228351248,4.66616874164838,12.6783801062714,4.65464797311616,17.9514707098473,4.0860113527511,10.2522002696436,2.24571069748873,5.300645294149,11.926007505539,5.01629892682391,1.99000877266702,7.10204437566411,5.37883306015466,5.36746532242035,5.07539695641717,4.33440441866369,2.12217510037177,2.40009658260193,2.34473384880527,2.67082801298574,4.09845885122233,1.62536474706487,2.79935729510763,2.04228795760263,NA,NA,NA,NA,NA,NA
1.04323758467099,2.156851953947,2.05805305020404,1.47183963742903,1.97992143959355,7.57256847900507,7.34589529572841,10.4135662029739,14.1398369609647,5.46970760462493,4.74915841401414,5.76495120440542,8.49670106316358,4.21281523350533,7.01990596814611,14.9504727309801,8.13725614562552,5.81925158494426,11.5305308436639,8.62177679224644,6.28637516026064,6.58219255447636,2.58525291250615,4.65871072597822,10.6301515058603,14.5620110809133,6.91273472714026,9.45441143975758,5.80356831868794,11.2503039482888,9.44917450181732,7.52142031408114,12.0762609797543,14.8143335030888,9.65918191686593,19.5507352130091,16.9048933153461,22.9759921456342,18.819809271755,18.3327019395294,24.7469584229517,13.9140626317583,14.754598627751,17.9510497635156,14.2320893426728,10.9923117733662,18.9837578886018,9.6170337776285,11.5753525406503,16.235341267628,6.67741146043638,13.2023278269312,13.5741780605666,15.4484981316427,13.4438005804278,14.5516778589345,26.953366756013,22.2030738234303,10.5311228810193,18.8768590241759,17.1671064030213,19.3144948954982,13.8051643918227,20.5599815598051,14.9217497195885,17.7506087471953,18.611841177793,12.8210182081635,19.674246170522,22.422043296748,16.8596626346401,21.4852725446444,19.4830764403228,26.484826540367,29.2443008942941,20.0912135407118,33.5558504836856,27.3108937771098,24.8773794402066,19.983104121622,16.567800833203,17.2929724931348,15.714705080463,18.6253383660334,17.9766334331469,26.3300428212494,18.7305800687832,30.008747488892,16.4060941437595,11.747029870094,24.4399536775042,24.8871656792565,25.6234421378176,20.6121433708381,14.7220274351356,26.1239867124618,17.5629292269837,11.5460728501572,24.2979112728995,17.6712799890661,16.1095366111112,22.5943306216568,32.9978402296643,25.7530345276362,22.6144260247008,14.7972862079899,18.7584088414644,11.2205410611568,15.0161126052053,15.8009455840052,19.5755230111779,18.6526729447731,20.6264600064867,20.9590104133921,15.7395108798553,12.4778079312561,16.7635412661669,20.8862403458487,7.6213050940811,10.0747757926605,15.1346398636386,12.8550006250224,13.6336858594401,15.109242638549,12.8897188770088,12.5492011888626,10.3647667496066,14.9165607846442,16.7082462035261,9.42428717158409,13.1011876160897,10.0867780916707,10.3875411918897,21.7617590189462,13.8847958838151,14.4994867420117,14.6058783408482,11.4440467005808,4.73396513036693,6.20815027964299,9.71327876615636,10.7477468359739,5.49632351624012,8.55495132544961,6.28815254112417,5.24579171632896,7.51928665577954,10.1031520690083,3.42455903382345,1.81919433730626,2.21701635135847,1.55327093690204,1.42324804142801,2.30099732699923,1.21017567839241,2.36372585759235,NA,NA,NA,NA,NA,NA
1.03960045258229,4.30586143175578,2.63428071118398,1.26532099357403,3.13045062590465,2.80929446772455,3.13788143570849,3.49739768258929,3.39520828243832,5.61804567835923,3.29024722746854,4.89943734013895,2.49023975274625,7.04474889683221,1.87224661396671,5.00549974344451,2.49748007970218,3.69957380592305,4.66555688163425,5.72135458790285,5.1212109226632,4.37911743366837,5.70350237532106,9.27616956420793,7.58314693057455,5.91569897888538,5.69695879398313,13.5271564040548,5.32794571402552,6.14587166553609,5.58509488318744,9.35980142998494,7.08653867512647,4.27504579786963,12.8758199905452,9.76143038357551,5.74174911099586,7.08512419096191,6.68163271932404,8.81395569775418,6.68469144466906,15.9529567850882,7.57967185080761,10.8883104951277,15.526379433302,6.88967482397473,9.59394456438544,6.15074288739121,8.40171245413455,14.2017581358653,4.24883826218984,22.6986127732035,15.9160399895466,8.43546274693425,17.1002954196872,10.3136368517953,15.9669017408574,17.7861414508829,14.8750148021278,12.2012559947134,21.9053967402921,14.6656658595916,19.4656029030007,10.2781174584064,14.8472683265522,17.9080433029108,15.6598006873121,14.6880150356557,13.6989605857253,23.2819468568036,13.3635793109272,12.4460695133309,16.4080704261134,16.7794888710689,13.7748401189184,17.8060442835991,25.8717367003137,8.79212372203601,15.8808847354699,12.4779833177862,10.4218627317523,11.8577579901056,11.5848121632444,13.633310553243,25.6600101337656,17.0585719856908,18.031204659247,22.1886194139037,14.827628515358,16.2303614350103,20.9442241732522,13.9250409210352,15.5952200894797,21.3967515977638,7.30887113567634,10.5175749140727,7.91311427527727,16.3547997880504,11.4649903723912,8.51006674565323,9.62955367598981,10.3270969935373,7.4035225582713,15.0018596404527,7.04426766805999,10.0227450242246,10.6200477301976,10.7013614688617,9.68203739772524,13.6707428021856,7.83635701604052,8.09492328996281,10.2216471299128,16.0829888716316,10.7104961858339,9.56638388227901,11.8769446152338,8.18707102032078,6.55486520217665,12.1071906117568,11.8475040197133,8.78139510624905,5.01938803682001,11.4567235720669,14.657783637997,10.5032613086954,12.5712698242968,7.48330511371511,10.5133159788444,11.66590814921,7.28436645465335,7.98217838552493,7.58463089358933,5.22571785923518,7.41837313991408,5.64951142467438,4.2808127825125,6.26958828253391,8.62745202353354,3.60305549968322,7.08584967493599,2.75091549342516,3.95866175275177,2.32860623347284,2.79371643151885,2.54289967362652,3.07560791240373,3.57832272599472,2.58064971631709,1.80961365659657,1.57461073737071,1.52844111561976,1.60964016502147,1.95045288923227,1.19144712501692,1.43127519644998,NA,NA,NA,NA,NA,NA
8.41337860732751,4.3081539780102,2.48176175834829,3.12093967358277,5.16197535048084,5.8204504970102,3.90624240897854,5.60736696554805,12.4825431122655,6.912885405535,5.4688821972316,8.01217513489324,7.668678585985,6.3986839315894,6.5920878375874,4.55968484077102,13.1738535903212,3.00552817655573,7.3128573897306,7.38397010601986,4.1602147681182,5.85186632775989,6.20045273963611,8.28446201258124,4.85627293553189,6.69634423470222,11.1125130633215,6.15975695418958,5.2880697176809,9.92412205119288,10.4676029151664,7.56844955771693,5.50322420154101,11.0478488213712,4.17552531090791,10.5739186281184,8.478446495234,13.1189703234148,16.688637847517,8.70091326112576,13.5322676676723,20.1461182804558,10.0354042725405,7.12595690498886,7.15754068052253,8.3674258703021,12.3626887099781,18.8443264554427,14.1350912666651,12.0557616110137,8.79540774299087,20.1967456665332,16.8184303186683,10.60802503551,12.9914777188119,15.7728529169261,21.7428025858011,23.28747012903,21.6903085635757,14.9103178666422,8.39829926382645,11.8631166098276,19.598610737271,16.3915330205455,16.5554689907187,19.6358941290858,12.3182856062518,17.2597419215576,16.8907385530218,20.4223895659319,14.2977631027319,17.2453942376428,13.0168524244368,18.0853458488495,16.8394027315713,20.9539635594866,15.2392886526843,20.2786446499702,32.4594759916024,25.0679616122524,11.6808006894416,29.3416150624362,17.4422533227527,24.1143667484763,22.2100151982444,18.0601171513161,17.1172409246212,18.2883273345468,22.193184158031,21.6990059838689,28.2529373806071,23.983323756706,20.7151342697069,18.7844635438933,18.869323178418,14.1567766104155,13.1922154747117,28.9205409101985,16.7117603249167,9.9898832655262,17.1898575682857,23.598782971786,15.386658842948,15.666486003917,6.97640439632831,7.03438611468487,5.34719463971917,14.5129990008161,9.13893766313151,18.8216431180269,20.4788213613902,6.64727099207635,12.6179688624236,8.41002405315028,13.3402153993729,15.9218044969856,13.9153668274047,10.2463265760794,16.206277112417,19.2651359345289,17.814671456399,16.3862464717941,9.20534107404343,9.90078904954772,8.4787906103843,17.4273930356957,14.9964246401136,13.4038984505868,15.5269590070154,16.1593424578775,9.82414693968257,12.2438582953443,16.507108484555,5.7476718325132,17.0149316449091,16.1520589679301,7.73502376243964,10.0259107525902,6.89297755639388,7.86805190599386,7.59851054134247,6.040227425678,2.92265716360134,9.87565355180944,5.24566792496765,5.02982963947848,2.66035515815245,4.84217386339136,1.98974028794801,1.92950808882786,1.6502565166215,2.49751942653562,4.60400536017226,2.61923831533931,1.46398241947387,1.93322675548784,NA,NA,NA,NA,NA,NA
1.10448417192326,3.45769447406258,4.37084232744138,2.41689339699479,7.14346827137664,5.97625028657424,5.84955759380726,5.96356052182712,5.741532476388,8.59608687914473,10.3464248525502,5.25193202709157,3.48668851486315,7.46067746113938,4.77319123095959,3.74475839081999,11.6846011887462,4.40140200318942,5.40700478458411,8.11918963018913,8.35226325570818,5.43160538075358,9.06635418628518,2.08193455317813,2.71548783319744,2.78562568105656,10.6780614545858,6.90601687978496,4.41705211561571,6.2474712752428,9.11153208882593,9.22423785738512,7.20905414426543,8.44011821854854,10.1627985886729,13.6080048446369,6.54538010157381,6.05359187949244,7.1188496354039,6.52473355856867,13.2054518855276,8.81143876155303,8.25330597581775,11.3588861856017,10.3965497210533,9.04076925916776,10.6120828713061,20.6624588666459,21.3010667662707,13.6910359685135,23.2693150683007,12.1042140612652,15.851363124179,26.5788539259352,9.17962445974825,8.91211997236011,15.3597906951034,20.1417428913903,20.1007541808123,21.1766405501176,18.0401229901843,19.8569232580668,19.7217992948146,25.3998591432181,17.1015884424391,11.7643179732123,13.8201957444441,15.2605165743615,17.3499141871863,17.8640535413277,12.1239558617922,28.9425070906397,23.5118177263686,23.3877462414774,13.7455002655236,25.1188252129622,17.8234020764858,26.8506755408372,25.3862827047365,17.1899582237521,10.035335107384,7.41468723376325,17.6367519905065,20.4532404203769,16.2690673077586,19.4115313369273,13.6419074084042,11.0196183252625,16.5928033419707,20.6768488426497,18.2841205554568,12.6955768436536,18.5334831547341,8.89592820390565,14.4708615486078,21.4182124945509,12.8278415613239,11.1683282496868,19.3601419161125,19.6767910353683,21.3533586408125,19.4128856005487,15.8929739919238,19.0568625027978,7.695483047108,22.227014005194,17.2219799559416,7.68410719732927,9.94601225199728,23.7959470913834,12.8154111760243,13.0946846349961,14.4248504776867,11.0351198371723,14.5425747566077,14.3516647026306,16.6143560805044,11.2610813355567,12.0257743943206,12.6360697505647,12.6332099113782,14.9093677190176,6.18189486255752,8.4721602462302,10.4418978960384,10.0561997646132,9.65225684843848,22.907533693599,11.4988421384716,10.0390566983643,3.23431658983046,10.6468515654201,5.99853900198555,5.6732094722288,5.49544511628242,6.84393314287931,7.61723671499125,6.24914513449241,6.06189182890018,4.62229146968764,3.88942241204078,9.31773038992662,5.6291901373354,4.64020478379608,6.02458424210477,4.67872071873144,6.49788587901723,6.67790331852719,3.73635935236312,3.88785225796724,2.48619766961468,1.33702797109211,1.58001191720072,1.20561073369777,1.59454843361122,1.32956527221374,NA,NA,NA,NA,NA,NA
1.51114935049113,4.30640486562961,3.06263090600882,5.95678187968672,3.69401405413116,4.03272695090844,4.46263622730435,5.32772768693514,4.30678632173512,6.76802880025414,5.24243984835561,12.8265626644138,8.66834646228157,5.37417994279868,6.55965505720518,5.61243266704812,7.3281083772606,6.57012907631093,11.6550876184091,8.25557889200341,4.98651025570717,5.91975178493155,2.54544616031133,4.86930401372459,8.41548636948405,12.9641584792231,5.41640563420243,6.1787457604493,8.56242694881343,8.24084680362694,13.1365032522041,8.04095710985065,9.56208833894384,7.54964271756679,8.73889827379825,9.66685939510553,5.33572239876704,13.2985669172708,11.3636663684899,3.12603342871127,8.10088382240586,12.2080447385666,9.12118530507745,8.26956731756558,17.2863552689812,13.1652230651226,14.512800591283,17.4690857811953,16.4112673624057,15.4456842894776,15.881832176534,14.9127102005174,13.5824516192289,17.5311408728752,13.5704005292374,15.1373215900587,16.0016711130584,21.9281701610497,19.0097931469425,14.2819717383076,11.2191390490265,23.253350757703,24.1935429215089,30.2313914964805,8.16832167777715,17.6955734244191,25.6274544971873,21.9516910086401,22.2465466302748,23.8577908047153,18.1530142075751,15.5053102147686,25.6616886381448,24.5768333516137,12.3574077490293,20.2796247585999,19.038851005032,20.8365843493224,22.5597449589926,21.1474705211131,14.9268314000671,22.5823552677722,21.2708152432006,15.3989104951137,25.4604774356246,18.1123900201985,17.4289310221311,30.3022726900557,16.2635848835913,15.7845152172294,28.3731151328721,29.2903418779269,11.9615690182063,30.7451495264456,21.7128139428516,32.0115712241202,25.792719949833,17.7081589235085,17.7058457723999,17.1928824525405,20.8547420143814,13.9681659067645,17.1158494081249,16.1468028224909,10.7518963198277,5.87029328457151,19.6111884536352,17.5801487155171,20.124931158769,13.2802564976981,16.9984035198007,11.0069212679282,20.6578310354929,13.1242629348097,11.4337158055884,16.0931881387613,17.79793635955,11.8055554876652,9.23701571871351,24.879703265723,12.6403184922579,19.9508781831709,12.8228193235889,20.0979484690264,16.6670702732424,12.3960334165898,13.8990975225826,17.1805782903045,15.6478029657326,14.1981374033409,17.3794859795599,16.7128730643152,9.50861064564223,5.2523822409209,7.09475963005498,10.4773367521687,4.73075178341589,7.9671932529909,8.27048549432804,5.0465719514232,3.14624175468338,5.5430506592968,5.2470425086686,2.39348027935974,4.7234218517917,3.28669932799811,4.80505381910055,6.89849509382492,3.46831196362059,1.51054320058558,1.44428701631509,2.08584218899279,2.43839641187682,1.45198080543921,2.46259775396921,2.20120094227066,NA,NA,NA,NA,NA,NA
2.32916813791768,2.90117433461181,2.61631495391919,5.32458359680391,7.66525927850235,5.57750122108631,5.44111697096205,4.41446900524993,10.3508110044326,8.37172346212494,5.59108338953889,8.52044970644623,10.8600877870799,12.3933787927655,4.14278201810969,8.59434490499183,12.3645448077802,9.79429276461028,12.1998452142788,10.7132253089596,11.5315780546607,7.78321799410875,9.91532643686882,6.47684928966971,10.6210793945694,7.55906298537657,9.6073677778663,8.05910518583817,12.0308068042629,9.56743595256358,12.1531728281174,9.20018127076687,14.3234672849595,10.2501030312191,8.92501696858596,15.2976786547659,7.06882312260267,8.16059545872443,15.453926209436,12.0939941529136,14.0176219176687,6.45767873586939,9.44070609589137,13.8152068006974,11.0594652225085,10.2667468432874,24.7682793239965,8.03348748400067,11.4607710663822,5.58848502871068,7.11077057394644,20.2206272592797,20.4130601433666,6.9280590032712,21.740112242036,10.7177654415528,12.3405223282249,17.8986051081485,16.8968179357689,5.02199884733534,19.6793708346945,22.079536804102,21.7787372020667,14.2470836034248,17.735315651399,21.6975456448869,10.6603188133311,17.8912892405401,17.8818217829533,22.5612745389529,17.3670372377882,20.8324952193031,21.2721606237929,12.1408526907701,21.529271249094,20.3707050583353,27.256102034581,23.803688497813,19.7358705232826,20.3587879816135,20.8938693616131,20.973899042949,22.9310448074521,18.0507616428691,29.6298091059653,29.5786449130039,23.147604244603,23.5499926178887,18.2294414962136,13.9411767394479,17.2644733580739,24.9822499621165,17.2542726608928,12.8561073520075,19.575811633844,19.2665246500932,16.0626813473184,16.6452792225201,18.7705736454348,10.4602018921249,11.5987306778442,19.9756872662552,13.7998969578228,14.7287691757341,17.8032915541765,22.9407083296517,16.1735990997743,24.1052092732974,14.5068822987324,12.2290844630113,18.0281899198317,14.839907515553,15.2735613048003,17.7938036421777,15.9836906175971,19.0962230605144,9.70527698014259,16.2362546248711,9.00365639328686,13.3923678920762,11.7648566063907,16.3145086761256,16.9205348467201,12.2828466547926,8.43535257024273,16.8041977401755,14.7795043046633,10.9369482284831,10.5010660976699,11.8857855676588,8.01112529402204,10.5898815943943,7.90370013491161,9.19762015894786,10.9536959837034,3.64461939665953,8.63937661822644,10.5626297042023,6.81099407692778,5.0212462939796,11.8911048820904,5.31340791775575,5.817103816453,9.01663175596261,4.42788247975915,4.12886722638911,3.3005295203993,5.68953560926065,2.41330786158999,1.58782637124779,2.06814039484579,1.33512239437243,2.39480195754211,2.4267887201407,1.23640636247162,1.22115666693527,NA,NA,NA,NA,NA,NA
10.2371441962606,2.95110457986606,3.87133321168442,3.97764395181047,3.26999883504917,11.1093319430246,9.23371228440087,12.2708573235627,16.488950066335,7.64596927440977,5.73252675739146,11.9792895749218,5.27211689955145,3.66967574747956,4.51936843691249,4.21698633311417,6.64890298041917,7.51908406657851,8.18813293125108,7.61653938599891,11.2366788572702,9.46683947725768,7.43284416120666,5.70450049680549,4.48847875372519,8.43808094218885,11.0940052499281,5.07077784983443,17.9421675190077,8.73006531800428,5.07591138791396,8.82199307753451,7.7828500125616,7.6453389493023,3.57909312478063,14.7571666759798,7.72662278764302,15.1219593779757,17.8930431506144,9.14966766385107,12.2146294935619,18.6638321900103,9.72931620295217,8.3007018020779,7.05049527283201,8.66895637338535,7.35271862566492,12.5233348559676,17.1095382849413,13.4183462148031,11.6011089882404,15.2401577614859,22.7040166382714,17.3477754189501,18.9988961107604,13.0505259146371,6.71921954422974,22.0249798649789,13.3625504554951,20.246099188594,12.8101432026554,15.2469538319295,17.3074930297524,17.4704215170592,18.4571619753956,21.4187090232615,16.9030101214619,21.2609921507678,14.744431762377,20.1646943763435,20.6729754744354,20.5625528269012,16.2113837942776,29.3048826302003,15.165136729429,18.1879693423599,25.3875590955552,29.422167003903,22.0619711693287,21.4785258472122,16.9670635618682,17.2315698494496,14.2589595757117,21.00611322456,14.4120638288348,20.321497623554,16.0248417667214,21.6277355683955,20.296205458781,11.9884231977372,19.5372807142694,17.2064915727862,20.8812622465767,5.68627617839603,27.255128062273,16.1060161292685,23.5887918404619,10.1852594726972,9.24578172121374,14.901231456022,17.8452934559663,21.3014265004606,9.17839723866367,14.4558080235506,7.46734297727891,15.4507101581899,9.30988967369841,10.2430775462808,16.909259083504,18.1632265694462,12.4398309206394,10.7270770197275,13.7410267436353,11.0908955075918,13.46993173162,12.393268499981,9.78278351059328,7.96120202713045,10.7096099124706,15.4729457385867,7.61279859064376,12.2209739052911,8.91900231949785,13.5216712598504,12.8794237192003,10.3990305745953,11.9286608295723,9.46398388285875,7.81491978921119,4.44091672762039,8.56365531425424,11.8505855252085,5.11270188372478,5.54816491220515,7.99787167971874,4.95451133906113,8.400689731399,5.7136940338726,5.30957291546899,5.50334607273444,3.22609053306683,2.80914518551554,6.20130858758314,6.43033134843322,6.02356214878694,8.31861787182616,7.10975218330874,5.80391503347536,4.19643126155631,2.95309540530641,2.03165260202322,2.1054515350834,1.88347503252077,2.75026115958863,2.43836399386431,1.26107400867169,NA,NA,NA,NA,NA,NA
1.12284387694211,3.43582774088799,3.38928053313941,3.26560403291123,9.80494662626545,5.47418187019725,5.52372617522083,6.16178054045472,9.14378299830724,5.38845306316574,7.17145409504419,9.92128659042785,11.8581712590116,3.78602758931711,6.28623557187231,7.5252283673435,7.05969524941734,10.6987604153546,7.15078550176456,8.36528982861558,10.4161507721029,11.7734703551069,9.01939501165014,4.15073323925232,3.74479142859173,6.26697879411012,7.15259795882499,13.3540299805982,7.89199630320506,8.76828865867755,11.6270708130861,14.7450336607358,10.7389003115217,4.5558533770518,11.7071414333252,9.65681103212889,12.2135082071245,10.8245642254158,13.7291004946876,10.5236228428104,6.75971331170183,8.79279650077547,10.3939281328248,12.6986537635587,13.0263141247223,16.6875550830485,13.3771646912311,13.0025245133867,12.3881254658853,14.4251329532234,9.14568205003971,16.8923635078697,15.9843219165761,10.0807886741501,18.8457341276938,13.103951038356,16.3429839945709,19.9243919997663,21.3645034024733,14.3073413237045,21.0613536174383,16.8639422510403,19.0621634621492,14.0151109095824,14.9795732464942,19.4069676584124,14.3175043297604,10.1362465543729,24.0224428634379,18.7678569171157,19.9677587748539,18.2191779238447,22.8275910361267,18.0275594301199,21.8439413382778,19.3293146822406,17.4101358622098,10.9737327496255,17.655018391141,17.0160296290973,16.5875670475832,21.4876852402512,17.1768180369033,16.4202083929264,27.540066706879,10.9568604653145,21.2867207453966,15.3005198982387,14.9253028887501,12.3961871607331,22.0463056833286,26.1258557187953,13.9237162858616,18.6034598040547,16.7850630088858,13.5059462904583,17.3116593893607,30.4489234658365,20.6746085416396,6.10666287901955,12.7242580229076,20.1149536395477,13.4986795541644,14.8117412525631,11.3369772601038,16.7873635489376,12.7593642424983,18.101423605275,19.4173610845927,16.1014230980602,8.6373186236339,10.8768457553899,14.8119606415638,7.70287072065705,10.8545504901951,11.4759601245219,11.1563265385526,12.2473861622654,12.3155579385964,12.702902342817,5.60646097407181,8.8246736627537,15.7871060195743,11.7449504961172,12.878675005988,11.1955027635465,8.08406742560659,9.95632554576517,10.9055569486815,13.4729719045098,10.4470444289395,13.3779124260699,3.21014709837776,9.26980164319152,7.96957020249666,11.3841035744549,6.34101993951468,7.09340670860114,3.31240997377359,3.7319290596198,5.43623332572255,5.32193283306993,3.38462398459324,2.98085579387544,5.93906581297586,4.35649039509693,3.28209422235817,3.46732342478263,5.17079605408171,1.68215385244877,1.65499766465277,1.40839270168315,1.57460607459338,1.82632520019386,1.7622841510988,1.97579578384523,NA,NA,NA,NA,NA,NA
1.11994542703324,2.01694984084254,1.76544312049063,2.46538521797307,8.62493542413212,4.56946338218105,3.61099746752628,4.98419502403333,8.57667798768538,6.69298716389149,4.00516962343749,9.87905302895657,5.2732957965486,9.68901200990768,6.00970749305793,7.10360937925863,10.9627430015865,8.02485068874544,9.64630401280659,4.06449796988964,6.56035970788696,5.99971488120609,6.33456880996748,8.1158228287898,8.11052190256089,3.31332230837877,8.14529303454975,10.816510917302,10.6143443073917,9.4230336828539,10.0540423636698,7.17180911681339,12.0140951523925,8.33567363287697,10.6314327930791,8.84500082611589,8.24464157733393,11.3749719827277,12.9812386170675,18.2652269849268,13.2410764681273,13.9743842089824,14.8805813040287,12.2835840510488,12.7930238882238,13.5500052836788,9.60220350305405,18.0517148960324,15.6794020254483,17.5479332782925,13.4330559709827,16.7455988425878,26.6191972779737,16.1190124022513,10.1180730593541,12.2693746101384,16.6616442273755,17.3749762061101,13.2577093624214,9.55679408335462,25.4595240897785,22.8535868666238,20.0567066185518,25.8975575112193,20.6141562076514,11.8807659585932,29.2889790862304,15.4747363177144,20.9366401988989,20.1462095480592,28.6471899960989,21.2636764549214,24.8406414009148,16.8627656235641,14.498068049376,25.7176909987349,21.3700419920983,21.2041095584533,27.8984700328665,23.3729686933857,22.1973465365819,23.1694314058868,25.5385418438886,20.8342963317243,27.0821780773317,10.9545184524051,27.3862413659132,20.8703760749108,22.7683324822018,28.0477811401589,26.9957514327194,18.7070864389472,7.82752527540591,23.3722073094735,24.3797967653213,29.0732450340318,15.1904045861664,17.4375164170989,14.1062866445914,16.9663346934812,13.3361355214787,15.0280905882437,15.846307537344,9.12836007503291,17.7145296645723,15.2127273908964,9.81735352669978,16.1215567166177,10.9867030736353,16.6582027219502,20.3353121568617,16.9757963397502,35.5728824637524,11.7708912907221,16.4388044714013,11.1472277023539,11.8011493192633,21.7826408874239,13.3280709827969,12.2685972897291,7.16180198813966,23.014700406751,13.3707063743473,12.9280783297053,14.6366462903917,11.9268862360878,5.15084785721249,15.1114220431265,15.2277443769782,9.97667519887604,10.7961788545406,15.6536277945512,5.76522438267099,8.80171185813313,13.7303779302183,11.6125265305003,7.49162801695145,6.48591067563203,3.43784806816076,3.23356887613403,4.55195361229263,6.93599220261938,5.04336421676613,5.2640716525998,6.90942967343041,7.2374012551761,4.40962981993882,4.49830605229949,1.58592686749116,1.55387134221254,2.50334452841828,2.01256106370538,2.9701266589835,4.217941521245,2.17509242785935,2.18947876164869,NA,NA,NA,NA,NA,NA
1.33426951395611,2.85643367820723,3.84554904492093,1.89063796152518,2.55249721950773,4.47803672666762,3.7613261426326,5.18303781401381,4.71890590653213,5.11364598818656,4.89330069659091,6.9360841290792,7.96983526946676,7.42532949569529,5.87181909750514,5.54926661202695,6.9951883893799,5.06559586347457,9.23585475034194,14.9269929744764,16.4684614592268,9.05794914100522,4.82265970199741,9.32414638924655,11.7929489300235,7.87932970557719,10.3133605459442,14.9817708899841,6.49320454684376,6.25250441392765,9.93168017202748,14.7025422908187,14.6287429878769,6.6847170305503,8.94765364507594,16.5443148432415,11.0725374261725,3.63062740589808,7.32470423158053,11.2660202460992,4.29554225054957,20.3866707951393,13.2991193688028,7.92975602620315,19.096537952141,9.11306252363113,25.7483406216899,19.9585896701301,14.2906899121099,31.9272107365364,18.5056102409827,16.1352803375954,34.5910536349091,17.0066565347755,19.0760046299134,17.5589880754262,19.2915696244735,24.9973194138979,17.9824848129695,20.9255537936567,12.7604565730522,14.51876796404,20.7656348126842,26.9583450735284,22.6924463721563,19.9067246391832,12.016292356501,25.1235052185726,20.0288017728336,21.7023379058709,22.167233532322,19.7418415093394,22.3916562362022,21.9779444485648,30.0459447391603,25.3002560737848,13.9532503366943,25.9107032410509,29.2660828615182,25.870862990427,24.0556930744683,26.3461147114341,14.6188344203762,20.8399571955725,21.330339029074,28.7624269443705,23.4836296374806,24.8426146978291,25.2462303042508,22.6112151091405,28.1622139044919,23.6840321132023,27.913086738723,22.8021120278215,20.4187038663475,21.6021828479217,22.5958586897235,20.984622026176,20.828747393321,12.7874152492287,29.614893377561,17.5184008181239,12.4256704421164,10.7258786810757,14.3493742883315,11.7353688072184,29.1691879772555,13.6874948172283,22.0496284663957,14.4399321699505,21.165924772135,18.5924432208676,13.5164674865151,11.210849765619,11.3012304736081,6.81663193528484,11.9452698897713,16.793757770471,7.96078294830742,10.9345514690514,10.9135348001583,11.366856017262,5.52916959548662,12.3852114417935,14.5829112677078,9.28319968167331,15.2204183416003,10.0579909919085,7.55098530875014,15.0851726237624,15.2067832967877,6.93285921365564,10.0407811074179,18.007682369249,11.9067931261192,6.26624801308063,3.99385793043734,2.37714283038554,7.51037099494924,3.86188306913683,15.5766343855915,5.12547014409105,9.90961858965021,6.8000956656509,5.38392457283326,7.91020535741318,3.45113106165715,9.46295545845764,3.83193592879009,6.03865872591667,1.70155442990687,1.409921366956,1.54393956765998,1.63323388235467,1.48691922454645,1.41616840619207,NA,NA,NA,NA,NA,NA
1.13252443513869,3.7406758670118,5.94184464795524,1.63533593868644,3.73204036022981,5.75385280996876,4.26849785216184,6.65291691991047,7.39969667470925,4.37038978807065,5.08396734652932,8.39634830784431,3.09092174888195,7.23663295895452,6.63693707247609,4.86720226898353,5.26293313505657,7.01383062200325,2.46767522553945,2.95700726925301,5.12887986080249,6.17236639208582,4.57517293912813,2.72119135519266,11.633198174966,7.91469786833447,6.89846918156348,8.69912239410075,3.6092532826682,6.22872313517654,6.8572639260031,4.34235432925421,13.9163114116763,9.58236497102182,9.72119927678582,16.4785225999152,14.1612588432226,16.4923317784247,12.5548621177236,8.53629239163131,6.12178180131437,19.3006184817407,16.013697456076,15.2543448499618,11.305908555365,16.5897871392151,14.6992666520933,12.4988392113043,15.3435087544371,20.8520898752682,11.5774782223625,16.969469863789,14.4159884732241,24.3506824954533,14.2127594452767,9.21287191859058,19.4406071994834,17.8903587859038,16.3750969887692,15.1764361329453,19.2584665949867,14.574027624813,20.3834000088647,14.1023054792519,13.2529127236734,16.9003984159342,18.4504029299564,18.97791785189,17.6501189205587,17.7011694663913,26.2310364244627,17.0886388564916,10.0090048606447,26.12167897111,13.712848322867,20.7477467195832,15.6122768841728,24.1810169855394,22.5781804808443,17.9662413886586,12.4889045418617,15.0212629197453,13.6532583809554,17.9747738315935,27.6109873749145,16.8998423242764,15.8219698865403,22.3226443363857,21.8806102180153,17.2359440187662,26.2466855601851,13.2622135629773,10.3518239086602,20.5901445269022,19.3564074780762,19.5224127064709,22.8884125506529,22.6876978611308,24.7207299931059,12.7067764898459,17.1108644470657,26.7144524784594,17.0446689530771,21.1248772409874,16.3992570382458,22.8292701643683,9.58409851986835,18.2565299009543,11.0240408507009,23.1750870798846,12.8880269660154,14.8726883883517,15.5265411965694,11.3796200359977,19.0423492572364,10.8722113039998,9.7396551006115,15.8137400914506,11.7387504988827,17.7176490196807,12.0409520557747,20.4041708922039,13.5737787849456,16.1049444721851,8.75130760326057,14.0440971148766,10.6448211835535,12.6439544369013,13.8343878141594,13.880392957259,9.61619074740411,6.07183465987457,10.8277614431408,14.2745528182136,7.56294159799864,12.8071646681443,4.07382429968783,7.32423717809592,7.34763597912093,5.64128103527451,9.86431149766508,4.16538540265028,5.79551827290651,9.20878128574682,9.09502959101823,5.13602397219744,3.66891336590904,6.96867995562078,1.43654303120898,3.46356719091297,1.54684598560668,2.16671287330883,1.78108925430607,2.1557062718173,1.81520987975997,1.64073148891419,NA,NA,NA,NA,NA,NA
1.91004747831138,2.10438720857432,3.42626754573754,5.59328016715582,5.60557048200519,7.97935299282469,7.12135828380295,6.58147699466216,3.66957788910367,9.26674764541863,7.54981238347806,6.87122513020418,2.98212693412202,4.39511706436927,7.0199703090829,5.79268402096878,6.56143704550203,7.25424213906388,8.86872619622965,14.4130929489459,11.2139914296748,11.096816057118,6.72845516879963,7.44015500203964,8.39427950226115,8.2261132751371,9.9421113822677,4.29011195078328,8.32404738943625,11.328908890231,13.8011877857375,13.696530755158,12.8201186136905,17.7449350822635,11.5752820489694,14.6075269194422,6.49687344951318,12.4940038348631,7.84199296149624,10.206802951797,7.4375909344619,12.1478327975637,3.77129478715625,12.4743019987315,13.833409193873,16.3923215727602,8.80519059750424,5.70378119995871,17.6985414061715,17.0742034991421,21.5907848310486,19.2761640313319,12.0993300341133,12.2743891797721,11.3554205987925,11.6722114041446,11.6446078500566,11.4003053475081,8.78054692413137,18.7243981086112,15.7311027024688,10.9410260713277,17.2938864304376,15.7722457361807,13.1411778174047,9.72543753981258,21.8990846231533,9.23408666804289,19.8490663764837,13.9123144565062,18.1559883803221,19.5957470301726,21.00726625709,16.7919061869256,18.2223086458819,27.5332320020917,25.7150389732059,21.5185665676609,22.1274355154167,14.0776863355007,23.3016665323275,10.4590754424818,17.8124080877637,20.9288475279053,18.1058146760859,14.8030225251121,23.6725724030038,23.7527560399666,10.648276272485,14.7782499533511,19.6141551007917,22.3569887686431,25.2399337186919,20.6159501747587,18.479364084304,26.4119491485687,25.5577196768543,14.2050328959366,10.8434182656735,24.6503121008812,19.1876417424793,17.4766180709239,14.4962726932588,9.45101583124136,11.8986536806046,10.5429362707114,15.5505770768659,18.8283110146696,20.9024388549658,23.3942472719006,15.2987534889989,21.5808077327741,17.4608412955655,16.8417500672767,22.8860753021954,22.8880518570296,13.1701841837732,15.5217995666252,13.9360927753416,15.2135555075652,15.3632968296264,19.4840995463824,20.1332234061482,19.4963100023304,15.5681815349213,15.9760873117856,14.1878952307265,29.998593829543,12.9228754522057,9.35158687216428,12.8029887434692,14.6271103552057,8.51989467699721,3.76161290192619,9.84696138154682,11.3322854536067,8.2637152139631,6.28311563858535,10.2527503912002,7.96066086096713,4.36008850191917,8.44385405568031,2.65190316508133,7.6515277675543,3.64942390471162,6.28080847323328,4.78942486965529,2.58898892448705,1.32731995209313,4.1064308433605,2.81007886522899,3.65408240266734,2.39786720383946,3.54754882440668,2.49042854890024,3.21606461968409,NA,NA,NA,NA,NA,NA
3.75765103627285,2.47635703299405,3.00560308216582,2.50932244079873,1.75710311040591,3.4258147778239,3.71198113196304,4.9173856682036,3.81556444422815,3.92897368278176,8.5673888566935,8.44866544824051,5.50942779622936,3.84436336620816,5.36497841702512,4.66670141834728,8.50531983811995,7.66590954456994,3.64936150118657,7.38215260748272,13.2367600664254,10.1601830689776,6.51864526748803,8.61484326685797,4.87916288703717,12.1621677671124,6.31831443420414,9.99762101732487,6.27230003757964,10.4612416881823,15.8734257820216,3.50761459655135,13.8623592467011,19.4425142450564,13.7850773462746,17.2853469746516,6.90174200765752,8.53030487954327,15.6158832785247,5.63360197525918,16.1185535788293,19.4285121313017,3.46647875825186,11.809963241894,8.26463422106794,17.9575691924053,9.21062735047522,18.2210577823212,12.7827692812503,14.4836421212521,13.021497777768,14.5795930229567,8.52264513886226,12.4319671451099,10.1948872806163,15.5747593873771,10.4352259955557,17.3186383601427,16.3541508355063,17.2516768762814,18.3628894558677,9.25492804038283,12.1015331212647,18.9795360149762,18.8235233696466,26.0066244679549,24.8358310541763,13.0045458584799,16.3641580890065,17.7820461093121,10.9145826697597,16.9421495810188,21.130659215763,17.7258232510233,21.8154853083464,16.3067377475377,20.3444195708058,17.962913593281,16.4853461113211,23.2937393930796,17.1539116562626,21.2666822344305,20.8337745234898,26.9296116613547,14.0824105546459,17.0692321473493,28.4183516295004,16.5698620889826,12.997961336133,13.5789603459657,25.1830388382321,25.6048942250718,14.4466663167741,20.6884407445746,11.2505142829912,17.2544232802215,16.6097892879602,10.6586568445597,24.5380674198543,24.1121619936527,26.0081659462749,23.4924624340063,16.0377911920486,14.1745140614423,20.7520983563142,17.2508990869544,14.9184085186682,10.5235802785813,16.0154433382891,13.8211147830709,12.5615464672546,12.7372151556917,15.0313648709282,15.6729969933783,12.0468814893538,16.6240010731743,13.501838415923,12.5194960302909,17.8367423719894,8.73653254167221,17.175637234064,8.42381777084781,16.5756117083981,8.11634249649297,15.8642985876663,10.9993958467046,11.9652509853775,6.48138830559222,5.27979008319702,13.3338517924957,10.7061644850499,8.16442248329109,7.77535852121008,14.6054839226841,14.2444571214644,10.0659125322175,3.45719720020683,8.3201421658442,10.7260613007163,3.36923492698498,4.65790649271076,7.42414759115201,6.81491121752724,8.27078971794897,3.41353131256589,4.82421110184252,6.31787634066884,4.08070259137177,2.71494847622017,5.10326207672699,2.2639119453536,2.34642812302315,2.01620269413953,3.02824837788338,1.7674952725844,1.64698753777013,NA,NA,NA,NA,NA,NA
1.12615728380031,3.42534463979898,3.05582345550001,3.14317503085293,1.59512448018961,3.24935701638497,4.09021721925582,5.88363995544402,6.147472638321,4.59568224495371,3.15081286406395,5.76851236971105,5.27079406966451,3.5493021863677,2.51569804392934,9.93706889644413,5.81134366936516,4.04970413145243,9.69902902475492,9.49740210083299,6.69608157215471,6.62585586174119,6.53276628104806,4.15834788901199,3.03325132610334,9.69026203842625,4.39331935934707,6.77847717495314,8.04706531451722,9.2226633764845,11.989460090039,3.79024467011398,11.0971017077871,5.68216143878612,12.1443193961038,4.66323096608564,8.03331152506767,8.58459784969305,5.87064530027818,14.0491917009826,9.9018219876006,14.4470643705942,6.82550300257741,12.5989513877727,18.0555899823778,10.079486964376,14.2830409858218,13.4382351488422,17.0994926805778,8.19366679558714,20.8876564417043,16.3789845413275,7.5790956943949,18.1612138477216,15.5486270891846,12.4683421722954,27.5391811169764,16.876601115021,18.3078196124963,11.0612969723737,11.1590300570656,22.637316400985,16.8026272588631,19.3145490608644,7.59579946755489,20.1434802573941,20.9877373620732,16.1176534449555,17.7094204011991,22.9462967585804,16.358233705854,8.72150864652706,25.1185536658716,18.8239194891571,20.9734177564151,22.5402598321855,19.8876333009417,15.0270035319364,19.6685239322572,13.9379097532965,18.4231654069986,21.2199799028692,24.4636565737736,13.8973537582022,24.8240063331087,16.0257062359122,16.7591872259308,17.5969940669221,18.90563411364,22.9136704950909,20.7704715505793,24.8547904848215,26.686818123116,8.77748201036869,24.1386260505264,22.2465900657643,13.599870956548,21.1092022132865,22.9092937328423,10.0387636815979,20.2265346899924,16.3479115262648,15.6243318651502,13.2415351455727,15.1057260054528,21.2799272407565,11.1401280844019,9.77379423744579,18.6251355278225,13.1488186384367,18.4549641294996,10.9169516890003,11.1790373769095,12.1288042885848,18.8298425176445,16.8584522575408,10.7431594006138,9.34260925521368,8.37814943016729,16.3402965890424,9.5813023615995,9.36885602055849,7.00584501355269,9.60228901213909,14.5017452146378,12.3094967369643,6.58537815928464,17.859999454751,14.3757677640467,6.91238599756758,14.2535446825947,15.0890174286512,8.58160409937449,15.3954448931645,10.5628305947457,11.9874801313026,6.87882805027082,16.6979523143911,7.70828808271434,14.5007966308645,4.37338012419132,5.32529267720807,5.02493273180399,7.17190487435879,4.00341672813956,7.72264696062926,6.37773203800314,7.62075007619704,4.94217590521509,3.16190721303912,2.61307650775863,2.47513698478722,1.75608924725688,2.53771351758136,1.51420746174347,1.60175815277208,NA,NA,NA,NA,NA,NA
6.50352627837262,4.31071920909207,4.78270181815919,3.32020109019733,3.07260463580055,5.73437068868644,3.15077835150644,2.47025925683103,3.66776711019104,3.1410315376995,4.84588436958651,1.48941599508476,3.09458831787802,3.71087294043329,2.27246233214722,4.32535418823633,7.06865574714942,3.81971313977849,14.935882257309,4.17239895308219,8.08306700473666,11.8407806882568,5.83364493077337,6.76496051798499,11.4595373359959,10.8521004091098,10.9679225544287,6.97332168105532,8.34621017395189,7.25018278441972,7.65745664136532,9.04862093128414,15.9496798506958,18.9984747525254,8.34894979537554,17.2439109621846,3.85343167871588,5.94650261597874,21.1678521069586,14.3243080962242,24.694090764435,24.0508612252471,12.8006676019846,3.34161104353222,12.7805855400228,6.21993148908496,6.26144611048389,13.780041645296,13.2772827015844,9.93831291099332,12.4776837123939,17.3652000213105,16.1670812604462,15.6932923343988,25.300370997096,10.950305379802,15.3175127273292,22.5915546559526,16.5493171502798,26.0051627527994,16.8914796692813,20.6365195881695,15.4959714237761,21.989755746087,20.1945791648431,16.1207135172242,26.1145039851895,16.6654207218826,18.7008213503174,24.9049404571353,24.7991143950155,22.627305017313,24.994157888195,14.2523304533654,20.312205880859,14.8889595377182,27.156298690567,21.879861728398,17.5564372912603,21.2613257238806,22.018154985712,24.0556578945061,26.8951718676945,19.8635193608963,27.0060868244201,22.2953132312868,24.7104127468149,16.086698899102,25.4114551458488,15.4826099054669,24.4610029933222,31.6652498221566,29.11671848203,25.6618311100175,13.2389118146169,27.573129594058,18.4185407765789,3.96939412795982,16.6061034081014,16.3529839429138,11.4862906714908,9.31629443558046,14.6200170986778,20.2125216093878,11.4642613787878,19.8314129288839,17.7067582684157,12.2776721910292,20.0094723489646,27.1527797474869,14.2177847550495,17.3796258981639,19.7522371378185,13.1076732298079,14.9099831278518,11.067812491077,19.6192770442348,10.666921864341,13.6685909860735,20.7385850481348,9.75229346087015,13.8680584808125,8.49725384230291,10.9661825029187,7.5942081757578,11.3610616549449,7.03699926042894,14.2280813900481,10.0478063019278,9.79612154011162,6.82526237676614,6.77978106632137,7.756289015663,9.96381368587497,9.81141707189783,10.456496001202,6.81532968369939,7.1489289356709,5.62227782563334,4.79569655161329,4.57179783816819,2.50150963107885,2.12777561920655,2.11245367695713,3.09028000330702,3.40822235937567,4.16463257954213,4.81735263361257,2.41141789683759,1.24972294485159,1.37439660482074,2.30924187733809,2.24100638597735,1.17016727758417,1.60312697691586,1.56229557201718,NA,NA,NA,NA,NA,NA
1.43888133339993,1.98504870691599,3.15194850197073,1.84946209596147,4.55435612739749,4.22297391088327,2.98867503313207,6.59353263630527,7.26610034888131,3.61475336319381,4.7011943455851,5.72731515822287,5.9077204446503,6.30689164039803,5.02970595108444,3.35836933127657,4.63139867145683,3.01243342341462,3.64297233659265,7.41052592535547,6.43484220571189,6.50458787052359,8.55413960824294,9.00132622593315,9.80266882143897,3.86516505886039,10.307483188793,7.41322207196041,5.49512201092386,3.92777042366238,9.84131665780863,5.57135248488019,17.0527677057612,9.09718063867585,17.5037663579736,7.84585751244892,7.36901586959342,10.3503484692099,16.3261929394441,14.9739271373841,12.6936001217391,23.5158649891864,12.092149184253,11.6955628475667,9.10808902386535,13.5973675414302,21.0142193345399,11.9371061544504,11.0009308590891,12.2326018653879,12.6983848469586,15.7787660607807,17.2479163936909,21.6167221402626,20.1468238753046,14.285485767854,21.6983325835068,16.1517390544417,10.7817067420952,22.6189242162705,14.0244236398622,19.0450563404506,21.2258938730517,24.649961124423,18.7174220114233,16.8547985160623,21.4549470431165,26.3449064764997,28.8467063539466,19.9290007901315,15.0800239122828,16.8080665944783,16.9764908452742,24.0711050087481,14.5487668517868,25.2559886898951,15.6655112302036,26.819636982012,19.1029221402387,21.67571565382,15.4138022212004,18.7322837361524,9.33365315152182,18.2731250208336,26.2384557315908,20.7585031755696,12.9947042060347,21.2400763128728,21.9842807737519,11.8564697091756,25.8705838612744,19.6884641473073,21.5141404982299,19.4853998404146,17.0737569137846,16.9158268235091,17.1660857690906,12.9073462950682,12.3662058456869,8.73954753991938,14.248878777407,14.6872972181145,11.8627798750012,9.9961304899119,8.46062928540557,15.4249845719155,15.9379995817715,11.5997697030983,11.5953810783965,10.1431411001791,19.7037347916993,11.0407806280813,11.8589853095339,14.6279229757033,14.7125419253557,14.4693810053581,18.0011329021034,14.9086084274191,8.08191156599343,12.140538247894,11.3574945063501,11.817293054266,10.1567819395451,5.88312046783663,13.098827415361,9.95310372150874,7.12244983693253,11.7938619739712,13.1789446622941,10.2141054917073,3.9860181695425,10.4439943812227,6.75737755651521,13.6797964720873,5.92967283027611,6.37481073820905,4.80942058589963,12.2105124743185,4.55233121674738,5.66895155788033,5.80594541572997,4.61453393064361,2.69737704420186,3.92924688362643,2.36586290224918,2.38803196347237,2.90162827663633,5.40923956950923,3.78123190807609,4.52371291023219,2.58378881993216,2.12602923500222,2.10601335974415,2.25239295862018,1.68883263096948,1.68333135698056,NA,NA,NA,NA,NA,NA
1.37902624506666,5.25955489368123,2.49742592209627,2.03471781957029,5.25765600576016,3.69446327629425,5.95529352153265,2.99848056449862,6.68446852772435,2.70804341002577,6.65998059969246,2.07132388066518,1.93956114315826,2.31627057423018,3.15899728365035,3.16015243940622,4.96777435156221,7.57626834931202,5.07382876731447,9.39010995917264,10.698470258769,5.63079210762929,5.80846875897224,6.10611833008741,11.889953102426,6.95959526495408,5.45020440726138,9.09802598223073,6.64546952598373,13.3791715218277,7.39384618683457,5.75878961599685,4.77439229870574,8.41620194391781,6.30323890239035,13.5931641743204,5.89863310301467,8.90327664342266,4.87068943547022,9.45953503239392,10.3020534771081,7.06110401254572,11.0608809324085,8.78336283167785,12.8903041454749,7.80628281958997,10.96745672661,7.01034625797773,14.7640739659052,6.49456304636338,6.04863891207698,10.4726061483351,26.4926809971855,17.2656864460598,21.9485626948202,11.777666763449,18.6800749123329,27.3497388679203,22.0471450901336,9.08847697216051,19.9813241953364,14.0675526673308,16.3857112950515,16.412119488112,12.9853735317153,8.65656610067276,16.0854423610786,14.1558348105976,17.9554214751443,25.3416040528559,21.3845260674759,12.3925942733072,22.1587991136781,23.2258582383041,26.5100036232545,18.8214347785171,16.8537360583558,21.7939844987038,13.456986536275,24.8518240057262,17.8067440284962,20.3751918851153,17.8789782326091,14.542959614567,21.8115104815465,19.9053265422471,20.3789883288139,15.9061998675312,20.1698526067968,21.2862685582413,21.58818734451,18.6422813648291,10.0866444131568,19.6364831007844,24.8651952913626,22.8445238798995,11.9903314659422,13.1883002352069,20.5358160727012,16.0148508770033,12.0527773048104,18.8320371131675,12.0664515136317,18.4215935624433,17.5612471425335,12.2136183854219,19.5556035798097,11.9140437993819,15.8701112018141,13.2218892545875,8.98019721182455,10.8249558756561,11.6920760496494,13.2536771839537,15.239203128741,8.53334326370745,15.5483713107769,13.2359517306141,10.9590250315887,11.2908258703022,9.43267043686541,15.9557875844126,9.15769809678092,7.81688362419238,4.57974166639185,11.9223981486554,13.0495702319058,9.57818851711184,5.61514176593885,7.29512840030621,4.76470251622247,7.13343882091139,5.77906772951672,16.8454356159144,10.1146186778965,4.92265814273478,5.42599250602222,7.92393189794236,8.77608703161366,3.37616441969395,9.77648688061764,1.98745758644373,4.59106727006566,2.78211394031889,2.42028325644532,2.01972177932581,4.77201404245728,6.29666568174132,3.16071194696144,2.12851173208558,1.43574804733032,1.32779953846828,1.23803578034386,1.33409987094002,1.09919753860449,1.16917800184613,NA,NA,NA,NA,NA,NA
1.47800362782075,7.0754359246533,3.55286348277042,3.01716718283782,6.96723411908653,6.40854179080161,6.26275317831615,13.600179150421,12.3467583850566,6.73038379507207,4.88938982158141,6.03914773318463,7.1561689856107,3.89652699129767,8.53598063388256,2.93458282658847,10.3168588170832,9.0996548157988,7.04693677498002,18.1426818859225,10.6979608633515,7.48617377211312,6.8577380979345,8.94785050960854,9.32276072800964,13.3977107302346,8.41681803800412,12.4311710094239,11.7642483437997,14.934463338088,11.8024845670222,15.0398255965367,11.5653670412767,10.1736316634787,12.8347248118363,17.5918588898022,8.47967323758577,10.2526270109661,15.6839369925427,12.7112375633448,12.2887339240764,8.91547600463734,15.2361971453499,12.101575440081,11.8997748002036,17.6720437368762,12.4513214199211,15.382715407691,12.8030329306879,20.3208811808167,7.31178838639948,17.6024443514013,24.3103760642873,14.3370755485959,24.655039395858,19.7625500331613,15.8793812724471,12.756445836411,28.015032366567,13.0874402744312,15.515979662807,28.3828299073599,15.4571617920078,24.0494880064967,17.1706950003962,12.5249241494831,22.8009476958433,19.3514599491497,22.8300990668229,24.3453924461915,14.4500096213089,19.7079855237421,14.8945718689682,24.7142615135273,18.33640295776,18.7576477735335,22.9449403670261,22.6990518433969,19.9033048339319,27.2047107431525,13.5787951522716,25.5764723917636,12.5344308825414,16.6853482680633,20.2032691171017,13.121620516747,33.335882051711,24.095371471879,17.8927256955256,9.32188100630298,27.5789869131275,17.9667752358093,13.6108049057884,20.0364849971928,19.3656036383098,17.8830742466655,20.7927524667603,25.7223098865452,26.6172367383912,20.2506953262541,23.072157708122,22.9235855353112,25.3216362572233,19.1593753318049,15.6236972375655,18.1313586221111,16.191342284205,15.2896672754051,19.6294603743752,18.0477728252109,19.8944425662634,20.3935077746768,18.6134251907637,17.0772670830139,12.1712386396999,13.1292621118615,15.2752425959268,9.99946659170184,8.44675990242667,20.2071261664493,18.9857969798578,19.9925079754583,18.9079554008167,17.6379376785169,14.4905417589464,14.6712379801613,18.9627253869686,15.8200979047245,12.7423520739485,18.4787040458371,12.3555884840293,12.3545803999021,13.1345956215898,10.0176699203711,7.60891246232959,10.6129191692865,6.18830877164504,6.13691835104022,6.35408441401239,7.82504521071664,6.97337676602649,2.75003272301242,6.63821780114827,6.28848397503123,5.51145733987609,8.49316121494702,8.22632262083352,3.50157122599837,1.71848653603508,3.92944324558248,1.61095493508543,1.385917798555,1.70470169331486,1.89709538655009,1.52870501257838,1.49059685457544,NA,NA,NA,NA,NA,NA
2.47773168664813,1.50078067706894,2.01028356362803,4.72630841874272,4.14358946493622,2.85365010728795,4.6202175432496,7.31891988442284,5.34228288253373,4.02847799173728,5.4732747938404,6.30260535168587,4.62940255254694,5.94468561815568,2.74999244169432,4.52106639330084,5.10822773740876,10.1271051492724,13.2358294730276,10.1006636226148,5.28484151638474,2.80953595512253,5.78698274533972,10.3618477759997,5.69767232775174,13.066485980389,13.5539169686807,7.48565501847041,5.88110248338682,12.5302977946848,11.7385938972407,4.96494134334739,8.81902824516048,12.0165968801254,12.2375066216362,11.7420487012202,11.5868458664157,11.4847665673883,18.6782037240649,7.30897574878371,6.19628464085133,9.13373555583889,10.1608252828122,13.4317633794409,9.97442048670228,16.2776544955759,9.65337409059025,20.8586612683864,13.9332934329475,14.0130720304346,21.8896888141542,22.2104176122422,6.51324294308323,11.5914261089506,9.26868230354223,15.9375343127073,17.8913357851038,15.249234968002,6.61485744213592,18.0498274207659,9.64354451995028,10.0806072643683,11.0477557612486,21.8147790350889,11.9353421177116,7.02755397673822,19.1585903004589,19.0143562296421,17.8305924615717,15.4500413570745,13.9178785853824,21.4878955794067,21.5185050700568,28.0673129482446,20.3896951924169,16.0861134866762,20.7752721947496,20.9993389478196,13.0601787011464,21.5997615592169,27.1585816161637,17.1621734412186,19.6918247707858,26.5094178305213,18.5288621246133,18.985219330022,17.0305602800605,22.2451390518167,28.8905574927578,11.3472543756298,20.6723313042605,14.3572818941815,19.4514835437778,11.1619241044085,23.3483313823665,16.7798979976516,15.0712749301614,16.7948689458887,17.0551212705226,12.1446320487292,11.3753948338751,22.1119348704915,21.3056825389152,14.4742612160298,18.7078214785607,23.0734626230665,19.22912746355,19.3605768406275,15.7880067147757,13.6165106047428,21.2760706817974,10.3451063532068,14.0929692290177,15.0942939195942,11.8744192339848,26.0813133636089,12.3855251592689,14.7539203582939,9.60672541226506,17.4181966287799,10.9885043312316,22.7675480080077,10.27207197398,13.8846068425992,12.2027853820009,16.0976847967271,17.4988384142616,13.6356079138986,8.53014643459091,12.199759449709,8.24042643943285,12.2005721848591,7.5874882373058,6.66721819996378,7.42028463375636,6.57745717582286,6.29054379520103,5.9893198073745,4.89494994121443,4.49755812061637,9.16643681529367,3.97703949670897,5.49650181933762,10.6583701889466,3.2891563216191,4.18686839849078,4.08754253650371,3.24342680315114,2.28050714082947,3.5784721213154,2.31934380490165,2.78718141586842,2.49181669843097,2.87046322185432,1.51167745946671,1.49991512429693,NA,NA,NA,NA,NA,NA
1.7991359682583,4.03908695598285,3.74274086696173,6.38613995826329,3.87145476200357,4.92005495398031,7.43427178777067,6.65229684154907,3.13285274928254,5.00994724007979,4.54692767747294,7.17639414847561,4.65052816793413,6.76262459499941,6.5317792321397,3.12220464417203,8.35145820661658,4.75034688374594,4.94016528514195,3.33935669787376,4.00635372427248,7.43932197060468,2.52639983683476,3.47992145846157,12.3601784885956,5.17019627125136,7.49258499628916,8.01816085182038,10.0140157882005,6.56673333884066,10.2108039984714,5.021932830519,7.28156937779852,6.00909982412554,6.86531966152847,11.4157246166115,9.77188026224005,11.2174836889629,14.8976707773819,9.92870180244817,11.5263419993918,12.1851698167429,15.7832688254656,13.8518234575512,12.8995961599173,8.91733094642346,5.68438503960601,12.6749233339907,13.6894507933407,14.3228627817394,11.902951271677,12.1452229079981,14.5626869929208,14.2434729390024,6.61677434852952,17.9431986892176,13.1154610753727,19.4351421578243,17.8536768982648,15.8978941564436,18.3419239526758,11.7794960946122,21.8227353623543,11.8321310404886,24.8051084855247,17.2518366852031,15.033667343615,16.8856158522366,10.7954518381475,22.2760916038787,13.8886150826735,27.8572608352183,13.2917630845411,16.9576034580642,23.3849080103438,23.3691790128568,22.3919885970596,21.6093091843958,21.4743040992778,14.3048317344694,24.0725132906323,17.0784395268159,17.2242165387396,16.1496718265885,22.2763826312408,18.5583546649286,11.4057153235365,13.3837860496097,25.5418974896625,15.5001287366726,19.4048503137363,14.2665027307824,17.2449963482619,12.2715410478949,18.7814512954839,13.6813532509214,11.4399413359684,17.8401642786344,15.3464770593701,18.5520000372947,16.787437248284,10.2557883322814,16.0672668258414,18.3049750817277,10.1577173778831,18.3426475918159,10.5162602554996,8.99167369546675,18.1427484578908,17.2534457467203,15.6577689578816,13.81302385214,12.8710682005969,12.625577343588,14.5072280105915,10.4234920695956,8.81359933835568,5.09525163918673,10.0763555431129,9.87068155772012,10.4850299473151,9.21430415377736,7.83796313251919,9.47010476000421,6.48682431066066,9.56092744085921,6.46620521282722,9.32180252663412,15.6957152637165,9.59569863048504,10.7167689177201,12.1955073819486,6.24801471820356,3.04008221407118,10.0100261339316,5.87307449327755,5.8199357104922,7.17738253690657,1.91825240465798,3.22923971791402,4.02731878731749,7.3972545004209,3.08934458613196,5.14395127948226,4.06819332900627,6.17960685000094,4.49558450395735,7.28291688473853,4.55951948040283,1.37148075767313,1.51884689353039,2.19808282921145,2.19902780809382,1.5371842792313,1.17307126556703,1.13928029449149,NA,NA,NA,NA,NA,NA
1.49173456095686,1.52168085879253,1.15012345592469,3.24414636949221,4.4308411365282,2.71354655372622,2.5083804366029,3.91550702650022,7.09676246160489,4.31243653084998,2.1889901056683,10.132684392328,7.43416386408043,3.45889544133582,2.32624789274884,3.83725815626532,4.64711986206138,3.99083435099217,4.74164015316455,8.2482568047081,9.37795835701526,9.29130224577788,5.87006452589559,5.37678733132186,7.24628330506742,7.23305949523058,4.82107567218388,9.0214701689947,5.95941083117866,9.75690387010959,11.6328600362315,5.66949682035383,5.21372522793321,2.79947544455935,12.04018318224,7.5422783112888,10.1019622706942,10.3476957122603,15.6599702174952,6.08799520533893,13.0798375540172,15.9971649700876,14.2442747739256,11.3000843806069,15.585781933005,23.0061003983545,12.9331141959398,18.8399470438537,11.7860397191965,12.9528846102597,24.5684514215069,10.0716158966315,19.0846123916411,18.6037576098248,13.4658225682947,21.7439048611397,18.7075639884026,18.1490204170508,18.8379437177923,8.293477883145,18.2016184980947,17.8461562876471,15.499074340949,8.38995027869925,12.787385290477,20.0616898072253,10.8822025920238,26.9678438003239,11.6507804824092,12.0250873503294,16.789043333988,17.8798691083015,21.482983789347,12.8940100987653,11.2684243056848,22.4464938348356,18.7013055001443,18.4939776344607,18.3878249548415,17.2297642513382,16.0860771965348,14.3467919371619,18.0504647352375,27.9086835320856,16.8258407583154,9.50224977637095,28.7842194902116,23.5011756315637,12.8559228060994,27.0228581977096,21.2435186994428,26.9678050659927,17.0178468094775,15.8748697369645,24.9353458429629,18.7489493187525,10.6157800437727,14.0682705679493,22.2357388273751,16.877721939705,19.9969925377885,17.2709118414839,16.6017223463632,6.51893022718857,15.706257733086,18.0246062117779,10.6895677703806,13.0397674431231,13.7368779165118,16.4335225330391,16.1618626138078,12.0999885420137,16.8862921965351,12.7474817569677,16.5065980125524,18.9469448943098,8.21127906127845,17.9275560845689,8.98445782654056,7.1424815314497,5.71161130063614,13.0470545666419,12.8857797345988,10.9907633839007,3.66231711865337,9.50814903821982,15.718611869929,16.9852293927871,6.78080310654731,11.1862034584156,5.78751574664082,11.9178671959059,10.1891070219755,10.8281991226821,11.5154020509537,9.3070628300108,7.45727234704718,3.81180601828573,8.42462000444121,6.92810433806936,4.66611060270584,7.20670949094565,3.83787155684623,5.04906887655559,3.45433247101839,3.18015421518272,3.92854205741532,3.45305356429526,1.99689343784537,1.5952069494139,1.35950827841611,3.24579916672951,3.1280012610911,2.09807395993266,1.12329779048025,1.11444451389233,NA,NA,NA,NA,NA,NA
9.94041972431312,6.34846165012495,2.77677661504848,4.48265584630171,5.01814508017757,4.81181302485245,5.46869327528951,7.31643921865304,9.41594153312916,9.55312977851755,6.24898465701372,13.2149343491472,8.98242368744557,5.78992012496157,6.87487301722164,9.86051572576367,9.9948726319078,8.19646320465889,9.75343585872297,5.80502761066363,14.8292465151092,12.2775143092804,2.8379823854828,7.62263033858305,9.75613306085708,14.2025145507946,9.83199540526079,8.37236484868473,9.20964333969866,11.6464429937518,10.7220062685872,8.11612647947508,8.22651553903171,5.29018640942144,13.5021014729007,20.7108312447723,11.4000029813986,7.72273591076574,29.9516936974128,9.65192497634524,11.8935407019936,21.7068515767035,8.4366881542463,16.0921179532672,14.4811518395888,12.0376372666046,15.0288915400135,25.0374038398473,17.2724489710428,15.5906393636755,13.7956651223569,24.0425867148437,20.0908461125433,21.6950079506516,11.7119201265213,10.2027096774265,16.1041506060704,20.9134868576309,8.68338951099381,18.0558613008193,20.6141303661363,25.5762613763071,18.6506872328619,22.7539414516276,17.8923908377224,24.3243101287756,22.0626716841122,15.6280975479152,21.2955379038624,17.9991238245205,15.7266016918532,20.1424920754367,16.3560249216338,23.7152315694463,14.5410946086386,23.2457702959852,15.903340950993,18.9208543446122,31.2799523826117,17.4584873045091,15.0765555476661,17.5605565708411,18.3894073450785,19.5559846291591,22.5327780816291,21.2455546963903,15.1217291997457,19.8470354904473,27.8326442728189,24.6050290604326,19.8426362430816,18.8660663720897,26.6941069983073,29.2190595356644,25.9311962850869,18.3999247699003,12.0027855239585,14.0645186980073,18.4391716988941,13.8399963429401,10.811751502383,27.5826780602852,12.213861412791,20.4570586225746,10.637908742817,18.7017804022029,17.8137470160548,7.09141417744343,14.6895397385437,26.5745472805562,20.1360447224023,17.290494820581,16.0792599381375,7.90216124140325,16.4881953178249,12.0162270429188,13.6126787427743,10.1114310557185,11.3182764633201,12.5297567763638,16.8595453955414,16.6508206723464,10.5198032712509,12.670872691481,12.7343908233157,6.25723546643098,11.5938071751702,3.40133925919214,13.5453392925624,13.1978994597025,9.7172451397776,18.5845422048141,5.99654726133001,15.7023342082519,6.97436966195952,11.1177872891893,5.97103922974322,2.70892769011084,5.79841010540813,3.93352686678004,2.59011292636071,6.46702845437029,5.86691971019926,3.57926372309817,2.73149792184283,6.92895802743115,3.56903560163708,4.78153168292734,2.7756378896474,1.37456501884367,1.27933642214069,2.05250437286902,2.17589751731219,1.30222411527269,1.19385416357734,1.16142815751095,NA,NA,NA,NA,NA,NA
1.16722239912628,2.93729384508754,3.59418539142965,4.52288307257253,5.8702174136612,2.45877841972298,3.73513857438115,2.56287117589812,5.44981926570413,3.1870070668419,1.80328558390647,8.05195874692802,6.70371230898759,7.66328539868559,6.62901519299412,2.75312151889655,9.23050500272803,2.36951057007187,5.67055362446994,10.7707972719927,12.9822878188049,7.60033505691864,3.92491562193953,5.09671351622161,6.92684351881617,7.13351877814151,7.99859310734879,6.58134625473544,10.1983433851613,3.59975723932749,10.2814862004128,7.48607866291182,7.88713247004914,9.29392297971454,7.89999677675735,6.99541659172885,8.75309481448961,10.4144664688814,8.34037835525404,7.68122797421692,7.15562592026567,18.7483525684262,12.6231548217832,5.85334285134013,19.3953943813933,11.8016897769277,10.7653531041654,21.5953136165352,7.81264234167836,8.5302170799839,4.77831127362702,10.5605642548833,22.7379953585616,15.7457294034717,13.3954342905859,10.2449743791548,21.3281704149083,26.860643692441,10.0416070543389,18.0820757431937,12.358776251514,17.0645670337908,22.5915352871947,18.2966922760889,17.9570110885101,17.5708432888056,26.0109454760441,17.0085718706052,19.3340889216402,22.0760603260247,17.180299937126,11.8617608574217,21.4983884812146,23.4137797061318,17.8685405637455,26.7436245009614,18.6176675028027,26.1939997249232,19.7118587066135,16.5516593274155,9.25683214875498,23.7853093538672,12.3263704005851,13.547657492733,30.4541170899218,21.3706474737708,13.907347192608,22.2209245788816,30.3205883763396,22.3778225163897,24.00007772625,21.8687584496387,36.6826001013861,18.1865585878191,13.4805828677989,25.045366091589,17.0790691462765,15.8748807195187,9.76040717570751,14.4705581756176,24.3864644570001,14.3712697260681,15.5881522337478,19.2121315376755,12.3334398200925,20.329324389139,18.1541581269687,11.3244410840396,18.0371330003056,15.8579998043481,12.9949990434044,13.3891692770371,11.0883318952606,12.2724642019952,15.1199212791813,7.30769713735779,12.104474684421,10.2865478382576,13.804541961266,13.3434641445074,11.8382792404193,13.7915165245496,11.6298689972065,10.426725739303,11.1005560977744,18.6009305101906,10.5160313371748,16.9185558750807,11.5863688733781,7.0110206794743,16.5771129846981,7.5251399875674,5.69982526486983,10.866524326062,7.95818973351231,9.56180408010226,7.1320030549732,6.61971786415631,8.6647281004588,5.41684149087829,6.91767381040708,7.11205116901151,4.90731157999424,4.36353174234269,7.03609138337606,5.23851136677853,5.4708355527826,3.09682395189578,2.49878074882434,1.90720887866935,1.49173752384865,2.24745052906513,2.8661419201324,4.16063648686652,2.71778679620392,2.15622236940495,NA,NA,NA,NA,NA,NA
1.36664816530922,3.0006357238223,2.68344860356878,3.91169046828563,3.02864014671972,6.94530318179441,1.97634800242185,3.19125852024304,1.96271365848151,2.13666867974581,1.71334984216348,3.42780976975174,3.12215919864742,5.67315011250588,2.35337628844882,2.16091918247754,4.96998840848873,5.87869869290294,3.93485895638132,7.54207087608187,13.2178139424973,10.4733276516021,3.49560781779046,5.38785768105427,11.9572285013024,10.3298735237732,5.12347434539974,6.35281303706191,11.4236095013783,11.6440720456271,11.4734480134156,7.24200885680275,13.8968895835577,5.78242753256929,7.28322255177232,12.8235135800442,7.6616532063529,8.9979038797832,17.2019224405929,15.1911709282802,8.96624414547227,12.1332132348113,11.0817024624591,14.4175380771058,17.8272427628228,9.46177285067868,13.7394090493824,18.8196020340765,22.4188117859748,15.5863295040729,22.8190721275339,20.9748117527504,17.7221798352705,18.3881429889625,8.43299023177789,15.2861667690319,8.78679513870106,25.6072658358195,22.7763533022687,17.681194478547,21.2625947907364,22.0603704216662,20.5575856421399,26.8494785509057,23.7120450768569,13.0496081233694,24.2385233157232,32.3705684026538,20.703598109677,19.1880845051444,17.6786770311593,25.4433948974315,18.0703057497401,24.3775967688165,18.0129703413883,24.6046357262522,19.4120140445585,18.6638056076443,16.7036108553137,15.2447303216881,24.2168938893921,15.2777783567415,25.0405087564895,22.6326198911827,22.5764815709498,13.0845557289476,15.8994880107203,20.0233152749029,19.3973102549364,14.2869509415377,26.1814907628468,25.3938759663864,14.0785209458913,18.0993786738222,13.4283359251066,15.7493472142843,22.168074779209,10.9037217823704,15.2820289823514,12.436265535493,15.4658128188924,14.3263104267409,17.699609558666,9.68430200292935,11.1552286022093,19.9825404661819,13.9721229814634,13.8514047761588,23.1499236894807,14.9824153918128,13.168608379062,9.48392172641496,12.7469219344365,11.447628823149,14.8210164398814,10.5863880684976,21.4926501400928,13.2636061571504,18.0646294154051,16.033250932436,14.1067003345329,11.8032039608878,11.9280694946934,11.0095908363373,5.90432313993765,10.7470121146697,13.4384318758548,8.52529083019686,8.79263031041251,14.1980796621296,8.07433899090943,17.5359714503557,6.42925707407523,13.3195968508301,9.39966714769312,10.4907165225995,6.71647253340028,7.50238078699761,11.6884197814204,3.37566397586883,16.9134537349598,3.18261310813518,7.5143569778754,6.09082804865446,6.14053696204655,6.29195487698993,4.03589913840587,6.17234031996974,2.62456996566219,5.14579565436402,1.819154307736,1.76146635224872,3.29420567165143,3.02200740395602,1.21334948552537,1.47066593517337,NA,NA,NA,NA,NA,NA
3.99952116486576,8.45724056612917,4.9748409578444,6.20590601274587,5.45576612587986,10.2444388599052,3.26883182509401,8.42128817666881,6.58536822828813,6.50743693470254,6.92651202097968,6.81160296528144,11.8273760334699,13.614450803583,11.5286893912742,12.4902608125848,17.4220850894797,9.49356168398112,9.52425097465565,12.3127659371605,7.82222625703422,14.8817710122677,11.4163889869927,8.84161048079029,15.7287452664179,8.47573035146775,10.3102346840645,7.42967641792253,12.5737880199747,12.9325178230291,14.609471243668,11.0089071740622,8.00084211509767,12.0003707924706,12.5076983163608,13.093169238548,8.229339224788,7.62624965634164,14.0963240205205,10.2420282161007,18.8530189455381,16.9122980491673,7.50832653085852,20.7043809438009,8.38688048475098,16.4620755396454,11.184074142121,9.52368232101432,18.7189158697641,11.3517544040965,16.968556305129,18.5830551580274,10.3895169423958,18.2834108210709,13.7699099764946,24.3376665007347,11.8742743634415,14.4610800370215,8.83750198057117,15.5490231298515,17.958773396344,12.7397764294339,29.0706063548293,24.7262949632754,12.1368924679409,17.4980140920044,33.798424037508,19.2924556907538,29.9263033476281,21.7779067099797,25.6471287531595,24.5495797917617,27.4037084397802,23.7696291920941,18.7504451088597,21.7853973785023,21.1734644499903,26.0794541403612,27.2157480997471,24.4223580116978,11.8437846455933,20.8651628149334,19.3460939440088,18.4547041642159,17.5707509724651,23.9483162149145,18.6309997255912,12.6534271438734,23.0078271196407,17.625928779809,15.9976808480714,12.8762236261684,17.0903229068239,15.6644067361895,21.7967076054171,22.4981050071237,19.2033723269491,21.1844515049424,10.224771323846,21.3016439691478,24.819925620936,16.0094284647459,21.7249986679051,15.4451750515878,20.3434978944361,7.56305492294896,8.80013661577116,24.3552854804499,15.9149692872614,15.7078293618288,19.5098632637709,19.09913345591,23.6439047655441,14.4800072319132,13.6631437800229,15.1865165801552,17.3801509320313,7.87017063565629,17.3821309518011,17.7388822905044,18.816082791328,24.8567116193525,12.3781283744468,12.7233540157749,11.4307677671877,12.1022437490385,15.4966118473595,14.7726494549848,16.8425160897055,10.6858678030436,11.2105128085184,13.3265622755625,10.6310385940065,10.5500628074056,11.7803827090483,8.74303778446937,6.75426110592612,11.7128871009944,7.96120999096487,15.0410087143273,10.4323620301745,6.66905951436381,3.73587679591469,5.3327863558022,3.935475863421,5.26831698639493,5.55798169354269,7.00022997453281,2.01403642180561,2.25201244980569,2.14636271273651,3.45137987515524,2.63071196135441,2.6449204493602,2.99784946634388,1.24805405625731,NA,NA,NA,NA,NA,NA
1.55644223747329,4.54033305959024,2.41789442017775,3.32581351770608,3.48511639769049,4.81412771057832,3.8415541169258,5.47857192849153,6.08450673697025,6.42305830403782,7.03411739473048,5.34374539389256,5.87707735751077,3.60656538229534,6.81966689215102,4.88601607783362,8.2026660396543,6.58548752450568,4.83926125929432,3.90366542865204,5.39922387943099,2.92103926382053,6.77450028617455,8.9979793061316,8.1332034878786,7.44585931870071,10.6234812103687,5.15089628813227,11.5872523028091,7.97911324429944,10.7058564766454,5.06151842466228,13.182217839309,10.6158553749933,10.9503954134684,12.1713217825888,5.64937603659885,11.2898638891759,12.0896210850671,11.2999351483305,15.1689081634106,14.6737975185684,20.872156749868,13.4621272542291,15.7688500001672,17.8134766616827,16.8313796285253,15.3829659688378,19.8747549752482,21.1869251184597,10.0508931916197,16.7696207082937,20.5241001920626,25.848833428888,12.7020943011805,18.6491231320534,15.8565257783563,16.4604354947223,28.3954370544823,21.6853515129031,20.8496253018092,10.8538402234677,19.1603437727153,18.5391268621642,12.4733791978263,19.8332919068658,25.5530567346455,23.3134987124814,17.7668169670167,32.3213661680686,33.6452633015563,26.0060152082562,22.1403133480944,22.3167949131184,26.4455153829,13.6027288131116,15.1569044053215,24.6413548418206,14.6791254401167,16.2157528607802,18.9795769632765,22.6819324346994,29.8083265741533,15.6173716656806,28.3070509872954,21.3454172503675,15.4024302719495,22.9182329545082,13.8973866377179,17.5995379716675,14.6026185474276,23.0921777675141,39.7412349001855,32.8362349618785,10.7864382272827,30.9745664366534,8.97381477885266,19.4051428493099,20.1525652580968,27.215596968927,18.6624619054801,18.0872242446342,19.7382651714465,24.3270016285356,16.7127313227503,26.2445264319439,17.8610705565367,18.4732953986608,26.9353952008582,13.5266709674842,19.698844170735,16.0167197761815,19.3801148811079,23.317024764772,26.2108410587776,11.0573900349129,12.6101582957692,9.29105937458063,18.4167508446488,14.8617770978508,10.8545480721885,10.6185143533916,16.6452491427388,19.3372940025438,18.7136879638697,10.1093268910833,12.5103065267066,12.4421675359313,16.4821177632879,17.7103001890436,18.2941062463666,7.31937721727623,10.0816286582376,16.0142452014193,17.5430806173675,15.5657087636911,10.3932443628132,5.09704931248074,4.64410232853588,8.5810923781042,19.4053109334927,5.59938571271572,7.7655580372863,5.8924095186957,3.53532172663312,6.00878028597018,5.88311266349824,5.77911483210264,2.47596461083903,6.06486853152602,1.98407653396927,2.20273021290469,1.78425175401009,2.15307950026148,2.58313502531203,2.13105906850927,NA,NA,NA,NA,NA,NA
1.60288613317599,2.63616378478745,3.05196469161873,2.72200670935806,7.31266544787823,3.27772567249968,3.88899843560892,6.12912894181913,4.66848609885923,5.04429618620488,6.01280106375367,5.97524270866224,6.70914934007733,8.85094280572734,11.4153575690829,5.8967826088504,7.65404426814785,8.25488316653297,4.32491213941721,8.1239095544095,9.68745399387679,10.7554087913111,4.57126186259254,8.26391125514711,13.3074775433787,9.44853920433184,13.0283552067378,6.85449328702627,13.5734247339878,4.85724473213506,9.13825392036447,4.40842600558537,10.3988262008852,9.5661055588092,14.7573407402722,7.76436173376401,11.4374412636394,9.82889872924379,12.3218313653924,11.0221032266536,10.8471376517507,11.0842965025002,7.18033997152336,16.1585019231741,8.16777469560094,10.5921630253521,15.6724334882701,15.8301459229467,18.1211678658398,11.6739678010962,21.8571773906957,12.0552221505944,12.9238057917816,12.0354659832205,10.3802577291892,13.561469618878,15.1826524858889,11.7327424948925,11.7823474833472,9.2895123876429,13.3878723277564,16.1272943941346,17.3036260210192,16.1809630665394,9.68088452292246,17.9767038241279,20.023151061649,13.2347236250767,10.1223441598493,15.6355805069803,13.2727346657354,23.4148321620927,20.4560024362962,23.8025741741199,18.1473838820593,10.2380833264991,18.6105760516581,18.0462847351135,11.1023231906073,16.2818809010198,7.84251242959618,10.3349185216656,11.7343628036484,24.0136029763383,13.4785372821288,23.6901707622598,22.4295898710923,26.3010336886109,22.3102432314222,12.6083412104302,24.182974668773,12.1953757303967,13.3956971539512,20.6223332655834,23.4818387911628,9.97002979933142,18.8536888895404,14.5077578436801,13.8414904200542,14.6449116612187,24.6108150587379,32.7799688457822,17.1377655397655,11.6875384568421,12.9883891608805,19.4506503802747,19.0256390021396,6.6435393613458,16.2580993541533,14.5232979594483,12.7954079363716,11.7267010210882,6.77334860624706,18.1083721791202,11.2519301676251,15.8544603865439,19.044603632346,6.21692927460161,7.72256910173486,15.5050829717643,19.3832020726053,7.33276123918967,9.1803204626394,10.9968428525288,13.6338205950337,7.57929148047102,6.49234888451001,9.12478418306712,9.33874965736811,5.6227892812397,9.17725411929534,12.5490181291895,5.02978002222698,2.50855744545029,11.6110571256516,6.32817345561286,4.37057195103389,3.32599932850362,5.86631262643125,2.01660183834732,3.93830107474993,3.06985292375252,1.97735309727928,3.94326530542621,4.23146117383269,3.69630224806122,2.65871130069267,4.09430871279202,2.7014930695232,1.93370842066212,1.41992212208061,1.53146318440369,1.45490315159041,1.38681460979376,1.56917163990434,1.12946666434832,NA,NA,NA,NA,NA,NA
1.09878014318505,3.26895093352783,3.27332222595156,3.63873154359375,4.70234488895343,4.45868687335534,4.66955493503537,5.48232009227123,4.0371388073387,3.13066254589811,3.40168067412977,5.0977408332741,3.72538562549476,3.74790358579776,2.79246976193763,9.98377554513878,7.51629020487764,4.69555365462221,12.1823616727353,4.69882606660421,10.638368205653,5.68395114655162,6.71170121533632,11.2088803110758,6.95276188275613,8.8822125907948,7.35473112373285,4.45901881174566,10.0708183936081,10.0066963159057,4.21532585557797,5.60134197894971,8.17038674219137,12.4318663398583,8.14526297645982,6.62540860850658,4.99745209779771,7.91690327652896,12.2961710162392,14.5472721988583,10.4543314590495,9.14792878442292,8.77373824985248,12.0542855994264,12.811606918989,9.17574015824476,18.9092060465441,11.7563060199253,12.270612441088,19.5819827153515,13.5259954796356,9.10891373691431,18.5824904195619,19.1747930497196,11.40552061584,18.9511826596539,16.1986845062009,14.2010600929788,21.5525003124293,8.887897873963,23.060999133589,16.3219640890559,20.0678293495323,24.2523041006087,11.1991859627906,12.0722700050462,19.5031372392502,18.6036585267055,21.0636146505553,21.3415149554646,16.3502898057709,20.8541458535085,14.0085822576886,21.2856769248038,16.614266953343,17.5493383718107,13.3538347142694,21.5842214095228,17.4297269631288,20.9359576328737,15.9463464981339,16.5139802695491,18.8177675806391,19.3525275281289,19.4881138900073,21.5763020321115,18.048333989947,15.3424966634876,25.2262889976459,15.9940766634104,31.6928599366715,9.07239439462391,25.2817651038367,16.2559839945873,19.3176548559425,15.1847028746295,9.32990679827749,8.96177749215766,18.9675737686125,11.0645471248011,9.89438092867808,12.5263777227367,12.5048096092588,9.90476220984618,17.3390597066752,15.1980795152805,10.7927961027169,13.5914455029282,12.4089916122312,9.52499014269256,7.43948509405369,13.6324047747586,10.7786369924817,12.5231197099289,8.19123986780931,15.1243083458078,14.2927892711303,7.75755173750916,8.49673025994803,4.40914173160363,6.62983685932414,11.2338425076995,6.85003492512142,3.43389001324187,8.24229956221719,7.24401041060535,4.20936465412372,3.92412758263307,9.5953129566204,3.74029166266934,5.01399287766526,7.52954141620893,8.16356695186458,7.71947015228198,7.31588672075618,5.24580893429341,3.64741789346004,11.0156023062186,3.49870216265594,10.9187505927481,1.40754476873702,2.60596388781003,3.19182544062686,3.30438751913754,3.5771258654181,2.40956258096426,3.4584910958263,2.87631981298919,3.62050681565778,1.48667639588286,1.30955587844047,1.40629085149018,1.24972648804256,1.16250323074031,1.14810718820823,1.11645393522055,NA,NA,NA,NA,NA,NA
5.28644793353444,2.92453198232707,3.05512549697074,2.4030453818077,2.68155959489624,5.9519073515523,2.50649148151092,7.23143075172386,3.11732133868376,7.22130095459113,7.69977961801306,4.74683741075694,7.34298223758657,2.93612879256261,4.39066726867752,7.02743872645823,8.65976251043584,10.6321933270644,7.74909310077677,7.21214946411142,12.1451950553827,7.46046080610898,3.98607717786094,6.80007952217822,7.78016229449896,7.7841764432707,8.11599431439989,4.38546442536021,9.71918232370155,9.85212148005094,5.96737960836592,7.42777101248917,23.2901967505588,17.4797662599208,14.9333381270976,13.12501227015,8.54774334967308,7.90563285033087,8.39843643118262,9.80066281834573,10.926696844509,17.0182401569236,8.75419564506045,6.69371465192396,12.6976066458218,12.5276673720415,9.65685359752951,15.6023215178348,11.2814352155558,13.9004980495104,9.17543555886553,15.4266241594989,18.5928139214638,21.9881350471163,18.0134321164743,18.1674557789132,16.6057191956276,14.0881345996495,18.6568504204031,21.1702610676385,14.4905317538127,24.350881855427,18.1275806570937,22.0829397722411,21.8538635278973,13.4468857586914,21.254457107069,14.1546012292025,24.5484810616635,22.1395062930233,5.21080962858215,18.2927466446241,25.3073711938262,27.9353636121617,18.5050564992555,26.7033692102885,25.487810575571,35.6457215299147,27.1674372776395,20.6267617789019,16.0761534542322,25.9065029180657,19.9196637274706,26.5144361282157,26.1889996677282,18.6952104467883,25.9126834953697,19.0425630980447,17.985440539275,20.2842696775688,27.424415177848,24.6736489599093,17.720234878682,22.4004622555597,25.7492616969538,26.1667880315383,22.6827297163452,14.045229493683,14.428171763247,17.5923506263456,25.8540753555044,12.5850320159373,14.9211404878872,21.3763191999687,19.857595382751,22.8400756359859,19.2827356137304,12.3729149098763,19.6724082169717,13.4912928339887,9.98828394927363,16.9990348502775,21.4286716098606,9.6051771811274,10.5886266354115,14.3047669440706,12.74689926487,16.3137487183153,17.963296497829,18.2783275151847,15.5098855370623,12.1997139220446,10.2577574197287,12.8138435464225,8.05502444590412,6.76363311765728,12.0275138367385,20.432655631752,14.1564463420231,12.7626346292296,7.41364551912844,10.0028892350389,6.06534777591719,14.7297408411249,11.5386419911131,8.9391255252549,4.57383381974229,7.68913306590348,10.336095798048,4.36314887374168,4.10854212539478,6.83507316778673,3.45861558925683,6.69336562230555,28.2095845590908,4.29383023903027,4.32017836617524,3.24171439171095,3.28771852035395,5.15184846794636,6.4150608963579,2.29650203755458,6.42948364985794,3.56010652296139,1.29495291440117,1.92889687415266,NA,NA,NA,NA,NA,NA
2.16542685961405,4.02196177598295,4.36194250270486,2.22327753860569,1.6263670072766,1.43525100257494,1.91107032304988,3.22955139234779,3.18087676538412,2.58579078575383,4.3336333156733,2.99710856030107,5.58257162373319,5.95626546389792,2.73426637318821,4.26979055572493,2.14202316234535,5.48534480260096,8.95084019190992,3.84253515523448,5.7779736047358,6.86964096211919,5.04141059134651,7.5588607015826,9.76069769984754,9.01150899698344,6.81691991672867,8.0756728550168,8.37129842012422,11.4735819853934,10.3118257850322,8.65228417427001,7.0599534440905,3.69138715457872,17.0420278431475,11.9475375909221,13.3090903678607,10.4816371129465,16.8756347619933,7.48381752167764,9.61189985979427,14.2434753789465,5.15927184859461,9.57604562322373,6.78931315795312,16.4180751410234,18.0144531588302,13.5047645653933,13.2399654203417,7.9338702063293,30.4020697581591,15.3032497844146,10.0888751272842,21.3260734548825,10.3695183197242,20.1056448945251,12.2887517787842,28.261261641928,12.9473283164507,22.8712672344633,19.4958702774129,16.8689069246648,16.8441113228252,14.6696286996097,15.4177160948544,20.2590738427599,16.0317599303983,13.4629619487276,22.3402362503154,12.8092168485315,13.8652187064426,20.8350093268955,17.1489447232815,16.7548954584105,18.8941806064703,20.8661619711588,11.7017515438058,17.0007116998477,37.3045967761451,19.2965667339826,12.1433554326855,23.4987309074162,19.6494371030918,15.7510505060039,22.3470373287164,25.6372957753187,12.0509811550879,15.6517978475043,20.898240259859,14.4995374120126,16.4819270567361,26.9439368252642,14.5832554571445,14.3428705290241,20.119601346855,18.3124182611791,16.5757210714871,14.3655245915752,20.5145754754146,15.7710889348094,23.0586260239098,12.8213347326791,19.1272945617528,27.7997111720817,15.1734123762148,12.6001491564111,16.1907782971889,15.0315947792759,11.8095898283555,19.7764371258316,11.673602080533,15.5981141447071,21.1409540931216,16.444517085236,8.72977112489187,16.4082246309965,21.6185872068669,15.1896589243835,15.4370767773471,13.704789442969,10.508507228273,14.7058356230266,8.59991704860415,11.452682401919,5.14924289329643,11.2505562836851,9.38231475443781,15.1482728233827,11.8280824032257,17.9488602627973,9.68866293953069,11.870540013683,8.27301742552107,11.6693943555139,9.76106117405745,13.831076881566,12.1931526672188,6.97826020565984,11.2006049795295,5.91221820563081,6.51790843012053,7.89276594020586,6.51739976859161,9.50678996085217,3.27284808981133,4.50000223140771,3.28338473142298,2.69461165439569,2.93329404463663,3.12118225072612,1.72397900619664,2.67661031586625,2.11188182901625,1.61892262884519,1.31469426473554,1.13962219977813,NA,NA,NA,NA,NA,NA
5.50342756690335,3.62204548886441,3.60506861853799,3.04976935342636,4.42074874489505,2.0165306182719,4.59398894526361,5.16316321815004,2.9189172172655,5.52326707344602,6.72990663399293,8.84170200640074,8.5680369086531,11.5782223364161,3.77041934497448,3.4315029308158,10.1680091691923,10.9720688567063,7.84748228206202,10.6872734934609,11.0691457828282,6.23349310039343,5.80023638490149,4.53433122742914,9.34241870128171,11.1088203151019,12.9142783803791,10.8756839155466,7.08475579965335,6.99738190163467,8.16641782640863,8.37838615646328,14.4861667414272,5.91869294575904,6.67297310552532,8.70190910872628,12.9979539928023,13.1308361423405,11.5563971401191,12.2228663654504,9.30640554575676,15.5110876698307,6.55515134030675,8.60806500978475,10.2856331606249,14.6057814716432,8.46593562420127,11.6557191600776,15.4903657831625,12.9882820286719,13.6618947653822,10.452410192316,11.5853366235474,11.713275464543,10.811578208259,6.18756870095764,28.2669959389071,10.3844965272237,11.0388953483335,13.2094258576661,17.5878419757199,18.805332673329,14.7847138662081,14.9427309776543,21.9030328233978,6.12195689267531,21.1781163569882,23.5810924137462,16.010506766884,27.641844220453,21.6473733251779,24.3282712838244,17.1342869917587,26.1457801966895,14.2881499294662,18.7864981493864,21.3824151984822,20.5822408713928,17.1351353022884,7.69431477294638,21.7212191838397,10.1200492167371,17.277298847277,17.4226216198169,16.8982967365302,16.8509450669431,15.2409837018473,10.825776628197,25.3110666990992,9.07929566641301,22.5297293157101,13.5903078614537,18.4980595841269,21.3397313224383,17.9201454990533,27.5051481103538,15.5893034367541,21.9074198706227,20.4216414483229,15.8868527357356,19.5499513621529,12.6424859236232,17.5802187721385,7.73676701748827,6.24039931348234,12.6557121061895,17.4495932308346,17.1605455710942,12.2025718116043,20.9464359184936,15.5313659594627,19.0298517934897,22.6760395579842,15.77238466413,14.1711722001599,13.5130321215537,12.5515961731132,11.2303840577737,8.42581489744913,6.30914797050601,9.56905427615647,8.47578682191974,8.5275893995793,6.71141200580241,13.0671232309118,13.8098300628256,8.1650137075285,19.8961953733382,5.70142462723741,12.6323511946189,3.04975911867697,11.543521085509,8.99827656403012,10.5419141706542,6.0584847418429,7.25101093699773,6.43378953002372,8.85533300255407,7.18431088393386,9.62365167970919,6.46432928997873,6.96203435954459,2.8385536392252,3.45385613432152,4.16328384922269,3.91236392698536,8.25210724599174,3.61190317943906,2.40029140466691,1.38824464450246,1.38273933292932,1.4515165412449,1.17841075550507,1.73892897824263,1.75462211555123,1.18408411861078,NA,NA,NA,NA,NA,NA
7.08391900646024,2.9994684402383,3.52563209544911,5.69824945314763,5.01065831048996,2.90082184729153,3.79073857165122,4.08922509973395,6.50987094497735,7.23670291470457,5.81638335829379,7.33864279255336,7.70756949582507,1.77404018963129,6.15783652639687,10.1931668241996,6.97047144251781,6.06549003228732,11.5133419876423,7.08417954500442,13.1513685435917,7.00943165671576,6.38960739647271,8.34383949929899,4.69156367764941,8.45727012558164,9.46162771953091,9.81044058133734,8.70507093981151,9.6903935069959,10.5452883904716,5.52463976858362,6.67728874543853,4.85581286749042,13.6997594145724,6.3933319145095,9.0196913135962,8.11499412154277,15.9921343172987,8.24443039435735,10.0404996344788,11.9465536711689,14.8511247236864,8.27217693850794,16.9278303312252,12.1494854001828,18.330681316554,18.5630233813666,16.8884576519041,13.9561386945802,20.1788820035202,11.8466015595,27.7394254059283,18.7741727470994,19.4778025307731,12.5533252042304,19.8565462034225,30.460664382959,19.9597512959644,14.0626402933064,20.6339023947708,17.9197658240653,26.7931969813199,16.1219919375626,20.5558115530173,16.7450632792807,23.9126911805754,24.1669716380039,26.0682151522394,24.3850954759216,15.7167283813759,12.2834234913558,24.0874005788865,20.0925746532435,25.9547023826214,16.6084555574288,20.6755651296776,33.5120776169183,18.4935714423232,19.938824778681,17.9591081560257,30.779281834042,22.8536744353478,25.8128222012931,16.4694363567647,24.7882064481545,23.0882939123168,14.5126216102203,26.7602796376155,23.5144662671094,23.209080135737,23.9214069625193,24.070087671668,12.46499430911,21.4191163705816,14.7143441907888,17.720839134028,14.575429275009,22.0297331218603,18.9903698044955,23.7481739743988,14.0823517582928,31.2000695907839,13.660893259841,18.3592199232692,24.1542589965912,23.0324701134543,15.4313749337665,16.3917603680123,18.652504210975,22.9367435452437,15.6273562471724,13.1261115328079,14.5398729742059,16.9396900063664,9.41730883833825,12.3026718128957,25.9212541360081,11.3202285768436,8.04459094284875,15.3081640060176,14.0077183513566,16.2541843243155,15.6033364088168,15.7003175850649,18.4451542829413,9.19679608372238,17.2214192032976,7.23517220205604,9.8483903866185,7.47841505925931,14.4661180840096,7.21478963151146,19.2163128840225,11.8340697232257,10.6266493568063,6.8946620435096,8.06637230044681,15.5375175175835,9.45211071609094,5.20796491239448,7.93816299401936,5.85726884371714,7.3700846558634,5.88755857705514,7.63526103115399,5.07694847236303,4.48789582345841,4.76393158840297,2.24661064789605,6.01510441991887,2.32285216764424,3.38895070221989,4.48544268905187,1.79999673229351,1.83728296939331,NA,NA,NA,NA,NA,NA
1.28473716283584,1.66682114798747,3.87069942313731,2.66320651450692,4.03838021433561,3.04939515954416,2.80422733917393,3.28513761170177,6.48458592297352,3.4998811041053,2.43587549670267,5.02376670613853,5.69615673324338,6.36689979264165,4.31099946862576,2.00337828530594,3.3971013559975,1.49515383486562,5.8058672380499,7.32755865855066,7.77510812568072,7.27291428906579,7.44244582588399,7.76530376067115,5.45210667624367,5.91450859479038,7.09291888196341,13.2020585794664,6.73967041449598,6.72621994977609,7.47224854971317,10.1162295653486,15.628359217384,4.32416235069597,7.845639785285,7.82440184910881,11.8077245739897,7.82918570494493,8.74202404355776,13.2296903465317,11.0696202375691,18.3406085686293,16.8108080958679,11.4200465253726,15.08527078966,16.1653666416579,19.3983954261699,11.2407099412666,15.4257528437629,17.8531619379341,4.75597492622392,18.0228689973276,31.9126863299574,17.2643589202803,20.9395777278205,11.9086495843845,18.9213288874404,22.6737675344864,11.6724385744079,17.3756625371446,13.8924637662294,19.5047160074933,12.1217621516373,20.3858143959835,21.6578117664265,18.9525078647141,22.7022882311969,25.9678327036188,18.5187157547693,16.9388797923248,18.5771140043659,17.9731533763587,19.6155172766677,29.2689586707704,27.1044359490692,34.4668204217672,11.7234948680109,15.6242244029326,19.6386188680136,19.0838113751169,19.0271392535369,17.7574562388573,16.5862435988162,23.5257645816563,25.8976812671307,21.1909565328459,25.1503963317907,24.044076828286,26.641453303811,15.2336648270094,24.1473090124429,7.46519736120189,28.8637495375347,17.0593804512969,25.9205718700153,13.7230277053553,14.4088085462197,19.7271163294619,20.906208921251,11.7461581411745,11.845617480722,19.630335109309,17.1152162439526,18.6801806821894,7.95424497675511,17.8212121056969,18.5402999816601,10.3332767300696,14.5406724211065,17.6354090545184,28.8667757346193,7.9221857241708,9.08347389292586,17.736403411077,19.3604796613534,6.04076101358194,16.2820279169843,16.3931039268583,15.6726349247227,19.4616549529166,14.1648234872941,8.84985424382458,9.17342084712147,17.7013362203973,13.0411330088741,13.8844164458353,12.1437758742482,12.8359235834796,7.93022685271964,10.0974539093314,14.6552544840589,13.6134787212149,8.58491843824926,9.86139613831773,7.33302368236952,10.3323514522396,6.89499215054613,6.43621344442297,8.644289133622,4.47458531274803,4.15852759617525,4.42898974352162,7.1732337951555,7.46583841527973,5.4739210055588,4.90285316571126,7.00568740725038,4.30460333645876,2.93422991091949,3.40022328199518,2.27841853605952,2.66362340452197,2.02007594181677,2.75347624953135,2.2621678954883,1.18162389126783,NA,NA,NA,NA,NA,NA
1.56413601526402,6.26535658556634,4.51884193955,1.92217315891833,5.29279078828624,5.21716215375025,7.34795895407691,9.39888643258287,9.19221582352956,6.96365596306562,5.35170719102733,5.11952599058286,5.4095458945152,4.46700414112571,2.25330197254353,4.42789946642983,14.2556866950179,8.69747314060462,5.3621061484582,10.958606005736,12.8810828335933,6.80306293656737,7.82349707148597,6.68587382825702,10.7930633638007,5.44496874661785,9.24300354305571,9.08823817807195,11.64287112379,17.210609174661,16.4606824406069,3.64910344381469,12.6441037586936,13.5974395765149,11.6251619485293,17.2797933504177,16.5868477806839,19.4956936264253,17.4180967151145,15.5018492132821,11.6422009641214,8.88800683301329,4.02190355837019,12.2564842530292,14.0032974857248,7.7272067406342,10.0556923925621,11.7914249169023,19.3900160817443,5.97736479740427,9.35272974287416,11.5647126948938,12.574664416465,24.9710114445071,22.5901806132513,15.1306130884261,16.6654759028417,20.4060353629212,10.9438488936971,15.7953399593514,15.1829162964338,22.2771577266696,13.2960996251628,17.2085431588631,14.3334610905993,19.5846467394673,24.0238733676012,22.1067235524247,18.2348036427197,24.188086582117,14.9205237722736,17.6508121745389,23.9125791353538,27.1817423960101,10.7162933020418,20.991952069414,22.0122236752695,23.2112296488956,24.7611869765113,22.8379703523173,13.1950993324107,34.1634862997672,18.0825885085098,22.1111215333542,32.5044509689408,19.0369790843178,21.828671477723,28.6962770620422,7.26786445465435,17.1419350316109,19.5283978027177,27.3328203209776,18.0244207629321,18.3672605440243,22.167231841056,13.8468590723191,9.09439222513175,11.8654800842153,19.5390944464547,9.52450648022145,14.9907901252389,15.5573510641567,14.1138712931333,12.7509149901468,20.4500779668669,17.9290604797776,19.9113742249967,20.9721018095902,25.4777407333424,9.35548980658043,16.6818054704766,19.9122984901171,14.3777673155357,16.3697722068989,22.8058971867166,11.5268741682026,15.7684582599342,6.72021961967089,11.5541456570622,17.2244493721948,14.7106192928284,22.4799676570347,19.0992500729515,15.5368035176484,8.30868118927743,9.43679579333542,13.347651935384,17.4733326378557,6.67269712674738,8.93027577189922,10.2749234421939,7.67095683082904,10.6159120232468,9.82382931290466,12.2513646790287,14.4574456416121,7.63900274024526,8.61161159996825,8.02200197033907,7.2713984565923,10.3425973072956,5.06496924694496,4.44897342545701,8.36744767012997,3.43265646813551,3.73458365170167,5.78063316800097,9.46195685094813,4.10113491686021,1.64186007467569,2.20677976879887,2.36242138987892,3.70498593971831,2.54372088151872,1.50239379467687,1.37758053357231,NA,NA,NA,NA,NA,NA
6.79613302933332,3.23138534492361,3.56921144917473,6.54841201951045,3.1681448339228,5.79716605836569,5.26782660958605,8.74898869041883,3.65974066937159,3.69052842945498,4.56160098586516,8.71211003079252,5.05434113590743,4.84821458256625,5.41398850801475,4.04504760025773,8.05689268850893,2.89177079103585,6.68521235744581,11.2003865203782,4.01568750175269,15.8075935328073,3.36507975762541,4.00962632913415,5.93991283342878,9.3615825738101,10.3797710592077,9.03224592642729,8.20903647237931,11.6495799543107,6.76696337580705,10.2279771790744,11.4241191530504,11.1807113308375,3.65419578140444,10.5003738387331,6.86135680993294,10.8677693170015,27.6077930703552,14.3761328415968,19.7678860744242,9.10334937139608,9.41690580885689,10.8026680995357,9.83323831406461,12.3476740881485,7.10669654101487,3.18433566492841,8.08679427972135,6.30004066486924,9.07817079930473,16.0331202042362,10.7576101124578,10.123131561034,23.4238060011417,11.803685936241,18.6633604556649,15.8827093621403,10.6585705926716,18.022186173505,11.7807246039851,22.0164704688334,9.75192502775333,17.1848411796722,10.4006639162158,12.0124334317321,20.3888986353237,17.2054960828929,20.2835609467129,14.5542188203561,8.91265434174539,21.2429153590229,26.619252118824,11.3766175522063,14.4165998436068,14.8735721149503,21.727961030962,22.1546995640927,14.4844835263252,16.0711075858816,22.9244735928103,16.2675790831819,11.5382673336621,19.1071108062477,12.6508136636681,14.6954360223616,23.1227215645202,19.7882437847381,13.3099844811118,10.5253216187333,23.2603490392659,12.9759851203729,16.9716772239015,14.4913406763323,14.9669599924442,9.92176065700554,16.5089034358763,16.6097465849322,12.8933547760285,17.8066914879861,8.59843292624767,8.27635784823498,14.6257208061781,13.2166974487708,8.09780493802075,12.7113318126523,20.6204716807934,12.4344199042081,12.9605362299428,17.6949425983181,10.1816656101157,12.2344565157612,24.4048361960875,6.53793667955541,4.84183946301166,11.063290928833,11.0342789034673,13.8384368244803,17.7253754229922,15.1710146884677,7.84914974900872,10.7410214032853,8.50897343747569,10.6533644930928,9.45140279676009,14.485669720792,11.7277123372865,14.318395135723,7.81288146790189,6.05211307710375,9.22066635922284,11.4380254060882,11.8005677858061,9.55982949839291,2.83400048575724,11.4805024813713,6.27314972470382,6.14538472866821,4.69108824706373,3.55626507773196,7.12719314777069,3.99191836085383,2.79250390818879,3.64547206686081,6.36605516115369,2.18574417295027,5.23197439842853,4.35835812928472,2.00964014036698,1.87289541737952,1.29593036295971,3.76230218175085,2.65816253906233,2.20776026877357,1.07587320602981,1.26797628274398,NA,NA,NA,NA,NA,NA
4.04978648628324,8.1409837567218,4.34255635649262,3.77535547318694,5.83505402195604,4.94693567346363,4.57412967544259,5.56999924137895,5.18924860169795,3.75672897965318,3.82076088921606,5.73004811166862,7.43976793702614,3.39760959956311,5.09599573263957,6.15059477538102,5.39047438027077,3.72135927960263,8.52744706193448,3.90013086195541,10.9875513848657,2.72412974672361,10.9313787096855,8.83685194311834,6.29889821781161,7.0505345204339,8.2677825083451,5.28987020069504,9.64688388684622,9.29772143516401,13.4747003552651,6.09401878466648,15.7130253994613,5.0709480583631,11.7640533631923,12.0576708731932,8.64429869759556,10.0496937027543,15.1037178683249,12.1814885670589,11.9638942984899,12.9803289240431,7.53978607421037,11.263741654416,12.730643667778,10.048520730121,13.9325388019549,22.0957132292564,9.48279594964695,10.6567575484437,16.1759364663991,12.9787450587493,14.7496038185446,16.8865059297556,22.0151032455483,10.0353434501622,15.3337855136048,10.6625953462045,18.6871665739511,18.6597147308908,16.9016250595719,19.241108367716,16.3074740943727,12.3446841460467,12.0405846299112,16.360593605813,21.4208817151031,8.08558476248752,19.9859447387253,31.0945184283527,22.203768232108,11.8466540535908,21.1348506221797,21.0739603066539,26.3412399110062,24.8814307163439,16.2342081180337,27.3670668938685,15.0273508642897,19.3061273497313,17.4644453362173,24.3922155976969,24.4833187582403,22.1522252911063,29.9390461441916,21.5051723126778,17.7297923714827,13.7152060224965,20.629607879736,29.5064702310841,15.9624943444193,6.85975933326173,23.4335788938108,19.2777168777378,19.116997451895,28.8323327575327,17.3992604825216,13.2722383992623,32.0765574761837,15.5661075520883,23.7174401669232,20.3255867391838,19.2218936747721,7.39353778573843,9.64298878983658,14.1463783693842,7.13234220321485,11.7047315248521,12.8268123113285,12.5944560699892,19.6295436710291,13.3382873607662,20.7093547458751,11.8619936948198,17.2587141494031,12.1226429712846,13.1324686500422,7.90010535179548,9.23752449087116,12.5261620734522,10.6017919346902,14.5636558475886,6.1486011536198,16.2271862566291,15.3543660134711,13.8558215646208,11.9595632653194,9.89205485763228,10.3802612879236,11.341225939206,3.34245500888089,16.1939153834663,6.44548966104388,4.49144133060075,7.61629204264483,14.583849466211,3.54013957252332,7.8310929601937,4.64306725016683,2.12434683548919,10.6534340409039,4.70067112731149,2.8437750218392,5.71276544010639,3.31091368457634,4.013475436449,3.18010020487808,2.44222393294637,2.38513508111339,1.58249624267587,1.44041264268642,2.40438128494164,3.67766155379548,2.93811435820337,1.2472387202619,1.22758335928624,NA,NA,NA,NA,NA,NA
6.3615690489363,1.40762218560888,3.44205219666001,8.63377432152529,4.72555380095234,2.95868297266745,7.87640660482036,6.43833905598443,7.50022058166506,4.69548855353799,4.96536892265415,7.00804668546922,6.23528238891581,4.80891510556498,4.70496153589548,9.47682441383606,14.4668065264246,4.0457968041724,9.50105189962019,4.871924730666,11.8300129953929,2.74185275783046,10.0227798670717,4.42169622816229,4.99978215460488,5.5021703086575,12.0342864157739,5.23512371331851,11.5325250431844,5.6219425812312,5.33470261309691,7.71596243335409,9.90294332761722,5.22756773052874,15.0292850955372,5.57701921368895,6.39054664675306,9.40495899434578,13.1310533459655,7.65476832794793,11.6084816180855,6.0615418077524,3.89772927849977,15.2763691920318,6.21264000062825,13.6828021052269,10.3760695460869,15.4345383241169,9.46036532452901,4.45760098856598,12.4691584973453,14.4273282773823,18.6071724341433,11.4442954475413,9.67028384890162,16.736130337801,17.9444875084816,8.72323666361445,10.1444600587115,27.8540893019888,24.084216676908,21.87586803152,20.0354922063318,25.2359031779519,21.6768359566875,16.5174900381201,27.0351462438408,11.0541786256871,25.6643419753333,22.2622288972596,14.0168430304657,30.9119702581765,12.3049300605745,22.0821090347368,17.6838597821767,23.1596732221094,23.2441939269865,24.4190967224177,19.442752864927,24.7026890388326,18.4163535174767,11.9163148566605,20.9998460258529,19.9783625570266,24.0028799483417,13.3470045059867,14.6664450050181,20.3773581677361,17.62916476555,18.9590345118873,11.2264144839066,20.0461319857287,23.4118860721535,19.5454084103549,28.2284420559573,22.6673268472113,24.846933293714,9.4103279934836,12.9264777159778,16.8420943584952,25.6165107818289,14.4103555646577,13.2667645214981,19.3537427048471,17.3931412614134,10.7549658845221,12.2254928396227,22.9091282351977,12.4849116300351,18.1093746324193,20.9258523269478,20.621220354247,24.0287016816113,21.8734999480452,21.4486014803949,14.617677790052,21.4154795763535,15.634897421585,8.09272922088264,12.1181912061944,16.2574913902937,14.5844779768906,19.9132661856313,17.1299411307235,10.0138718280297,9.13123278041252,9.66213766692364,17.881171144173,15.0085900317614,11.8849025473651,15.4504605644929,18.983055588943,7.8585402400071,12.058220209193,11.0270855858,10.2863014127901,7.11127719968318,9.34276543988356,8.61695019064629,8.00855849791883,5.43915091049749,8.1087459258852,5.9226512419368,4.26362017833072,2.89353137341189,5.55970780192042,10.119170967853,5.32029821094952,2.86007494519649,2.58332747820884,2.16025744920498,2.78887413341599,5.01812377782996,2.61502884471809,2.51310909055294,2.07919969162781,NA,NA,NA,NA,NA,NA
2.50325354905556,4.93666172938948,2.71730473740516,9.20251846363927,4.11159970427399,1.93145576550584,4.62561541147225,3.06934008032429,5.81032776751876,7.85781509610057,4.89457604972979,6.51557536603634,6.21175223978805,3.95603714615272,4.14290719243123,6.92283964197558,7.34069075194931,8.14364281578374,6.60542598301867,8.60479453955952,7.41286611604844,2.99613113445324,2.85323263046792,4.50574238981111,5.51833252127153,7.24661390004367,7.26583056223483,5.58642829493736,5.92641107205757,10.6218228231857,3.90019518969396,10.9294994449722,8.94354392343642,5.7060556138187,8.08735667438008,9.19262958784227,6.26309971536361,6.67296894359917,15.6318400570906,7.05748783663882,11.4183094678306,11.8907473959437,9.19314457429698,10.7550542276462,13.5112890619706,14.7874650726741,19.8452702839488,25.6867340749103,14.8853112245086,20.7820071866943,23.0729012342996,20.5209915694631,12.2788828706988,10.8583266526388,16.0086667234535,17.6845863255673,17.0109477238122,8.09532925549365,17.5335528393956,17.1360775806111,19.1030157633052,23.9082831241051,17.2220823558813,17.7996423814176,20.6222359840209,19.2547542915959,18.2310593987178,22.3978154393734,10.4669313753724,19.030339150295,12.3398955463134,23.9346713545695,25.3530021247232,24.6548005683393,25.6853167631685,30.6120139155363,24.2685422558997,27.7544584495455,22.4903850768901,24.1131320316445,28.0254828682917,19.8909512342651,16.697956466897,21.3099805025684,22.1201378534219,18.4856660850353,17.6589491421622,17.5373341002178,21.9516560450806,14.4589621601097,13.0969499462604,25.798365431693,21.1947180424331,18.0999040817743,21.219804799245,12.1727813018991,22.4306505644765,7.65305132532113,16.3892916040737,11.6495049978309,16.4033416307874,24.0856241591287,24.9250539073974,15.5642133529379,21.7599452918444,9.81754626143069,9.1205589216275,21.9843213984178,23.7110351077938,8.09780136691905,12.1751209743815,19.810543456298,18.2123636527969,9.36602003582063,14.994001797075,12.3830463646246,15.3123438333031,11.3019154716464,10.2230225493733,11.9270430863886,17.6447731545427,14.3750516647611,8.92803793306485,14.8116915148892,14.0270856998892,15.3443737345602,6.20466436991049,7.1127352481684,7.35542138675545,8.39880923137851,8.49611873374374,7.49638847955468,3.54546817946753,6.54118399430451,10.2996938876137,5.47796061102902,6.48337908277446,7.35842543357269,7.81776219906056,6.64316444995106,8.98728708099302,4.97934531674939,5.56718439792903,6.51828870468874,5.82190780796115,4.05597560496441,4.58853305874945,5.71682447425011,2.88921290107868,1.59946362623468,1.95626186175411,1.95793270399174,1.71997686541183,1.2986539335558,1.30773779031518,1.28502491409428,NA,NA,NA,NA,NA,NA
1.08224200495508,3.31169852237933,3.88864075061395,1.80894811468276,2.45910397593874,3.56161481528402,2.91872078798118,1.60152062235928,2.41379657724421,3.41877102300242,3.53792673933056,5.78922062938189,7.67421125672441,5.61624545681747,1.90416724102763,2.17389080407515,10.7516685329227,8.88954270703212,10.2920443424141,8.995151595544,10.9320052817703,12.7618202470993,3.99390882140976,11.1927325350119,6.30490141300294,7.56494425282187,8.48654901732541,6.92087796459819,6.68950556363708,8.99514476972876,8.54375382036872,12.6517076176648,7.53450333757607,5.85255772559111,8.42915455179972,12.0030630957338,6.30074764938755,12.9983274014044,8.15140610292984,5.29199762894855,8.02667450163991,16.6057080963754,16.3295226298235,9.28349357445944,10.4470333672042,10.3491772987437,7.26952217899551,14.8799055522021,16.4428193826961,8.65518948216167,10.3840777800906,6.24648765096698,8.80840415238314,14.7694585998399,12.9428905305624,16.4616581460818,14.5637566232478,14.0488754182641,13.5387412966747,23.6122142298961,25.4942613545661,20.7809321712401,23.2371021176573,23.6295469362372,19.4431700542842,18.4475772579609,21.9316271523204,18.4283957934965,14.996278728108,21.7614035266081,16.8040505890294,24.6751039943837,22.7555621083051,16.8181679803751,15.7261559087417,23.9706528186673,22.3902500355077,11.8319125360017,24.6290818171843,13.1303060612176,19.6415445231466,17.1356419842036,17.0485525550407,20.5685522973482,28.6792173538927,21.8484739921692,16.9662194822049,25.6661770666691,20.2412606129767,22.2894687630426,14.3879478557391,24.9935254641534,20.7912642952107,17.2339438488635,25.8185153721611,18.655342068888,18.5150262028909,10.2106331997361,24.4343075031335,15.0341778558807,25.0076788793141,8.16670192342804,16.5328727934099,14.9051035029066,12.5555057217629,12.7985465172745,11.3249910524508,22.2401323838203,13.88679357306,18.4822868255115,15.8759910111955,19.1200170103392,11.8364508936591,15.8731764730427,14.5452063294081,20.4269278698935,16.927029255645,18.7211211423216,11.061197759888,13.3811738433393,14.0985527010984,19.2027015878479,9.31680098874815,10.1476385336463,15.7649447184637,9.56481161886756,11.2741500740742,18.6377204849878,10.2878766813029,8.42943559138186,11.4976826412227,16.3638953246847,6.98907333703002,12.0986520591435,9.31447877318049,10.7537008096867,9.88475068799285,13.1106216525123,11.6266888007693,12.7820217861329,10.0741470338953,5.59683576340818,4.38851131021891,4.60983996919524,7.23185565103917,4.58507171911515,6.48318449310169,4.13291727652688,3.37558740409437,2.01497331608798,2.06841446700635,2.20199773435014,4.39176326506207,2.19850589846909,2.46489351009464,2.64931232935333,NA,NA,NA,NA,NA,NA
3.32363334762084,1.70062116123821,3.10676964603686,5.38744807505051,2.82744212711808,4.60294240063819,2.75682119636957,3.52144381843289,1.43733060043276,5.86206062493381,3.09222568688605,2.97498761883406,3.1682447502571,8.64223295986224,2.54248694881029,8.25192038600014,4.23388432124905,5.48689344545218,8.23274278242268,5.83611487740773,6.07312571155636,9.87211654548815,7.02513723189099,6.11666924569565,6.20796963240189,7.58393215653253,3.05945917215014,8.60153183947078,3.45727560567013,14.2302705066548,10.1018135702796,9.15407964423625,5.72404832498203,6.8945152352936,3.35715775656844,12.5712959363211,7.28394952842584,9.35322396044142,11.3205023103879,8.10456837762037,9.13233302026028,18.4283808523026,18.7948464600584,6.89185467532917,10.7354767948631,15.2297326455085,14.0743293800225,14.8927388165209,6.67601701247303,21.3138856632519,7.28935159154928,23.466733700993,16.1311144646991,18.9535177354298,18.683907181195,11.8197310869458,13.9953700400868,16.036543155011,12.3832853219856,22.2719548657133,13.2309689767016,10.9094998061735,17.9782117929076,22.4502098447295,21.2053465120704,20.2254619766659,28.7627586665919,18.0977968816813,21.2406322447919,25.6678091608311,11.3026757181352,14.6686492869488,16.5433857570425,11.6291908820066,25.5101966776687,10.9287312557499,16.1213755619815,29.1028822321165,29.2830346433166,25.052399989877,21.0090692696267,22.3659662638138,28.7114001304475,15.606870512757,20.2150933796259,11.3950561688842,22.8864053345375,29.6022032432033,19.8247400849066,15.4333932759197,24.6571686108765,17.7750286169183,18.1298804957728,29.367249301557,28.3500423614051,26.0546858108222,20.5974107920668,24.2225101506024,26.9947690577682,22.8663729782949,20.4650951433806,13.6936127720072,30.7773158815509,14.3275207566451,16.4942850637172,20.4266386522512,19.5961267838611,16.8218848211859,22.7266855101855,16.9498213146071,16.2051308953306,21.278938372698,17.2445120457153,17.9929519398703,21.7941793356283,16.1478946555432,12.0833442663771,5.72030138280631,12.8229056879213,11.9837089910227,6.94979363259188,14.3314050994311,17.6600406969385,14.0164447846035,14.0013905600569,8.36354266187969,16.8272614000919,23.7819042288367,13.5835698794379,12.1357771312262,10.6232322988698,11.285111210876,9.83774983562646,9.16239507004211,10.7316489012344,12.3473560811177,6.04388653973566,10.2345877739424,9.44898615341463,10.9761179230547,8.32274214257794,4.56483785178845,5.38033856244632,6.5804143161827,5.82786096978061,6.69258996562996,4.03196788665009,6.24316651471067,2.68194293822211,1.80742034254892,2.03949729191726,1.81554286512538,1.49706719211599,1.73037007540088,1.5238103923249,1.35739610644888,NA,NA,NA,NA,NA,NA
6.82301308717269,2.01811417029457,5.97295152016357,3.96567344210146,3.08120128784174,4.73341546843823,2.61669545703284,5.50577317859694,3.02021376677761,5.83794287367687,3.36335184384388,3.91484911375278,3.77291589252263,3.39447748335983,6.16698407006275,3.55635143114957,3.82183037758479,8.53246345301555,7.64580873765316,5.45790232488369,12.5774681455702,6.19479590696601,9.00272614107559,6.6287887431488,12.8403060027467,9.52627135130009,9.18832559288546,10.4826761894046,8.52536518973499,4.74811997211289,9.46893553918146,18.3770254052231,14.3301048832678,6.49188787435769,7.15171456866788,15.8108464515899,8.68594057055327,8.61082027025178,16.7185284218624,6.52691566855072,11.6026074880388,14.8725492734188,13.2416525498233,10.0821997923856,18.4965625237958,14.2200432903926,18.6671084332631,14.8175573254288,15.9069724490011,11.4919253042233,26.6320574524189,13.5290015020811,15.3966169465423,3.87877546944676,20.4995142186506,12.6409024284723,20.2600915574982,10.3110393974201,20.0526517788912,22.4086402248064,15.6189195975169,18.858145678253,12.2609008202728,28.945326772088,17.9686042405606,17.8747782060197,22.3856987173741,37.0879271015507,19.7135526456531,12.8122341267001,15.8586816691382,23.5296682706526,21.5041582020406,20.1009607750068,14.5252397760898,27.4194124011197,27.7871459941957,17.9180995667725,18.3432253144133,24.45629759047,20.8076745375597,16.2999807008255,11.7368140587069,28.9511310709202,24.9457281856971,14.7416324177441,22.6708328331693,19.2287200424558,20.6911482383752,28.5009344112131,24.3429237034065,36.0847879519793,17.0337998042503,17.245647473013,23.4137596546335,21.3588051326977,22.4762814166004,20.426702483036,14.4602773101816,17.3868486717197,17.5294690955074,8.62938184431041,21.2895798048097,20.0805022995259,17.398521778091,23.571421445961,17.1967500342771,18.1088603456996,16.6713011725779,16.0746788474394,18.2481024481238,11.9098768924844,15.5125102524738,21.78272891058,15.2835852841682,12.5151292598814,17.6378125199034,18.1586738835436,16.6149128703077,10.3684941332863,14.5117521178954,19.6455130095704,21.086088504355,18.7664455837621,13.9391904352434,13.9552941538532,12.8677644942155,12.1633972450557,16.3155094877431,22.3814285525609,10.3289351437115,10.3202705432824,7.15761571589285,20.8359109036636,15.7181607464612,9.13881186808187,4.4142848784777,15.5694302292579,12.9334164284344,6.39359236327581,10.4114575530848,6.90599699310515,5.98973181036988,13.8631157563459,8.57659985440629,3.34136085732231,8.49370465507304,9.31981708069114,2.98975854740344,2.65065332434493,2.87165446239234,3.64649205179915,3.45436936079919,2.9481668103377,2.07750642902385,4.35303195159471,NA,NA,NA,NA,NA,NA
1.17883886286689,3.84199044905766,4.01291402786748,2.63101111410959,7.86327297882611,5.08125975021383,6.88042523879993,5.78216139122593,3.7011159344649,6.17154997822103,3.15367591304609,5.27083778959873,6.83764269768538,4.83433964483945,3.15477685270432,4.08424024402974,8.25967279095712,3.89779658584728,4.77036725986039,5.92372540635122,5.27834926349621,10.4464316206037,3.21148490645498,8.82884485896349,7.64098474024282,7.80327291870903,11.0658043725912,12.4137335755022,11.8516395650282,9.35769394354802,15.8633199502029,8.59809433096779,7.50883155777287,9.48103735952303,8.95370134045645,13.9764628268281,7.02078062053669,8.58716930170303,6.60293437535353,7.52057719236948,9.99760516404463,15.0763364530645,9.16165828416907,12.7427902712886,16.8596784482589,13.9866984268653,14.9660382407871,7.81998028313583,9.4184970042022,13.079266164067,8.17905625978829,17.9227842616608,6.76315851780654,12.448955752326,13.6046889692074,14.2282796081569,12.8517763481585,13.20361272556,8.7078939790633,17.5103703457068,10.448646252889,17.8287842348633,20.7195175132597,28.2198872826485,15.7581744567282,14.0596179084844,24.2689103666245,11.4262401468867,14.5747755549976,25.1323666569412,17.4118200195625,15.9597821271057,21.0980702834154,16.7544284837047,12.9643996206929,12.0238512954591,13.0954345293661,17.6028081911845,14.3374584020518,21.471312491064,10.1044441004056,19.2620399715695,18.7488997828079,22.2880435671943,10.5526972981783,19.9323569672439,8.7715181731687,17.3664020593686,18.4736205969666,18.4256444380183,16.3882966318747,20.5673628766382,17.7866078756387,13.9939985313918,25.2223629492208,9.96283059575177,9.86967015968302,19.5493099107704,20.0145631502414,12.3240944156792,10.6992109320068,7.67024631858287,17.1417863761539,15.1862568060015,14.965441540878,16.7231511689841,9.32307093655254,17.135196559026,10.9177997920573,12.8287933956299,24.2454801814522,14.8589405112779,10.8398246767942,19.0723661742386,25.6178444743766,14.1822431699125,12.6020465539449,18.440465687551,15.33367776489,10.7941671768806,7.77873989213872,7.74450634620186,15.2885821984414,9.90844038169115,12.4487043726843,11.7399012655015,9.73494560539468,13.7837450753205,6.23498892944969,9.40547841009899,10.1777682745764,11.1813705429267,8.40804302910382,9.99027915271382,9.45458195609196,7.09301579687097,9.85690306125466,10.3680518153007,6.09949636625869,6.41599017380668,5.12541386529972,4.16061703793093,4.91321671877332,5.27060589240453,4.31677135569432,3.14082166900621,6.23658592282584,4.19263202088217,2.92653601481323,2.90130611032906,2.91870583613268,2.08275740943026,1.48039499381812,1.42412319670045,1.44668357206307,1.34232036860055,NA,NA,NA,NA,NA,NA
1.21946034255613,3.49698128668661,4.87081297246224,5.70588201180947,4.29112723649023,2.55318085235132,8.40100123429608,7.26441145914808,8.15933100795987,6.21841240776501,3.73899446025953,8.55059335667835,4.42886545492606,3.98232046990104,5.40283644168494,3.45510254102617,2.61827400660355,3.10505875540511,8.02004442130434,9.38815469383278,8.99229139564008,6.42344865752332,2.06027150044892,9.06156950628971,9.84191214260491,16.1073768282489,11.5417131235269,12.6157904659688,16.3906930173648,13.037905355777,10.825094880858,4.1450053169565,13.4405385072077,8.38404318000991,12.2417134041018,9.86783105937273,9.80116120089006,9.70132599498261,15.05258243757,15.348692559024,25.2262717875719,15.3321609131839,10.6994895716945,10.3643922588166,8.78494058609311,16.3645167243193,11.2203755028477,16.2138124575433,10.3684360290383,11.8019146079902,14.8082664174177,18.1845350034732,8.61082151572554,15.5614183143916,16.9020244230563,18.4883790507366,24.4979928909676,7.96752163326058,21.0381220726785,21.6285628621677,9.24002660060581,19.5009961661663,17.9356835639642,20.9489180155509,15.3107085021061,20.5421245037527,19.0244012666391,15.1857488380581,20.0039441838206,15.8695646081559,20.1453981205098,28.6994795763079,18.3706640732624,17.0219721425704,14.5383787590731,28.6326393578202,21.33174582826,26.8690636264344,18.044965997873,24.6046092870849,14.8148370900284,16.7009080087211,18.9413292333076,22.4171754939611,28.8091382515306,17.3657625243338,20.5425552966862,23.4188824337437,25.8131543132297,16.6179708023063,31.8095707946002,21.6857071444566,18.1978596839243,21.046422141685,17.0550017541322,16.2723673396891,14.9689927463065,11.7309549909913,16.8299672599771,13.813399038344,19.7874892195946,12.5058700231236,16.9266925985831,14.3950202048218,21.797430299128,25.3815654363611,19.0044144340788,17.6777928169818,9.50363927327963,10.4181262193573,15.1123255020085,7.72083290692046,12.9972582363781,14.9309874037307,14.0479715914453,15.0312591438116,17.9494586225841,18.1679623906494,13.2160983990946,22.7061520002018,7.19911822618308,12.12963414054,14.0115901631981,9.23166019362183,6.85511092208635,12.5991097984634,4.47452938199176,17.1047896318356,10.6730773514003,10.8750902504297,10.606064216753,13.5916420886678,13.5125220532871,5.65422466418085,10.4830502586341,7.90845169265535,7.29616634440339,10.9800688309463,6.90125492743279,5.83270828480554,4.97250953414156,3.50390171332454,2.55836047496367,4.79633746204717,11.6340187969784,2.40770639923232,2.41177161908661,2.69425470424853,2.47694670087672,1.51813080757945,1.67884434661811,4.40285460697856,2.5034501422868,3.03409689811365,1.88918210626209,2.43362662439537,NA,NA,NA,NA,NA,NA
5.01537138588493,2.53894245499215,4.5636286637292,4.723153726076,3.87490628727581,4.97342245071331,5.14779432566951,6.22321054434745,7.77231817852589,3.75486905256568,2.60029569426976,2.87083260162117,3.40498453720653,2.27098826678811,7.3266765133026,6.30355701175258,8.0783597476125,4.772376452423,10.2738116578832,4.9204697324835,9.14417112545415,13.6110308546201,4.81221939156755,7.06526136893998,11.2207267337147,12.8829029269986,3.9603616871824,9.84056399441938,10.6149555142792,11.7052735647406,11.6106842313386,10.6636155443624,7.39137514663455,12.4790296279167,12.4650474863149,15.0642864450314,11.9201982188487,11.1812428431455,24.2367065495272,17.0650620816929,13.5240380976024,16.5917800405985,12.7001753537617,13.3350921298509,9.38661713789006,12.7525055147204,17.0856679092009,10.6848026534254,15.5905713409732,8.10598352072886,22.8326820248491,15.1708535406056,14.3656623035134,15.2567550050849,19.8650103932813,15.8529213365641,17.7634456222302,19.092141278675,18.8500525470975,19.5015685705628,19.8000074345138,18.6720440437989,21.1486048248593,18.6695024985788,22.8658468581256,14.6091906346543,19.6490289597256,19.6685841558595,8.82592162182058,19.6161030860886,10.7141393193277,20.2748203229235,16.6348795926384,8.31990388992932,22.3500360812283,23.505396671976,20.4409063611905,27.4918941538721,11.2980747346964,11.8660034228351,14.5327746100049,13.4230044945701,19.6793914510725,19.7822455129732,19.8280774158895,20.758364542468,14.4884290507868,24.5135219228999,22.2340148081306,24.0054263652001,17.5221765883727,21.3432526647115,17.2898336599829,14.7010705166829,18.5758970500205,22.3409043941841,10.1722067235319,17.1431878726938,24.5797900131531,15.1391025823073,24.7591357075476,25.1618263643182,23.4333776874689,14.4491285523968,23.4833394619152,13.3015537397102,22.3539710027224,15.9931219134461,14.1750772085589,15.4518715307872,18.7195318166733,14.9539221932984,13.6249436556039,7.00196470699898,18.3325321270963,10.1114848544333,10.455175248574,16.4169909494524,9.93358885470082,16.8783890033252,10.9855725586298,14.6087697088551,12.6637891306391,12.2330500719887,11.1026183499708,13.7760487723191,17.2285143167377,23.3920097181596,9.93632906605875,6.35041141025259,11.5490684540981,6.88661405751813,11.2713211303547,12.3419889750757,7.51495554354009,6.65592977523465,7.68503149782865,5.70821029922657,12.5745200682267,7.02118544647806,4.49204547950029,4.96088487592738,5.952464458159,4.9357381234801,6.69675325671294,6.91583513076469,3.89615340826544,3.90213802396936,3.97044749578942,1.56120840359168,1.37746638108651,2.81212968167038,2.94145426021378,2.87486719511682,2.34591430347224,1.46295245769019,NA,NA,NA,NA,NA,NA
1.11305661999088,9.26360029648873,8.7978814321148,5.72761588273153,3.34318118653725,3.31780276542884,7.9152439152498,9.66245312384374,10.1169844786191,7.9618540531771,5.00408418861707,8.00927643661432,8.81722370970039,7.48611397019708,8.25932997622643,7.71584247413476,9.90555743793074,4.58279474342703,3.81504813942618,10.1507568767773,6.57924400760026,5.05371781213535,6.42733241023066,5.74638832960163,10.8412547270437,2.59637332361851,10.4790177091964,8.49967402900031,13.0295451841941,7.32600944535067,9.33613731334462,5.68959600404145,10.6873557070571,8.59067179945572,15.1516072074062,14.8448146939553,12.2622796825876,16.3558111914819,17.5071665067973,14.1978229574267,13.0687510404789,12.4308571423993,15.8839463202577,20.9166979188383,14.719463464523,12.0428224568874,12.6848175320052,16.1313392139066,16.3086606182309,17.2617250073336,10.3362667945662,17.7424702281401,15.0004770660874,17.8597964312898,8.29867518270296,10.5522217792206,14.1707364273244,21.5737686559995,8.00478774814439,15.4288771770156,21.9359413956007,19.4529083352803,16.1404171975515,21.1651469408442,13.7637872779871,31.0649167859419,26.0692305043343,19.9891890838667,12.8927076627805,20.7302315934922,19.7736858898386,15.2543807161037,18.0253427265775,17.4880929433198,15.5819940672203,18.3006233190736,28.829163534534,23.143317597471,11.4519341992718,26.1534558173909,23.6258695875083,24.6999033234101,22.1358832720389,17.8977538481284,31.7629193551368,12.9369732542735,20.7909724382664,14.5036343187827,27.5826589346431,17.7016634237046,23.0738363642252,22.1704583252259,26.2028685816205,27.0337186658585,20.6350826151724,17.8095895939532,11.4035271401538,16.0293014610141,19.127644524365,19.3086236689317,13.1658124532833,28.9469942796893,20.1193855344534,16.3887506010996,11.1659287100781,17.1461585465615,15.1803261223691,12.1665237301852,23.6650353932293,10.7611147973662,23.237193699308,21.8181119122313,18.1041348042586,19.1472488409985,12.4710896720442,12.2940628177437,14.8852823776509,19.5100459153753,15.4655493788709,18.6876767759839,14.2429421804761,14.7387587945389,13.5039379581669,9.11887650196511,12.2844842751754,12.4482027048269,10.6252848166993,16.2470462710774,12.8583636429669,8.85063044192116,17.0942407532449,9.2909653937291,9.26019139427487,11.1025680483432,6.99634307714389,4.99508777597747,6.46402788587567,7.82849334633895,7.32271522250795,5.46815704163807,5.51802579421928,5.12600243797829,5.61280268180436,6.95173949499327,5.74378473343242,4.92761301055391,3.5997613036909,8.33630435868827,2.06938409725535,1.42472074974577,1.88681246239516,1.8233580147985,3.63714298594878,2.90352608451638,1.73816790723964,1.53493525243978,NA,NA,NA,NA,NA,NA
1.81217185701307,3.95381465677607,2.80572701801907,3.37849137177718,4.21890618723098,5.9185261008464,3.16009381818192,4.38213581275477,4.98110858282404,2.5266072467649,3.771827937362,6.58084081027938,5.06737438932392,7.70128696636369,10.3539211173302,4.92341865992443,4.05367688875473,2.97155632965079,3.70345130117913,3.73465319948761,7.75199216919227,16.5032103733441,5.45594610354915,4.17194977307737,9.08035649736889,9.41106309999802,5.57690493290449,10.0657055009049,7.04780747836315,8.60093627771246,10.7580407515957,3.36197967520387,14.7980386405409,9.83979612770801,6.26892775901614,15.2013522320528,10.8144752148256,12.1288576539926,9.80733885850375,15.7323697408191,8.43201746311651,15.3494789696296,19.7677040813816,6.71812303359426,15.0558659289174,20.4309198779406,15.0386672837649,18.1568901378766,17.7470607707524,11.8823729475603,8.51113155934778,16.3786341506975,26.0483271638807,30.0061890148266,20.1909361217637,10.5794731429592,21.9808674096381,9.26028556294497,24.1310908226701,10.1070549218272,20.3035775763491,15.5340376935517,15.0259717687652,17.6860084941327,20.1181714705904,20.8490743883074,19.5790735640397,22.3721728926628,14.4147496318973,14.7999212793918,15.4800522262038,19.4270141038929,18.3704290633876,19.5745614653308,30.3292449383046,23.5757161606851,23.5919598527847,14.1819848029008,21.6994019537715,10.200235790543,5.22586647199626,18.0693777708574,14.8611462530763,22.6554160485365,28.8083158400104,24.3915641180932,29.7144196994288,13.910638072286,15.5390898273828,16.9587473014316,11.9043168478869,16.6662616029872,17.6947282707595,12.5198469451417,14.070493026709,18.7407949349057,16.9702485455496,13.708144071833,8.55946136803952,15.173753937809,18.9144786900705,21.527077011769,12.2100261637039,19.5577663121471,9.02240739841298,13.9107196002558,25.0460242918232,11.0597852179526,15.3051745429176,13.0899503921259,12.1408056286815,12.4604080861832,11.1354938456783,7.13804846144614,10.5707498191439,4.84431002690606,13.9504131314911,11.8011071580159,11.8722472675973,13.3686312838678,10.213800643526,16.8393194426133,8.09453771172826,11.6725694163745,10.2563539098208,11.9617145943414,10.2023116974156,12.4846178700853,14.6604360920437,13.3797187551217,15.3316242541171,10.7629699391775,5.60424896598165,9.0346751148348,8.95437212411627,13.0171123722528,6.40162396947037,3.82753675987418,2.8985092951026,4.61777851987481,2.30425794230193,2.98074435232879,4.17340734942605,2.93597745616593,4.34647483790173,6.78154235150226,3.52272696521946,5.08084014994046,3.0605106119752,1.52518560343978,1.71312539560385,1.68567297398709,1.58314891620315,1.65131432858897,1.64544814852101,1.18136189419718,NA,NA,NA,NA,NA,NA
2.45050006609329,3.29301641711403,3.36227986401069,4.12223976846723,2.8646392024509,3.05522618130359,2.03067825337557,7.56648800397576,4.44303448943941,3.10922347447231,7.05460654503613,4.7937148005927,5.99881695023768,2.87754411942592,10.2750345986367,3.56717993463141,5.90837957306927,8.72893634584196,5.3043162956892,9.46658506429115,9.51265769375684,5.67399199341318,4.16706799827952,8.06796120345243,5.86130388387289,4.22411590398283,6.24665096817063,4.56073563677432,11.5260005486076,4.98262348953508,8.79470191489164,10.8912844848154,8.95323740601042,7.21057223292575,7.05452306991778,8.55906030097544,6.14644092616547,9.43827297962797,15.4076255039538,12.1788265425783,10.6287304476897,11.51214311812,14.0380462116529,12.2323957316799,16.6675927049336,10.0408692247307,15.345909143686,9.79381425772917,17.7396295607556,10.9362768577786,12.1048794603169,17.9362143505782,16.5142296912842,15.5040773704298,14.3840404161299,20.4453109623098,23.1408469708934,21.9311810999641,20.7837781882395,27.1756833703092,18.3674020375956,20.5820057773961,26.6854902068065,21.1979376551992,19.5787098598866,24.0080803293159,17.4402297370944,25.8133007372951,13.9967027396088,16.1717446925723,22.4273391191217,20.3875008280435,19.0661502068247,22.9118933071452,24.7324301745458,16.2036549007406,19.6062481458921,18.3677117628713,12.0197198639839,15.5974419526245,21.1821547504459,13.7683687463927,28.3351500588419,20.0167964990044,31.1866740787886,11.7338134465778,24.8784512167829,20.8882253319021,11.7487786146118,26.2811922843461,22.2254524504701,10.2015880329367,14.1340508505031,24.6222606427494,16.2113074579871,24.1261913256103,7.21882135339765,18.7166453942072,17.0487976869038,21.1608822668755,18.5640133428363,15.5401113296885,16.3605005468851,11.6179659736632,10.2410373867231,11.0707583126607,26.6659901715635,23.7763795779436,15.1543487268297,14.2408772519933,7.13071061754146,14.0606485060515,23.7532955065336,16.5428768148658,12.7855343493866,12.7913921699041,9.78563751589163,17.3289489863993,7.22643718457139,14.9708685635038,10.9247356064234,13.9849751256189,14.65642639475,16.7317240396965,8.82539900887963,13.1845132828392,8.72071531532896,18.4723695892635,12.0862062779026,10.7903002157972,13.1006196111811,22.0051413812319,8.225703764106,12.7137674427766,8.30112187588246,16.7265683063318,7.38924372414646,7.38642057264179,4.95298416304829,5.89642784394568,6.91197731551207,9.09691858298096,2.17194530685735,3.85115047154802,19.2621452212654,5.95608693814438,5.72843486338191,5.87995265671486,2.05156231172131,2.11703876533016,3.98205017840289,3.22926104307321,2.75626625050435,2.23894066766718,1.17091704160286,1.96321042601436,NA,NA,NA,NA,NA,NA
1.19205110803652,4.2213850913673,3.88292290911235,7.75477283196087,4.83738259875946,3.48303925793165,6.82400934871069,5.55631728075409,6.04199022364823,6.65396154569305,6.01611078723759,12.1872430390926,7.97380015780397,10.4278704609383,12.90867176878,7.68097042615164,8.80063291016054,12.8731605096488,8.22849598459973,14.407997316512,16.80210180649,7.80534413938559,7.12900564946115,9.36889581207583,12.6823794053741,13.3988554299167,6.79290883592209,7.55157914223402,6.90730653699669,9.5328688379535,14.2338028359521,15.9656331510001,13.6823112178701,6.99092788272434,15.0373302202057,12.2082269629737,14.1090050506375,8.06208841475366,14.6503293094847,16.0705493598577,12.7393652506096,19.8705219602206,7.18727685794066,18.592453508928,23.0000422829194,15.955472573658,27.2438279124512,19.5699112355568,14.9689050295519,17.6722239776701,25.7883605348972,19.5904935928714,21.4548772008973,24.1662780256328,17.8091887466363,10.9472375566069,25.5146832669344,16.855482550784,14.3768465504872,26.5662315143138,21.420540641719,19.4542326803005,18.4274278013737,21.3138107134506,16.6316150603659,33.3699228942668,25.6647058784424,25.2866530025716,23.0007074544972,26.6884165176852,21.1590799633941,22.3577088884384,11.5649154919757,26.7228150613057,14.6872275071708,17.9231447357228,28.5562629242106,17.8923683204839,27.2305199052976,20.6624770877505,22.1665672081988,28.2976832739449,30.8363699613006,16.6540908498529,24.4061903266411,23.9337619582271,23.4200198862557,16.7325818377734,24.4243499878694,12.6977169702122,20.6343732537259,19.5139668011215,13.9695821355592,27.007636309541,17.3488038154823,9.75060402386852,16.9607561354243,17.7083621220244,20.3895967322734,9.81774880599606,25.0669892204077,23.8224860746725,18.9113108380843,16.0047832828076,25.8593147867669,19.6732980364394,14.5061639034217,12.2371332855757,12.6614195302955,15.0233464046794,15.4649162833054,14.6404850771823,15.4666462825801,17.0718520806233,14.6302628267189,11.7942542799774,15.5819083224535,9.20656258531501,7.12752476185015,10.9263171611272,13.2405087114163,17.6084425481046,11.8223284891422,9.70145014955702,15.8495732098066,9.38789415196037,12.8931759111658,13.0062788240515,10.8281103547698,8.83162716629567,10.3801769015345,12.1950093384331,6.60301079541851,7.91890544711325,8.81517021193194,11.9030793143219,6.32505202753026,7.41029751634441,7.16177581975771,10.6009858201891,10.8808855181217,5.06945536662021,2.54017497548855,3.47715470273016,5.92194013144022,3.93258065831321,3.89754230171115,8.17017076002992,2.29066208967891,2.76061995625067,2.12610672524765,3.47176247024034,1.89073953326328,2.16211707943556,1.34226344169266,1.12501496547038,NA,NA,NA,NA,NA,NA
1.21965237145578,1.24938621256476,1.40828351120353,1.88666081360956,2.90622057218282,3.33436284862102,2.28290226839072,12.7154418349685,3.08465263044888,7.44433377945792,7.09531561218601,3.68960855130248,4.66384080995442,4.31767039482858,3.46097515234306,11.2424446611592,3.11944222536126,8.32110264554288,5.90712271875009,16.0752945774074,9.61195039164251,10.0854644395977,9.11698183075365,12.3219471581486,9.18092052168357,9.69092206316327,3.40628873789233,10.1297699113521,8.35359846622933,16.2298918731938,9.51032176167318,4.34434141665963,8.77801209281309,14.2021861242284,7.84121246030621,13.5087630958822,8.79582799260201,6.49125421913805,17.4300861375534,8.502372533679,17.164774588716,15.5977984882452,16.1570738925593,8.29488767065473,10.9412340897623,11.8235172743761,17.850910722469,16.6522892786565,12.2867682238124,9.22912946878951,17.2211834051251,8.56417927694834,22.306770867208,10.3330369109495,25.271456776768,23.0292691524957,20.6425279611524,29.6207110325568,18.1592638480522,20.7439088516066,9.88907275625929,19.5469923187664,15.7992470368937,24.5497902950238,16.2460488087061,25.2739871675761,11.2680680864074,19.3758686507331,19.7798516889699,19.7864403070003,14.4499654173664,23.1426579967988,17.4748389993626,22.0226959134509,15.0157630124548,21.0066581112764,16.211422551359,12.6265836731193,22.4168070154287,23.7910477963036,23.2170889200632,26.3499265433496,28.0705838669708,14.607569586366,18.6051481815607,25.1355732784525,25.6104180262405,15.8365403716878,19.9992420042897,21.3680447921325,21.6832378500929,14.4141734739054,26.8079922218466,16.2024575378841,26.7292161830478,19.2182946574234,17.4494685492368,23.2624393760409,19.0985197138473,18.0766209446368,14.1514497680877,14.6639560157429,25.082112840959,14.7232384514373,13.6448289363265,19.0763205882951,13.4950878549094,19.4274933205467,14.4840303785125,25.8228223845724,10.4688239749804,22.138660837606,19.4626717119556,9.95298558782441,10.6994683903451,10.6706059549105,15.0676180938003,9.15483846976226,17.778780976258,10.7462438764522,7.96184015026489,11.0788393265223,8.21879673652025,11.4254246091599,10.0131113085346,15.774140912465,11.4989368429895,10.3069343646911,7.10333270594382,11.6812619205009,9.8632851450718,9.51321593919781,4.87007995936594,9.39607821847049,6.93354461233102,7.3941740477577,7.44263118251073,6.19626661673803,5.24595055937541,6.39423089787137,8.02041521442641,3.16606866561273,2.10610258303583,4.39615430184043,3.5406426877256,5.4318553787884,4.30768860114194,3.85903556356954,5.32909805270522,1.45877886218761,1.63364155816145,2.62717308561982,3.30180203798049,2.71878150912933,1.1991578280429,1.24822724883102,NA,NA,NA,NA,NA,NA
1.4939332629846,2.45367086887925,2.11769945146805,2.08098256159199,5.26859840125723,7.53881916027914,3.54586304183745,5.82996165615228,7.15741138564501,4.89428176028371,2.9272560757199,6.73745065469268,9.35305771779998,5.12981801263174,3.71785458749912,7.820900271445,7.07830624158154,5.68293306602111,3.56053642400094,10.3386096644881,11.5700782610228,6.61951252444209,4.3614303444071,6.48706820575958,14.3012406718657,9.89583874217623,11.4953100958994,7.66240424642854,4.52377466168328,14.8351216526362,5.92892071610954,4.81396578524419,10.6140305670872,9.68231198509489,12.8101975615256,15.302532742381,10.0372225737598,8.96442118260694,6.00181336844172,11.1053478964312,16.8348133414768,12.8571999813938,4.43762845514998,7.17904595188929,12.1677269770302,15.8512298808068,15.2783800825227,18.2423198557033,9.9163976799704,9.67733177527025,9.9983924456667,9.38172951387541,16.0884122281815,13.4381110666242,19.9362805300543,13.7863626448364,18.0343226053125,17.2739211527599,7.99465281036166,9.32452246954081,15.7731274114715,13.0184512834718,21.3802606470263,17.9428273961463,7.65166479680566,14.4087674651404,18.9642207408476,12.4549841095776,13.0153450199785,13.7101524714052,15.2401859929985,12.9556545716565,16.4862481076608,10.8825473694642,13.8128051994013,20.4971447402666,11.4099692467606,11.2887685438017,16.361148883547,18.4962288663131,10.6662575788143,16.4897586492006,12.4882438809698,15.5404676802016,27.9565977577478,15.8509533069652,20.8222797598679,26.0877520491326,15.7642250681944,16.2559411382442,15.972014726246,18.0026653664838,21.4460074914031,17.3613577984473,23.3527068129229,17.5204514455629,7.11986377095678,22.5360129834669,12.8340428904507,16.5729145716819,11.8665034412595,17.8498487560844,14.4534073825021,10.303531907527,10.2609017759384,10.2974311114764,12.4598826807096,7.30892572835335,16.9926809237715,13.9499881357395,11.5595222178822,11.2022971310218,17.9000499168599,10.498224969237,14.7260065126224,14.1883546140693,16.1217001067907,14.1243050313426,9.28807978172065,10.9026745525265,7.52678829014542,16.5368874509196,16.4502909582576,8.291905768581,10.0626887008522,11.5662472360554,12.3990954560839,4.61592465233012,12.0524053401258,6.70611802773507,4.12039119386487,9.14538033090878,14.5850663049074,3.35312777557779,14.4175248125402,8.24133661093638,7.32298348668418,11.2226362880005,4.71988393979842,7.1594371691849,3.48806890295396,2.46151790421022,8.46270681202849,4.17927267894421,4.28187058182115,3.17922034252376,3.21469956127055,4.2787765779086,2.01399247214387,1.15332360247256,1.58375785209932,1.93976289040798,2.26825670848779,2.35205356849331,1.83658484520679,1.58161000656728,NA,NA,NA,NA,NA,NA
4.53726958577316,1.74500899823851,1.89287744847748,8.41901703629884,1.71254079495077,5.5943684380769,7.34166887001306,9.85312772659791,4.08987751161135,3.77451307200264,4.0787614365008,8.8269746696193,9.00532577957735,4.99606105551968,7.44571110579002,5.3198690865339,3.12712421298398,6.9655143373466,2.45310746293674,8.32580605612349,7.40528926886673,11.7458246385881,5.29817872715612,11.4733246189679,13.1777293346094,5.80787411530563,10.0273953987759,4.59047412284396,10.9119815689602,12.1326559002235,10.8271363496765,7.72857784157783,9.34082754107461,12.9595847510669,7.90311005679702,17.0463314605426,9.83127740174384,9.66404343368364,13.1429175148377,15.2278147299201,12.8332671632934,17.0468812377656,13.7780995019714,10.2455132663203,14.4280996260685,10.6194794370146,10.6912631077155,23.9390936869231,12.4547339370837,26.9493526185567,12.0684379758044,5.87043717675041,20.5032249842907,17.686837864353,13.6465839490049,9.24389563719937,18.9209610946771,15.9762082162048,19.5730891939635,20.723011652263,14.0205246008743,14.3408475375445,18.4931389552641,16.542197280379,18.8968157994417,30.7127551928171,20.3115006885394,13.4624941387255,26.6507694440264,20.5599312432494,16.2017792984703,19.8053255052882,14.0518198131304,22.4945305270172,22.6549739985033,19.5195854688043,16.7606304209749,25.7270254585388,13.3795177874954,17.6257827719876,13.8607749919904,17.936863779438,19.2219001534075,15.1517775785111,19.9092426343872,14.999009911694,24.8043620570822,18.0655905016812,16.7536486718229,20.1301680010584,30.0409965765395,11.5031999444542,27.5299368090289,15.462447623282,17.6198834891953,27.8467765806155,15.9948584117534,13.2641510965937,26.7266686184429,23.2817860887007,22.2629901191353,21.6525542782527,22.2850042875153,14.304648455919,19.9004419863933,18.8629092031851,28.3336860754092,20.640587834699,16.9295676304384,13.1154919967162,17.2201876000602,25.6540726949346,22.3597183395256,16.8515954042546,18.9211737635045,20.5581591593636,15.9111414135458,16.2076219900531,11.6008662423131,9.52668298077008,11.5216854447216,10.7902739780626,22.1515150207309,15.0498644988446,12.388510105107,6.58845682873784,10.732743519505,17.9057174646792,13.2967646897304,14.6045172339868,11.3780466396715,8.46226249922836,10.5547625774815,11.5378285738762,7.91229287313697,5.05502702617663,2.91471693019041,13.1689159325374,11.0907620128629,3.72141550753024,16.7421592302231,5.02250591521237,5.53628396869777,6.61899306757908,15.3269320788157,4.07485318164984,2.2283646331863,4.88574694396623,1.71673112991337,1.78196105744483,2.51848134957985,3.91221110511268,2.52328195024201,3.319951789246,1.20867822852666,1.75342653218027,NA,NA,NA,NA,NA,NA
4.29170378726236,8.18379046787261,3.66887714857943,4.31636485356251,6.16747894475137,4.971491448425,6.07346448574248,3.86884560345704,3.86036935942422,7.13110654362059,3.31856176429016,6.78336982507241,5.97424257169027,7.23452402547009,6.46808712387276,4.31528517984885,6.13060199148529,4.93414215417278,7.45242219768926,4.87793229862406,8.31645887786422,4.16820260852114,4.71655177865493,9.7370410795383,7.81291356688145,7.54011410222638,10.937826495394,10.074590613859,7.79363035021658,8.78876159889663,7.03142089560577,9.7646598831499,5.41204079737384,7.32262002363078,8.58573539158649,6.9887086533325,14.4463029336585,15.5567149261002,12.8087535911948,11.841208168504,9.55494508547788,13.8552037782066,3.42752532645392,13.1793443216535,11.7873821740354,15.3541895675238,11.1106028621426,10.8457179868197,15.665855446325,16.0273553475594,28.9914513334707,12.4068605802934,15.4742939148046,10.6939184987041,17.823504300231,29.7444263452329,15.1632894305188,7.03841978342469,17.5171068631897,17.8502309228243,22.7255473868907,23.8562529036715,14.512674012041,19.754692585029,17.2217869577966,20.01976829274,15.3335944494435,26.0628973208459,17.9060011489842,10.267940020176,24.4715329288346,9.4240998555539,14.4528613544937,20.0625836971654,10.9679879903082,24.0858436297867,18.2980016686339,22.6392364253333,13.4423906000575,22.1697872370675,14.8830811329851,15.7605063091706,22.9200523189989,28.0189477504703,21.7876873387326,22.8312567915625,23.5917676467629,20.7765448413278,19.5993858367867,24.4862042706279,14.7202599304573,25.1059997991773,16.4504345370601,20.9569825832884,10.0817708179466,20.4224895302621,6.23430079201084,14.9034671801012,11.9567346367035,10.6134121046059,16.4068290569293,9.51460442375592,19.2458380017436,12.0297808704091,12.0019186129957,21.4160042751607,17.5373737745348,9.45013222989087,15.2005284957972,10.7677033429866,11.9220506741558,13.392659668456,7.41143430038192,16.3832307213297,11.7980187973222,5.67235730086321,13.9544513579764,11.3942985305873,11.9331283707249,9.65259078604994,10.4487500977966,15.480794950135,8.85576260726329,9.35281591495988,9.35791940674936,11.802559055909,11.9935464463514,8.42646833811769,12.6134919262842,19.897266647374,9.5371619040257,9.82535362386276,9.99767666524287,9.15093878180464,13.5704694301673,7.13040525561936,5.12172789950045,6.06727316822822,8.51642489898628,4.43786081171985,2.1955236876956,4.96961012126651,6.3008690518002,5.24828014203896,2.23035250388361,2.36975454880471,7.40400080578039,2.31620312456081,2.42851710991939,1.90879719100134,1.43830299312235,1.66963429539581,1.2540659178527,1.6369615953345,1.21381196087393,1.12657484033611,NA,NA,NA,NA,NA,NA
1.17672696791687,1.78009606248458,1.54941481798666,3.88794060243623,3.9858422139483,3.01372258743856,2.75742146230685,6.69303877965261,2.55939432509325,4.10900561520969,4.79256896027347,2.95240780187589,3.75446084424607,7.52483419805286,6.68462949765987,5.07273186640081,9.07419608323583,3.16383028067135,6.43297791220908,6.46053100298529,9.35653741459845,10.1809422282542,5.54013447380357,9.0917299477245,9.93574750747745,9.25841244397755,7.71283506185303,11.6564978016964,8.87010812886038,6.97427198137176,9.74568234471644,3.47509353791388,4.65353100927484,3.79397415776939,14.557303771755,5.3522302597513,7.73947673538048,7.65490254692063,6.04087842046679,12.8000381246551,8.29895584857502,8.02247366636904,10.7441154712099,11.2821779363015,10.2019936856677,15.7006164445369,10.617472199687,18.9264597141854,9.93935193746676,20.4565223661072,6.07729632531997,15.6814884431342,20.5015423525121,18.588852667549,18.1729721681481,13.4999746368568,20.9282490389072,22.3772035673632,12.9533788784744,21.9517214800223,22.8557575438544,18.047584649916,22.5136606909393,20.0639643483448,14.1176465597623,16.7432659411107,20.4242391392247,16.7968277572202,16.9138946795977,16.4715841873464,17.9242495689228,17.0919986436963,22.4391701685103,29.1645818502771,16.5472051842835,17.4353188615043,14.9290688634248,18.7401072075026,18.5714430258065,15.5489414813894,14.8897728244532,27.3139119562521,23.0063203160843,18.0903638786801,19.6962509597093,21.184975329454,21.0521995186639,17.632159386265,16.8758184124663,30.3299573669507,16.0311036580562,11.5484455060041,23.5143185272048,19.1564181955218,12.9527514848519,17.8448271826657,15.3543594484661,8.98904758064784,19.5116730691274,18.1787561412589,20.8750472388951,30.4329364585619,11.4919131639818,16.5140943203019,17.410959939771,14.612559431887,19.2422032092811,10.4888376932213,22.1769650603388,12.5377827288668,16.4933343341497,9.57007417298218,15.7580408247093,10.5649737592432,11.9531268339164,12.0766898741214,18.2219116485303,9.10024844028293,10.9268476794096,10.4564365347293,19.4957650991507,11.4830636979223,15.4635139291847,14.2921809367735,15.1157280894607,12.0629619580922,19.9467627708344,20.918804232526,10.8979672635024,8.4378974721119,7.9985277447991,13.3196104867004,4.52080999577396,16.4116365410048,11.6788517811573,9.38049788536274,10.5407184211337,10.7897171418169,16.8187785351743,9.20554442260028,12.8726446009065,10.50636193753,5.87007167820868,5.50966656913314,4.94477636360169,2.37826323065835,6.76715537817451,7.31762737195489,2.9047957753081,5.65819855397405,2.51116436595144,1.73948945482884,3.09317955052486,3.16696281794738,1.29568251267563,1.5812445139607,NA,NA,NA,NA,NA,NA
6.39519370814545,2.75537972984977,6.74288650078238,5.79118030978093,3.27930024619592,4.83705083562026,6.35414928375342,8.10582850390023,3.49444309120281,3.90989793093042,5.5470558116144,4.30017787451918,4.20366692013554,4.10564531238749,1.63984675750187,2.68785361588774,3.86726101970292,3.42508169305255,7.08219342486877,5.3389268554003,5.36192619345077,6.5844172454824,4.44596153566855,4.75175077085494,10.4266152423905,3.48835864882004,6.64095519749868,5.17099388058781,3.6635939827715,9.70534676137401,6.56819323689569,5.0976473131345,10.6201424071996,6.15898442494371,6.3741310286314,6.12011326495162,5.6556392762098,6.80762877750877,23.7193813793336,13.6245640921773,13.2681579266919,7.76730373956976,5.57113024192712,7.82399426633219,10.6591380455509,12.6366440969235,13.4020917047429,12.6877734467515,14.0300736007173,7.83042451076732,24.8560942482836,13.6354666034318,21.7358935607186,20.6884964265026,20.1770603307021,21.3084702405135,20.6601377008373,10.2314420348012,5.54538561315751,24.8911091702275,19.4458804845529,27.0727429404536,18.99343893511,12.9309020902504,15.7723023691457,17.3925150195402,15.7648012002298,16.7391571023713,15.0019015181899,32.3897769162333,27.8520539061254,20.5872033094375,22.733031518148,28.0107467924277,21.6801095131053,16.7987789607239,12.5152129543006,20.2050455572439,23.9441813885628,8.25387791223076,10.1211354880472,18.6547799288497,17.9540188134169,11.8309579939026,20.9613878726534,26.7822899622003,27.1082208334533,20.7777946287126,18.4538253752499,11.9791323286414,23.9369694039881,16.3776928349849,12.5805292833314,12.7397322014777,17.2823388089044,17.0702587663557,15.9643854891232,14.8743993708016,19.7093837133441,15.5573371519982,17.3982705085715,20.6822019479412,6.66465498634587,18.9460291163454,12.5979679159196,14.1660722571793,12.3695311208903,16.7019436260191,9.07423925362424,15.2678368882077,13.7421656290867,15.6171312668165,19.0411897444682,16.3993057505913,19.1872000699388,12.1735439284943,10.7532576796753,9.72454773341076,11.1639140906113,16.7153456604192,10.896993647022,17.674280691879,4.08766220001527,6.32739774770407,8.18601098569362,9.65329148614136,11.2131533873227,19.643127775957,6.47266184362383,14.4299090439467,3.24751383214541,4.58918961268533,12.1841272398703,8.90357707985829,6.51950003775409,4.42456975470888,5.35050280057979,6.36863334073658,8.20632866406997,5.14094772683387,12.0758716849262,6.40415945718474,6.70972443982405,3.96143767091027,7.5086387626106,4.27968637612299,4.45428526510062,2.31561062086538,1.74699334653929,1.81574851430802,1.88208878325466,2.45407792545367,2.70757919038282,1.69905085442524,1.58836066500417,2.00900074757438,NA,NA,NA,NA,NA,NA
1.36813252411643,3.48644433563528,4.62871940051388,3.18996046568248,11.7696378095198,2.81623334001165,5.68227497418546,4.0541369496254,9.74547909805256,10.8988638355671,5.58781060639282,8.26176046337123,6.99446362774142,4.57445041441143,3.68332585168049,5.14348842618326,12.1982238859056,3.27319936114389,2.60949322414662,6.01535260649176,5.76253824000213,6.62015478190231,6.90671346094471,4.90131440965344,8.2278071713521,9.51936730383382,6.41435641177305,5.73666946397992,7.72761567579687,7.86537674105688,6.97759638754292,10.0493574266238,11.6185721733917,11.2422779829857,13.9321668516207,15.5640485338225,13.4053416815354,12.0036855224667,7.34904826581638,12.8279046013493,10.2025212102855,12.8207597311445,17.1223575792641,13.692220530238,12.746274566225,17.0489626559385,16.0074026003212,7.96393379462704,21.0099436098481,12.3192536485796,19.5304319595847,10.4144945914268,14.8994304305717,13.1137535833326,4.55991420537337,6.81934559734674,23.3689105056747,13.4468796029318,22.2872621075444,13.8125326012688,11.9057777623615,16.3818614283589,18.0952842196864,16.4322852575974,11.448547481949,19.5339373937961,20.3722101439214,20.6932694112413,13.2722501317872,23.4706923122232,12.069187822455,23.1428492859343,23.8473030297611,13.4176255985789,19.3804662809199,18.4098304760067,23.8623389377452,28.1094531303759,16.3879568225897,21.810659124025,23.8214576292076,24.2677906528176,23.6926217542736,14.6783343315854,22.1810232158826,26.8718590939941,22.1356423055555,25.7426045292315,20.3410594366769,34.3774533782152,20.3402228323499,19.1728233106356,17.4674591903719,20.1243278169275,26.8108458848275,24.8544483768743,7.05937233725874,17.7987080611019,19.0985324747085,17.5548498462315,23.1410440722841,22.6211976242877,17.4973237315953,17.9749904067678,18.5982840493306,11.0337027079829,26.0320625150666,17.0743653194899,20.9607461145183,11.7498902693308,19.532913991119,15.6362983008074,28.2560288372841,15.4976700073024,22.283660190103,14.3761827719148,21.1750241733648,19.715487748588,15.9700454490796,17.9639660105263,14.7918103776275,9.83681634195097,19.2546697620789,12.40193452517,22.3946684110165,11.0788730878946,8.42090957929093,12.6142347134483,11.4299675146808,10.1698877392611,17.7940394542885,14.6769171666879,7.49978260475043,13.2353865741152,12.3228377777932,8.11845725267076,6.69145965409802,9.23819832390387,10.8660383441793,9.56421783142606,8.96172826471087,11.3872105060976,5.04610571658148,6.6236889861637,6.08100382978173,3.13351345465485,3.34074576758297,2.30793918690287,2.66253287038657,3.63641873729156,2.10005535601817,2.82177116478544,2.83561617077608,3.63769659007585,1.22061970331565,1.38670276674604,NA,NA,NA,NA,NA,NA
1.11402277439996,2.20425315291078,4.69879855182528,2.37404651568082,3.87356339048714,4.96902337008049,4.35086482715559,3.72099795252864,4.18504098082761,5.33228701141651,5.52837073144821,5.41061475386137,5.61730458488179,7.39252751500157,7.9603532521526,6.18782924499851,11.4876349762653,7.16639247288551,10.2103295793461,8.78556103518973,10.0952677999057,4.69626080403452,5.4291560768682,11.0166964836635,14.4111259628061,9.78536845175542,16.5879402220784,10.0142940400984,12.2560868855717,11.2506520740176,11.971589229266,11.7493188618003,19.0623747300253,17.5346445427257,10.0643371840724,11.7884348949432,7.04543932472877,13.4258063444608,17.0876170277004,19.4479804583419,17.5779389214764,13.1546158358632,9.59310405221225,12.4966068671409,14.3860651962225,14.4137861404686,11.9816809965328,13.8031949744901,16.4855757768798,14.5574319391081,9.13808762160661,24.8862389589011,14.8967696249057,17.8357596454332,13.4722541942486,17.4823826166378,14.338695873837,15.0181061415742,8.79519394874817,11.2934937275508,17.651932981523,14.0717381953481,21.650059233548,15.8692055700759,22.6994311383412,22.498013150785,18.9110564960537,14.166354257073,16.9668362488247,29.8313197576424,22.0754286478513,19.8848243020073,14.9252113043047,17.4775743057103,15.3944001420616,20.4734347520864,15.7696589729519,21.3129139261615,17.3234487394701,21.6011504863308,13.2470298165921,18.0206521694253,24.1380308933199,26.1960569847286,19.6247811079146,28.6792331888483,22.1271724706854,24.0793057194102,26.5380334003904,10.8581738457674,22.2707899078416,18.6510354341269,18.2603464915468,9.51892675897596,24.2910278240732,19.8509686466235,8.77117203598009,12.7794537472862,23.7043034388667,12.6859526113687,16.0750583715696,15.8202955304024,14.7319439590772,12.4568649410793,13.312544409274,13.4049215301577,22.2222100458565,19.3416475875387,21.0822305393248,9.12509552239479,17.2765308749684,11.3968371576052,15.0533967257955,14.2940165317259,25.7850232671228,11.3791040380099,18.2345535376525,6.32392519533269,15.1686548106868,12.7432334398021,11.2232533876466,19.9527066794562,18.3153160217071,12.0822851370902,17.9667425916851,16.3251954259375,7.40331742624247,17.9752294931477,17.1218510588556,11.6649022066813,12.2123754691491,15.0331255560934,13.7995143018604,9.05077381884593,10.6511766990069,9.70526965133957,9.5845208974345,8.82966786994174,8.95461130093658,13.1971416515389,5.6052792426017,6.93254522058081,5.37874038500693,3.55190906883208,2.85820246089012,5.00365401557135,4.77718757294062,4.35259879710878,1.73557718039943,2.18892199142274,1.86117811684415,2.31380365650877,3.70190527096794,1.86210511691842,1.30420655947833,1.38458958531385,NA,NA,NA,NA,NA,NA
1.06479449336098,4.21032030811955,2.55755461142562,2.43242268646004,5.2828335402458,4.62087833267275,6.02010606876154,4.59126039977089,2.37076390969746,3.70393395877805,2.49588421529824,7.64129837311522,6.41261596998269,6.22713173348899,8.49698241223848,7.63829411921159,5.83286837881583,8.86934532345004,4.37591967029327,4.82847749482146,5.97465092770833,8.55829076767381,6.80627898942989,10.0683552044785,8.59595149321174,7.61516083627663,10.9400856709854,5.8969351658903,5.73286210526406,8.70871334334146,14.1455960098797,8.02593775461315,8.24643012469443,9.78670705564986,8.02878786970473,10.1563211682013,15.2400325756562,13.2185910412686,8.06869726077826,11.810088035559,4.86283456896085,12.1048058521802,9.46751059152554,9.30487848642975,12.9281368659945,17.9959524752675,17.0664990509281,10.5493396074958,12.5402814280088,18.0118881929965,11.137210589883,12.3800388399573,14.2360072751537,25.2422381725538,20.2154920688946,13.5148835135691,15.0687842157079,11.8753223131821,14.4029321125857,15.5344687314213,16.6705110955228,17.5086944996186,21.1967238954561,13.4862292961817,7.88615718513681,18.8717682209537,19.7241268415247,18.8628165650421,17.3835513154707,26.3040853169742,13.9393179721164,18.1077600795379,10.3185660358934,23.5741323300552,17.0037074061712,15.5622662263352,15.7091675104281,29.7240006891054,16.2244369288225,12.4428092173989,16.8391561583344,19.4112656037526,24.1777783123496,15.8975793915058,21.5517780505133,10.4109534387522,30.4144163625167,27.4030028137715,20.9530976692374,12.497967130599,10.7477344431784,18.5727622830205,31.825530666261,13.6908423413522,19.5334839550379,23.8759319248887,20.3721616796323,17.8724309315484,18.0840984223431,17.9422977602282,22.9772459193045,13.4239536795317,23.183594762716,21.3641001483043,18.2422361888301,9.40460813256413,19.8812217054487,13.4844508784691,21.0233263954616,8.52959171563091,14.2837718044568,13.1195949935383,16.7256038264567,14.1546034792905,10.9896660196622,13.9107418687902,11.4255051052392,10.5616043005623,14.3653359308349,15.9676352972705,7.86747780598585,13.069506740693,9.96380407211572,10.3980206050701,12.432143461355,13.1754246791619,11.6880257268082,8.72459286506548,9.47811283402623,15.6700759389678,6.00630638875381,10.7456312188621,3.29236293756228,5.06314949689959,10.5203696226936,5.36184561433883,7.15944268874359,9.16685245634218,4.30035539106412,6.38386817394441,4.83041686030608,4.21307860983563,7.92543071073657,6.31598143598033,4.40029943376104,3.19057839461508,3.21581027919948,3.18831725209847,1.72054612728546,1.6967635772233,1.86023098975565,2.65298777764437,2.95474694518681,1.85438917711842,1.90709891770549,2.25185841176139,NA,NA,NA,NA,NA,NA
2.94650054404721,3.36957030107837,3.08419103698255,4.10276954064784,3.17712571885222,2.47886080577164,5.39461371406835,5.5019888804029,3.08996569925305,2.85419790479893,4.57830028714563,6.15071803287849,5.76966249710143,3.79747223894403,2.9110129093529,3.82339520078564,7.21361452901154,6.62396906504394,7.04218759330822,7.96053147483832,4.2685025113748,4.55499418387001,2.25892458635128,8.52716618092503,4.10508925019451,5.07454079580462,4.90381937691094,5.67570312463121,3.07263979459714,3.70783527687942,10.8321554061166,10.9274489852112,8.57741963717093,6.63195070781968,8.41934517528775,8.13631717304567,11.5151573551705,7.33250503646166,20.5171625897631,10.6247194688891,18.1552707695208,11.7489335746835,10.0248807940906,5.89162452309623,9.28929259401236,18.4763635049969,10.0603911840027,8.35811174353598,15.5165148727834,10.7545619979289,18.0072840240914,8.91024233945639,22.1385088426218,9.99679338679098,10.7552659370113,11.000284204012,21.3693693613919,9.54736614699929,13.9365512525262,21.1038073839969,15.9799162766923,18.202350158466,17.635078751847,25.3416057583046,22.8971034493787,12.2495994244336,16.2204043260202,17.3875979882048,22.9415833061822,21.2350682394626,17.3761665337764,25.5762210677109,13.3547122956135,20.7810589631246,12.3663822533846,24.1763074127501,12.7151896903851,24.534434998919,24.9478120033933,17.4865457353685,11.8258445028058,20.1338011645066,21.5388502797232,20.0461820629646,14.7162131127821,21.1428961339202,10.9275409444819,20.2760806535504,14.4425127305825,20.2300012538318,19.1202239322929,19.6155657159574,12.399716481203,14.7721299781166,14.9836210365663,17.4818003454416,8.92605878446246,16.97923183419,14.3137848118953,8.12023810586571,9.94687518736443,25.8889291975847,15.8757210286406,12.0509176484201,11.0495030916683,16.5464870368584,16.2194345359231,9.4156429635542,7.75092283988595,9.18084192801429,14.7173621461747,10.1575300438417,14.4704932379072,12.4369508906111,10.4020121974329,17.8237373623375,10.471752090457,11.4695891989507,11.1822688622727,10.9859654661686,6.09791446939843,10.6064883259035,14.5867799840269,9.27451625607994,10.3434177735884,12.6977550670667,6.56438737295792,15.4859780684631,8.34342741659979,15.7721650843292,4.11004340834551,11.6075922012815,7.08618809650537,4.96842501396199,14.007838708359,9.62391777682303,8.49290635103016,4.59909556640954,8.8609464783085,7.17548680194835,13.3280115421486,6.22678632806605,4.130425277002,6.90068338966475,9.23557500141172,5.61949314250667,1.61129305252925,3.5232039056824,1.94483398337493,2.02615958646551,1.66286874528351,2.09552374753332,3.48401105229,2.70186579807995,1.71753658222701,1.78434777691697,NA,NA,NA,NA,NA,NA
1.3880650216953,3.08517669732051,6.37479556120634,1.80471635562682,5.83233505031041,3.76027267946279,4.27280288893475,8.56050420636169,9.14777879867192,9.64926753521829,2.44137309325265,15.1406376977046,7.13115789070904,5.65866085971085,8.43646949598129,6.49895308476129,11.0857334049144,9.05234011572317,8.9266015221848,12.3950186581526,12.0183511651098,5.88163169794289,6.38087206653794,4.60823800253592,11.0671278773002,7.88980928945021,9.65407667987629,6.83371608211003,11.146430512784,12.3792696110605,13.3026171871617,13.7827482686332,14.8109087032113,11.0451744254901,6.3453168542207,9.71219199388815,12.6164832978394,10.8934377986591,13.7957008116193,13.7921199139097,18.4151394978574,18.2864594918836,9.78389216364215,10.248441232719,16.61248151924,17.990569059318,16.0136038055028,9.29881219474867,14.6544790168291,19.6100157250677,10.7494157165563,19.877244435029,23.2549541309772,12.2657540674115,22.1971313265123,18.1953190795461,10.8733012869195,16.2732229524735,10.5868932271749,22.3253312267845,17.2813755137343,21.3237599977938,15.117647499322,27.0815851473851,21.8701719581526,14.6537281673936,17.4083801291927,16.8371865682867,28.8254230824596,24.6647301688735,21.400510076491,27.9400246261471,25.4667327511024,19.6499002520846,13.5688191301596,27.7285901632619,17.6096293340926,22.6279270440551,22.2853316857512,26.8917438668534,18.4427738360722,26.7002459565349,18.265551011028,20.3203774223407,15.0208931999627,20.1155180217497,22.6557778211746,23.4789332838851,21.3759668678692,12.8351159512999,30.5410643413175,18.8947317759568,18.1158167725398,28.4594726351159,24.7517752490259,24.8812806128599,18.3246120159701,23.3063315834756,21.0511604378992,20.0540872741357,20.0311457036996,10.2241671876574,24.334388255272,20.6227597193275,8.8204188092801,26.2038439172089,16.9687386307239,14.4030005023436,21.6031505395173,16.1531615814545,22.2866589366774,11.7195990327865,24.3983266298636,13.2959371089304,12.5900980473483,10.2512819654741,30.0330352109306,19.1214684782885,14.9856256676763,17.9695107639139,8.24115513664012,17.140989547444,20.8935485669238,16.7694571806791,15.1579563291903,19.4221586077003,10.8890127427193,15.2415379625929,13.5843151578114,19.2685446745059,21.1430400706429,24.3559721895016,10.7752061795132,16.635650530177,15.3555064166903,7.81627208033667,11.828875999203,15.7553457397457,14.9776780342885,5.39086381241049,9.73306512093553,6.18292588064016,4.53785806201054,7.37176856244353,5.89332710834778,6.11868120964579,7.02447330025021,6.06998088723122,2.88360799832334,1.97019299394041,2.07253607337751,2.43142822465066,1.83478035426864,2.42828329913628,2.25834635571683,2.28213191403031,NA,NA,NA,NA,NA,NA
1.17397672668943,2.4468524975227,2.57418069758358,2.50828067067089,2.54200055465125,4.29993148476853,5.08723742298096,7.21194216144944,2.26499401243355,4.84545604154238,4.1368960441646,6.97037342225914,4.25741366563266,7.45411476963801,5.92229366043433,5.09556271370413,5.89952918971893,11.2847856139545,10.2867944990183,7.65783543089642,6.01174501799835,6.55757817880692,8.58454923683346,6.37252691113111,4.77625281483178,16.6862692059964,8.46023605969101,6.16458595881906,8.12170881691276,6.52933209140397,7.40148056723857,8.87434508291668,14.6692892495138,5.24642748924964,6.03426926135308,7.1770777133957,6.85964320988047,6.28889492077269,7.41715990100571,6.06695365364656,4.56290151515621,9.71606241115413,6.4425169452018,11.122112105252,14.8136775338908,7.49573150727176,15.6417157783393,6.21571595264682,17.0207555299753,10.3184387309225,14.4471665852917,10.7801079390386,18.5824797304404,9.00706949028816,7.19504424777946,15.5770596094233,15.4671405473148,10.78641511259,12.9059011194953,16.9761116706006,11.7344502338899,17.6808898950555,17.4900120020854,26.2854052338349,15.8399988561219,18.4369277406671,16.3613565266905,7.76347715598597,12.1126224149978,22.3702959672941,14.4589720581188,21.5847165280589,22.5004517409517,16.8372803800134,16.2733110402462,23.0386450308446,21.076525758232,19.7258598996318,22.2589196708736,19.6057540949139,17.5079479335742,18.9558769531913,25.4103856264494,19.2029699727854,17.8433960789596,16.4132011261155,27.6465796038157,22.9181778114714,23.4759929119734,29.0269681447593,20.572742402012,11.3490043928247,16.6519879775501,22.3506537118617,15.1724264264353,25.8292008398523,14.2149936974085,13.0520473165652,29.0356398188731,17.6411281926066,17.0914825443088,24.6530222895752,18.2599385783098,16.0465545266576,21.0335554702571,15.028902321291,19.3615556870127,15.6985480900531,20.6644479038476,14.3478974099307,14.4873720191909,15.0699108492207,16.2586281478481,19.7640381637391,17.637148968134,11.3522475778905,12.4141517218313,13.6854624861611,15.866305381667,9.22093039512833,8.64492375414098,15.3575139953677,13.2108670441368,11.4626662657725,10.0186399270586,12.7291367617826,10.5141695270926,11.2646226008419,12.4723201204287,7.58839056932011,15.1248853698587,13.28046472312,9.75331478039142,10.2538371604412,6.67845375459102,8.07702292648601,6.79300746318538,12.863817042043,3.49137668491328,5.94598819009929,5.46569671589923,5.60000903714894,4.95126181209105,5.17585423465022,2.92301665596201,4.46966694822427,5.4557636821915,1.90335798216998,2.97512613427169,5.52712306611145,2.08540815180784,2.22477078731484,2.08093444400899,3.84361673045129,1.4688373261376,1.17714494943395,NA,NA,NA,NA,NA,NA
6.65417398094017,1.42765396971561,2.57321707739391,4.65266138545334,5.91634436970893,4.35837372046572,4.19291768191978,5.50290895028967,2.98752834931675,3.64068127904107,5.68986667797959,5.27691536107108,9.87638491396013,12.7891947342166,5.24463009717553,2.70001719594574,6.35442834180357,13.0691378260672,8.31553834448162,4.30901761243844,4.44872406032115,6.80483838518004,7.18527051945859,9.60251608223773,12.2627294689002,12.3288052560598,5.6120132045076,8.86162352180864,8.9635895648622,10.6605708217069,9.03420097690418,5.76610986432045,14.1928420034422,9.17674143059343,14.8728402959012,6.99216824729738,8.09207699022922,12.98100370793,21.7977825228644,14.9429953545625,14.0171659742851,11.9677300254661,13.4269960965787,12.3651047563348,19.8178051259711,14.173534931794,15.574391618622,15.8043093197773,12.8305575470514,19.5826261287706,14.2370421621145,13.5001539958663,19.4544901704106,12.5081025008405,24.5593788472086,7.76826580862356,22.4265427267416,18.7612850607274,24.6019168594008,26.11523664147,27.2509280567753,23.2567114181985,15.6462862503396,15.1012324108482,11.1912161833314,24.6670325262767,16.4848413331004,22.0860367792437,19.8171054875833,25.6264084422666,28.7100801654658,30.9871418506129,19.5532768383837,26.0245737134309,26.1313535329033,29.5791842154506,22.4543331190988,16.806139312352,21.8544331864066,22.9077298009731,24.5998021382139,26.0936216585075,19.7920554460951,33.635364805235,16.65644868828,17.9445065698802,21.4321204999767,19.1059547104142,22.8483170359855,32.3212777482135,16.755546027155,24.6028842688467,14.6595062703396,25.9287454171019,17.5209688482239,21.0316643983739,19.7900791251336,9.77109492993318,33.8622222101662,25.3495786251526,16.6788009929573,18.1879906667302,16.0557560057195,18.8326130523939,33.4962006551671,18.8469168626309,22.4984575262053,26.2206054556569,23.6676969874611,13.7222560977452,23.9171741252053,21.7669052189919,14.2453811742623,15.4973122693426,18.0649977230129,22.9397746897371,12.5583577712216,14.2072088989209,16.4548890925954,20.7028164393259,11.8486997316796,16.9078466296493,24.2289115547676,6.44110370919585,11.735695881467,11.4475997797142,15.3128130153667,8.70585961470358,11.0717335188893,7.89792020175928,10.3765528069815,12.2752623821294,11.1601844167481,18.8156774350405,11.591123760069,12.0985786099252,2.2930768452248,12.5214298961174,5.56208275222591,6.36256486415507,17.1665315651344,3.88650501723955,3.24971122667888,8.50308315426021,6.35798517174146,2.97741157125782,3.34040844405978,9.12874923159416,2.44130479947848,2.59910769911833,3.08902319865807,2.70137320488575,3.81599912242211,3.07156205792143,1.77242355789092,1.63803325734306,NA,NA,NA,NA,NA,NA
2.32805446966813,4.63960827501528,3.93103509503742,10.3846921393782,8.39912691079595,5.80015748106375,11.0460378480643,7.43998018300877,5.99830427595237,5.45267484906931,4.37574621364831,9.89195232270212,8.34876829560504,7.10781271442426,4.85378405962527,7.6970062222035,7.97558886203668,8.92128410749465,9.79867105144521,5.26904252549329,8.23134295208804,8.04071610817863,5.08335315037117,9.91492754661834,8.19937855041316,11.0689485818426,10.8619628155873,11.3933868328343,7.33274945550542,8.95022678929687,8.69074875289039,10.6717325633934,10.2905034192005,5.67993722793494,8.63136726298056,16.0263736467389,16.4253899470549,20.0265738283628,15.4853256091019,13.1608872718231,14.7429741215948,15.9598194697631,9.86713875318896,9.0265326478497,7.26287774651541,8.08046233731719,14.4077646678674,13.1851771010062,8.2059415486168,9.46874866000996,11.8863025777223,9.4444132363728,10.0137905109705,17.4412241446877,18.5669329787049,9.83852957513865,14.2890452636803,16.7777339998532,5.25399804043043,18.8334913648421,16.5388347311139,19.2091828135675,18.4884890917782,13.7990895411123,22.1132294610979,15.3674706023054,25.6625261705956,12.4688831241651,20.8981567351191,13.8902167807724,12.3465966142092,19.1164952877309,25.4821788584308,12.4862961370125,16.8251306634669,8.46537945896167,19.6365121034243,22.5290677650181,32.1975306035362,19.7119991235234,16.7908358039368,10.0781970424182,19.2257252473304,17.9436129238549,19.0142924887656,10.3093763450078,18.7560704671462,13.5242188650727,16.7199354272157,12.3871500634601,15.0892136775182,22.3403855617937,6.82445791401064,14.3020810324262,12.2394358397101,28.0576281806415,14.5571506154286,19.1444882082696,17.7431478698904,16.1719367356752,25.8986403135796,27.9320723181861,15.7218190654657,16.0667060815014,11.3174322277878,7.62542388457126,16.3017145574445,17.4920062618678,15.1773535296657,15.6410948751,20.7076434639521,7.99651229090462,15.342605354672,12.3127559317489,15.1707104007278,10.8746965030307,10.7162984978462,5.25659455341316,9.26114252850572,16.2952497583248,11.131550062253,19.169231996058,13.2855634583141,12.2584425992575,16.0742552832324,12.1553246149522,12.0408694044081,16.4797369305863,12.0743374581593,10.8708540388235,8.46855784276143,11.6333918024963,9.91626790549153,12.1746775458422,10.2698388465216,10.1692638896851,8.52815187283766,15.2514157473735,7.21306675248801,6.96483125659637,4.68138731676103,4.10459697188868,7.79069435888889,7.06354608043217,3.85885186183427,4.65647730856743,5.19041279790033,4.10455977081503,2.89829912293856,1.84199209869199,1.63783781015481,3.10975212873218,2.11457663667915,1.69869584145165,1.11748029042977,1.12769620175722,NA,NA,NA,NA,NA,NA
1.16970314434572,4.78525109041034,3.43439657891474,1.71487059122348,5.50506630656062,5.48155803954997,5.04664792912349,7.22396166438799,7.23777529810904,4.46611219190998,6.5150922491068,8.61112282058762,4.14412578209622,7.36624607074227,4.51713486147597,6.54061610005053,10.1528508602948,4.18170678649586,9.62491424381697,7.4864892793416,7.90017725380836,5.37002863339877,8.28441482931635,5.76082570667518,11.1808775549037,10.384316415417,9.55973878159248,4.53381796814771,14.7321566737148,11.362925450129,11.1748700224098,12.9630200200704,4.652301624556,9.111906328945,12.5165835457926,9.73269232628977,17.3807179544572,18.7708129999482,7.57194379049118,4.60984325913673,13.3347462921337,11.3612798641504,10.4888912471096,11.8135475044714,11.2168158071625,8.25074572506843,12.2129101024391,16.8651508814534,11.6430652431369,10.6684493919084,20.5555290040939,15.9691788845899,11.1696651336807,15.0892214246213,21.1768539984417,23.5387029348098,26.4347701434454,10.6797410419802,18.5560671829392,16.9754706049394,17.0226537520935,17.9958847165195,29.6700198619734,9.45181948659463,17.6141683982568,20.6618080302567,19.5215773170812,17.7534775543035,17.1767919558011,20.7277206381013,12.5226540588435,16.7355109311217,22.2739509591464,25.9758080545596,26.642675649815,25.6030347917049,18.515097757326,19.660362924879,25.5982181427603,17.7618784962034,9.52987313045294,16.7335726749675,29.2575700996515,23.4245006002725,28.6758367197754,15.4058585171487,19.5145946849137,21.0933720909318,13.4708746249389,24.077438829876,16.313050123448,25.0175361105984,19.9052829942923,14.4799588417159,28.1702618905512,24.3654577260361,7.97682298755931,22.6889184157466,21.6928338944176,19.984866006879,17.5533103820267,17.6785213680144,12.7474685865102,13.3731939928164,22.7355662815777,20.875337626321,25.4342253091276,19.736550041513,23.0236347923555,11.6396554434414,26.8149681719689,15.2359598588393,14.3141812647843,17.6188734905378,25.4325453798055,15.0791259080481,9.76811452623995,15.5055994050348,19.3235651451535,13.4194563395478,10.2862703669324,11.8127801419348,14.7593008732251,15.0845461741046,13.412979390236,10.3713605487238,16.1050207851938,9.89785165358593,13.3870061260939,16.1022020280929,12.9182209201126,13.8443870819146,11.291126792577,12.5214692438546,9.23320240935355,9.23323640166019,7.39662365744137,21.4019300661336,8.44995521861234,5.91646625632983,8.84144673854084,7.54921325564301,9.30341099587311,11.3936248983645,8.08601144816473,3.17914486463161,4.33661952939456,2.31846977635175,1.50848671617841,1.93911595373874,2.35617040926412,2.95905040015801,2.07539355073996,2.29587723927184,2.23063860560296,2.04093793141867,NA,NA,NA,NA,NA,NA
3.45853852843704,1.64344680374052,2.56259641046253,1.6681563760477,5.11132315157714,7.22353322864453,3.4400107595683,5.89428823459039,5.16379607750017,5.2399117737986,4.89180066654896,6.85542024083303,3.87514659023665,7.88369456758178,8.01693258153028,6.03330957040969,6.38816669537262,4.37926983889595,10.9263256256744,7.43134270441662,8.25254909539421,7.68279800034564,7.02733553694404,4.0474745436501,7.07248611766314,7.75172492363042,13.4569865348045,4.51823115721925,10.6295619248468,7.55769115343533,11.0386836714055,10.299956527352,12.4249084508854,11.1630824737035,10.7716242606087,7.01932513757813,5.59586581002412,13.8619846101352,10.7889557080816,15.722839545772,7.73625588199376,19.5887890931687,15.5071646033295,13.0249590014882,11.2212145232589,17.2263645656076,14.6346920576487,14.3580132646517,14.4738320452459,12.1937922383223,12.5121084313054,14.8502562538448,14.5017763716143,17.1330431459821,15.3603961497316,17.8343128558085,24.4035506355458,22.7030051840507,19.5622465466125,18.5883560453438,20.3033662810935,20.5654716142927,20.4961681184208,17.5557571555381,15.8274615833751,22.9155375237869,24.3512254111384,28.8126992243675,19.7261533439021,16.4651834566585,20.7771740835864,26.1771757051554,22.0240150862922,36.8081375848846,10.85438917582,23.8400599452363,19.2473263300875,17.288621299472,21.7087988264196,19.5353839506037,12.3027910330767,13.2092573015223,34.5113125919007,18.8539904900807,23.1017845787939,18.7044290859772,23.4959608854124,15.0138681658561,24.7975765504263,40.7984208736261,21.5654553763767,14.6837270987215,16.6478113692269,17.5071454589027,13.9967274927467,20.246186823413,15.4482827815758,20.7649295373031,25.0955729431237,16.5292811717561,16.9030980012895,15.9835077808172,23.9773106453267,22.0631868557071,14.7316787652216,8.60076463084906,19.571335928439,14.1001696435686,10.6068499432223,12.0534321520013,19.5765132414339,12.084295760162,24.8770167518985,19.5688415894528,11.0947213109368,16.459623397587,13.5018905504206,16.0769349726508,8.6878753933748,7.46080644805036,11.6644274324697,16.2691402972268,21.2137344110478,13.977008628437,16.131432352703,13.6589002616448,13.0335878542399,13.6119780644231,17.47689337442,12.6999103946146,7.80370336819623,13.0745072814181,7.66198228469151,11.5639464596191,17.7003421509414,11.5950374804861,8.62373560155779,9.33418677763747,5.60271138947073,12.271884934442,13.2660840246334,3.87186552937716,7.98081085156922,5.1563132113956,5.43367478746199,5.89562913772644,3.7806860234164,6.4177305425268,3.19456931496707,3.1209650705079,2.00699487838707,3.76941693644223,3.6930509232325,2.18656525544246,2.5561312012227,2.17613045316589,NA,NA,NA,NA,NA,NA
8.13705769805655,1.35706306917095,1.56173636706534,1.99736450338716,8.28286591077796,5.68014238421496,5.21908362949547,6.27828315536631,17.3832182530996,6.65033625459676,3.79601853894904,5.84671606995892,6.34906840784449,8.8375764912471,5.37762820818573,11.2145624093755,13.6458202972636,5.0361480986162,10.1687368092426,12.0207983577885,12.1817439197141,8.836761077696,6.43493125447391,10.0122959954027,10.9446610650139,6.53193962701258,8.43901455587841,7.38380639541677,8.74052494858419,7.82232751790226,6.39939990817076,6.63956263767925,5.47458605806312,4.11008761926785,6.93257728885566,7.55775872341747,9.53614647866641,12.4013821625212,21.4192266684414,8.80756979405007,22.2164638442535,6.27671653019828,10.8110873006391,6.07431337878791,9.04102738705179,7.22791127439001,9.21703495823133,5.67995343962261,6.28704966263534,6.28273537183746,6.359833328357,8.02897938661873,13.3276220150784,11.3305774110334,13.4897822380272,14.2640948037424,16.1600328763459,13.2169568583854,14.1462188744789,17.0276776334117,12.8358632979375,18.5580023406497,19.2347956024243,15.3980852385007,12.3405589783004,17.0976669493021,18.7107997054083,9.13300972448405,13.354725571753,20.5386351774395,12.7464736443674,26.9982815564028,17.649628434713,18.8750356188058,17.5408854919124,11.2461376377165,17.0300349538818,17.1083179957353,19.0261148685539,9.32503929549779,12.7158160454491,18.6640706556425,11.4819838303557,23.3654505368647,20.2059772898449,17.7765692198666,18.2503727532303,18.8212147658657,21.6490074056829,17.865948029379,25.551099978533,13.1716955361371,15.2276841540304,24.2366907154667,18.8859849608093,17.5164409518132,20.5070766814118,19.8932938359448,21.3581831493602,14.160349467364,28.4701074895018,13.734278772353,9.89583723813922,9.92272979001598,13.7009628544964,16.0404137019702,22.6038897847294,15.0942278789297,8.10574268676622,12.3126551976328,9.24176676131563,15.084482194545,11.1967645733969,17.6989167340447,10.7622241816167,15.2888705693147,14.3559421870658,10.9921494255031,7.71334035524991,19.9987195890804,12.4688265783887,12.7766202637817,9.81105433734657,9.214940942528,8.55131751237296,10.1362765785961,8.2916483882365,11.3247554708485,10.8302280064289,4.03579715223442,4.61477536046273,6.92112093514888,12.8822241600124,15.6761486087363,11.9301232911938,11.6426164720178,6.21309326852407,3.98015767102102,5.73913711517779,2.94355374908394,6.96245338597383,6.40793061978719,2.15894947285386,8.34479099193033,5.54939104027343,6.8141810892803,3.47334583020366,3.99630085671241,4.81897323352926,1.24827306056946,1.77045763991568,1.53302627538171,1.92311808483024,2.00051429582518,1.46209215782246,1.58706456203953,NA,NA,NA,NA,NA,NA
1.68401613796455,2.09394103804806,2.20410632599258,3.88042175376484,10.8517481380545,2.06990008840778,5.6138516531842,4.31902636318007,6.99950857141677,7.23653579873017,9.45533503763846,9.53707699770688,6.96778384370047,8.99839545522995,7.20372563612189,10.7371326530285,9.7023811634067,9.91530247873212,14.0411329617488,8.46566628885985,17.2426308285129,9.98344877693087,7.51989430894123,13.8427316337769,11.0544087631386,10.2122594429355,12.4737259130265,15.2872844252721,9.27282977909291,16.6536110075585,12.3548989348108,14.6412998699572,6.48100420039242,9.5441941850415,20.8999437469109,20.958896375469,23.5634017191831,15.1752154937757,20.3971072762228,15.8178910067676,7.25257935042956,21.5648568163988,12.9947908981191,7.23401714048582,13.3099182634142,14.3347671765595,9.66612335282316,16.3238378083145,14.2295992106787,12.8228342667936,14.9372324154425,14.5790079584687,21.3538303897299,21.1466687518112,14.4755408259388,32.1467947145581,18.5096148336644,30.8283076079969,17.6864110952796,12.8464137510045,23.8544191112768,20.4811219659208,13.2115261730791,15.9078615798119,28.9767884016819,18.4532276986641,19.1884237952201,17.4541885476651,22.4519738713737,17.9982352876953,12.0439750402439,15.0780346034242,14.3110803449749,23.4837065410027,15.0707982190873,25.9185965897066,22.5213240146926,18.2112629372017,26.521456913965,18.2834068451245,23.3068449078503,18.4021349853802,15.2637807988786,17.1594190319487,18.3089793964406,18.2284596011753,25.0020225176699,25.66700199993,18.9060783882791,19.4507164815666,12.6200886741275,23.3019086997128,19.9791577754552,21.3909288500598,14.3267283279628,27.2022778876819,19.3867943602544,8.42836522252539,16.7754390912795,15.8798378278253,24.3402350241223,19.9115225126568,18.8343029497056,19.4912907785916,12.6829332422221,26.5204369978658,18.9216678959877,15.3087513402364,18.9275891940585,23.663489788738,11.9378214144393,14.5259217482855,13.4085004700695,9.78619348160131,17.0794984540874,17.4577529284542,9.52826856909024,17.4378722817237,7.49633344456029,12.3176179086596,13.1713606792488,4.00455405344702,20.2167003905269,13.3387164560745,9.05050158031274,11.8629936185005,16.2473182450888,11.2722424747821,8.97623543206344,9.97503402125679,11.7750093942095,18.2429078070319,12.6480284811379,16.448064335092,9.69946803886691,9.18739909974558,9.31451275318267,5.34485773857821,10.8115717154928,12.8790590590471,2.66542433766937,6.26460815820305,8.29983674046347,4.11699133541313,3.28110617241402,7.50121938434623,2.53751327910472,5.52374728539504,1.66124357113653,4.97306285667413,2.74159975446796,1.75251960057419,2.77439997642589,2.51642673070289,2.5516363086462,2.1728322628147,NA,NA,NA,NA,NA,NA
1.05653464845547,1.4053862455357,1.64732699851904,1.72406087914505,1.73990499229069,2.65760862523823,2.14857183350947,2.33577542710437,1.54732191715877,2.16809065804014,1.6162180911917,1.78792885542872,2.15396521801967,2.50303660667923,3.74311201214889,6.00690974296553,5.68738163033811,3.4608243944474,7.26542472751488,4.21415665869204,9.77690924984111,5.73599786676896,6.40728930651382,6.00238862462954,6.05395813229862,14.8513591251968,5.39802042339925,7.9251170610088,8.48948181204937,9.57525580744527,6.27898448281459,7.80350457662262,8.03784484339533,5.61599165696573,6.69275680312093,12.3663594693543,9.37951465078604,13.0690885945215,11.9141851551573,15.3503354591825,4.06370303627081,10.4490682075375,9.27312352128624,6.56754016042427,10.1142475237488,14.0540515590064,9.94031960792492,13.2542888238266,17.8237472170046,11.2357053880742,13.321029697148,6.31835802490345,17.8895228999872,15.5831147897732,8.27593511765716,13.6703730646043,9.73572358924845,12.0628800678666,11.1044122510777,11.2944121580262,16.2196721324393,16.650816294523,10.5654320130313,13.1670323800302,13.1338902184163,21.1695574868675,15.5703880957498,8.02188485775742,13.9616868470333,16.8699835757563,13.2490213785462,17.1502334817362,15.678504494913,16.3449828605861,15.9025805012075,17.1048384966637,11.7627058870792,18.3465118191634,6.33959762525136,14.3008062784859,18.1950698306503,19.8366667634837,21.4733892944351,19.2223691915028,15.1627026400809,10.7698262297777,8.50223520734657,18.811009837724,16.7533341342694,19.6701301424142,12.9534041934702,15.8965317722976,15.1813930885951,19.7121593745699,5.71611344662692,19.4730288368459,18.6823142280636,5.88733131491025,14.3260118379333,13.7822346247718,12.2321023290706,10.7531883025765,7.14216851215269,10.902996184548,11.2978587821096,7.9946841201363,11.1604168565506,14.3898233215487,11.6649330748565,17.42009758938,6.55944518328586,16.0303673769688,14.6592787527219,11.9439424821444,7.19223723796118,8.63750838556979,14.7651333812402,7.63055626739786,7.08164867665554,12.0444899432253,11.6742133381337,7.26994774448738,15.2821533982211,13.9711869860068,6.52484663028382,10.7418172299122,6.57259621891733,8.63263553946628,11.6920326471611,8.46893388766372,6.48472963569541,9.75811022593662,6.47146212281771,8.77954355187168,3.18034831426591,7.70872886935682,3.63194136433395,6.46119448866319,6.32502250072631,2.32177416250313,4.17438775873701,3.33699185893218,4.43654257892254,3.85133890358641,2.83833107925541,2.86691346259868,4.20583150798238,6.48340683294476,1.88261526776128,1.52549253883793,1.40450322999198,2.1394334728848,2.98845237377148,3.5103006234068,2.17961382523578,2.62169028469635,NA,NA,NA,NA,NA,NA
3.77126069155693,5.76823745583619,5.1691546838315,4.73122450359208,5.75845533863728,6.63718275837903,5.84339165268236,8.95981528784905,10.650983196789,4.83385122851006,4.67613801435153,5.94232319752891,4.85645120974802,4.40829214101359,6.30031469882168,8.38174047662598,6.53620554553762,4.09568655796513,6.11636616806088,11.8786275447974,10.3342835111998,8.31865099370569,6.21857127339625,7.37159275624466,7.13583991457732,6.95519425902425,7.47071929673705,11.1347212322431,10.1294303929411,12.9116022716379,10.7113893581263,5.29127831861876,4.82592733285098,7.75227283892074,11.4661994210524,25.1973862965554,8.43009263432105,7.80513009423822,13.1146784306977,12.7107255361409,7.24594996490037,16.755416759287,5.31115663208467,6.31650355929775,12.9166226344979,15.6227278254211,9.85729963169915,10.3634641172581,17.0889701759592,9.33390798744223,10.8235735096226,9.20373184217834,12.8700001890318,17.5298961476778,13.0185384831929,16.3506462437846,20.440905702744,13.6099996480837,13.2666882615189,6.46435991978243,10.3760577146542,16.7797262404472,21.8307370964727,23.5067511242847,23.4687677780959,7.69547317988528,21.7640957676618,18.4972520129512,21.4489788198544,18.0254560752694,20.1801510016958,15.6661024204346,23.2216274210474,17.8620511778295,15.6417637183269,12.1633192225499,24.375379875168,20.8948254088174,28.8320756000345,17.7529192389849,16.9098539491601,14.8570536426931,11.9156973167295,25.1961746756397,20.1138660731019,23.2276634875157,14.7864667354343,19.9226691216429,25.2631438600774,30.1303487697207,18.4062551376588,18.8255840491126,16.2679790340907,12.2608617798662,16.3654484675172,15.2467446447525,14.8266865207342,13.4737896051125,16.5249877449062,18.2100055614357,13.3055791489427,15.241805298117,19.9918196110013,8.28154716856111,9.70364939569809,18.4601376394085,19.3082822826775,12.3673617559773,9.97309839202556,15.8005578143641,15.0253691458028,18.2410855186535,16.7866073313238,13.0580070765252,14.4719828286288,16.3587379122723,7.4958639680889,6.59601529559577,11.5234911565191,21.4565348816201,21.7482598265154,14.206056270059,11.3175403705906,8.88801011108264,14.7011520654452,14.8736222057954,8.78125020494278,9.94499193125601,8.32168675458519,13.7433211116893,8.22092775785451,10.1010632721272,14.9367694523865,11.2166941240408,11.6041184564503,6.60923461337284,4.64413876813996,8.4938709886832,4.08963863326066,3.99065918407507,11.2706222250898,2.39501544993714,3.01438658605483,3.69280788469382,6.81169921599785,6.24777482093239,5.25748697143835,5.7361141288009,3.99937539192924,2.6898776777042,2.04997492155057,1.61034341873572,2.50295672000032,3.86588862888697,1.61050294400578,1.7320772236933,NA,NA,NA,NA,NA,NA
1.54156407423051,5.7278287978167,5.33402231357479,5.97014898204776,3.85817027623399,3.63995818652717,11.6513160909365,8.56353939773975,5.25638871575444,6.91101399738597,4.07499270657264,8.58916936557418,4.71857478881897,8.12808102814463,5.62459227740166,5.0233697625264,3.94111332063907,7.73290442378904,6.69512261767513,11.9296122269091,12.5280929956989,9.16392881471001,6.3504049808269,9.11447732340145,9.05412112358309,5.88701418341445,13.832284943567,7.1753261047554,8.53880609121302,10.1618386822255,16.2598730050402,14.3944530970321,17.4639999559323,6.36422360927722,13.7730592105642,12.4991074087532,10.9507765420694,8.71093014585355,13.2044273405057,19.9699790420605,12.2043877355739,14.3043635323036,20.1998503192323,12.6221117005089,6.04422132252994,17.8182311055578,11.7612847248097,8.48089069352953,12.8812735715377,13.875987727216,16.4605332267614,14.3310072154829,21.1826103869937,8.94742293081114,15.1077596424021,16.4450558771632,20.0569288517128,14.7891829197963,20.2907811100278,18.9725468575807,18.3220664613127,9.12573030681072,18.875630724481,15.0578710052375,18.373232772308,21.8346722307662,21.7139610885249,18.3594655360192,21.1795518885241,10.7938369649228,18.2187879858112,11.3531888783617,20.800467713051,23.7928679323184,18.3838335510319,17.6753935352499,24.1030905929469,25.9988751726669,22.2236139798924,19.4935152511215,17.8605546675054,8.36233337677095,19.0309443557122,8.72192152199102,22.1910742228739,12.041566448344,26.7719522104038,20.5882814767566,21.327980314139,13.6467023646605,26.1969711188694,23.1005109798564,27.0059797981649,22.6952732729502,17.448325042655,17.2265229696085,21.0742957251022,14.2798252913563,14.7385035558768,17.4371128669838,17.2954015524396,9.62962502245217,15.337366986943,13.8741963847168,18.3449941854402,20.0481074498947,12.589544441726,11.0008032444849,18.6517972940147,21.4557391990656,26.0751708262873,14.1416678355478,26.1179486035768,21.6318185010379,14.0843282284342,20.7107557647675,17.9244048479783,12.3648990835321,13.418491599469,12.6557286279249,7.20166460450886,12.229534379678,12.5064041855439,12.8194311454577,14.2669494163704,11.1450485453019,11.0774485567508,13.5774867352639,10.9183702863261,7.74366899083251,12.3636662501514,10.5268447698616,7.46774427560265,12.2027445611562,14.2747163175326,11.0827509660573,3.44455735079199,8.92090414516771,5.40434194724329,4.34455631738152,3.16984942871568,2.39517756504029,2.11645990912515,6.89096467441593,7.63230466768088,4.50555314870343,6.94821522736959,4.12540059848628,2.64654519284127,3.42165045712831,2.42311970827787,3.07744098419346,1.45282718421426,1.89539609278533,1.41593179485301,1.29488417944867,NA,NA,NA,NA,NA,NA
10.4012027828514,1.77445814214224,2.69975085894374,6.58647070116199,10.3519624773783,13.5584395920445,7.05104635318501,9.1025738145244,5.1729481410392,7.20344232686233,8.6624209252095,7.19393289092865,7.63377356363377,4.29838957099722,6.19774646934459,4.60696918371428,10.4524314747052,7.50451001019112,11.7436045431004,11.1017149290627,13.3953266113091,9.31009677403616,7.37495579521163,8.70480038206224,8.05704979446779,8.10542124538262,7.15802558183949,8.67622700155873,9.12707790681719,8.66609924939718,8.02196697750187,7.35338679145724,16.9359083675771,18.765345651789,6.72111533153351,13.3144428872525,10.8330617666716,14.5616404008292,19.5713140993781,17.5725836714881,20.6721543928803,11.3024522493754,11.7599523024714,12.0663101878234,15.3982438547646,13.0049583319037,8.5644050827101,13.3129209169876,9.39689676898836,18.7574028338377,6.24235716159614,17.8046593896318,24.9068588306512,12.334035007716,19.3431646074465,20.7083250703067,24.0395784625987,25.0448951315106,23.4608849477211,20.9027169545175,9.04444571686402,24.0669951437013,16.8450416546034,21.1984023143455,16.035089444245,18.5313151188946,18.2361291383263,20.3115302541251,18.5298404706542,29.7183052630912,16.6450051658876,20.3453677774237,22.324677884694,17.2375466864682,9.19817777997554,26.5158292189819,22.2727267606143,30.8021290077173,23.5041911119002,25.5577997851542,23.4518865184945,28.9129442961325,28.3752320193813,17.9413878451011,15.0598824416007,25.5192999278,16.9485075665091,24.8160098893011,22.1583845236493,19.0577207058721,29.0210418846158,28.5007482568506,13.5317989415507,15.0173161970018,18.2769335390504,15.8775320852214,10.9305281376825,17.8996995517654,16.1376552556714,16.1906430677666,12.2346345976012,16.9353806285068,12.8813627924135,10.7265220835819,17.8950582148443,18.960041410057,17.6428286678421,9.53546277261282,14.3034060130236,17.1843202002898,21.7320869207964,10.0016494776826,15.9368560418313,16.9217789077957,15.4355374567157,12.0083758988493,11.8703850681646,11.518059687569,12.8282469222303,15.6114657181386,12.3469054601175,10.8294310822872,7.94919773363874,12.2516589564593,9.57851341629917,11.0962095610557,11.5868157039161,17.6162861059247,9.44896781282917,9.10128113739659,11.8754492027188,11.3912221509568,8.95095384044262,8.94119831209829,8.10445156928496,11.4918916504166,5.17755691910202,10.1312059091955,9.92141798330401,4.51323916082433,11.2025260219823,5.2308293134854,5.33260349389307,7.56931354286141,6.92519486540885,4.30508846570069,5.30819831944669,7.93843990810053,4.14360397544625,1.58607554397502,1.94649086802762,3.18080845316739,3.21370276585449,2.55591818026924,1.94043860601975,1.94567452697009,NA,NA,NA,NA,NA,NA
2.558888835627,7.11564311138459,5.45714638379257,4.70666183258988,6.83544615225747,4.72382167363356,6.56517300478205,9.10238140967258,10.8877494962325,8.46412263948828,6.00850891023463,6.76902154935547,8.68195587622839,3.43295583768344,4.11648085408237,3.87263422761472,7.60604815605003,3.41663977162656,7.96838475441684,6.78281578110857,10.9917611834675,12.6059679191097,3.59934305739567,9.22503372475434,10.639617006445,9.15336519531623,10.055703423399,10.6971022916539,5.57525925331763,9.67517642092989,8.6557352272856,10.1967569398965,19.3731927594977,5.41417633790948,17.4906992551304,13.29090843401,9.15944740634452,6.63855104389629,13.3795102822406,13.5871064298966,13.20913302337,17.0415443906671,7.16334685418874,11.7849848123489,15.8541459173419,12.696490962178,11.9976206479685,12.5888684597753,10.9766046143899,18.4760524399495,10.3757252425161,16.3477741957058,30.1599335841742,18.6666378434211,14.4321641426928,5.10499426178515,18.5443596452555,17.1320438337138,9.0259841828994,21.2594290009705,10.8567189593423,16.6887980894249,11.8718935355394,17.0243949710065,23.5457512645789,18.3662958928549,18.3244752284071,28.4579473461373,20.2243922244766,26.2378148726367,22.9378605150752,16.7838419793046,23.761885292684,15.7695230543646,29.9243179687788,17.6595364287097,24.9732769624379,15.257807408253,15.0016419810052,30.355654743239,9.63095512577348,21.4605442733003,19.6452035243017,23.0641123800371,30.14321388633,19.884160114871,22.9260650670189,19.3177893710166,19.8060351288043,17.2170781894704,15.2711852747962,23.5002238084153,18.2692980354383,25.6833162746563,12.043122233451,17.0472938606251,12.6556357729595,17.1563019284378,30.8746016203062,9.54800706608323,17.9087544174728,23.908214470411,21.7784643100428,22.0467377221883,22.3822347610487,15.3501853770132,11.8996322544407,10.4379161619867,15.191774406086,11.7744601538219,17.082338139993,15.0454978033446,13.7603909987912,12.5135011784059,13.265628238648,7.9754303609283,16.5243939901771,12.187007039394,9.98514558336052,9.02302199467887,11.6198760259193,11.7860915782944,9.08118721220571,7.77676285710518,12.1713178695266,12.0693780009012,9.42737388637857,12.2960221351303,14.8322919639022,13.8376728606191,9.04388386296995,6.84179827161013,12.3257886923796,16.682365081728,9.14249303484921,7.74359432028544,6.16343292217151,9.63462801152563,8.29326168580749,4.91356812836201,5.66672714200717,4.05955321667644,3.02440194501625,8.3836381606073,4.85419824836744,5.08664760167168,4.4021707875215,8.45881456355128,3.02742174588336,2.79969967872886,1.52981327007744,1.67783506551082,3.59053450283457,3.95180363262256,1.56627591277208,1.52110011815901,NA,NA,NA,NA,NA,NA
10.4811064531222,7.60329529027906,2.96261714233291,5.04866352271844,2.91942085966571,7.53131483007408,8.32688065931436,6.05392913973153,18.1767926471547,7.89941532472339,6.19471605094625,5.04584123708065,7.25013445698064,9.13856320374694,5.27521376783063,7.55396468804314,6.97644443191836,4.40231380503472,3.24352714748142,3.23649206652086,8.34112204031623,6.18703157974099,7.4363501346191,12.5426523162214,14.2306359652563,8.29735707970159,12.754979049812,11.8916761643794,5.74331804931237,10.0937753025085,8.22607148154847,8.3775390753094,11.5026345912241,7.72891121050204,14.4945198601322,9.85774339820893,10.7987085353816,9.41675333061307,8.85785558996879,7.92171396277497,12.4085757093392,17.6550005258759,16.9041072580585,4.82615166754296,19.9830054539146,9.71206702493801,8.53103476973236,25.9932602675132,14.4196311127827,12.1920193396654,13.23660673457,11.8383500665988,16.8759494818067,10.6657654284997,17.1417308588275,19.0438083533453,18.7864709122157,35.671845421131,10.4285817531238,11.2788489566965,13.9611383513485,16.2320089900908,24.7579140838494,23.8547964937058,10.6002982649123,12.3981648676732,22.4957045459239,25.9521083737891,20.8978034317806,21.4583552976818,19.4709842158831,13.9732106979431,23.7728923142487,22.5660280006647,17.210583249941,18.2291907949718,21.95837045164,24.6289498034572,14.1085019818626,15.8402299407065,13.8547284420837,17.1669052694414,21.2576957396815,21.6160198088121,19.4102833729256,28.5327840930777,25.6624096471653,15.2978462495419,22.3174623513013,19.7673828470368,26.0238227812435,21.9441634240681,13.1929934476485,23.7170580572409,21.282479220007,20.6030921897888,12.1170988754573,27.9117439008466,17.7230994362016,17.4742867106303,15.8703798652114,24.5048398756596,15.9428388958208,21.6361597763966,14.2158748620042,9.69092610302276,12.7617742024287,9.48159326181816,14.581410404372,11.1405723756273,21.3100991769574,22.5665645641072,21.650575414648,17.851152636956,14.4413123132478,19.5320954623378,17.2333144945809,18.0909582526388,11.9719459228372,14.0228830908816,13.3466036141083,15.2113019572186,16.9006955647615,12.2597499548761,14.2648489439074,12.8253785822315,10.3592163492714,10.2469902044948,11.228144295033,12.681480580089,11.1427751022759,13.2647758337018,7.34669594870174,14.5279863338933,14.4612146119003,10.8792936442466,10.8549883667913,7.72462931968315,7.41018958527589,2.76225772065547,18.2513733867271,5.80358370778633,9.18426895767879,6.41609744763721,4.51217508632388,7.76963391198984,4.09131125217583,8.00838438813565,3.29445073379893,2.10810174213034,2.19728213205338,1.80192215373056,1.46868406615366,3.30755657817013,1.11984479743521,1.16991482112087,NA,NA,NA,NA,NA,NA
1.48022120991391,4.69116097980112,2.75164483004628,5.76508005166918,2.07523263586441,3.58331992041198,3.99662576244459,3.60289479382163,3.72866137638999,6.15643622906833,3.52114016420148,5.64112541913289,4.17079430761036,8.13333672841447,7.03410147170119,5.99883515214233,6.15122462526762,7.30838064189481,9.6039653097417,11.2960596040928,9.73435953267264,5.53100847869224,8.08939366893535,11.5594955133525,14.9112609132043,7.41468281341426,14.0637126638087,9.45427960612242,9.64782371459352,11.7525380944033,8.20654832850884,7.78575118146783,14.306612473546,8.57957431318083,13.5324917774734,13.4718944241833,11.2543604398057,8.82063575143862,18.4602658319435,16.4342226266105,15.5154271237003,6.77396598331141,12.4275158267575,15.263412931042,19.6322569471382,15.4684832863474,8.28296087345884,22.5897618110974,11.5086814148684,19.0103646485101,13.4683474150202,20.1475754993309,32.2859525314054,10.4190305725026,22.6654109394031,16.2033765724522,14.9097327139941,25.9999389828335,20.526698583434,18.1258963584894,14.2929394533873,13.385573797815,15.6355338856604,13.8782901489197,19.9323836418101,14.9157664964146,8.3453865334999,19.9002322058365,10.8519447692371,15.1926683958483,26.0127381587657,17.5488225294182,16.5996036673807,22.2135331754018,22.5419475347011,15.9939258092952,16.2474096023722,12.6531394649035,17.903728033482,15.0421459684395,15.8675111776894,22.6900828245147,24.3083048007465,21.3006304693854,23.8820711809843,17.3795393080723,16.3823631835223,24.8822396989012,19.3545656309058,12.4021635569744,22.669773387432,16.2784400389601,24.9105915711661,21.4726142290693,20.6959093557139,24.3960208363727,18.0175683967148,13.2687072123472,22.3328530761519,12.8035523736928,16.971482491583,18.9746699393957,18.2906163751251,23.6786024386301,18.1601016575199,19.7896301893609,21.7963976660144,23.5822708192048,22.7400680206071,11.8124020959152,23.2995758050045,19.0652975743684,17.2138139754024,16.6496720517337,17.6283467332163,13.2664357841531,9.40018090491356,23.6738478220878,15.4154982926609,17.541917126059,8.01980287308761,14.0907889642577,19.1588524224317,13.8096485526874,15.4804333709814,10.175483986684,6.18201234647043,10.6985545074159,6.35638318832701,10.1003675839225,11.6565644628316,7.71217060936405,9.69019059621387,11.1829723019296,10.3071580859078,8.8382908890131,2.65771560462842,5.88074570874063,5.76220366214879,5.79851752267991,2.60011695024988,2.33883452351666,4.79303962441058,4.25992454066071,4.52404966029079,3.83864867325927,5.40610013545078,5.18907605370822,2.54672277687853,1.75816036287281,1.33519991127346,2.1513797943144,3.09855891501864,2.46053673749945,1.22126074759006,1.23553636509368,NA,NA,NA,NA,NA,NA
9.25181002950702,3.77264576274495,2.89564002868419,5.3554419287863,3.78416902960493,6.92687565779671,4.26541681104821,6.11425566081433,4.2360283611689,9.40988558880253,4.42221628552662,3.06958154009484,8.75981967736068,4.49502226297659,10.0807601284421,5.12478270143734,4.58836651374449,6.5860132227822,7.4205500224239,8.79905316532514,10.5077937072767,14.1587199731013,5.50238529065832,2.89129953942846,4.31948570125594,20.0225011795229,5.32275118028547,4.09316127893482,3.74163782660779,6.94159896556401,8.85604682958048,8.49850564457123,5.63831107903208,3.31957795550165,4.36385691379863,12.3617936428933,5.56673201148617,5.73364926126377,14.4417519968745,5.23411302377525,12.2148078178613,16.5687321122625,6.78908716620487,15.0091896722828,10.5678455452958,20.5817161739794,8.77380337227412,14.7267555295101,14.8732997893028,12.6064890715788,10.3164003644749,15.5015041478583,7.41972777171833,15.1742197520062,8.37836221371311,11.2548712626136,17.888922475547,11.4515913767188,16.0527381760748,24.6793279978955,11.9960348391961,29.1036742425498,14.964421208941,16.7273849308008,26.4930905138588,21.476023157879,18.115237965657,18.8061171161187,29.881704420747,13.2146312622137,16.0493441938368,27.9635680331389,24.0560298661756,23.2736580198949,14.2877293974356,25.2121252329096,15.2008613693772,22.6719320446998,23.9175236248067,28.4505777240013,25.3957055266989,25.1563312029944,19.8632097974545,18.3841578960442,20.5190742785698,19.6455846189938,16.7141213588517,16.4430601973612,20.0177408957125,14.5042787980332,23.0361635669126,20.6978353488811,28.7362306238525,19.2383200812659,17.1616961261863,10.5125628666468,21.5395611925742,34.4985733087525,9.44478836505859,17.3872255732628,15.0769286062528,20.3884321409906,12.8508208362374,11.3025014959996,12.2180957673327,30.1821884176088,18.4242210645044,14.0162508006497,16.144580944951,21.967722157137,21.0840586375896,10.1548680694402,19.1845877858613,23.801512302446,17.6882466495294,15.1099147564817,13.1305696664083,13.5239587162187,6.39269406773852,23.6109907808682,13.3712361462775,10.7229311243417,22.2528971527088,13.2630747616761,6.88242686863073,9.82039201205949,10.8125277943027,8.23415868174494,13.4498095387827,17.1120716617226,5.60771455580917,13.8164281224654,15.2752642549036,11.7893030989403,9.57969709440808,10.9667639850643,7.73881015646707,9.12719841854474,9.64729938316395,5.0327157633263,6.30549901321301,8.00174599327728,2.33604972195443,4.38255014277168,12.0050573649178,11.7913622899773,4.2264183401261,5.36051698316676,2.49586402915381,2.54719006931355,1.58043331028705,2.4276135677098,3.28637650318653,1.77160166716933,1.42282319096568,1.67337697953208,NA,NA,NA,NA,NA,NA
1.68854545009632,2.72916206680227,2.65525487004553,5.18975617264471,2.08173049025846,4.07128314975538,3.7607843356703,6.65985711400183,3.20440009388078,3.79553717079393,5.14911675502329,4.89603906856204,5.39287875797587,6.38264909170423,4.68073059764855,6.52325240854101,5.07939590566171,7.79045039649093,7.61715346141253,9.23842737672424,7.8077830978163,8.64715088656311,3.71828623007031,7.81735749443349,7.20878480314465,6.81490588852114,7.80603601109499,5.57865630903299,7.62381127286643,10.2862114734501,9.38917522180653,4.8387025829712,2.86520588879722,6.55588766270804,9.49996051388938,9.65080105993116,10.7229690673258,7.12502624598896,11.7755005955768,9.60978416218352,10.2456772573691,5.46315095596955,7.01675059691518,8.68964695626611,11.7259541714153,7.88373251239971,6.53337453446747,5.38155205181239,5.91966654063032,12.8965485723049,18.8311099122763,8.34579786793121,7.52642038952368,12.5672736954472,9.01920771368587,9.51493383222195,16.4608133642497,10.9690278787314,15.7484203761036,15.0447548725189,10.8720471467774,14.9616748913762,19.3807987259105,23.7492616523721,20.3545160289356,13.8633403916759,16.2156883007766,19.2133798626839,23.0619826258469,8.77724892662533,7.52786098208276,14.2574284037068,23.1470440536155,18.9151214579501,19.2555729853941,16.6570574120065,19.708926923129,20.3465482566127,16.6576596147046,26.6456164004119,11.8265918804145,16.3054814347725,20.3248667091585,20.8699254931322,17.224378921835,10.058257133606,8.29208851428168,16.7022132696175,17.4940427162884,9.95539832087686,28.8435995145076,17.8381590157255,10.7833588413116,26.2399375954808,24.7637410380696,17.3882007382468,10.1045725229496,8.88718251081316,19.4999527946078,7.84549013879192,15.435347864933,14.2688993282111,13.4804317121279,12.0876520066267,7.91314732773654,15.6157336564695,8.47045496149658,8.97990383249349,12.0427435153715,8.12552143714723,11.824729378119,7.62581280690628,9.20522500727967,12.3092155168501,17.3408735075965,3.15013747727117,15.9723187443747,12.247450205632,18.0385094423266,7.73751956196483,9.81604473183394,15.1792043431119,12.7667880649683,8.34994158149131,8.77981969081298,10.8644472640817,10.1376263130578,11.8733726139918,5.00442967196863,13.7084610256537,9.27623104597941,12.9758259556907,5.75070516734215,5.14907935009821,13.7287757325895,8.11285324269905,6.76878123097287,5.48100336292747,10.4313262214914,4.7386935381671,2.49729329430294,6.40153824639443,5.47591378198527,8.15141969186728,5.17830700100771,5.15599424616667,3.38049099639708,2.5601298184781,3.11111100024895,1.83758410830109,1.4977034262566,2.67736623621491,2.05541940822124,1.52615794751498,1.11520086883179,1.1248283655502,NA,NA,NA,NA,NA,NA
5.56729581865281,2.46600885636664,1.96367437216906,4.47242284232468,4.04432227502022,6.47444850112402,4.2929149829653,6.09163057815895,8.9378646127801,6.978137429061,5.02340137467888,7.65908659769844,7.64601167771898,8.80014565599002,5.34280587032225,3.19692406024309,8.8985786635643,2.52097992642784,4.3582100974918,13.2490382900551,11.2376262809856,8.45683761271984,7.25581783351867,8.29274914467116,11.2622577452173,6.52148541999422,6.9857841763709,9.05904188591353,3.11122017292049,11.5120907409084,7.53096018355937,16.255247713364,13.2967897940586,8.37897546460665,8.13310986489387,14.6565399073403,9.35710905692913,14.9679568939866,25.443670926849,9.70267140034495,5.26893099459797,12.0327380305458,19.1597331365766,11.3101048212327,9.93824120623766,12.6015102916811,16.1861466484675,18.1910072267971,14.9514327997555,13.8670425322418,8.42192475684005,18.5218146616165,18.0992292040059,15.6656623761276,19.4532222311901,10.6785968734813,11.6043298196314,14.612226028167,15.4998927488522,17.6540507921173,17.0068027993752,18.437658944075,18.3079101702858,22.3081111477472,14.6448565527521,21.7846182535516,20.4182494903576,9.23611588251882,25.7203976264587,24.5437884819019,18.9526272491251,9.05489786088281,10.8204711518341,23.9290156508799,14.1090686925925,19.3052280534714,16.4062373858039,18.7368215381692,29.2958972299441,17.6104490098483,17.2560642648603,23.9006331949309,17.9448434369406,28.6013502098538,20.1195340317046,18.1028734786613,20.9782982688013,24.6708276708552,19.833394183921,8.19657380678874,29.2097976311685,20.605082908043,25.4528020622081,19.7036026184214,17.1208289233866,17.1068477483673,22.5263003240812,14.3342668910134,14.8628962220794,19.4425092449409,21.3454985898978,18.7000991398018,19.522341008425,18.7888515684069,19.6995001027884,15.8754710974326,15.5471236635569,15.420557535706,13.9250593559675,11.8446052574474,19.319514988496,7.58849759883769,16.9982068376224,8.32354984518911,8.91541759735094,17.5554367081866,14.5029900742674,7.88929089352736,13.383702570204,9.63871294873882,19.4145319909535,11.650227779398,7.83374308530999,10.4077030014875,10.4793426229583,6.63392073424513,7.80184097644208,8.95531522512659,12.7990065048109,10.4610512360244,7.2811071168869,15.0967554306363,11.9532395015469,12.732568045086,4.17201268226921,7.62527384275399,4.89282386174203,7.05252119586275,4.7032406000469,4.70192970796553,6.22565662509412,2.07750195243204,4.09075221356662,3.85225765194483,4.13149450975451,4.69587827759101,5.56289819192969,6.0565340276918,4.32041857287742,3.83098857652637,1.27969715042605,1.40750178532055,1.39225022347126,2.32912548544912,1.80488818364458,1.27090608329391,NA,NA,NA,NA,NA,NA
1.19470891235448,3.59568830781114,3.14501447032788,3.95188291675344,5.68804781476449,2.96884412773438,3.97895304094853,3.91468454693375,9.78094563975034,4.99276133053856,5.08717941846639,10.1044184705234,9.23750668768793,4.73346171593828,4.03662351007309,3.97391092903163,7.06266730858604,3.0084747706075,6.09052625340556,6.02241446327923,4.50896880737736,7.15889183473497,3.52116381102257,4.98031389865322,7.57520139421341,5.50253526427114,8.9451035833611,5.15916153744898,12.5551624502214,5.93028343727806,6.68986342058756,8.23661684393636,11.1247438917795,8.02942096592443,7.28730244136676,12.5530646893463,11.6163338336029,11.7330218701995,11.4447591674859,7.60345013707072,10.1461790421633,12.7399384242672,3.98414244088023,7.22003892612802,11.2130952976458,13.8672546772495,23.291740016993,19.4651636331687,14.4607504433586,15.5728501604852,16.2936546743146,11.2760848671789,9.49654892993481,15.3200211409245,18.4654494024469,22.6801004601184,10.9340744597741,13.0293830844414,12.0479538151339,17.0100401244195,15.2769636413055,23.7666109806095,29.312642566935,13.2551748015511,7.7728195572997,21.2571866241437,20.1102554403529,17.9788633439289,22.6149293109957,16.4652120439874,10.2909004794589,18.2189913397241,14.8324072081372,19.0378503240613,22.5351433822744,12.8866255969839,16.0456062084915,18.0374548198899,12.0729965097399,14.1359034855239,15.9416263030669,14.8219086949106,19.7127101237387,20.5818599877345,19.0930097324364,23.6686453081741,22.1659720271869,17.8705543123075,17.6682492211474,15.0345893439318,16.169536493875,13.6151591801865,20.8786919901429,17.6019214923081,17.6025440786597,16.1214609575432,14.9130243614157,26.0138187986389,5.87328507679897,24.1508829943367,22.0194988272589,19.0827900930219,15.9590204301359,19.3652842299055,13.8276126268639,13.215768526496,15.2843243438083,13.657240046529,10.2576431278838,19.4719847996189,18.8919048238888,24.2232518009016,12.4223609315907,10.9607907230422,20.380488772548,21.2715933540413,11.9524726628167,14.8816473393726,20.1992367885899,10.1776657775367,6.24662652831121,10.2576122125627,8.70463600231755,11.7706418797755,10.3089460033848,10.1165521026603,7.61934326130236,9.72438098614447,12.7259929011597,14.2970189050852,12.3255892568527,17.9446956663223,8.50916999302875,11.5300752030368,9.33965657416403,12.6215131654483,11.2012899306857,6.37759214272346,4.19151479774357,5.69063694177877,5.00289546204845,7.78362707314707,5.4290549425937,5.18447773352764,3.12522760909294,7.76457030161421,7.78441872073269,3.17321284262153,3.14229941863251,2.22136326730308,2.54622867821961,3.22848353945145,1.96300304491536,1.58431463625055,1.51545413391739,1.29642882614224,NA,NA,NA,NA,NA,NA
3.16380433483133,1.38410191794621,1.370297006864,2.1594985442387,4.26418816141146,6.14105556567952,3.04411016867814,7.70234085658011,9.24494590976573,2.98606600646745,3.1834767135729,4.19152564859959,7.62494352622398,5.93225630038473,3.07167331545281,3.02227581915665,6.64986178101347,8.06975759715983,3.15863123314163,14.0584600478292,6.9685560067124,7.01418855236779,9.94763754808549,5.15171768162645,6.3657956965136,18.3885735794454,9.16046732385327,8.06790400599937,3.1152660932387,8.83321357556148,10.5882564533907,12.6766609440435,12.7840210656972,7.00311795956809,8.4755560286536,9.00355935568176,13.5564312317666,10.196802108919,19.7329684940488,9.64233786715444,10.1946586211254,8.34630004115348,18.9824763375315,10.3883993448946,11.4477790960735,15.9601046964905,19.1513842191738,8.37958814825858,20.4199084812427,12.8871146564141,8.48149714668143,10.9134672249696,19.2732399205312,17.0998741571187,10.9713288184696,12.2072894307674,5.90739464747697,7.14960184989426,4.68479829119386,13.3410011719344,9.25063059717804,13.0278230037755,9.64635228844472,22.2096770620475,13.9654238612116,17.1887189674956,25.1384484999875,12.1572449981172,28.1818512905701,17.2938317589224,19.2246219580856,16.0170213501428,11.5769993765903,21.4924551079054,15.4983612106656,18.7183496147927,24.7286400340806,22.2258125870768,14.7101357378898,17.0677557049067,19.1491184668501,11.0001426450496,23.9437753793071,14.2093234322523,17.1201845014367,17.9508775088378,16.5511287438145,24.8379004007197,10.8026070627851,20.0611770160763,17.1106466828528,20.4632539085704,20.2247189059852,19.1633811924971,15.8916118007984,16.4305874727923,12.4504416373128,20.7995727396885,12.0856916047628,20.7420725256063,23.6152840471673,13.9843849868637,24.0319207989104,15.8195396046381,14.636099492966,20.0140661221564,18.5375519645402,4.64451786713958,9.52874744397957,11.4900398075364,14.0021594211648,15.4950041375535,19.2961275208274,10.1274132205376,15.245818976416,11.9638730226818,10.1195303404842,9.13220627352921,8.85679532334876,9.47778799475046,14.9864372228861,18.5047185026684,10.7418914416945,9.99458613788727,12.7352852823724,13.9596911428153,9.0950408554524,9.16144548774099,8.64091328724535,7.72563090102483,17.4466030238471,14.279243245142,11.7587157606636,12.5029010080034,4.90243163113652,11.377559763012,6.29680445345375,8.76973893741994,5.39891169180546,7.20395882824674,3.54657097737073,3.4339728082184,5.18071590763292,5.19743475351081,4.94844421842469,3.61636773819321,6.73879934765552,6.12847245352465,3.56456575794181,3.48498506461806,1.61725686379315,1.2236744893553,1.60479488963606,1.23982821537388,1.20445418698568,1.16515537019583,NA,NA,NA,NA,NA,NA
1.34510805753887,4.34683784041024,6.9474312328242,3.37480513447402,10.9660530865255,8.66602747206681,8.69592846799434,7.34521539099453,5.48978953888071,3.50197779237097,4.88700303091615,4.0785711439998,6.09033724455766,7.36488575370092,6.12177089554666,4.16399018197355,12.5505892643902,5.90160147652735,3.23759816526297,4.78039907009354,9.61956770190828,5.86148638748345,7.29736715743952,5.32105533658915,3.12842067578936,4.55217662651532,11.3008384127545,11.4962895785546,5.38283873026116,8.71600642642513,6.33810969806728,10.2718088937978,10.9144592618287,7.97364223667796,8.09817883861439,15.5596124613731,17.874213669122,11.1179748130398,5.30223913382668,9.6213692968918,11.4589853555068,13.0236182730105,11.8485391580763,13.532634760892,10.6098681991343,6.45348930523071,23.2157988687423,8.79773964506915,16.7569577057149,11.1056726040557,12.6515789278066,5.34750789973905,23.191837048378,19.8563601653731,16.6461228568055,15.2238845360333,20.8634151590351,16.3046679968182,20.1657705637383,23.138534860253,14.3245303763938,20.3364577332022,14.4534368719511,30.0304488724181,18.4605306411332,12.8818837530815,28.1427617306464,11.5763072708207,13.6083039447307,32.252920797013,23.1540788799984,25.1252096057455,26.2884831230251,26.1088501677393,15.6338848172009,21.5380871191791,18.0946773046647,27.7125656066431,23.2123464940075,30.9033709331473,33.1604029730389,17.5798021447191,27.9537971845438,22.6577917034337,28.3263702288214,19.6715695985259,24.2242934518904,25.9892399529663,16.1826845437561,22.7951316983175,15.5402177305345,10.1228847085638,24.6898770884583,13.23588809785,18.8323345366883,16.5260271067299,11.8211624333692,15.1936997777178,15.1955750818972,19.3320902177799,14.9833034603385,26.2916108747133,10.8106488972163,17.2836028442384,17.8616705534423,14.1618230571549,11.6722635373151,10.2912280329811,14.2431447360755,18.4763280048182,17.1720483433126,10.646006358207,11.4990249788906,15.9194756857741,21.9262852599821,8.80039672252267,14.906363825942,8.251548329177,10.5276761709951,12.6247503268063,12.3989062941173,11.4164452764656,15.8679877639587,10.5582956646115,11.3370172798479,10.9746158466956,6.72239252114039,11.478670659915,6.74511255862268,14.9069737219715,9.13966382123776,10.7214146748023,7.24374079544173,8.57270201973897,5.78163879774972,10.1194381013611,9.99807738684308,10.3770041005359,8.95672316125484,4.29865532528099,9.48342168372019,4.04331052693434,4.77900541189536,1.90404294181194,4.42544123493125,2.53326027002997,6.31911364440306,7.28948964806406,3.07835393828499,3.13014467684731,1.7087318500426,1.50301249335139,2.24055785707729,2.29159961776308,2.51685484841947,2.60656126986636,NA,NA,NA,NA,NA,NA
4.88236021426665,7.03831574907527,8.66780428618315,2.71121874829931,4.6055621755077,7.84389792620855,6.06273402938349,5.40082353958195,7.64563538877486,10.1148441612539,3.43976381737764,6.03186015275959,8.34060384992011,2.52652692600435,6.37834160065921,2.94294025805014,3.67339550108251,3.59274417775332,8.45812842113808,5.48897189524208,9.00095633206512,11.751080266079,4.98648464050251,4.94142811064864,5.32236312589456,6.19301665982508,4.00174693146871,4.50551692811,5.87759131939463,7.70300423603247,9.12206560341663,5.06030396578754,6.3579514695899,7.22498671397335,16.846510693166,9.78113666781963,8.96138554229411,6.26415921324178,3.71598441209164,10.51703048139,20.3673538968303,14.7171286900858,9.08554298115704,8.17107574363873,10.5083960610199,13.1031429785293,13.1062341884645,14.3586283938461,8.99112198247632,16.2464835273614,5.30065347118765,15.8973838886314,8.21500616214347,10.7810031913511,13.4412277990292,9.89174978690518,16.7161350594189,12.4974106808276,15.3002545257168,24.4695869101678,12.2998783792641,13.8919519184215,18.9518618853884,17.0570527273964,31.0233205209629,20.9557869093633,17.8253792055896,20.9110721333236,23.4107630365418,19.1915363970608,18.9045385461666,26.1665519308072,17.2061537847106,21.4851644121528,17.489841380784,26.8020209878232,10.6477911103964,22.6135748007121,13.4647076817783,14.593137604643,10.3912448833242,18.1566025923506,23.5190428630435,24.5678262304309,28.6793915932253,15.5996594965981,19.9627297750513,21.2146010337398,20.7643228034241,47.9339057032949,24.8702549527441,22.1651845055976,19.281701842745,18.8500207620985,18.1509793824397,18.5060682881403,19.2364406901814,15.0726648749812,13.2804874757722,20.6921441771434,16.9348216461749,20.9282979879879,21.5234947699226,5.11911768857783,21.0634328628476,19.3753192146008,22.8297162155992,17.2259507858612,13.5155117440153,13.5070834735027,22.3566323927337,15.7502529688365,13.7810396577271,17.8496856121024,8.62296659519992,15.3263086447285,12.0851449188238,13.3960437957937,13.2266745494599,18.8333026176793,19.4138237129448,15.918520869955,12.4917385536232,15.1758253666082,11.7283619496954,14.2284062726593,11.0309184979246,12.2385068457546,17.1314250342447,9.64254350071137,6.40150865163761,13.8670354262247,10.5928178328774,14.7070658912043,8.2071035485966,6.64823854897777,4.12514382493988,12.3853954533088,5.9167652658639,9.27041883040991,8.67327613741765,5.86924552493253,3.89451291487534,7.59711322524893,7.265011068896,7.0206435164554,7.77352009896458,6.56020683669312,3.97214753467984,3.73850482604378,2.11632204979563,1.94342211156797,1.91459515422051,1.83750653374303,2.06346745827658,1.53457573282195,NA,NA,NA,NA,NA,NA
8.87784204118081,4.89627292780149,2.8957534439758,5.54683647014281,7.45481289667324,3.63536996988842,4.36483130748514,4.08576740241886,6.41701671598092,8.22896655438628,6.37138726111367,10.2926408386158,6.09730617759405,5.14697655235309,2.62964916256123,5.93341018810189,10.4975602432803,9.84919487219406,10.0100667599699,11.730895187115,12.3711630461934,6.13415777162328,5.25533175844934,9.66595310166524,5.58269506007094,9.43849060421309,11.0715162276457,5.43616317039298,14.1363917093359,12.761214459927,18.64914203098,6.42864579113321,4.68662584721556,4.00302785042516,10.8148127357689,13.130034667252,8.1059635226469,13.2747917115123,21.6656854662913,4.51934490185287,14.3537676121561,13.7474354211002,11.210410187293,7.47966255730687,12.5060728617393,17.618956423027,12.0390121554657,23.6025736101684,17.6372268657694,14.4344816359391,27.6928517714347,10.3560120106798,24.9021556160906,20.0064036731439,25.1545492024854,21.6543956393762,25.7131220758575,24.9495804932646,31.2412743334542,23.0724099313018,8.83494528552659,21.252472635266,23.8318573489708,29.4124056239659,14.7910918760745,24.7887926095943,27.3740184440612,18.5189630075405,25.1456956276451,18.2596054517418,21.9266194086802,22.2217911562995,17.0754883323003,33.0993205562212,27.1868737490871,16.5538545713921,25.8823890481399,20.6751651224439,27.2028326352,19.5770875243011,11.5833308954892,20.539264348141,26.052236403264,26.2546193897982,30.1666409767533,22.3581067771118,16.8308975015586,33.0244012228696,30.9292467429143,22.1075188586975,24.1356488764051,28.0862380239981,23.1699270289945,25.1590027504944,32.1008727387325,21.2114679631374,21.8534130506785,29.9118031618142,31.3472842375523,18.5318854655875,24.865010100163,22.5455095243395,15.2824420008467,21.4379635867814,21.2459034216268,21.2612695929947,22.5505916563404,20.6026262371321,18.162241331477,29.0466047266659,17.1766394917691,19.3310645089905,18.4466215123805,23.1083144459947,20.1568054935985,13.367188130676,11.8601642892921,16.0847388315069,12.6184803307838,9.20658449933576,14.3424104892778,34.2194302791077,17.8100260142319,22.4952540749145,7.99276540045595,7.00889226619192,13.4338913515329,28.4196935420862,15.2044258018102,8.35947567757586,15.7349849247423,10.3734117094376,10.5629052088068,11.9452889849721,15.4897363144495,14.3891199526359,12.7883718041872,6.50465737999416,8.65984658549645,14.2665602145029,10.8268731127019,7.19565360036075,5.50980170258577,4.32848537586298,4.92929832033952,3.47451894232425,6.49551975064011,11.0634467463688,3.75251687569874,3.87422333410518,2.96410464989172,2.7082877917878,1.80627896366197,1.94100250786062,1.60218505729096,1.73077536625929,NA,NA,NA,NA,NA,NA
1.08079584857241,3.18928104663743,1.9767828598768,2.31731532033327,1.83852065641685,9.24679575391343,2.36046757603455,5.16883519727606,6.48531566621571,5.8102760045345,3.120533743431,6.99260020855947,5.52311822867986,8.85185619194836,3.5446566092868,4.49858589006154,11.7973310428906,3.7272037389695,7.93028349008658,9.13435199519176,11.6510239976971,9.42700734830496,3.8070846641301,7.28386166238998,6.74133304110086,8.73120946529667,10.7246476101903,9.11633577633975,8.67013608169913,6.86649147251872,5.95063495292538,5.97868925639842,4.72935507592299,9.06569635789699,8.51404568446801,12.0204602921609,10.868907813979,8.16917005455096,10.1496629269442,7.98391257092902,8.1577334092042,12.1064772670268,15.1613947592678,8.17164451922985,14.0744352054296,16.1318388248791,21.7296774429496,11.2212340097938,11.5014490136891,14.7925957170631,15.7800505129178,12.4557185385978,9.67054459690207,20.3811753358667,11.6717406110591,10.4683848857904,13.2691056147361,15.7109562242853,18.7508552400127,20.5649120431808,17.9087312597466,21.0350296205345,19.9169916843769,25.85374744345,11.400345723027,21.7320089410804,17.8232946945378,19.7619499580029,28.0833795745804,10.5527106691396,15.8620376881626,28.1311479026024,16.1467711764111,17.6850064008242,22.5275760837696,16.8426737981266,9.9101227743144,17.6806802867317,19.3988227536113,15.1473132406701,24.954433516033,21.5431201218098,14.8169988768055,20.0112884042213,24.0077494448833,27.5430652752327,20.7595734762688,27.8588547657392,5.84841226192786,16.9801038977886,17.9944356388674,21.1782393666996,11.4905717478662,24.0665838224634,15.5996300804216,17.9539133021197,20.5543820677377,16.6723584847387,15.9417808514901,25.0233705766651,23.1838052111505,22.4379456155022,18.7831040982381,9.10906509777548,24.2352410477801,13.9870325299022,13.7880977257393,8.58279939720931,19.1825068707933,13.6208105756887,8.70981829826026,12.84794986391,13.6562454762606,10.9112683188572,11.0701102543189,11.7334406985997,13.362079041505,11.01192814131,13.3897956293956,13.2527497149161,11.2631726101343,16.1028417628215,13.2105164372837,9.31175273646127,12.6875554525189,8.54621919000421,13.0099966910256,9.0649842025328,16.0084986421039,13.4190127508661,15.826392960378,18.0855531885905,8.33395809969213,12.1805815564921,9.22427629067709,10.48732997586,5.18990053970887,5.57032105813161,9.18310779316747,4.72587960963779,8.32818127106477,4.92835766198614,5.52640079607714,7.14042200062802,4.24346019887039,3.98785537224769,5.06848212768343,6.35960563717072,3.27933435095635,4.8718776095301,1.77855640838551,2.41474263526864,3.45011275862534,2.68172952088034,2.71448343421154,2.44428845040637,NA,NA,NA,NA,NA,NA
1.16941351892036,1.39279336174422,1.48302659999026,1.91459032056703,2.61844815336937,2.01673892459042,1.8101448875233,3.08495498822989,6.81290436098841,4.26291235797709,3.73843967339383,7.64039924583939,2.91628664493375,7.745969916173,4.56252924807855,4.68920576771255,6.07994965556253,7.72892954213453,7.95594015400485,6.70735729829275,8.17853257679482,3.95280083641432,8.20383281744003,7.77504465172765,8.4563150958396,14.2626483846441,13.4141448674965,9.56771493386011,11.9298834230222,7.13346587526164,4.15966482516478,9.98429156645098,11.107235388505,6.33913131322405,6.79810926617719,16.3966964789238,12.6874528824418,14.9537221870605,9.70431739647361,11.2364449818834,9.20974800571371,10.4036142577563,6.41763820660921,7.42235878368663,10.4315924049344,11.6419004510496,10.1972695189644,10.0969726823422,12.4840070822804,19.9526287475619,11.4030372786094,16.2862011938829,13.8256318704487,16.7100058616585,18.2247456189805,6.95716491551468,20.4879488923722,10.2501820217075,18.5906327575115,25.6239343058854,12.8409291860525,13.199219319075,7.10531502685501,10.2367032370587,13.8493891768781,16.0931944878523,13.9822036594631,13.2015812881242,24.2250714277231,21.9378801239391,11.9220956367017,17.9157844726497,22.5611896757969,16.7311658852208,26.9392194528479,17.1773988744336,24.3953064622556,15.8759257421562,20.430753541456,18.2477627222728,10.8945360677369,19.8994590157552,23.7228056863489,23.4010788626518,20.3791271761095,15.7199741258407,16.8322093215533,18.3203758273429,10.2192532160368,11.3990370813375,18.3024750054252,23.1879246880589,21.2887285013293,14.0645664002959,7.54743227449963,15.1251044353269,19.075125257664,18.5329900102018,22.8962830624585,17.9986755843349,23.2751186372596,10.3928897029358,18.6873417981434,15.1234061678336,14.2700617964241,19.7053600581845,18.0897907321086,6.41575364744086,20.3962818600978,7.89540154306884,24.2976778832821,7.30213891909729,16.1897902726048,10.8541351173673,11.0086639263137,15.6135075972447,11.4280019400061,17.1390937710775,7.7050680792367,8.3986178506954,15.4757674327318,6.57247582421037,12.9399890987262,11.8082443525746,18.1397769525881,16.4361502556043,13.5039168862897,9.09461223402188,4.05729147172104,8.74432636814814,9.02058755177413,7.32667859965215,11.0224521880362,10.3300890979042,6.04989578929694,4.45780055064724,3.83924712916985,12.9665772093142,6.89288410992379,6.60182774477889,13.2800509853523,4.52053551207042,5.32260741626685,4.35731251960888,9.21475196040701,6.1632153818063,4.61447402106166,9.88790879274142,2.32466807129216,3.30193231626925,4.23109428212268,3.0306447364368,4.21741776067653,4.58568822829822,1.6339902728001,1.88251742705971,NA,NA,NA,NA,NA,NA
2.68365767724967,2.4971628895423,2.39471987787817,9.26502241549178,6.84498852794001,5.26019069056743,2.57202434450322,4.43611214979741,6.55282326963898,3.68700557684431,3.44023158045509,3.13809971409169,4.47518771340813,1.80925177051689,6.83376970656999,4.77168731887075,8.1825932147003,5.18123696972986,5.42618803273866,5.78677053908036,6.85559447064182,8.73571137874052,5.15494541025536,3.77217520346844,5.10342205884741,6.49819656309698,4.11612030603153,8.00282439995282,8.79589037805082,11.4544137935729,4.7121615420934,7.42866919548414,12.3122155103783,12.9591014132116,6.29395975265757,15.5131598288348,11.0653586310082,7.29424263863064,24.5166965764046,8.60659960844187,13.2320616083889,9.91729676605045,9.36308008710323,12.2256262102345,7.75877145408722,16.8343423052402,10.6098380650327,18.5655644890273,4.98191534698212,12.5395085223325,12.0142970625553,18.056265199612,20.4317855764276,15.7546816764284,16.4717269319448,15.6003038390811,15.0184709661419,24.2900402253012,18.2654304833095,11.5327314383364,19.7725355063225,17.4227442153926,11.9368212725176,29.9566004798158,14.578678072098,16.1700813745059,26.3984687848701,14.6200481519227,23.6911851099847,21.5125415401905,18.4251650720601,23.4307109940505,13.2062518777817,22.2155426536271,23.8156017575226,11.9448332376701,23.4522023909688,25.7668174636191,23.3239296986081,18.1576681980509,21.5613683476876,15.3863993249016,18.7940944458018,17.932993896977,16.5514364552738,21.8763589383155,19.1176307821287,29.3695546830494,17.6959971542483,20.614862507954,22.9496837817643,22.041954349964,19.5770715565275,12.6650888642117,19.8255083209346,28.251509594333,20.3888416862329,20.0609969275653,18.3482623932313,14.3455033315441,25.5841888912256,16.3002487890668,25.944673256373,14.9507111569066,16.8275004789627,14.2378943817799,16.0176747263954,12.6158470410214,19.5194428398236,16.594779396518,13.8594257434596,19.6257270515535,17.9935786634219,15.9491796959725,18.4144046942548,21.4411003889086,12.475095879304,11.1364450839752,14.0279730842066,10.3054090946401,11.6792829565324,9.66911954213034,16.025000781665,13.3570894365838,7.89387023843027,11.6611202119578,11.626089486454,22.0756532093795,11.4515277735267,8.45951551178982,22.6190151195641,15.3357950297999,13.7693064883099,8.37131737247876,9.54675052568778,8.50633887363563,4.49294756787462,9.54601347167667,8.1747806937494,5.49857479562777,2.35866699827575,3.94146617632934,5.48569691417892,6.0226094999258,2.56043939119728,5.06350786114053,7.39036330507609,6.16499668863467,3.48997058665683,4.06258536589589,2.02855490734787,2.3227946476885,2.48640407649294,1.41964425648684,1.9757422518848,2.47234588283438,NA,NA,NA,NA,NA,NA
1.45168908092903,4.8331786490423,4.78784636162326,2.25308212833556,5.98618771022727,2.13285218021241,2.03889125826225,2.64328587590706,10.41143014462,4.95797522687915,5.69643394715248,6.10710895799745,4.41027996624917,4.43156838617854,2.77755163483022,2.39053291290506,3.92708035189393,7.762113796608,4.78360176107015,9.37087013897265,7.57778497060752,7.88321391323176,2.59492828304151,7.48966262473816,7.72267030948521,4.59090591494856,6.50900509974428,4.47139142940608,9.07524280901552,10.9558393369847,11.8305197136051,4.41197982382702,10.6889664349664,7.16071927824417,13.2576029430068,7.62472952655289,11.915035905275,13.3229904892383,8.25895658323823,11.1323121950677,10.7760362208044,14.6973873726224,7.13088177385157,13.6052971710743,15.8170595630816,17.7245970977366,13.6726919342416,9.70604708240136,19.9075924381355,12.0368971950064,14.864761664918,12.0958622759804,9.26100752886836,15.5818949091053,9.21762734211228,16.4223408172889,20.4621139879941,25.8484952132464,15.5941393960545,25.8748284103058,19.9132137555647,21.943819318906,19.0713566884156,23.2184040853051,17.1006178885478,25.46170507806,16.9732130485775,17.9874232064664,21.8512782910618,13.1505343381856,17.047445766483,17.5126023768996,24.7781950108046,14.3495689853146,15.7760746740563,14.0697396876554,12.9172177719935,21.8352893603333,24.1825886921221,22.4329581476692,23.5281251675615,20.1804876594145,15.7340637786833,21.0388796983944,20.8100804492733,19.7818378789536,28.6059196718486,21.1930178795259,19.8441018864623,13.4173608987958,20.9258942721217,18.7919534784812,15.6434041814881,20.1413680808215,19.0102120085117,24.3364435468817,13.5371792964473,17.8936303573002,19.0529692200158,12.0208271103591,17.6213798158659,19.6179942709238,13.0528329492419,13.7946369425132,14.5745653961645,17.2272320525957,13.0108052000811,14.2330142440978,26.0021788474565,14.8654012157189,25.2052220189515,19.7871024118192,26.8362751384507,12.2058057734728,16.1948650345428,12.5309334185478,11.5801074557318,8.94705421896617,12.7885937237692,5.81316075364675,16.4917493192938,15.6168709732072,17.8440114880851,7.6835586726219,14.8075977178989,14.5091442020613,16.0321052327111,8.57414228567329,5.1608948922265,13.2047141338765,12.9702014074851,19.6968588270733,5.79925148977702,10.3125953647202,5.64358425437522,8.10022883229995,6.55330441247081,12.4309129248272,7.91989256150269,7.83248005759811,6.19910250164699,2.89286132798044,7.58772047311354,3.5795201614801,4.37776840205687,2.82584685590886,2.93236241139898,9.37788427723683,2.28461121708753,1.39166318822353,1.73538725299083,1.71041444407171,2.52078934645167,2.29366642574217,1.37221041113365,2.04153694371891,NA,NA,NA,NA,NA,NA
3.84251307309414,7.1236726801698,4.90972063215808,2.5692600083634,3.96775717026537,4.15794106803542,7.01731078707163,11.5312867151119,14.8844263729323,9.52377309256365,7.26996536622562,10.3163186568369,4.48135356847332,13.4001119843971,8.49653217856937,6.81942099588267,9.43752003929939,5.18222622148473,10.9022068198297,9.14479805499488,6.80004952846683,8.29702111974926,3.57586017357666,9.74439317148885,9.89523961588479,13.5590756699915,15.8204331353261,6.21360791301051,8.44600366997283,12.3595431182674,9.55686134354304,8.5760553664417,6.14592674217367,9.9025495623437,12.8673836584869,10.7945008168109,14.6380623912484,17.5994379820756,19.5858212515776,9.03122817842318,13.8674006829389,11.4627210816017,6.45661968886843,10.1807648073891,9.44391352384343,9.67608518205109,8.58367640960747,12.6169986432444,12.5583051217942,6.91538276737629,9.63644539588344,8.56103254458709,17.5252154481574,8.67462508002541,7.75430594957268,8.05998250934574,9.08689593324852,15.0150196420311,18.9196140329742,20.903060052545,14.9633807160237,6.91350593718405,12.9085959904558,15.0165705413411,15.1120799535611,15.8125184585614,23.2133418308809,15.5010686143714,21.0964851338381,9.14141567899274,19.6407780118085,14.8180472784182,19.8777053720196,16.680389417691,16.7844513517097,10.5116336717096,22.8246402288536,20.3191871971056,23.6453698283105,13.5640889976775,15.1716405554488,13.313734757602,17.6044706565498,19.3938026698937,17.1291833802789,20.6029600325762,15.0671485034555,20.466603272971,10.8337503844612,13.8910478229726,12.1324329978437,16.7723014405291,24.8043450446084,15.9280692711559,18.9406815203069,12.6934838770743,17.6353875055158,13.3237235656957,16.0529332994103,13.1381584918145,12.4051600855696,22.2765385732059,16.1087142330966,13.5620079578456,14.5859461305155,18.1794242968278,14.9856610280719,12.3478730768619,10.3499439201968,6.12447332349366,15.9185129830358,10.0293573275172,17.9691276070895,11.026664988722,18.3220829134072,19.2358844433862,6.03317032733752,10.5350212994689,6.58373342279975,14.725135663043,13.3527852421023,19.2698655048164,14.1724198991109,13.1117817630653,8.69100121913397,11.8026721833876,9.6875189474713,10.652648378117,12.778598966943,12.8728760835359,6.56331138798323,17.3492281123651,5.55091351207396,4.25649491185862,13.6516931502494,10.9944248695845,4.56845586810485,3.63882186876161,6.39840550989764,7.12240895645591,2.49299173988298,5.18895514803251,5.31733229051663,7.24460551546684,6.85607737764297,5.5870061929102,5.21239169191235,4.30950080016687,1.93034414260099,1.9341979276187,1.73553768217724,1.38140912174839,1.46184370030478,1.82299781114261,1.79342827349107,2.17793996430236,NA,NA,NA,NA,NA,NA
1.16561298788251,6.60179494990901,5.12448348976018,2.084567218813,4.34631838747652,4.38277126609954,5.73551865314133,6.55090208727903,5.73826424941097,8.519364932809,3.25340980367849,8.13355928297554,10.1113542496768,12.1055860055116,5.44621162021279,9.00976186657047,8.13367468538979,6.77243193899235,10.650391824966,13.706813057069,15.2373834789289,6.15550075229863,3.22806153880939,5.75358391085441,5.08747194053321,16.302466403199,8.71091925927587,6.99576063901019,11.4355313796805,8.06350443764991,8.91005285712523,10.6410576976332,15.0133913826975,14.0583295693696,11.1487431427058,11.282580276685,10.1603555246129,4.26308177549922,8.58193399874072,11.3255110222168,16.209963648814,4.35088669299975,18.5966655023525,18.911619882443,6.22356692738169,13.5823095584453,11.8435943053177,10.4573530600271,9.2598781304495,10.1424537243587,4.81772450545139,21.6738213499828,11.9282941173178,18.968212308027,15.9291509912733,8.0326927661463,14.3838500670028,17.5000259473556,11.457153463838,19.0164457420355,14.00865679931,4.94509147103455,21.3250415246951,14.2273716346017,8.77061545909594,17.7495262134611,20.5614315069846,22.369512133569,17.3006598725208,10.0057222050238,14.6345424560694,13.7433114345601,14.9546716827089,8.15486740517557,22.8825692671185,14.5007817333956,16.8223443055843,18.0503422537575,16.3591531057875,21.4629673778952,19.4167056210693,13.1052478072177,23.187754541185,13.1209689139245,16.605699725285,18.6708258218566,20.6567515540832,17.4439769534424,26.2294917803339,12.9142838320109,14.9712292860535,17.6859976039628,23.8715504208412,24.0554023881235,24.2607196095595,30.610300163658,11.7256700602248,22.4181954723051,24.3226531299844,10.8519347399431,21.2996736547891,14.7085777631624,17.0000678198103,14.1503103312781,11.5665036093033,16.7981841020585,11.9330337210379,17.5325546299081,9.29426261633511,18.0311370277288,16.3684569611534,6.06454254340876,21.8142924672406,7.3685114925783,18.5094839322332,18.1065248346333,14.5320556669106,17.8117911114823,13.5565535096272,11.8445091144455,5.11774928866971,18.8147632075098,21.4530629503429,13.0732424915244,14.1544236583708,12.2002555775054,7.50791726047652,12.468075575907,8.13857864126414,12.6561985246342,11.4046974854283,10.8036146390604,6.38868510702513,9.15088351255418,9.24818052555252,14.2408997413406,5.94412258447004,11.5652053603349,7.34309678273073,6.95486446170143,4.97699273587028,4.65101124725791,5.70675661255241,5.07374895204934,7.35749796919275,5.15313520194488,4.59941396051147,6.41855096442529,2.72272598156278,1.36825469091915,1.41467042126035,1.92079061374901,1.42252683261523,1.97834698376908,1.40535919047961,1.72536794271763,NA,NA,NA,NA,NA,NA
4.14895194484321,7.35790188280996,3.52575262942764,7.93154162580043,5.74460901810666,6.31344989660148,6.79819826647185,9.28127677986907,2.13035505278433,8.0618230135175,5.23808444710463,7.36307980926717,7.40846549780413,6.63879793698409,11.1227876614293,6.76544519620122,4.29991972623496,8.56403659282796,10.5641263368575,4.10187108483065,5.87276231806536,9.60989556250272,5.04387227663447,8.07221670026478,12.3637493102187,6.56666505678253,9.05733767045609,11.657954557077,10.3257344505361,11.3785172824786,17.3760322945221,18.8579367256324,15.892519727459,9.59483589049708,12.6808485769028,19.6924168820123,13.8337873837906,5.75958179975127,22.2086584553282,12.0023580872951,13.8074990630084,8.67355894596314,10.470340823473,9.08010247349561,10.8976875595034,20.4307979863675,14.1522230747672,11.24730820542,11.6967763531327,10.4434013112175,9.68034156787022,12.7444782326748,21.4271964208956,18.5973952432806,17.0041473269269,16.6726091925057,19.4278343906949,11.4376295216334,21.2903401119502,20.2443619851326,19.0531208396186,22.5732186366959,19.8619892140948,13.0653611088652,10.7466389391773,15.2182104079059,16.8218139669382,20.790827492761,23.8963506654643,15.7819089301142,15.2654337223363,26.3900979674842,19.6701074458753,15.3570351315051,20.1568050236905,26.5722628659289,18.0985643138308,15.5711544474953,15.7255320149489,10.0920378977508,13.0363061677259,17.9556769449736,9.87343836034824,17.4224340762401,22.3110789473641,10.2624050350306,23.6419024492752,20.1412088643466,24.2149994793593,7.66451768534727,16.6515275095038,18.2561851923885,24.7321285179035,18.0246938416838,14.9112472636626,23.0755641864013,19.6866549482378,11.2624994904465,11.8801571534154,18.3380489169977,18.9702351351325,17.0185806168804,21.4536434132968,17.8834191039097,15.8234258868467,18.4602120243205,20.5256299616262,9.25185712526196,21.0540852795795,21.4251622420603,12.5095648283646,18.6387597293174,25.1408450286846,14.1156189642029,18.3160031287186,14.141032652128,14.4283915218504,11.0067142098196,12.2387638601888,16.6768221695525,19.8778350829397,10.9820599747055,21.2263233349135,15.7622102201228,7.71613860124368,14.5746343375251,9.20827903769811,13.4840481265846,13.4875216317655,17.3054615726456,16.1658286272309,16.2321778804641,16.140286021216,21.387551876275,10.4450260391036,11.3063377353711,6.48648458152132,6.79012165652133,7.264440348904,7.62224199106356,2.87256278091021,7.04750721950143,9.21236061811025,4.97291797063594,3.35916664166438,6.72044675836608,6.46567993504377,9.70371100095419,3.50762449814413,1.78033573554228,1.94085624658939,1.30935064369477,1.36926432814695,1.37560458831025,1.1676265006989,1.40252805472782,NA,NA,NA,NA,NA,NA
1.0503327505549,1.31255375169309,1.48516322949881,2.98153334039878,3.74541568391518,3.83148985702273,3.12187220778627,2.60138515551214,5.84843950678774,3.28220319410759,2.28457436921414,7.8034325830212,5.02333425767428,8.31689146916105,4.93041496266697,3.0142675070587,5.95281793455049,2.2131105135601,8.3180980255759,3.43933299768057,7.45306814993073,9.0674516055396,4.65479199533683,4.69205546707834,7.4869880343142,13.4239246575441,9.67332412978576,7.42187080173964,7.23691461406536,5.99511481327886,4.98520804954481,14.8977936276985,9.74372419884366,15.0883431347459,7.42563603612507,11.5077862201374,10.0466096445475,10.855560110337,13.6902576906524,14.1557692103368,11.0572318231503,11.8360905807873,19.2150571404174,14.5168071053152,20.7244203216327,11.2139833529338,12.750368140737,18.0454321921465,12.9320926180545,13.8632128715766,10.6352286159676,18.7339449643653,23.4213773202355,17.6821211534024,17.4654029494887,16.5023453832128,27.8162855398183,26.7068131363032,39.2028032833294,19.6665975516262,16.8028163043014,22.9331831214951,17.9936229673658,20.4096472285742,22.0341810476701,20.5991076215157,20.9295874464733,28.9798936195485,17.0545656034257,35.2109848815131,20.0246494237184,22.3697117379233,6.40029850217374,19.3894909062788,19.1906950673202,18.9484349726551,12.6271131588687,22.8718058379761,22.8553539020483,12.9242564198012,15.2673009069587,22.9160052204876,21.9616525565399,15.3554887198439,21.9491544943807,17.3869641826935,14.5456974267401,16.3866236830353,5.27759228788004,34.1734042911833,18.0643139771201,20.4232091656802,22.5987436065024,19.4897923544769,21.4760806648143,11.9054419338364,15.5447486412353,22.4880583993584,27.320427100612,23.5821811178898,19.044904010392,17.7076000609383,24.6084982886142,17.3710066937492,20.6632000790382,9.87254871021146,21.6239518416874,10.2008097762221,23.0581204822847,27.4142491768369,21.191903087029,19.370833170125,16.8817352751691,22.0331068869467,14.505649452407,13.7288706966681,9.92815303907015,17.5796794951723,9.58963813482366,15.0469677180098,9.32915704245032,16.3819249594019,10.6013494701869,13.9647787899486,5.7039431047127,12.7093809136193,7.32295676302041,8.41890395764769,11.2933942166917,13.9297981211532,6.75204867198762,10.4495831505531,10.8903934757354,10.9863457311926,6.77624099749384,11.6325879472494,9.26190790790194,5.17903625165179,9.08868636577708,6.97346833445359,3.32534025315959,7.15800675259259,6.48308887049734,3.10073824073139,2.93262200095388,3.94544246738419,8.53623998968084,3.30575277276952,4.61273883131033,3.59666891000257,2.74315338381901,1.6956891191673,3.56396665465094,1.66424416055257,1.72814406523774,1.29860433700669,NA,NA,NA,NA,NA,NA
1.91694893598817,1.92891470099031,1.85479003786619,6.90258505098778,7.75685998844522,2.21367348082918,5.58678610052688,3.92805860363931,6.56634217249367,4.50904201561266,9.4858969497997,6.19589669515597,4.83790438428146,5.73729769005373,6.23521920258188,2.65344688743331,5.39430208964408,5.21488099634458,8.51241111741711,8.20111045546798,17.5898478674398,7.36542397496244,3.04825311412338,8.40553019569662,5.96754738927588,5.44792834955899,15.348898092578,3.96798717559184,12.6989137496179,5.31871796109224,12.3351888956246,4.79366878240423,12.276014282738,7.74299410616666,11.8329306641922,15.1956139617953,9.56620288086649,8.36298874498251,14.2515992960512,13.0485573121238,17.0027090070972,15.1698928501826,12.8261431033329,9.13387881642966,7.58111519068016,12.4383604109772,17.9844619655247,25.5609557315871,14.115482730249,14.7230805916708,18.6084649625957,12.3163732647186,14.8896038850144,13.0877145330215,14.9334371893217,17.4920481032956,28.2795138423619,15.5404790996521,17.1544157675856,14.5565087025064,16.6466569433708,22.7149090223631,16.8913948712969,16.8849556509492,20.7613718934879,26.5286146206558,19.4277882376584,17.6168377711152,27.5118919450736,13.0292003215548,18.5781852219426,20.5859677921906,17.1468920631691,18.0025651762143,16.539870053272,19.8655096509104,10.9619239281572,27.7315599469587,13.793814304555,17.6563339373822,22.9250045681171,13.6108358492857,26.0785063826311,17.7102144359741,22.2494284822418,16.7826753080218,23.8487850998813,22.4441667623778,15.1461359500408,17.8116757269477,17.3613516900595,19.1403201432265,12.5715000539866,21.1994119499841,11.0552890856931,19.3529682707011,13.2328537818896,15.9880778441988,22.110458835304,24.1021512331956,15.4643932172673,14.8094543595177,20.2308709641519,13.7666502011955,9.96433182715741,15.8495035535009,14.1215414547731,12.8029696932618,10.800713793734,24.8999562967059,19.0789024525704,13.9145595125732,13.8669150428107,15.204217834911,17.7965842026989,11.8490243926674,9.53010725579179,17.2767350462614,15.6668371919761,17.3297419759932,7.6878515344027,7.72906403860658,10.3482865061891,8.13414068438893,11.3650868493793,12.1789707935835,15.1952711644739,20.0286931713874,9.6288013235217,4.58385305544205,6.18783412836431,14.7409091931366,9.58586137101378,9.46785842930833,12.8822010806426,11.2030083977235,5.76072550411855,7.16548348331963,4.77486229378421,5.47056837332182,7.80422178965406,7.16190252210905,3.89239833859313,3.79667050160406,2.7904042086485,10.5967980671447,6.17697513063683,3.42455141874425,3.44134578049245,2.53594711394227,2.11507696509274,2.26977672389456,1.77358993813472,2.36357004575709,3.01743284628615,1.52099246236768,NA,NA,NA,NA,NA,NA
1.40846951798347,4.07622502863213,3.26752872327646,4.11710003785156,5.29374817198122,3.75560370957919,4.76049660084328,2.64258214163523,3.85384028577845,5.28502678870428,3.34635920870413,5.43371196010233,7.39169405543283,4.86036145420421,3.59163827574259,3.25457407661173,3.37298474412028,2.13739775750482,2.11385398960879,6.56459297486021,5.16090856403901,8.38070586225979,2.50618072951888,3.01144744117426,6.01612444905758,5.08710440337812,6.63556322130911,10.5781541184924,6.05757499448087,3.44247131859772,8.7380773158589,5.09763068163779,7.01650332137567,7.41806360447065,5.02240767436386,13.4629651735074,7.73216717525903,11.3643109809736,9.03719166611638,8.84053675337956,7.16367603269398,7.38173974881712,6.47946110793087,10.3640878669192,17.4243075556969,12.9741842181691,21.1591918820513,19.7883819374955,7.63887023337208,21.1064175195217,4.21624581271069,22.8666773091953,18.306918845711,12.267175992138,28.5433807115832,10.1186946292877,20.6851738232844,27.0762272050374,12.8201548260819,17.3434588193776,19.1991301640604,14.3962278468187,25.9931034874481,23.9585254257663,13.3757277452768,15.8952799626736,17.7242806156925,22.1496736272399,18.7006791790361,16.3135204437507,16.1512176395639,14.0292116910533,8.72591105003959,24.4487255032751,10.6184964899588,26.0979481231596,14.9787274275969,19.3898370058292,27.4100079339667,17.6432326592734,19.4178281373797,22.4456990759863,26.2261503743985,22.1241379677877,11.1251653181074,22.7914516256795,18.4899862433183,21.5915515638478,16.9228373576513,12.3325314418712,23.6024606217258,18.4229337724777,22.2854389730955,27.5085953103851,9.19068093333022,10.7588015781653,12.8184707572449,21.2259501369829,17.3582583141485,15.6758963638126,11.8193865432001,25.7338631843209,13.5423026408118,14.0223379130423,13.7916247598827,19.0586528285168,22.3339064398991,20.8996435430161,14.4574526944875,18.7588035652525,18.2072318128995,24.1199663067139,3.93701949080098,16.4332862148041,9.6402199750786,14.7571325791734,9.55367043166955,10.1066640023337,17.1329406225846,7.51331896567668,11.0645608936673,18.8257549555092,14.4430639833708,14.15780240489,7.6960392765792,15.3473563824843,7.17548318318053,18.1204810901576,5.38483259627557,13.132543697725,8.90640555220752,6.23026206262259,15.1791940139636,5.53086990867639,6.76581344304113,7.96142659405521,4.05169011750005,10.5893913132831,7.37408039996917,7.61172023843693,11.5625769793266,6.55351172784357,2.65475147171319,9.94748501499206,4.41012773750565,4.80672418036446,4.83253109305282,5.4183315576642,4.11835322093097,1.35118401682947,1.84911209259186,2.8908970099546,3.11998808678736,1.8668169425713,1.43560661593489,1.23762443352632,NA,NA,NA,NA,NA,NA
5.67999549239598,5.36395563769995,2.92704910739018,3.07154608135126,6.93301107509637,4.57152502816634,6.6165891080451,4.68998044148513,20.5726367375037,5.85449735711475,5.82631064060607,6.34502536934,3.41381033832526,4.35304992372744,7.23765009325425,3.09248670683307,5.24128972948976,5.42032779039152,5.13423599711719,5.63364576947046,7.16757024158121,5.92089624362923,13.7674005442707,9.46635641069297,8.05137944369934,8.58929600712844,14.881963870327,5.59547267622251,14.3929628339899,10.3988473382761,5.85714628535526,8.94777705959942,20.1064977553338,6.85836061500582,9.43826224662453,12.0680411177969,6.54710308011437,13.7047250483251,21.7948622827943,6.90998107198904,20.6081542571288,13.4561197694331,4.06543062320827,11.9583411368706,5.6595482658787,6.27998971574163,14.6096959476842,13.3700325327319,13.2933808024404,10.3981789722315,12.2186973670719,10.4138117649073,13.8431580607724,15.6749001423432,15.4362762844598,12.816874881171,18.0829106058989,23.8698293640948,21.2269104307091,22.0284745845539,12.7396673246926,21.4056667570294,9.48296388380189,21.005957534189,10.4094245195867,12.5636160305844,26.5436013083269,18.2661131194153,19.5477417962771,21.7360203327337,26.512418502632,30.0764790981932,24.7231715936099,23.968359681997,20.764369437213,23.2185546282947,20.1612970949231,15.6018799315364,21.5778454617403,24.6800352556239,5.61313092816544,15.2505051013531,14.1133288078534,22.2511509426043,8.54950432281901,17.2473842677652,22.9313452318462,26.6376177422706,22.1752316837033,17.3324769384189,26.2784888665843,19.8691975429244,25.3754242436204,25.3965552597842,14.1777223858152,21.8882397633391,25.5878009864804,21.9602943776908,22.6646707519948,17.9655475244831,21.5014276028099,21.660914074473,21.5146396032966,22.8049895863544,15.7235613567649,14.6991270921859,9.03754313373176,18.5111083420547,20.6874505788656,16.2900084115965,13.7620153766361,18.5762894758672,17.3348193540493,14.443836135455,21.046474204386,13.8423515482315,12.469484528942,19.5093512655794,12.3980976952558,13.1277358640548,12.0364054412145,7.86290446517316,15.2031918583637,14.4697591162373,12.8979451548605,10.6252913365155,6.31766724922746,21.3206406988803,9.08496115812908,8.98780301844827,9.62449254062514,11.7616828789902,18.3323705848192,7.60118673083002,22.3056739974983,10.9418620225817,9.85345429201457,11.346642066848,9.92265872801769,9.69109156439061,11.3803267441739,8.9346318486948,6.55409931088541,3.15845201999008,7.97033431068964,5.5994579500691,4.36109280814374,7.0509977902694,4.42449217909572,4.89010746071586,3.23799076270895,2.47609746715724,3.01670958115544,1.48955453480142,1.4230282086231,1.27579013053158,NA,NA,NA,NA,NA,NA
1.80243685906241,2.65871723873403,3.17130258607608,5.44103759528005,1.43085568959221,3.44254381318903,3.35843458251032,6.47141870292336,3.86328004435019,3.26137863102876,6.80650501953935,3.66831230307442,2.18133613921724,2.77079466967324,3.00798850469456,5.58044468477825,4.40288085442953,3.61053230895554,5.64147608909824,5.48879670004897,9.10220290637346,3.87750900768054,4.42380882569058,6.96794305785059,9.51705720290164,6.12556811811768,4.06196727304163,8.09865124910814,9.69558669618611,7.93639926910546,8.52496038570062,7.48807037275706,4.8392288097181,8.12459845400187,4.87111432900574,5.56467091818741,4.06402994186235,4.43715967837349,7.83083988073193,8.88176802615989,10.7711859633536,11.6473210031325,13.884660081384,12.7299394524318,10.0477710000489,13.1608527182443,10.3544857679512,8.54170305144892,8.93181502071362,10.7509232948412,7.12240376942465,14.1155035650429,13.0402134940761,12.5917170908032,11.4316783252217,14.3812637827458,10.3416869857374,14.3315341560821,13.5145633673488,17.1893882546821,13.4495436397075,17.0013994321388,17.1993050986193,13.2453276168331,17.1042019960849,20.490561156791,20.7139177223372,16.7759962804927,11.2852881510719,13.5550621890166,14.6647410752821,21.3816782735868,17.5208423156123,14.5828056613498,17.2483055128074,27.5758712032786,15.6665040597223,11.5028022295732,10.2248972120585,16.9710611439796,17.9412233605297,17.1144296158049,19.7788296104647,20.2001855448906,20.013560889522,22.3180915719272,14.2935145265562,18.1110085418355,12.2237517818574,20.2945427988798,15.4131799384973,15.3473244924725,15.4807039749761,18.7832914984266,11.1970877324945,19.7566446392076,18.805662789621,9.45628757332742,27.0190413284173,13.6211079698111,24.7223249800537,18.7999301736851,5.91520175625328,10.1954712448218,17.6331974165055,12.8123663070495,17.9787775388579,10.5274753968464,15.5530080840952,12.8333161746042,18.842391597824,9.14659347934569,13.2665448347397,19.8285746114833,24.2662380573687,8.46656399923363,7.52494804880041,9.20495243675802,9.05408800418485,11.1672871605902,12.6242345572364,13.1236492303115,12.8862903611675,10.4646037512492,14.470674887038,12.0113329839987,16.4991386245741,10.6414466983207,10.8373514756081,9.13942493558784,4.95693960945475,10.4434507353892,11.0658269949699,9.84739976764543,8.11890128989449,4.55422009557727,5.67396662968571,7.34721478889464,3.86510035178341,3.82136229405635,6.66517622023728,4.59004633285711,9.12722178358603,5.43621888802031,3.17993177571107,4.19318028699924,5.81973337546616,6.00273060562401,3.00199609246938,1.42919848851249,1.32289829558502,1.232461069064,1.29408182644508,1.92709353705647,1.7882074432033,1.13163208376442,NA,NA,NA,NA,NA,NA
4.70755459747071,1.37580945939752,2.8739518686115,3.87078406007683,3.67893488897195,2.14551194685646,6.12779337498169,3.63261455092205,5.45523919783291,5.39440295828818,2.91398574241259,8.1282554687086,6.03039474990604,5.51903042902409,6.66865598488456,4.68069052293291,7.11288129865867,4.62120365291642,8.35877346295649,5.7658580784981,9.16956624500955,6.30493268823689,4.42487833115375,8.97140875544309,11.2308464992683,6.89394988498688,5.09549267561299,5.77913576134074,7.56084923829363,9.69974113491195,4.05584115826797,4.24938424888083,12.2866828240533,10.5510409346689,11.7534368447353,9.68419134902391,10.1298609198643,6.5249175728373,21.3888291068455,10.5981605428964,11.6794748050011,9.46907142178089,7.9277796035174,5.90790445073529,13.051846429779,4.54851744594865,14.3142930897818,8.0337675331299,14.9986287763113,15.0736241417272,16.3094020278976,23.051170397085,17.3958805976777,11.2029916572814,12.0671584692947,15.7964104159703,22.0940718332938,24.0744293783943,12.08637847574,13.4720285085446,23.110840055065,18.749950090715,15.4024116340628,15.5230202544454,22.9883823926476,11.0718469288563,15.0373125917258,16.3511251958745,12.4142032988415,20.0139020099539,17.0619296937005,20.4843424178711,21.235431263826,30.6338034261623,24.8171449043617,18.3127419211519,16.9062748685778,33.8749329888185,18.032694401807,14.2484849095318,20.9702272663818,12.7586555597872,19.7415092582536,17.0628821715073,19.3219333629044,19.3241981501865,8.36883726183607,23.7198279567884,29.3132232744399,14.8582917806857,17.1180959370461,20.6228008706668,31.2598507326794,19.6310547320428,15.6790695361031,20.6209740415239,9.25054910582071,17.5955532345305,17.5016190444826,13.504132650714,20.5134536342564,12.6792306715537,21.4085628608789,20.7166335483401,12.5047327691223,6.71730352732299,22.3605701669246,17.6028571511735,17.331465703735,14.7531866738741,18.9830430825228,8.29008018963459,18.2076752162353,15.9393054612421,17.3629358158676,12.0617380389732,14.5564609514758,16.912793886125,13.1830033511803,14.536740987699,15.0546015559931,8.74895837570666,18.2017169604676,16.6914573844287,8.70010108190232,16.1172090242399,13.9869399078339,7.05736352050933,14.1841265721412,9.84095969731667,4.9514759603402,8.44301867022946,12.4068068378189,11.3664213628077,4.60544541770252,11.572810525258,6.18069906056074,7.33141971168273,9.51591635943307,13.0065296762486,6.18481956163298,6.36123334684157,5.16182382807954,2.874872503855,4.2646485537044,8.13434554802187,7.68328141090006,7.09516055839914,3.58458100704721,2.99757046463041,2.28886910835375,1.99125181134724,2.16276894007161,3.12780841696255,1.38375153568248,1.56765826754389,NA,NA,NA,NA,NA,NA
1.75117366994867,5.50197140450762,5.760662395798,7.77423481588209,4.72965278447403,5.21357503044037,7.67502170523996,7.6556558573899,6.02891813818747,4.78838057390103,7.18227134860238,5.91812059164985,6.71998888640404,12.7037033313751,9.51091113084488,5.63791124695111,17.4878354596076,11.5734625505026,3.90597055317871,14.4508309648613,9.37612200276679,13.5962448743975,4.3279772226868,3.53818551020842,14.8978974426884,7.57562805423538,13.8627395681481,6.07444879127837,14.9745828377376,12.1256881062495,11.6416760338863,4.9239735695482,9.38828365397325,13.7402639482902,6.91655969371126,17.1727075923073,13.1354443124169,12.0452859987659,14.36032785933,11.6837907240664,14.8728311029424,8.2120739077458,15.3069995379008,10.5607325623001,7.2204681597176,11.2240669702957,11.0731296125585,11.8595366464876,13.0528260374896,15.3157248050277,16.6888941734821,7.85038986987825,14.7435442280961,17.7291214283065,7.06822386358782,20.2511612204109,16.58611259366,11.5286801480815,12.4467757580918,13.7494975354222,8.50491565422162,19.8815909788094,10.1739521529342,17.5738953526445,11.0874206937572,12.5595411435278,20.9177059367514,22.71991454855,20.6536580320648,17.8614244243651,20.5850740207096,13.1526063291093,15.3520421841309,24.7094660194413,21.0826351258929,15.150554866553,21.1803653507533,10.2414107150645,12.7092636794352,18.2218622154512,19.0879833755692,18.2638481615354,10.3961806135518,18.6757620422662,15.2561554602662,21.4951512865893,17.4541287168971,18.2174338837796,18.0198280737626,18.793752970922,18.819421272102,8.61921726663337,15.9026343749567,13.4503345121781,13.840003965118,22.6485666297847,16.9752148401531,19.1145258682449,18.1043295901215,13.6670213846528,20.0399267967456,18.6859483968533,16.3409232926905,20.6949171048263,15.4776428200663,9.9137757118449,17.4852560138608,13.2591738052781,14.1804983310395,6.54396977348325,14.1230098910968,8.74958810157368,17.4556963935202,9.6655132039685,6.62907482580556,10.5234864417825,9.16908696562499,14.7635737764585,8.35390119628706,15.5003054398592,5.54341641092306,14.9918162221007,12.6590086681079,4.23330587562046,4.80883446799573,12.7609639850033,8.97591663058167,17.3311983903629,12.4543064658304,5.1210446077695,9.70717301670939,8.05537629085714,4.91709831737138,10.9449219929165,11.3274370456487,6.68751627225261,5.49351306702212,6.18577205711235,6.9941294900302,6.11965351807048,3.42966549726867,6.37434100856989,4.29653308879719,3.85233443340109,6.99620977412668,2.14193039186975,5.07957052468482,3.25839020043546,1.6135152098879,1.68809314111955,1.37772965958475,2.37135590345563,1.92098532746026,2.11809901521343,1.91852849277487,1.75968609676175,NA,NA,NA,NA,NA,NA
9.35784327121808,4.94325506774772,4.22020833877092,2.88406991532051,4.47525276193979,1.48137741891048,2.82556714149663,3.50221870115844,10.2795330797702,7.40320258303054,2.27303899871902,7.36306042962265,5.31110003490258,5.77978796476276,7.01835693961097,4.90099737355956,6.51603590650729,7.98732624733896,7.76198870543906,14.5670163114649,11.8567575570736,11.1548581057841,6.14605917041796,14.5533051200584,5.64102927791961,10.9894851317253,9.98857469523544,13.4499484773633,6.63248211563237,8.76879635678672,9.94319986868978,4.81162944548555,14.472078545178,9.67113895090556,12.5411790293295,9.25486276297567,10.4417460527734,9.41291916871072,16.246625533991,9.48743965849237,9.40162527699632,19.3364207119927,7.50047291901338,9.03062253107667,7.69290141842348,15.1820274833746,12.0708365868946,11.5699632859253,17.3959688358646,11.7600505767501,10.5255082020625,11.9912600744889,8.70042454822819,19.9081681725297,9.89145454853966,11.7800414296656,16.3844660790624,17.6790498150781,7.98433539953917,13.6773367753009,21.6273622344668,19.6346836326513,15.5945440220052,15.7757475204674,11.0182182770583,18.6222966264883,23.26399284112,15.4922034779445,13.5074938327283,15.7115079945484,11.4840683604609,27.4470741848591,8.86658460279475,15.5563592745528,18.0023581143972,15.6245865605223,17.4159382331769,18.5881645899593,21.8732800549828,22.866649868276,11.7151803461028,9.69587441784143,14.8734115259748,15.4135308867528,26.2658548501102,14.0795454281695,18.7872687311973,20.3382741310318,25.1823066670918,11.4166628913917,21.2822207083105,12.5574596612407,7.5111319384494,14.4137834668638,13.5186181503134,21.9007617548329,14.0634493676116,9.60445745527356,15.6068198463595,10.44070487339,11.2131964021673,18.5170535865499,10.8676018162511,7.95452999333625,9.99852950301742,15.4090586295968,8.93106414087865,9.22854232681986,17.4068418013044,14.3174045604327,11.5949178528728,7.82709444129527,17.2232629218881,10.798296922681,17.4592647318689,20.2144524719541,9.97191187529903,9.27724006066435,9.00384986532397,13.256071912213,13.7515593879056,12.3114953559504,13.9413759847296,12.2075134281855,9.3811226403622,13.0338571730223,7.91060110481037,15.4346434786152,17.0356383056377,12.0561432621588,11.0392132586685,13.8399810852272,5.26269444220039,13.2199995564669,12.3335186436008,12.1887147302431,10.751019128765,8.2393439753998,8.28054538475177,4.15051596692956,9.40801899824615,5.1447144915372,3.05808999113199,4.022253955883,8.21885215276717,3.10329932162414,4.3989238153898,6.97608480985663,2.46307474132814,1.92529345854888,1.40107463410599,1.55755189931228,1.31568631920389,3.11449748674008,2.6271494136448,2.94887128460484,NA,NA,NA,NA,NA,NA
1.78690505723548,2.36277006870637,2.80300903422673,6.12859394869725,4.10486388471908,7.14175677304517,5.51122857391507,8.43540703235131,4.72216956017847,3.15862393228911,9.71880418776662,11.6794629521344,11.9652624522851,9.66268831410891,4.4269979288889,10.1361164332341,5.58091739880464,10.6382356010457,7.40651753111625,7.44417885760047,11.4958378504679,15.8479704153274,6.6743878469667,13.8647948088218,7.33950099915862,12.9635169405555,7.61748764649424,13.9672485100791,4.9843687637489,14.2690742325167,13.3439043816345,11.8652745133635,13.0904406847277,9.01524052292846,11.1301202279231,19.8598348420575,9.59641033322577,10.1484433768724,17.1537308273376,13.491924679962,15.4367151551163,17.6667285147046,13.4479920819959,6.08454099068397,16.5161875545731,25.9694816739992,16.654650633379,13.4027671552401,16.910686538225,13.4503329351598,16.8124505531355,14.2288971566889,18.6437853755911,22.6170999645484,17.847473838256,13.4044264405465,17.7037699510062,13.8883007016226,15.9098621181085,26.8282750999097,12.0444310943135,24.6521115745245,15.8410052981555,14.3127266900195,17.5866282871535,13.0838969939824,10.9409388415702,28.1464751117907,16.7606136852596,19.0942762000175,18.6300001345345,14.4170366044345,28.9498134170847,16.6372504050167,22.5208864234873,19.2758292609752,23.7762903723338,17.7956266735432,11.0506483542529,18.6795358280671,19.2723711925205,8.90477551786096,23.6993065710459,13.1281666982033,21.3381966264665,19.995069852477,22.1662309724466,19.1946014398563,15.6803063230024,21.071883845593,21.6285078570513,18.3539494316001,21.3944252838192,21.2174972751466,21.0386495053374,21.3133199888739,10.3052098810336,14.0492489167714,17.0152847121651,13.5933235905177,22.9883922959308,9.72065324293972,10.3593622009318,21.987150601748,21.1806261874136,11.6414778848157,18.728460320547,14.3332906938504,10.6286257925314,13.4303936467801,16.6205127643778,17.4023539342649,13.3610158420776,6.36581463867155,13.5811745571362,13.8188957934681,8.48106503599484,10.0225241524323,9.04038590063213,14.747206850389,6.58540543640268,9.26136753657247,11.4398081485684,8.94905492080841,11.9428153745175,10.1829765149915,16.0657046750705,13.0833246710673,8.22610123130079,6.26533442460989,7.6687954948837,14.5117377690149,4.17231050857578,9.64367703788314,10.7471019648815,7.85381478959366,4.98138631095253,3.57146157433011,5.68744800457025,2.23727392035781,5.83855212811521,3.51296550673143,4.16022064584856,7.16518659546878,5.22119461776257,2.76759694433762,6.5726282450414,3.70551810938216,2.66255425054782,4.08487351003279,2.5304705708882,2.35560933144563,3.28957974761838,3.35908440821959,1.64969223177348,1.38472426841507,NA,NA,NA,NA,NA,NA
1.16222987107908,3.72150681258019,2.69991754412086,4.03065444864758,5.2629522395068,3.5030299842536,2.72703205836437,4.67301119874221,6.75595870359821,5.03371619519511,3.59650533396879,5.00938130973643,8.93802693305769,7.79877278572793,6.11736448985074,12.8514761724725,5.85496731629276,7.77602933772452,14.0377270129114,6.21226164715699,9.36698096053941,13.5290172473975,4.77023645726267,7.45589625596243,5.50356633021819,9.47425382093629,7.51982561849705,6.86550157039727,5.22683564106151,11.4155806291087,4.45833331070265,13.0289587824503,8.96644697466062,13.5394307244229,6.97441647342277,10.1395989725938,11.1230549063479,14.8711796029241,12.2158589685072,14.667091542807,11.5594115448261,9.55359085570104,13.8998387854366,10.1105421307041,9.53205724105585,16.7072650401951,12.7000242793573,16.6601370435267,15.5951229483798,11.1411014500722,15.3092438289022,17.5570672114662,9.52549620807872,14.7846033459193,16.6892514346986,9.23221715732212,24.2853540186302,13.0651586635061,16.720885951345,15.6061714065935,12.7111816929131,11.4216716508576,15.6518060974977,24.3611128693633,23.4115557285048,18.741794887648,22.0488525261693,11.7271573998794,23.6198516626594,8.50960984862105,14.9857612412518,16.2461491917087,13.8115759349007,18.270030774055,17.2538567962915,20.9316372497302,25.1085844448029,19.22201905209,24.5348208243038,12.5510088766602,19.0284754980421,18.72485514636,14.8266459043786,9.69510271785955,28.5137890664848,23.5204836186801,12.4811071013085,26.7853358082415,22.3143299900851,20.8604035536226,16.2743284870423,23.696696580633,12.2056909896587,16.0130539128998,19.9986602549367,23.0172248003726,10.4597914307713,18.9572338602554,23.0101296754055,15.3864066192282,8.99647848216943,26.7246476164814,24.125833875395,15.6096488155769,14.6208448629631,19.8549959092911,14.2260617014969,18.4664120052778,15.4946920763823,20.7261082743241,15.8080032216934,17.2417472268127,21.617127591861,20.3594071653338,20.6105127928857,17.2140627064977,19.2961116307899,13.2199198776471,11.0023306966305,19.1326055107734,13.7097826079154,9.75164325585066,15.3319562726692,11.1558925543627,8.82021566872581,18.6568772348348,7.98542091606382,10.991934199331,6.70623852719423,16.1488342335141,7.53452586002305,14.7714225833681,3.71272620627769,11.0871230024779,18.9921347111737,14.1844788700832,7.04986755911314,12.0824164260187,9.83151489236604,5.08155093484543,7.72041962731464,10.2059048323206,3.23084005763982,4.11875885579481,3.77095112626436,2.9640471242548,5.03209824405721,2.26505575805914,2.87305481632047,2.16595032170431,3.44954633760856,2.80581894144734,3.23980968217007,2.6782509104806,2.47621734239424,2.49794137713425,NA,NA,NA,NA,NA,NA
2.77092302942896,2.18490806146198,4.39778236462226,3.89141855524291,2.85306870499333,6.89678247613358,2.40703952355957,3.22005781208928,2.92030102294093,4.75973949993736,2.64760530864432,1.80861024457425,2.40540910572527,4.1196112884842,3.2593556721124,5.16035786085718,3.40616106471211,4.66360713822444,13.4733686020395,4.55879849476638,11.3332863739213,12.0487536323147,6.4827570688433,5.97093219775575,10.5925662691254,12.557014887615,9.37152470010848,8.22335254046595,6.01617819819311,6.59282008248693,6.57867773259632,4.2617229562525,10.1036976007062,10.1110191262273,10.016208408763,6.01321874746871,11.7923258040901,10.7180868610575,16.7403140655435,5.05684200391938,18.250468442458,12.4888627364444,10.9763457528719,3.80448888322341,15.8497838191156,11.5775478731907,15.1140270821889,15.4828423806055,19.8498797468889,19.9073364113544,17.2663618602432,18.6792376398671,11.5237974441576,14.0909979064361,16.8096104240395,13.3403005615611,15.0727471966266,29.4745603406379,19.3975239829653,20.309905345539,21.6879395363478,16.3614787931154,23.2589543760296,23.0257352003358,16.9005582029918,21.9219794339479,16.1127735812457,24.7397766531238,22.7745836162191,19.9294758872972,20.4351992696295,19.4490076022549,20.2859073693184,19.8026619388346,26.9623250615772,21.5696876227117,24.7601919454169,26.6222790006547,21.2262122164203,18.2113386017021,19.1355188484858,23.7885184376917,25.0446380366475,20.6882878824895,20.8028496029836,20.5680132303866,31.271725431982,24.6869587185208,21.7556065604591,13.4956992542631,29.4752130896094,20.766305035927,14.3365262479725,27.129993991773,25.9275921304707,24.2285487395125,18.2110445477753,16.8052608559159,30.0392602342767,13.0612883815168,28.388663219033,21.6132885302371,19.9323182056328,13.9662310260383,16.5761765399137,25.6140511133109,14.3046798274948,8.40538814561334,27.7719452971173,20.1623707198263,19.5130648587996,12.081934976958,14.0395915703037,9.82662516727418,17.8945149508762,17.2446824215162,14.4954773484172,9.01841172125484,16.7546174716868,18.8750371431555,15.5179234629103,7.50756436717304,14.310028998317,10.7415142665299,12.0776830932248,7.34776298882716,12.936204865201,10.8546897029775,12.2587927413037,13.0190170433018,6.0869525586069,11.5196334485357,12.2144033915931,7.62150455374242,5.47547724577009,6.7185690508274,5.2793721804495,8.90787622841578,5.40984855108134,4.16470065572788,7.63883585456349,4.98407142028557,6.7252932163628,4.45434957475564,4.6924762334892,6.47328177406471,7.30534467209951,6.5201254117696,3.03707452586781,2.31959705498774,1.63081066159593,1.86311332614996,1.96241636338105,2.68355158089947,2.05694134534573,1.46811966321111,NA,NA,NA,NA,NA,NA
4.16389493746629,9.75432797801378,3.47293075927183,2.41372247264113,5.13996250350449,5.88815598055248,3.49238214241963,6.76611067632249,10.6211373862175,8.33671926109752,6.34660158406132,11.5492072134481,8.38075274434225,11.2822736249949,6.14922730164516,7.66604098760363,8.18357224165396,5.3732630748865,9.69249619890063,4.48708805836776,10.7351204881913,3.79643079919013,6.28824484792323,10.8762294129468,5.73210612435128,5.71647370908735,8.31145784694684,6.65170747256784,13.4460693358897,7.50591366213307,9.63424139511622,3.075344019687,16.5345985789272,18.5727058751448,6.63854326240899,19.4785099018495,12.4474642047896,15.0209564586165,12.8561033203503,9.45744033614889,17.5718884677809,21.1198160999826,13.5869445574354,8.77866191517548,8.23612538316959,14.6116394098118,5.65733695984309,21.0269537402271,8.9002932280178,12.0001993554783,10.5932939319815,16.2159394838506,11.6012641073052,16.8708715503845,12.3885628505226,13.7174710905153,21.1102709981708,25.1050788924751,17.9828551438254,13.004754363845,11.9152437325098,21.1332420996399,14.5760922594305,19.3743833090402,15.8159970966943,19.0558279155914,14.7694752836742,24.5071677729119,15.517375731632,15.1941992400009,20.9837933581027,22.4359387638168,21.4126158312913,20.0835361754933,23.4767820397156,13.4406539986688,18.3053642092728,17.3364798024795,22.4459561279541,14.7633752879031,15.7936285256864,17.6024617409264,20.5701139862706,22.4360128360494,16.6784334026158,11.7463562603098,12.7930551076962,26.7431005569168,15.3802975411616,21.6029478603072,20.2801334784017,24.9798653946353,17.5318688448531,18.9080891608816,15.4366586568566,15.3579493127443,10.8053935123853,11.8949118653105,16.2690738504437,16.8729694362472,21.4269043646502,9.61392933397876,18.5339995833573,14.163573479274,17.4256367930634,14.8139397918588,5.68455036290882,7.14862369432541,8.03634795113847,12.2020327415554,19.8511060577424,10.5435332107642,17.8320660052355,11.6890230259138,11.1768532058639,14.7373004990991,15.9064431430027,12.5801855505671,8.62638943742614,12.3858513813009,13.5904289536809,13.0976222680193,19.7399870159119,11.1096291657578,10.0383307564016,9.00860287885415,8.02056689605949,12.2296058876519,10.9220777300617,11.4983604593015,6.3784835869418,11.1607846223631,7.02295763535133,10.761146473918,11.5083032350331,7.29950065645493,11.7132317297818,8.16481611618507,6.84111702277587,9.06330851687862,10.5737007952218,7.92416327743421,2.502032222499,3.69500364490737,5.49244968719265,4.55039374255192,2.93862354271723,5.04756845587849,1.43091325146319,1.53132698829487,1.85292495218888,2.80603490589473,2.59932293984705,1.71877463332216,2.32493587209229,2.37587981277046,NA,NA,NA,NA,NA,NA
6.06395798912626,3.60725116625235,2.9670956778979,3.71631633978045,2.66275072483958,3.24378315729618,2.48689620950098,8.0887658548062,5.56005065846087,4.19293044012376,3.84914839975016,7.5730606019212,7.32874720143348,7.08102777957514,3.40748841537353,5.92431025797803,6.81364070099372,6.64790303328597,10.0504936492293,10.3120095555553,5.11245560491397,3.43031342244159,6.92835366304666,4.4466687854,8.07706938822337,17.8098183953188,10.3932682690533,5.36824764238445,9.16516402124618,10.1683923354298,8.64984191994939,12.7511149469994,12.492709248311,7.5431367298439,6.39571592110924,11.0697661223139,8.92286605349792,17.0449420224751,16.2053742801856,14.3391449511779,9.27110763616319,13.8015624208937,10.5224085363886,11.2920712454811,10.6050227221232,11.8758899753492,17.5323398839399,13.5025354879083,10.9602453344445,6.64333123551472,6.75245772058793,13.7646505684319,14.9340563698134,14.8127442223827,9.47816809495706,11.2317565583778,12.2945782158676,17.2282154902835,15.7340291098809,18.2978123768643,23.1714350430383,16.7574772527253,22.8411189690508,25.0658736429937,12.5045666362249,25.2586117494717,17.736748906518,17.1902241063653,17.2296762752859,11.7552779674883,16.5621537368556,10.9287671643464,14.0074369309398,11.4697454392604,29.4097450178731,24.4067429956456,18.5722398274134,20.1630736992771,19.1727578283304,18.4812186045799,15.5159636180287,28.7830226917149,10.8192876123008,25.3111768051633,19.8160978795759,15.6623431238535,16.8211107244942,18.7928944292516,19.9924838696492,13.6509617330294,22.1778211668338,12.8895787670467,15.8315928531588,14.9183606100751,24.2342228230508,24.1426681641009,11.553399267554,12.2860441572183,20.311704221949,9.69559353745175,27.58614785712,11.8510705116878,16.5192683709438,10.3928188023994,15.8325265175984,15.1374095824557,24.8170924602963,14.1141973474557,17.9533369014024,19.0126053478944,13.8618011973495,18.9812772722278,20.3043660946711,15.6569688780015,12.5907868928507,12.7829855667474,14.1124090835133,10.7943275553748,10.2392491287497,16.3409754564752,9.30108276565125,8.06868286412799,13.4887067543047,13.8257868174075,15.2209344711775,13.4288398637205,14.8845179179679,7.72401632439536,16.9286352380958,8.75872546018313,8.66604800243155,19.8172885442789,9.08613755387535,10.9400016372764,8.87577584513651,16.3793580100614,5.97122325790605,11.0897458023939,6.72501238403179,3.34012365140352,7.08377621641413,8.45172390988802,3.4015250097306,4.41877246480039,2.66352064195689,2.13503800607111,3.50694960635265,4.86722835146207,2.65157906821461,3.23174018032489,2.85150521351141,1.87941182138989,1.84782125815774,1.84756412074519,2.56548648151694,2.12346848476093,NA,NA,NA,NA,NA,NA
3.23767845920266,2.39979627934406,2.23257167573031,3.69254578681097,3.71221829717674,4.41018783405395,4.0136004862756,7.88390901672891,11.386630934263,4.20311994194268,4.06600575935395,3.96086407920987,7.00664099549869,7.92369533953029,3.52556738024137,3.84893071910814,7.40539410362496,5.19430719367744,4.90158099243539,5.14541909255554,6.33830494010057,5.88225463947813,6.07140954377653,6.3424926744228,8.73710167301823,11.5672132040317,9.2350785107194,3.57101151889564,12.0173216346333,4.58364985408249,11.0730986454409,10.4754426611091,4.55955839410621,7.445065143633,5.49208869103742,10.8450865754193,11.1325575699766,10.9707599100725,14.2827778074655,12.6800262275106,10.7032041669238,9.77296034788012,9.69605552335572,11.9593266545897,8.21371776060566,12.9022189255333,17.4206388612919,13.2891896135212,9.23561743875051,11.9466937872184,6.23858078255569,7.02414857604554,20.5413693991097,21.4753254965427,14.3141996558372,17.6686814348849,19.4486250615211,20.4004111923039,20.8870069707997,14.828429147076,18.8358793303043,17.5527546016974,12.392665386781,17.2244177711245,24.2355001296858,24.5367743347323,14.9960742479876,18.0426054049173,15.4128894266415,18.1459046187148,10.2277838343108,14.7213418065483,26.3087039133274,23.7416971572788,17.6942643453487,21.9593352164237,31.8809188105495,18.8225442286117,24.8318222889081,24.6016226692397,24.8666035720491,12.4047873730856,13.3422418280091,18.254707617098,28.42785015369,12.1926237643336,23.6388399960215,12.0580843267125,18.2276604325588,17.5847131702735,22.3626573197028,9.0863335995444,17.472453846732,15.898477136866,7.9758016593499,20.7644223796257,8.29487870493995,15.7145397540504,20.1256887444524,11.0239938117714,17.1849798743892,14.2247461094063,15.8745795140128,16.004579979393,15.774281769112,23.6661375702844,18.4287520135004,11.8386332118797,26.5264616787598,17.3761156310455,12.053323131463,16.4963419649822,20.14050356121,7.55687064391513,16.6792873467568,14.3146002478804,11.4780545752009,11.1132894451585,9.50054420598619,13.0077476110452,13.1990329551331,19.0335128321577,15.3148875424633,14.8064425988672,8.74843449673639,15.109828718047,7.5328318673353,17.8424278588938,9.19205733255486,12.626293962048,9.55227486440753,17.3119326284611,12.8545116729757,11.7834793492294,4.29165987229532,15.2512273632595,7.92195724867572,12.118037115608,6.39630670258505,6.93800177745887,11.5779594770025,8.50437216605219,3.75609955761392,4.2933854916336,9.00189957693341,5.17776563535593,3.54997269383466,5.46182430179823,2.31679054014608,3.43990170013418,3.16800910321233,2.66936738633398,3.20973447776071,1.4788345088524,1.34641175704065,1.39878832797701,NA,NA,NA,NA,NA,NA
2.43424121338357,4.17226023686824,4.87857467755772,4.12930698813183,3.42716835301075,3.14693793875002,7.38296215601026,8.35529416334636,4.07661235780701,4.92726725141029,4.29699524570844,5.94579713154582,4.23447877430051,6.89611901570917,6.39428202252213,5.91541899099923,9.49249766237391,5.7270739931556,5.27891478474719,7.19000913271447,7.21888298396416,12.067154377359,6.57074616551598,6.1977837203176,10.6867258813401,11.6087796738364,11.3892472670873,9.8805295924879,12.0176336162598,11.563503213133,9.36134806221118,9.18693729165441,14.0089717512337,11.8614891180661,7.7772622400149,15.4835517753645,10.7366965671579,10.5948706629279,18.761385011233,15.7555321778739,18.477145886655,13.3304649739616,9.29837760916367,9.34139037233238,17.7625568785727,18.9408368663765,14.0142279230227,19.3244563704653,16.6244921872911,14.1167558377482,16.0707598694667,15.3478464117876,22.1984605179306,12.3110239472239,19.068444845413,12.7085960807601,19.4413023494019,15.8552698473907,18.2011654932785,22.120420427979,12.8881081045695,12.7962391950112,20.0779558440455,20.357750347569,22.68246006903,12.6135037871265,20.249509431499,29.3395887687796,11.448047880567,21.4390936618369,22.2576726998897,17.0254300762791,23.4489383168541,12.6369105091709,19.6469959435441,17.5838827528636,19.846202809685,18.9639522369148,11.5546934209642,18.2179456895385,13.5715204983182,14.6053888736706,26.007189809826,8.06857797103859,30.0205211175755,17.0953095016314,17.9521667503158,17.7753743147785,20.097699941875,25.4288916496172,16.1047144981286,22.318791877141,22.9341989303146,12.082522090578,18.3009692160239,11.3380821439095,11.7293552424913,10.86507608866,23.715350056734,18.0134547004674,16.0527663353483,19.7789709015033,23.3582688101765,16.7443034902998,17.8871721534203,15.3672484859991,23.7731365164386,14.3333695847998,16.0841197741295,26.2682296058227,8.60483398655741,6.84007726909953,27.0678222564566,21.5583590474587,27.6490876243321,15.6708891468856,16.4416141267195,10.3686883551953,10.4050544478812,18.939737882381,15.4423808723892,8.64603769538,13.5716678628359,6.4222644966919,19.9846086648809,8.3934610636273,16.2984995526045,13.3471046595342,11.1500749071053,7.70616671777554,18.7577114236326,14.8271343661169,6.52294064108026,8.05799581339941,13.5283992155817,10.9594446312503,8.01899932527367,7.72569928616855,7.00994673429028,6.67683366470462,4.8040498293989,5.34380547351385,3.66630667887127,4.63013631395332,6.38505008426794,4.41231136814424,4.0647197934869,5.90050456970536,1.84241467313512,2.00704955627819,1.59582493331383,1.32254693171837,1.375660467068,1.47805366728991,1.99451666415494,1.78158806697723,NA,NA,NA,NA,NA,NA
1.63525606381542,8.39660460224434,3.58823752140689,8.49551147969074,5.16385033304686,5.69978532530379,5.44368954523055,7.55491208229674,6.98135314254128,11.146084842284,4.12750407913323,5.99697613549352,7.08631514738794,5.4391586384407,9.56884034792536,6.0237608760856,9.73154149144456,8.20667836316134,5.11524300768386,12.6396318495205,9.24190593338595,11.2764104372563,6.305317959539,6.24993656917775,12.5875726683969,10.5713237072454,10.438219732998,10.1488885029894,11.4195317288676,15.1960295435324,5.39777631274991,5.88046973895963,10.9455937292663,9.19759577710241,10.4508201358441,18.0444363783497,7.96672580278818,11.3754280176459,10.2301956918476,12.0427827291149,15.6064374602903,15.5405763788697,11.3263217087234,18.5422285484935,10.2554867381101,11.7265789134884,10.5203819748394,13.1842744456305,10.9949324855016,15.902430953248,21.294898846557,19.2146822229748,9.24300471782445,13.8025078538896,12.2544753191462,16.8021431747914,23.9479402294947,19.7959748874801,10.6637019182995,17.3358119328749,16.406892907888,22.3369981525953,18.6218493912313,25.1654610650801,21.8678488598787,22.0257314814051,21.2783403407699,24.0304113681232,16.5499364955046,21.7491462329889,19.1371229430006,25.5663022884604,16.1639028675067,15.780066184574,21.0733628046697,20.7227413588042,16.8235370204201,20.3277428783562,17.9253923517654,21.489511174895,24.2119473789951,16.6033412157848,19.2971384309667,21.0308403457917,15.0800748449488,23.7334418897104,22.3749434980528,12.7529706394729,21.6651879507401,16.3220548272859,16.9498673266607,16.8984347808036,35.7422315701497,23.0557209939379,19.5201935258376,19.7002833751971,9.12265252124718,10.3841316763349,20.9161347217524,12.0788892723792,14.7011750720809,32.0986233196418,7.21646100223854,14.4990188182328,16.127027355472,9.64800492621393,8.68867468042522,15.936524647381,13.8355314719389,15.9523148986058,16.0816365609354,15.5416558243181,11.2692028272109,12.6095698149793,15.2822357637493,8.84367249780687,10.4325792279141,15.8506311139214,8.90675238183681,11.7431129534631,10.6722168612387,9.60371364952422,6.53052067282925,9.43982272522546,5.81461221743955,11.9517840947911,9.90222417220831,15.3351656433221,14.8092185810932,14.1727540148087,9.45152532316813,13.3722435996324,9.88279376926166,8.84136408929904,15.218751368887,7.10083983767434,10.7019441297314,8.27165151947393,10.0645832747145,11.798742325579,9.48646735966374,8.47965292220881,5.30789395111036,3.9812176473912,11.5409910249024,8.40784947514204,5.31906084040723,9.01301826676878,4.13189996338803,3.04414100782068,1.98708149243542,2.00208834779138,1.34082320072936,1.55771475653718,1.86151187425409,2.05505682517016,NA,NA,NA,NA,NA,NA
1.60343183037954,1.66004605769894,1.8568514552307,3.9669515981281,6.35864057325528,2.61737031722454,8.47066789388904,3.60150776189351,5.76432978756378,8.01022003607317,7.48806015197387,6.09797486899887,10.6596307648674,7.92370723869751,6.33855544892567,5.47780211207798,8.1285109965746,7.07317766778863,10.2214915181456,11.785454203431,7.03704207765992,12.770877756483,4.51014669900908,4.93828425479145,9.37244980635931,6.5076888420268,12.9926615364681,4.96935406768891,12.0240996320577,5.25439008496736,7.29284395956535,9.6688036950749,7.18752446249965,6.68830646425959,4.85907944411383,10.1639194129718,6.34128622137524,5.19338636842685,13.9381443124741,10.3529184437121,5.57871432766334,12.2625856236952,11.2799854021225,9.41672293955663,22.3864897944313,15.5721997196901,11.4279719186115,10.4694847661215,8.26709995905305,8.18737189396352,9.855780853527,19.7962498752511,19.7551988316881,13.0247924694267,25.5133220970804,10.8204486793335,16.5661737186643,18.2481997428086,12.9424009871323,13.8507233548738,14.1608400355097,23.4321821127753,10.8191577876129,22.9346105400068,16.1801438364383,15.3848204539627,21.5328007153028,16.5517522817756,22.2166591802862,16.9628200317404,10.6384015503623,17.2715412159781,20.873893781694,11.5068339543153,30.9834572998023,20.4385192393946,18.7612504459287,25.6872458618539,21.6531697420988,12.0761665561604,13.3181149735346,22.0525361068588,12.6048036821372,8.2633120807084,17.3916142288171,10.1993661800794,14.2455746323743,17.9061265573919,21.1481510258342,18.8337244194835,26.9589308147213,17.9900624371739,19.4504016981399,19.3120504227524,16.7974105062592,11.6373179044648,19.8360904757832,16.8153950106528,11.3003679325211,20.0106242485292,17.0702612565344,10.1266502101009,18.7206274616769,15.0075519433295,19.0143464975812,12.9495441096989,20.3148589843235,19.5744276411409,11.6102761474753,11.6712768167242,14.8101986051316,9.22970258528897,9.77816888688824,16.2846218020508,25.6142195691689,9.74847327823221,24.8334705461171,11.1544526078804,13.9639479090003,14.7630198869124,15.4567851844308,5.54186281929148,7.48255698103812,8.20986638872065,15.2900963133561,12.393342545281,12.6763997806061,4.25814050936152,10.4885701184535,10.0177923606654,9.41870736246613,7.59061006873031,9.24035432346616,8.95906536598935,8.14556673500448,7.42501503479216,3.73081847513936,9.22645650877742,13.6370058792139,6.05597666612738,5.34600464874156,4.39676488013284,3.84214987839785,9.45981441504666,17.1906250748451,4.26732414195384,7.39490789407455,1.57943683204867,2.33907047508343,2.71880514045678,1.92433444565344,2.33905565802626,2.08582162492432,2.01804147121311,1.61960349657004,2.68348675298012,NA,NA,NA,NA,NA,NA
3.41306215210262,1.52143765306773,1.51591655950282,3.56658412012006,3.38710229318929,2.13317528231788,3.06254901823854,3.97106407313906,4.39213688575975,5.83684176148373,3.91750026989804,8.86536070464705,9.52296656953544,1.85738187264154,3.88090391252204,3.04229849195156,6.73338523105605,2.7467544662885,10.1264325212647,8.26785423583516,9.99918347149347,16.2731105361924,4.46150686130063,8.18709106198024,11.4890386778132,8.26058186914439,5.09007126897494,6.15013389507029,4.87730640354962,5.99758836750749,10.9384161185418,4.88678135922108,7.66603620524991,12.1986410580954,4.34966798621765,9.20625431938103,10.0633996087904,14.6001277664919,8.53639646971598,11.3855270429496,12.0826105904615,13.6918196318529,11.0446580403503,10.4385186343559,10.3773749114797,16.5209077704706,11.5751595052197,11.459682672711,8.93013654752212,16.8249684512567,6.89208700672835,14.5757374368233,12.5138314816601,12.3174060107178,14.5741961580739,11.6383433420478,17.5004097449266,17.1924866886664,19.3904878354741,14.429795480573,5.09686035587964,17.3354115179919,6.6068934341191,16.7423919269073,18.853618115229,11.8753428020023,10.7065119637664,14.3698185164405,13.9046122490547,12.5314230885492,7.84661987121939,20.3797880049604,7.21034154406712,16.3907315315086,18.4643518887311,13.0300497748984,15.1132559718031,6.36306936536178,17.672531872631,19.6866898922617,8.62192676824288,20.0327826549239,11.4196259740013,13.6838120207743,19.8062545497111,11.3460584135023,18.1485485640443,15.285929914754,17.3454302101413,12.1413381133162,21.5390405024312,9.83512222840333,7.41164829717511,16.3041613733889,33.4052517411072,20.2536223148278,16.691056582847,18.3927329498377,13.1718027651948,19.7755169419344,16.1549053273216,7.18106527505491,14.3494367030429,9.71923703944761,10.695313442613,13.1977579391168,14.194017512469,14.6394146898459,13.027685402262,6.98927494157792,11.2595968375249,4.84186107575358,9.6963210667692,8.58171365860817,18.3170811217026,8.17331164963967,11.693432951209,14.1871409124407,17.6814912121389,10.9480186859109,10.4691517070138,10.9857959665312,13.9160582748159,11.057736030517,10.947671352881,6.97010113236653,12.0607400746615,11.3417143451841,7.39619587240773,8.24048470829832,10.9747368993771,13.1885294618343,7.3056063297474,13.2282433530746,7.53937752906097,11.5112720842811,8.18071487092399,7.50929853993531,5.20447456979717,1.57859199154366,8.69883868693319,6.21524935230463,2.9528798374104,5.10752918594882,6.22922880547024,3.01501598947102,6.68431809637709,6.86987151846246,1.9760656744375,1.81710720683729,1.38025127856093,1.63112803599775,1.59082976319076,1.30532598646709,2.23140224591952,1.93994755362718,NA,NA,NA,NA,NA,NA
13.0093823223394,7.45448625192253,7.32979936507426,4.09943838143842,4.09101398457395,4.76792334664866,3.25478299549538,6.92728111329902,7.05114228476136,8.10928595948055,4.19007428347802,7.20935528980296,9.35861063532305,10.1739080833245,6.97738853208749,4.99350742645033,6.88199671955642,8.8422697523665,7.14707382611318,15.5255594724661,7.55568235618927,12.4267413752808,5.77787630542551,7.81437985654766,7.69692515782548,10.5675817008686,8.44886489404256,12.1441104383333,11.0800349410788,10.3467722785772,10.4517193316417,8.31801809764705,15.7898610124283,16.4478120317684,15.0338572116552,20.112282338118,8.99777202695925,17.4071680665449,17.8949050159016,11.8887106429291,17.9923087992841,22.3902534866783,15.512457818065,14.2284329691228,6.64518219876883,16.5873966189036,17.51234833227,14.2449216636692,25.3226212101957,23.5592887322568,11.6088813974823,15.4220199192527,20.0315224890102,17.8736988826688,12.7915149099143,23.7663390455334,17.7616070179126,14.9282490962324,8.53492418036081,30.9403236415882,17.1712237486548,10.2939758469478,23.5990089179792,20.0950315125909,21.7987344593827,13.8854367120653,22.8663594092939,16.7660294782055,24.0813237164399,22.0521995070359,16.4309537632993,18.7158731993537,10.973569591911,22.5038081119067,21.0498885414178,17.4825116757237,25.3249744296146,31.2922115213792,17.9448639690192,28.2419384669107,17.3257969557398,29.9224424519522,17.0585082321612,21.7557574399929,31.2471759807323,20.8485744356719,25.1491238492874,28.6539801219911,18.8481806461097,15.8922440929254,21.6069634863831,27.0225534507265,29.716427939241,21.9358222223945,21.9195900761355,18.1307277445415,23.2826264189481,13.7390065297485,17.9105089843806,14.3551446321633,16.3855923692894,18.168269300764,23.5109236339864,26.7683671231474,9.40432792032025,16.7813926850696,9.34166463018138,19.4186418331084,19.9265440963584,24.4662348173502,8.60039358199595,22.0838100659921,26.7912793961784,19.2298583087527,19.3626820622911,17.514985109116,11.2390261687241,20.4872172554669,13.2016489295417,15.7676173904194,18.5719759488702,16.248801718466,19.2295166712822,14.0354344911094,15.9713116934587,13.6711661259475,17.364437764462,12.3527816514279,14.883928297023,17.876099614825,11.3983971990576,12.4573123962405,13.0921690049474,15.4985730844979,10.6229468512805,5.37299863020933,4.27938991285435,8.58729197833005,8.2449433881415,6.20194325648331,17.627055647971,7.9552604826183,6.2223336138823,6.06948290023351,4.34341793597018,1.74825947871742,4.89510478395304,2.92607470384686,2.62278176335866,1.98344226894967,1.57832957318434,1.57921350440396,1.8696308587403,2.04007300458456,1.79424145114326,1.84900378436434,NA,NA,NA,NA,NA,NA
2.2005769107795,2.01990787065765,7.4569068905302,6.37661784001113,8.62206756183434,4.24336267268609,7.56327611895618,11.8204077334512,8.58203171626612,6.52563333913068,5.09853721851242,6.01717239359009,10.8394875579286,4.53424275094708,8.78138037032716,6.3501529928891,8.42792151940771,4.98472504926295,8.91353699537849,10.9018291433161,20.5229114219536,12.0590930736201,6.83121930479137,7.13991769996671,10.6876990809179,10.0283706683881,7.28961897224843,6.23960139275637,6.51327453974812,17.6767004281237,13.6262008332046,9.23814643669221,11.366823351194,15.4955271957377,10.1563716086658,11.5547091196042,14.4802099237797,16.0884819749289,15.9311449092256,14.911442868053,9.74072843369401,11.8403716264348,10.6653211365557,11.9779275574041,7.16553488672158,14.1221932828629,14.0083186077813,17.9721496722485,23.8916618066455,8.89909032576954,20.4039307021251,11.6129211991545,9.10555679138312,16.546800498426,22.5818650186677,17.7462091030806,19.4515251275013,23.080712901917,17.8094437949538,9.62114013587768,22.2684295906708,21.3109908265453,20.1581392167104,25.7651707156682,26.676892219902,17.031979107918,17.1735998511304,14.5825358779771,25.6199419103503,23.3433498459846,15.2594433774966,21.2375221031063,24.8733314855334,18.0172124214028,28.2656246065758,16.6426663021892,15.4433228860607,22.1896815247694,17.2118505525058,26.6326334416392,21.2897859549145,19.3964093942665,31.5461187779034,15.5413200994827,13.8875712744302,14.5413599740375,15.8281904820055,16.8220264241471,26.7297265189447,14.830282930478,20.0264898837421,18.575021924212,23.989670111546,13.9500374102711,17.0670310300846,16.0589098632638,8.50880585178674,17.1419374882969,19.1664001947617,14.2999797078719,7.8647192635969,15.6252285587456,20.8253269479603,23.9603336185422,14.0724070360973,12.3499412124955,16.9083708035635,10.7515633214402,18.8306019186377,13.4447184498304,11.926318848608,20.0241821631165,14.1742049956238,17.1895687533379,11.6598238131841,9.82739112596995,14.0534138861356,17.7675340291986,9.279091113269,8.68082150261279,11.6254393947729,9.49218636840224,12.2662029726877,6.9571773800574,7.8409060060227,14.6685963248126,16.5599470922793,10.4004101847848,4.73674505591589,7.6186075639627,11.0487669653075,17.7040826837561,6.00493454828934,10.3850346719377,7.34865485112783,12.5173102977571,5.23254388322142,8.12908144977325,11.7443028731632,11.0313646463756,8.14210567300286,8.39473565124108,6.78367295752061,8.46512385543001,7.91453547218768,5.34043962216369,4.83128473596969,4.45736735871653,3.17171996743992,6.60626882800217,3.61034111330182,2.41915074758683,2.39379328219656,3.17850727014969,1.70308917889892,1.69104910621676,NA,NA,NA,NA,NA,NA
1.14106709403354,4.08977890797045,6.75502378761431,1.82611405411804,4.88014474864004,5.49048633568759,5.82749065149294,8.35389930298783,5.36286071032185,6.78303238173525,8.8476512409556,9.00725758470024,4.0723023542032,6.45030258905543,4.46093783810895,7.90826780461701,5.93306374569915,6.8018589031608,10.0460389117888,3.35809750667756,7.79533475177517,6.12695686410228,7.10696297178636,5.68188158922967,9.4723109979128,11.1824832495825,8.1324853246809,9.34664671044,6.45649829650321,13.7591389118107,6.73686935526766,4.59242421153912,7.26790793437071,5.65667731268989,8.13403117774412,8.74549459088954,8.40010322068061,5.41713409795852,8.26703961878683,9.90309384635987,14.4427635480398,10.833296932836,9.24396078550867,9.57479013857671,10.8964364261432,14.4203617593809,19.1313071260552,4.50044336916411,7.97139569475517,17.9127856970187,10.3818005241368,8.7969546844226,12.1007844664058,12.7140895088585,12.7644133639795,23.1395704557058,23.9389467606622,19.6500874557397,12.1656001548771,26.3665865472865,18.8709364492961,15.9515380050386,14.9407131699258,26.4531667788073,18.4560081635503,14.9234776738242,27.3073883610433,20.7071815360725,19.9590014020344,19.5179437504816,14.1110377005889,14.4757952790366,25.5735862339173,20.0292961327179,19.4743056409674,15.9370077974346,20.5203622727461,16.2229518274263,13.1671436952863,17.9254582143264,20.2318916793677,21.5249215361465,18.8606177876846,19.6166547064127,17.9943462584414,14.0522198473363,26.3583188048655,23.2563733388646,18.3679800737217,15.5297821131005,20.293756110512,19.3120514854518,15.7851328528583,14.0346268475293,19.2708029089298,13.5004781192067,22.1082013676213,16.926476167744,20.118125904307,18.3444164139726,17.9272187017956,15.4635863637515,15.346200334676,14.6167468221985,19.0418396444178,15.7395637104477,17.4999433765507,16.4820123339797,22.7399996927332,9.96162777529982,15.2062360766875,13.8039306986214,10.7773151668372,5.36679050276361,7.39837536856503,2.80907726302254,11.677601524187,4.12028731029594,6.85375672697945,11.4435701445546,7.53370002340876,11.081881425044,12.4584867564129,4.8135535354668,11.315422150385,12.2784628908142,8.46069417034554,9.69130029663193,14.7970442429263,11.6687666782881,12.5544924087819,16.3215559138761,8.74340922294584,6.86826532559277,9.99928498148705,6.10877117067814,8.21456669227283,11.7722563873476,9.96700015896596,6.01947251647703,9.65335045118683,11.2162934522827,3.55706648212221,7.77244068703827,4.72631193006908,6.32482948917176,5.02896297145529,7.72526989703567,3.31014598566071,1.71390670993986,2.87656751471129,1.9460260298715,1.93587456149173,3.48970030411162,2.27669129660253,1.21129316218352,NA,NA,NA,NA,NA,NA
1.12087342947329,16.4358966825351,4.13413396691479,5.21246223799464,3.61417739889878,12.4707449623706,9.52018431834835,17.0732898376569,9.90602308539202,9.64738861222528,7.50304926746229,6.95584926647444,11.3080520426618,10.527813740252,4.11324627244468,7.20123077613397,7.87271893407783,12.9557554291517,7.15132513086366,12.0928534210122,7.65476302576678,11.8562147428863,9.25847478678742,4.09011768028066,8.19862461689196,12.6243898944024,9.64748276193143,3.53714009299692,21.5990904090879,10.4052311341178,12.6334848437568,5.7692384323047,9.51612726188043,16.0500551804,9.60721453418607,19.2261432804497,9.4734424078772,12.6894841884766,18.3592840279552,16.6823942573391,10.6184182389741,13.2331875972528,12.7817779902572,15.4135170251999,10.3630584719526,9.71048261887225,10.9338675188276,12.3035973935249,14.8062391591813,16.5622040928298,23.7956103330185,13.2019416685429,10.916384429319,16.1615576167493,12.0750959185688,20.4384623427566,11.8285805668101,13.1168886901805,10.8194271436455,16.8104048603738,11.9735163547491,11.9025220765871,17.6397249330658,20.4525363179212,22.3805276736215,15.5599458071811,33.4407870884964,23.1083881290852,10.7296884109769,17.2707358096244,23.7977593607731,27.229490667982,15.3223312961129,15.4256815252734,25.2675295387224,15.6003698119129,29.9145918201576,24.3286686437264,25.37113408388,25.3556391305346,11.3754284537087,18.9175160789514,20.8517919709529,21.6483128310753,23.8558110529976,26.9673703639198,17.0985094524447,24.9204359508077,24.497403875362,17.090008597404,18.5483350893497,19.5350216826332,17.1647007594011,16.1361439674132,20.9357520657609,19.7053309561455,16.7708970096369,15.3135150927852,15.8206965865063,15.8062110910342,10.3837893229419,14.2989748319659,19.3997193601103,18.3805933998749,13.8385343351914,18.3714763910265,15.5969753011395,14.1691766844818,13.072586515729,14.1747467970952,14.4558351705378,16.2962823407795,12.3577213274497,15.3693660304408,20.0125584590257,18.9478555385865,7.95689308797171,16.5376428782706,12.2591146997584,15.5558506965621,7.56548612486155,9.61721156804802,17.694258147107,9.29840062104927,13.7102890570245,15.0636546335384,9.07759221925917,10.1119668813106,6.6430204997466,13.6847720086504,5.00336340173593,3.96346394888398,13.3003163540761,8.99271142127764,18.1658874869364,7.95686726262486,4.01137415363393,9.50055466676992,7.42936068952086,1.99630830980491,12.8358805279766,7.80593616778634,5.63461519732601,8.23497909800927,5.35206159663938,5.61320418525618,5.57437324083968,6.85647787604097,2.95890293979082,2.23850077799875,2.36751993483031,3.59767718504752,2.87599994952304,1.72675289274617,2.23790235831499,2.40086535180873,NA,NA,NA,NA,NA,NA
