"V1","V2","V3","V4","V5","V6","V7","V8","V9","V10","V11","V12","V13","V14","V15","V16","V17","V18","V19","V20","V21","V22","V23","V24","V25","V26","V27","V28","V29","V30","V31","V32","V33","V34","V35","V36","V37","V38","V39","V40","V41","V42","V43","V44","V45","V46","V47","V48","V49","V50","V51","V52","V53","V54","V55","V56","V57","V58","V59","V60","V61","V62","V63","V64","V65","V66","V67","V68","V69","V70","V71","V72","V73","V74","V75","V76","V77","V78","V79","V80","V81","V82","V83","V84","V85","V86","V87","V88","V89","V90","V91","V92","V93","V94","V95","V96","V97","V98","V99","V100","V101","V102","V103","V104","V105","V106","V107","V108","V109","V110","V111","V112","V113","V114","V115","V116","V117","V118","V119","V120","V121","V122","V123","V124","V125","V126","V127","V128","V129","V130","V131","V132","V133","V134","V135","V136","V137","V138","V139","V140","V141","V142","V143","V144","V145","V146","V147","V148","V149","V150","V151","V152","V153","V154","V155","V156","V157","V158","V159","V160","V161","V162","V163","V164","V165","V166","V167","V168","V169","V170","V171","V172","V173","V174","V175","V176","V177","V178","V179","V180","V181","V182","V183","V184","V185","V186","V187","V188","V189","V190","V191","V192","V193","V194","V195","V196","V197","V198","V199","V200","V201","V202","V203","V204","V205","V206","V207","V208","V209","V210","V211","V212","V213","V214","V215","V216","V217","V218","V219","V220","V221","V222","V223","V224","V225","V226","V227","V228","V229","V230","V231","V232","V233","V234","V235","V236","V237","V238","V239","V240","V241","V242","V243","V244","V245","V246","V247","V248","V249","V250","V251","V252","V253","V254","V255","V256","V257","V258","V259","V260","V261","V262","V263","V264","V265","V266","V267","V268","V269","V270","V271","V272","V273","V274","V275","V276","V277","V278","V279","V280","V281","V282","V283","V284","V285","V286","V287","V288","V289","V290","V291","V292","V293","V294","V295","V296","V297","V298","V299","V300","V301","V302","V303","V304","V305","V306","V307","V308","V309","V310","V311","V312","V313","V314","V315","V316","V317","V318","V319","V320","V321","V322","V323","V324","V325","V326","V327","V328","V329","V330","V331","V332","V333","V334","V335","V336","V337","V338","V339","V340","V341","V342","V343","V344","V345","V346","V347","V348","V349","V350","V351","V352","V353","V354","V355","V356","V357","V358","V359","V360","V361","V362","V363","V364","V365","V366","V367","V368","V369","V370","V371","V372","V373","V374","V375","V376","V377","V378","V379","V380","V381","V382","V383","V384","V385","V386","V387","V388","V389","V390","V391","V392","V393","V394","V395","V396","V397","V398","V399","V400","V401","V402","V403","V404","V405","V406","V407","V408","V409","V410","V411","V412","V413","V414","V415","V416","V417","V418","V419","V420","V421","V422","V423","V424","V425","V426","V427","V428","V429","V430","V431","V432","V433","V434","V435","V436","V437","V438","V439","V440","V441","V442","V443","V444","V445","V446","V447","V448","V449","V450","V451","V452","V453","V454","V455","V456","V457","V458","V459","V460","V461","V462","V463","V464","V465","V466","V467","V468"
0.602652452938289,0.648944667194176,0.84650472485798,1.07984942919115,1.23818287988772,1.46479320856417,1.53535645144955,1.58198435772885,1.64591301907773,1.7219371126789,1.86298573268983,1.89902058781379,1.95522505298942,2.06895263895088,2.21736701976129,2.35880941235148,2.4808647392565,2.52320130303458,2.59687148705376,2.69092824717412,2.79452463950273,2.82389657106603,2.87671545614537,2.97924376317687,3.08285143657295,3.13396231179611,3.17472386563354,3.21458845831738,3.34761059332615,3.37992793640738,3.41226896088429,3.48874617281894,3.54292464375016,3.56122642771804,3.66586286913134,3.68695897481077,3.73697321040519,3.78481228969352,3.84103042990052,3.88808610028144,3.93663450514937,4.00227491749932,4.02068505647904,4.06587489037801,4.11133896832087,4.19103630992823,4.23167670015831,4.28811363509247,4.31508455357142,4.37286289118301,4.43314169828277,4.53060841731848,4.53915180303512,4.61286485281413,4.64227170883976,4.71500630583405,4.74952659742344,4.78472888728066,4.80467569315317,4.85132904803493,4.89369673912288,4.94173886953537,4.97817681586223,5.01818895212097,5.04669209474563,5.06366693833943,5.07818298274398,5.10415480992034,5.17452948147396,5.19245577415532,5.23109680059818,5.27589996658923,5.30048573581041,5.35393216413447,5.38506485122072,5.40198323654459,5.45385376046097,5.48137678139825,5.5431764366415,5.59533047340664,5.63087904079121,5.65781743714955,5.66812772352509,5.69790702575353,5.71914971351188,5.73693079613814,5.76960577219602,5.79796292966404,5.86276765885017,5.88342007872289,5.89701899196816,5.93796851587362,5.94644557962755,5.97466763705391,6.01420324932974,6.05215032267566,6.08488665692208,6.0887798350548,6.14252610211892,6.19300476712648,6.20614871877397,6.24068023049891,6.24158774074629,6.28658801501092,6.32167998769748,6.3391331781416,6.36186367086957,6.37999746797484,6.45401181894737,6.46110023865642,6.48999330408896,6.50337844628411,6.53609768151756,6.58633482264568,6.64649669965503,6.69154442304274,6.72685051224839,6.73658084201131,6.76640029533265,6.80088368079826,6.81459430494367,6.8397862116398,6.87036720821777,6.87699944640041,6.91461315362609,6.93881702759221,6.9711457136272,6.98425410491063,7.00883784958066,7.03182319939237,7.03761809332479,7.05247069984566,7.09334946339537,7.12221199957666,7.16338642925371,7.1864210215308,7.23575593011325,7.24279905588796,7.25240553673185,7.30037559337396,7.31315703570473,7.32641313696495,7.3399311279248,7.36778539957809,7.3769529572957,7.41382494350561,7.45469208964168,7.46867342234625,7.47971861507797,7.5175305966411,7.53172214920579,7.55782464965113,7.58447063490717,7.6063723978151,7.6432683572001,7.65699448649332,7.68621834273603,7.70440269229647,7.7238678490552,7.766439364646,7.7744221631864,7.81424169027816,7.82777471790193,7.85148103081005,7.88008344101146,7.90072872936917,7.93367700460672,7.97114450736558,7.98941363391292,8.01117966071274,8.02467781625591,8.0855456599971,8.12051011156923,8.13594259479831,8.17989608925161,8.20536757220682,8.2372318734738,8.27371338653601,8.28836979402594,8.31559868087349,8.35713619383258,8.36659562965874,8.39584447124568,8.41880809111699,8.43187069534737,8.45154359489614,8.4719559433862,8.51688644843226,8.53660344876375,8.54833995315947,8.57680384243535,8.60482028537169,8.62504604789545,8.64235311391116,8.66661208082722,8.70627844388454,8.73390501650134,8.74393158657259,8.78668019462766,8.79950496431935,8.85871814716599,8.86235848505542,8.88772263656564,8.93796517188565,8.96356817591353,8.98941502739227,9.04107076386112,9.05312383441542,9.08079722798865,9.12272269640308,9.14547121621052,9.17034644744444,9.19913342864885,9.21794573750807,9.27181227045372,9.29859545647911,9.31617179465246,9.35821605374967,9.37868123046481,9.427808212205,9.45640288016458,9.4842414526682,9.55869582350966,9.55926941145557,9.58446928168467,9.62796258718098,9.64718925370129,9.67556751771762,9.7157642699509,9.77150737141231,9.79196851872274,9.80434449867922,9.84762655826818,9.90671653547819,9.93249529276614,9.95105424763796,9.97119687644787,10.0209745367292,10.035988644278,10.0524644590898,10.1009349421647,10.1420923332742,10.1828997641182,10.2135499659155,10.232834465296,10.2551861958708,10.317646587068,10.3443134476647,10.3925200672584,10.4219516985661,10.4488296007527,10.4609764318774,10.4804830856962,10.4980263222866,10.5433871975155,10.6361124044518,10.6880294684179,10.6918991193851,10.7582293091156,10.7827194492355,10.8259061143337,10.8478878525691,10.8981854890658,10.9558109189291,10.9702101610283,11.0112688120593,11.0435697555782,11.0742843272939,11.1133599839812,11.1553758260641,11.1866697338467,11.2047039341126,11.2665540157251,11.3038001499451,11.3562681056748,11.3803905508455,11.4470258157458,11.4669226782801,11.5113035937765,11.5472464393738,11.5701774425735,11.6230234587965,11.6624949698907,11.7227730882195,11.7475658833202,11.7631081188173,11.8030091979733,11.8893149043993,11.9132559873134,11.9544819218183,11.9793083976185,12.0192357272482,12.0513919237907,12.0982634881256,12.1538119882926,12.1623052966236,12.2055948835374,12.2703348418339,12.3230421718547,12.349155053908,12.3811350739458,12.4157641158207,12.4388563738044,12.4881359954158,12.5276689875869,12.5322991694863,12.5834279717428,12.6625257434089,12.6856282802228,12.7141270966471,12.7955657866957,12.8212344402567,12.869805775329,12.9347046260773,12.9617606587383,12.9757225179664,13.0409442702673,13.0449579511968,13.0737421287698,13.1299353824448,13.1824114573676,13.2205598527941,13.3091355793609,13.3500135757602,13.3551808789655,13.3838404480022,13.4533141268049,13.4922788520763,13.5261208394,13.549087191203,13.6100053362883,13.6409676557983,13.6858651374592,13.7065670240292,13.7367162622715,13.8004319185287,13.8404251174328,13.9065049252904,13.9834066585536,14.0150800594174,14.0645344041924,14.0958202012185,14.1567985276152,14.1821016102913,14.2299906664552,14.2498407062733,14.3166935840712,14.3859527190912,14.3965743147359,14.4073565907543,14.5949479826562,14.6048852889849,14.6483608551241,14.6722571581247,14.7291295326333,14.8435469937172,14.9034885863025,14.9469105833601,14.9841168286937,15.0454815833791,15.1407948189761,15.1953532947501,15.2849854769232,15.2917967798673,15.3318154502728,15.3684423097144,15.4567567460228,15.585134906248,15.674893674345,15.7096216766492,15.7986481374535,15.8214598547274,15.9599107792503,16.0382897842569,16.0923619405946,16.1731764730957,16.3157798218321,16.364267037638,16.4105953436411,16.5082781511114,16.5963138580117,16.8313321935415,16.8619798677268,16.9783257670644,17.1959156510697,17.2565682896851,17.4963293335704,17.6058671418769,17.9209218993973,17.9738029165594,18.073436633339,18.3117569989172,18.4330499183216,18.5967492830967,18.8192798967853,19.1246517285053,19.3488209725834,19.4735249952995,19.8241043992922,20.0302814286643,20.1485336320403,20.4094496068884,21.0308670805656,21.4196866839161,23.3470085121684,NA,NA,NA,NA,NA,NA,NA,NA,NA,NA,NA,NA,NA,NA,NA,NA,NA,NA,NA,NA,NA,NA,NA,NA,NA,NA,NA,NA,NA,NA,NA,NA,NA,NA,NA,NA,NA,NA,NA,NA,NA,NA,NA,NA,NA,NA,NA,NA,NA,NA,NA,NA,NA,NA,NA,NA,NA,NA,NA,NA,NA,NA,NA
0.602652452938289,0.648944667194176,0.84650472485798,1.07984942919115,1.23818287988772,1.46479320856417,1.53535645144955,1.58198435772885,1.64591301907773,1.7219371126789,1.86298573268983,1.89902058781379,1.95522505298942,2.06895263895088,2.21736701976129,2.35880941235148,2.4808647392565,2.52320130303458,2.59687148705376,2.69092824717412,2.79452463950273,2.82389657106603,2.87671545614537,2.97924376317687,3.08285143657295,3.13396231179611,3.17472386563354,3.21458845831738,3.34761059332615,3.37992793640738,3.41226896088429,3.48874617281894,3.54292464375016,3.56122642771804,3.66586286913134,3.68695897481077,3.73697321040519,3.78481228969352,3.84103042990052,3.88808610028144,3.93663450514937,4.00227491749932,4.02068505647904,4.06587489037801,4.11133896832087,4.19103630992823,4.23167670015831,4.28811363509247,4.31508455357142,4.37286289118301,4.43314169828277,4.53060841731848,4.53915180303512,4.61286485281413,4.64227170883976,4.71500630583405,4.74952659742344,4.78472888728066,4.80467569315317,4.85132904803493,4.89369673912288,4.94173886953537,4.97817681586223,5.01818895212097,5.04669209474563,5.06366693833943,5.07818298274398,5.10415480992034,5.17452948147396,5.19245577415532,5.23109680059818,5.27589996658923,5.30048573581041,5.35393216413447,5.38506485122072,5.40198323654459,5.45385376046097,5.48137678139825,5.5431764366415,5.59533047340664,5.63087904079121,5.65781743714955,5.66812772352509,5.69790702575353,5.71914971351188,5.73693079613814,5.76960577219602,5.79796292966404,5.86276765885017,5.88342007872289,5.89701899196816,5.93796851587362,5.94644557962755,5.97466763705391,6.01420324932974,6.05215032267566,6.08488665692208,6.0887798350548,6.14252610211892,6.19300476712648,6.20614871877397,6.24068023049891,6.24158774074629,6.28658801501092,6.32167998769748,6.3391331781416,6.36186367086957,6.37999746797484,6.45401181894737,6.46110023865642,6.48999330408896,6.50337844628411,6.53609768151756,6.58633482264568,6.64649669965503,6.69154442304274,6.72685051224839,6.73658084201131,6.76640029533265,6.80088368079826,6.81459430494367,6.8397862116398,6.87036720821777,6.87699944640041,6.91461315362609,6.93881702759221,6.9711457136272,6.98425410491063,7.00883784958066,7.03182319939237,7.03761809332479,7.05247069984566,7.09334946339537,7.12221199957666,7.16338642925371,7.1864210215308,7.23575593011325,7.24279905588796,7.25240553673185,7.30037559337396,7.31315703570473,7.32641313696495,7.3399311279248,7.36778539957809,7.3769529572957,7.41382494350561,7.45469208964168,7.46867342234625,7.47971861507797,7.5175305966411,7.53172214920579,7.55782464965113,7.58447063490717,7.6063723978151,7.6432683572001,7.65699448649332,7.68621834273603,7.70440269229647,7.7238678490552,7.766439364646,7.7744221631864,7.81424169027816,7.82777471790193,7.85148103081005,7.88008344101146,7.90072872936917,7.93367700460672,7.97114450736558,7.98941363391292,8.01117966071274,8.02467781625591,8.0855456599971,8.12051011156923,8.13594259479831,8.17989608925161,8.20536757220682,8.2372318734738,8.27371338653601,8.28836979402594,8.31559868087349,8.35713619383258,8.36659562965874,8.39584447124568,8.41880809111699,8.43187069534737,8.45154359489614,8.4719559433862,8.51688644843226,8.53660344876375,8.54833995315947,8.57680384243535,8.60482028537169,8.62504604789545,8.64235311391116,8.66661208082722,8.70627844388454,8.73390501650134,8.74393158657259,8.78668019462766,8.79950496431935,8.85871814716599,8.86235848505542,8.88772263656564,8.93796517188565,8.96356817591353,8.98941502739227,9.04107076386112,9.05312383441542,9.08079722798865,9.12272269640308,9.14547121621052,9.17034644744444,9.19913342864885,9.21794573750807,9.27181227045372,9.29859545647911,9.31617179465246,9.35821605374967,9.37868123046481,9.427808212205,9.45640288016458,9.4842414526682,9.55869582350966,9.55926941145557,9.58446928168467,9.62796258718098,9.64718925370129,9.67556751771762,9.7157642699509,9.77150737141231,9.79196851872274,9.80434449867922,9.84762655826818,9.90671653547819,9.93249529276614,9.95105424763796,9.97119687644787,10.0209745367292,10.035988644278,10.0524644590898,10.1009349421647,10.1420923332742,10.1828997641182,10.2135499659155,10.232834465296,10.2551861958708,10.317646587068,10.3443134476647,10.3925200672584,10.4219516985661,10.4488296007527,10.4609764318774,10.4804830856962,10.4980263222866,10.5433871975155,10.6361124044518,10.6880294684179,10.6918991193851,10.7582293091156,10.7827194492355,10.8259061143337,10.8478878525691,10.8981854890658,10.9558109189291,10.9702101610283,11.0112688120593,11.0435697555782,11.0742843272939,11.1133599839812,11.1553758260641,11.1866697338467,11.2047039341126,11.2665540157251,11.3038001499451,11.3562681056748,11.3803905508455,11.4470258157458,11.4669226782801,11.5113035937765,11.5472464393738,11.5701774425735,11.6230234587965,11.6624949698907,11.7227730882195,11.7475658833202,11.7631081188173,11.8030091979733,11.8893149043993,11.9132559873134,11.9544819218183,11.9793083976185,12.0192357272482,12.0513919237907,12.0982634881256,12.1538119882926,12.1623052966236,12.2055948835374,12.2703348418339,12.3230421718547,12.349155053908,12.3811350739458,12.4157641158207,12.4388563738044,12.4881359954158,12.5276689875869,12.5322991694863,12.5834279717428,12.6625257434089,12.6856282802228,12.7141270966471,12.7955657866957,12.8212344402567,12.869805775329,12.9347046260773,12.9617606587383,12.9757225179664,13.0409442702673,13.0449579511968,13.0737421287698,13.1299353824448,13.1824114573676,13.2205598527941,13.3091355793609,13.3500135757602,13.3551808789655,13.3838404480022,13.4533141268049,13.4922788520763,13.5261208394,13.549087191203,13.6100053362883,13.6409676557983,13.6858651374592,13.7065670240292,13.7367162622715,13.8004319185287,13.8404251174328,13.9065049252904,13.9834066585536,14.0150800594174,14.0645344041924,14.0958202012185,14.1567985276152,14.1821016102913,14.2299906664552,14.2498407062733,14.3166935840712,14.3859527190912,14.3965743147359,14.4073565907543,14.5949479826562,14.6048852889849,14.6483608551241,14.6722571581247,14.7291295326333,14.8435469937172,14.9034885863025,14.9469105833601,14.9841168286937,15.0454815833791,15.1407948189761,15.1953532947501,15.2849854769232,15.2917967798673,15.3318154502728,15.3684423097144,15.4567567460228,15.585134906248,15.674893674345,15.7096216766492,15.7986481374535,15.8214598547274,15.9599107792503,16.0382897842569,16.0923619405946,16.1731764730957,16.3157798218321,16.364267037638,16.4105953436411,16.5082781511114,16.5963138580117,16.8313321935415,16.8619798677268,16.9783257670644,17.1959156510697,17.2565682896851,17.4963293335704,17.6058671418769,17.9209218993973,17.9738029165594,18.073436633339,18.3117569989172,18.4330499183216,18.5967492830967,18.8192798967853,19.1246517285053,19.3488209725834,19.4735249952995,19.8241043992922,20.0302814286643,20.1485336320403,20.4094496068884,21.0308670805656,21.4196866839161,23.3470085121684,NA,NA,NA,NA,NA,NA,NA,NA,NA,NA,NA,NA,NA,NA,NA,NA,NA,NA,NA,NA,NA,NA,NA,NA,NA,NA,NA,NA,NA,NA,NA,NA,NA,NA,NA,NA,NA,NA,NA,NA,NA,NA,NA,NA,NA,NA,NA,NA,NA,NA,NA,NA,NA,NA,NA,NA,NA,NA,NA,NA,NA,NA,NA
0.602652452938289,0.648944667194176,0.84650472485798,1.07984942919115,1.23818287988772,1.46479320856417,1.53535645144955,1.58198435772885,1.64591301907773,1.7219371126789,1.86298573268983,1.89902058781379,1.95522505298942,2.06895263895088,2.21736701976129,2.35880941235148,2.4808647392565,2.52320130303458,2.59687148705376,2.69092824717412,2.79452463950273,2.82389657106603,2.87671545614537,2.97924376317687,3.08285143657295,3.13396231179611,3.17472386563354,3.21458845831738,3.34761059332615,3.37992793640738,3.41226896088429,3.48874617281894,3.54292464375016,3.56122642771804,3.66586286913134,3.68695897481077,3.73697321040519,3.78481228969352,3.84103042990052,3.88808610028144,3.93663450514937,4.00227491749932,4.02068505647904,4.06587489037801,4.11133896832087,4.19103630992823,4.23167670015831,4.28811363509247,4.31508455357142,4.37286289118301,4.43314169828277,4.53060841731848,4.53915180303512,4.61286485281413,4.64227170883976,4.71500630583405,4.74952659742344,4.78472888728066,4.80467569315317,4.85132904803493,4.89369673912288,4.94173886953537,4.97817681586223,5.01818895212097,5.04669209474563,5.06366693833943,5.07818298274398,5.10415480992034,5.17452948147396,5.19245577415532,5.23109680059818,5.27589996658923,5.30048573581041,5.35393216413447,5.38506485122072,5.40198323654459,5.45385376046097,5.48137678139825,5.5431764366415,5.59533047340664,5.63087904079121,5.65781743714955,5.66812772352509,5.69790702575353,5.71914971351188,5.73693079613814,5.76960577219602,5.79796292966404,5.86276765885017,5.88342007872289,5.89701899196816,5.93796851587362,5.94644557962755,5.97466763705391,6.01420324932974,6.05215032267566,6.08488665692208,6.0887798350548,6.14252610211892,6.19300476712648,6.20614871877397,6.24068023049891,6.24158774074629,6.28658801501092,6.32167998769748,6.3391331781416,6.36186367086957,6.37999746797484,6.45401181894737,6.46110023865642,6.48999330408896,6.50337844628411,6.53609768151756,6.58633482264568,6.64649669965503,6.69154442304274,6.72685051224839,6.73658084201131,6.76640029533265,6.80088368079826,6.81459430494367,6.8397862116398,6.87036720821777,6.87699944640041,6.91461315362609,6.93881702759221,6.9711457136272,6.98425410491063,7.00883784958066,7.03182319939237,7.03761809332479,7.05247069984566,7.09334946339537,7.12221199957666,7.16338642925371,7.1864210215308,7.23575593011325,7.24279905588796,7.25240553673185,7.30037559337396,7.31315703570473,7.32641313696495,7.3399311279248,7.36778539957809,7.3769529572957,7.41382494350561,7.45469208964168,7.46867342234625,7.47971861507797,7.5175305966411,7.53172214920579,7.55782464965113,7.58447063490717,7.6063723978151,7.6432683572001,7.65699448649332,7.68621834273603,7.70440269229647,7.7238678490552,7.766439364646,7.7744221631864,7.81424169027816,7.82777471790193,7.85148103081005,7.88008344101146,7.90072872936917,7.93367700460672,7.97114450736558,7.98941363391292,8.01117966071274,8.02467781625591,8.0855456599971,8.12051011156923,8.13594259479831,8.17989608925161,8.20536757220682,8.2372318734738,8.27371338653601,8.28836979402594,8.31559868087349,8.35713619383258,8.36659562965874,8.39584447124568,8.41880809111699,8.43187069534737,8.45154359489614,8.4719559433862,8.51688644843226,8.53660344876375,8.54833995315947,8.57680384243535,8.60482028537169,8.62504604789545,8.64235311391116,8.66661208082722,8.70627844388454,8.73390501650134,8.74393158657259,8.78668019462766,8.79950496431935,8.85871814716599,8.86235848505542,8.88772263656564,8.93796517188565,8.96356817591353,8.98941502739227,9.04107076386112,9.05312383441542,9.08079722798865,9.12272269640308,9.14547121621052,9.17034644744444,9.19913342864885,9.21794573750807,9.27181227045372,9.29859545647911,9.31617179465246,9.35821605374967,9.37868123046481,9.427808212205,9.45640288016458,9.4842414526682,9.55869582350966,9.55926941145557,9.58446928168467,9.62796258718098,9.64718925370129,9.67556751771762,9.7157642699509,9.77150737141231,9.79196851872274,9.80434449867922,9.84762655826818,9.90671653547819,9.93249529276614,9.95105424763796,9.97119687644787,10.0209745367292,10.035988644278,10.0524644590898,10.1009349421647,10.1420923332742,10.1828997641182,10.2135499659155,10.232834465296,10.2551861958708,10.317646587068,10.3443134476647,10.3925200672584,10.4219516985661,10.4488296007527,10.4609764318774,10.4804830856962,10.4980263222866,10.5433871975155,10.6361124044518,10.6880294684179,10.6918991193851,10.7582293091156,10.7827194492355,10.8259061143337,10.8478878525691,10.8981854890658,10.9558109189291,10.9702101610283,11.0112688120593,11.0435697555782,11.0742843272939,11.1133599839812,11.1553758260641,11.1866697338467,11.2047039341126,11.2665540157251,11.3038001499451,11.3562681056748,11.3803905508455,11.4470258157458,11.4669226782801,11.5113035937765,11.5472464393738,11.5701774425735,11.6230234587965,11.6624949698907,11.7227730882195,11.7475658833202,11.7631081188173,11.8030091979733,11.8893149043993,11.9132559873134,11.9544819218183,11.9793083976185,12.0192357272482,12.0513919237907,12.0982634881256,12.1538119882926,12.1623052966236,12.2055948835374,12.2703348418339,12.3230421718547,12.349155053908,12.3811350739458,12.4157641158207,12.4388563738044,12.4881359954158,12.5276689875869,12.5322991694863,12.5834279717428,12.6625257434089,12.6856282802228,12.7141270966471,12.7955657866957,12.8212344402567,12.869805775329,12.9347046260773,12.9617606587383,12.9757225179664,13.0409442702673,13.0449579511968,13.0737421287698,13.1299353824448,13.1824114573676,13.2205598527941,13.3091355793609,13.3500135757602,13.3551808789655,13.3838404480022,13.4533141268049,13.4922788520763,13.5261208394,13.549087191203,13.6100053362883,13.6409676557983,13.6858651374592,13.7065670240292,13.7367162622715,13.8004319185287,13.8404251174328,13.9065049252904,13.9834066585536,14.0150800594174,14.0645344041924,14.0958202012185,14.1567985276152,14.1821016102913,14.2299906664552,14.2498407062733,14.3166935840712,14.3859527190912,14.3965743147359,14.4073565907543,14.5949479826562,14.6048852889849,14.6483608551241,14.6722571581247,14.7291295326333,14.8435469937172,14.9034885863025,14.9469105833601,14.9841168286937,15.0454815833791,15.1407948189761,15.1953532947501,15.2849854769232,15.2917967798673,15.3318154502728,15.3684423097144,15.4567567460228,15.585134906248,15.674893674345,15.7096216766492,15.7986481374535,15.8214598547274,15.9599107792503,16.0382897842569,16.0923619405946,16.1731764730957,16.3157798218321,16.364267037638,16.4105953436411,16.5082781511114,16.5963138580117,16.8313321935415,16.8619798677268,16.9783257670644,17.1959156510697,17.2565682896851,17.4963293335704,17.6058671418769,17.9209218993973,17.9738029165594,18.073436633339,18.3117569989172,18.4330499183216,18.5967492830967,18.8192798967853,19.1246517285053,19.3488209725834,19.4735249952995,19.8241043992922,20.0302814286643,20.1485336320403,20.4094496068884,21.0308670805656,21.4196866839161,23.3470085121684,NA,NA,NA,NA,NA,NA,NA,NA,NA,NA,NA,NA,NA,NA,NA,NA,NA,NA,NA,NA,NA,NA,NA,NA,NA,NA,NA,NA,NA,NA,NA,NA,NA,NA,NA,NA,NA,NA,NA,NA,NA,NA,NA,NA,NA,NA,NA,NA,NA,NA,NA,NA,NA,NA,NA,NA,NA,NA,NA,NA,NA,NA,NA
0.602652452938289,0.648944667194176,0.84650472485798,1.07984942919115,1.23818287988772,1.46479320856417,1.53535645144955,1.58198435772885,1.64591301907773,1.7219371126789,1.86298573268983,1.89902058781379,1.95522505298942,2.06895263895088,2.21736701976129,2.35880941235148,2.4808647392565,2.52320130303458,2.59687148705376,2.69092824717412,2.79452463950273,2.82389657106603,2.87671545614537,2.97924376317687,3.08285143657295,3.13396231179611,3.17472386563354,3.21458845831738,3.34761059332615,3.37992793640738,3.41226896088429,3.48874617281894,3.54292464375016,3.56122642771804,3.66586286913134,3.68695897481077,3.73697321040519,3.78481228969352,3.84103042990052,3.88808610028144,3.93663450514937,4.00227491749932,4.02068505647904,4.06587489037801,4.11133896832087,4.19103630992823,4.23167670015831,4.28811363509247,4.31508455357142,4.37286289118301,4.43314169828277,4.53060841731848,4.53915180303512,4.61286485281413,4.64227170883976,4.71500630583405,4.74952659742344,4.78472888728066,4.80467569315317,4.85132904803493,4.89369673912288,4.94173886953537,4.97817681586223,5.01818895212097,5.04669209474563,5.06366693833943,5.07818298274398,5.10415480992034,5.17452948147396,5.19245577415532,5.23109680059818,5.27589996658923,5.30048573581041,5.35393216413447,5.38506485122072,5.40198323654459,5.45385376046097,5.48137678139825,5.5431764366415,5.59533047340664,5.63087904079121,5.65781743714955,5.66812772352509,5.69790702575353,5.71914971351188,5.73693079613814,5.76960577219602,5.79796292966404,5.86276765885017,5.88342007872289,5.89701899196816,5.93796851587362,5.94644557962755,5.97466763705391,6.01420324932974,6.05215032267566,6.08488665692208,6.0887798350548,6.14252610211892,6.19300476712648,6.20614871877397,6.24068023049891,6.24158774074629,6.28658801501092,6.32167998769748,6.3391331781416,6.36186367086957,6.37999746797484,6.45401181894737,6.46110023865642,6.48999330408896,6.50337844628411,6.53609768151756,6.58633482264568,6.64649669965503,6.69154442304274,6.72685051224839,6.73658084201131,6.76640029533265,6.80088368079826,6.81459430494367,6.8397862116398,6.87036720821777,6.87699944640041,6.91461315362609,6.93881702759221,6.9711457136272,6.98425410491063,7.00883784958066,7.03182319939237,7.03761809332479,7.05247069984566,7.09334946339537,7.12221199957666,7.16338642925371,7.1864210215308,7.23575593011325,7.24279905588796,7.25240553673185,7.30037559337396,7.31315703570473,7.32641313696495,7.3399311279248,7.36778539957809,7.3769529572957,7.41382494350561,7.45469208964168,7.46867342234625,7.47971861507797,7.5175305966411,7.53172214920579,7.55782464965113,7.58447063490717,7.6063723978151,7.6432683572001,7.65699448649332,7.68621834273603,7.70440269229647,7.7238678490552,7.766439364646,7.7744221631864,7.81424169027816,7.82777471790193,7.85148103081005,7.88008344101146,7.90072872936917,7.93367700460672,7.97114450736558,7.98941363391292,8.01117966071274,8.02467781625591,8.0855456599971,8.12051011156923,8.13594259479831,8.17989608925161,8.20536757220682,8.2372318734738,8.27371338653601,8.28836979402594,8.31559868087349,8.35713619383258,8.36659562965874,8.39584447124568,8.41880809111699,8.43187069534737,8.45154359489614,8.4719559433862,8.51688644843226,8.53660344876375,8.54833995315947,8.57680384243535,8.60482028537169,8.62504604789545,8.64235311391116,8.66661208082722,8.70627844388454,8.73390501650134,8.74393158657259,8.78668019462766,8.79950496431935,8.85871814716599,8.86235848505542,8.88772263656564,8.93796517188565,8.96356817591353,8.98941502739227,9.04107076386112,9.05312383441542,9.08079722798865,9.12272269640308,9.14547121621052,9.17034644744444,9.19913342864885,9.21794573750807,9.27181227045372,9.29859545647911,9.31617179465246,9.35821605374967,9.37868123046481,9.427808212205,9.45640288016458,9.4842414526682,9.55869582350966,9.55926941145557,9.58446928168467,9.62796258718098,9.64718925370129,9.67556751771762,9.7157642699509,9.77150737141231,9.79196851872274,9.80434449867922,9.84762655826818,9.90671653547819,9.93249529276614,9.95105424763796,9.97119687644787,10.0209745367292,10.035988644278,10.0524644590898,10.1009349421647,10.1420923332742,10.1828997641182,10.2135499659155,10.232834465296,10.2551861958708,10.317646587068,10.3443134476647,10.3925200672584,10.4219516985661,10.4488296007527,10.4609764318774,10.4804830856962,10.4980263222866,10.5433871975155,10.6361124044518,10.6880294684179,10.6918991193851,10.7582293091156,10.7827194492355,10.8259061143337,10.8478878525691,10.8981854890658,10.9558109189291,10.9702101610283,11.0112688120593,11.0435697555782,11.0742843272939,11.1133599839812,11.1553758260641,11.1866697338467,11.2047039341126,11.2665540157251,11.3038001499451,11.3562681056748,11.3803905508455,11.4470258157458,11.4669226782801,11.5113035937765,11.5472464393738,11.5701774425735,11.6230234587965,11.6624949698907,11.7227730882195,11.7475658833202,11.7631081188173,11.8030091979733,11.8893149043993,11.9132559873134,11.9544819218183,11.9793083976185,12.0192357272482,12.0513919237907,12.0982634881256,12.1538119882926,12.1623052966236,12.2055948835374,12.2703348418339,12.3230421718547,12.349155053908,12.3811350739458,12.4157641158207,12.4388563738044,12.4881359954158,12.5276689875869,12.5322991694863,12.5834279717428,12.6625257434089,12.6856282802228,12.7141270966471,12.7955657866957,12.8212344402567,12.869805775329,12.9347046260773,12.9617606587383,12.9757225179664,13.0409442702673,13.0449579511968,13.0737421287698,13.1299353824448,13.1824114573676,13.2205598527941,13.3091355793609,13.3500135757602,13.3551808789655,13.3838404480022,13.4533141268049,13.4922788520763,13.5261208394,13.549087191203,13.6100053362883,13.6409676557983,13.6858651374592,13.7065670240292,13.7367162622715,13.8004319185287,13.8404251174328,13.9065049252904,13.9834066585536,14.0150800594174,14.0645344041924,14.0958202012185,14.1567985276152,14.1821016102913,14.2299906664552,14.2498407062733,14.3166935840712,14.3859527190912,14.3965743147359,14.4073565907543,14.5949479826562,14.6048852889849,14.6483608551241,14.6722571581247,14.7291295326333,14.8435469937172,14.9034885863025,14.9469105833601,14.9841168286937,15.0454815833791,15.1407948189761,15.1953532947501,15.2849854769232,15.2917967798673,15.3318154502728,15.3684423097144,15.4567567460228,15.585134906248,15.674893674345,15.7096216766492,15.7986481374535,15.8214598547274,15.9599107792503,16.0382897842569,16.0923619405946,16.1731764730957,16.3157798218321,16.364267037638,16.4105953436411,16.5082781511114,16.5963138580117,16.8313321935415,16.8619798677268,16.9783257670644,17.1959156510697,17.2565682896851,17.4963293335704,17.6058671418769,17.9209218993973,17.9738029165594,18.073436633339,18.3117569989172,18.4330499183216,18.5967492830967,18.8192798967853,19.1246517285053,19.3488209725834,19.4735249952995,19.8241043992922,20.0302814286643,20.1485336320403,20.4094496068884,21.0308670805656,21.4196866839161,23.3470085121684,NA,NA,NA,NA,NA,NA,NA,NA,NA,NA,NA,NA,NA,NA,NA,NA,NA,NA,NA,NA,NA,NA,NA,NA,NA,NA,NA,NA,NA,NA,NA,NA,NA,NA,NA,NA,NA,NA,NA,NA,NA,NA,NA,NA,NA,NA,NA,NA,NA,NA,NA,NA,NA,NA,NA,NA,NA,NA,NA,NA,NA,NA,NA
0.602652452938289,0.648944667194176,0.84650472485798,1.07984942919115,1.23818287988772,1.46479320856417,1.53535645144955,1.58198435772885,1.64591301907773,1.7219371126789,1.86298573268983,1.89902058781379,1.95522505298942,2.06895263895088,2.21736701976129,2.35880941235148,2.4808647392565,2.52320130303458,2.59687148705376,2.69092824717412,2.79452463950273,2.82389657106603,2.87671545614537,2.97924376317687,3.08285143657295,3.13396231179611,3.17472386563354,3.21458845831738,3.34761059332615,3.37992793640738,3.41226896088429,3.48874617281894,3.54292464375016,3.56122642771804,3.66586286913134,3.68695897481077,3.73697321040519,3.78481228969352,3.84103042990052,3.88808610028144,3.93663450514937,4.00227491749932,4.02068505647904,4.06587489037801,4.11133896832087,4.19103630992823,4.23167670015831,4.28811363509247,4.31508455357142,4.37286289118301,4.43314169828277,4.53060841731848,4.53915180303512,4.61286485281413,4.64227170883976,4.71500630583405,4.74952659742344,4.78472888728066,4.80467569315317,4.85132904803493,4.89369673912288,4.94173886953537,4.97817681586223,5.01818895212097,5.04669209474563,5.06366693833943,5.07818298274398,5.10415480992034,5.17452948147396,5.19245577415532,5.23109680059818,5.27589996658923,5.30048573581041,5.35393216413447,5.38506485122072,5.40198323654459,5.45385376046097,5.48137678139825,5.5431764366415,5.59533047340664,5.63087904079121,5.65781743714955,5.66812772352509,5.69790702575353,5.71914971351188,5.73693079613814,5.76960577219602,5.79796292966404,5.86276765885017,5.88342007872289,5.89701899196816,5.93796851587362,5.94644557962755,5.97466763705391,6.01420324932974,6.05215032267566,6.08488665692208,6.0887798350548,6.14252610211892,6.19300476712648,6.20614871877397,6.24068023049891,6.24158774074629,6.28658801501092,6.32167998769748,6.3391331781416,6.36186367086957,6.37999746797484,6.45401181894737,6.46110023865642,6.48999330408896,6.50337844628411,6.53609768151756,6.58633482264568,6.64649669965503,6.69154442304274,6.72685051224839,6.73658084201131,6.76640029533265,6.80088368079826,6.81459430494367,6.8397862116398,6.87036720821777,6.87699944640041,6.91461315362609,6.93881702759221,6.9711457136272,6.98425410491063,7.00883784958066,7.03182319939237,7.03761809332479,7.05247069984566,7.09334946339537,7.12221199957666,7.16338642925371,7.1864210215308,7.23575593011325,7.24279905588796,7.25240553673185,7.30037559337396,7.31315703570473,7.32641313696495,7.3399311279248,7.36778539957809,7.3769529572957,7.41382494350561,7.45469208964168,7.46867342234625,7.47971861507797,7.5175305966411,7.53172214920579,7.55782464965113,7.58447063490717,7.6063723978151,7.6432683572001,7.65699448649332,7.68621834273603,7.70440269229647,7.7238678490552,7.766439364646,7.7744221631864,7.81424169027816,7.82777471790193,7.85148103081005,7.88008344101146,7.90072872936917,7.93367700460672,7.97114450736558,7.98941363391292,8.01117966071274,8.02467781625591,8.0855456599971,8.12051011156923,8.13594259479831,8.17989608925161,8.20536757220682,8.2372318734738,8.27371338653601,8.28836979402594,8.31559868087349,8.35713619383258,8.36659562965874,8.39584447124568,8.41880809111699,8.43187069534737,8.45154359489614,8.4719559433862,8.51688644843226,8.53660344876375,8.54833995315947,8.57680384243535,8.60482028537169,8.62504604789545,8.64235311391116,8.66661208082722,8.70627844388454,8.73390501650134,8.74393158657259,8.78668019462766,8.79950496431935,8.85871814716599,8.86235848505542,8.88772263656564,8.93796517188565,8.96356817591353,8.98941502739227,9.04107076386112,9.05312383441542,9.08079722798865,9.12272269640308,9.14547121621052,9.17034644744444,9.19913342864885,9.21794573750807,9.27181227045372,9.29859545647911,9.31617179465246,9.35821605374967,9.37868123046481,9.427808212205,9.45640288016458,9.4842414526682,9.55869582350966,9.55926941145557,9.58446928168467,9.62796258718098,9.64718925370129,9.67556751771762,9.7157642699509,9.77150737141231,9.79196851872274,9.80434449867922,9.84762655826818,9.90671653547819,9.93249529276614,9.95105424763796,9.97119687644787,10.0209745367292,10.035988644278,10.0524644590898,10.1009349421647,10.1420923332742,10.1828997641182,10.2135499659155,10.232834465296,10.2551861958708,10.317646587068,10.3443134476647,10.3925200672584,10.4219516985661,10.4488296007527,10.4609764318774,10.4804830856962,10.4980263222866,10.5433871975155,10.6361124044518,10.6880294684179,10.6918991193851,10.7582293091156,10.7827194492355,10.8259061143337,10.8478878525691,10.8981854890658,10.9558109189291,10.9702101610283,11.0112688120593,11.0435697555782,11.0742843272939,11.1133599839812,11.1553758260641,11.1866697338467,11.2047039341126,11.2665540157251,11.3038001499451,11.3562681056748,11.3803905508455,11.4470258157458,11.4669226782801,11.5113035937765,11.5472464393738,11.5701774425735,11.6230234587965,11.6624949698907,11.7227730882195,11.7475658833202,11.7631081188173,11.8030091979733,11.8893149043993,11.9132559873134,11.9544819218183,11.9793083976185,12.0192357272482,12.0513919237907,12.0982634881256,12.1538119882926,12.1623052966236,12.2055948835374,12.2703348418339,12.3230421718547,12.349155053908,12.3811350739458,12.4157641158207,12.4388563738044,12.4881359954158,12.5276689875869,12.5322991694863,12.5834279717428,12.6625257434089,12.6856282802228,12.7141270966471,12.7955657866957,12.8212344402567,12.869805775329,12.9347046260773,12.9617606587383,12.9757225179664,13.0409442702673,13.0449579511968,13.0737421287698,13.1299353824448,13.1824114573676,13.2205598527941,13.3091355793609,13.3500135757602,13.3551808789655,13.3838404480022,13.4533141268049,13.4922788520763,13.5261208394,13.549087191203,13.6100053362883,13.6409676557983,13.6858651374592,13.7065670240292,13.7367162622715,13.8004319185287,13.8404251174328,13.9065049252904,13.9834066585536,14.0150800594174,14.0645344041924,14.0958202012185,14.1567985276152,14.1821016102913,14.2299906664552,14.2498407062733,14.3166935840712,14.3859527190912,14.3965743147359,14.4073565907543,14.5949479826562,14.6048852889849,14.6483608551241,14.6722571581247,14.7291295326333,14.8435469937172,14.9034885863025,14.9469105833601,14.9841168286937,15.0454815833791,15.1407948189761,15.1953532947501,15.2849854769232,15.2917967798673,15.3318154502728,15.3684423097144,15.4567567460228,15.585134906248,15.674893674345,15.7096216766492,15.7986481374535,15.8214598547274,15.9599107792503,16.0382897842569,16.0923619405946,16.1731764730957,16.3157798218321,16.364267037638,16.4105953436411,16.5082781511114,16.5963138580117,16.8313321935415,16.8619798677268,16.9783257670644,17.1959156510697,17.2565682896851,17.4963293335704,17.6058671418769,17.9209218993973,17.9738029165594,18.073436633339,18.3117569989172,18.4330499183216,18.5967492830967,18.8192798967853,19.1246517285053,19.3488209725834,19.4735249952995,19.8241043992922,20.0302814286643,20.1485336320403,20.4094496068884,21.0308670805656,21.4196866839161,23.3470085121684,NA,NA,NA,NA,NA,NA,NA,NA,NA,NA,NA,NA,NA,NA,NA,NA,NA,NA,NA,NA,NA,NA,NA,NA,NA,NA,NA,NA,NA,NA,NA,NA,NA,NA,NA,NA,NA,NA,NA,NA,NA,NA,NA,NA,NA,NA,NA,NA,NA,NA,NA,NA,NA,NA,NA,NA,NA,NA,NA,NA,NA,NA,NA
0.602652452938289,0.648944667194176,0.84650472485798,1.07984942919115,1.23818287988772,1.46479320856417,1.53535645144955,1.58198435772885,1.64591301907773,1.7219371126789,1.86298573268983,1.89902058781379,1.95522505298942,2.06895263895088,2.21736701976129,2.35880941235148,2.4808647392565,2.52320130303458,2.59687148705376,2.69092824717412,2.79452463950273,2.82389657106603,2.87671545614537,2.97924376317687,3.08285143657295,3.13396231179611,3.17472386563354,3.21458845831738,3.34761059332615,3.37992793640738,3.41226896088429,3.48874617281894,3.54292464375016,3.56122642771804,3.66586286913134,3.68695897481077,3.73697321040519,3.78481228969352,3.84103042990052,3.88808610028144,3.93663450514937,4.00227491749932,4.02068505647904,4.06587489037801,4.11133896832087,4.19103630992823,4.23167670015831,4.28811363509247,4.31508455357142,4.37286289118301,4.43314169828277,4.53060841731848,4.53915180303512,4.61286485281413,4.64227170883976,4.71500630583405,4.74952659742344,4.78472888728066,4.80467569315317,4.85132904803493,4.89369673912288,4.94173886953537,4.97817681586223,5.01818895212097,5.04669209474563,5.06366693833943,5.07818298274398,5.10415480992034,5.17452948147396,5.19245577415532,5.23109680059818,5.27589996658923,5.30048573581041,5.35393216413447,5.38506485122072,5.40198323654459,5.45385376046097,5.48137678139825,5.5431764366415,5.59533047340664,5.63087904079121,5.65781743714955,5.66812772352509,5.69790702575353,5.71914971351188,5.73693079613814,5.76960577219602,5.79796292966404,5.86276765885017,5.88342007872289,5.89701899196816,5.93796851587362,5.94644557962755,5.97466763705391,6.01420324932974,6.05215032267566,6.08488665692208,6.0887798350548,6.14252610211892,6.19300476712648,6.20614871877397,6.24068023049891,6.24158774074629,6.28658801501092,6.32167998769748,6.3391331781416,6.36186367086957,6.37999746797484,6.45401181894737,6.46110023865642,6.48999330408896,6.50337844628411,6.53609768151756,6.58633482264568,6.64649669965503,6.69154442304274,6.72685051224839,6.73658084201131,6.76640029533265,6.80088368079826,6.81459430494367,6.8397862116398,6.87036720821777,6.87699944640041,6.91461315362609,6.93881702759221,6.9711457136272,6.98425410491063,7.00883784958066,7.03182319939237,7.03761809332479,7.05247069984566,7.09334946339537,7.12221199957666,7.16338642925371,7.1864210215308,7.23575593011325,7.24279905588796,7.25240553673185,7.30037559337396,7.31315703570473,7.32641313696495,7.3399311279248,7.36778539957809,7.3769529572957,7.41382494350561,7.45469208964168,7.46867342234625,7.47971861507797,7.5175305966411,7.53172214920579,7.55782464965113,7.58447063490717,7.6063723978151,7.6432683572001,7.65699448649332,7.68621834273603,7.70440269229647,7.7238678490552,7.766439364646,7.7744221631864,7.81424169027816,7.82777471790193,7.85148103081005,7.88008344101146,7.90072872936917,7.93367700460672,7.97114450736558,7.98941363391292,8.01117966071274,8.02467781625591,8.0855456599971,8.12051011156923,8.13594259479831,8.17989608925161,8.20536757220682,8.2372318734738,8.27371338653601,8.28836979402594,8.31559868087349,8.35713619383258,8.36659562965874,8.39584447124568,8.41880809111699,8.43187069534737,8.45154359489614,8.4719559433862,8.51688644843226,8.53660344876375,8.54833995315947,8.57680384243535,8.60482028537169,8.62504604789545,8.64235311391116,8.66661208082722,8.70627844388454,8.73390501650134,8.74393158657259,8.78668019462766,8.79950496431935,8.85871814716599,8.86235848505542,8.88772263656564,8.93796517188565,8.96356817591353,8.98941502739227,9.04107076386112,9.05312383441542,9.08079722798865,9.12272269640308,9.14547121621052,9.17034644744444,9.19913342864885,9.21794573750807,9.27181227045372,9.29859545647911,9.31617179465246,9.35821605374967,9.37868123046481,9.427808212205,9.45640288016458,9.4842414526682,9.55869582350966,9.55926941145557,9.58446928168467,9.62796258718098,9.64718925370129,9.67556751771762,9.7157642699509,9.77150737141231,9.79196851872274,9.80434449867922,9.84762655826818,9.90671653547819,9.93249529276614,9.95105424763796,9.97119687644787,10.0209745367292,10.035988644278,10.0524644590898,10.1009349421647,10.1420923332742,10.1828997641182,10.2135499659155,10.232834465296,10.2551861958708,10.317646587068,10.3443134476647,10.3925200672584,10.4219516985661,10.4488296007527,10.4609764318774,10.4804830856962,10.4980263222866,10.5433871975155,10.6361124044518,10.6880294684179,10.6918991193851,10.7582293091156,10.7827194492355,10.8259061143337,10.8478878525691,10.8981854890658,10.9558109189291,10.9702101610283,11.0112688120593,11.0435697555782,11.0742843272939,11.1133599839812,11.1553758260641,11.1866697338467,11.2047039341126,11.2665540157251,11.3038001499451,11.3562681056748,11.3803905508455,11.4470258157458,11.4669226782801,11.5113035937765,11.5472464393738,11.5701774425735,11.6230234587965,11.6624949698907,11.7227730882195,11.7475658833202,11.7631081188173,11.8030091979733,11.8893149043993,11.9132559873134,11.9544819218183,11.9793083976185,12.0192357272482,12.0513919237907,12.0982634881256,12.1538119882926,12.1623052966236,12.2055948835374,12.2703348418339,12.3230421718547,12.349155053908,12.3811350739458,12.4157641158207,12.4388563738044,12.4881359954158,12.5276689875869,12.5322991694863,12.5834279717428,12.6625257434089,12.6856282802228,12.7141270966471,12.7955657866957,12.8212344402567,12.869805775329,12.9347046260773,12.9617606587383,12.9757225179664,13.0409442702673,13.0449579511968,13.0737421287698,13.1299353824448,13.1824114573676,13.2205598527941,13.3091355793609,13.3500135757602,13.3551808789655,13.3838404480022,13.4533141268049,13.4922788520763,13.5261208394,13.549087191203,13.6100053362883,13.6409676557983,13.6858651374592,13.7065670240292,13.7367162622715,13.8004319185287,13.8404251174328,13.9065049252904,13.9834066585536,14.0150800594174,14.0645344041924,14.0958202012185,14.1567985276152,14.1821016102913,14.2299906664552,14.2498407062733,14.3166935840712,14.3859527190912,14.3965743147359,14.4073565907543,14.5949479826562,14.6048852889849,14.6483608551241,14.6722571581247,14.7291295326333,14.8435469937172,14.9034885863025,14.9469105833601,14.9841168286937,15.0454815833791,15.1407948189761,15.1953532947501,15.2849854769232,15.2917967798673,15.3318154502728,15.3684423097144,15.4567567460228,15.585134906248,15.674893674345,15.7096216766492,15.7986481374535,15.8214598547274,15.9599107792503,16.0382897842569,16.0923619405946,16.1731764730957,16.3157798218321,16.364267037638,16.4105953436411,16.5082781511114,16.5963138580117,16.8313321935415,16.8619798677268,16.9783257670644,17.1959156510697,17.2565682896851,17.4963293335704,17.6058671418769,17.9209218993973,17.9738029165594,18.073436633339,18.3117569989172,18.4330499183216,18.5967492830967,18.8192798967853,19.1246517285053,19.3488209725834,19.4735249952995,19.8241043992922,20.0302814286643,20.1485336320403,20.4094496068884,21.0308670805656,21.4196866839161,23.3470085121684,NA,NA,NA,NA,NA,NA,NA,NA,NA,NA,NA,NA,NA,NA,NA,NA,NA,NA,NA,NA,NA,NA,NA,NA,NA,NA,NA,NA,NA,NA,NA,NA,NA,NA,NA,NA,NA,NA,NA,NA,NA,NA,NA,NA,NA,NA,NA,NA,NA,NA,NA,NA,NA,NA,NA,NA,NA,NA,NA,NA,NA,NA,NA
0.602652452938289,0.648944667194176,0.84650472485798,1.07984942919115,1.23818287988772,1.46479320856417,1.53535645144955,1.58198435772885,1.64591301907773,1.7219371126789,1.86298573268983,1.89902058781379,1.95522505298942,2.06895263895088,2.21736701976129,2.35880941235148,2.4808647392565,2.52320130303458,2.59687148705376,2.69092824717412,2.79452463950273,2.82389657106603,2.87671545614537,2.97924376317687,3.08285143657295,3.13396231179611,3.17472386563354,3.21458845831738,3.34761059332615,3.37992793640738,3.41226896088429,3.48874617281894,3.54292464375016,3.56122642771804,3.66586286913134,3.68695897481077,3.73697321040519,3.78481228969352,3.84103042990052,3.88808610028144,3.93663450514937,4.00227491749932,4.02068505647904,4.06587489037801,4.11133896832087,4.19103630992823,4.23167670015831,4.28811363509247,4.31508455357142,4.37286289118301,4.43314169828277,4.53060841731848,4.53915180303512,4.61286485281413,4.64227170883976,4.71500630583405,4.74952659742344,4.78472888728066,4.80467569315317,4.85132904803493,4.89369673912288,4.94173886953537,4.97817681586223,5.01818895212097,5.04669209474563,5.06366693833943,5.07818298274398,5.10415480992034,5.17452948147396,5.19245577415532,5.23109680059818,5.27589996658923,5.30048573581041,5.35393216413447,5.38506485122072,5.40198323654459,5.45385376046097,5.48137678139825,5.5431764366415,5.59533047340664,5.63087904079121,5.65781743714955,5.66812772352509,5.69790702575353,5.71914971351188,5.73693079613814,5.76960577219602,5.79796292966404,5.86276765885017,5.88342007872289,5.89701899196816,5.93796851587362,5.94644557962755,5.97466763705391,6.01420324932974,6.05215032267566,6.08488665692208,6.0887798350548,6.14252610211892,6.19300476712648,6.20614871877397,6.24068023049891,6.24158774074629,6.28658801501092,6.32167998769748,6.3391331781416,6.36186367086957,6.37999746797484,6.45401181894737,6.46110023865642,6.48999330408896,6.50337844628411,6.53609768151756,6.58633482264568,6.64649669965503,6.69154442304274,6.72685051224839,6.73658084201131,6.76640029533265,6.80088368079826,6.81459430494367,6.8397862116398,6.87036720821777,6.87699944640041,6.91461315362609,6.93881702759221,6.9711457136272,6.98425410491063,7.00883784958066,7.03182319939237,7.03761809332479,7.05247069984566,7.09334946339537,7.12221199957666,7.16338642925371,7.1864210215308,7.23575593011325,7.24279905588796,7.25240553673185,7.30037559337396,7.31315703570473,7.32641313696495,7.3399311279248,7.36778539957809,7.3769529572957,7.41382494350561,7.45469208964168,7.46867342234625,7.47971861507797,7.5175305966411,7.53172214920579,7.55782464965113,7.58447063490717,7.6063723978151,7.6432683572001,7.65699448649332,7.68621834273603,7.70440269229647,7.7238678490552,7.766439364646,7.7744221631864,7.81424169027816,7.82777471790193,7.85148103081005,7.88008344101146,7.90072872936917,7.93367700460672,7.97114450736558,7.98941363391292,8.01117966071274,8.02467781625591,8.0855456599971,8.12051011156923,8.13594259479831,8.17989608925161,8.20536757220682,8.2372318734738,8.27371338653601,8.28836979402594,8.31559868087349,8.35713619383258,8.36659562965874,8.39584447124568,8.41880809111699,8.43187069534737,8.45154359489614,8.4719559433862,8.51688644843226,8.53660344876375,8.54833995315947,8.57680384243535,8.60482028537169,8.62504604789545,8.64235311391116,8.66661208082722,8.70627844388454,8.73390501650134,8.74393158657259,8.78668019462766,8.79950496431935,8.85871814716599,8.86235848505542,8.88772263656564,8.93796517188565,8.96356817591353,8.98941502739227,9.04107076386112,9.05312383441542,9.08079722798865,9.12272269640308,9.14547121621052,9.17034644744444,9.19913342864885,9.21794573750807,9.27181227045372,9.29859545647911,9.31617179465246,9.35821605374967,9.37868123046481,9.427808212205,9.45640288016458,9.4842414526682,9.55869582350966,9.55926941145557,9.58446928168467,9.62796258718098,9.64718925370129,9.67556751771762,9.7157642699509,9.77150737141231,9.79196851872274,9.80434449867922,9.84762655826818,9.90671653547819,9.93249529276614,9.95105424763796,9.97119687644787,10.0209745367292,10.035988644278,10.0524644590898,10.1009349421647,10.1420923332742,10.1828997641182,10.2135499659155,10.232834465296,10.2551861958708,10.317646587068,10.3443134476647,10.3925200672584,10.4219516985661,10.4488296007527,10.4609764318774,10.4804830856962,10.4980263222866,10.5433871975155,10.6361124044518,10.6880294684179,10.6918991193851,10.7582293091156,10.7827194492355,10.8259061143337,10.8478878525691,10.8981854890658,10.9558109189291,10.9702101610283,11.0112688120593,11.0435697555782,11.0742843272939,11.1133599839812,11.1553758260641,11.1866697338467,11.2047039341126,11.2665540157251,11.3038001499451,11.3562681056748,11.3803905508455,11.4470258157458,11.4669226782801,11.5113035937765,11.5472464393738,11.5701774425735,11.6230234587965,11.6624949698907,11.7227730882195,11.7475658833202,11.7631081188173,11.8030091979733,11.8893149043993,11.9132559873134,11.9544819218183,11.9793083976185,12.0192357272482,12.0513919237907,12.0982634881256,12.1538119882926,12.1623052966236,12.2055948835374,12.2703348418339,12.3230421718547,12.349155053908,12.3811350739458,12.4157641158207,12.4388563738044,12.4881359954158,12.5276689875869,12.5322991694863,12.5834279717428,12.6625257434089,12.6856282802228,12.7141270966471,12.7955657866957,12.8212344402567,12.869805775329,12.9347046260773,12.9617606587383,12.9757225179664,13.0409442702673,13.0449579511968,13.0737421287698,13.1299353824448,13.1824114573676,13.2205598527941,13.3091355793609,13.3500135757602,13.3551808789655,13.3838404480022,13.4533141268049,13.4922788520763,13.5261208394,13.549087191203,13.6100053362883,13.6409676557983,13.6858651374592,13.7065670240292,13.7367162622715,13.8004319185287,13.8404251174328,13.9065049252904,13.9834066585536,14.0150800594174,14.0645344041924,14.0958202012185,14.1567985276152,14.1821016102913,14.2299906664552,14.2498407062733,14.3166935840712,14.3859527190912,14.3965743147359,14.4073565907543,14.5949479826562,14.6048852889849,14.6483608551241,14.6722571581247,14.7291295326333,14.8435469937172,14.9034885863025,14.9469105833601,14.9841168286937,15.0454815833791,15.1407948189761,15.1953532947501,15.2849854769232,15.2917967798673,15.3318154502728,15.3684423097144,15.4567567460228,15.585134906248,15.674893674345,15.7096216766492,15.7986481374535,15.8214598547274,15.9599107792503,16.0382897842569,16.0923619405946,16.1731764730957,16.3157798218321,16.364267037638,16.4105953436411,16.5082781511114,16.5963138580117,16.8313321935415,16.8619798677268,16.9783257670644,17.1959156510697,17.2565682896851,17.4963293335704,17.6058671418769,17.9209218993973,17.9738029165594,18.073436633339,18.3117569989172,18.4330499183216,18.5967492830967,18.8192798967853,19.1246517285053,19.3488209725834,19.4735249952995,19.8241043992922,20.0302814286643,20.1485336320403,20.4094496068884,21.0308670805656,21.4196866839161,23.3470085121684,NA,NA,NA,NA,NA,NA,NA,NA,NA,NA,NA,NA,NA,NA,NA,NA,NA,NA,NA,NA,NA,NA,NA,NA,NA,NA,NA,NA,NA,NA,NA,NA,NA,NA,NA,NA,NA,NA,NA,NA,NA,NA,NA,NA,NA,NA,NA,NA,NA,NA,NA,NA,NA,NA,NA,NA,NA,NA,NA,NA,NA,NA,NA
0.602652452938289,0.648944667194176,0.84650472485798,1.07984942919115,1.23818287988772,1.46479320856417,1.53535645144955,1.58198435772885,1.64591301907773,1.7219371126789,1.86298573268983,1.89902058781379,1.95522505298942,2.06895263895088,2.21736701976129,2.35880941235148,2.4808647392565,2.52320130303458,2.59687148705376,2.69092824717412,2.79452463950273,2.82389657106603,2.87671545614537,2.97924376317687,3.08285143657295,3.13396231179611,3.17472386563354,3.21458845831738,3.34761059332615,3.37992793640738,3.41226896088429,3.48874617281894,3.54292464375016,3.56122642771804,3.66586286913134,3.68695897481077,3.73697321040519,3.78481228969352,3.84103042990052,3.88808610028144,3.93663450514937,4.00227491749932,4.02068505647904,4.06587489037801,4.11133896832087,4.19103630992823,4.23167670015831,4.28811363509247,4.31508455357142,4.37286289118301,4.43314169828277,4.53060841731848,4.53915180303512,4.61286485281413,4.64227170883976,4.71500630583405,4.74952659742344,4.78472888728066,4.80467569315317,4.85132904803493,4.89369673912288,4.94173886953537,4.97817681586223,5.01818895212097,5.04669209474563,5.06366693833943,5.07818298274398,5.10415480992034,5.17452948147396,5.19245577415532,5.23109680059818,5.27589996658923,5.30048573581041,5.35393216413447,5.38506485122072,5.40198323654459,5.45385376046097,5.48137678139825,5.5431764366415,5.59533047340664,5.63087904079121,5.65781743714955,5.66812772352509,5.69790702575353,5.71914971351188,5.73693079613814,5.76960577219602,5.79796292966404,5.86276765885017,5.88342007872289,5.89701899196816,5.93796851587362,5.94644557962755,5.97466763705391,6.01420324932974,6.05215032267566,6.08488665692208,6.0887798350548,6.14252610211892,6.19300476712648,6.20614871877397,6.24068023049891,6.24158774074629,6.28658801501092,6.32167998769748,6.3391331781416,6.36186367086957,6.37999746797484,6.45401181894737,6.46110023865642,6.48999330408896,6.50337844628411,6.53609768151756,6.58633482264568,6.64649669965503,6.69154442304274,6.72685051224839,6.73658084201131,6.76640029533265,6.80088368079826,6.81459430494367,6.8397862116398,6.87036720821777,6.87699944640041,6.91461315362609,6.93881702759221,6.9711457136272,6.98425410491063,7.00883784958066,7.03182319939237,7.03761809332479,7.05247069984566,7.09334946339537,7.12221199957666,7.16338642925371,7.1864210215308,7.23575593011325,7.24279905588796,7.25240553673185,7.30037559337396,7.31315703570473,7.32641313696495,7.3399311279248,7.36778539957809,7.3769529572957,7.41382494350561,7.45469208964168,7.46867342234625,7.47971861507797,7.5175305966411,7.53172214920579,7.55782464965113,7.58447063490717,7.6063723978151,7.6432683572001,7.65699448649332,7.68621834273603,7.70440269229647,7.7238678490552,7.766439364646,7.7744221631864,7.81424169027816,7.82777471790193,7.85148103081005,7.88008344101146,7.90072872936917,7.93367700460672,7.97114450736558,7.98941363391292,8.01117966071274,8.02467781625591,8.0855456599971,8.12051011156923,8.13594259479831,8.17989608925161,8.20536757220682,8.2372318734738,8.27371338653601,8.28836979402594,8.31559868087349,8.35713619383258,8.36659562965874,8.39584447124568,8.41880809111699,8.43187069534737,8.45154359489614,8.4719559433862,8.51688644843226,8.53660344876375,8.54833995315947,8.57680384243535,8.60482028537169,8.62504604789545,8.64235311391116,8.66661208082722,8.70627844388454,8.73390501650134,8.74393158657259,8.78668019462766,8.79950496431935,8.85871814716599,8.86235848505542,8.88772263656564,8.93796517188565,8.96356817591353,8.98941502739227,9.04107076386112,9.05312383441542,9.08079722798865,9.12272269640308,9.14547121621052,9.17034644744444,9.19913342864885,9.21794573750807,9.27181227045372,9.29859545647911,9.31617179465246,9.35821605374967,9.37868123046481,9.427808212205,9.45640288016458,9.4842414526682,9.55869582350966,9.55926941145557,9.58446928168467,9.62796258718098,9.64718925370129,9.67556751771762,9.7157642699509,9.77150737141231,9.79196851872274,9.80434449867922,9.84762655826818,9.90671653547819,9.93249529276614,9.95105424763796,9.97119687644787,10.0209745367292,10.035988644278,10.0524644590898,10.1009349421647,10.1420923332742,10.1828997641182,10.2135499659155,10.232834465296,10.2551861958708,10.317646587068,10.3443134476647,10.3925200672584,10.4219516985661,10.4488296007527,10.4609764318774,10.4804830856962,10.4980263222866,10.5433871975155,10.6361124044518,10.6880294684179,10.6918991193851,10.7582293091156,10.7827194492355,10.8259061143337,10.8478878525691,10.8981854890658,10.9558109189291,10.9702101610283,11.0112688120593,11.0435697555782,11.0742843272939,11.1133599839812,11.1553758260641,11.1866697338467,11.2047039341126,11.2665540157251,11.3038001499451,11.3562681056748,11.3803905508455,11.4470258157458,11.4669226782801,11.5113035937765,11.5472464393738,11.5701774425735,11.6230234587965,11.6624949698907,11.7227730882195,11.7475658833202,11.7631081188173,11.8030091979733,11.8893149043993,11.9132559873134,11.9544819218183,11.9793083976185,12.0192357272482,12.0513919237907,12.0982634881256,12.1538119882926,12.1623052966236,12.2055948835374,12.2703348418339,12.3230421718547,12.349155053908,12.3811350739458,12.4157641158207,12.4388563738044,12.4881359954158,12.5276689875869,12.5322991694863,12.5834279717428,12.6625257434089,12.6856282802228,12.7141270966471,12.7955657866957,12.8212344402567,12.869805775329,12.9347046260773,12.9617606587383,12.9757225179664,13.0409442702673,13.0449579511968,13.0737421287698,13.1299353824448,13.1824114573676,13.2205598527941,13.3091355793609,13.3500135757602,13.3551808789655,13.3838404480022,13.4533141268049,13.4922788520763,13.5261208394,13.549087191203,13.6100053362883,13.6409676557983,13.6858651374592,13.7065670240292,13.7367162622715,13.8004319185287,13.8404251174328,13.9065049252904,13.9834066585536,14.0150800594174,14.0645344041924,14.0958202012185,14.1567985276152,14.1821016102913,14.2299906664552,14.2498407062733,14.3166935840712,14.3859527190912,14.3965743147359,14.4073565907543,14.5949479826562,14.6048852889849,14.6483608551241,14.6722571581247,14.7291295326333,14.8435469937172,14.9034885863025,14.9469105833601,14.9841168286937,15.0454815833791,15.1407948189761,15.1953532947501,15.2849854769232,15.2917967798673,15.3318154502728,15.3684423097144,15.4567567460228,15.585134906248,15.674893674345,15.7096216766492,15.7986481374535,15.8214598547274,15.9599107792503,16.0382897842569,16.0923619405946,16.1731764730957,16.3157798218321,16.364267037638,16.4105953436411,16.5082781511114,16.5963138580117,16.8313321935415,16.8619798677268,16.9783257670644,17.1959156510697,17.2565682896851,17.4963293335704,17.6058671418769,17.9209218993973,17.9738029165594,18.073436633339,18.3117569989172,18.4330499183216,18.5967492830967,18.8192798967853,19.1246517285053,19.3488209725834,19.4735249952995,19.8241043992922,20.0302814286643,20.1485336320403,20.4094496068884,21.0308670805656,21.4196866839161,23.3470085121684,NA,NA,NA,NA,NA,NA,NA,NA,NA,NA,NA,NA,NA,NA,NA,NA,NA,NA,NA,NA,NA,NA,NA,NA,NA,NA,NA,NA,NA,NA,NA,NA,NA,NA,NA,NA,NA,NA,NA,NA,NA,NA,NA,NA,NA,NA,NA,NA,NA,NA,NA,NA,NA,NA,NA,NA,NA,NA,NA,NA,NA,NA,NA
0.602652452938289,0.648944667194176,0.84650472485798,1.07984942919115,1.23818287988772,1.46479320856417,1.53535645144955,1.58198435772885,1.64591301907773,1.7219371126789,1.86298573268983,1.89902058781379,1.95522505298942,2.06895263895088,2.21736701976129,2.35880941235148,2.4808647392565,2.52320130303458,2.59687148705376,2.69092824717412,2.79452463950273,2.82389657106603,2.87671545614537,2.97924376317687,3.08285143657295,3.13396231179611,3.17472386563354,3.21458845831738,3.34761059332615,3.37992793640738,3.41226896088429,3.48874617281894,3.54292464375016,3.56122642771804,3.66586286913134,3.68695897481077,3.73697321040519,3.78481228969352,3.84103042990052,3.88808610028144,3.93663450514937,4.00227491749932,4.02068505647904,4.06587489037801,4.11133896832087,4.19103630992823,4.23167670015831,4.28811363509247,4.31508455357142,4.37286289118301,4.43314169828277,4.53060841731848,4.53915180303512,4.61286485281413,4.64227170883976,4.71500630583405,4.74952659742344,4.78472888728066,4.80467569315317,4.85132904803493,4.89369673912288,4.94173886953537,4.97817681586223,5.01818895212097,5.04669209474563,5.06366693833943,5.07818298274398,5.10415480992034,5.17452948147396,5.19245577415532,5.23109680059818,5.27589996658923,5.30048573581041,5.35393216413447,5.38506485122072,5.40198323654459,5.45385376046097,5.48137678139825,5.5431764366415,5.59533047340664,5.63087904079121,5.65781743714955,5.66812772352509,5.69790702575353,5.71914971351188,5.73693079613814,5.76960577219602,5.79796292966404,5.86276765885017,5.88342007872289,5.89701899196816,5.93796851587362,5.94644557962755,5.97466763705391,6.01420324932974,6.05215032267566,6.08488665692208,6.0887798350548,6.14252610211892,6.19300476712648,6.20614871877397,6.24068023049891,6.24158774074629,6.28658801501092,6.32167998769748,6.3391331781416,6.36186367086957,6.37999746797484,6.45401181894737,6.46110023865642,6.48999330408896,6.50337844628411,6.53609768151756,6.58633482264568,6.64649669965503,6.69154442304274,6.72685051224839,6.73658084201131,6.76640029533265,6.80088368079826,6.81459430494367,6.8397862116398,6.87036720821777,6.87699944640041,6.91461315362609,6.93881702759221,6.9711457136272,6.98425410491063,7.00883784958066,7.03182319939237,7.03761809332479,7.05247069984566,7.09334946339537,7.12221199957666,7.16338642925371,7.1864210215308,7.23575593011325,7.24279905588796,7.25240553673185,7.30037559337396,7.31315703570473,7.32641313696495,7.3399311279248,7.36778539957809,7.3769529572957,7.41382494350561,7.45469208964168,7.46867342234625,7.47971861507797,7.5175305966411,7.53172214920579,7.55782464965113,7.58447063490717,7.6063723978151,7.6432683572001,7.65699448649332,7.68621834273603,7.70440269229647,7.7238678490552,7.766439364646,7.7744221631864,7.81424169027816,7.82777471790193,7.85148103081005,7.88008344101146,7.90072872936917,7.93367700460672,7.97114450736558,7.98941363391292,8.01117966071274,8.02467781625591,8.0855456599971,8.12051011156923,8.13594259479831,8.17989608925161,8.20536757220682,8.2372318734738,8.27371338653601,8.28836979402594,8.31559868087349,8.35713619383258,8.36659562965874,8.39584447124568,8.41880809111699,8.43187069534737,8.45154359489614,8.4719559433862,8.51688644843226,8.53660344876375,8.54833995315947,8.57680384243535,8.60482028537169,8.62504604789545,8.64235311391116,8.66661208082722,8.70627844388454,8.73390501650134,8.74393158657259,8.78668019462766,8.79950496431935,8.85871814716599,8.86235848505542,8.88772263656564,8.93796517188565,8.96356817591353,8.98941502739227,9.04107076386112,9.05312383441542,9.08079722798865,9.12272269640308,9.14547121621052,9.17034644744444,9.19913342864885,9.21794573750807,9.27181227045372,9.29859545647911,9.31617179465246,9.35821605374967,9.37868123046481,9.427808212205,9.45640288016458,9.4842414526682,9.55869582350966,9.55926941145557,9.58446928168467,9.62796258718098,9.64718925370129,9.67556751771762,9.7157642699509,9.77150737141231,9.79196851872274,9.80434449867922,9.84762655826818,9.90671653547819,9.93249529276614,9.95105424763796,9.97119687644787,10.0209745367292,10.035988644278,10.0524644590898,10.1009349421647,10.1420923332742,10.1828997641182,10.2135499659155,10.232834465296,10.2551861958708,10.317646587068,10.3443134476647,10.3925200672584,10.4219516985661,10.4488296007527,10.4609764318774,10.4804830856962,10.4980263222866,10.5433871975155,10.6361124044518,10.6880294684179,10.6918991193851,10.7582293091156,10.7827194492355,10.8259061143337,10.8478878525691,10.8981854890658,10.9558109189291,10.9702101610283,11.0112688120593,11.0435697555782,11.0742843272939,11.1133599839812,11.1553758260641,11.1866697338467,11.2047039341126,11.2665540157251,11.3038001499451,11.3562681056748,11.3803905508455,11.4470258157458,11.4669226782801,11.5113035937765,11.5472464393738,11.5701774425735,11.6230234587965,11.6624949698907,11.7227730882195,11.7475658833202,11.7631081188173,11.8030091979733,11.8893149043993,11.9132559873134,11.9544819218183,11.9793083976185,12.0192357272482,12.0513919237907,12.0982634881256,12.1538119882926,12.1623052966236,12.2055948835374,12.2703348418339,12.3230421718547,12.349155053908,12.3811350739458,12.4157641158207,12.4388563738044,12.4881359954158,12.5276689875869,12.5322991694863,12.5834279717428,12.6625257434089,12.6856282802228,12.7141270966471,12.7955657866957,12.8212344402567,12.869805775329,12.9347046260773,12.9617606587383,12.9757225179664,13.0409442702673,13.0449579511968,13.0737421287698,13.1299353824448,13.1824114573676,13.2205598527941,13.3091355793609,13.3500135757602,13.3551808789655,13.3838404480022,13.4533141268049,13.4922788520763,13.5261208394,13.549087191203,13.6100053362883,13.6409676557983,13.6858651374592,13.7065670240292,13.7367162622715,13.8004319185287,13.8404251174328,13.9065049252904,13.9834066585536,14.0150800594174,14.0645344041924,14.0958202012185,14.1567985276152,14.1821016102913,14.2299906664552,14.2498407062733,14.3166935840712,14.3859527190912,14.3965743147359,14.4073565907543,14.5949479826562,14.6048852889849,14.6483608551241,14.6722571581247,14.7291295326333,14.8435469937172,14.9034885863025,14.9469105833601,14.9841168286937,15.0454815833791,15.1407948189761,15.1953532947501,15.2849854769232,15.2917967798673,15.3318154502728,15.3684423097144,15.4567567460228,15.585134906248,15.674893674345,15.7096216766492,15.7986481374535,15.8214598547274,15.9599107792503,16.0382897842569,16.0923619405946,16.1731764730957,16.3157798218321,16.364267037638,16.4105953436411,16.5082781511114,16.5963138580117,16.8313321935415,16.8619798677268,16.9783257670644,17.1959156510697,17.2565682896851,17.4963293335704,17.6058671418769,17.9209218993973,17.9738029165594,18.073436633339,18.3117569989172,18.4330499183216,18.5967492830967,18.8192798967853,19.1246517285053,19.3488209725834,19.4735249952995,19.8241043992922,20.0302814286643,20.1485336320403,20.4094496068884,21.0308670805656,21.4196866839161,23.3470085121684,NA,NA,NA,NA,NA,NA,NA,NA,NA,NA,NA,NA,NA,NA,NA,NA,NA,NA,NA,NA,NA,NA,NA,NA,NA,NA,NA,NA,NA,NA,NA,NA,NA,NA,NA,NA,NA,NA,NA,NA,NA,NA,NA,NA,NA,NA,NA,NA,NA,NA,NA,NA,NA,NA,NA,NA,NA,NA,NA,NA,NA,NA,NA
0.602652452938289,0.648944667194176,0.84650472485798,1.07984942919115,1.23818287988772,1.46479320856417,1.53535645144955,1.58198435772885,1.64591301907773,1.7219371126789,1.86298573268983,1.89902058781379,1.95522505298942,2.06895263895088,2.21736701976129,2.35880941235148,2.4808647392565,2.52320130303458,2.59687148705376,2.69092824717412,2.79452463950273,2.82389657106603,2.87671545614537,2.97924376317687,3.08285143657295,3.13396231179611,3.17472386563354,3.21458845831738,3.34761059332615,3.37992793640738,3.41226896088429,3.48874617281894,3.54292464375016,3.56122642771804,3.66586286913134,3.68695897481077,3.73697321040519,3.78481228969352,3.84103042990052,3.88808610028144,3.93663450514937,4.00227491749932,4.02068505647904,4.06587489037801,4.11133896832087,4.19103630992823,4.23167670015831,4.28811363509247,4.31508455357142,4.37286289118301,4.43314169828277,4.53060841731848,4.53915180303512,4.61286485281413,4.64227170883976,4.71500630583405,4.74952659742344,4.78472888728066,4.80467569315317,4.85132904803493,4.89369673912288,4.94173886953537,4.97817681586223,5.01818895212097,5.04669209474563,5.06366693833943,5.07818298274398,5.10415480992034,5.17452948147396,5.19245577415532,5.23109680059818,5.27589996658923,5.30048573581041,5.35393216413447,5.38506485122072,5.40198323654459,5.45385376046097,5.48137678139825,5.5431764366415,5.59533047340664,5.63087904079121,5.65781743714955,5.66812772352509,5.69790702575353,5.71914971351188,5.73693079613814,5.76960577219602,5.79796292966404,5.86276765885017,5.88342007872289,5.89701899196816,5.93796851587362,5.94644557962755,5.97466763705391,6.01420324932974,6.05215032267566,6.08488665692208,6.0887798350548,6.14252610211892,6.19300476712648,6.20614871877397,6.24068023049891,6.24158774074629,6.28658801501092,6.32167998769748,6.3391331781416,6.36186367086957,6.37999746797484,6.45401181894737,6.46110023865642,6.48999330408896,6.50337844628411,6.53609768151756,6.58633482264568,6.64649669965503,6.69154442304274,6.72685051224839,6.73658084201131,6.76640029533265,6.80088368079826,6.81459430494367,6.8397862116398,6.87036720821777,6.87699944640041,6.91461315362609,6.93881702759221,6.9711457136272,6.98425410491063,7.00883784958066,7.03182319939237,7.03761809332479,7.05247069984566,7.09334946339537,7.12221199957666,7.16338642925371,7.1864210215308,7.23575593011325,7.24279905588796,7.25240553673185,7.30037559337396,7.31315703570473,7.32641313696495,7.3399311279248,7.36778539957809,7.3769529572957,7.41382494350561,7.45469208964168,7.46867342234625,7.47971861507797,7.5175305966411,7.53172214920579,7.55782464965113,7.58447063490717,7.6063723978151,7.6432683572001,7.65699448649332,7.68621834273603,7.70440269229647,7.7238678490552,7.766439364646,7.7744221631864,7.81424169027816,7.82777471790193,7.85148103081005,7.88008344101146,7.90072872936917,7.93367700460672,7.97114450736558,7.98941363391292,8.01117966071274,8.02467781625591,8.0855456599971,8.12051011156923,8.13594259479831,8.17989608925161,8.20536757220682,8.2372318734738,8.27371338653601,8.28836979402594,8.31559868087349,8.35713619383258,8.36659562965874,8.39584447124568,8.41880809111699,8.43187069534737,8.45154359489614,8.4719559433862,8.51688644843226,8.53660344876375,8.54833995315947,8.57680384243535,8.60482028537169,8.62504604789545,8.64235311391116,8.66661208082722,8.70627844388454,8.73390501650134,8.74393158657259,8.78668019462766,8.79950496431935,8.85871814716599,8.86235848505542,8.88772263656564,8.93796517188565,8.96356817591353,8.98941502739227,9.04107076386112,9.05312383441542,9.08079722798865,9.12272269640308,9.14547121621052,9.17034644744444,9.19913342864885,9.21794573750807,9.27181227045372,9.29859545647911,9.31617179465246,9.35821605374967,9.37868123046481,9.427808212205,9.45640288016458,9.4842414526682,9.55869582350966,9.55926941145557,9.58446928168467,9.62796258718098,9.64718925370129,9.67556751771762,9.7157642699509,9.77150737141231,9.79196851872274,9.80434449867922,9.84762655826818,9.90671653547819,9.93249529276614,9.95105424763796,9.97119687644787,10.0209745367292,10.035988644278,10.0524644590898,10.1009349421647,10.1420923332742,10.1828997641182,10.2135499659155,10.232834465296,10.2551861958708,10.317646587068,10.3443134476647,10.3925200672584,10.4219516985661,10.4488296007527,10.4609764318774,10.4804830856962,10.4980263222866,10.5433871975155,10.6361124044518,10.6880294684179,10.6918991193851,10.7582293091156,10.7827194492355,10.8259061143337,10.8478878525691,10.8981854890658,10.9558109189291,10.9702101610283,11.0112688120593,11.0435697555782,11.0742843272939,11.1133599839812,11.1553758260641,11.1866697338467,11.2047039341126,11.2665540157251,11.3038001499451,11.3562681056748,11.3803905508455,11.4470258157458,11.4669226782801,11.5113035937765,11.5472464393738,11.5701774425735,11.6230234587965,11.6624949698907,11.7227730882195,11.7475658833202,11.7631081188173,11.8030091979733,11.8893149043993,11.9132559873134,11.9544819218183,11.9793083976185,12.0192357272482,12.0513919237907,12.0982634881256,12.1538119882926,12.1623052966236,12.2055948835374,12.2703348418339,12.3230421718547,12.349155053908,12.3811350739458,12.4157641158207,12.4388563738044,12.4881359954158,12.5276689875869,12.5322991694863,12.5834279717428,12.6625257434089,12.6856282802228,12.7141270966471,12.7955657866957,12.8212344402567,12.869805775329,12.9347046260773,12.9617606587383,12.9757225179664,13.0409442702673,13.0449579511968,13.0737421287698,13.1299353824448,13.1824114573676,13.2205598527941,13.3091355793609,13.3500135757602,13.3551808789655,13.3838404480022,13.4533141268049,13.4922788520763,13.5261208394,13.549087191203,13.6100053362883,13.6409676557983,13.6858651374592,13.7065670240292,13.7367162622715,13.8004319185287,13.8404251174328,13.9065049252904,13.9834066585536,14.0150800594174,14.0645344041924,14.0958202012185,14.1567985276152,14.1821016102913,14.2299906664552,14.2498407062733,14.3166935840712,14.3859527190912,14.3965743147359,14.4073565907543,14.5949479826562,14.6048852889849,14.6483608551241,14.6722571581247,14.7291295326333,14.8435469937172,14.9034885863025,14.9469105833601,14.9841168286937,15.0454815833791,15.1407948189761,15.1953532947501,15.2849854769232,15.2917967798673,15.3318154502728,15.3684423097144,15.4567567460228,15.585134906248,15.674893674345,15.7096216766492,15.7986481374535,15.8214598547274,15.9599107792503,16.0382897842569,16.0923619405946,16.1731764730957,16.3157798218321,16.364267037638,16.4105953436411,16.5082781511114,16.5963138580117,16.8313321935415,16.8619798677268,16.9783257670644,17.1959156510697,17.2565682896851,17.4963293335704,17.6058671418769,17.9209218993973,17.9738029165594,18.073436633339,18.3117569989172,18.4330499183216,18.5967492830967,18.8192798967853,19.1246517285053,19.3488209725834,19.4735249952995,19.8241043992922,20.0302814286643,20.1485336320403,20.4094496068884,21.0308670805656,21.4196866839161,23.3470085121684,NA,NA,NA,NA,NA,NA,NA,NA,NA,NA,NA,NA,NA,NA,NA,NA,NA,NA,NA,NA,NA,NA,NA,NA,NA,NA,NA,NA,NA,NA,NA,NA,NA,NA,NA,NA,NA,NA,NA,NA,NA,NA,NA,NA,NA,NA,NA,NA,NA,NA,NA,NA,NA,NA,NA,NA,NA,NA,NA,NA,NA,NA,NA
0.50139634824365,0.610374979185811,0.799584476168204,0.879800515034183,0.934679321272809,1.17721537009304,1.330437975729,1.43002746971062,1.54461790106395,1.59533332037933,1.70609991685521,1.74511685808068,1.806005497665,1.86881553949862,1.98562545193488,2.00488194836605,2.12582641088971,2.19242780084072,2.2608541818813,2.42748224753769,2.52616694613002,2.5553687630633,2.6483522759224,2.70915873383321,2.79726663959764,2.86162609255721,2.91690335432246,2.95794201192718,3.07751481189996,3.12065014525551,3.12691508757493,3.20167285503755,3.21671095939652,3.31141405358371,3.35047765149862,3.38200893830638,3.47072639783531,3.49551806687891,3.52784969868892,3.59510063549131,3.64692225127078,3.68608469008488,3.73321025657237,3.75809080883587,3.83048135113783,3.85720026712131,3.89340148766981,3.9541707243448,3.97613146054341,3.99734952901706,4.05472416623366,4.10940039380576,4.19944585558126,4.25897106324396,4.28063943056971,4.31297995661071,4.34271167908813,4.39190475560013,4.46928968111217,4.52081519263939,4.57963426182148,4.59884177031407,4.65121241175569,4.67600778367705,4.73816969731186,4.77157686357694,4.80429540026048,4.84774555678812,4.8857538212696,4.9288895796436,4.95083274638668,5.00699065252456,5.03458090963871,5.04617974175484,5.09533572104394,5.12296313384059,5.16104846907234,5.1649859310416,5.20047238481204,5.23648575667488,5.26364154774697,5.32205618191155,5.34831396729735,5.37035334324005,5.40290588222602,5.41616943765742,5.46835162538118,5.49241465301563,5.52931849053733,5.5642755682354,5.60906656178239,5.64255017649035,5.68686152080992,5.70134726443111,5.71337858956513,5.73168678004905,5.75320366695952,5.81036789323158,5.83514754338819,5.8806063424771,5.89920632108738,5.9329471564458,5.94932753362722,5.98392654710165,6.00421665567412,6.04251082060429,6.0705061713263,6.0763774284956,6.12162586578729,6.14137131745833,6.18491343727667,6.19508459914203,6.22267628298467,6.25227162952213,6.29706593570001,6.34517460764904,6.35187067068806,6.37004497447803,6.38402360881559,6.4136034039148,6.44417077505383,6.46542601598127,6.47111010885601,6.51023393448253,6.5226372621798,6.56014521226523,6.58620899793626,6.59616635728349,6.68212140309527,6.71031438394939,6.73481836963331,6.75500963263974,6.76387419728612,6.80001544490134,6.82608896500699,6.85668567837799,6.87313086185027,6.89307325089245,6.90414204979102,6.9294946479275,6.95767071447697,6.98593351295947,6.98914928103872,7.02539894305238,7.04039026321907,7.08383282772454,7.098646494238,7.1342667464761,7.17738456906989,7.18879021220321,7.22541264825303,7.23504709742351,7.24813687984709,7.28217002141005,7.30363042142757,7.31668412656201,7.34079619328724,7.35352540169739,7.36046557538663,7.39865199437636,7.43597733667498,7.44786366275935,7.45805299767074,7.47503646215802,7.51015117339894,7.53694983491345,7.55249417682154,7.58281358994659,7.60069644573372,7.63293170734645,7.66651037299715,7.68841684887417,7.70971617785561,7.71737100727602,7.74821454398471,7.76695643931769,7.79137651919415,7.80763389276419,7.86436317602988,7.87253589329989,7.89501052350096,7.9032316324633,7.94632804915242,7.96508337514133,7.98756333564014,8.00115135792285,8.03502784056512,8.06489616822943,8.06691543483672,8.11383848750951,8.13241766260292,8.15147050079309,8.16824685285701,8.1772109268965,8.23051112454026,8.29204009638658,8.29411980799743,8.31235241597442,8.35201006599824,8.36945342830727,8.38425412653925,8.4161703481679,8.42707601515986,8.46016285098224,8.48226536274401,8.50424417990447,8.52178492002678,8.54719096700598,8.56682617413897,8.59631611364765,8.63228237807688,8.64803543514969,8.66155968074692,8.70143074130998,8.71213236808576,8.74527198327089,8.76070990704955,8.77286234877746,8.82109681770705,8.85345798826165,8.87927424019051,8.88633074184304,8.93428232282196,8.96170321057841,9.00474302368056,9.04645026999684,9.07449823223572,9.09351014854296,9.10788304914306,9.11488621696312,9.18029429071015,9.203549306926,9.23085323548285,9.24555779724707,9.26660445174335,9.2898981185794,9.33149561950761,9.38418172166638,9.40625117118512,9.42191089224063,9.48323379477918,9.51061381007652,9.53058231456033,9.55646329770042,9.59818017827744,9.62623345431081,9.67901228663483,9.68586644741981,9.71535595979621,9.72706992093837,9.78828763065647,9.81318336267864,9.8272026274509,9.85463828657378,9.90678495844182,9.91022444917321,9.97413027037081,10.004679154143,10.0467667222101,10.0724111593647,10.0792886702885,10.093511790319,10.13356961066,10.1671901368269,10.1941576754529,10.2451242773602,10.2897440319855,10.3286149706941,10.3530588120065,10.3671141799806,10.427018459445,10.4434474471306,10.4713019249757,10.4919347942175,10.5122317673009,10.5266171964401,10.5973392115793,10.6601675763389,10.6698715300815,10.7349904959766,10.7704858497049,10.8096592431146,10.8753588609871,10.8868951213746,10.941828118745,10.9585926612967,11.0412115652793,11.0656313771221,11.0910720021613,11.0990580035131,11.1521561618854,11.1705217498427,11.1800767629096,11.2212939919134,11.261522059667,11.2821933143908,11.3481814984986,11.4037499364156,11.4164477097854,11.4910096850243,11.4970293591755,11.5099614211768,11.5796808246714,11.6067176594181,11.6575336250268,11.7015736663184,11.7564533987319,11.7706200517966,11.8208355843329,11.8243926861346,11.8591691588752,11.9422782315918,11.9468012224556,12.0176883043442,12.0539889322846,12.0867713903826,12.1055272891057,12.1494162297666,12.1659763477328,12.2223264108953,12.2793862134404,12.3021886578322,12.3268566195321,12.3385625386452,12.3946423053998,12.4467796844073,12.502550710368,12.5690858126501,12.5856075789019,12.6428568826335,12.6769848777454,12.7120055970395,12.7418140256288,12.8176547353264,12.8317422332699,12.9046835942225,12.9220820997382,12.9482149825577,12.9820553452216,12.9978666701343,13.061042710264,13.0832313507121,13.1188666602462,13.1659342327348,13.1999470003176,13.2485681671375,13.2899907681828,13.3409719224312,13.396756583948,13.4144220261571,13.4660198862136,13.5263450220272,13.543527391878,13.567915777216,13.6162864854297,13.6367016649408,13.700188982434,13.7369130384248,13.7721806396611,13.7949421392958,13.8545933976985,13.8996346252307,13.9220980129551,14.031961296269,14.054575549994,14.1100305531493,14.1434873393769,14.2029011007928,14.2208672521066,14.2597540989449,14.3583667190673,14.4019586613891,14.4294328589109,14.460285790706,14.5179128838301,14.583931586001,14.6376074210165,14.6685087103867,14.7127867776893,14.7789767482328,14.8431657562326,14.9095233884059,14.9558151678545,15.0530616726193,15.0959782951153,15.197569972423,15.2248132189085,15.3455514905089,15.3610979837551,15.4054553671977,15.4343977421631,15.4964614719879,15.6017971377016,15.7035404776337,15.7404607447127,15.8203901089068,15.9113793042491,16.0323973773664,16.1378811699979,16.1624232868851,16.2496361165266,16.3193213079369,16.4100604657476,16.5418304315513,16.6119469688879,16.6809152211318,16.7586545951827,16.8318584546543,16.9473846858824,17.0653520303747,17.2967651986675,17.3243813457207,17.5790116590799,17.8964500558508,18.0144833046981,18.1515783647737,18.2952049942872,18.3428381870879,18.5192467990066,18.6620674360395,18.8210400561973,18.9594379832525,19.1936308306856,19.4118477512973,19.6179580599729,20.0008824245314,20.1099098002818,20.2162170326963,20.6388080759277,21.0837047572323,21.4377317981977,23.3589308111841,NA,NA,NA,NA,NA,NA,NA,NA,NA,NA,NA,NA,NA,NA,NA,NA,NA,NA,NA,NA,NA,NA,NA,NA,NA,NA,NA,NA,NA,NA,NA,NA,NA,NA,NA,NA
0.50139634824365,0.610374979185811,0.799584476168204,0.879800515034183,0.934679321272809,1.17721537009304,1.330437975729,1.43002746971062,1.54461790106395,1.59533332037933,1.70609991685521,1.74511685808068,1.806005497665,1.86881553949862,1.98562545193488,2.00488194836605,2.12582641088971,2.19242780084072,2.2608541818813,2.42748224753769,2.52616694613002,2.5553687630633,2.6483522759224,2.70915873383321,2.79726663959764,2.86162609255721,2.91690335432246,2.95794201192718,3.07751481189996,3.12065014525551,3.12691508757493,3.20167285503755,3.21671095939652,3.31141405358371,3.35047765149862,3.38200893830638,3.47072639783531,3.49551806687891,3.52784969868892,3.59510063549131,3.64692225127078,3.68608469008488,3.73321025657237,3.75809080883587,3.83048135113783,3.85720026712131,3.89340148766981,3.9541707243448,3.97613146054341,3.99734952901706,4.05472416623366,4.10940039380576,4.19944585558126,4.25897106324396,4.28063943056971,4.31297995661071,4.34271167908813,4.39190475560013,4.46928968111217,4.52081519263939,4.57963426182148,4.59884177031407,4.65121241175569,4.67600778367705,4.73816969731186,4.77157686357694,4.80429540026048,4.84774555678812,4.8857538212696,4.9288895796436,4.95083274638668,5.00699065252456,5.03458090963871,5.04617974175484,5.09533572104394,5.12296313384059,5.16104846907234,5.1649859310416,5.20047238481204,5.23648575667488,5.26364154774697,5.32205618191155,5.34831396729735,5.37035334324005,5.40290588222602,5.41616943765742,5.46835162538118,5.49241465301563,5.52931849053733,5.5642755682354,5.60906656178239,5.64255017649035,5.68686152080992,5.70134726443111,5.71337858956513,5.73168678004905,5.75320366695952,5.81036789323158,5.83514754338819,5.8806063424771,5.89920632108738,5.9329471564458,5.94932753362722,5.98392654710165,6.00421665567412,6.04251082060429,6.0705061713263,6.0763774284956,6.12162586578729,6.14137131745833,6.18491343727667,6.19508459914203,6.22267628298467,6.25227162952213,6.29706593570001,6.34517460764904,6.35187067068806,6.37004497447803,6.38402360881559,6.4136034039148,6.44417077505383,6.46542601598127,6.47111010885601,6.51023393448253,6.5226372621798,6.56014521226523,6.58620899793626,6.59616635728349,6.68212140309527,6.71031438394939,6.73481836963331,6.75500963263974,6.76387419728612,6.80001544490134,6.82608896500699,6.85668567837799,6.87313086185027,6.89307325089245,6.90414204979102,6.9294946479275,6.95767071447697,6.98593351295947,6.98914928103872,7.02539894305238,7.04039026321907,7.08383282772454,7.098646494238,7.1342667464761,7.17738456906989,7.18879021220321,7.22541264825303,7.23504709742351,7.24813687984709,7.28217002141005,7.30363042142757,7.31668412656201,7.34079619328724,7.35352540169739,7.36046557538663,7.39865199437636,7.43597733667498,7.44786366275935,7.45805299767074,7.47503646215802,7.51015117339894,7.53694983491345,7.55249417682154,7.58281358994659,7.60069644573372,7.63293170734645,7.66651037299715,7.68841684887417,7.70971617785561,7.71737100727602,7.74821454398471,7.76695643931769,7.79137651919415,7.80763389276419,7.86436317602988,7.87253589329989,7.89501052350096,7.9032316324633,7.94632804915242,7.96508337514133,7.98756333564014,8.00115135792285,8.03502784056512,8.06489616822943,8.06691543483672,8.11383848750951,8.13241766260292,8.15147050079309,8.16824685285701,8.1772109268965,8.23051112454026,8.29204009638658,8.29411980799743,8.31235241597442,8.35201006599824,8.36945342830727,8.38425412653925,8.4161703481679,8.42707601515986,8.46016285098224,8.48226536274401,8.50424417990447,8.52178492002678,8.54719096700598,8.56682617413897,8.59631611364765,8.63228237807688,8.64803543514969,8.66155968074692,8.70143074130998,8.71213236808576,8.74527198327089,8.76070990704955,8.77286234877746,8.82109681770705,8.85345798826165,8.87927424019051,8.88633074184304,8.93428232282196,8.96170321057841,9.00474302368056,9.04645026999684,9.07449823223572,9.09351014854296,9.10788304914306,9.11488621696312,9.18029429071015,9.203549306926,9.23085323548285,9.24555779724707,9.26660445174335,9.2898981185794,9.33149561950761,9.38418172166638,9.40625117118512,9.42191089224063,9.48323379477918,9.51061381007652,9.53058231456033,9.55646329770042,9.59818017827744,9.62623345431081,9.67901228663483,9.68586644741981,9.71535595979621,9.72706992093837,9.78828763065647,9.81318336267864,9.8272026274509,9.85463828657378,9.90678495844182,9.91022444917321,9.97413027037081,10.004679154143,10.0467667222101,10.0724111593647,10.0792886702885,10.093511790319,10.13356961066,10.1671901368269,10.1941576754529,10.2451242773602,10.2897440319855,10.3286149706941,10.3530588120065,10.3671141799806,10.427018459445,10.4434474471306,10.4713019249757,10.4919347942175,10.5122317673009,10.5266171964401,10.5973392115793,10.6601675763389,10.6698715300815,10.7349904959766,10.7704858497049,10.8096592431146,10.8753588609871,10.8868951213746,10.941828118745,10.9585926612967,11.0412115652793,11.0656313771221,11.0910720021613,11.0990580035131,11.1521561618854,11.1705217498427,11.1800767629096,11.2212939919134,11.261522059667,11.2821933143908,11.3481814984986,11.4037499364156,11.4164477097854,11.4910096850243,11.4970293591755,11.5099614211768,11.5796808246714,11.6067176594181,11.6575336250268,11.7015736663184,11.7564533987319,11.7706200517966,11.8208355843329,11.8243926861346,11.8591691588752,11.9422782315918,11.9468012224556,12.0176883043442,12.0539889322846,12.0867713903826,12.1055272891057,12.1494162297666,12.1659763477328,12.2223264108953,12.2793862134404,12.3021886578322,12.3268566195321,12.3385625386452,12.3946423053998,12.4467796844073,12.502550710368,12.5690858126501,12.5856075789019,12.6428568826335,12.6769848777454,12.7120055970395,12.7418140256288,12.8176547353264,12.8317422332699,12.9046835942225,12.9220820997382,12.9482149825577,12.9820553452216,12.9978666701343,13.061042710264,13.0832313507121,13.1188666602462,13.1659342327348,13.1999470003176,13.2485681671375,13.2899907681828,13.3409719224312,13.396756583948,13.4144220261571,13.4660198862136,13.5263450220272,13.543527391878,13.567915777216,13.6162864854297,13.6367016649408,13.700188982434,13.7369130384248,13.7721806396611,13.7949421392958,13.8545933976985,13.8996346252307,13.9220980129551,14.031961296269,14.054575549994,14.1100305531493,14.1434873393769,14.2029011007928,14.2208672521066,14.2597540989449,14.3583667190673,14.4019586613891,14.4294328589109,14.460285790706,14.5179128838301,14.583931586001,14.6376074210165,14.6685087103867,14.7127867776893,14.7789767482328,14.8431657562326,14.9095233884059,14.9558151678545,15.0530616726193,15.0959782951153,15.197569972423,15.2248132189085,15.3455514905089,15.3610979837551,15.4054553671977,15.4343977421631,15.4964614719879,15.6017971377016,15.7035404776337,15.7404607447127,15.8203901089068,15.9113793042491,16.0323973773664,16.1378811699979,16.1624232868851,16.2496361165266,16.3193213079369,16.4100604657476,16.5418304315513,16.6119469688879,16.6809152211318,16.7586545951827,16.8318584546543,16.9473846858824,17.0653520303747,17.2967651986675,17.3243813457207,17.5790116590799,17.8964500558508,18.0144833046981,18.1515783647737,18.2952049942872,18.3428381870879,18.5192467990066,18.6620674360395,18.8210400561973,18.9594379832525,19.1936308306856,19.4118477512973,19.6179580599729,20.0008824245314,20.1099098002818,20.2162170326963,20.6388080759277,21.0837047572323,21.4377317981977,23.3589308111841,NA,NA,NA,NA,NA,NA,NA,NA,NA,NA,NA,NA,NA,NA,NA,NA,NA,NA,NA,NA,NA,NA,NA,NA,NA,NA,NA,NA,NA,NA,NA,NA,NA,NA,NA,NA
0.50139634824365,0.610374979185811,0.799584476168204,0.879800515034183,0.934679321272809,1.17721537009304,1.330437975729,1.43002746971062,1.54461790106395,1.59533332037933,1.70609991685521,1.74511685808068,1.806005497665,1.86881553949862,1.98562545193488,2.00488194836605,2.12582641088971,2.19242780084072,2.2608541818813,2.42748224753769,2.52616694613002,2.5553687630633,2.6483522759224,2.70915873383321,2.79726663959764,2.86162609255721,2.91690335432246,2.95794201192718,3.07751481189996,3.12065014525551,3.12691508757493,3.20167285503755,3.21671095939652,3.31141405358371,3.35047765149862,3.38200893830638,3.47072639783531,3.49551806687891,3.52784969868892,3.59510063549131,3.64692225127078,3.68608469008488,3.73321025657237,3.75809080883587,3.83048135113783,3.85720026712131,3.89340148766981,3.9541707243448,3.97613146054341,3.99734952901706,4.05472416623366,4.10940039380576,4.19944585558126,4.25897106324396,4.28063943056971,4.31297995661071,4.34271167908813,4.39190475560013,4.46928968111217,4.52081519263939,4.57963426182148,4.59884177031407,4.65121241175569,4.67600778367705,4.73816969731186,4.77157686357694,4.80429540026048,4.84774555678812,4.8857538212696,4.9288895796436,4.95083274638668,5.00699065252456,5.03458090963871,5.04617974175484,5.09533572104394,5.12296313384059,5.16104846907234,5.1649859310416,5.20047238481204,5.23648575667488,5.26364154774697,5.32205618191155,5.34831396729735,5.37035334324005,5.40290588222602,5.41616943765742,5.46835162538118,5.49241465301563,5.52931849053733,5.5642755682354,5.60906656178239,5.64255017649035,5.68686152080992,5.70134726443111,5.71337858956513,5.73168678004905,5.75320366695952,5.81036789323158,5.83514754338819,5.8806063424771,5.89920632108738,5.9329471564458,5.94932753362722,5.98392654710165,6.00421665567412,6.04251082060429,6.0705061713263,6.0763774284956,6.12162586578729,6.14137131745833,6.18491343727667,6.19508459914203,6.22267628298467,6.25227162952213,6.29706593570001,6.34517460764904,6.35187067068806,6.37004497447803,6.38402360881559,6.4136034039148,6.44417077505383,6.46542601598127,6.47111010885601,6.51023393448253,6.5226372621798,6.56014521226523,6.58620899793626,6.59616635728349,6.68212140309527,6.71031438394939,6.73481836963331,6.75500963263974,6.76387419728612,6.80001544490134,6.82608896500699,6.85668567837799,6.87313086185027,6.89307325089245,6.90414204979102,6.9294946479275,6.95767071447697,6.98593351295947,6.98914928103872,7.02539894305238,7.04039026321907,7.08383282772454,7.098646494238,7.1342667464761,7.17738456906989,7.18879021220321,7.22541264825303,7.23504709742351,7.24813687984709,7.28217002141005,7.30363042142757,7.31668412656201,7.34079619328724,7.35352540169739,7.36046557538663,7.39865199437636,7.43597733667498,7.44786366275935,7.45805299767074,7.47503646215802,7.51015117339894,7.53694983491345,7.55249417682154,7.58281358994659,7.60069644573372,7.63293170734645,7.66651037299715,7.68841684887417,7.70971617785561,7.71737100727602,7.74821454398471,7.76695643931769,7.79137651919415,7.80763389276419,7.86436317602988,7.87253589329989,7.89501052350096,7.9032316324633,7.94632804915242,7.96508337514133,7.98756333564014,8.00115135792285,8.03502784056512,8.06489616822943,8.06691543483672,8.11383848750951,8.13241766260292,8.15147050079309,8.16824685285701,8.1772109268965,8.23051112454026,8.29204009638658,8.29411980799743,8.31235241597442,8.35201006599824,8.36945342830727,8.38425412653925,8.4161703481679,8.42707601515986,8.46016285098224,8.48226536274401,8.50424417990447,8.52178492002678,8.54719096700598,8.56682617413897,8.59631611364765,8.63228237807688,8.64803543514969,8.66155968074692,8.70143074130998,8.71213236808576,8.74527198327089,8.76070990704955,8.77286234877746,8.82109681770705,8.85345798826165,8.87927424019051,8.88633074184304,8.93428232282196,8.96170321057841,9.00474302368056,9.04645026999684,9.07449823223572,9.09351014854296,9.10788304914306,9.11488621696312,9.18029429071015,9.203549306926,9.23085323548285,9.24555779724707,9.26660445174335,9.2898981185794,9.33149561950761,9.38418172166638,9.40625117118512,9.42191089224063,9.48323379477918,9.51061381007652,9.53058231456033,9.55646329770042,9.59818017827744,9.62623345431081,9.67901228663483,9.68586644741981,9.71535595979621,9.72706992093837,9.78828763065647,9.81318336267864,9.8272026274509,9.85463828657378,9.90678495844182,9.91022444917321,9.97413027037081,10.004679154143,10.0467667222101,10.0724111593647,10.0792886702885,10.093511790319,10.13356961066,10.1671901368269,10.1941576754529,10.2451242773602,10.2897440319855,10.3286149706941,10.3530588120065,10.3671141799806,10.427018459445,10.4434474471306,10.4713019249757,10.4919347942175,10.5122317673009,10.5266171964401,10.5973392115793,10.6601675763389,10.6698715300815,10.7349904959766,10.7704858497049,10.8096592431146,10.8753588609871,10.8868951213746,10.941828118745,10.9585926612967,11.0412115652793,11.0656313771221,11.0910720021613,11.0990580035131,11.1521561618854,11.1705217498427,11.1800767629096,11.2212939919134,11.261522059667,11.2821933143908,11.3481814984986,11.4037499364156,11.4164477097854,11.4910096850243,11.4970293591755,11.5099614211768,11.5796808246714,11.6067176594181,11.6575336250268,11.7015736663184,11.7564533987319,11.7706200517966,11.8208355843329,11.8243926861346,11.8591691588752,11.9422782315918,11.9468012224556,12.0176883043442,12.0539889322846,12.0867713903826,12.1055272891057,12.1494162297666,12.1659763477328,12.2223264108953,12.2793862134404,12.3021886578322,12.3268566195321,12.3385625386452,12.3946423053998,12.4467796844073,12.502550710368,12.5690858126501,12.5856075789019,12.6428568826335,12.6769848777454,12.7120055970395,12.7418140256288,12.8176547353264,12.8317422332699,12.9046835942225,12.9220820997382,12.9482149825577,12.9820553452216,12.9978666701343,13.061042710264,13.0832313507121,13.1188666602462,13.1659342327348,13.1999470003176,13.2485681671375,13.2899907681828,13.3409719224312,13.396756583948,13.4144220261571,13.4660198862136,13.5263450220272,13.543527391878,13.567915777216,13.6162864854297,13.6367016649408,13.700188982434,13.7369130384248,13.7721806396611,13.7949421392958,13.8545933976985,13.8996346252307,13.9220980129551,14.031961296269,14.054575549994,14.1100305531493,14.1434873393769,14.2029011007928,14.2208672521066,14.2597540989449,14.3583667190673,14.4019586613891,14.4294328589109,14.460285790706,14.5179128838301,14.583931586001,14.6376074210165,14.6685087103867,14.7127867776893,14.7789767482328,14.8431657562326,14.9095233884059,14.9558151678545,15.0530616726193,15.0959782951153,15.197569972423,15.2248132189085,15.3455514905089,15.3610979837551,15.4054553671977,15.4343977421631,15.4964614719879,15.6017971377016,15.7035404776337,15.7404607447127,15.8203901089068,15.9113793042491,16.0323973773664,16.1378811699979,16.1624232868851,16.2496361165266,16.3193213079369,16.4100604657476,16.5418304315513,16.6119469688879,16.6809152211318,16.7586545951827,16.8318584546543,16.9473846858824,17.0653520303747,17.2967651986675,17.3243813457207,17.5790116590799,17.8964500558508,18.0144833046981,18.1515783647737,18.2952049942872,18.3428381870879,18.5192467990066,18.6620674360395,18.8210400561973,18.9594379832525,19.1936308306856,19.4118477512973,19.6179580599729,20.0008824245314,20.1099098002818,20.2162170326963,20.6388080759277,21.0837047572323,21.4377317981977,23.3589308111841,NA,NA,NA,NA,NA,NA,NA,NA,NA,NA,NA,NA,NA,NA,NA,NA,NA,NA,NA,NA,NA,NA,NA,NA,NA,NA,NA,NA,NA,NA,NA,NA,NA,NA,NA,NA
0.50139634824365,0.610374979185811,0.799584476168204,0.879800515034183,0.934679321272809,1.17721537009304,1.330437975729,1.43002746971062,1.54461790106395,1.59533332037933,1.70609991685521,1.74511685808068,1.806005497665,1.86881553949862,1.98562545193488,2.00488194836605,2.12582641088971,2.19242780084072,2.2608541818813,2.42748224753769,2.52616694613002,2.5553687630633,2.6483522759224,2.70915873383321,2.79726663959764,2.86162609255721,2.91690335432246,2.95794201192718,3.07751481189996,3.12065014525551,3.12691508757493,3.20167285503755,3.21671095939652,3.31141405358371,3.35047765149862,3.38200893830638,3.47072639783531,3.49551806687891,3.52784969868892,3.59510063549131,3.64692225127078,3.68608469008488,3.73321025657237,3.75809080883587,3.83048135113783,3.85720026712131,3.89340148766981,3.9541707243448,3.97613146054341,3.99734952901706,4.05472416623366,4.10940039380576,4.19944585558126,4.25897106324396,4.28063943056971,4.31297995661071,4.34271167908813,4.39190475560013,4.46928968111217,4.52081519263939,4.57963426182148,4.59884177031407,4.65121241175569,4.67600778367705,4.73816969731186,4.77157686357694,4.80429540026048,4.84774555678812,4.8857538212696,4.9288895796436,4.95083274638668,5.00699065252456,5.03458090963871,5.04617974175484,5.09533572104394,5.12296313384059,5.16104846907234,5.1649859310416,5.20047238481204,5.23648575667488,5.26364154774697,5.32205618191155,5.34831396729735,5.37035334324005,5.40290588222602,5.41616943765742,5.46835162538118,5.49241465301563,5.52931849053733,5.5642755682354,5.60906656178239,5.64255017649035,5.68686152080992,5.70134726443111,5.71337858956513,5.73168678004905,5.75320366695952,5.81036789323158,5.83514754338819,5.8806063424771,5.89920632108738,5.9329471564458,5.94932753362722,5.98392654710165,6.00421665567412,6.04251082060429,6.0705061713263,6.0763774284956,6.12162586578729,6.14137131745833,6.18491343727667,6.19508459914203,6.22267628298467,6.25227162952213,6.29706593570001,6.34517460764904,6.35187067068806,6.37004497447803,6.38402360881559,6.4136034039148,6.44417077505383,6.46542601598127,6.47111010885601,6.51023393448253,6.5226372621798,6.56014521226523,6.58620899793626,6.59616635728349,6.68212140309527,6.71031438394939,6.73481836963331,6.75500963263974,6.76387419728612,6.80001544490134,6.82608896500699,6.85668567837799,6.87313086185027,6.89307325089245,6.90414204979102,6.9294946479275,6.95767071447697,6.98593351295947,6.98914928103872,7.02539894305238,7.04039026321907,7.08383282772454,7.098646494238,7.1342667464761,7.17738456906989,7.18879021220321,7.22541264825303,7.23504709742351,7.24813687984709,7.28217002141005,7.30363042142757,7.31668412656201,7.34079619328724,7.35352540169739,7.36046557538663,7.39865199437636,7.43597733667498,7.44786366275935,7.45805299767074,7.47503646215802,7.51015117339894,7.53694983491345,7.55249417682154,7.58281358994659,7.60069644573372,7.63293170734645,7.66651037299715,7.68841684887417,7.70971617785561,7.71737100727602,7.74821454398471,7.76695643931769,7.79137651919415,7.80763389276419,7.86436317602988,7.87253589329989,7.89501052350096,7.9032316324633,7.94632804915242,7.96508337514133,7.98756333564014,8.00115135792285,8.03502784056512,8.06489616822943,8.06691543483672,8.11383848750951,8.13241766260292,8.15147050079309,8.16824685285701,8.1772109268965,8.23051112454026,8.29204009638658,8.29411980799743,8.31235241597442,8.35201006599824,8.36945342830727,8.38425412653925,8.4161703481679,8.42707601515986,8.46016285098224,8.48226536274401,8.50424417990447,8.52178492002678,8.54719096700598,8.56682617413897,8.59631611364765,8.63228237807688,8.64803543514969,8.66155968074692,8.70143074130998,8.71213236808576,8.74527198327089,8.76070990704955,8.77286234877746,8.82109681770705,8.85345798826165,8.87927424019051,8.88633074184304,8.93428232282196,8.96170321057841,9.00474302368056,9.04645026999684,9.07449823223572,9.09351014854296,9.10788304914306,9.11488621696312,9.18029429071015,9.203549306926,9.23085323548285,9.24555779724707,9.26660445174335,9.2898981185794,9.33149561950761,9.38418172166638,9.40625117118512,9.42191089224063,9.48323379477918,9.51061381007652,9.53058231456033,9.55646329770042,9.59818017827744,9.62623345431081,9.67901228663483,9.68586644741981,9.71535595979621,9.72706992093837,9.78828763065647,9.81318336267864,9.8272026274509,9.85463828657378,9.90678495844182,9.91022444917321,9.97413027037081,10.004679154143,10.0467667222101,10.0724111593647,10.0792886702885,10.093511790319,10.13356961066,10.1671901368269,10.1941576754529,10.2451242773602,10.2897440319855,10.3286149706941,10.3530588120065,10.3671141799806,10.427018459445,10.4434474471306,10.4713019249757,10.4919347942175,10.5122317673009,10.5266171964401,10.5973392115793,10.6601675763389,10.6698715300815,10.7349904959766,10.7704858497049,10.8096592431146,10.8753588609871,10.8868951213746,10.941828118745,10.9585926612967,11.0412115652793,11.0656313771221,11.0910720021613,11.0990580035131,11.1521561618854,11.1705217498427,11.1800767629096,11.2212939919134,11.261522059667,11.2821933143908,11.3481814984986,11.4037499364156,11.4164477097854,11.4910096850243,11.4970293591755,11.5099614211768,11.5796808246714,11.6067176594181,11.6575336250268,11.7015736663184,11.7564533987319,11.7706200517966,11.8208355843329,11.8243926861346,11.8591691588752,11.9422782315918,11.9468012224556,12.0176883043442,12.0539889322846,12.0867713903826,12.1055272891057,12.1494162297666,12.1659763477328,12.2223264108953,12.2793862134404,12.3021886578322,12.3268566195321,12.3385625386452,12.3946423053998,12.4467796844073,12.502550710368,12.5690858126501,12.5856075789019,12.6428568826335,12.6769848777454,12.7120055970395,12.7418140256288,12.8176547353264,12.8317422332699,12.9046835942225,12.9220820997382,12.9482149825577,12.9820553452216,12.9978666701343,13.061042710264,13.0832313507121,13.1188666602462,13.1659342327348,13.1999470003176,13.2485681671375,13.2899907681828,13.3409719224312,13.396756583948,13.4144220261571,13.4660198862136,13.5263450220272,13.543527391878,13.567915777216,13.6162864854297,13.6367016649408,13.700188982434,13.7369130384248,13.7721806396611,13.7949421392958,13.8545933976985,13.8996346252307,13.9220980129551,14.031961296269,14.054575549994,14.1100305531493,14.1434873393769,14.2029011007928,14.2208672521066,14.2597540989449,14.3583667190673,14.4019586613891,14.4294328589109,14.460285790706,14.5179128838301,14.583931586001,14.6376074210165,14.6685087103867,14.7127867776893,14.7789767482328,14.8431657562326,14.9095233884059,14.9558151678545,15.0530616726193,15.0959782951153,15.197569972423,15.2248132189085,15.3455514905089,15.3610979837551,15.4054553671977,15.4343977421631,15.4964614719879,15.6017971377016,15.7035404776337,15.7404607447127,15.8203901089068,15.9113793042491,16.0323973773664,16.1378811699979,16.1624232868851,16.2496361165266,16.3193213079369,16.4100604657476,16.5418304315513,16.6119469688879,16.6809152211318,16.7586545951827,16.8318584546543,16.9473846858824,17.0653520303747,17.2967651986675,17.3243813457207,17.5790116590799,17.8964500558508,18.0144833046981,18.1515783647737,18.2952049942872,18.3428381870879,18.5192467990066,18.6620674360395,18.8210400561973,18.9594379832525,19.1936308306856,19.4118477512973,19.6179580599729,20.0008824245314,20.1099098002818,20.2162170326963,20.6388080759277,21.0837047572323,21.4377317981977,23.3589308111841,NA,NA,NA,NA,NA,NA,NA,NA,NA,NA,NA,NA,NA,NA,NA,NA,NA,NA,NA,NA,NA,NA,NA,NA,NA,NA,NA,NA,NA,NA,NA,NA,NA,NA,NA,NA
0.50139634824365,0.610374979185811,0.799584476168204,0.879800515034183,0.934679321272809,1.17721537009304,1.330437975729,1.43002746971062,1.54461790106395,1.59533332037933,1.70609991685521,1.74511685808068,1.806005497665,1.86881553949862,1.98562545193488,2.00488194836605,2.12582641088971,2.19242780084072,2.2608541818813,2.42748224753769,2.52616694613002,2.5553687630633,2.6483522759224,2.70915873383321,2.79726663959764,2.86162609255721,2.91690335432246,2.95794201192718,3.07751481189996,3.12065014525551,3.12691508757493,3.20167285503755,3.21671095939652,3.31141405358371,3.35047765149862,3.38200893830638,3.47072639783531,3.49551806687891,3.52784969868892,3.59510063549131,3.64692225127078,3.68608469008488,3.73321025657237,3.75809080883587,3.83048135113783,3.85720026712131,3.89340148766981,3.9541707243448,3.97613146054341,3.99734952901706,4.05472416623366,4.10940039380576,4.19944585558126,4.25897106324396,4.28063943056971,4.31297995661071,4.34271167908813,4.39190475560013,4.46928968111217,4.52081519263939,4.57963426182148,4.59884177031407,4.65121241175569,4.67600778367705,4.73816969731186,4.77157686357694,4.80429540026048,4.84774555678812,4.8857538212696,4.9288895796436,4.95083274638668,5.00699065252456,5.03458090963871,5.04617974175484,5.09533572104394,5.12296313384059,5.16104846907234,5.1649859310416,5.20047238481204,5.23648575667488,5.26364154774697,5.32205618191155,5.34831396729735,5.37035334324005,5.40290588222602,5.41616943765742,5.46835162538118,5.49241465301563,5.52931849053733,5.5642755682354,5.60906656178239,5.64255017649035,5.68686152080992,5.70134726443111,5.71337858956513,5.73168678004905,5.75320366695952,5.81036789323158,5.83514754338819,5.8806063424771,5.89920632108738,5.9329471564458,5.94932753362722,5.98392654710165,6.00421665567412,6.04251082060429,6.0705061713263,6.0763774284956,6.12162586578729,6.14137131745833,6.18491343727667,6.19508459914203,6.22267628298467,6.25227162952213,6.29706593570001,6.34517460764904,6.35187067068806,6.37004497447803,6.38402360881559,6.4136034039148,6.44417077505383,6.46542601598127,6.47111010885601,6.51023393448253,6.5226372621798,6.56014521226523,6.58620899793626,6.59616635728349,6.68212140309527,6.71031438394939,6.73481836963331,6.75500963263974,6.76387419728612,6.80001544490134,6.82608896500699,6.85668567837799,6.87313086185027,6.89307325089245,6.90414204979102,6.9294946479275,6.95767071447697,6.98593351295947,6.98914928103872,7.02539894305238,7.04039026321907,7.08383282772454,7.098646494238,7.1342667464761,7.17738456906989,7.18879021220321,7.22541264825303,7.23504709742351,7.24813687984709,7.28217002141005,7.30363042142757,7.31668412656201,7.34079619328724,7.35352540169739,7.36046557538663,7.39865199437636,7.43597733667498,7.44786366275935,7.45805299767074,7.47503646215802,7.51015117339894,7.53694983491345,7.55249417682154,7.58281358994659,7.60069644573372,7.63293170734645,7.66651037299715,7.68841684887417,7.70971617785561,7.71737100727602,7.74821454398471,7.76695643931769,7.79137651919415,7.80763389276419,7.86436317602988,7.87253589329989,7.89501052350096,7.9032316324633,7.94632804915242,7.96508337514133,7.98756333564014,8.00115135792285,8.03502784056512,8.06489616822943,8.06691543483672,8.11383848750951,8.13241766260292,8.15147050079309,8.16824685285701,8.1772109268965,8.23051112454026,8.29204009638658,8.29411980799743,8.31235241597442,8.35201006599824,8.36945342830727,8.38425412653925,8.4161703481679,8.42707601515986,8.46016285098224,8.48226536274401,8.50424417990447,8.52178492002678,8.54719096700598,8.56682617413897,8.59631611364765,8.63228237807688,8.64803543514969,8.66155968074692,8.70143074130998,8.71213236808576,8.74527198327089,8.76070990704955,8.77286234877746,8.82109681770705,8.85345798826165,8.87927424019051,8.88633074184304,8.93428232282196,8.96170321057841,9.00474302368056,9.04645026999684,9.07449823223572,9.09351014854296,9.10788304914306,9.11488621696312,9.18029429071015,9.203549306926,9.23085323548285,9.24555779724707,9.26660445174335,9.2898981185794,9.33149561950761,9.38418172166638,9.40625117118512,9.42191089224063,9.48323379477918,9.51061381007652,9.53058231456033,9.55646329770042,9.59818017827744,9.62623345431081,9.67901228663483,9.68586644741981,9.71535595979621,9.72706992093837,9.78828763065647,9.81318336267864,9.8272026274509,9.85463828657378,9.90678495844182,9.91022444917321,9.97413027037081,10.004679154143,10.0467667222101,10.0724111593647,10.0792886702885,10.093511790319,10.13356961066,10.1671901368269,10.1941576754529,10.2451242773602,10.2897440319855,10.3286149706941,10.3530588120065,10.3671141799806,10.427018459445,10.4434474471306,10.4713019249757,10.4919347942175,10.5122317673009,10.5266171964401,10.5973392115793,10.6601675763389,10.6698715300815,10.7349904959766,10.7704858497049,10.8096592431146,10.8753588609871,10.8868951213746,10.941828118745,10.9585926612967,11.0412115652793,11.0656313771221,11.0910720021613,11.0990580035131,11.1521561618854,11.1705217498427,11.1800767629096,11.2212939919134,11.261522059667,11.2821933143908,11.3481814984986,11.4037499364156,11.4164477097854,11.4910096850243,11.4970293591755,11.5099614211768,11.5796808246714,11.6067176594181,11.6575336250268,11.7015736663184,11.7564533987319,11.7706200517966,11.8208355843329,11.8243926861346,11.8591691588752,11.9422782315918,11.9468012224556,12.0176883043442,12.0539889322846,12.0867713903826,12.1055272891057,12.1494162297666,12.1659763477328,12.2223264108953,12.2793862134404,12.3021886578322,12.3268566195321,12.3385625386452,12.3946423053998,12.4467796844073,12.502550710368,12.5690858126501,12.5856075789019,12.6428568826335,12.6769848777454,12.7120055970395,12.7418140256288,12.8176547353264,12.8317422332699,12.9046835942225,12.9220820997382,12.9482149825577,12.9820553452216,12.9978666701343,13.061042710264,13.0832313507121,13.1188666602462,13.1659342327348,13.1999470003176,13.2485681671375,13.2899907681828,13.3409719224312,13.396756583948,13.4144220261571,13.4660198862136,13.5263450220272,13.543527391878,13.567915777216,13.6162864854297,13.6367016649408,13.700188982434,13.7369130384248,13.7721806396611,13.7949421392958,13.8545933976985,13.8996346252307,13.9220980129551,14.031961296269,14.054575549994,14.1100305531493,14.1434873393769,14.2029011007928,14.2208672521066,14.2597540989449,14.3583667190673,14.4019586613891,14.4294328589109,14.460285790706,14.5179128838301,14.583931586001,14.6376074210165,14.6685087103867,14.7127867776893,14.7789767482328,14.8431657562326,14.9095233884059,14.9558151678545,15.0530616726193,15.0959782951153,15.197569972423,15.2248132189085,15.3455514905089,15.3610979837551,15.4054553671977,15.4343977421631,15.4964614719879,15.6017971377016,15.7035404776337,15.7404607447127,15.8203901089068,15.9113793042491,16.0323973773664,16.1378811699979,16.1624232868851,16.2496361165266,16.3193213079369,16.4100604657476,16.5418304315513,16.6119469688879,16.6809152211318,16.7586545951827,16.8318584546543,16.9473846858824,17.0653520303747,17.2967651986675,17.3243813457207,17.5790116590799,17.8964500558508,18.0144833046981,18.1515783647737,18.2952049942872,18.3428381870879,18.5192467990066,18.6620674360395,18.8210400561973,18.9594379832525,19.1936308306856,19.4118477512973,19.6179580599729,20.0008824245314,20.1099098002818,20.2162170326963,20.6388080759277,21.0837047572323,21.4377317981977,23.3589308111841,NA,NA,NA,NA,NA,NA,NA,NA,NA,NA,NA,NA,NA,NA,NA,NA,NA,NA,NA,NA,NA,NA,NA,NA,NA,NA,NA,NA,NA,NA,NA,NA,NA,NA,NA,NA
0.50139634824365,0.610374979185811,0.799584476168204,0.879800515034183,0.934679321272809,1.17721537009304,1.330437975729,1.43002746971062,1.54461790106395,1.59533332037933,1.70609991685521,1.74511685808068,1.806005497665,1.86881553949862,1.98562545193488,2.00488194836605,2.12582641088971,2.19242780084072,2.2608541818813,2.42748224753769,2.52616694613002,2.5553687630633,2.6483522759224,2.70915873383321,2.79726663959764,2.86162609255721,2.91690335432246,2.95794201192718,3.07751481189996,3.12065014525551,3.12691508757493,3.20167285503755,3.21671095939652,3.31141405358371,3.35047765149862,3.38200893830638,3.47072639783531,3.49551806687891,3.52784969868892,3.59510063549131,3.64692225127078,3.68608469008488,3.73321025657237,3.75809080883587,3.83048135113783,3.85720026712131,3.89340148766981,3.9541707243448,3.97613146054341,3.99734952901706,4.05472416623366,4.10940039380576,4.19944585558126,4.25897106324396,4.28063943056971,4.31297995661071,4.34271167908813,4.39190475560013,4.46928968111217,4.52081519263939,4.57963426182148,4.59884177031407,4.65121241175569,4.67600778367705,4.73816969731186,4.77157686357694,4.80429540026048,4.84774555678812,4.8857538212696,4.9288895796436,4.95083274638668,5.00699065252456,5.03458090963871,5.04617974175484,5.09533572104394,5.12296313384059,5.16104846907234,5.1649859310416,5.20047238481204,5.23648575667488,5.26364154774697,5.32205618191155,5.34831396729735,5.37035334324005,5.40290588222602,5.41616943765742,5.46835162538118,5.49241465301563,5.52931849053733,5.5642755682354,5.60906656178239,5.64255017649035,5.68686152080992,5.70134726443111,5.71337858956513,5.73168678004905,5.75320366695952,5.81036789323158,5.83514754338819,5.8806063424771,5.89920632108738,5.9329471564458,5.94932753362722,5.98392654710165,6.00421665567412,6.04251082060429,6.0705061713263,6.0763774284956,6.12162586578729,6.14137131745833,6.18491343727667,6.19508459914203,6.22267628298467,6.25227162952213,6.29706593570001,6.34517460764904,6.35187067068806,6.37004497447803,6.38402360881559,6.4136034039148,6.44417077505383,6.46542601598127,6.47111010885601,6.51023393448253,6.5226372621798,6.56014521226523,6.58620899793626,6.59616635728349,6.68212140309527,6.71031438394939,6.73481836963331,6.75500963263974,6.76387419728612,6.80001544490134,6.82608896500699,6.85668567837799,6.87313086185027,6.89307325089245,6.90414204979102,6.9294946479275,6.95767071447697,6.98593351295947,6.98914928103872,7.02539894305238,7.04039026321907,7.08383282772454,7.098646494238,7.1342667464761,7.17738456906989,7.18879021220321,7.22541264825303,7.23504709742351,7.24813687984709,7.28217002141005,7.30363042142757,7.31668412656201,7.34079619328724,7.35352540169739,7.36046557538663,7.39865199437636,7.43597733667498,7.44786366275935,7.45805299767074,7.47503646215802,7.51015117339894,7.53694983491345,7.55249417682154,7.58281358994659,7.60069644573372,7.63293170734645,7.66651037299715,7.68841684887417,7.70971617785561,7.71737100727602,7.74821454398471,7.76695643931769,7.79137651919415,7.80763389276419,7.86436317602988,7.87253589329989,7.89501052350096,7.9032316324633,7.94632804915242,7.96508337514133,7.98756333564014,8.00115135792285,8.03502784056512,8.06489616822943,8.06691543483672,8.11383848750951,8.13241766260292,8.15147050079309,8.16824685285701,8.1772109268965,8.23051112454026,8.29204009638658,8.29411980799743,8.31235241597442,8.35201006599824,8.36945342830727,8.38425412653925,8.4161703481679,8.42707601515986,8.46016285098224,8.48226536274401,8.50424417990447,8.52178492002678,8.54719096700598,8.56682617413897,8.59631611364765,8.63228237807688,8.64803543514969,8.66155968074692,8.70143074130998,8.71213236808576,8.74527198327089,8.76070990704955,8.77286234877746,8.82109681770705,8.85345798826165,8.87927424019051,8.88633074184304,8.93428232282196,8.96170321057841,9.00474302368056,9.04645026999684,9.07449823223572,9.09351014854296,9.10788304914306,9.11488621696312,9.18029429071015,9.203549306926,9.23085323548285,9.24555779724707,9.26660445174335,9.2898981185794,9.33149561950761,9.38418172166638,9.40625117118512,9.42191089224063,9.48323379477918,9.51061381007652,9.53058231456033,9.55646329770042,9.59818017827744,9.62623345431081,9.67901228663483,9.68586644741981,9.71535595979621,9.72706992093837,9.78828763065647,9.81318336267864,9.8272026274509,9.85463828657378,9.90678495844182,9.91022444917321,9.97413027037081,10.004679154143,10.0467667222101,10.0724111593647,10.0792886702885,10.093511790319,10.13356961066,10.1671901368269,10.1941576754529,10.2451242773602,10.2897440319855,10.3286149706941,10.3530588120065,10.3671141799806,10.427018459445,10.4434474471306,10.4713019249757,10.4919347942175,10.5122317673009,10.5266171964401,10.5973392115793,10.6601675763389,10.6698715300815,10.7349904959766,10.7704858497049,10.8096592431146,10.8753588609871,10.8868951213746,10.941828118745,10.9585926612967,11.0412115652793,11.0656313771221,11.0910720021613,11.0990580035131,11.1521561618854,11.1705217498427,11.1800767629096,11.2212939919134,11.261522059667,11.2821933143908,11.3481814984986,11.4037499364156,11.4164477097854,11.4910096850243,11.4970293591755,11.5099614211768,11.5796808246714,11.6067176594181,11.6575336250268,11.7015736663184,11.7564533987319,11.7706200517966,11.8208355843329,11.8243926861346,11.8591691588752,11.9422782315918,11.9468012224556,12.0176883043442,12.0539889322846,12.0867713903826,12.1055272891057,12.1494162297666,12.1659763477328,12.2223264108953,12.2793862134404,12.3021886578322,12.3268566195321,12.3385625386452,12.3946423053998,12.4467796844073,12.502550710368,12.5690858126501,12.5856075789019,12.6428568826335,12.6769848777454,12.7120055970395,12.7418140256288,12.8176547353264,12.8317422332699,12.9046835942225,12.9220820997382,12.9482149825577,12.9820553452216,12.9978666701343,13.061042710264,13.0832313507121,13.1188666602462,13.1659342327348,13.1999470003176,13.2485681671375,13.2899907681828,13.3409719224312,13.396756583948,13.4144220261571,13.4660198862136,13.5263450220272,13.543527391878,13.567915777216,13.6162864854297,13.6367016649408,13.700188982434,13.7369130384248,13.7721806396611,13.7949421392958,13.8545933976985,13.8996346252307,13.9220980129551,14.031961296269,14.054575549994,14.1100305531493,14.1434873393769,14.2029011007928,14.2208672521066,14.2597540989449,14.3583667190673,14.4019586613891,14.4294328589109,14.460285790706,14.5179128838301,14.583931586001,14.6376074210165,14.6685087103867,14.7127867776893,14.7789767482328,14.8431657562326,14.9095233884059,14.9558151678545,15.0530616726193,15.0959782951153,15.197569972423,15.2248132189085,15.3455514905089,15.3610979837551,15.4054553671977,15.4343977421631,15.4964614719879,15.6017971377016,15.7035404776337,15.7404607447127,15.8203901089068,15.9113793042491,16.0323973773664,16.1378811699979,16.1624232868851,16.2496361165266,16.3193213079369,16.4100604657476,16.5418304315513,16.6119469688879,16.6809152211318,16.7586545951827,16.8318584546543,16.9473846858824,17.0653520303747,17.2967651986675,17.3243813457207,17.5790116590799,17.8964500558508,18.0144833046981,18.1515783647737,18.2952049942872,18.3428381870879,18.5192467990066,18.6620674360395,18.8210400561973,18.9594379832525,19.1936308306856,19.4118477512973,19.6179580599729,20.0008824245314,20.1099098002818,20.2162170326963,20.6388080759277,21.0837047572323,21.4377317981977,23.3589308111841,NA,NA,NA,NA,NA,NA,NA,NA,NA,NA,NA,NA,NA,NA,NA,NA,NA,NA,NA,NA,NA,NA,NA,NA,NA,NA,NA,NA,NA,NA,NA,NA,NA,NA,NA,NA
0.50139634824365,0.610374979185811,0.799584476168204,0.879800515034183,0.934679321272809,1.17721537009304,1.330437975729,1.43002746971062,1.54461790106395,1.59533332037933,1.70609991685521,1.74511685808068,1.806005497665,1.86881553949862,1.98562545193488,2.00488194836605,2.12582641088971,2.19242780084072,2.2608541818813,2.42748224753769,2.52616694613002,2.5553687630633,2.6483522759224,2.70915873383321,2.79726663959764,2.86162609255721,2.91690335432246,2.95794201192718,3.07751481189996,3.12065014525551,3.12691508757493,3.20167285503755,3.21671095939652,3.31141405358371,3.35047765149862,3.38200893830638,3.47072639783531,3.49551806687891,3.52784969868892,3.59510063549131,3.64692225127078,3.68608469008488,3.73321025657237,3.75809080883587,3.83048135113783,3.85720026712131,3.89340148766981,3.9541707243448,3.97613146054341,3.99734952901706,4.05472416623366,4.10940039380576,4.19944585558126,4.25897106324396,4.28063943056971,4.31297995661071,4.34271167908813,4.39190475560013,4.46928968111217,4.52081519263939,4.57963426182148,4.59884177031407,4.65121241175569,4.67600778367705,4.73816969731186,4.77157686357694,4.80429540026048,4.84774555678812,4.8857538212696,4.9288895796436,4.95083274638668,5.00699065252456,5.03458090963871,5.04617974175484,5.09533572104394,5.12296313384059,5.16104846907234,5.1649859310416,5.20047238481204,5.23648575667488,5.26364154774697,5.32205618191155,5.34831396729735,5.37035334324005,5.40290588222602,5.41616943765742,5.46835162538118,5.49241465301563,5.52931849053733,5.5642755682354,5.60906656178239,5.64255017649035,5.68686152080992,5.70134726443111,5.71337858956513,5.73168678004905,5.75320366695952,5.81036789323158,5.83514754338819,5.8806063424771,5.89920632108738,5.9329471564458,5.94932753362722,5.98392654710165,6.00421665567412,6.04251082060429,6.0705061713263,6.0763774284956,6.12162586578729,6.14137131745833,6.18491343727667,6.19508459914203,6.22267628298467,6.25227162952213,6.29706593570001,6.34517460764904,6.35187067068806,6.37004497447803,6.38402360881559,6.4136034039148,6.44417077505383,6.46542601598127,6.47111010885601,6.51023393448253,6.5226372621798,6.56014521226523,6.58620899793626,6.59616635728349,6.68212140309527,6.71031438394939,6.73481836963331,6.75500963263974,6.76387419728612,6.80001544490134,6.82608896500699,6.85668567837799,6.87313086185027,6.89307325089245,6.90414204979102,6.9294946479275,6.95767071447697,6.98593351295947,6.98914928103872,7.02539894305238,7.04039026321907,7.08383282772454,7.098646494238,7.1342667464761,7.17738456906989,7.18879021220321,7.22541264825303,7.23504709742351,7.24813687984709,7.28217002141005,7.30363042142757,7.31668412656201,7.34079619328724,7.35352540169739,7.36046557538663,7.39865199437636,7.43597733667498,7.44786366275935,7.45805299767074,7.47503646215802,7.51015117339894,7.53694983491345,7.55249417682154,7.58281358994659,7.60069644573372,7.63293170734645,7.66651037299715,7.68841684887417,7.70971617785561,7.71737100727602,7.74821454398471,7.76695643931769,7.79137651919415,7.80763389276419,7.86436317602988,7.87253589329989,7.89501052350096,7.9032316324633,7.94632804915242,7.96508337514133,7.98756333564014,8.00115135792285,8.03502784056512,8.06489616822943,8.06691543483672,8.11383848750951,8.13241766260292,8.15147050079309,8.16824685285701,8.1772109268965,8.23051112454026,8.29204009638658,8.29411980799743,8.31235241597442,8.35201006599824,8.36945342830727,8.38425412653925,8.4161703481679,8.42707601515986,8.46016285098224,8.48226536274401,8.50424417990447,8.52178492002678,8.54719096700598,8.56682617413897,8.59631611364765,8.63228237807688,8.64803543514969,8.66155968074692,8.70143074130998,8.71213236808576,8.74527198327089,8.76070990704955,8.77286234877746,8.82109681770705,8.85345798826165,8.87927424019051,8.88633074184304,8.93428232282196,8.96170321057841,9.00474302368056,9.04645026999684,9.07449823223572,9.09351014854296,9.10788304914306,9.11488621696312,9.18029429071015,9.203549306926,9.23085323548285,9.24555779724707,9.26660445174335,9.2898981185794,9.33149561950761,9.38418172166638,9.40625117118512,9.42191089224063,9.48323379477918,9.51061381007652,9.53058231456033,9.55646329770042,9.59818017827744,9.62623345431081,9.67901228663483,9.68586644741981,9.71535595979621,9.72706992093837,9.78828763065647,9.81318336267864,9.8272026274509,9.85463828657378,9.90678495844182,9.91022444917321,9.97413027037081,10.004679154143,10.0467667222101,10.0724111593647,10.0792886702885,10.093511790319,10.13356961066,10.1671901368269,10.1941576754529,10.2451242773602,10.2897440319855,10.3286149706941,10.3530588120065,10.3671141799806,10.427018459445,10.4434474471306,10.4713019249757,10.4919347942175,10.5122317673009,10.5266171964401,10.5973392115793,10.6601675763389,10.6698715300815,10.7349904959766,10.7704858497049,10.8096592431146,10.8753588609871,10.8868951213746,10.941828118745,10.9585926612967,11.0412115652793,11.0656313771221,11.0910720021613,11.0990580035131,11.1521561618854,11.1705217498427,11.1800767629096,11.2212939919134,11.261522059667,11.2821933143908,11.3481814984986,11.4037499364156,11.4164477097854,11.4910096850243,11.4970293591755,11.5099614211768,11.5796808246714,11.6067176594181,11.6575336250268,11.7015736663184,11.7564533987319,11.7706200517966,11.8208355843329,11.8243926861346,11.8591691588752,11.9422782315918,11.9468012224556,12.0176883043442,12.0539889322846,12.0867713903826,12.1055272891057,12.1494162297666,12.1659763477328,12.2223264108953,12.2793862134404,12.3021886578322,12.3268566195321,12.3385625386452,12.3946423053998,12.4467796844073,12.502550710368,12.5690858126501,12.5856075789019,12.6428568826335,12.6769848777454,12.7120055970395,12.7418140256288,12.8176547353264,12.8317422332699,12.9046835942225,12.9220820997382,12.9482149825577,12.9820553452216,12.9978666701343,13.061042710264,13.0832313507121,13.1188666602462,13.1659342327348,13.1999470003176,13.2485681671375,13.2899907681828,13.3409719224312,13.396756583948,13.4144220261571,13.4660198862136,13.5263450220272,13.543527391878,13.567915777216,13.6162864854297,13.6367016649408,13.700188982434,13.7369130384248,13.7721806396611,13.7949421392958,13.8545933976985,13.8996346252307,13.9220980129551,14.031961296269,14.054575549994,14.1100305531493,14.1434873393769,14.2029011007928,14.2208672521066,14.2597540989449,14.3583667190673,14.4019586613891,14.4294328589109,14.460285790706,14.5179128838301,14.583931586001,14.6376074210165,14.6685087103867,14.7127867776893,14.7789767482328,14.8431657562326,14.9095233884059,14.9558151678545,15.0530616726193,15.0959782951153,15.197569972423,15.2248132189085,15.3455514905089,15.3610979837551,15.4054553671977,15.4343977421631,15.4964614719879,15.6017971377016,15.7035404776337,15.7404607447127,15.8203901089068,15.9113793042491,16.0323973773664,16.1378811699979,16.1624232868851,16.2496361165266,16.3193213079369,16.4100604657476,16.5418304315513,16.6119469688879,16.6809152211318,16.7586545951827,16.8318584546543,16.9473846858824,17.0653520303747,17.2967651986675,17.3243813457207,17.5790116590799,17.8964500558508,18.0144833046981,18.1515783647737,18.2952049942872,18.3428381870879,18.5192467990066,18.6620674360395,18.8210400561973,18.9594379832525,19.1936308306856,19.4118477512973,19.6179580599729,20.0008824245314,20.1099098002818,20.2162170326963,20.6388080759277,21.0837047572323,21.4377317981977,23.3589308111841,NA,NA,NA,NA,NA,NA,NA,NA,NA,NA,NA,NA,NA,NA,NA,NA,NA,NA,NA,NA,NA,NA,NA,NA,NA,NA,NA,NA,NA,NA,NA,NA,NA,NA,NA,NA
0.50139634824365,0.610374979185811,0.799584476168204,0.879800515034183,0.934679321272809,1.17721537009304,1.330437975729,1.43002746971062,1.54461790106395,1.59533332037933,1.70609991685521,1.74511685808068,1.806005497665,1.86881553949862,1.98562545193488,2.00488194836605,2.12582641088971,2.19242780084072,2.2608541818813,2.42748224753769,2.52616694613002,2.5553687630633,2.6483522759224,2.70915873383321,2.79726663959764,2.86162609255721,2.91690335432246,2.95794201192718,3.07751481189996,3.12065014525551,3.12691508757493,3.20167285503755,3.21671095939652,3.31141405358371,3.35047765149862,3.38200893830638,3.47072639783531,3.49551806687891,3.52784969868892,3.59510063549131,3.64692225127078,3.68608469008488,3.73321025657237,3.75809080883587,3.83048135113783,3.85720026712131,3.89340148766981,3.9541707243448,3.97613146054341,3.99734952901706,4.05472416623366,4.10940039380576,4.19944585558126,4.25897106324396,4.28063943056971,4.31297995661071,4.34271167908813,4.39190475560013,4.46928968111217,4.52081519263939,4.57963426182148,4.59884177031407,4.65121241175569,4.67600778367705,4.73816969731186,4.77157686357694,4.80429540026048,4.84774555678812,4.8857538212696,4.9288895796436,4.95083274638668,5.00699065252456,5.03458090963871,5.04617974175484,5.09533572104394,5.12296313384059,5.16104846907234,5.1649859310416,5.20047238481204,5.23648575667488,5.26364154774697,5.32205618191155,5.34831396729735,5.37035334324005,5.40290588222602,5.41616943765742,5.46835162538118,5.49241465301563,5.52931849053733,5.5642755682354,5.60906656178239,5.64255017649035,5.68686152080992,5.70134726443111,5.71337858956513,5.73168678004905,5.75320366695952,5.81036789323158,5.83514754338819,5.8806063424771,5.89920632108738,5.9329471564458,5.94932753362722,5.98392654710165,6.00421665567412,6.04251082060429,6.0705061713263,6.0763774284956,6.12162586578729,6.14137131745833,6.18491343727667,6.19508459914203,6.22267628298467,6.25227162952213,6.29706593570001,6.34517460764904,6.35187067068806,6.37004497447803,6.38402360881559,6.4136034039148,6.44417077505383,6.46542601598127,6.47111010885601,6.51023393448253,6.5226372621798,6.56014521226523,6.58620899793626,6.59616635728349,6.68212140309527,6.71031438394939,6.73481836963331,6.75500963263974,6.76387419728612,6.80001544490134,6.82608896500699,6.85668567837799,6.87313086185027,6.89307325089245,6.90414204979102,6.9294946479275,6.95767071447697,6.98593351295947,6.98914928103872,7.02539894305238,7.04039026321907,7.08383282772454,7.098646494238,7.1342667464761,7.17738456906989,7.18879021220321,7.22541264825303,7.23504709742351,7.24813687984709,7.28217002141005,7.30363042142757,7.31668412656201,7.34079619328724,7.35352540169739,7.36046557538663,7.39865199437636,7.43597733667498,7.44786366275935,7.45805299767074,7.47503646215802,7.51015117339894,7.53694983491345,7.55249417682154,7.58281358994659,7.60069644573372,7.63293170734645,7.66651037299715,7.68841684887417,7.70971617785561,7.71737100727602,7.74821454398471,7.76695643931769,7.79137651919415,7.80763389276419,7.86436317602988,7.87253589329989,7.89501052350096,7.9032316324633,7.94632804915242,7.96508337514133,7.98756333564014,8.00115135792285,8.03502784056512,8.06489616822943,8.06691543483672,8.11383848750951,8.13241766260292,8.15147050079309,8.16824685285701,8.1772109268965,8.23051112454026,8.29204009638658,8.29411980799743,8.31235241597442,8.35201006599824,8.36945342830727,8.38425412653925,8.4161703481679,8.42707601515986,8.46016285098224,8.48226536274401,8.50424417990447,8.52178492002678,8.54719096700598,8.56682617413897,8.59631611364765,8.63228237807688,8.64803543514969,8.66155968074692,8.70143074130998,8.71213236808576,8.74527198327089,8.76070990704955,8.77286234877746,8.82109681770705,8.85345798826165,8.87927424019051,8.88633074184304,8.93428232282196,8.96170321057841,9.00474302368056,9.04645026999684,9.07449823223572,9.09351014854296,9.10788304914306,9.11488621696312,9.18029429071015,9.203549306926,9.23085323548285,9.24555779724707,9.26660445174335,9.2898981185794,9.33149561950761,9.38418172166638,9.40625117118512,9.42191089224063,9.48323379477918,9.51061381007652,9.53058231456033,9.55646329770042,9.59818017827744,9.62623345431081,9.67901228663483,9.68586644741981,9.71535595979621,9.72706992093837,9.78828763065647,9.81318336267864,9.8272026274509,9.85463828657378,9.90678495844182,9.91022444917321,9.97413027037081,10.004679154143,10.0467667222101,10.0724111593647,10.0792886702885,10.093511790319,10.13356961066,10.1671901368269,10.1941576754529,10.2451242773602,10.2897440319855,10.3286149706941,10.3530588120065,10.3671141799806,10.427018459445,10.4434474471306,10.4713019249757,10.4919347942175,10.5122317673009,10.5266171964401,10.5973392115793,10.6601675763389,10.6698715300815,10.7349904959766,10.7704858497049,10.8096592431146,10.8753588609871,10.8868951213746,10.941828118745,10.9585926612967,11.0412115652793,11.0656313771221,11.0910720021613,11.0990580035131,11.1521561618854,11.1705217498427,11.1800767629096,11.2212939919134,11.261522059667,11.2821933143908,11.3481814984986,11.4037499364156,11.4164477097854,11.4910096850243,11.4970293591755,11.5099614211768,11.5796808246714,11.6067176594181,11.6575336250268,11.7015736663184,11.7564533987319,11.7706200517966,11.8208355843329,11.8243926861346,11.8591691588752,11.9422782315918,11.9468012224556,12.0176883043442,12.0539889322846,12.0867713903826,12.1055272891057,12.1494162297666,12.1659763477328,12.2223264108953,12.2793862134404,12.3021886578322,12.3268566195321,12.3385625386452,12.3946423053998,12.4467796844073,12.502550710368,12.5690858126501,12.5856075789019,12.6428568826335,12.6769848777454,12.7120055970395,12.7418140256288,12.8176547353264,12.8317422332699,12.9046835942225,12.9220820997382,12.9482149825577,12.9820553452216,12.9978666701343,13.061042710264,13.0832313507121,13.1188666602462,13.1659342327348,13.1999470003176,13.2485681671375,13.2899907681828,13.3409719224312,13.396756583948,13.4144220261571,13.4660198862136,13.5263450220272,13.543527391878,13.567915777216,13.6162864854297,13.6367016649408,13.700188982434,13.7369130384248,13.7721806396611,13.7949421392958,13.8545933976985,13.8996346252307,13.9220980129551,14.031961296269,14.054575549994,14.1100305531493,14.1434873393769,14.2029011007928,14.2208672521066,14.2597540989449,14.3583667190673,14.4019586613891,14.4294328589109,14.460285790706,14.5179128838301,14.583931586001,14.6376074210165,14.6685087103867,14.7127867776893,14.7789767482328,14.8431657562326,14.9095233884059,14.9558151678545,15.0530616726193,15.0959782951153,15.197569972423,15.2248132189085,15.3455514905089,15.3610979837551,15.4054553671977,15.4343977421631,15.4964614719879,15.6017971377016,15.7035404776337,15.7404607447127,15.8203901089068,15.9113793042491,16.0323973773664,16.1378811699979,16.1624232868851,16.2496361165266,16.3193213079369,16.4100604657476,16.5418304315513,16.6119469688879,16.6809152211318,16.7586545951827,16.8318584546543,16.9473846858824,17.0653520303747,17.2967651986675,17.3243813457207,17.5790116590799,17.8964500558508,18.0144833046981,18.1515783647737,18.2952049942872,18.3428381870879,18.5192467990066,18.6620674360395,18.8210400561973,18.9594379832525,19.1936308306856,19.4118477512973,19.6179580599729,20.0008824245314,20.1099098002818,20.2162170326963,20.6388080759277,21.0837047572323,21.4377317981977,23.3589308111841,NA,NA,NA,NA,NA,NA,NA,NA,NA,NA,NA,NA,NA,NA,NA,NA,NA,NA,NA,NA,NA,NA,NA,NA,NA,NA,NA,NA,NA,NA,NA,NA,NA,NA,NA,NA
0.50139634824365,0.610374979185811,0.799584476168204,0.879800515034183,0.934679321272809,1.17721537009304,1.330437975729,1.43002746971062,1.54461790106395,1.59533332037933,1.70609991685521,1.74511685808068,1.806005497665,1.86881553949862,1.98562545193488,2.00488194836605,2.12582641088971,2.19242780084072,2.2608541818813,2.42748224753769,2.52616694613002,2.5553687630633,2.6483522759224,2.70915873383321,2.79726663959764,2.86162609255721,2.91690335432246,2.95794201192718,3.07751481189996,3.12065014525551,3.12691508757493,3.20167285503755,3.21671095939652,3.31141405358371,3.35047765149862,3.38200893830638,3.47072639783531,3.49551806687891,3.52784969868892,3.59510063549131,3.64692225127078,3.68608469008488,3.73321025657237,3.75809080883587,3.83048135113783,3.85720026712131,3.89340148766981,3.9541707243448,3.97613146054341,3.99734952901706,4.05472416623366,4.10940039380576,4.19944585558126,4.25897106324396,4.28063943056971,4.31297995661071,4.34271167908813,4.39190475560013,4.46928968111217,4.52081519263939,4.57963426182148,4.59884177031407,4.65121241175569,4.67600778367705,4.73816969731186,4.77157686357694,4.80429540026048,4.84774555678812,4.8857538212696,4.9288895796436,4.95083274638668,5.00699065252456,5.03458090963871,5.04617974175484,5.09533572104394,5.12296313384059,5.16104846907234,5.1649859310416,5.20047238481204,5.23648575667488,5.26364154774697,5.32205618191155,5.34831396729735,5.37035334324005,5.40290588222602,5.41616943765742,5.46835162538118,5.49241465301563,5.52931849053733,5.5642755682354,5.60906656178239,5.64255017649035,5.68686152080992,5.70134726443111,5.71337858956513,5.73168678004905,5.75320366695952,5.81036789323158,5.83514754338819,5.8806063424771,5.89920632108738,5.9329471564458,5.94932753362722,5.98392654710165,6.00421665567412,6.04251082060429,6.0705061713263,6.0763774284956,6.12162586578729,6.14137131745833,6.18491343727667,6.19508459914203,6.22267628298467,6.25227162952213,6.29706593570001,6.34517460764904,6.35187067068806,6.37004497447803,6.38402360881559,6.4136034039148,6.44417077505383,6.46542601598127,6.47111010885601,6.51023393448253,6.5226372621798,6.56014521226523,6.58620899793626,6.59616635728349,6.68212140309527,6.71031438394939,6.73481836963331,6.75500963263974,6.76387419728612,6.80001544490134,6.82608896500699,6.85668567837799,6.87313086185027,6.89307325089245,6.90414204979102,6.9294946479275,6.95767071447697,6.98593351295947,6.98914928103872,7.02539894305238,7.04039026321907,7.08383282772454,7.098646494238,7.1342667464761,7.17738456906989,7.18879021220321,7.22541264825303,7.23504709742351,7.24813687984709,7.28217002141005,7.30363042142757,7.31668412656201,7.34079619328724,7.35352540169739,7.36046557538663,7.39865199437636,7.43597733667498,7.44786366275935,7.45805299767074,7.47503646215802,7.51015117339894,7.53694983491345,7.55249417682154,7.58281358994659,7.60069644573372,7.63293170734645,7.66651037299715,7.68841684887417,7.70971617785561,7.71737100727602,7.74821454398471,7.76695643931769,7.79137651919415,7.80763389276419,7.86436317602988,7.87253589329989,7.89501052350096,7.9032316324633,7.94632804915242,7.96508337514133,7.98756333564014,8.00115135792285,8.03502784056512,8.06489616822943,8.06691543483672,8.11383848750951,8.13241766260292,8.15147050079309,8.16824685285701,8.1772109268965,8.23051112454026,8.29204009638658,8.29411980799743,8.31235241597442,8.35201006599824,8.36945342830727,8.38425412653925,8.4161703481679,8.42707601515986,8.46016285098224,8.48226536274401,8.50424417990447,8.52178492002678,8.54719096700598,8.56682617413897,8.59631611364765,8.63228237807688,8.64803543514969,8.66155968074692,8.70143074130998,8.71213236808576,8.74527198327089,8.76070990704955,8.77286234877746,8.82109681770705,8.85345798826165,8.87927424019051,8.88633074184304,8.93428232282196,8.96170321057841,9.00474302368056,9.04645026999684,9.07449823223572,9.09351014854296,9.10788304914306,9.11488621696312,9.18029429071015,9.203549306926,9.23085323548285,9.24555779724707,9.26660445174335,9.2898981185794,9.33149561950761,9.38418172166638,9.40625117118512,9.42191089224063,9.48323379477918,9.51061381007652,9.53058231456033,9.55646329770042,9.59818017827744,9.62623345431081,9.67901228663483,9.68586644741981,9.71535595979621,9.72706992093837,9.78828763065647,9.81318336267864,9.8272026274509,9.85463828657378,9.90678495844182,9.91022444917321,9.97413027037081,10.004679154143,10.0467667222101,10.0724111593647,10.0792886702885,10.093511790319,10.13356961066,10.1671901368269,10.1941576754529,10.2451242773602,10.2897440319855,10.3286149706941,10.3530588120065,10.3671141799806,10.427018459445,10.4434474471306,10.4713019249757,10.4919347942175,10.5122317673009,10.5266171964401,10.5973392115793,10.6601675763389,10.6698715300815,10.7349904959766,10.7704858497049,10.8096592431146,10.8753588609871,10.8868951213746,10.941828118745,10.9585926612967,11.0412115652793,11.0656313771221,11.0910720021613,11.0990580035131,11.1521561618854,11.1705217498427,11.1800767629096,11.2212939919134,11.261522059667,11.2821933143908,11.3481814984986,11.4037499364156,11.4164477097854,11.4910096850243,11.4970293591755,11.5099614211768,11.5796808246714,11.6067176594181,11.6575336250268,11.7015736663184,11.7564533987319,11.7706200517966,11.8208355843329,11.8243926861346,11.8591691588752,11.9422782315918,11.9468012224556,12.0176883043442,12.0539889322846,12.0867713903826,12.1055272891057,12.1494162297666,12.1659763477328,12.2223264108953,12.2793862134404,12.3021886578322,12.3268566195321,12.3385625386452,12.3946423053998,12.4467796844073,12.502550710368,12.5690858126501,12.5856075789019,12.6428568826335,12.6769848777454,12.7120055970395,12.7418140256288,12.8176547353264,12.8317422332699,12.9046835942225,12.9220820997382,12.9482149825577,12.9820553452216,12.9978666701343,13.061042710264,13.0832313507121,13.1188666602462,13.1659342327348,13.1999470003176,13.2485681671375,13.2899907681828,13.3409719224312,13.396756583948,13.4144220261571,13.4660198862136,13.5263450220272,13.543527391878,13.567915777216,13.6162864854297,13.6367016649408,13.700188982434,13.7369130384248,13.7721806396611,13.7949421392958,13.8545933976985,13.8996346252307,13.9220980129551,14.031961296269,14.054575549994,14.1100305531493,14.1434873393769,14.2029011007928,14.2208672521066,14.2597540989449,14.3583667190673,14.4019586613891,14.4294328589109,14.460285790706,14.5179128838301,14.583931586001,14.6376074210165,14.6685087103867,14.7127867776893,14.7789767482328,14.8431657562326,14.9095233884059,14.9558151678545,15.0530616726193,15.0959782951153,15.197569972423,15.2248132189085,15.3455514905089,15.3610979837551,15.4054553671977,15.4343977421631,15.4964614719879,15.6017971377016,15.7035404776337,15.7404607447127,15.8203901089068,15.9113793042491,16.0323973773664,16.1378811699979,16.1624232868851,16.2496361165266,16.3193213079369,16.4100604657476,16.5418304315513,16.6119469688879,16.6809152211318,16.7586545951827,16.8318584546543,16.9473846858824,17.0653520303747,17.2967651986675,17.3243813457207,17.5790116590799,17.8964500558508,18.0144833046981,18.1515783647737,18.2952049942872,18.3428381870879,18.5192467990066,18.6620674360395,18.8210400561973,18.9594379832525,19.1936308306856,19.4118477512973,19.6179580599729,20.0008824245314,20.1099098002818,20.2162170326963,20.6388080759277,21.0837047572323,21.4377317981977,23.3589308111841,NA,NA,NA,NA,NA,NA,NA,NA,NA,NA,NA,NA,NA,NA,NA,NA,NA,NA,NA,NA,NA,NA,NA,NA,NA,NA,NA,NA,NA,NA,NA,NA,NA,NA,NA,NA
0.50139634824365,0.610374979185811,0.799584476168204,0.879800515034183,0.934679321272809,1.17721537009304,1.330437975729,1.43002746971062,1.54461790106395,1.59533332037933,1.70609991685521,1.74511685808068,1.806005497665,1.86881553949862,1.98562545193488,2.00488194836605,2.12582641088971,2.19242780084072,2.2608541818813,2.42748224753769,2.52616694613002,2.5553687630633,2.6483522759224,2.70915873383321,2.79726663959764,2.86162609255721,2.91690335432246,2.95794201192718,3.07751481189996,3.12065014525551,3.12691508757493,3.20167285503755,3.21671095939652,3.31141405358371,3.35047765149862,3.38200893830638,3.47072639783531,3.49551806687891,3.52784969868892,3.59510063549131,3.64692225127078,3.68608469008488,3.73321025657237,3.75809080883587,3.83048135113783,3.85720026712131,3.89340148766981,3.9541707243448,3.97613146054341,3.99734952901706,4.05472416623366,4.10940039380576,4.19944585558126,4.25897106324396,4.28063943056971,4.31297995661071,4.34271167908813,4.39190475560013,4.46928968111217,4.52081519263939,4.57963426182148,4.59884177031407,4.65121241175569,4.67600778367705,4.73816969731186,4.77157686357694,4.80429540026048,4.84774555678812,4.8857538212696,4.9288895796436,4.95083274638668,5.00699065252456,5.03458090963871,5.04617974175484,5.09533572104394,5.12296313384059,5.16104846907234,5.1649859310416,5.20047238481204,5.23648575667488,5.26364154774697,5.32205618191155,5.34831396729735,5.37035334324005,5.40290588222602,5.41616943765742,5.46835162538118,5.49241465301563,5.52931849053733,5.5642755682354,5.60906656178239,5.64255017649035,5.68686152080992,5.70134726443111,5.71337858956513,5.73168678004905,5.75320366695952,5.81036789323158,5.83514754338819,5.8806063424771,5.89920632108738,5.9329471564458,5.94932753362722,5.98392654710165,6.00421665567412,6.04251082060429,6.0705061713263,6.0763774284956,6.12162586578729,6.14137131745833,6.18491343727667,6.19508459914203,6.22267628298467,6.25227162952213,6.29706593570001,6.34517460764904,6.35187067068806,6.37004497447803,6.38402360881559,6.4136034039148,6.44417077505383,6.46542601598127,6.47111010885601,6.51023393448253,6.5226372621798,6.56014521226523,6.58620899793626,6.59616635728349,6.68212140309527,6.71031438394939,6.73481836963331,6.75500963263974,6.76387419728612,6.80001544490134,6.82608896500699,6.85668567837799,6.87313086185027,6.89307325089245,6.90414204979102,6.9294946479275,6.95767071447697,6.98593351295947,6.98914928103872,7.02539894305238,7.04039026321907,7.08383282772454,7.098646494238,7.1342667464761,7.17738456906989,7.18879021220321,7.22541264825303,7.23504709742351,7.24813687984709,7.28217002141005,7.30363042142757,7.31668412656201,7.34079619328724,7.35352540169739,7.36046557538663,7.39865199437636,7.43597733667498,7.44786366275935,7.45805299767074,7.47503646215802,7.51015117339894,7.53694983491345,7.55249417682154,7.58281358994659,7.60069644573372,7.63293170734645,7.66651037299715,7.68841684887417,7.70971617785561,7.71737100727602,7.74821454398471,7.76695643931769,7.79137651919415,7.80763389276419,7.86436317602988,7.87253589329989,7.89501052350096,7.9032316324633,7.94632804915242,7.96508337514133,7.98756333564014,8.00115135792285,8.03502784056512,8.06489616822943,8.06691543483672,8.11383848750951,8.13241766260292,8.15147050079309,8.16824685285701,8.1772109268965,8.23051112454026,8.29204009638658,8.29411980799743,8.31235241597442,8.35201006599824,8.36945342830727,8.38425412653925,8.4161703481679,8.42707601515986,8.46016285098224,8.48226536274401,8.50424417990447,8.52178492002678,8.54719096700598,8.56682617413897,8.59631611364765,8.63228237807688,8.64803543514969,8.66155968074692,8.70143074130998,8.71213236808576,8.74527198327089,8.76070990704955,8.77286234877746,8.82109681770705,8.85345798826165,8.87927424019051,8.88633074184304,8.93428232282196,8.96170321057841,9.00474302368056,9.04645026999684,9.07449823223572,9.09351014854296,9.10788304914306,9.11488621696312,9.18029429071015,9.203549306926,9.23085323548285,9.24555779724707,9.26660445174335,9.2898981185794,9.33149561950761,9.38418172166638,9.40625117118512,9.42191089224063,9.48323379477918,9.51061381007652,9.53058231456033,9.55646329770042,9.59818017827744,9.62623345431081,9.67901228663483,9.68586644741981,9.71535595979621,9.72706992093837,9.78828763065647,9.81318336267864,9.8272026274509,9.85463828657378,9.90678495844182,9.91022444917321,9.97413027037081,10.004679154143,10.0467667222101,10.0724111593647,10.0792886702885,10.093511790319,10.13356961066,10.1671901368269,10.1941576754529,10.2451242773602,10.2897440319855,10.3286149706941,10.3530588120065,10.3671141799806,10.427018459445,10.4434474471306,10.4713019249757,10.4919347942175,10.5122317673009,10.5266171964401,10.5973392115793,10.6601675763389,10.6698715300815,10.7349904959766,10.7704858497049,10.8096592431146,10.8753588609871,10.8868951213746,10.941828118745,10.9585926612967,11.0412115652793,11.0656313771221,11.0910720021613,11.0990580035131,11.1521561618854,11.1705217498427,11.1800767629096,11.2212939919134,11.261522059667,11.2821933143908,11.3481814984986,11.4037499364156,11.4164477097854,11.4910096850243,11.4970293591755,11.5099614211768,11.5796808246714,11.6067176594181,11.6575336250268,11.7015736663184,11.7564533987319,11.7706200517966,11.8208355843329,11.8243926861346,11.8591691588752,11.9422782315918,11.9468012224556,12.0176883043442,12.0539889322846,12.0867713903826,12.1055272891057,12.1494162297666,12.1659763477328,12.2223264108953,12.2793862134404,12.3021886578322,12.3268566195321,12.3385625386452,12.3946423053998,12.4467796844073,12.502550710368,12.5690858126501,12.5856075789019,12.6428568826335,12.6769848777454,12.7120055970395,12.7418140256288,12.8176547353264,12.8317422332699,12.9046835942225,12.9220820997382,12.9482149825577,12.9820553452216,12.9978666701343,13.061042710264,13.0832313507121,13.1188666602462,13.1659342327348,13.1999470003176,13.2485681671375,13.2899907681828,13.3409719224312,13.396756583948,13.4144220261571,13.4660198862136,13.5263450220272,13.543527391878,13.567915777216,13.6162864854297,13.6367016649408,13.700188982434,13.7369130384248,13.7721806396611,13.7949421392958,13.8545933976985,13.8996346252307,13.9220980129551,14.031961296269,14.054575549994,14.1100305531493,14.1434873393769,14.2029011007928,14.2208672521066,14.2597540989449,14.3583667190673,14.4019586613891,14.4294328589109,14.460285790706,14.5179128838301,14.583931586001,14.6376074210165,14.6685087103867,14.7127867776893,14.7789767482328,14.8431657562326,14.9095233884059,14.9558151678545,15.0530616726193,15.0959782951153,15.197569972423,15.2248132189085,15.3455514905089,15.3610979837551,15.4054553671977,15.4343977421631,15.4964614719879,15.6017971377016,15.7035404776337,15.7404607447127,15.8203901089068,15.9113793042491,16.0323973773664,16.1378811699979,16.1624232868851,16.2496361165266,16.3193213079369,16.4100604657476,16.5418304315513,16.6119469688879,16.6809152211318,16.7586545951827,16.8318584546543,16.9473846858824,17.0653520303747,17.2967651986675,17.3243813457207,17.5790116590799,17.8964500558508,18.0144833046981,18.1515783647737,18.2952049942872,18.3428381870879,18.5192467990066,18.6620674360395,18.8210400561973,18.9594379832525,19.1936308306856,19.4118477512973,19.6179580599729,20.0008824245314,20.1099098002818,20.2162170326963,20.6388080759277,21.0837047572323,21.4377317981977,23.3589308111841,NA,NA,NA,NA,NA,NA,NA,NA,NA,NA,NA,NA,NA,NA,NA,NA,NA,NA,NA,NA,NA,NA,NA,NA,NA,NA,NA,NA,NA,NA,NA,NA,NA,NA,NA,NA
0.539652579780301,0.593272960596664,0.767423249845122,0.964800689299058,1.04141597107453,1.25031543326051,1.38643930933101,1.42314630914106,1.53765162655329,1.67715788114386,1.7382365989682,1.79472055936166,1.83583969683509,1.95174080248771,2.04245459310019,2.13375256434237,2.21134882993696,2.30019941656284,2.44186713931409,2.52564166904318,2.55993871162769,2.62435346505842,2.71016831557266,2.76991945234361,2.86461726081699,2.89890396012021,2.95677192251158,3.04733842855538,3.10437599026694,3.12655730185689,3.14801342995988,3.23553149176076,3.31003330518051,3.37484487885151,3.40437052464295,3.47594631572578,3.51165468346082,3.55505847680443,3.60140159206534,3.6152418520617,3.69310679734873,3.75809066060799,3.81178551779114,3.86896496335876,3.88234093964332,3.92052470941683,3.98830477304998,4.04315811765157,4.10761819901057,4.14562245871517,4.16883252743979,4.26002984647363,4.28339999732637,4.31061286859722,4.36418418108889,4.40100413033736,4.42133990217392,4.47958938549236,4.54251914647204,4.5939280635647,4.6130000699306,4.682220817924,4.70849622146201,4.77156700455368,4.81466017945044,4.85635352403966,4.87281836151366,4.92816952009662,4.98193721746596,5.00834911499682,5.04764640678368,5.07666442076492,5.0966524019731,5.14574488988576,5.15271535507125,5.17993134936189,5.20346462218311,5.22263068667481,5.297415591546,5.31560463358312,5.35524402772589,5.37233517674082,5.41051711032852,5.42768345789402,5.46848499019385,5.51155598403554,5.5399876762818,5.57934187541086,5.61331944963937,5.63507845879382,5.67598020741682,5.7104716493366,5.72588891074609,5.73821977174722,5.79106887573899,5.8040090136609,5.86200558235103,5.87224771609179,5.90361270947854,5.9319405167557,5.94749180587075,5.97726052440739,5.98295457278872,6.0281048699679,6.05246849211621,6.06680567945071,6.09727652830048,6.11844117598592,6.13296534691007,6.18479000374313,6.24323776862155,6.25879414479208,6.27840895369437,6.31760679419418,6.35592094513036,6.36254423584152,6.3914601458206,6.41535702552462,6.44252281424479,6.46091137113044,6.47953284057525,6.49813252245081,6.53414126646249,6.56457659050258,6.59836576978225,6.63975363299653,6.65393054800244,6.67847490665147,6.74215223089516,6.76189053475281,6.77127095229685,6.80180979946264,6.82034516971513,6.85576433013183,6.86761136290998,6.88429126512694,6.90796035579469,6.93185980307554,6.9643718293668,6.97737506294414,6.9914098661211,7.02138856914077,7.03583820342483,7.07878360324907,7.12350911354225,7.13972646664326,7.16092903787387,7.19771253603801,7.21215215021012,7.22954251079499,7.24435706555835,7.25136201471977,7.28827391202617,7.31313948159731,7.32409398638055,7.3419850635975,7.35935973478654,7.37727884629778,7.39559252555718,7.44518282806458,7.45099174827918,7.47405215768396,7.49547492401467,7.50722199550322,7.54384724047381,7.56736337032226,7.58142998658373,7.59031720540954,7.60953824023134,7.63884833366974,7.6779952827651,7.70208157058968,7.7181196569929,7.74195182610029,7.76092066048575,7.81444747756573,7.84161559474307,7.85085140531978,7.87249394431781,7.8787994711618,7.91036227070281,7.96302014761186,7.9734731660552,8.00282753142294,8.03224683020363,8.05957280106326,8.080197316559,8.11086482712294,8.12707522273661,8.15114927901102,8.16388705814316,8.24265663471751,8.24780521725442,8.26699196764503,8.29535919956009,8.3233701355016,8.34489451627064,8.35886833963594,8.37369629858482,8.41192604054706,8.43153994035929,8.44944143683204,8.46160771573569,8.49721131757907,8.51594366749868,8.54174349930959,8.55130436597448,8.56515238247547,8.60398089093248,8.62881834279014,8.65374419958599,8.68009432696908,8.70161768257846,8.73014136409178,8.75412134411724,8.77743951085623,8.81653263741815,8.85573147530315,8.86299700421025,8.89877195089865,8.9620759625745,8.98607747595326,8.99952590552995,9.04977792565715,9.05856764121093,9.10110652978678,9.12409390471358,9.14514639238736,9.2117837486026,9.22623684049858,9.24046180056796,9.27197983598836,9.30015520602687,9.34694502798373,9.3605891163542,9.38734916648733,9.41903138272058,9.4774296249678,9.50336507538624,9.50443569116643,9.56019014130021,9.58630572651722,9.61482893349569,9.64169158067461,9.66818497753311,9.69335487201558,9.75249757067586,9.76837736822036,9.80127832570778,9.84734574590299,9.87065160549004,9.89435692670752,9.92154517275135,9.96815223172797,9.99120281220333,9.99533809017132,10.0574692784288,10.0721817148479,10.0914083816344,10.0992059584492,10.1584085039102,10.1793686200164,10.2075065397033,10.2515701925948,10.3054945675167,10.3182049778815,10.3375762690175,10.3596496687079,10.3991239404496,10.4344569384231,10.4682494522961,10.4950352033713,10.527707734118,10.5722806017235,10.5792520058513,10.6076745764884,10.6837470553987,10.7296371278062,10.7701145540932,10.7847432160996,10.8601580751444,10.8792659109823,10.922849119958,10.9637405627402,11.0458930377935,11.0551440217599,11.0975813355914,11.1348729495032,11.1490590825639,11.1819375609217,11.1919155850963,11.1993945315195,11.2456636499326,11.3044861446611,11.3557185205893,11.3727972620214,11.4370971784611,11.4794976957096,11.4907168039495,11.5361849069553,11.5554840640925,11.6150737675882,11.6566056769538,11.7546389400543,11.7695606283432,11.792988657809,11.8255739398709,11.8458564634956,11.8581309326751,11.9584647506249,11.9774645861219,11.9988325410046,12.0591411860104,12.0968710737903,12.1317007054742,12.1778113197868,12.2129557907254,12.2360207121064,12.2921912976516,12.3236232297995,12.33570136203,12.3770333200731,12.4565757559594,12.4701799884474,12.5148557627665,12.5913457121798,12.6047556067966,12.6504802966008,12.6822409084616,12.7476049565098,12.7802281289842,12.816058361379,12.8681816957244,12.8748326818091,12.917865245584,12.9478608210566,12.9914249647104,13.0519810973124,13.0743374980449,13.1088349812779,13.1586575340544,13.2018862868712,13.2338881674895,13.2574671193687,13.3302226925158,13.3796929444101,13.4033043538245,13.445139668127,13.4951469164765,13.5227926875846,13.5260470121675,13.6161466684543,13.6381381773216,13.7015908336133,13.7188909816568,13.7555243822912,13.7728913393774,13.8393406162157,13.8556899839647,13.9200230297759,14.0161342956092,14.0391351245978,14.0807758297328,14.1517845907847,14.1954448355322,14.2113847608262,14.2730494934625,14.3497128724595,14.3687286635749,14.4237786924202,14.4413344624019,14.5264152484097,14.5575846552344,14.6086696257057,14.6578317177983,14.7194659037509,14.7520811051927,14.7995720312999,14.9179184218814,15.00687425551,15.0343651688758,15.1478112345223,15.1525605979812,15.2404122831951,15.3221936719974,15.3526023481083,15.3611079805103,15.4326204300372,15.4924922729961,15.5575554322543,15.6601916447047,15.735949507234,15.8363804077662,15.8555486641185,16.0229956051584,16.0709181082591,16.1162795438961,16.223899703279,16.2399498453405,16.4154030317453,16.5649317753017,16.573463982685,16.6287627724024,16.7318861122215,16.8118848530733,16.9498729320045,17.0783951811274,17.2890987148187,17.295908488761,17.6272697728493,17.8820749212355,18.01835583009,18.1378932693016,18.3229963753186,18.3460407938966,18.4431479574249,18.6705558914217,18.8143855567795,18.9470302103961,19.1894202630495,19.4088260109973,19.6278307583559,20.0245760593585,20.1188394818772,20.2264354183484,20.6382803702838,21.1097223499245,21.5226808738676,23.3686338505443,NA,NA,NA,NA,NA,NA,NA,NA,NA,NA,NA,NA,NA,NA,NA,NA,NA,NA,NA,NA,NA,NA,NA,NA,NA,NA,NA,NA,NA,NA,NA,NA,NA,NA,NA,NA,NA,NA,NA
0.539652579780301,0.593272960596664,0.767423249845122,0.964800689299058,1.04141597107453,1.25031543326051,1.38643930933101,1.42314630914106,1.53765162655329,1.67715788114386,1.7382365989682,1.79472055936166,1.83583969683509,1.95174080248771,2.04245459310019,2.13375256434237,2.21134882993696,2.30019941656284,2.44186713931409,2.52564166904318,2.55993871162769,2.62435346505842,2.71016831557266,2.76991945234361,2.86461726081699,2.89890396012021,2.95677192251158,3.04733842855538,3.10437599026694,3.12655730185689,3.14801342995988,3.23553149176076,3.31003330518051,3.37484487885151,3.40437052464295,3.47594631572578,3.51165468346082,3.55505847680443,3.60140159206534,3.6152418520617,3.69310679734873,3.75809066060799,3.81178551779114,3.86896496335876,3.88234093964332,3.92052470941683,3.98830477304998,4.04315811765157,4.10761819901057,4.14562245871517,4.16883252743979,4.26002984647363,4.28339999732637,4.31061286859722,4.36418418108889,4.40100413033736,4.42133990217392,4.47958938549236,4.54251914647204,4.5939280635647,4.6130000699306,4.682220817924,4.70849622146201,4.77156700455368,4.81466017945044,4.85635352403966,4.87281836151366,4.92816952009662,4.98193721746596,5.00834911499682,5.04764640678368,5.07666442076492,5.0966524019731,5.14574488988576,5.15271535507125,5.17993134936189,5.20346462218311,5.22263068667481,5.297415591546,5.31560463358312,5.35524402772589,5.37233517674082,5.41051711032852,5.42768345789402,5.46848499019385,5.51155598403554,5.5399876762818,5.57934187541086,5.61331944963937,5.63507845879382,5.67598020741682,5.7104716493366,5.72588891074609,5.73821977174722,5.79106887573899,5.8040090136609,5.86200558235103,5.87224771609179,5.90361270947854,5.9319405167557,5.94749180587075,5.97726052440739,5.98295457278872,6.0281048699679,6.05246849211621,6.06680567945071,6.09727652830048,6.11844117598592,6.13296534691007,6.18479000374313,6.24323776862155,6.25879414479208,6.27840895369437,6.31760679419418,6.35592094513036,6.36254423584152,6.3914601458206,6.41535702552462,6.44252281424479,6.46091137113044,6.47953284057525,6.49813252245081,6.53414126646249,6.56457659050258,6.59836576978225,6.63975363299653,6.65393054800244,6.67847490665147,6.74215223089516,6.76189053475281,6.77127095229685,6.80180979946264,6.82034516971513,6.85576433013183,6.86761136290998,6.88429126512694,6.90796035579469,6.93185980307554,6.9643718293668,6.97737506294414,6.9914098661211,7.02138856914077,7.03583820342483,7.07878360324907,7.12350911354225,7.13972646664326,7.16092903787387,7.19771253603801,7.21215215021012,7.22954251079499,7.24435706555835,7.25136201471977,7.28827391202617,7.31313948159731,7.32409398638055,7.3419850635975,7.35935973478654,7.37727884629778,7.39559252555718,7.44518282806458,7.45099174827918,7.47405215768396,7.49547492401467,7.50722199550322,7.54384724047381,7.56736337032226,7.58142998658373,7.59031720540954,7.60953824023134,7.63884833366974,7.6779952827651,7.70208157058968,7.7181196569929,7.74195182610029,7.76092066048575,7.81444747756573,7.84161559474307,7.85085140531978,7.87249394431781,7.8787994711618,7.91036227070281,7.96302014761186,7.9734731660552,8.00282753142294,8.03224683020363,8.05957280106326,8.080197316559,8.11086482712294,8.12707522273661,8.15114927901102,8.16388705814316,8.24265663471751,8.24780521725442,8.26699196764503,8.29535919956009,8.3233701355016,8.34489451627064,8.35886833963594,8.37369629858482,8.41192604054706,8.43153994035929,8.44944143683204,8.46160771573569,8.49721131757907,8.51594366749868,8.54174349930959,8.55130436597448,8.56515238247547,8.60398089093248,8.62881834279014,8.65374419958599,8.68009432696908,8.70161768257846,8.73014136409178,8.75412134411724,8.77743951085623,8.81653263741815,8.85573147530315,8.86299700421025,8.89877195089865,8.9620759625745,8.98607747595326,8.99952590552995,9.04977792565715,9.05856764121093,9.10110652978678,9.12409390471358,9.14514639238736,9.2117837486026,9.22623684049858,9.24046180056796,9.27197983598836,9.30015520602687,9.34694502798373,9.3605891163542,9.38734916648733,9.41903138272058,9.4774296249678,9.50336507538624,9.50443569116643,9.56019014130021,9.58630572651722,9.61482893349569,9.64169158067461,9.66818497753311,9.69335487201558,9.75249757067586,9.76837736822036,9.80127832570778,9.84734574590299,9.87065160549004,9.89435692670752,9.92154517275135,9.96815223172797,9.99120281220333,9.99533809017132,10.0574692784288,10.0721817148479,10.0914083816344,10.0992059584492,10.1584085039102,10.1793686200164,10.2075065397033,10.2515701925948,10.3054945675167,10.3182049778815,10.3375762690175,10.3596496687079,10.3991239404496,10.4344569384231,10.4682494522961,10.4950352033713,10.527707734118,10.5722806017235,10.5792520058513,10.6076745764884,10.6837470553987,10.7296371278062,10.7701145540932,10.7847432160996,10.8601580751444,10.8792659109823,10.922849119958,10.9637405627402,11.0458930377935,11.0551440217599,11.0975813355914,11.1348729495032,11.1490590825639,11.1819375609217,11.1919155850963,11.1993945315195,11.2456636499326,11.3044861446611,11.3557185205893,11.3727972620214,11.4370971784611,11.4794976957096,11.4907168039495,11.5361849069553,11.5554840640925,11.6150737675882,11.6566056769538,11.7546389400543,11.7695606283432,11.792988657809,11.8255739398709,11.8458564634956,11.8581309326751,11.9584647506249,11.9774645861219,11.9988325410046,12.0591411860104,12.0968710737903,12.1317007054742,12.1778113197868,12.2129557907254,12.2360207121064,12.2921912976516,12.3236232297995,12.33570136203,12.3770333200731,12.4565757559594,12.4701799884474,12.5148557627665,12.5913457121798,12.6047556067966,12.6504802966008,12.6822409084616,12.7476049565098,12.7802281289842,12.816058361379,12.8681816957244,12.8748326818091,12.917865245584,12.9478608210566,12.9914249647104,13.0519810973124,13.0743374980449,13.1088349812779,13.1586575340544,13.2018862868712,13.2338881674895,13.2574671193687,13.3302226925158,13.3796929444101,13.4033043538245,13.445139668127,13.4951469164765,13.5227926875846,13.5260470121675,13.6161466684543,13.6381381773216,13.7015908336133,13.7188909816568,13.7555243822912,13.7728913393774,13.8393406162157,13.8556899839647,13.9200230297759,14.0161342956092,14.0391351245978,14.0807758297328,14.1517845907847,14.1954448355322,14.2113847608262,14.2730494934625,14.3497128724595,14.3687286635749,14.4237786924202,14.4413344624019,14.5264152484097,14.5575846552344,14.6086696257057,14.6578317177983,14.7194659037509,14.7520811051927,14.7995720312999,14.9179184218814,15.00687425551,15.0343651688758,15.1478112345223,15.1525605979812,15.2404122831951,15.3221936719974,15.3526023481083,15.3611079805103,15.4326204300372,15.4924922729961,15.5575554322543,15.6601916447047,15.735949507234,15.8363804077662,15.8555486641185,16.0229956051584,16.0709181082591,16.1162795438961,16.223899703279,16.2399498453405,16.4154030317453,16.5649317753017,16.573463982685,16.6287627724024,16.7318861122215,16.8118848530733,16.9498729320045,17.0783951811274,17.2890987148187,17.295908488761,17.6272697728493,17.8820749212355,18.01835583009,18.1378932693016,18.3229963753186,18.3460407938966,18.4431479574249,18.6705558914217,18.8143855567795,18.9470302103961,19.1894202630495,19.4088260109973,19.6278307583559,20.0245760593585,20.1188394818772,20.2264354183484,20.6382803702838,21.1097223499245,21.5226808738676,23.3686338505443,NA,NA,NA,NA,NA,NA,NA,NA,NA,NA,NA,NA,NA,NA,NA,NA,NA,NA,NA,NA,NA,NA,NA,NA,NA,NA,NA,NA,NA,NA,NA,NA,NA,NA,NA,NA,NA,NA,NA
0.539652579780301,0.593272960596664,0.767423249845122,0.964800689299058,1.04141597107453,1.25031543326051,1.38643930933101,1.42314630914106,1.53765162655329,1.67715788114386,1.7382365989682,1.79472055936166,1.83583969683509,1.95174080248771,2.04245459310019,2.13375256434237,2.21134882993696,2.30019941656284,2.44186713931409,2.52564166904318,2.55993871162769,2.62435346505842,2.71016831557266,2.76991945234361,2.86461726081699,2.89890396012021,2.95677192251158,3.04733842855538,3.10437599026694,3.12655730185689,3.14801342995988,3.23553149176076,3.31003330518051,3.37484487885151,3.40437052464295,3.47594631572578,3.51165468346082,3.55505847680443,3.60140159206534,3.6152418520617,3.69310679734873,3.75809066060799,3.81178551779114,3.86896496335876,3.88234093964332,3.92052470941683,3.98830477304998,4.04315811765157,4.10761819901057,4.14562245871517,4.16883252743979,4.26002984647363,4.28339999732637,4.31061286859722,4.36418418108889,4.40100413033736,4.42133990217392,4.47958938549236,4.54251914647204,4.5939280635647,4.6130000699306,4.682220817924,4.70849622146201,4.77156700455368,4.81466017945044,4.85635352403966,4.87281836151366,4.92816952009662,4.98193721746596,5.00834911499682,5.04764640678368,5.07666442076492,5.0966524019731,5.14574488988576,5.15271535507125,5.17993134936189,5.20346462218311,5.22263068667481,5.297415591546,5.31560463358312,5.35524402772589,5.37233517674082,5.41051711032852,5.42768345789402,5.46848499019385,5.51155598403554,5.5399876762818,5.57934187541086,5.61331944963937,5.63507845879382,5.67598020741682,5.7104716493366,5.72588891074609,5.73821977174722,5.79106887573899,5.8040090136609,5.86200558235103,5.87224771609179,5.90361270947854,5.9319405167557,5.94749180587075,5.97726052440739,5.98295457278872,6.0281048699679,6.05246849211621,6.06680567945071,6.09727652830048,6.11844117598592,6.13296534691007,6.18479000374313,6.24323776862155,6.25879414479208,6.27840895369437,6.31760679419418,6.35592094513036,6.36254423584152,6.3914601458206,6.41535702552462,6.44252281424479,6.46091137113044,6.47953284057525,6.49813252245081,6.53414126646249,6.56457659050258,6.59836576978225,6.63975363299653,6.65393054800244,6.67847490665147,6.74215223089516,6.76189053475281,6.77127095229685,6.80180979946264,6.82034516971513,6.85576433013183,6.86761136290998,6.88429126512694,6.90796035579469,6.93185980307554,6.9643718293668,6.97737506294414,6.9914098661211,7.02138856914077,7.03583820342483,7.07878360324907,7.12350911354225,7.13972646664326,7.16092903787387,7.19771253603801,7.21215215021012,7.22954251079499,7.24435706555835,7.25136201471977,7.28827391202617,7.31313948159731,7.32409398638055,7.3419850635975,7.35935973478654,7.37727884629778,7.39559252555718,7.44518282806458,7.45099174827918,7.47405215768396,7.49547492401467,7.50722199550322,7.54384724047381,7.56736337032226,7.58142998658373,7.59031720540954,7.60953824023134,7.63884833366974,7.6779952827651,7.70208157058968,7.7181196569929,7.74195182610029,7.76092066048575,7.81444747756573,7.84161559474307,7.85085140531978,7.87249394431781,7.8787994711618,7.91036227070281,7.96302014761186,7.9734731660552,8.00282753142294,8.03224683020363,8.05957280106326,8.080197316559,8.11086482712294,8.12707522273661,8.15114927901102,8.16388705814316,8.24265663471751,8.24780521725442,8.26699196764503,8.29535919956009,8.3233701355016,8.34489451627064,8.35886833963594,8.37369629858482,8.41192604054706,8.43153994035929,8.44944143683204,8.46160771573569,8.49721131757907,8.51594366749868,8.54174349930959,8.55130436597448,8.56515238247547,8.60398089093248,8.62881834279014,8.65374419958599,8.68009432696908,8.70161768257846,8.73014136409178,8.75412134411724,8.77743951085623,8.81653263741815,8.85573147530315,8.86299700421025,8.89877195089865,8.9620759625745,8.98607747595326,8.99952590552995,9.04977792565715,9.05856764121093,9.10110652978678,9.12409390471358,9.14514639238736,9.2117837486026,9.22623684049858,9.24046180056796,9.27197983598836,9.30015520602687,9.34694502798373,9.3605891163542,9.38734916648733,9.41903138272058,9.4774296249678,9.50336507538624,9.50443569116643,9.56019014130021,9.58630572651722,9.61482893349569,9.64169158067461,9.66818497753311,9.69335487201558,9.75249757067586,9.76837736822036,9.80127832570778,9.84734574590299,9.87065160549004,9.89435692670752,9.92154517275135,9.96815223172797,9.99120281220333,9.99533809017132,10.0574692784288,10.0721817148479,10.0914083816344,10.0992059584492,10.1584085039102,10.1793686200164,10.2075065397033,10.2515701925948,10.3054945675167,10.3182049778815,10.3375762690175,10.3596496687079,10.3991239404496,10.4344569384231,10.4682494522961,10.4950352033713,10.527707734118,10.5722806017235,10.5792520058513,10.6076745764884,10.6837470553987,10.7296371278062,10.7701145540932,10.7847432160996,10.8601580751444,10.8792659109823,10.922849119958,10.9637405627402,11.0458930377935,11.0551440217599,11.0975813355914,11.1348729495032,11.1490590825639,11.1819375609217,11.1919155850963,11.1993945315195,11.2456636499326,11.3044861446611,11.3557185205893,11.3727972620214,11.4370971784611,11.4794976957096,11.4907168039495,11.5361849069553,11.5554840640925,11.6150737675882,11.6566056769538,11.7546389400543,11.7695606283432,11.792988657809,11.8255739398709,11.8458564634956,11.8581309326751,11.9584647506249,11.9774645861219,11.9988325410046,12.0591411860104,12.0968710737903,12.1317007054742,12.1778113197868,12.2129557907254,12.2360207121064,12.2921912976516,12.3236232297995,12.33570136203,12.3770333200731,12.4565757559594,12.4701799884474,12.5148557627665,12.5913457121798,12.6047556067966,12.6504802966008,12.6822409084616,12.7476049565098,12.7802281289842,12.816058361379,12.8681816957244,12.8748326818091,12.917865245584,12.9478608210566,12.9914249647104,13.0519810973124,13.0743374980449,13.1088349812779,13.1586575340544,13.2018862868712,13.2338881674895,13.2574671193687,13.3302226925158,13.3796929444101,13.4033043538245,13.445139668127,13.4951469164765,13.5227926875846,13.5260470121675,13.6161466684543,13.6381381773216,13.7015908336133,13.7188909816568,13.7555243822912,13.7728913393774,13.8393406162157,13.8556899839647,13.9200230297759,14.0161342956092,14.0391351245978,14.0807758297328,14.1517845907847,14.1954448355322,14.2113847608262,14.2730494934625,14.3497128724595,14.3687286635749,14.4237786924202,14.4413344624019,14.5264152484097,14.5575846552344,14.6086696257057,14.6578317177983,14.7194659037509,14.7520811051927,14.7995720312999,14.9179184218814,15.00687425551,15.0343651688758,15.1478112345223,15.1525605979812,15.2404122831951,15.3221936719974,15.3526023481083,15.3611079805103,15.4326204300372,15.4924922729961,15.5575554322543,15.6601916447047,15.735949507234,15.8363804077662,15.8555486641185,16.0229956051584,16.0709181082591,16.1162795438961,16.223899703279,16.2399498453405,16.4154030317453,16.5649317753017,16.573463982685,16.6287627724024,16.7318861122215,16.8118848530733,16.9498729320045,17.0783951811274,17.2890987148187,17.295908488761,17.6272697728493,17.8820749212355,18.01835583009,18.1378932693016,18.3229963753186,18.3460407938966,18.4431479574249,18.6705558914217,18.8143855567795,18.9470302103961,19.1894202630495,19.4088260109973,19.6278307583559,20.0245760593585,20.1188394818772,20.2264354183484,20.6382803702838,21.1097223499245,21.5226808738676,23.3686338505443,NA,NA,NA,NA,NA,NA,NA,NA,NA,NA,NA,NA,NA,NA,NA,NA,NA,NA,NA,NA,NA,NA,NA,NA,NA,NA,NA,NA,NA,NA,NA,NA,NA,NA,NA,NA,NA,NA,NA
0.539652579780301,0.593272960596664,0.767423249845122,0.964800689299058,1.04141597107453,1.25031543326051,1.38643930933101,1.42314630914106,1.53765162655329,1.67715788114386,1.7382365989682,1.79472055936166,1.83583969683509,1.95174080248771,2.04245459310019,2.13375256434237,2.21134882993696,2.30019941656284,2.44186713931409,2.52564166904318,2.55993871162769,2.62435346505842,2.71016831557266,2.76991945234361,2.86461726081699,2.89890396012021,2.95677192251158,3.04733842855538,3.10437599026694,3.12655730185689,3.14801342995988,3.23553149176076,3.31003330518051,3.37484487885151,3.40437052464295,3.47594631572578,3.51165468346082,3.55505847680443,3.60140159206534,3.6152418520617,3.69310679734873,3.75809066060799,3.81178551779114,3.86896496335876,3.88234093964332,3.92052470941683,3.98830477304998,4.04315811765157,4.10761819901057,4.14562245871517,4.16883252743979,4.26002984647363,4.28339999732637,4.31061286859722,4.36418418108889,4.40100413033736,4.42133990217392,4.47958938549236,4.54251914647204,4.5939280635647,4.6130000699306,4.682220817924,4.70849622146201,4.77156700455368,4.81466017945044,4.85635352403966,4.87281836151366,4.92816952009662,4.98193721746596,5.00834911499682,5.04764640678368,5.07666442076492,5.0966524019731,5.14574488988576,5.15271535507125,5.17993134936189,5.20346462218311,5.22263068667481,5.297415591546,5.31560463358312,5.35524402772589,5.37233517674082,5.41051711032852,5.42768345789402,5.46848499019385,5.51155598403554,5.5399876762818,5.57934187541086,5.61331944963937,5.63507845879382,5.67598020741682,5.7104716493366,5.72588891074609,5.73821977174722,5.79106887573899,5.8040090136609,5.86200558235103,5.87224771609179,5.90361270947854,5.9319405167557,5.94749180587075,5.97726052440739,5.98295457278872,6.0281048699679,6.05246849211621,6.06680567945071,6.09727652830048,6.11844117598592,6.13296534691007,6.18479000374313,6.24323776862155,6.25879414479208,6.27840895369437,6.31760679419418,6.35592094513036,6.36254423584152,6.3914601458206,6.41535702552462,6.44252281424479,6.46091137113044,6.47953284057525,6.49813252245081,6.53414126646249,6.56457659050258,6.59836576978225,6.63975363299653,6.65393054800244,6.67847490665147,6.74215223089516,6.76189053475281,6.77127095229685,6.80180979946264,6.82034516971513,6.85576433013183,6.86761136290998,6.88429126512694,6.90796035579469,6.93185980307554,6.9643718293668,6.97737506294414,6.9914098661211,7.02138856914077,7.03583820342483,7.07878360324907,7.12350911354225,7.13972646664326,7.16092903787387,7.19771253603801,7.21215215021012,7.22954251079499,7.24435706555835,7.25136201471977,7.28827391202617,7.31313948159731,7.32409398638055,7.3419850635975,7.35935973478654,7.37727884629778,7.39559252555718,7.44518282806458,7.45099174827918,7.47405215768396,7.49547492401467,7.50722199550322,7.54384724047381,7.56736337032226,7.58142998658373,7.59031720540954,7.60953824023134,7.63884833366974,7.6779952827651,7.70208157058968,7.7181196569929,7.74195182610029,7.76092066048575,7.81444747756573,7.84161559474307,7.85085140531978,7.87249394431781,7.8787994711618,7.91036227070281,7.96302014761186,7.9734731660552,8.00282753142294,8.03224683020363,8.05957280106326,8.080197316559,8.11086482712294,8.12707522273661,8.15114927901102,8.16388705814316,8.24265663471751,8.24780521725442,8.26699196764503,8.29535919956009,8.3233701355016,8.34489451627064,8.35886833963594,8.37369629858482,8.41192604054706,8.43153994035929,8.44944143683204,8.46160771573569,8.49721131757907,8.51594366749868,8.54174349930959,8.55130436597448,8.56515238247547,8.60398089093248,8.62881834279014,8.65374419958599,8.68009432696908,8.70161768257846,8.73014136409178,8.75412134411724,8.77743951085623,8.81653263741815,8.85573147530315,8.86299700421025,8.89877195089865,8.9620759625745,8.98607747595326,8.99952590552995,9.04977792565715,9.05856764121093,9.10110652978678,9.12409390471358,9.14514639238736,9.2117837486026,9.22623684049858,9.24046180056796,9.27197983598836,9.30015520602687,9.34694502798373,9.3605891163542,9.38734916648733,9.41903138272058,9.4774296249678,9.50336507538624,9.50443569116643,9.56019014130021,9.58630572651722,9.61482893349569,9.64169158067461,9.66818497753311,9.69335487201558,9.75249757067586,9.76837736822036,9.80127832570778,9.84734574590299,9.87065160549004,9.89435692670752,9.92154517275135,9.96815223172797,9.99120281220333,9.99533809017132,10.0574692784288,10.0721817148479,10.0914083816344,10.0992059584492,10.1584085039102,10.1793686200164,10.2075065397033,10.2515701925948,10.3054945675167,10.3182049778815,10.3375762690175,10.3596496687079,10.3991239404496,10.4344569384231,10.4682494522961,10.4950352033713,10.527707734118,10.5722806017235,10.5792520058513,10.6076745764884,10.6837470553987,10.7296371278062,10.7701145540932,10.7847432160996,10.8601580751444,10.8792659109823,10.922849119958,10.9637405627402,11.0458930377935,11.0551440217599,11.0975813355914,11.1348729495032,11.1490590825639,11.1819375609217,11.1919155850963,11.1993945315195,11.2456636499326,11.3044861446611,11.3557185205893,11.3727972620214,11.4370971784611,11.4794976957096,11.4907168039495,11.5361849069553,11.5554840640925,11.6150737675882,11.6566056769538,11.7546389400543,11.7695606283432,11.792988657809,11.8255739398709,11.8458564634956,11.8581309326751,11.9584647506249,11.9774645861219,11.9988325410046,12.0591411860104,12.0968710737903,12.1317007054742,12.1778113197868,12.2129557907254,12.2360207121064,12.2921912976516,12.3236232297995,12.33570136203,12.3770333200731,12.4565757559594,12.4701799884474,12.5148557627665,12.5913457121798,12.6047556067966,12.6504802966008,12.6822409084616,12.7476049565098,12.7802281289842,12.816058361379,12.8681816957244,12.8748326818091,12.917865245584,12.9478608210566,12.9914249647104,13.0519810973124,13.0743374980449,13.1088349812779,13.1586575340544,13.2018862868712,13.2338881674895,13.2574671193687,13.3302226925158,13.3796929444101,13.4033043538245,13.445139668127,13.4951469164765,13.5227926875846,13.5260470121675,13.6161466684543,13.6381381773216,13.7015908336133,13.7188909816568,13.7555243822912,13.7728913393774,13.8393406162157,13.8556899839647,13.9200230297759,14.0161342956092,14.0391351245978,14.0807758297328,14.1517845907847,14.1954448355322,14.2113847608262,14.2730494934625,14.3497128724595,14.3687286635749,14.4237786924202,14.4413344624019,14.5264152484097,14.5575846552344,14.6086696257057,14.6578317177983,14.7194659037509,14.7520811051927,14.7995720312999,14.9179184218814,15.00687425551,15.0343651688758,15.1478112345223,15.1525605979812,15.2404122831951,15.3221936719974,15.3526023481083,15.3611079805103,15.4326204300372,15.4924922729961,15.5575554322543,15.6601916447047,15.735949507234,15.8363804077662,15.8555486641185,16.0229956051584,16.0709181082591,16.1162795438961,16.223899703279,16.2399498453405,16.4154030317453,16.5649317753017,16.573463982685,16.6287627724024,16.7318861122215,16.8118848530733,16.9498729320045,17.0783951811274,17.2890987148187,17.295908488761,17.6272697728493,17.8820749212355,18.01835583009,18.1378932693016,18.3229963753186,18.3460407938966,18.4431479574249,18.6705558914217,18.8143855567795,18.9470302103961,19.1894202630495,19.4088260109973,19.6278307583559,20.0245760593585,20.1188394818772,20.2264354183484,20.6382803702838,21.1097223499245,21.5226808738676,23.3686338505443,NA,NA,NA,NA,NA,NA,NA,NA,NA,NA,NA,NA,NA,NA,NA,NA,NA,NA,NA,NA,NA,NA,NA,NA,NA,NA,NA,NA,NA,NA,NA,NA,NA,NA,NA,NA,NA,NA,NA
0.539652579780301,0.593272960596664,0.767423249845122,0.964800689299058,1.04141597107453,1.25031543326051,1.38643930933101,1.42314630914106,1.53765162655329,1.67715788114386,1.7382365989682,1.79472055936166,1.83583969683509,1.95174080248771,2.04245459310019,2.13375256434237,2.21134882993696,2.30019941656284,2.44186713931409,2.52564166904318,2.55993871162769,2.62435346505842,2.71016831557266,2.76991945234361,2.86461726081699,2.89890396012021,2.95677192251158,3.04733842855538,3.10437599026694,3.12655730185689,3.14801342995988,3.23553149176076,3.31003330518051,3.37484487885151,3.40437052464295,3.47594631572578,3.51165468346082,3.55505847680443,3.60140159206534,3.6152418520617,3.69310679734873,3.75809066060799,3.81178551779114,3.86896496335876,3.88234093964332,3.92052470941683,3.98830477304998,4.04315811765157,4.10761819901057,4.14562245871517,4.16883252743979,4.26002984647363,4.28339999732637,4.31061286859722,4.36418418108889,4.40100413033736,4.42133990217392,4.47958938549236,4.54251914647204,4.5939280635647,4.6130000699306,4.682220817924,4.70849622146201,4.77156700455368,4.81466017945044,4.85635352403966,4.87281836151366,4.92816952009662,4.98193721746596,5.00834911499682,5.04764640678368,5.07666442076492,5.0966524019731,5.14574488988576,5.15271535507125,5.17993134936189,5.20346462218311,5.22263068667481,5.297415591546,5.31560463358312,5.35524402772589,5.37233517674082,5.41051711032852,5.42768345789402,5.46848499019385,5.51155598403554,5.5399876762818,5.57934187541086,5.61331944963937,5.63507845879382,5.67598020741682,5.7104716493366,5.72588891074609,5.73821977174722,5.79106887573899,5.8040090136609,5.86200558235103,5.87224771609179,5.90361270947854,5.9319405167557,5.94749180587075,5.97726052440739,5.98295457278872,6.0281048699679,6.05246849211621,6.06680567945071,6.09727652830048,6.11844117598592,6.13296534691007,6.18479000374313,6.24323776862155,6.25879414479208,6.27840895369437,6.31760679419418,6.35592094513036,6.36254423584152,6.3914601458206,6.41535702552462,6.44252281424479,6.46091137113044,6.47953284057525,6.49813252245081,6.53414126646249,6.56457659050258,6.59836576978225,6.63975363299653,6.65393054800244,6.67847490665147,6.74215223089516,6.76189053475281,6.77127095229685,6.80180979946264,6.82034516971513,6.85576433013183,6.86761136290998,6.88429126512694,6.90796035579469,6.93185980307554,6.9643718293668,6.97737506294414,6.9914098661211,7.02138856914077,7.03583820342483,7.07878360324907,7.12350911354225,7.13972646664326,7.16092903787387,7.19771253603801,7.21215215021012,7.22954251079499,7.24435706555835,7.25136201471977,7.28827391202617,7.31313948159731,7.32409398638055,7.3419850635975,7.35935973478654,7.37727884629778,7.39559252555718,7.44518282806458,7.45099174827918,7.47405215768396,7.49547492401467,7.50722199550322,7.54384724047381,7.56736337032226,7.58142998658373,7.59031720540954,7.60953824023134,7.63884833366974,7.6779952827651,7.70208157058968,7.7181196569929,7.74195182610029,7.76092066048575,7.81444747756573,7.84161559474307,7.85085140531978,7.87249394431781,7.8787994711618,7.91036227070281,7.96302014761186,7.9734731660552,8.00282753142294,8.03224683020363,8.05957280106326,8.080197316559,8.11086482712294,8.12707522273661,8.15114927901102,8.16388705814316,8.24265663471751,8.24780521725442,8.26699196764503,8.29535919956009,8.3233701355016,8.34489451627064,8.35886833963594,8.37369629858482,8.41192604054706,8.43153994035929,8.44944143683204,8.46160771573569,8.49721131757907,8.51594366749868,8.54174349930959,8.55130436597448,8.56515238247547,8.60398089093248,8.62881834279014,8.65374419958599,8.68009432696908,8.70161768257846,8.73014136409178,8.75412134411724,8.77743951085623,8.81653263741815,8.85573147530315,8.86299700421025,8.89877195089865,8.9620759625745,8.98607747595326,8.99952590552995,9.04977792565715,9.05856764121093,9.10110652978678,9.12409390471358,9.14514639238736,9.2117837486026,9.22623684049858,9.24046180056796,9.27197983598836,9.30015520602687,9.34694502798373,9.3605891163542,9.38734916648733,9.41903138272058,9.4774296249678,9.50336507538624,9.50443569116643,9.56019014130021,9.58630572651722,9.61482893349569,9.64169158067461,9.66818497753311,9.69335487201558,9.75249757067586,9.76837736822036,9.80127832570778,9.84734574590299,9.87065160549004,9.89435692670752,9.92154517275135,9.96815223172797,9.99120281220333,9.99533809017132,10.0574692784288,10.0721817148479,10.0914083816344,10.0992059584492,10.1584085039102,10.1793686200164,10.2075065397033,10.2515701925948,10.3054945675167,10.3182049778815,10.3375762690175,10.3596496687079,10.3991239404496,10.4344569384231,10.4682494522961,10.4950352033713,10.527707734118,10.5722806017235,10.5792520058513,10.6076745764884,10.6837470553987,10.7296371278062,10.7701145540932,10.7847432160996,10.8601580751444,10.8792659109823,10.922849119958,10.9637405627402,11.0458930377935,11.0551440217599,11.0975813355914,11.1348729495032,11.1490590825639,11.1819375609217,11.1919155850963,11.1993945315195,11.2456636499326,11.3044861446611,11.3557185205893,11.3727972620214,11.4370971784611,11.4794976957096,11.4907168039495,11.5361849069553,11.5554840640925,11.6150737675882,11.6566056769538,11.7546389400543,11.7695606283432,11.792988657809,11.8255739398709,11.8458564634956,11.8581309326751,11.9584647506249,11.9774645861219,11.9988325410046,12.0591411860104,12.0968710737903,12.1317007054742,12.1778113197868,12.2129557907254,12.2360207121064,12.2921912976516,12.3236232297995,12.33570136203,12.3770333200731,12.4565757559594,12.4701799884474,12.5148557627665,12.5913457121798,12.6047556067966,12.6504802966008,12.6822409084616,12.7476049565098,12.7802281289842,12.816058361379,12.8681816957244,12.8748326818091,12.917865245584,12.9478608210566,12.9914249647104,13.0519810973124,13.0743374980449,13.1088349812779,13.1586575340544,13.2018862868712,13.2338881674895,13.2574671193687,13.3302226925158,13.3796929444101,13.4033043538245,13.445139668127,13.4951469164765,13.5227926875846,13.5260470121675,13.6161466684543,13.6381381773216,13.7015908336133,13.7188909816568,13.7555243822912,13.7728913393774,13.8393406162157,13.8556899839647,13.9200230297759,14.0161342956092,14.0391351245978,14.0807758297328,14.1517845907847,14.1954448355322,14.2113847608262,14.2730494934625,14.3497128724595,14.3687286635749,14.4237786924202,14.4413344624019,14.5264152484097,14.5575846552344,14.6086696257057,14.6578317177983,14.7194659037509,14.7520811051927,14.7995720312999,14.9179184218814,15.00687425551,15.0343651688758,15.1478112345223,15.1525605979812,15.2404122831951,15.3221936719974,15.3526023481083,15.3611079805103,15.4326204300372,15.4924922729961,15.5575554322543,15.6601916447047,15.735949507234,15.8363804077662,15.8555486641185,16.0229956051584,16.0709181082591,16.1162795438961,16.223899703279,16.2399498453405,16.4154030317453,16.5649317753017,16.573463982685,16.6287627724024,16.7318861122215,16.8118848530733,16.9498729320045,17.0783951811274,17.2890987148187,17.295908488761,17.6272697728493,17.8820749212355,18.01835583009,18.1378932693016,18.3229963753186,18.3460407938966,18.4431479574249,18.6705558914217,18.8143855567795,18.9470302103961,19.1894202630495,19.4088260109973,19.6278307583559,20.0245760593585,20.1188394818772,20.2264354183484,20.6382803702838,21.1097223499245,21.5226808738676,23.3686338505443,NA,NA,NA,NA,NA,NA,NA,NA,NA,NA,NA,NA,NA,NA,NA,NA,NA,NA,NA,NA,NA,NA,NA,NA,NA,NA,NA,NA,NA,NA,NA,NA,NA,NA,NA,NA,NA,NA,NA
0.539652579780301,0.593272960596664,0.767423249845122,0.964800689299058,1.04141597107453,1.25031543326051,1.38643930933101,1.42314630914106,1.53765162655329,1.67715788114386,1.7382365989682,1.79472055936166,1.83583969683509,1.95174080248771,2.04245459310019,2.13375256434237,2.21134882993696,2.30019941656284,2.44186713931409,2.52564166904318,2.55993871162769,2.62435346505842,2.71016831557266,2.76991945234361,2.86461726081699,2.89890396012021,2.95677192251158,3.04733842855538,3.10437599026694,3.12655730185689,3.14801342995988,3.23553149176076,3.31003330518051,3.37484487885151,3.40437052464295,3.47594631572578,3.51165468346082,3.55505847680443,3.60140159206534,3.6152418520617,3.69310679734873,3.75809066060799,3.81178551779114,3.86896496335876,3.88234093964332,3.92052470941683,3.98830477304998,4.04315811765157,4.10761819901057,4.14562245871517,4.16883252743979,4.26002984647363,4.28339999732637,4.31061286859722,4.36418418108889,4.40100413033736,4.42133990217392,4.47958938549236,4.54251914647204,4.5939280635647,4.6130000699306,4.682220817924,4.70849622146201,4.77156700455368,4.81466017945044,4.85635352403966,4.87281836151366,4.92816952009662,4.98193721746596,5.00834911499682,5.04764640678368,5.07666442076492,5.0966524019731,5.14574488988576,5.15271535507125,5.17993134936189,5.20346462218311,5.22263068667481,5.297415591546,5.31560463358312,5.35524402772589,5.37233517674082,5.41051711032852,5.42768345789402,5.46848499019385,5.51155598403554,5.5399876762818,5.57934187541086,5.61331944963937,5.63507845879382,5.67598020741682,5.7104716493366,5.72588891074609,5.73821977174722,5.79106887573899,5.8040090136609,5.86200558235103,5.87224771609179,5.90361270947854,5.9319405167557,5.94749180587075,5.97726052440739,5.98295457278872,6.0281048699679,6.05246849211621,6.06680567945071,6.09727652830048,6.11844117598592,6.13296534691007,6.18479000374313,6.24323776862155,6.25879414479208,6.27840895369437,6.31760679419418,6.35592094513036,6.36254423584152,6.3914601458206,6.41535702552462,6.44252281424479,6.46091137113044,6.47953284057525,6.49813252245081,6.53414126646249,6.56457659050258,6.59836576978225,6.63975363299653,6.65393054800244,6.67847490665147,6.74215223089516,6.76189053475281,6.77127095229685,6.80180979946264,6.82034516971513,6.85576433013183,6.86761136290998,6.88429126512694,6.90796035579469,6.93185980307554,6.9643718293668,6.97737506294414,6.9914098661211,7.02138856914077,7.03583820342483,7.07878360324907,7.12350911354225,7.13972646664326,7.16092903787387,7.19771253603801,7.21215215021012,7.22954251079499,7.24435706555835,7.25136201471977,7.28827391202617,7.31313948159731,7.32409398638055,7.3419850635975,7.35935973478654,7.37727884629778,7.39559252555718,7.44518282806458,7.45099174827918,7.47405215768396,7.49547492401467,7.50722199550322,7.54384724047381,7.56736337032226,7.58142998658373,7.59031720540954,7.60953824023134,7.63884833366974,7.6779952827651,7.70208157058968,7.7181196569929,7.74195182610029,7.76092066048575,7.81444747756573,7.84161559474307,7.85085140531978,7.87249394431781,7.8787994711618,7.91036227070281,7.96302014761186,7.9734731660552,8.00282753142294,8.03224683020363,8.05957280106326,8.080197316559,8.11086482712294,8.12707522273661,8.15114927901102,8.16388705814316,8.24265663471751,8.24780521725442,8.26699196764503,8.29535919956009,8.3233701355016,8.34489451627064,8.35886833963594,8.37369629858482,8.41192604054706,8.43153994035929,8.44944143683204,8.46160771573569,8.49721131757907,8.51594366749868,8.54174349930959,8.55130436597448,8.56515238247547,8.60398089093248,8.62881834279014,8.65374419958599,8.68009432696908,8.70161768257846,8.73014136409178,8.75412134411724,8.77743951085623,8.81653263741815,8.85573147530315,8.86299700421025,8.89877195089865,8.9620759625745,8.98607747595326,8.99952590552995,9.04977792565715,9.05856764121093,9.10110652978678,9.12409390471358,9.14514639238736,9.2117837486026,9.22623684049858,9.24046180056796,9.27197983598836,9.30015520602687,9.34694502798373,9.3605891163542,9.38734916648733,9.41903138272058,9.4774296249678,9.50336507538624,9.50443569116643,9.56019014130021,9.58630572651722,9.61482893349569,9.64169158067461,9.66818497753311,9.69335487201558,9.75249757067586,9.76837736822036,9.80127832570778,9.84734574590299,9.87065160549004,9.89435692670752,9.92154517275135,9.96815223172797,9.99120281220333,9.99533809017132,10.0574692784288,10.0721817148479,10.0914083816344,10.0992059584492,10.1584085039102,10.1793686200164,10.2075065397033,10.2515701925948,10.3054945675167,10.3182049778815,10.3375762690175,10.3596496687079,10.3991239404496,10.4344569384231,10.4682494522961,10.4950352033713,10.527707734118,10.5722806017235,10.5792520058513,10.6076745764884,10.6837470553987,10.7296371278062,10.7701145540932,10.7847432160996,10.8601580751444,10.8792659109823,10.922849119958,10.9637405627402,11.0458930377935,11.0551440217599,11.0975813355914,11.1348729495032,11.1490590825639,11.1819375609217,11.1919155850963,11.1993945315195,11.2456636499326,11.3044861446611,11.3557185205893,11.3727972620214,11.4370971784611,11.4794976957096,11.4907168039495,11.5361849069553,11.5554840640925,11.6150737675882,11.6566056769538,11.7546389400543,11.7695606283432,11.792988657809,11.8255739398709,11.8458564634956,11.8581309326751,11.9584647506249,11.9774645861219,11.9988325410046,12.0591411860104,12.0968710737903,12.1317007054742,12.1778113197868,12.2129557907254,12.2360207121064,12.2921912976516,12.3236232297995,12.33570136203,12.3770333200731,12.4565757559594,12.4701799884474,12.5148557627665,12.5913457121798,12.6047556067966,12.6504802966008,12.6822409084616,12.7476049565098,12.7802281289842,12.816058361379,12.8681816957244,12.8748326818091,12.917865245584,12.9478608210566,12.9914249647104,13.0519810973124,13.0743374980449,13.1088349812779,13.1586575340544,13.2018862868712,13.2338881674895,13.2574671193687,13.3302226925158,13.3796929444101,13.4033043538245,13.445139668127,13.4951469164765,13.5227926875846,13.5260470121675,13.6161466684543,13.6381381773216,13.7015908336133,13.7188909816568,13.7555243822912,13.7728913393774,13.8393406162157,13.8556899839647,13.9200230297759,14.0161342956092,14.0391351245978,14.0807758297328,14.1517845907847,14.1954448355322,14.2113847608262,14.2730494934625,14.3497128724595,14.3687286635749,14.4237786924202,14.4413344624019,14.5264152484097,14.5575846552344,14.6086696257057,14.6578317177983,14.7194659037509,14.7520811051927,14.7995720312999,14.9179184218814,15.00687425551,15.0343651688758,15.1478112345223,15.1525605979812,15.2404122831951,15.3221936719974,15.3526023481083,15.3611079805103,15.4326204300372,15.4924922729961,15.5575554322543,15.6601916447047,15.735949507234,15.8363804077662,15.8555486641185,16.0229956051584,16.0709181082591,16.1162795438961,16.223899703279,16.2399498453405,16.4154030317453,16.5649317753017,16.573463982685,16.6287627724024,16.7318861122215,16.8118848530733,16.9498729320045,17.0783951811274,17.2890987148187,17.295908488761,17.6272697728493,17.8820749212355,18.01835583009,18.1378932693016,18.3229963753186,18.3460407938966,18.4431479574249,18.6705558914217,18.8143855567795,18.9470302103961,19.1894202630495,19.4088260109973,19.6278307583559,20.0245760593585,20.1188394818772,20.2264354183484,20.6382803702838,21.1097223499245,21.5226808738676,23.3686338505443,NA,NA,NA,NA,NA,NA,NA,NA,NA,NA,NA,NA,NA,NA,NA,NA,NA,NA,NA,NA,NA,NA,NA,NA,NA,NA,NA,NA,NA,NA,NA,NA,NA,NA,NA,NA,NA,NA,NA
0.539652579780301,0.593272960596664,0.767423249845122,0.964800689299058,1.04141597107453,1.25031543326051,1.38643930933101,1.42314630914106,1.53765162655329,1.67715788114386,1.7382365989682,1.79472055936166,1.83583969683509,1.95174080248771,2.04245459310019,2.13375256434237,2.21134882993696,2.30019941656284,2.44186713931409,2.52564166904318,2.55993871162769,2.62435346505842,2.71016831557266,2.76991945234361,2.86461726081699,2.89890396012021,2.95677192251158,3.04733842855538,3.10437599026694,3.12655730185689,3.14801342995988,3.23553149176076,3.31003330518051,3.37484487885151,3.40437052464295,3.47594631572578,3.51165468346082,3.55505847680443,3.60140159206534,3.6152418520617,3.69310679734873,3.75809066060799,3.81178551779114,3.86896496335876,3.88234093964332,3.92052470941683,3.98830477304998,4.04315811765157,4.10761819901057,4.14562245871517,4.16883252743979,4.26002984647363,4.28339999732637,4.31061286859722,4.36418418108889,4.40100413033736,4.42133990217392,4.47958938549236,4.54251914647204,4.5939280635647,4.6130000699306,4.682220817924,4.70849622146201,4.77156700455368,4.81466017945044,4.85635352403966,4.87281836151366,4.92816952009662,4.98193721746596,5.00834911499682,5.04764640678368,5.07666442076492,5.0966524019731,5.14574488988576,5.15271535507125,5.17993134936189,5.20346462218311,5.22263068667481,5.297415591546,5.31560463358312,5.35524402772589,5.37233517674082,5.41051711032852,5.42768345789402,5.46848499019385,5.51155598403554,5.5399876762818,5.57934187541086,5.61331944963937,5.63507845879382,5.67598020741682,5.7104716493366,5.72588891074609,5.73821977174722,5.79106887573899,5.8040090136609,5.86200558235103,5.87224771609179,5.90361270947854,5.9319405167557,5.94749180587075,5.97726052440739,5.98295457278872,6.0281048699679,6.05246849211621,6.06680567945071,6.09727652830048,6.11844117598592,6.13296534691007,6.18479000374313,6.24323776862155,6.25879414479208,6.27840895369437,6.31760679419418,6.35592094513036,6.36254423584152,6.3914601458206,6.41535702552462,6.44252281424479,6.46091137113044,6.47953284057525,6.49813252245081,6.53414126646249,6.56457659050258,6.59836576978225,6.63975363299653,6.65393054800244,6.67847490665147,6.74215223089516,6.76189053475281,6.77127095229685,6.80180979946264,6.82034516971513,6.85576433013183,6.86761136290998,6.88429126512694,6.90796035579469,6.93185980307554,6.9643718293668,6.97737506294414,6.9914098661211,7.02138856914077,7.03583820342483,7.07878360324907,7.12350911354225,7.13972646664326,7.16092903787387,7.19771253603801,7.21215215021012,7.22954251079499,7.24435706555835,7.25136201471977,7.28827391202617,7.31313948159731,7.32409398638055,7.3419850635975,7.35935973478654,7.37727884629778,7.39559252555718,7.44518282806458,7.45099174827918,7.47405215768396,7.49547492401467,7.50722199550322,7.54384724047381,7.56736337032226,7.58142998658373,7.59031720540954,7.60953824023134,7.63884833366974,7.6779952827651,7.70208157058968,7.7181196569929,7.74195182610029,7.76092066048575,7.81444747756573,7.84161559474307,7.85085140531978,7.87249394431781,7.8787994711618,7.91036227070281,7.96302014761186,7.9734731660552,8.00282753142294,8.03224683020363,8.05957280106326,8.080197316559,8.11086482712294,8.12707522273661,8.15114927901102,8.16388705814316,8.24265663471751,8.24780521725442,8.26699196764503,8.29535919956009,8.3233701355016,8.34489451627064,8.35886833963594,8.37369629858482,8.41192604054706,8.43153994035929,8.44944143683204,8.46160771573569,8.49721131757907,8.51594366749868,8.54174349930959,8.55130436597448,8.56515238247547,8.60398089093248,8.62881834279014,8.65374419958599,8.68009432696908,8.70161768257846,8.73014136409178,8.75412134411724,8.77743951085623,8.81653263741815,8.85573147530315,8.86299700421025,8.89877195089865,8.9620759625745,8.98607747595326,8.99952590552995,9.04977792565715,9.05856764121093,9.10110652978678,9.12409390471358,9.14514639238736,9.2117837486026,9.22623684049858,9.24046180056796,9.27197983598836,9.30015520602687,9.34694502798373,9.3605891163542,9.38734916648733,9.41903138272058,9.4774296249678,9.50336507538624,9.50443569116643,9.56019014130021,9.58630572651722,9.61482893349569,9.64169158067461,9.66818497753311,9.69335487201558,9.75249757067586,9.76837736822036,9.80127832570778,9.84734574590299,9.87065160549004,9.89435692670752,9.92154517275135,9.96815223172797,9.99120281220333,9.99533809017132,10.0574692784288,10.0721817148479,10.0914083816344,10.0992059584492,10.1584085039102,10.1793686200164,10.2075065397033,10.2515701925948,10.3054945675167,10.3182049778815,10.3375762690175,10.3596496687079,10.3991239404496,10.4344569384231,10.4682494522961,10.4950352033713,10.527707734118,10.5722806017235,10.5792520058513,10.6076745764884,10.6837470553987,10.7296371278062,10.7701145540932,10.7847432160996,10.8601580751444,10.8792659109823,10.922849119958,10.9637405627402,11.0458930377935,11.0551440217599,11.0975813355914,11.1348729495032,11.1490590825639,11.1819375609217,11.1919155850963,11.1993945315195,11.2456636499326,11.3044861446611,11.3557185205893,11.3727972620214,11.4370971784611,11.4794976957096,11.4907168039495,11.5361849069553,11.5554840640925,11.6150737675882,11.6566056769538,11.7546389400543,11.7695606283432,11.792988657809,11.8255739398709,11.8458564634956,11.8581309326751,11.9584647506249,11.9774645861219,11.9988325410046,12.0591411860104,12.0968710737903,12.1317007054742,12.1778113197868,12.2129557907254,12.2360207121064,12.2921912976516,12.3236232297995,12.33570136203,12.3770333200731,12.4565757559594,12.4701799884474,12.5148557627665,12.5913457121798,12.6047556067966,12.6504802966008,12.6822409084616,12.7476049565098,12.7802281289842,12.816058361379,12.8681816957244,12.8748326818091,12.917865245584,12.9478608210566,12.9914249647104,13.0519810973124,13.0743374980449,13.1088349812779,13.1586575340544,13.2018862868712,13.2338881674895,13.2574671193687,13.3302226925158,13.3796929444101,13.4033043538245,13.445139668127,13.4951469164765,13.5227926875846,13.5260470121675,13.6161466684543,13.6381381773216,13.7015908336133,13.7188909816568,13.7555243822912,13.7728913393774,13.8393406162157,13.8556899839647,13.9200230297759,14.0161342956092,14.0391351245978,14.0807758297328,14.1517845907847,14.1954448355322,14.2113847608262,14.2730494934625,14.3497128724595,14.3687286635749,14.4237786924202,14.4413344624019,14.5264152484097,14.5575846552344,14.6086696257057,14.6578317177983,14.7194659037509,14.7520811051927,14.7995720312999,14.9179184218814,15.00687425551,15.0343651688758,15.1478112345223,15.1525605979812,15.2404122831951,15.3221936719974,15.3526023481083,15.3611079805103,15.4326204300372,15.4924922729961,15.5575554322543,15.6601916447047,15.735949507234,15.8363804077662,15.8555486641185,16.0229956051584,16.0709181082591,16.1162795438961,16.223899703279,16.2399498453405,16.4154030317453,16.5649317753017,16.573463982685,16.6287627724024,16.7318861122215,16.8118848530733,16.9498729320045,17.0783951811274,17.2890987148187,17.295908488761,17.6272697728493,17.8820749212355,18.01835583009,18.1378932693016,18.3229963753186,18.3460407938966,18.4431479574249,18.6705558914217,18.8143855567795,18.9470302103961,19.1894202630495,19.4088260109973,19.6278307583559,20.0245760593585,20.1188394818772,20.2264354183484,20.6382803702838,21.1097223499245,21.5226808738676,23.3686338505443,NA,NA,NA,NA,NA,NA,NA,NA,NA,NA,NA,NA,NA,NA,NA,NA,NA,NA,NA,NA,NA,NA,NA,NA,NA,NA,NA,NA,NA,NA,NA,NA,NA,NA,NA,NA,NA,NA,NA
0.539652579780301,0.593272960596664,0.767423249845122,0.964800689299058,1.04141597107453,1.25031543326051,1.38643930933101,1.42314630914106,1.53765162655329,1.67715788114386,1.7382365989682,1.79472055936166,1.83583969683509,1.95174080248771,2.04245459310019,2.13375256434237,2.21134882993696,2.30019941656284,2.44186713931409,2.52564166904318,2.55993871162769,2.62435346505842,2.71016831557266,2.76991945234361,2.86461726081699,2.89890396012021,2.95677192251158,3.04733842855538,3.10437599026694,3.12655730185689,3.14801342995988,3.23553149176076,3.31003330518051,3.37484487885151,3.40437052464295,3.47594631572578,3.51165468346082,3.55505847680443,3.60140159206534,3.6152418520617,3.69310679734873,3.75809066060799,3.81178551779114,3.86896496335876,3.88234093964332,3.92052470941683,3.98830477304998,4.04315811765157,4.10761819901057,4.14562245871517,4.16883252743979,4.26002984647363,4.28339999732637,4.31061286859722,4.36418418108889,4.40100413033736,4.42133990217392,4.47958938549236,4.54251914647204,4.5939280635647,4.6130000699306,4.682220817924,4.70849622146201,4.77156700455368,4.81466017945044,4.85635352403966,4.87281836151366,4.92816952009662,4.98193721746596,5.00834911499682,5.04764640678368,5.07666442076492,5.0966524019731,5.14574488988576,5.15271535507125,5.17993134936189,5.20346462218311,5.22263068667481,5.297415591546,5.31560463358312,5.35524402772589,5.37233517674082,5.41051711032852,5.42768345789402,5.46848499019385,5.51155598403554,5.5399876762818,5.57934187541086,5.61331944963937,5.63507845879382,5.67598020741682,5.7104716493366,5.72588891074609,5.73821977174722,5.79106887573899,5.8040090136609,5.86200558235103,5.87224771609179,5.90361270947854,5.9319405167557,5.94749180587075,5.97726052440739,5.98295457278872,6.0281048699679,6.05246849211621,6.06680567945071,6.09727652830048,6.11844117598592,6.13296534691007,6.18479000374313,6.24323776862155,6.25879414479208,6.27840895369437,6.31760679419418,6.35592094513036,6.36254423584152,6.3914601458206,6.41535702552462,6.44252281424479,6.46091137113044,6.47953284057525,6.49813252245081,6.53414126646249,6.56457659050258,6.59836576978225,6.63975363299653,6.65393054800244,6.67847490665147,6.74215223089516,6.76189053475281,6.77127095229685,6.80180979946264,6.82034516971513,6.85576433013183,6.86761136290998,6.88429126512694,6.90796035579469,6.93185980307554,6.9643718293668,6.97737506294414,6.9914098661211,7.02138856914077,7.03583820342483,7.07878360324907,7.12350911354225,7.13972646664326,7.16092903787387,7.19771253603801,7.21215215021012,7.22954251079499,7.24435706555835,7.25136201471977,7.28827391202617,7.31313948159731,7.32409398638055,7.3419850635975,7.35935973478654,7.37727884629778,7.39559252555718,7.44518282806458,7.45099174827918,7.47405215768396,7.49547492401467,7.50722199550322,7.54384724047381,7.56736337032226,7.58142998658373,7.59031720540954,7.60953824023134,7.63884833366974,7.6779952827651,7.70208157058968,7.7181196569929,7.74195182610029,7.76092066048575,7.81444747756573,7.84161559474307,7.85085140531978,7.87249394431781,7.8787994711618,7.91036227070281,7.96302014761186,7.9734731660552,8.00282753142294,8.03224683020363,8.05957280106326,8.080197316559,8.11086482712294,8.12707522273661,8.15114927901102,8.16388705814316,8.24265663471751,8.24780521725442,8.26699196764503,8.29535919956009,8.3233701355016,8.34489451627064,8.35886833963594,8.37369629858482,8.41192604054706,8.43153994035929,8.44944143683204,8.46160771573569,8.49721131757907,8.51594366749868,8.54174349930959,8.55130436597448,8.56515238247547,8.60398089093248,8.62881834279014,8.65374419958599,8.68009432696908,8.70161768257846,8.73014136409178,8.75412134411724,8.77743951085623,8.81653263741815,8.85573147530315,8.86299700421025,8.89877195089865,8.9620759625745,8.98607747595326,8.99952590552995,9.04977792565715,9.05856764121093,9.10110652978678,9.12409390471358,9.14514639238736,9.2117837486026,9.22623684049858,9.24046180056796,9.27197983598836,9.30015520602687,9.34694502798373,9.3605891163542,9.38734916648733,9.41903138272058,9.4774296249678,9.50336507538624,9.50443569116643,9.56019014130021,9.58630572651722,9.61482893349569,9.64169158067461,9.66818497753311,9.69335487201558,9.75249757067586,9.76837736822036,9.80127832570778,9.84734574590299,9.87065160549004,9.89435692670752,9.92154517275135,9.96815223172797,9.99120281220333,9.99533809017132,10.0574692784288,10.0721817148479,10.0914083816344,10.0992059584492,10.1584085039102,10.1793686200164,10.2075065397033,10.2515701925948,10.3054945675167,10.3182049778815,10.3375762690175,10.3596496687079,10.3991239404496,10.4344569384231,10.4682494522961,10.4950352033713,10.527707734118,10.5722806017235,10.5792520058513,10.6076745764884,10.6837470553987,10.7296371278062,10.7701145540932,10.7847432160996,10.8601580751444,10.8792659109823,10.922849119958,10.9637405627402,11.0458930377935,11.0551440217599,11.0975813355914,11.1348729495032,11.1490590825639,11.1819375609217,11.1919155850963,11.1993945315195,11.2456636499326,11.3044861446611,11.3557185205893,11.3727972620214,11.4370971784611,11.4794976957096,11.4907168039495,11.5361849069553,11.5554840640925,11.6150737675882,11.6566056769538,11.7546389400543,11.7695606283432,11.792988657809,11.8255739398709,11.8458564634956,11.8581309326751,11.9584647506249,11.9774645861219,11.9988325410046,12.0591411860104,12.0968710737903,12.1317007054742,12.1778113197868,12.2129557907254,12.2360207121064,12.2921912976516,12.3236232297995,12.33570136203,12.3770333200731,12.4565757559594,12.4701799884474,12.5148557627665,12.5913457121798,12.6047556067966,12.6504802966008,12.6822409084616,12.7476049565098,12.7802281289842,12.816058361379,12.8681816957244,12.8748326818091,12.917865245584,12.9478608210566,12.9914249647104,13.0519810973124,13.0743374980449,13.1088349812779,13.1586575340544,13.2018862868712,13.2338881674895,13.2574671193687,13.3302226925158,13.3796929444101,13.4033043538245,13.445139668127,13.4951469164765,13.5227926875846,13.5260470121675,13.6161466684543,13.6381381773216,13.7015908336133,13.7188909816568,13.7555243822912,13.7728913393774,13.8393406162157,13.8556899839647,13.9200230297759,14.0161342956092,14.0391351245978,14.0807758297328,14.1517845907847,14.1954448355322,14.2113847608262,14.2730494934625,14.3497128724595,14.3687286635749,14.4237786924202,14.4413344624019,14.5264152484097,14.5575846552344,14.6086696257057,14.6578317177983,14.7194659037509,14.7520811051927,14.7995720312999,14.9179184218814,15.00687425551,15.0343651688758,15.1478112345223,15.1525605979812,15.2404122831951,15.3221936719974,15.3526023481083,15.3611079805103,15.4326204300372,15.4924922729961,15.5575554322543,15.6601916447047,15.735949507234,15.8363804077662,15.8555486641185,16.0229956051584,16.0709181082591,16.1162795438961,16.223899703279,16.2399498453405,16.4154030317453,16.5649317753017,16.573463982685,16.6287627724024,16.7318861122215,16.8118848530733,16.9498729320045,17.0783951811274,17.2890987148187,17.295908488761,17.6272697728493,17.8820749212355,18.01835583009,18.1378932693016,18.3229963753186,18.3460407938966,18.4431479574249,18.6705558914217,18.8143855567795,18.9470302103961,19.1894202630495,19.4088260109973,19.6278307583559,20.0245760593585,20.1188394818772,20.2264354183484,20.6382803702838,21.1097223499245,21.5226808738676,23.3686338505443,NA,NA,NA,NA,NA,NA,NA,NA,NA,NA,NA,NA,NA,NA,NA,NA,NA,NA,NA,NA,NA,NA,NA,NA,NA,NA,NA,NA,NA,NA,NA,NA,NA,NA,NA,NA,NA,NA,NA
0.539652579780301,0.593272960596664,0.767423249845122,0.964800689299058,1.04141597107453,1.25031543326051,1.38643930933101,1.42314630914106,1.53765162655329,1.67715788114386,1.7382365989682,1.79472055936166,1.83583969683509,1.95174080248771,2.04245459310019,2.13375256434237,2.21134882993696,2.30019941656284,2.44186713931409,2.52564166904318,2.55993871162769,2.62435346505842,2.71016831557266,2.76991945234361,2.86461726081699,2.89890396012021,2.95677192251158,3.04733842855538,3.10437599026694,3.12655730185689,3.14801342995988,3.23553149176076,3.31003330518051,3.37484487885151,3.40437052464295,3.47594631572578,3.51165468346082,3.55505847680443,3.60140159206534,3.6152418520617,3.69310679734873,3.75809066060799,3.81178551779114,3.86896496335876,3.88234093964332,3.92052470941683,3.98830477304998,4.04315811765157,4.10761819901057,4.14562245871517,4.16883252743979,4.26002984647363,4.28339999732637,4.31061286859722,4.36418418108889,4.40100413033736,4.42133990217392,4.47958938549236,4.54251914647204,4.5939280635647,4.6130000699306,4.682220817924,4.70849622146201,4.77156700455368,4.81466017945044,4.85635352403966,4.87281836151366,4.92816952009662,4.98193721746596,5.00834911499682,5.04764640678368,5.07666442076492,5.0966524019731,5.14574488988576,5.15271535507125,5.17993134936189,5.20346462218311,5.22263068667481,5.297415591546,5.31560463358312,5.35524402772589,5.37233517674082,5.41051711032852,5.42768345789402,5.46848499019385,5.51155598403554,5.5399876762818,5.57934187541086,5.61331944963937,5.63507845879382,5.67598020741682,5.7104716493366,5.72588891074609,5.73821977174722,5.79106887573899,5.8040090136609,5.86200558235103,5.87224771609179,5.90361270947854,5.9319405167557,5.94749180587075,5.97726052440739,5.98295457278872,6.0281048699679,6.05246849211621,6.06680567945071,6.09727652830048,6.11844117598592,6.13296534691007,6.18479000374313,6.24323776862155,6.25879414479208,6.27840895369437,6.31760679419418,6.35592094513036,6.36254423584152,6.3914601458206,6.41535702552462,6.44252281424479,6.46091137113044,6.47953284057525,6.49813252245081,6.53414126646249,6.56457659050258,6.59836576978225,6.63975363299653,6.65393054800244,6.67847490665147,6.74215223089516,6.76189053475281,6.77127095229685,6.80180979946264,6.82034516971513,6.85576433013183,6.86761136290998,6.88429126512694,6.90796035579469,6.93185980307554,6.9643718293668,6.97737506294414,6.9914098661211,7.02138856914077,7.03583820342483,7.07878360324907,7.12350911354225,7.13972646664326,7.16092903787387,7.19771253603801,7.21215215021012,7.22954251079499,7.24435706555835,7.25136201471977,7.28827391202617,7.31313948159731,7.32409398638055,7.3419850635975,7.35935973478654,7.37727884629778,7.39559252555718,7.44518282806458,7.45099174827918,7.47405215768396,7.49547492401467,7.50722199550322,7.54384724047381,7.56736337032226,7.58142998658373,7.59031720540954,7.60953824023134,7.63884833366974,7.6779952827651,7.70208157058968,7.7181196569929,7.74195182610029,7.76092066048575,7.81444747756573,7.84161559474307,7.85085140531978,7.87249394431781,7.8787994711618,7.91036227070281,7.96302014761186,7.9734731660552,8.00282753142294,8.03224683020363,8.05957280106326,8.080197316559,8.11086482712294,8.12707522273661,8.15114927901102,8.16388705814316,8.24265663471751,8.24780521725442,8.26699196764503,8.29535919956009,8.3233701355016,8.34489451627064,8.35886833963594,8.37369629858482,8.41192604054706,8.43153994035929,8.44944143683204,8.46160771573569,8.49721131757907,8.51594366749868,8.54174349930959,8.55130436597448,8.56515238247547,8.60398089093248,8.62881834279014,8.65374419958599,8.68009432696908,8.70161768257846,8.73014136409178,8.75412134411724,8.77743951085623,8.81653263741815,8.85573147530315,8.86299700421025,8.89877195089865,8.9620759625745,8.98607747595326,8.99952590552995,9.04977792565715,9.05856764121093,9.10110652978678,9.12409390471358,9.14514639238736,9.2117837486026,9.22623684049858,9.24046180056796,9.27197983598836,9.30015520602687,9.34694502798373,9.3605891163542,9.38734916648733,9.41903138272058,9.4774296249678,9.50336507538624,9.50443569116643,9.56019014130021,9.58630572651722,9.61482893349569,9.64169158067461,9.66818497753311,9.69335487201558,9.75249757067586,9.76837736822036,9.80127832570778,9.84734574590299,9.87065160549004,9.89435692670752,9.92154517275135,9.96815223172797,9.99120281220333,9.99533809017132,10.0574692784288,10.0721817148479,10.0914083816344,10.0992059584492,10.1584085039102,10.1793686200164,10.2075065397033,10.2515701925948,10.3054945675167,10.3182049778815,10.3375762690175,10.3596496687079,10.3991239404496,10.4344569384231,10.4682494522961,10.4950352033713,10.527707734118,10.5722806017235,10.5792520058513,10.6076745764884,10.6837470553987,10.7296371278062,10.7701145540932,10.7847432160996,10.8601580751444,10.8792659109823,10.922849119958,10.9637405627402,11.0458930377935,11.0551440217599,11.0975813355914,11.1348729495032,11.1490590825639,11.1819375609217,11.1919155850963,11.1993945315195,11.2456636499326,11.3044861446611,11.3557185205893,11.3727972620214,11.4370971784611,11.4794976957096,11.4907168039495,11.5361849069553,11.5554840640925,11.6150737675882,11.6566056769538,11.7546389400543,11.7695606283432,11.792988657809,11.8255739398709,11.8458564634956,11.8581309326751,11.9584647506249,11.9774645861219,11.9988325410046,12.0591411860104,12.0968710737903,12.1317007054742,12.1778113197868,12.2129557907254,12.2360207121064,12.2921912976516,12.3236232297995,12.33570136203,12.3770333200731,12.4565757559594,12.4701799884474,12.5148557627665,12.5913457121798,12.6047556067966,12.6504802966008,12.6822409084616,12.7476049565098,12.7802281289842,12.816058361379,12.8681816957244,12.8748326818091,12.917865245584,12.9478608210566,12.9914249647104,13.0519810973124,13.0743374980449,13.1088349812779,13.1586575340544,13.2018862868712,13.2338881674895,13.2574671193687,13.3302226925158,13.3796929444101,13.4033043538245,13.445139668127,13.4951469164765,13.5227926875846,13.5260470121675,13.6161466684543,13.6381381773216,13.7015908336133,13.7188909816568,13.7555243822912,13.7728913393774,13.8393406162157,13.8556899839647,13.9200230297759,14.0161342956092,14.0391351245978,14.0807758297328,14.1517845907847,14.1954448355322,14.2113847608262,14.2730494934625,14.3497128724595,14.3687286635749,14.4237786924202,14.4413344624019,14.5264152484097,14.5575846552344,14.6086696257057,14.6578317177983,14.7194659037509,14.7520811051927,14.7995720312999,14.9179184218814,15.00687425551,15.0343651688758,15.1478112345223,15.1525605979812,15.2404122831951,15.3221936719974,15.3526023481083,15.3611079805103,15.4326204300372,15.4924922729961,15.5575554322543,15.6601916447047,15.735949507234,15.8363804077662,15.8555486641185,16.0229956051584,16.0709181082591,16.1162795438961,16.223899703279,16.2399498453405,16.4154030317453,16.5649317753017,16.573463982685,16.6287627724024,16.7318861122215,16.8118848530733,16.9498729320045,17.0783951811274,17.2890987148187,17.295908488761,17.6272697728493,17.8820749212355,18.01835583009,18.1378932693016,18.3229963753186,18.3460407938966,18.4431479574249,18.6705558914217,18.8143855567795,18.9470302103961,19.1894202630495,19.4088260109973,19.6278307583559,20.0245760593585,20.1188394818772,20.2264354183484,20.6382803702838,21.1097223499245,21.5226808738676,23.3686338505443,NA,NA,NA,NA,NA,NA,NA,NA,NA,NA,NA,NA,NA,NA,NA,NA,NA,NA,NA,NA,NA,NA,NA,NA,NA,NA,NA,NA,NA,NA,NA,NA,NA,NA,NA,NA,NA,NA,NA
0.539652579780301,0.593272960596664,0.767423249845122,0.964800689299058,1.04141597107453,1.25031543326051,1.38643930933101,1.42314630914106,1.53765162655329,1.67715788114386,1.7382365989682,1.79472055936166,1.83583969683509,1.95174080248771,2.04245459310019,2.13375256434237,2.21134882993696,2.30019941656284,2.44186713931409,2.52564166904318,2.55993871162769,2.62435346505842,2.71016831557266,2.76991945234361,2.86461726081699,2.89890396012021,2.95677192251158,3.04733842855538,3.10437599026694,3.12655730185689,3.14801342995988,3.23553149176076,3.31003330518051,3.37484487885151,3.40437052464295,3.47594631572578,3.51165468346082,3.55505847680443,3.60140159206534,3.6152418520617,3.69310679734873,3.75809066060799,3.81178551779114,3.86896496335876,3.88234093964332,3.92052470941683,3.98830477304998,4.04315811765157,4.10761819901057,4.14562245871517,4.16883252743979,4.26002984647363,4.28339999732637,4.31061286859722,4.36418418108889,4.40100413033736,4.42133990217392,4.47958938549236,4.54251914647204,4.5939280635647,4.6130000699306,4.682220817924,4.70849622146201,4.77156700455368,4.81466017945044,4.85635352403966,4.87281836151366,4.92816952009662,4.98193721746596,5.00834911499682,5.04764640678368,5.07666442076492,5.0966524019731,5.14574488988576,5.15271535507125,5.17993134936189,5.20346462218311,5.22263068667481,5.297415591546,5.31560463358312,5.35524402772589,5.37233517674082,5.41051711032852,5.42768345789402,5.46848499019385,5.51155598403554,5.5399876762818,5.57934187541086,5.61331944963937,5.63507845879382,5.67598020741682,5.7104716493366,5.72588891074609,5.73821977174722,5.79106887573899,5.8040090136609,5.86200558235103,5.87224771609179,5.90361270947854,5.9319405167557,5.94749180587075,5.97726052440739,5.98295457278872,6.0281048699679,6.05246849211621,6.06680567945071,6.09727652830048,6.11844117598592,6.13296534691007,6.18479000374313,6.24323776862155,6.25879414479208,6.27840895369437,6.31760679419418,6.35592094513036,6.36254423584152,6.3914601458206,6.41535702552462,6.44252281424479,6.46091137113044,6.47953284057525,6.49813252245081,6.53414126646249,6.56457659050258,6.59836576978225,6.63975363299653,6.65393054800244,6.67847490665147,6.74215223089516,6.76189053475281,6.77127095229685,6.80180979946264,6.82034516971513,6.85576433013183,6.86761136290998,6.88429126512694,6.90796035579469,6.93185980307554,6.9643718293668,6.97737506294414,6.9914098661211,7.02138856914077,7.03583820342483,7.07878360324907,7.12350911354225,7.13972646664326,7.16092903787387,7.19771253603801,7.21215215021012,7.22954251079499,7.24435706555835,7.25136201471977,7.28827391202617,7.31313948159731,7.32409398638055,7.3419850635975,7.35935973478654,7.37727884629778,7.39559252555718,7.44518282806458,7.45099174827918,7.47405215768396,7.49547492401467,7.50722199550322,7.54384724047381,7.56736337032226,7.58142998658373,7.59031720540954,7.60953824023134,7.63884833366974,7.6779952827651,7.70208157058968,7.7181196569929,7.74195182610029,7.76092066048575,7.81444747756573,7.84161559474307,7.85085140531978,7.87249394431781,7.8787994711618,7.91036227070281,7.96302014761186,7.9734731660552,8.00282753142294,8.03224683020363,8.05957280106326,8.080197316559,8.11086482712294,8.12707522273661,8.15114927901102,8.16388705814316,8.24265663471751,8.24780521725442,8.26699196764503,8.29535919956009,8.3233701355016,8.34489451627064,8.35886833963594,8.37369629858482,8.41192604054706,8.43153994035929,8.44944143683204,8.46160771573569,8.49721131757907,8.51594366749868,8.54174349930959,8.55130436597448,8.56515238247547,8.60398089093248,8.62881834279014,8.65374419958599,8.68009432696908,8.70161768257846,8.73014136409178,8.75412134411724,8.77743951085623,8.81653263741815,8.85573147530315,8.86299700421025,8.89877195089865,8.9620759625745,8.98607747595326,8.99952590552995,9.04977792565715,9.05856764121093,9.10110652978678,9.12409390471358,9.14514639238736,9.2117837486026,9.22623684049858,9.24046180056796,9.27197983598836,9.30015520602687,9.34694502798373,9.3605891163542,9.38734916648733,9.41903138272058,9.4774296249678,9.50336507538624,9.50443569116643,9.56019014130021,9.58630572651722,9.61482893349569,9.64169158067461,9.66818497753311,9.69335487201558,9.75249757067586,9.76837736822036,9.80127832570778,9.84734574590299,9.87065160549004,9.89435692670752,9.92154517275135,9.96815223172797,9.99120281220333,9.99533809017132,10.0574692784288,10.0721817148479,10.0914083816344,10.0992059584492,10.1584085039102,10.1793686200164,10.2075065397033,10.2515701925948,10.3054945675167,10.3182049778815,10.3375762690175,10.3596496687079,10.3991239404496,10.4344569384231,10.4682494522961,10.4950352033713,10.527707734118,10.5722806017235,10.5792520058513,10.6076745764884,10.6837470553987,10.7296371278062,10.7701145540932,10.7847432160996,10.8601580751444,10.8792659109823,10.922849119958,10.9637405627402,11.0458930377935,11.0551440217599,11.0975813355914,11.1348729495032,11.1490590825639,11.1819375609217,11.1919155850963,11.1993945315195,11.2456636499326,11.3044861446611,11.3557185205893,11.3727972620214,11.4370971784611,11.4794976957096,11.4907168039495,11.5361849069553,11.5554840640925,11.6150737675882,11.6566056769538,11.7546389400543,11.7695606283432,11.792988657809,11.8255739398709,11.8458564634956,11.8581309326751,11.9584647506249,11.9774645861219,11.9988325410046,12.0591411860104,12.0968710737903,12.1317007054742,12.1778113197868,12.2129557907254,12.2360207121064,12.2921912976516,12.3236232297995,12.33570136203,12.3770333200731,12.4565757559594,12.4701799884474,12.5148557627665,12.5913457121798,12.6047556067966,12.6504802966008,12.6822409084616,12.7476049565098,12.7802281289842,12.816058361379,12.8681816957244,12.8748326818091,12.917865245584,12.9478608210566,12.9914249647104,13.0519810973124,13.0743374980449,13.1088349812779,13.1586575340544,13.2018862868712,13.2338881674895,13.2574671193687,13.3302226925158,13.3796929444101,13.4033043538245,13.445139668127,13.4951469164765,13.5227926875846,13.5260470121675,13.6161466684543,13.6381381773216,13.7015908336133,13.7188909816568,13.7555243822912,13.7728913393774,13.8393406162157,13.8556899839647,13.9200230297759,14.0161342956092,14.0391351245978,14.0807758297328,14.1517845907847,14.1954448355322,14.2113847608262,14.2730494934625,14.3497128724595,14.3687286635749,14.4237786924202,14.4413344624019,14.5264152484097,14.5575846552344,14.6086696257057,14.6578317177983,14.7194659037509,14.7520811051927,14.7995720312999,14.9179184218814,15.00687425551,15.0343651688758,15.1478112345223,15.1525605979812,15.2404122831951,15.3221936719974,15.3526023481083,15.3611079805103,15.4326204300372,15.4924922729961,15.5575554322543,15.6601916447047,15.735949507234,15.8363804077662,15.8555486641185,16.0229956051584,16.0709181082591,16.1162795438961,16.223899703279,16.2399498453405,16.4154030317453,16.5649317753017,16.573463982685,16.6287627724024,16.7318861122215,16.8118848530733,16.9498729320045,17.0783951811274,17.2890987148187,17.295908488761,17.6272697728493,17.8820749212355,18.01835583009,18.1378932693016,18.3229963753186,18.3460407938966,18.4431479574249,18.6705558914217,18.8143855567795,18.9470302103961,19.1894202630495,19.4088260109973,19.6278307583559,20.0245760593585,20.1188394818772,20.2264354183484,20.6382803702838,21.1097223499245,21.5226808738676,23.3686338505443,NA,NA,NA,NA,NA,NA,NA,NA,NA,NA,NA,NA,NA,NA,NA,NA,NA,NA,NA,NA,NA,NA,NA,NA,NA,NA,NA,NA,NA,NA,NA,NA,NA,NA,NA,NA,NA,NA,NA
0.552650717148559,0.603718926257307,0.770104701716397,1.00337490689612,1.11006244198989,1.3118441022895,1.42125563323307,1.50923646981495,1.55020234471803,1.69210674718584,1.80189825737542,1.81550439261164,1.83737140568497,1.97635460772889,2.14626121200807,2.23531423577816,2.28971677588842,2.39767518145054,2.47360963913348,2.54835018719689,2.60949618176447,2.633482071905,2.7444203566401,2.7777011817613,2.90668383436551,2.94582142469112,3.00455736399857,3.0525057882411,3.10617058378924,3.13732238516082,3.18818024629678,3.25115237504513,3.34023826499101,3.3882756365747,3.44470690203011,3.51115969531528,3.51878330169843,3.6079142664722,3.64161998854545,3.7016203729396,3.78167225405336,3.82450494080573,3.8702591954755,3.88269307038633,3.95748598856365,3.99093919124931,4.05675161694018,4.10969897770112,4.16105041841146,4.21668952314693,4.27286297887535,4.28276942609477,4.32522763768689,4.39023724121629,4.417214184254,4.42785834963293,4.53325317814838,4.59038065341128,4.6139266445058,4.64751078218058,4.70042178913526,4.75194220742548,4.80833634329126,4.8299533635919,4.8673865599751,4.91748321115265,4.94943821124721,5.00491343644397,5.04743973907559,5.07397615335492,5.09325209603899,5.14536252202035,5.15019046241205,5.17963574525589,5.20004760699317,5.21420202865623,5.29731960344319,5.31474695522434,5.35436542776781,5.36791574991667,5.42170588192729,5.42742369495355,5.46821239988846,5.49552652184208,5.54624944726961,5.57520052740784,5.61630084157801,5.63414902211743,5.67437189406589,5.71151811071278,5.7320555159139,5.73882740252886,5.78987732503785,5.8026682798097,5.86213459543773,5.86547454134649,5.90170308891821,5.92789494103256,5.94511533620684,5.97381049096577,5.98234759957372,6.03072425310789,6.05077020172728,6.06180873053425,6.09831994253791,6.11697047455214,6.13248854292855,6.17954338434982,6.24277947686964,6.25776516510261,6.27805408293827,6.31802717223674,6.35700625752699,6.36205115415115,6.38138751640141,6.4152413076367,6.43781468975634,6.45408469773158,6.47752733504121,6.4979282467578,6.53024698073937,6.56210634308717,6.59831317072143,6.63899029860054,6.66284294865,6.67189710655605,6.74124003708154,6.77086686978868,6.77203856538655,6.79568497239735,6.8224892439825,6.85626399596073,6.86433210398449,6.88333480502204,6.90905764637454,6.92709694870715,6.96436750144201,6.97961088090659,6.99491125945918,7.02071662947199,7.03618316159442,7.07780934619947,7.11884176707089,7.13922022244635,7.16161937105508,7.19535247494748,7.21982525090798,7.23018145437525,7.23426730404395,7.24910261507264,7.28916921150425,7.3164493050543,7.32364389355508,7.34009605628407,7.36191739621279,7.3779521879704,7.39012506527857,7.44291321275417,7.45150788126586,7.48118700845785,7.49887618101108,7.50601880837014,7.54380198692939,7.56417539281229,7.58154528681658,7.59028250885025,7.61143776207567,7.64611386589389,7.67788736417602,7.69398874791324,7.71640132616133,7.74439045278226,7.76077821553618,7.81368193571625,7.83347771209903,7.8501419073314,7.87070182875671,7.88416010004743,7.91141775176942,7.96358656183444,7.98318318663103,8.00320594220902,8.0422639540774,8.05613913530698,8.09367979567275,8.11889271686317,8.15072236117984,8.16099064815345,8.18785258004646,8.23723316276238,8.24650524828085,8.29093062182648,8.30604325315067,8.33621577780248,8.35734372515708,8.37024022901258,8.4085475399378,8.42135696260645,8.43311332536026,8.45645602526889,8.49205992005332,8.50858822769622,8.52912912114633,8.54948470267492,8.55966778289748,8.59275044943781,8.6065015112554,8.65326946329109,8.67445972688436,8.69079214903807,8.72979486399073,8.75300008419651,8.76419057856596,8.80976934366727,8.85073560977173,8.86069901820589,8.89179013679658,8.95856858194385,8.98559486092556,8.98932032521998,9.03382286781743,9.04863068575566,9.09447867192742,9.12020650422083,9.13664929316423,9.20400648556651,9.21206218068038,9.23475109367284,9.2655115870324,9.29177473782801,9.33945973241287,9.35798685930676,9.37163134094911,9.40990636857634,9.4260085901169,9.47753395984134,9.49838176138317,9.55553369241174,9.58265345790239,9.60034811236184,9.63437744360767,9.66239740644212,9.68525948791372,9.72771718700828,9.75612032063931,9.79016285175147,9.84677948865509,9.84779397103867,9.87539348903409,9.91772238745953,9.96215600325252,9.98575082748909,9.99172465224212,10.0540626848671,10.069014565941,10.0881438971083,10.090730537914,10.1516153825757,10.1721544228813,10.2038033584659,10.2470379846308,10.265975618284,10.3119652313707,10.3249524784348,10.3414891305494,10.3858342988498,10.4045718709262,10.4600523877032,10.492940818597,10.5222046495124,10.5468420647458,10.5687475406741,10.5990503034474,10.6825481480136,10.7162067340997,10.731245179024,10.7832916140606,10.8451075716499,10.8539566173122,10.9094607091283,10.9543939287736,11.0127538622653,11.0383286537379,11.0887141562259,11.114458998091,11.1294987438973,11.1651099312733,11.1815637787175,11.191362558252,11.2340445137261,11.2836959491566,11.33412384315,11.3554957807188,11.4252250815028,11.4640983665403,11.4869441809975,11.5072527447701,11.5362517032916,11.6074638308516,11.6311463442293,11.7384384048791,11.7623802492126,11.773612197998,11.8009832967685,11.8326464139931,11.850996771738,11.9499096366792,11.9646695856074,11.986649507503,12.0557019173038,12.0941791742044,12.1274038408125,12.1586818018363,12.2091240531474,12.2303428610435,12.2832884976281,12.3207558768233,12.3311532503062,12.3644951718418,12.4469216851279,12.459876456568,12.4877200490819,12.5794339230701,12.600716362309,12.6279240068078,12.6693528929289,12.7304288573223,12.7588175379101,12.8071412849034,12.8651823845407,12.8674070301268,12.9143852648199,12.9361827924021,12.9750350006804,13.0457877972839,13.0733705813008,13.1040572321995,13.1514234643605,13.1987713825257,13.2333167276465,13.2504213110722,13.3139539240777,13.3670337014868,13.3965040362974,13.4400890486509,13.48832187993,13.5143037205037,13.5225192948075,13.5960362627708,13.6255900134073,13.6995619424253,13.7158830743996,13.7290919304288,13.7701156037614,13.828315216477,13.851090031366,13.9158076581928,14.009529981858,14.0351971861147,14.0627934269598,14.1202932082559,14.1909806743775,14.2110658623788,14.2715278425811,14.3123411138459,14.3553930763962,14.4148802119671,14.4364456913622,14.4903968944719,14.5371820231861,14.6038525507556,14.6499005797121,14.7109942428612,14.7446635841263,14.7972050868187,14.9070508418703,15.0031547672881,15.0266284717978,15.1093185330354,15.1479149834733,15.2360812825889,15.3075012245071,15.3427537134883,15.3598640719136,15.4309618245413,15.4899526523099,15.5359076423814,15.6371887996526,15.7326314434627,15.8225341770471,15.8494382576867,15.9806411145307,16.0349511307308,16.1161965228261,16.21859495858,16.2378382011564,16.4102748824377,16.543821201448,16.5728831345292,16.6214137043901,16.729090423458,16.8046612480098,16.9455138976085,17.0754282215073,17.2886962208574,17.2906006459168,17.6266693579386,17.8689160735702,18.0085871497873,18.1208229334241,18.3212111171775,18.3401912011572,18.4382995272119,18.6596564508049,18.809013340658,18.9361098125905,19.1876600856679,19.4068704865649,19.6274142060185,20.0181000369455,20.1183987530434,20.2240636607277,20.6381472533526,21.1094104776527,21.5226327747236,23.3685573700297,NA,NA,NA,NA,NA,NA,NA,NA,NA,NA,NA,NA,NA,NA,NA,NA,NA,NA,NA,NA,NA,NA,NA,NA,NA,NA,NA,NA,NA,NA,NA,NA,NA,NA,NA,NA,NA,NA,NA,NA,NA,NA
0.552650717148559,0.603718926257307,0.770104701716397,1.00337490689612,1.11006244198989,1.3118441022895,1.42125563323307,1.50923646981495,1.55020234471803,1.69210674718584,1.80189825737542,1.81550439261164,1.83737140568497,1.97635460772889,2.14626121200807,2.23531423577816,2.28971677588842,2.39767518145054,2.47360963913348,2.54835018719689,2.60949618176447,2.633482071905,2.7444203566401,2.7777011817613,2.90668383436551,2.94582142469112,3.00455736399857,3.0525057882411,3.10617058378924,3.13732238516082,3.18818024629678,3.25115237504513,3.34023826499101,3.3882756365747,3.44470690203011,3.51115969531528,3.51878330169843,3.6079142664722,3.64161998854545,3.7016203729396,3.78167225405336,3.82450494080573,3.8702591954755,3.88269307038633,3.95748598856365,3.99093919124931,4.05675161694018,4.10969897770112,4.16105041841146,4.21668952314693,4.27286297887535,4.28276942609477,4.32522763768689,4.39023724121629,4.417214184254,4.42785834963293,4.53325317814838,4.59038065341128,4.6139266445058,4.64751078218058,4.70042178913526,4.75194220742548,4.80833634329126,4.8299533635919,4.8673865599751,4.91748321115265,4.94943821124721,5.00491343644397,5.04743973907559,5.07397615335492,5.09325209603899,5.14536252202035,5.15019046241205,5.17963574525589,5.20004760699317,5.21420202865623,5.29731960344319,5.31474695522434,5.35436542776781,5.36791574991667,5.42170588192729,5.42742369495355,5.46821239988846,5.49552652184208,5.54624944726961,5.57520052740784,5.61630084157801,5.63414902211743,5.67437189406589,5.71151811071278,5.7320555159139,5.73882740252886,5.78987732503785,5.8026682798097,5.86213459543773,5.86547454134649,5.90170308891821,5.92789494103256,5.94511533620684,5.97381049096577,5.98234759957372,6.03072425310789,6.05077020172728,6.06180873053425,6.09831994253791,6.11697047455214,6.13248854292855,6.17954338434982,6.24277947686964,6.25776516510261,6.27805408293827,6.31802717223674,6.35700625752699,6.36205115415115,6.38138751640141,6.4152413076367,6.43781468975634,6.45408469773158,6.47752733504121,6.4979282467578,6.53024698073937,6.56210634308717,6.59831317072143,6.63899029860054,6.66284294865,6.67189710655605,6.74124003708154,6.77086686978868,6.77203856538655,6.79568497239735,6.8224892439825,6.85626399596073,6.86433210398449,6.88333480502204,6.90905764637454,6.92709694870715,6.96436750144201,6.97961088090659,6.99491125945918,7.02071662947199,7.03618316159442,7.07780934619947,7.11884176707089,7.13922022244635,7.16161937105508,7.19535247494748,7.21982525090798,7.23018145437525,7.23426730404395,7.24910261507264,7.28916921150425,7.3164493050543,7.32364389355508,7.34009605628407,7.36191739621279,7.3779521879704,7.39012506527857,7.44291321275417,7.45150788126586,7.48118700845785,7.49887618101108,7.50601880837014,7.54380198692939,7.56417539281229,7.58154528681658,7.59028250885025,7.61143776207567,7.64611386589389,7.67788736417602,7.69398874791324,7.71640132616133,7.74439045278226,7.76077821553618,7.81368193571625,7.83347771209903,7.8501419073314,7.87070182875671,7.88416010004743,7.91141775176942,7.96358656183444,7.98318318663103,8.00320594220902,8.0422639540774,8.05613913530698,8.09367979567275,8.11889271686317,8.15072236117984,8.16099064815345,8.18785258004646,8.23723316276238,8.24650524828085,8.29093062182648,8.30604325315067,8.33621577780248,8.35734372515708,8.37024022901258,8.4085475399378,8.42135696260645,8.43311332536026,8.45645602526889,8.49205992005332,8.50858822769622,8.52912912114633,8.54948470267492,8.55966778289748,8.59275044943781,8.6065015112554,8.65326946329109,8.67445972688436,8.69079214903807,8.72979486399073,8.75300008419651,8.76419057856596,8.80976934366727,8.85073560977173,8.86069901820589,8.89179013679658,8.95856858194385,8.98559486092556,8.98932032521998,9.03382286781743,9.04863068575566,9.09447867192742,9.12020650422083,9.13664929316423,9.20400648556651,9.21206218068038,9.23475109367284,9.2655115870324,9.29177473782801,9.33945973241287,9.35798685930676,9.37163134094911,9.40990636857634,9.4260085901169,9.47753395984134,9.49838176138317,9.55553369241174,9.58265345790239,9.60034811236184,9.63437744360767,9.66239740644212,9.68525948791372,9.72771718700828,9.75612032063931,9.79016285175147,9.84677948865509,9.84779397103867,9.87539348903409,9.91772238745953,9.96215600325252,9.98575082748909,9.99172465224212,10.0540626848671,10.069014565941,10.0881438971083,10.090730537914,10.1516153825757,10.1721544228813,10.2038033584659,10.2470379846308,10.265975618284,10.3119652313707,10.3249524784348,10.3414891305494,10.3858342988498,10.4045718709262,10.4600523877032,10.492940818597,10.5222046495124,10.5468420647458,10.5687475406741,10.5990503034474,10.6825481480136,10.7162067340997,10.731245179024,10.7832916140606,10.8451075716499,10.8539566173122,10.9094607091283,10.9543939287736,11.0127538622653,11.0383286537379,11.0887141562259,11.114458998091,11.1294987438973,11.1651099312733,11.1815637787175,11.191362558252,11.2340445137261,11.2836959491566,11.33412384315,11.3554957807188,11.4252250815028,11.4640983665403,11.4869441809975,11.5072527447701,11.5362517032916,11.6074638308516,11.6311463442293,11.7384384048791,11.7623802492126,11.773612197998,11.8009832967685,11.8326464139931,11.850996771738,11.9499096366792,11.9646695856074,11.986649507503,12.0557019173038,12.0941791742044,12.1274038408125,12.1586818018363,12.2091240531474,12.2303428610435,12.2832884976281,12.3207558768233,12.3311532503062,12.3644951718418,12.4469216851279,12.459876456568,12.4877200490819,12.5794339230701,12.600716362309,12.6279240068078,12.6693528929289,12.7304288573223,12.7588175379101,12.8071412849034,12.8651823845407,12.8674070301268,12.9143852648199,12.9361827924021,12.9750350006804,13.0457877972839,13.0733705813008,13.1040572321995,13.1514234643605,13.1987713825257,13.2333167276465,13.2504213110722,13.3139539240777,13.3670337014868,13.3965040362974,13.4400890486509,13.48832187993,13.5143037205037,13.5225192948075,13.5960362627708,13.6255900134073,13.6995619424253,13.7158830743996,13.7290919304288,13.7701156037614,13.828315216477,13.851090031366,13.9158076581928,14.009529981858,14.0351971861147,14.0627934269598,14.1202932082559,14.1909806743775,14.2110658623788,14.2715278425811,14.3123411138459,14.3553930763962,14.4148802119671,14.4364456913622,14.4903968944719,14.5371820231861,14.6038525507556,14.6499005797121,14.7109942428612,14.7446635841263,14.7972050868187,14.9070508418703,15.0031547672881,15.0266284717978,15.1093185330354,15.1479149834733,15.2360812825889,15.3075012245071,15.3427537134883,15.3598640719136,15.4309618245413,15.4899526523099,15.5359076423814,15.6371887996526,15.7326314434627,15.8225341770471,15.8494382576867,15.9806411145307,16.0349511307308,16.1161965228261,16.21859495858,16.2378382011564,16.4102748824377,16.543821201448,16.5728831345292,16.6214137043901,16.729090423458,16.8046612480098,16.9455138976085,17.0754282215073,17.2886962208574,17.2906006459168,17.6266693579386,17.8689160735702,18.0085871497873,18.1208229334241,18.3212111171775,18.3401912011572,18.4382995272119,18.6596564508049,18.809013340658,18.9361098125905,19.1876600856679,19.4068704865649,19.6274142060185,20.0181000369455,20.1183987530434,20.2240636607277,20.6381472533526,21.1094104776527,21.5226327747236,23.3685573700297,NA,NA,NA,NA,NA,NA,NA,NA,NA,NA,NA,NA,NA,NA,NA,NA,NA,NA,NA,NA,NA,NA,NA,NA,NA,NA,NA,NA,NA,NA,NA,NA,NA,NA,NA,NA,NA,NA,NA,NA,NA,NA
0.552650717148559,0.603718926257307,0.770104701716397,1.00337490689612,1.11006244198989,1.3118441022895,1.42125563323307,1.50923646981495,1.55020234471803,1.69210674718584,1.80189825737542,1.81550439261164,1.83737140568497,1.97635460772889,2.14626121200807,2.23531423577816,2.28971677588842,2.39767518145054,2.47360963913348,2.54835018719689,2.60949618176447,2.633482071905,2.7444203566401,2.7777011817613,2.90668383436551,2.94582142469112,3.00455736399857,3.0525057882411,3.10617058378924,3.13732238516082,3.18818024629678,3.25115237504513,3.34023826499101,3.3882756365747,3.44470690203011,3.51115969531528,3.51878330169843,3.6079142664722,3.64161998854545,3.7016203729396,3.78167225405336,3.82450494080573,3.8702591954755,3.88269307038633,3.95748598856365,3.99093919124931,4.05675161694018,4.10969897770112,4.16105041841146,4.21668952314693,4.27286297887535,4.28276942609477,4.32522763768689,4.39023724121629,4.417214184254,4.42785834963293,4.53325317814838,4.59038065341128,4.6139266445058,4.64751078218058,4.70042178913526,4.75194220742548,4.80833634329126,4.8299533635919,4.8673865599751,4.91748321115265,4.94943821124721,5.00491343644397,5.04743973907559,5.07397615335492,5.09325209603899,5.14536252202035,5.15019046241205,5.17963574525589,5.20004760699317,5.21420202865623,5.29731960344319,5.31474695522434,5.35436542776781,5.36791574991667,5.42170588192729,5.42742369495355,5.46821239988846,5.49552652184208,5.54624944726961,5.57520052740784,5.61630084157801,5.63414902211743,5.67437189406589,5.71151811071278,5.7320555159139,5.73882740252886,5.78987732503785,5.8026682798097,5.86213459543773,5.86547454134649,5.90170308891821,5.92789494103256,5.94511533620684,5.97381049096577,5.98234759957372,6.03072425310789,6.05077020172728,6.06180873053425,6.09831994253791,6.11697047455214,6.13248854292855,6.17954338434982,6.24277947686964,6.25776516510261,6.27805408293827,6.31802717223674,6.35700625752699,6.36205115415115,6.38138751640141,6.4152413076367,6.43781468975634,6.45408469773158,6.47752733504121,6.4979282467578,6.53024698073937,6.56210634308717,6.59831317072143,6.63899029860054,6.66284294865,6.67189710655605,6.74124003708154,6.77086686978868,6.77203856538655,6.79568497239735,6.8224892439825,6.85626399596073,6.86433210398449,6.88333480502204,6.90905764637454,6.92709694870715,6.96436750144201,6.97961088090659,6.99491125945918,7.02071662947199,7.03618316159442,7.07780934619947,7.11884176707089,7.13922022244635,7.16161937105508,7.19535247494748,7.21982525090798,7.23018145437525,7.23426730404395,7.24910261507264,7.28916921150425,7.3164493050543,7.32364389355508,7.34009605628407,7.36191739621279,7.3779521879704,7.39012506527857,7.44291321275417,7.45150788126586,7.48118700845785,7.49887618101108,7.50601880837014,7.54380198692939,7.56417539281229,7.58154528681658,7.59028250885025,7.61143776207567,7.64611386589389,7.67788736417602,7.69398874791324,7.71640132616133,7.74439045278226,7.76077821553618,7.81368193571625,7.83347771209903,7.8501419073314,7.87070182875671,7.88416010004743,7.91141775176942,7.96358656183444,7.98318318663103,8.00320594220902,8.0422639540774,8.05613913530698,8.09367979567275,8.11889271686317,8.15072236117984,8.16099064815345,8.18785258004646,8.23723316276238,8.24650524828085,8.29093062182648,8.30604325315067,8.33621577780248,8.35734372515708,8.37024022901258,8.4085475399378,8.42135696260645,8.43311332536026,8.45645602526889,8.49205992005332,8.50858822769622,8.52912912114633,8.54948470267492,8.55966778289748,8.59275044943781,8.6065015112554,8.65326946329109,8.67445972688436,8.69079214903807,8.72979486399073,8.75300008419651,8.76419057856596,8.80976934366727,8.85073560977173,8.86069901820589,8.89179013679658,8.95856858194385,8.98559486092556,8.98932032521998,9.03382286781743,9.04863068575566,9.09447867192742,9.12020650422083,9.13664929316423,9.20400648556651,9.21206218068038,9.23475109367284,9.2655115870324,9.29177473782801,9.33945973241287,9.35798685930676,9.37163134094911,9.40990636857634,9.4260085901169,9.47753395984134,9.49838176138317,9.55553369241174,9.58265345790239,9.60034811236184,9.63437744360767,9.66239740644212,9.68525948791372,9.72771718700828,9.75612032063931,9.79016285175147,9.84677948865509,9.84779397103867,9.87539348903409,9.91772238745953,9.96215600325252,9.98575082748909,9.99172465224212,10.0540626848671,10.069014565941,10.0881438971083,10.090730537914,10.1516153825757,10.1721544228813,10.2038033584659,10.2470379846308,10.265975618284,10.3119652313707,10.3249524784348,10.3414891305494,10.3858342988498,10.4045718709262,10.4600523877032,10.492940818597,10.5222046495124,10.5468420647458,10.5687475406741,10.5990503034474,10.6825481480136,10.7162067340997,10.731245179024,10.7832916140606,10.8451075716499,10.8539566173122,10.9094607091283,10.9543939287736,11.0127538622653,11.0383286537379,11.0887141562259,11.114458998091,11.1294987438973,11.1651099312733,11.1815637787175,11.191362558252,11.2340445137261,11.2836959491566,11.33412384315,11.3554957807188,11.4252250815028,11.4640983665403,11.4869441809975,11.5072527447701,11.5362517032916,11.6074638308516,11.6311463442293,11.7384384048791,11.7623802492126,11.773612197998,11.8009832967685,11.8326464139931,11.850996771738,11.9499096366792,11.9646695856074,11.986649507503,12.0557019173038,12.0941791742044,12.1274038408125,12.1586818018363,12.2091240531474,12.2303428610435,12.2832884976281,12.3207558768233,12.3311532503062,12.3644951718418,12.4469216851279,12.459876456568,12.4877200490819,12.5794339230701,12.600716362309,12.6279240068078,12.6693528929289,12.7304288573223,12.7588175379101,12.8071412849034,12.8651823845407,12.8674070301268,12.9143852648199,12.9361827924021,12.9750350006804,13.0457877972839,13.0733705813008,13.1040572321995,13.1514234643605,13.1987713825257,13.2333167276465,13.2504213110722,13.3139539240777,13.3670337014868,13.3965040362974,13.4400890486509,13.48832187993,13.5143037205037,13.5225192948075,13.5960362627708,13.6255900134073,13.6995619424253,13.7158830743996,13.7290919304288,13.7701156037614,13.828315216477,13.851090031366,13.9158076581928,14.009529981858,14.0351971861147,14.0627934269598,14.1202932082559,14.1909806743775,14.2110658623788,14.2715278425811,14.3123411138459,14.3553930763962,14.4148802119671,14.4364456913622,14.4903968944719,14.5371820231861,14.6038525507556,14.6499005797121,14.7109942428612,14.7446635841263,14.7972050868187,14.9070508418703,15.0031547672881,15.0266284717978,15.1093185330354,15.1479149834733,15.2360812825889,15.3075012245071,15.3427537134883,15.3598640719136,15.4309618245413,15.4899526523099,15.5359076423814,15.6371887996526,15.7326314434627,15.8225341770471,15.8494382576867,15.9806411145307,16.0349511307308,16.1161965228261,16.21859495858,16.2378382011564,16.4102748824377,16.543821201448,16.5728831345292,16.6214137043901,16.729090423458,16.8046612480098,16.9455138976085,17.0754282215073,17.2886962208574,17.2906006459168,17.6266693579386,17.8689160735702,18.0085871497873,18.1208229334241,18.3212111171775,18.3401912011572,18.4382995272119,18.6596564508049,18.809013340658,18.9361098125905,19.1876600856679,19.4068704865649,19.6274142060185,20.0181000369455,20.1183987530434,20.2240636607277,20.6381472533526,21.1094104776527,21.5226327747236,23.3685573700297,NA,NA,NA,NA,NA,NA,NA,NA,NA,NA,NA,NA,NA,NA,NA,NA,NA,NA,NA,NA,NA,NA,NA,NA,NA,NA,NA,NA,NA,NA,NA,NA,NA,NA,NA,NA,NA,NA,NA,NA,NA,NA
0.552650717148559,0.603718926257307,0.770104701716397,1.00337490689612,1.11006244198989,1.3118441022895,1.42125563323307,1.50923646981495,1.55020234471803,1.69210674718584,1.80189825737542,1.81550439261164,1.83737140568497,1.97635460772889,2.14626121200807,2.23531423577816,2.28971677588842,2.39767518145054,2.47360963913348,2.54835018719689,2.60949618176447,2.633482071905,2.7444203566401,2.7777011817613,2.90668383436551,2.94582142469112,3.00455736399857,3.0525057882411,3.10617058378924,3.13732238516082,3.18818024629678,3.25115237504513,3.34023826499101,3.3882756365747,3.44470690203011,3.51115969531528,3.51878330169843,3.6079142664722,3.64161998854545,3.7016203729396,3.78167225405336,3.82450494080573,3.8702591954755,3.88269307038633,3.95748598856365,3.99093919124931,4.05675161694018,4.10969897770112,4.16105041841146,4.21668952314693,4.27286297887535,4.28276942609477,4.32522763768689,4.39023724121629,4.417214184254,4.42785834963293,4.53325317814838,4.59038065341128,4.6139266445058,4.64751078218058,4.70042178913526,4.75194220742548,4.80833634329126,4.8299533635919,4.8673865599751,4.91748321115265,4.94943821124721,5.00491343644397,5.04743973907559,5.07397615335492,5.09325209603899,5.14536252202035,5.15019046241205,5.17963574525589,5.20004760699317,5.21420202865623,5.29731960344319,5.31474695522434,5.35436542776781,5.36791574991667,5.42170588192729,5.42742369495355,5.46821239988846,5.49552652184208,5.54624944726961,5.57520052740784,5.61630084157801,5.63414902211743,5.67437189406589,5.71151811071278,5.7320555159139,5.73882740252886,5.78987732503785,5.8026682798097,5.86213459543773,5.86547454134649,5.90170308891821,5.92789494103256,5.94511533620684,5.97381049096577,5.98234759957372,6.03072425310789,6.05077020172728,6.06180873053425,6.09831994253791,6.11697047455214,6.13248854292855,6.17954338434982,6.24277947686964,6.25776516510261,6.27805408293827,6.31802717223674,6.35700625752699,6.36205115415115,6.38138751640141,6.4152413076367,6.43781468975634,6.45408469773158,6.47752733504121,6.4979282467578,6.53024698073937,6.56210634308717,6.59831317072143,6.63899029860054,6.66284294865,6.67189710655605,6.74124003708154,6.77086686978868,6.77203856538655,6.79568497239735,6.8224892439825,6.85626399596073,6.86433210398449,6.88333480502204,6.90905764637454,6.92709694870715,6.96436750144201,6.97961088090659,6.99491125945918,7.02071662947199,7.03618316159442,7.07780934619947,7.11884176707089,7.13922022244635,7.16161937105508,7.19535247494748,7.21982525090798,7.23018145437525,7.23426730404395,7.24910261507264,7.28916921150425,7.3164493050543,7.32364389355508,7.34009605628407,7.36191739621279,7.3779521879704,7.39012506527857,7.44291321275417,7.45150788126586,7.48118700845785,7.49887618101108,7.50601880837014,7.54380198692939,7.56417539281229,7.58154528681658,7.59028250885025,7.61143776207567,7.64611386589389,7.67788736417602,7.69398874791324,7.71640132616133,7.74439045278226,7.76077821553618,7.81368193571625,7.83347771209903,7.8501419073314,7.87070182875671,7.88416010004743,7.91141775176942,7.96358656183444,7.98318318663103,8.00320594220902,8.0422639540774,8.05613913530698,8.09367979567275,8.11889271686317,8.15072236117984,8.16099064815345,8.18785258004646,8.23723316276238,8.24650524828085,8.29093062182648,8.30604325315067,8.33621577780248,8.35734372515708,8.37024022901258,8.4085475399378,8.42135696260645,8.43311332536026,8.45645602526889,8.49205992005332,8.50858822769622,8.52912912114633,8.54948470267492,8.55966778289748,8.59275044943781,8.6065015112554,8.65326946329109,8.67445972688436,8.69079214903807,8.72979486399073,8.75300008419651,8.76419057856596,8.80976934366727,8.85073560977173,8.86069901820589,8.89179013679658,8.95856858194385,8.98559486092556,8.98932032521998,9.03382286781743,9.04863068575566,9.09447867192742,9.12020650422083,9.13664929316423,9.20400648556651,9.21206218068038,9.23475109367284,9.2655115870324,9.29177473782801,9.33945973241287,9.35798685930676,9.37163134094911,9.40990636857634,9.4260085901169,9.47753395984134,9.49838176138317,9.55553369241174,9.58265345790239,9.60034811236184,9.63437744360767,9.66239740644212,9.68525948791372,9.72771718700828,9.75612032063931,9.79016285175147,9.84677948865509,9.84779397103867,9.87539348903409,9.91772238745953,9.96215600325252,9.98575082748909,9.99172465224212,10.0540626848671,10.069014565941,10.0881438971083,10.090730537914,10.1516153825757,10.1721544228813,10.2038033584659,10.2470379846308,10.265975618284,10.3119652313707,10.3249524784348,10.3414891305494,10.3858342988498,10.4045718709262,10.4600523877032,10.492940818597,10.5222046495124,10.5468420647458,10.5687475406741,10.5990503034474,10.6825481480136,10.7162067340997,10.731245179024,10.7832916140606,10.8451075716499,10.8539566173122,10.9094607091283,10.9543939287736,11.0127538622653,11.0383286537379,11.0887141562259,11.114458998091,11.1294987438973,11.1651099312733,11.1815637787175,11.191362558252,11.2340445137261,11.2836959491566,11.33412384315,11.3554957807188,11.4252250815028,11.4640983665403,11.4869441809975,11.5072527447701,11.5362517032916,11.6074638308516,11.6311463442293,11.7384384048791,11.7623802492126,11.773612197998,11.8009832967685,11.8326464139931,11.850996771738,11.9499096366792,11.9646695856074,11.986649507503,12.0557019173038,12.0941791742044,12.1274038408125,12.1586818018363,12.2091240531474,12.2303428610435,12.2832884976281,12.3207558768233,12.3311532503062,12.3644951718418,12.4469216851279,12.459876456568,12.4877200490819,12.5794339230701,12.600716362309,12.6279240068078,12.6693528929289,12.7304288573223,12.7588175379101,12.8071412849034,12.8651823845407,12.8674070301268,12.9143852648199,12.9361827924021,12.9750350006804,13.0457877972839,13.0733705813008,13.1040572321995,13.1514234643605,13.1987713825257,13.2333167276465,13.2504213110722,13.3139539240777,13.3670337014868,13.3965040362974,13.4400890486509,13.48832187993,13.5143037205037,13.5225192948075,13.5960362627708,13.6255900134073,13.6995619424253,13.7158830743996,13.7290919304288,13.7701156037614,13.828315216477,13.851090031366,13.9158076581928,14.009529981858,14.0351971861147,14.0627934269598,14.1202932082559,14.1909806743775,14.2110658623788,14.2715278425811,14.3123411138459,14.3553930763962,14.4148802119671,14.4364456913622,14.4903968944719,14.5371820231861,14.6038525507556,14.6499005797121,14.7109942428612,14.7446635841263,14.7972050868187,14.9070508418703,15.0031547672881,15.0266284717978,15.1093185330354,15.1479149834733,15.2360812825889,15.3075012245071,15.3427537134883,15.3598640719136,15.4309618245413,15.4899526523099,15.5359076423814,15.6371887996526,15.7326314434627,15.8225341770471,15.8494382576867,15.9806411145307,16.0349511307308,16.1161965228261,16.21859495858,16.2378382011564,16.4102748824377,16.543821201448,16.5728831345292,16.6214137043901,16.729090423458,16.8046612480098,16.9455138976085,17.0754282215073,17.2886962208574,17.2906006459168,17.6266693579386,17.8689160735702,18.0085871497873,18.1208229334241,18.3212111171775,18.3401912011572,18.4382995272119,18.6596564508049,18.809013340658,18.9361098125905,19.1876600856679,19.4068704865649,19.6274142060185,20.0181000369455,20.1183987530434,20.2240636607277,20.6381472533526,21.1094104776527,21.5226327747236,23.3685573700297,NA,NA,NA,NA,NA,NA,NA,NA,NA,NA,NA,NA,NA,NA,NA,NA,NA,NA,NA,NA,NA,NA,NA,NA,NA,NA,NA,NA,NA,NA,NA,NA,NA,NA,NA,NA,NA,NA,NA,NA,NA,NA
0.552650717148559,0.603718926257307,0.770104701716397,1.00337490689612,1.11006244198989,1.3118441022895,1.42125563323307,1.50923646981495,1.55020234471803,1.69210674718584,1.80189825737542,1.81550439261164,1.83737140568497,1.97635460772889,2.14626121200807,2.23531423577816,2.28971677588842,2.39767518145054,2.47360963913348,2.54835018719689,2.60949618176447,2.633482071905,2.7444203566401,2.7777011817613,2.90668383436551,2.94582142469112,3.00455736399857,3.0525057882411,3.10617058378924,3.13732238516082,3.18818024629678,3.25115237504513,3.34023826499101,3.3882756365747,3.44470690203011,3.51115969531528,3.51878330169843,3.6079142664722,3.64161998854545,3.7016203729396,3.78167225405336,3.82450494080573,3.8702591954755,3.88269307038633,3.95748598856365,3.99093919124931,4.05675161694018,4.10969897770112,4.16105041841146,4.21668952314693,4.27286297887535,4.28276942609477,4.32522763768689,4.39023724121629,4.417214184254,4.42785834963293,4.53325317814838,4.59038065341128,4.6139266445058,4.64751078218058,4.70042178913526,4.75194220742548,4.80833634329126,4.8299533635919,4.8673865599751,4.91748321115265,4.94943821124721,5.00491343644397,5.04743973907559,5.07397615335492,5.09325209603899,5.14536252202035,5.15019046241205,5.17963574525589,5.20004760699317,5.21420202865623,5.29731960344319,5.31474695522434,5.35436542776781,5.36791574991667,5.42170588192729,5.42742369495355,5.46821239988846,5.49552652184208,5.54624944726961,5.57520052740784,5.61630084157801,5.63414902211743,5.67437189406589,5.71151811071278,5.7320555159139,5.73882740252886,5.78987732503785,5.8026682798097,5.86213459543773,5.86547454134649,5.90170308891821,5.92789494103256,5.94511533620684,5.97381049096577,5.98234759957372,6.03072425310789,6.05077020172728,6.06180873053425,6.09831994253791,6.11697047455214,6.13248854292855,6.17954338434982,6.24277947686964,6.25776516510261,6.27805408293827,6.31802717223674,6.35700625752699,6.36205115415115,6.38138751640141,6.4152413076367,6.43781468975634,6.45408469773158,6.47752733504121,6.4979282467578,6.53024698073937,6.56210634308717,6.59831317072143,6.63899029860054,6.66284294865,6.67189710655605,6.74124003708154,6.77086686978868,6.77203856538655,6.79568497239735,6.8224892439825,6.85626399596073,6.86433210398449,6.88333480502204,6.90905764637454,6.92709694870715,6.96436750144201,6.97961088090659,6.99491125945918,7.02071662947199,7.03618316159442,7.07780934619947,7.11884176707089,7.13922022244635,7.16161937105508,7.19535247494748,7.21982525090798,7.23018145437525,7.23426730404395,7.24910261507264,7.28916921150425,7.3164493050543,7.32364389355508,7.34009605628407,7.36191739621279,7.3779521879704,7.39012506527857,7.44291321275417,7.45150788126586,7.48118700845785,7.49887618101108,7.50601880837014,7.54380198692939,7.56417539281229,7.58154528681658,7.59028250885025,7.61143776207567,7.64611386589389,7.67788736417602,7.69398874791324,7.71640132616133,7.74439045278226,7.76077821553618,7.81368193571625,7.83347771209903,7.8501419073314,7.87070182875671,7.88416010004743,7.91141775176942,7.96358656183444,7.98318318663103,8.00320594220902,8.0422639540774,8.05613913530698,8.09367979567275,8.11889271686317,8.15072236117984,8.16099064815345,8.18785258004646,8.23723316276238,8.24650524828085,8.29093062182648,8.30604325315067,8.33621577780248,8.35734372515708,8.37024022901258,8.4085475399378,8.42135696260645,8.43311332536026,8.45645602526889,8.49205992005332,8.50858822769622,8.52912912114633,8.54948470267492,8.55966778289748,8.59275044943781,8.6065015112554,8.65326946329109,8.67445972688436,8.69079214903807,8.72979486399073,8.75300008419651,8.76419057856596,8.80976934366727,8.85073560977173,8.86069901820589,8.89179013679658,8.95856858194385,8.98559486092556,8.98932032521998,9.03382286781743,9.04863068575566,9.09447867192742,9.12020650422083,9.13664929316423,9.20400648556651,9.21206218068038,9.23475109367284,9.2655115870324,9.29177473782801,9.33945973241287,9.35798685930676,9.37163134094911,9.40990636857634,9.4260085901169,9.47753395984134,9.49838176138317,9.55553369241174,9.58265345790239,9.60034811236184,9.63437744360767,9.66239740644212,9.68525948791372,9.72771718700828,9.75612032063931,9.79016285175147,9.84677948865509,9.84779397103867,9.87539348903409,9.91772238745953,9.96215600325252,9.98575082748909,9.99172465224212,10.0540626848671,10.069014565941,10.0881438971083,10.090730537914,10.1516153825757,10.1721544228813,10.2038033584659,10.2470379846308,10.265975618284,10.3119652313707,10.3249524784348,10.3414891305494,10.3858342988498,10.4045718709262,10.4600523877032,10.492940818597,10.5222046495124,10.5468420647458,10.5687475406741,10.5990503034474,10.6825481480136,10.7162067340997,10.731245179024,10.7832916140606,10.8451075716499,10.8539566173122,10.9094607091283,10.9543939287736,11.0127538622653,11.0383286537379,11.0887141562259,11.114458998091,11.1294987438973,11.1651099312733,11.1815637787175,11.191362558252,11.2340445137261,11.2836959491566,11.33412384315,11.3554957807188,11.4252250815028,11.4640983665403,11.4869441809975,11.5072527447701,11.5362517032916,11.6074638308516,11.6311463442293,11.7384384048791,11.7623802492126,11.773612197998,11.8009832967685,11.8326464139931,11.850996771738,11.9499096366792,11.9646695856074,11.986649507503,12.0557019173038,12.0941791742044,12.1274038408125,12.1586818018363,12.2091240531474,12.2303428610435,12.2832884976281,12.3207558768233,12.3311532503062,12.3644951718418,12.4469216851279,12.459876456568,12.4877200490819,12.5794339230701,12.600716362309,12.6279240068078,12.6693528929289,12.7304288573223,12.7588175379101,12.8071412849034,12.8651823845407,12.8674070301268,12.9143852648199,12.9361827924021,12.9750350006804,13.0457877972839,13.0733705813008,13.1040572321995,13.1514234643605,13.1987713825257,13.2333167276465,13.2504213110722,13.3139539240777,13.3670337014868,13.3965040362974,13.4400890486509,13.48832187993,13.5143037205037,13.5225192948075,13.5960362627708,13.6255900134073,13.6995619424253,13.7158830743996,13.7290919304288,13.7701156037614,13.828315216477,13.851090031366,13.9158076581928,14.009529981858,14.0351971861147,14.0627934269598,14.1202932082559,14.1909806743775,14.2110658623788,14.2715278425811,14.3123411138459,14.3553930763962,14.4148802119671,14.4364456913622,14.4903968944719,14.5371820231861,14.6038525507556,14.6499005797121,14.7109942428612,14.7446635841263,14.7972050868187,14.9070508418703,15.0031547672881,15.0266284717978,15.1093185330354,15.1479149834733,15.2360812825889,15.3075012245071,15.3427537134883,15.3598640719136,15.4309618245413,15.4899526523099,15.5359076423814,15.6371887996526,15.7326314434627,15.8225341770471,15.8494382576867,15.9806411145307,16.0349511307308,16.1161965228261,16.21859495858,16.2378382011564,16.4102748824377,16.543821201448,16.5728831345292,16.6214137043901,16.729090423458,16.8046612480098,16.9455138976085,17.0754282215073,17.2886962208574,17.2906006459168,17.6266693579386,17.8689160735702,18.0085871497873,18.1208229334241,18.3212111171775,18.3401912011572,18.4382995272119,18.6596564508049,18.809013340658,18.9361098125905,19.1876600856679,19.4068704865649,19.6274142060185,20.0181000369455,20.1183987530434,20.2240636607277,20.6381472533526,21.1094104776527,21.5226327747236,23.3685573700297,NA,NA,NA,NA,NA,NA,NA,NA,NA,NA,NA,NA,NA,NA,NA,NA,NA,NA,NA,NA,NA,NA,NA,NA,NA,NA,NA,NA,NA,NA,NA,NA,NA,NA,NA,NA,NA,NA,NA,NA,NA,NA
0.552650717148559,0.603718926257307,0.770104701716397,1.00337490689612,1.11006244198989,1.3118441022895,1.42125563323307,1.50923646981495,1.55020234471803,1.69210674718584,1.80189825737542,1.81550439261164,1.83737140568497,1.97635460772889,2.14626121200807,2.23531423577816,2.28971677588842,2.39767518145054,2.47360963913348,2.54835018719689,2.60949618176447,2.633482071905,2.7444203566401,2.7777011817613,2.90668383436551,2.94582142469112,3.00455736399857,3.0525057882411,3.10617058378924,3.13732238516082,3.18818024629678,3.25115237504513,3.34023826499101,3.3882756365747,3.44470690203011,3.51115969531528,3.51878330169843,3.6079142664722,3.64161998854545,3.7016203729396,3.78167225405336,3.82450494080573,3.8702591954755,3.88269307038633,3.95748598856365,3.99093919124931,4.05675161694018,4.10969897770112,4.16105041841146,4.21668952314693,4.27286297887535,4.28276942609477,4.32522763768689,4.39023724121629,4.417214184254,4.42785834963293,4.53325317814838,4.59038065341128,4.6139266445058,4.64751078218058,4.70042178913526,4.75194220742548,4.80833634329126,4.8299533635919,4.8673865599751,4.91748321115265,4.94943821124721,5.00491343644397,5.04743973907559,5.07397615335492,5.09325209603899,5.14536252202035,5.15019046241205,5.17963574525589,5.20004760699317,5.21420202865623,5.29731960344319,5.31474695522434,5.35436542776781,5.36791574991667,5.42170588192729,5.42742369495355,5.46821239988846,5.49552652184208,5.54624944726961,5.57520052740784,5.61630084157801,5.63414902211743,5.67437189406589,5.71151811071278,5.7320555159139,5.73882740252886,5.78987732503785,5.8026682798097,5.86213459543773,5.86547454134649,5.90170308891821,5.92789494103256,5.94511533620684,5.97381049096577,5.98234759957372,6.03072425310789,6.05077020172728,6.06180873053425,6.09831994253791,6.11697047455214,6.13248854292855,6.17954338434982,6.24277947686964,6.25776516510261,6.27805408293827,6.31802717223674,6.35700625752699,6.36205115415115,6.38138751640141,6.4152413076367,6.43781468975634,6.45408469773158,6.47752733504121,6.4979282467578,6.53024698073937,6.56210634308717,6.59831317072143,6.63899029860054,6.66284294865,6.67189710655605,6.74124003708154,6.77086686978868,6.77203856538655,6.79568497239735,6.8224892439825,6.85626399596073,6.86433210398449,6.88333480502204,6.90905764637454,6.92709694870715,6.96436750144201,6.97961088090659,6.99491125945918,7.02071662947199,7.03618316159442,7.07780934619947,7.11884176707089,7.13922022244635,7.16161937105508,7.19535247494748,7.21982525090798,7.23018145437525,7.23426730404395,7.24910261507264,7.28916921150425,7.3164493050543,7.32364389355508,7.34009605628407,7.36191739621279,7.3779521879704,7.39012506527857,7.44291321275417,7.45150788126586,7.48118700845785,7.49887618101108,7.50601880837014,7.54380198692939,7.56417539281229,7.58154528681658,7.59028250885025,7.61143776207567,7.64611386589389,7.67788736417602,7.69398874791324,7.71640132616133,7.74439045278226,7.76077821553618,7.81368193571625,7.83347771209903,7.8501419073314,7.87070182875671,7.88416010004743,7.91141775176942,7.96358656183444,7.98318318663103,8.00320594220902,8.0422639540774,8.05613913530698,8.09367979567275,8.11889271686317,8.15072236117984,8.16099064815345,8.18785258004646,8.23723316276238,8.24650524828085,8.29093062182648,8.30604325315067,8.33621577780248,8.35734372515708,8.37024022901258,8.4085475399378,8.42135696260645,8.43311332536026,8.45645602526889,8.49205992005332,8.50858822769622,8.52912912114633,8.54948470267492,8.55966778289748,8.59275044943781,8.6065015112554,8.65326946329109,8.67445972688436,8.69079214903807,8.72979486399073,8.75300008419651,8.76419057856596,8.80976934366727,8.85073560977173,8.86069901820589,8.89179013679658,8.95856858194385,8.98559486092556,8.98932032521998,9.03382286781743,9.04863068575566,9.09447867192742,9.12020650422083,9.13664929316423,9.20400648556651,9.21206218068038,9.23475109367284,9.2655115870324,9.29177473782801,9.33945973241287,9.35798685930676,9.37163134094911,9.40990636857634,9.4260085901169,9.47753395984134,9.49838176138317,9.55553369241174,9.58265345790239,9.60034811236184,9.63437744360767,9.66239740644212,9.68525948791372,9.72771718700828,9.75612032063931,9.79016285175147,9.84677948865509,9.84779397103867,9.87539348903409,9.91772238745953,9.96215600325252,9.98575082748909,9.99172465224212,10.0540626848671,10.069014565941,10.0881438971083,10.090730537914,10.1516153825757,10.1721544228813,10.2038033584659,10.2470379846308,10.265975618284,10.3119652313707,10.3249524784348,10.3414891305494,10.3858342988498,10.4045718709262,10.4600523877032,10.492940818597,10.5222046495124,10.5468420647458,10.5687475406741,10.5990503034474,10.6825481480136,10.7162067340997,10.731245179024,10.7832916140606,10.8451075716499,10.8539566173122,10.9094607091283,10.9543939287736,11.0127538622653,11.0383286537379,11.0887141562259,11.114458998091,11.1294987438973,11.1651099312733,11.1815637787175,11.191362558252,11.2340445137261,11.2836959491566,11.33412384315,11.3554957807188,11.4252250815028,11.4640983665403,11.4869441809975,11.5072527447701,11.5362517032916,11.6074638308516,11.6311463442293,11.7384384048791,11.7623802492126,11.773612197998,11.8009832967685,11.8326464139931,11.850996771738,11.9499096366792,11.9646695856074,11.986649507503,12.0557019173038,12.0941791742044,12.1274038408125,12.1586818018363,12.2091240531474,12.2303428610435,12.2832884976281,12.3207558768233,12.3311532503062,12.3644951718418,12.4469216851279,12.459876456568,12.4877200490819,12.5794339230701,12.600716362309,12.6279240068078,12.6693528929289,12.7304288573223,12.7588175379101,12.8071412849034,12.8651823845407,12.8674070301268,12.9143852648199,12.9361827924021,12.9750350006804,13.0457877972839,13.0733705813008,13.1040572321995,13.1514234643605,13.1987713825257,13.2333167276465,13.2504213110722,13.3139539240777,13.3670337014868,13.3965040362974,13.4400890486509,13.48832187993,13.5143037205037,13.5225192948075,13.5960362627708,13.6255900134073,13.6995619424253,13.7158830743996,13.7290919304288,13.7701156037614,13.828315216477,13.851090031366,13.9158076581928,14.009529981858,14.0351971861147,14.0627934269598,14.1202932082559,14.1909806743775,14.2110658623788,14.2715278425811,14.3123411138459,14.3553930763962,14.4148802119671,14.4364456913622,14.4903968944719,14.5371820231861,14.6038525507556,14.6499005797121,14.7109942428612,14.7446635841263,14.7972050868187,14.9070508418703,15.0031547672881,15.0266284717978,15.1093185330354,15.1479149834733,15.2360812825889,15.3075012245071,15.3427537134883,15.3598640719136,15.4309618245413,15.4899526523099,15.5359076423814,15.6371887996526,15.7326314434627,15.8225341770471,15.8494382576867,15.9806411145307,16.0349511307308,16.1161965228261,16.21859495858,16.2378382011564,16.4102748824377,16.543821201448,16.5728831345292,16.6214137043901,16.729090423458,16.8046612480098,16.9455138976085,17.0754282215073,17.2886962208574,17.2906006459168,17.6266693579386,17.8689160735702,18.0085871497873,18.1208229334241,18.3212111171775,18.3401912011572,18.4382995272119,18.6596564508049,18.809013340658,18.9361098125905,19.1876600856679,19.4068704865649,19.6274142060185,20.0181000369455,20.1183987530434,20.2240636607277,20.6381472533526,21.1094104776527,21.5226327747236,23.3685573700297,NA,NA,NA,NA,NA,NA,NA,NA,NA,NA,NA,NA,NA,NA,NA,NA,NA,NA,NA,NA,NA,NA,NA,NA,NA,NA,NA,NA,NA,NA,NA,NA,NA,NA,NA,NA,NA,NA,NA,NA,NA,NA
0.552650717148559,0.603718926257307,0.770104701716397,1.00337490689612,1.11006244198989,1.3118441022895,1.42125563323307,1.50923646981495,1.55020234471803,1.69210674718584,1.80189825737542,1.81550439261164,1.83737140568497,1.97635460772889,2.14626121200807,2.23531423577816,2.28971677588842,2.39767518145054,2.47360963913348,2.54835018719689,2.60949618176447,2.633482071905,2.7444203566401,2.7777011817613,2.90668383436551,2.94582142469112,3.00455736399857,3.0525057882411,3.10617058378924,3.13732238516082,3.18818024629678,3.25115237504513,3.34023826499101,3.3882756365747,3.44470690203011,3.51115969531528,3.51878330169843,3.6079142664722,3.64161998854545,3.7016203729396,3.78167225405336,3.82450494080573,3.8702591954755,3.88269307038633,3.95748598856365,3.99093919124931,4.05675161694018,4.10969897770112,4.16105041841146,4.21668952314693,4.27286297887535,4.28276942609477,4.32522763768689,4.39023724121629,4.417214184254,4.42785834963293,4.53325317814838,4.59038065341128,4.6139266445058,4.64751078218058,4.70042178913526,4.75194220742548,4.80833634329126,4.8299533635919,4.8673865599751,4.91748321115265,4.94943821124721,5.00491343644397,5.04743973907559,5.07397615335492,5.09325209603899,5.14536252202035,5.15019046241205,5.17963574525589,5.20004760699317,5.21420202865623,5.29731960344319,5.31474695522434,5.35436542776781,5.36791574991667,5.42170588192729,5.42742369495355,5.46821239988846,5.49552652184208,5.54624944726961,5.57520052740784,5.61630084157801,5.63414902211743,5.67437189406589,5.71151811071278,5.7320555159139,5.73882740252886,5.78987732503785,5.8026682798097,5.86213459543773,5.86547454134649,5.90170308891821,5.92789494103256,5.94511533620684,5.97381049096577,5.98234759957372,6.03072425310789,6.05077020172728,6.06180873053425,6.09831994253791,6.11697047455214,6.13248854292855,6.17954338434982,6.24277947686964,6.25776516510261,6.27805408293827,6.31802717223674,6.35700625752699,6.36205115415115,6.38138751640141,6.4152413076367,6.43781468975634,6.45408469773158,6.47752733504121,6.4979282467578,6.53024698073937,6.56210634308717,6.59831317072143,6.63899029860054,6.66284294865,6.67189710655605,6.74124003708154,6.77086686978868,6.77203856538655,6.79568497239735,6.8224892439825,6.85626399596073,6.86433210398449,6.88333480502204,6.90905764637454,6.92709694870715,6.96436750144201,6.97961088090659,6.99491125945918,7.02071662947199,7.03618316159442,7.07780934619947,7.11884176707089,7.13922022244635,7.16161937105508,7.19535247494748,7.21982525090798,7.23018145437525,7.23426730404395,7.24910261507264,7.28916921150425,7.3164493050543,7.32364389355508,7.34009605628407,7.36191739621279,7.3779521879704,7.39012506527857,7.44291321275417,7.45150788126586,7.48118700845785,7.49887618101108,7.50601880837014,7.54380198692939,7.56417539281229,7.58154528681658,7.59028250885025,7.61143776207567,7.64611386589389,7.67788736417602,7.69398874791324,7.71640132616133,7.74439045278226,7.76077821553618,7.81368193571625,7.83347771209903,7.8501419073314,7.87070182875671,7.88416010004743,7.91141775176942,7.96358656183444,7.98318318663103,8.00320594220902,8.0422639540774,8.05613913530698,8.09367979567275,8.11889271686317,8.15072236117984,8.16099064815345,8.18785258004646,8.23723316276238,8.24650524828085,8.29093062182648,8.30604325315067,8.33621577780248,8.35734372515708,8.37024022901258,8.4085475399378,8.42135696260645,8.43311332536026,8.45645602526889,8.49205992005332,8.50858822769622,8.52912912114633,8.54948470267492,8.55966778289748,8.59275044943781,8.6065015112554,8.65326946329109,8.67445972688436,8.69079214903807,8.72979486399073,8.75300008419651,8.76419057856596,8.80976934366727,8.85073560977173,8.86069901820589,8.89179013679658,8.95856858194385,8.98559486092556,8.98932032521998,9.03382286781743,9.04863068575566,9.09447867192742,9.12020650422083,9.13664929316423,9.20400648556651,9.21206218068038,9.23475109367284,9.2655115870324,9.29177473782801,9.33945973241287,9.35798685930676,9.37163134094911,9.40990636857634,9.4260085901169,9.47753395984134,9.49838176138317,9.55553369241174,9.58265345790239,9.60034811236184,9.63437744360767,9.66239740644212,9.68525948791372,9.72771718700828,9.75612032063931,9.79016285175147,9.84677948865509,9.84779397103867,9.87539348903409,9.91772238745953,9.96215600325252,9.98575082748909,9.99172465224212,10.0540626848671,10.069014565941,10.0881438971083,10.090730537914,10.1516153825757,10.1721544228813,10.2038033584659,10.2470379846308,10.265975618284,10.3119652313707,10.3249524784348,10.3414891305494,10.3858342988498,10.4045718709262,10.4600523877032,10.492940818597,10.5222046495124,10.5468420647458,10.5687475406741,10.5990503034474,10.6825481480136,10.7162067340997,10.731245179024,10.7832916140606,10.8451075716499,10.8539566173122,10.9094607091283,10.9543939287736,11.0127538622653,11.0383286537379,11.0887141562259,11.114458998091,11.1294987438973,11.1651099312733,11.1815637787175,11.191362558252,11.2340445137261,11.2836959491566,11.33412384315,11.3554957807188,11.4252250815028,11.4640983665403,11.4869441809975,11.5072527447701,11.5362517032916,11.6074638308516,11.6311463442293,11.7384384048791,11.7623802492126,11.773612197998,11.8009832967685,11.8326464139931,11.850996771738,11.9499096366792,11.9646695856074,11.986649507503,12.0557019173038,12.0941791742044,12.1274038408125,12.1586818018363,12.2091240531474,12.2303428610435,12.2832884976281,12.3207558768233,12.3311532503062,12.3644951718418,12.4469216851279,12.459876456568,12.4877200490819,12.5794339230701,12.600716362309,12.6279240068078,12.6693528929289,12.7304288573223,12.7588175379101,12.8071412849034,12.8651823845407,12.8674070301268,12.9143852648199,12.9361827924021,12.9750350006804,13.0457877972839,13.0733705813008,13.1040572321995,13.1514234643605,13.1987713825257,13.2333167276465,13.2504213110722,13.3139539240777,13.3670337014868,13.3965040362974,13.4400890486509,13.48832187993,13.5143037205037,13.5225192948075,13.5960362627708,13.6255900134073,13.6995619424253,13.7158830743996,13.7290919304288,13.7701156037614,13.828315216477,13.851090031366,13.9158076581928,14.009529981858,14.0351971861147,14.0627934269598,14.1202932082559,14.1909806743775,14.2110658623788,14.2715278425811,14.3123411138459,14.3553930763962,14.4148802119671,14.4364456913622,14.4903968944719,14.5371820231861,14.6038525507556,14.6499005797121,14.7109942428612,14.7446635841263,14.7972050868187,14.9070508418703,15.0031547672881,15.0266284717978,15.1093185330354,15.1479149834733,15.2360812825889,15.3075012245071,15.3427537134883,15.3598640719136,15.4309618245413,15.4899526523099,15.5359076423814,15.6371887996526,15.7326314434627,15.8225341770471,15.8494382576867,15.9806411145307,16.0349511307308,16.1161965228261,16.21859495858,16.2378382011564,16.4102748824377,16.543821201448,16.5728831345292,16.6214137043901,16.729090423458,16.8046612480098,16.9455138976085,17.0754282215073,17.2886962208574,17.2906006459168,17.6266693579386,17.8689160735702,18.0085871497873,18.1208229334241,18.3212111171775,18.3401912011572,18.4382995272119,18.6596564508049,18.809013340658,18.9361098125905,19.1876600856679,19.4068704865649,19.6274142060185,20.0181000369455,20.1183987530434,20.2240636607277,20.6381472533526,21.1094104776527,21.5226327747236,23.3685573700297,NA,NA,NA,NA,NA,NA,NA,NA,NA,NA,NA,NA,NA,NA,NA,NA,NA,NA,NA,NA,NA,NA,NA,NA,NA,NA,NA,NA,NA,NA,NA,NA,NA,NA,NA,NA,NA,NA,NA,NA,NA,NA
0.552650717148559,0.603718926257307,0.770104701716397,1.00337490689612,1.11006244198989,1.3118441022895,1.42125563323307,1.50923646981495,1.55020234471803,1.69210674718584,1.80189825737542,1.81550439261164,1.83737140568497,1.97635460772889,2.14626121200807,2.23531423577816,2.28971677588842,2.39767518145054,2.47360963913348,2.54835018719689,2.60949618176447,2.633482071905,2.7444203566401,2.7777011817613,2.90668383436551,2.94582142469112,3.00455736399857,3.0525057882411,3.10617058378924,3.13732238516082,3.18818024629678,3.25115237504513,3.34023826499101,3.3882756365747,3.44470690203011,3.51115969531528,3.51878330169843,3.6079142664722,3.64161998854545,3.7016203729396,3.78167225405336,3.82450494080573,3.8702591954755,3.88269307038633,3.95748598856365,3.99093919124931,4.05675161694018,4.10969897770112,4.16105041841146,4.21668952314693,4.27286297887535,4.28276942609477,4.32522763768689,4.39023724121629,4.417214184254,4.42785834963293,4.53325317814838,4.59038065341128,4.6139266445058,4.64751078218058,4.70042178913526,4.75194220742548,4.80833634329126,4.8299533635919,4.8673865599751,4.91748321115265,4.94943821124721,5.00491343644397,5.04743973907559,5.07397615335492,5.09325209603899,5.14536252202035,5.15019046241205,5.17963574525589,5.20004760699317,5.21420202865623,5.29731960344319,5.31474695522434,5.35436542776781,5.36791574991667,5.42170588192729,5.42742369495355,5.46821239988846,5.49552652184208,5.54624944726961,5.57520052740784,5.61630084157801,5.63414902211743,5.67437189406589,5.71151811071278,5.7320555159139,5.73882740252886,5.78987732503785,5.8026682798097,5.86213459543773,5.86547454134649,5.90170308891821,5.92789494103256,5.94511533620684,5.97381049096577,5.98234759957372,6.03072425310789,6.05077020172728,6.06180873053425,6.09831994253791,6.11697047455214,6.13248854292855,6.17954338434982,6.24277947686964,6.25776516510261,6.27805408293827,6.31802717223674,6.35700625752699,6.36205115415115,6.38138751640141,6.4152413076367,6.43781468975634,6.45408469773158,6.47752733504121,6.4979282467578,6.53024698073937,6.56210634308717,6.59831317072143,6.63899029860054,6.66284294865,6.67189710655605,6.74124003708154,6.77086686978868,6.77203856538655,6.79568497239735,6.8224892439825,6.85626399596073,6.86433210398449,6.88333480502204,6.90905764637454,6.92709694870715,6.96436750144201,6.97961088090659,6.99491125945918,7.02071662947199,7.03618316159442,7.07780934619947,7.11884176707089,7.13922022244635,7.16161937105508,7.19535247494748,7.21982525090798,7.23018145437525,7.23426730404395,7.24910261507264,7.28916921150425,7.3164493050543,7.32364389355508,7.34009605628407,7.36191739621279,7.3779521879704,7.39012506527857,7.44291321275417,7.45150788126586,7.48118700845785,7.49887618101108,7.50601880837014,7.54380198692939,7.56417539281229,7.58154528681658,7.59028250885025,7.61143776207567,7.64611386589389,7.67788736417602,7.69398874791324,7.71640132616133,7.74439045278226,7.76077821553618,7.81368193571625,7.83347771209903,7.8501419073314,7.87070182875671,7.88416010004743,7.91141775176942,7.96358656183444,7.98318318663103,8.00320594220902,8.0422639540774,8.05613913530698,8.09367979567275,8.11889271686317,8.15072236117984,8.16099064815345,8.18785258004646,8.23723316276238,8.24650524828085,8.29093062182648,8.30604325315067,8.33621577780248,8.35734372515708,8.37024022901258,8.4085475399378,8.42135696260645,8.43311332536026,8.45645602526889,8.49205992005332,8.50858822769622,8.52912912114633,8.54948470267492,8.55966778289748,8.59275044943781,8.6065015112554,8.65326946329109,8.67445972688436,8.69079214903807,8.72979486399073,8.75300008419651,8.76419057856596,8.80976934366727,8.85073560977173,8.86069901820589,8.89179013679658,8.95856858194385,8.98559486092556,8.98932032521998,9.03382286781743,9.04863068575566,9.09447867192742,9.12020650422083,9.13664929316423,9.20400648556651,9.21206218068038,9.23475109367284,9.2655115870324,9.29177473782801,9.33945973241287,9.35798685930676,9.37163134094911,9.40990636857634,9.4260085901169,9.47753395984134,9.49838176138317,9.55553369241174,9.58265345790239,9.60034811236184,9.63437744360767,9.66239740644212,9.68525948791372,9.72771718700828,9.75612032063931,9.79016285175147,9.84677948865509,9.84779397103867,9.87539348903409,9.91772238745953,9.96215600325252,9.98575082748909,9.99172465224212,10.0540626848671,10.069014565941,10.0881438971083,10.090730537914,10.1516153825757,10.1721544228813,10.2038033584659,10.2470379846308,10.265975618284,10.3119652313707,10.3249524784348,10.3414891305494,10.3858342988498,10.4045718709262,10.4600523877032,10.492940818597,10.5222046495124,10.5468420647458,10.5687475406741,10.5990503034474,10.6825481480136,10.7162067340997,10.731245179024,10.7832916140606,10.8451075716499,10.8539566173122,10.9094607091283,10.9543939287736,11.0127538622653,11.0383286537379,11.0887141562259,11.114458998091,11.1294987438973,11.1651099312733,11.1815637787175,11.191362558252,11.2340445137261,11.2836959491566,11.33412384315,11.3554957807188,11.4252250815028,11.4640983665403,11.4869441809975,11.5072527447701,11.5362517032916,11.6074638308516,11.6311463442293,11.7384384048791,11.7623802492126,11.773612197998,11.8009832967685,11.8326464139931,11.850996771738,11.9499096366792,11.9646695856074,11.986649507503,12.0557019173038,12.0941791742044,12.1274038408125,12.1586818018363,12.2091240531474,12.2303428610435,12.2832884976281,12.3207558768233,12.3311532503062,12.3644951718418,12.4469216851279,12.459876456568,12.4877200490819,12.5794339230701,12.600716362309,12.6279240068078,12.6693528929289,12.7304288573223,12.7588175379101,12.8071412849034,12.8651823845407,12.8674070301268,12.9143852648199,12.9361827924021,12.9750350006804,13.0457877972839,13.0733705813008,13.1040572321995,13.1514234643605,13.1987713825257,13.2333167276465,13.2504213110722,13.3139539240777,13.3670337014868,13.3965040362974,13.4400890486509,13.48832187993,13.5143037205037,13.5225192948075,13.5960362627708,13.6255900134073,13.6995619424253,13.7158830743996,13.7290919304288,13.7701156037614,13.828315216477,13.851090031366,13.9158076581928,14.009529981858,14.0351971861147,14.0627934269598,14.1202932082559,14.1909806743775,14.2110658623788,14.2715278425811,14.3123411138459,14.3553930763962,14.4148802119671,14.4364456913622,14.4903968944719,14.5371820231861,14.6038525507556,14.6499005797121,14.7109942428612,14.7446635841263,14.7972050868187,14.9070508418703,15.0031547672881,15.0266284717978,15.1093185330354,15.1479149834733,15.2360812825889,15.3075012245071,15.3427537134883,15.3598640719136,15.4309618245413,15.4899526523099,15.5359076423814,15.6371887996526,15.7326314434627,15.8225341770471,15.8494382576867,15.9806411145307,16.0349511307308,16.1161965228261,16.21859495858,16.2378382011564,16.4102748824377,16.543821201448,16.5728831345292,16.6214137043901,16.729090423458,16.8046612480098,16.9455138976085,17.0754282215073,17.2886962208574,17.2906006459168,17.6266693579386,17.8689160735702,18.0085871497873,18.1208229334241,18.3212111171775,18.3401912011572,18.4382995272119,18.6596564508049,18.809013340658,18.9361098125905,19.1876600856679,19.4068704865649,19.6274142060185,20.0181000369455,20.1183987530434,20.2240636607277,20.6381472533526,21.1094104776527,21.5226327747236,23.3685573700297,NA,NA,NA,NA,NA,NA,NA,NA,NA,NA,NA,NA,NA,NA,NA,NA,NA,NA,NA,NA,NA,NA,NA,NA,NA,NA,NA,NA,NA,NA,NA,NA,NA,NA,NA,NA,NA,NA,NA,NA,NA,NA
0.552650717148559,0.603718926257307,0.770104701716397,1.00337490689612,1.11006244198989,1.3118441022895,1.42125563323307,1.50923646981495,1.55020234471803,1.69210674718584,1.80189825737542,1.81550439261164,1.83737140568497,1.97635460772889,2.14626121200807,2.23531423577816,2.28971677588842,2.39767518145054,2.47360963913348,2.54835018719689,2.60949618176447,2.633482071905,2.7444203566401,2.7777011817613,2.90668383436551,2.94582142469112,3.00455736399857,3.0525057882411,3.10617058378924,3.13732238516082,3.18818024629678,3.25115237504513,3.34023826499101,3.3882756365747,3.44470690203011,3.51115969531528,3.51878330169843,3.6079142664722,3.64161998854545,3.7016203729396,3.78167225405336,3.82450494080573,3.8702591954755,3.88269307038633,3.95748598856365,3.99093919124931,4.05675161694018,4.10969897770112,4.16105041841146,4.21668952314693,4.27286297887535,4.28276942609477,4.32522763768689,4.39023724121629,4.417214184254,4.42785834963293,4.53325317814838,4.59038065341128,4.6139266445058,4.64751078218058,4.70042178913526,4.75194220742548,4.80833634329126,4.8299533635919,4.8673865599751,4.91748321115265,4.94943821124721,5.00491343644397,5.04743973907559,5.07397615335492,5.09325209603899,5.14536252202035,5.15019046241205,5.17963574525589,5.20004760699317,5.21420202865623,5.29731960344319,5.31474695522434,5.35436542776781,5.36791574991667,5.42170588192729,5.42742369495355,5.46821239988846,5.49552652184208,5.54624944726961,5.57520052740784,5.61630084157801,5.63414902211743,5.67437189406589,5.71151811071278,5.7320555159139,5.73882740252886,5.78987732503785,5.8026682798097,5.86213459543773,5.86547454134649,5.90170308891821,5.92789494103256,5.94511533620684,5.97381049096577,5.98234759957372,6.03072425310789,6.05077020172728,6.06180873053425,6.09831994253791,6.11697047455214,6.13248854292855,6.17954338434982,6.24277947686964,6.25776516510261,6.27805408293827,6.31802717223674,6.35700625752699,6.36205115415115,6.38138751640141,6.4152413076367,6.43781468975634,6.45408469773158,6.47752733504121,6.4979282467578,6.53024698073937,6.56210634308717,6.59831317072143,6.63899029860054,6.66284294865,6.67189710655605,6.74124003708154,6.77086686978868,6.77203856538655,6.79568497239735,6.8224892439825,6.85626399596073,6.86433210398449,6.88333480502204,6.90905764637454,6.92709694870715,6.96436750144201,6.97961088090659,6.99491125945918,7.02071662947199,7.03618316159442,7.07780934619947,7.11884176707089,7.13922022244635,7.16161937105508,7.19535247494748,7.21982525090798,7.23018145437525,7.23426730404395,7.24910261507264,7.28916921150425,7.3164493050543,7.32364389355508,7.34009605628407,7.36191739621279,7.3779521879704,7.39012506527857,7.44291321275417,7.45150788126586,7.48118700845785,7.49887618101108,7.50601880837014,7.54380198692939,7.56417539281229,7.58154528681658,7.59028250885025,7.61143776207567,7.64611386589389,7.67788736417602,7.69398874791324,7.71640132616133,7.74439045278226,7.76077821553618,7.81368193571625,7.83347771209903,7.8501419073314,7.87070182875671,7.88416010004743,7.91141775176942,7.96358656183444,7.98318318663103,8.00320594220902,8.0422639540774,8.05613913530698,8.09367979567275,8.11889271686317,8.15072236117984,8.16099064815345,8.18785258004646,8.23723316276238,8.24650524828085,8.29093062182648,8.30604325315067,8.33621577780248,8.35734372515708,8.37024022901258,8.4085475399378,8.42135696260645,8.43311332536026,8.45645602526889,8.49205992005332,8.50858822769622,8.52912912114633,8.54948470267492,8.55966778289748,8.59275044943781,8.6065015112554,8.65326946329109,8.67445972688436,8.69079214903807,8.72979486399073,8.75300008419651,8.76419057856596,8.80976934366727,8.85073560977173,8.86069901820589,8.89179013679658,8.95856858194385,8.98559486092556,8.98932032521998,9.03382286781743,9.04863068575566,9.09447867192742,9.12020650422083,9.13664929316423,9.20400648556651,9.21206218068038,9.23475109367284,9.2655115870324,9.29177473782801,9.33945973241287,9.35798685930676,9.37163134094911,9.40990636857634,9.4260085901169,9.47753395984134,9.49838176138317,9.55553369241174,9.58265345790239,9.60034811236184,9.63437744360767,9.66239740644212,9.68525948791372,9.72771718700828,9.75612032063931,9.79016285175147,9.84677948865509,9.84779397103867,9.87539348903409,9.91772238745953,9.96215600325252,9.98575082748909,9.99172465224212,10.0540626848671,10.069014565941,10.0881438971083,10.090730537914,10.1516153825757,10.1721544228813,10.2038033584659,10.2470379846308,10.265975618284,10.3119652313707,10.3249524784348,10.3414891305494,10.3858342988498,10.4045718709262,10.4600523877032,10.492940818597,10.5222046495124,10.5468420647458,10.5687475406741,10.5990503034474,10.6825481480136,10.7162067340997,10.731245179024,10.7832916140606,10.8451075716499,10.8539566173122,10.9094607091283,10.9543939287736,11.0127538622653,11.0383286537379,11.0887141562259,11.114458998091,11.1294987438973,11.1651099312733,11.1815637787175,11.191362558252,11.2340445137261,11.2836959491566,11.33412384315,11.3554957807188,11.4252250815028,11.4640983665403,11.4869441809975,11.5072527447701,11.5362517032916,11.6074638308516,11.6311463442293,11.7384384048791,11.7623802492126,11.773612197998,11.8009832967685,11.8326464139931,11.850996771738,11.9499096366792,11.9646695856074,11.986649507503,12.0557019173038,12.0941791742044,12.1274038408125,12.1586818018363,12.2091240531474,12.2303428610435,12.2832884976281,12.3207558768233,12.3311532503062,12.3644951718418,12.4469216851279,12.459876456568,12.4877200490819,12.5794339230701,12.600716362309,12.6279240068078,12.6693528929289,12.7304288573223,12.7588175379101,12.8071412849034,12.8651823845407,12.8674070301268,12.9143852648199,12.9361827924021,12.9750350006804,13.0457877972839,13.0733705813008,13.1040572321995,13.1514234643605,13.1987713825257,13.2333167276465,13.2504213110722,13.3139539240777,13.3670337014868,13.3965040362974,13.4400890486509,13.48832187993,13.5143037205037,13.5225192948075,13.5960362627708,13.6255900134073,13.6995619424253,13.7158830743996,13.7290919304288,13.7701156037614,13.828315216477,13.851090031366,13.9158076581928,14.009529981858,14.0351971861147,14.0627934269598,14.1202932082559,14.1909806743775,14.2110658623788,14.2715278425811,14.3123411138459,14.3553930763962,14.4148802119671,14.4364456913622,14.4903968944719,14.5371820231861,14.6038525507556,14.6499005797121,14.7109942428612,14.7446635841263,14.7972050868187,14.9070508418703,15.0031547672881,15.0266284717978,15.1093185330354,15.1479149834733,15.2360812825889,15.3075012245071,15.3427537134883,15.3598640719136,15.4309618245413,15.4899526523099,15.5359076423814,15.6371887996526,15.7326314434627,15.8225341770471,15.8494382576867,15.9806411145307,16.0349511307308,16.1161965228261,16.21859495858,16.2378382011564,16.4102748824377,16.543821201448,16.5728831345292,16.6214137043901,16.729090423458,16.8046612480098,16.9455138976085,17.0754282215073,17.2886962208574,17.2906006459168,17.6266693579386,17.8689160735702,18.0085871497873,18.1208229334241,18.3212111171775,18.3401912011572,18.4382995272119,18.6596564508049,18.809013340658,18.9361098125905,19.1876600856679,19.4068704865649,19.6274142060185,20.0181000369455,20.1183987530434,20.2240636607277,20.6381472533526,21.1094104776527,21.5226327747236,23.3685573700297,NA,NA,NA,NA,NA,NA,NA,NA,NA,NA,NA,NA,NA,NA,NA,NA,NA,NA,NA,NA,NA,NA,NA,NA,NA,NA,NA,NA,NA,NA,NA,NA,NA,NA,NA,NA,NA,NA,NA,NA,NA,NA
0.552650717148559,0.603718926257307,0.770104701716397,1.00337490689612,1.11006244198989,1.3118441022895,1.42125563323307,1.50923646981495,1.55020234471803,1.69210674718584,1.80189825737542,1.81550439261164,1.83737140568497,1.97635460772889,2.14626121200807,2.23531423577816,2.28971677588842,2.39767518145054,2.47360963913348,2.54835018719689,2.60949618176447,2.633482071905,2.7444203566401,2.7777011817613,2.90668383436551,2.94582142469112,3.00455736399857,3.0525057882411,3.10617058378924,3.13732238516082,3.18818024629678,3.25115237504513,3.34023826499101,3.3882756365747,3.44470690203011,3.51115969531528,3.51878330169843,3.6079142664722,3.64161998854545,3.7016203729396,3.78167225405336,3.82450494080573,3.8702591954755,3.88269307038633,3.95748598856365,3.99093919124931,4.05675161694018,4.10969897770112,4.16105041841146,4.21668952314693,4.27286297887535,4.28276942609477,4.32522763768689,4.39023724121629,4.417214184254,4.42785834963293,4.53325317814838,4.59038065341128,4.6139266445058,4.64751078218058,4.70042178913526,4.75194220742548,4.80833634329126,4.8299533635919,4.8673865599751,4.91748321115265,4.94943821124721,5.00491343644397,5.04743973907559,5.07397615335492,5.09325209603899,5.14536252202035,5.15019046241205,5.17963574525589,5.20004760699317,5.21420202865623,5.29731960344319,5.31474695522434,5.35436542776781,5.36791574991667,5.42170588192729,5.42742369495355,5.46821239988846,5.49552652184208,5.54624944726961,5.57520052740784,5.61630084157801,5.63414902211743,5.67437189406589,5.71151811071278,5.7320555159139,5.73882740252886,5.78987732503785,5.8026682798097,5.86213459543773,5.86547454134649,5.90170308891821,5.92789494103256,5.94511533620684,5.97381049096577,5.98234759957372,6.03072425310789,6.05077020172728,6.06180873053425,6.09831994253791,6.11697047455214,6.13248854292855,6.17954338434982,6.24277947686964,6.25776516510261,6.27805408293827,6.31802717223674,6.35700625752699,6.36205115415115,6.38138751640141,6.4152413076367,6.43781468975634,6.45408469773158,6.47752733504121,6.4979282467578,6.53024698073937,6.56210634308717,6.59831317072143,6.63899029860054,6.66284294865,6.67189710655605,6.74124003708154,6.77086686978868,6.77203856538655,6.79568497239735,6.8224892439825,6.85626399596073,6.86433210398449,6.88333480502204,6.90905764637454,6.92709694870715,6.96436750144201,6.97961088090659,6.99491125945918,7.02071662947199,7.03618316159442,7.07780934619947,7.11884176707089,7.13922022244635,7.16161937105508,7.19535247494748,7.21982525090798,7.23018145437525,7.23426730404395,7.24910261507264,7.28916921150425,7.3164493050543,7.32364389355508,7.34009605628407,7.36191739621279,7.3779521879704,7.39012506527857,7.44291321275417,7.45150788126586,7.48118700845785,7.49887618101108,7.50601880837014,7.54380198692939,7.56417539281229,7.58154528681658,7.59028250885025,7.61143776207567,7.64611386589389,7.67788736417602,7.69398874791324,7.71640132616133,7.74439045278226,7.76077821553618,7.81368193571625,7.83347771209903,7.8501419073314,7.87070182875671,7.88416010004743,7.91141775176942,7.96358656183444,7.98318318663103,8.00320594220902,8.0422639540774,8.05613913530698,8.09367979567275,8.11889271686317,8.15072236117984,8.16099064815345,8.18785258004646,8.23723316276238,8.24650524828085,8.29093062182648,8.30604325315067,8.33621577780248,8.35734372515708,8.37024022901258,8.4085475399378,8.42135696260645,8.43311332536026,8.45645602526889,8.49205992005332,8.50858822769622,8.52912912114633,8.54948470267492,8.55966778289748,8.59275044943781,8.6065015112554,8.65326946329109,8.67445972688436,8.69079214903807,8.72979486399073,8.75300008419651,8.76419057856596,8.80976934366727,8.85073560977173,8.86069901820589,8.89179013679658,8.95856858194385,8.98559486092556,8.98932032521998,9.03382286781743,9.04863068575566,9.09447867192742,9.12020650422083,9.13664929316423,9.20400648556651,9.21206218068038,9.23475109367284,9.2655115870324,9.29177473782801,9.33945973241287,9.35798685930676,9.37163134094911,9.40990636857634,9.4260085901169,9.47753395984134,9.49838176138317,9.55553369241174,9.58265345790239,9.60034811236184,9.63437744360767,9.66239740644212,9.68525948791372,9.72771718700828,9.75612032063931,9.79016285175147,9.84677948865509,9.84779397103867,9.87539348903409,9.91772238745953,9.96215600325252,9.98575082748909,9.99172465224212,10.0540626848671,10.069014565941,10.0881438971083,10.090730537914,10.1516153825757,10.1721544228813,10.2038033584659,10.2470379846308,10.265975618284,10.3119652313707,10.3249524784348,10.3414891305494,10.3858342988498,10.4045718709262,10.4600523877032,10.492940818597,10.5222046495124,10.5468420647458,10.5687475406741,10.5990503034474,10.6825481480136,10.7162067340997,10.731245179024,10.7832916140606,10.8451075716499,10.8539566173122,10.9094607091283,10.9543939287736,11.0127538622653,11.0383286537379,11.0887141562259,11.114458998091,11.1294987438973,11.1651099312733,11.1815637787175,11.191362558252,11.2340445137261,11.2836959491566,11.33412384315,11.3554957807188,11.4252250815028,11.4640983665403,11.4869441809975,11.5072527447701,11.5362517032916,11.6074638308516,11.6311463442293,11.7384384048791,11.7623802492126,11.773612197998,11.8009832967685,11.8326464139931,11.850996771738,11.9499096366792,11.9646695856074,11.986649507503,12.0557019173038,12.0941791742044,12.1274038408125,12.1586818018363,12.2091240531474,12.2303428610435,12.2832884976281,12.3207558768233,12.3311532503062,12.3644951718418,12.4469216851279,12.459876456568,12.4877200490819,12.5794339230701,12.600716362309,12.6279240068078,12.6693528929289,12.7304288573223,12.7588175379101,12.8071412849034,12.8651823845407,12.8674070301268,12.9143852648199,12.9361827924021,12.9750350006804,13.0457877972839,13.0733705813008,13.1040572321995,13.1514234643605,13.1987713825257,13.2333167276465,13.2504213110722,13.3139539240777,13.3670337014868,13.3965040362974,13.4400890486509,13.48832187993,13.5143037205037,13.5225192948075,13.5960362627708,13.6255900134073,13.6995619424253,13.7158830743996,13.7290919304288,13.7701156037614,13.828315216477,13.851090031366,13.9158076581928,14.009529981858,14.0351971861147,14.0627934269598,14.1202932082559,14.1909806743775,14.2110658623788,14.2715278425811,14.3123411138459,14.3553930763962,14.4148802119671,14.4364456913622,14.4903968944719,14.5371820231861,14.6038525507556,14.6499005797121,14.7109942428612,14.7446635841263,14.7972050868187,14.9070508418703,15.0031547672881,15.0266284717978,15.1093185330354,15.1479149834733,15.2360812825889,15.3075012245071,15.3427537134883,15.3598640719136,15.4309618245413,15.4899526523099,15.5359076423814,15.6371887996526,15.7326314434627,15.8225341770471,15.8494382576867,15.9806411145307,16.0349511307308,16.1161965228261,16.21859495858,16.2378382011564,16.4102748824377,16.543821201448,16.5728831345292,16.6214137043901,16.729090423458,16.8046612480098,16.9455138976085,17.0754282215073,17.2886962208574,17.2906006459168,17.6266693579386,17.8689160735702,18.0085871497873,18.1208229334241,18.3212111171775,18.3401912011572,18.4382995272119,18.6596564508049,18.809013340658,18.9361098125905,19.1876600856679,19.4068704865649,19.6274142060185,20.0181000369455,20.1183987530434,20.2240636607277,20.6381472533526,21.1094104776527,21.5226327747236,23.3685573700297,NA,NA,NA,NA,NA,NA,NA,NA,NA,NA,NA,NA,NA,NA,NA,NA,NA,NA,NA,NA,NA,NA,NA,NA,NA,NA,NA,NA,NA,NA,NA,NA,NA,NA,NA,NA,NA,NA,NA,NA,NA,NA
0.472489482613623,0.579831210371285,0.700341045656206,0.839058485473357,0.857494070213838,1.13111465962637,1.28156640413834,1.40475866037197,1.48492708277975,1.55528093907134,1.6514622272691,1.71674384879274,1.79398942705963,1.85608334085181,1.94311883223505,1.98027409728403,2.08633698492348,2.11931211984714,2.229520344585,2.41183742426706,2.49740715620483,2.54539404841034,2.60334711472929,2.67670935115817,2.70146833832491,2.77964563057446,2.85528933353209,2.90603843540365,3.00271044386917,3.02082959927884,3.06170374764461,3.09084855733084,3.10604069116653,3.2096715170197,3.30163575298118,3.36733487849748,3.38070643763045,3.41521175935387,3.50706517079242,3.53411967100456,3.5892034101823,3.61184238747595,3.67257162255334,3.72519634191588,3.77203687911401,3.80494560683752,3.80922255703858,3.85443984318518,3.92360379231204,3.92921105637524,3.98381372853316,4.07766335036078,4.10959604637138,4.16523193603534,4.20749059920329,4.25555347595785,4.27407990901703,4.29824732062843,4.33246951166965,4.36680158297168,4.40058585291938,4.48490922088096,4.52994802072645,4.55498082284098,4.585799667773,4.63803520152092,4.65723242956635,4.72748902486904,4.78132474461056,4.80479431805477,4.82763341262319,4.87101880552519,4.92974657951167,4.94256923624167,4.98305498863443,5.00227781507646,5.04198470800746,5.08340640740613,5.08763359633629,5.1402158544331,5.15465789098019,5.16745295914717,5.1907198840157,5.21722711567506,5.2499454755651,5.29390919211131,5.3102573146039,5.33944239745344,5.36841511990573,5.40903947253325,5.42518157798016,5.48358084144911,5.51118174471625,5.56604905457172,5.57700215328854,5.61010526832292,5.65555594848833,5.68319848420297,5.70133782888684,5.7234170463669,5.75905286583235,5.76975148026467,5.83320178248193,5.85204899798733,5.87642298292147,5.88852673265137,5.9171965197122,5.946461122725,5.97571303469803,6.00583075287767,6.03737057179768,6.05916627728231,6.07327452264892,6.0976845968378,6.12662943718849,6.13151860975809,6.18677531275779,6.22791655789123,6.24052463757272,6.25735114393292,6.30315421893292,6.33328033361386,6.34771018828682,6.36149385154658,6.38116826574615,6.42223629480568,6.42567886636772,6.45605419868089,6.47076321578163,6.48880071897049,6.51412030618812,6.55764736136776,6.57251647562401,6.61541929361301,6.64824409706225,6.69961964746852,6.71643203053289,6.74015399244251,6.77496548266969,6.81017635213513,6.82155370996546,6.83285622554386,6.86768803799238,6.87299196376936,6.91268812049401,6.91660056915107,6.94214136274252,6.96662882492658,6.99845499269425,7.00381651399237,7.01835478533735,7.04207399489091,7.05110242969833,7.07085252295806,7.11262983128193,7.16304636077959,7.18413200895551,7.18923269309516,7.19818616371594,7.22095636163511,7.25104022079218,7.2836227596167,7.28988193818217,7.31764474371685,7.33834071710717,7.34854492638407,7.35439466579152,7.41190447394506,7.43365872354983,7.45102613475425,7.45511963575676,7.47647947117189,7.50196362811507,7.53177923846088,7.54876283857953,7.55859340457279,7.58779065407477,7.62786914772643,7.63846575578254,7.67867803399551,7.68551495483702,7.70869858953,7.72314216160076,7.75697956689211,7.78308427709748,7.82398374414664,7.82696331552922,7.84936653601962,7.87131594706028,7.88185774008311,7.90340007744446,7.92298175730601,7.94766885881895,7.98312837456097,7.99976386861536,8.03386720345423,8.05063094396937,8.06537898680889,8.10160820918956,8.11431626629108,8.14707671681833,8.16040932705851,8.1654718536645,8.22241525721937,8.25524125891766,8.2736554059684,8.31887726691011,8.32573994717453,8.34547231262008,8.38133796590527,8.39719979721869,8.40223328906728,8.42473423008914,8.4525834900877,8.46739965344237,8.50815486337975,8.5156963280317,8.54542456554367,8.57142065873269,8.61783023019026,8.63078143004146,8.65503811525367,8.66983153166557,8.69718937462072,8.71233649869307,8.74210858033418,8.77465711878502,8.79184519860438,8.80006724915849,8.85097839500332,8.86715282408479,8.8758121761294,8.90479254578427,8.93097160043673,8.97968438843942,8.98631502211627,9.03102633913003,9.07542909486309,9.1069744560815,9.13078524047527,9.13623154818306,9.16600537224964,9.20612195332597,9.24856628120536,9.25610195398702,9.27060378055291,9.3223026828157,9.33971580150624,9.36922292466136,9.38479631874477,9.42252390609834,9.45867055461169,9.4948017459561,9.53701655828042,9.55807076088031,9.60664290207225,9.60905088999418,9.63274730380689,9.64833891229355,9.6921951310204,9.73759308462251,9.75026935532456,9.77666643570398,9.81278581298854,9.83484987964401,9.875304598469,9.92376575326296,9.9470780532896,9.99701037910316,10.0219689821499,10.042193322183,10.0607400872856,10.090876870646,10.1054271668226,10.1236204092395,10.1769573400807,10.1958791586242,10.1971292512849,10.2668251683732,10.2942109703653,10.3208395919839,10.3768435982542,10.3806510467149,10.3953940315291,10.4396226687144,10.4758845305092,10.5124086462502,10.5386887985685,10.5515973831018,10.5806944392958,10.6072940440976,10.6824610658283,10.6861685879908,10.7679642377461,10.8108030382508,10.8725537834739,10.8788767394813,10.9374331138043,10.9640102470097,10.9988780285774,11.0607472527685,11.0961978280282,11.126017328074,11.1592607769904,11.1970641796107,11.2079161982873,11.2531684656732,11.2566843917519,11.2780638892304,11.3303068214695,11.3842620720794,11.4519913996784,11.4608391946451,11.5076814907196,11.5351590672528,11.5747815941252,11.6097957608906,11.6426595182712,11.6891352510665,11.7604841571152,11.7839245663385,11.8054962013484,11.8486628096274,11.8553466919728,11.8888087479394,11.9575496307589,12.0001521901937,12.0369019195052,12.0936871840707,12.1187583350233,12.1393617381905,12.1746191813929,12.2137348776078,12.2480193513813,12.2833142202004,12.3246667970753,12.3509243568987,12.3792045632772,12.3972310343015,12.4521177665615,12.5064303626981,12.5351045293523,12.633056239033,12.6728379028641,12.704561104572,12.7409101716452,12.7875184898727,12.819760093825,12.860925257321,12.9030416799529,12.963575452734,12.9790375994654,13.0137098141439,13.0419045269008,13.0449993712862,13.1060980180607,13.1542357783843,13.220801530761,13.2286585274127,13.2706589650176,13.3287232809534,13.3585195832084,13.4286719786187,13.4300308280971,13.4537729459773,13.5417472909525,13.5805949903616,13.6112940690389,13.6472966299677,13.6705605279824,13.7070696928934,13.7603926271192,13.7822014676854,13.83550944758,13.870393511877,13.9056484520894,13.9578821660822,14.0364868351662,14.0924476287564,14.0969850476634,14.1974101695643,14.2231179106727,14.2580713738642,14.2634002852668,14.3106104165707,14.4178230370699,14.4711158067136,14.490202350766,14.5049541795345,14.623753130155,14.6802482886376,14.7026341601682,14.7310926800375,14.7952956872294,14.8308024757058,14.9067614323246,14.9955090249739,15.0795238499374,15.1012779771828,15.2400404571632,15.2593534802863,15.2720675662998,15.415486970991,15.4591877728185,15.4654896171155,15.507490391595,15.5627816825369,15.6641527070045,15.7698983919517,15.859336286152,15.8956548159955,16.0163455209512,16.1049094584591,16.1977427813829,16.2538590458203,16.2887242839069,16.4622007021227,16.5856541062557,16.5905192988418,16.6874947221456,16.7602155114631,16.871610722046,16.9329595697149,17.0968471827146,17.1687748612923,17.3643352400024,17.4671033680651,17.6644079447071,17.9950836664016,18.083072978516,18.1999726062144,18.3466661039135,18.4268203283762,18.6314543480122,18.7638217454663,18.9771936447785,19.2057582847402,19.2188806641489,19.4633315156991,19.7174257419707,20.0672747331356,20.1576001663665,20.2732365554745,20.6519411865262,21.239052577227,21.5503353254903,23.3876781334206,NA,NA,NA,NA,NA,NA,NA,NA,NA,NA,NA,NA,NA,NA,NA,NA,NA,NA,NA,NA,NA
0.472489482613623,0.579831210371285,0.700341045656206,0.839058485473357,0.857494070213838,1.13111465962637,1.28156640413834,1.40475866037197,1.48492708277975,1.55528093907134,1.6514622272691,1.71674384879274,1.79398942705963,1.85608334085181,1.94311883223505,1.98027409728403,2.08633698492348,2.11931211984714,2.229520344585,2.41183742426706,2.49740715620483,2.54539404841034,2.60334711472929,2.67670935115817,2.70146833832491,2.77964563057446,2.85528933353209,2.90603843540365,3.00271044386917,3.02082959927884,3.06170374764461,3.09084855733084,3.10604069116653,3.2096715170197,3.30163575298118,3.36733487849748,3.38070643763045,3.41521175935387,3.50706517079242,3.53411967100456,3.5892034101823,3.61184238747595,3.67257162255334,3.72519634191588,3.77203687911401,3.80494560683752,3.80922255703858,3.85443984318518,3.92360379231204,3.92921105637524,3.98381372853316,4.07766335036078,4.10959604637138,4.16523193603534,4.20749059920329,4.25555347595785,4.27407990901703,4.29824732062843,4.33246951166965,4.36680158297168,4.40058585291938,4.48490922088096,4.52994802072645,4.55498082284098,4.585799667773,4.63803520152092,4.65723242956635,4.72748902486904,4.78132474461056,4.80479431805477,4.82763341262319,4.87101880552519,4.92974657951167,4.94256923624167,4.98305498863443,5.00227781507646,5.04198470800746,5.08340640740613,5.08763359633629,5.1402158544331,5.15465789098019,5.16745295914717,5.1907198840157,5.21722711567506,5.2499454755651,5.29390919211131,5.3102573146039,5.33944239745344,5.36841511990573,5.40903947253325,5.42518157798016,5.48358084144911,5.51118174471625,5.56604905457172,5.57700215328854,5.61010526832292,5.65555594848833,5.68319848420297,5.70133782888684,5.7234170463669,5.75905286583235,5.76975148026467,5.83320178248193,5.85204899798733,5.87642298292147,5.88852673265137,5.9171965197122,5.946461122725,5.97571303469803,6.00583075287767,6.03737057179768,6.05916627728231,6.07327452264892,6.0976845968378,6.12662943718849,6.13151860975809,6.18677531275779,6.22791655789123,6.24052463757272,6.25735114393292,6.30315421893292,6.33328033361386,6.34771018828682,6.36149385154658,6.38116826574615,6.42223629480568,6.42567886636772,6.45605419868089,6.47076321578163,6.48880071897049,6.51412030618812,6.55764736136776,6.57251647562401,6.61541929361301,6.64824409706225,6.69961964746852,6.71643203053289,6.74015399244251,6.77496548266969,6.81017635213513,6.82155370996546,6.83285622554386,6.86768803799238,6.87299196376936,6.91268812049401,6.91660056915107,6.94214136274252,6.96662882492658,6.99845499269425,7.00381651399237,7.01835478533735,7.04207399489091,7.05110242969833,7.07085252295806,7.11262983128193,7.16304636077959,7.18413200895551,7.18923269309516,7.19818616371594,7.22095636163511,7.25104022079218,7.2836227596167,7.28988193818217,7.31764474371685,7.33834071710717,7.34854492638407,7.35439466579152,7.41190447394506,7.43365872354983,7.45102613475425,7.45511963575676,7.47647947117189,7.50196362811507,7.53177923846088,7.54876283857953,7.55859340457279,7.58779065407477,7.62786914772643,7.63846575578254,7.67867803399551,7.68551495483702,7.70869858953,7.72314216160076,7.75697956689211,7.78308427709748,7.82398374414664,7.82696331552922,7.84936653601962,7.87131594706028,7.88185774008311,7.90340007744446,7.92298175730601,7.94766885881895,7.98312837456097,7.99976386861536,8.03386720345423,8.05063094396937,8.06537898680889,8.10160820918956,8.11431626629108,8.14707671681833,8.16040932705851,8.1654718536645,8.22241525721937,8.25524125891766,8.2736554059684,8.31887726691011,8.32573994717453,8.34547231262008,8.38133796590527,8.39719979721869,8.40223328906728,8.42473423008914,8.4525834900877,8.46739965344237,8.50815486337975,8.5156963280317,8.54542456554367,8.57142065873269,8.61783023019026,8.63078143004146,8.65503811525367,8.66983153166557,8.69718937462072,8.71233649869307,8.74210858033418,8.77465711878502,8.79184519860438,8.80006724915849,8.85097839500332,8.86715282408479,8.8758121761294,8.90479254578427,8.93097160043673,8.97968438843942,8.98631502211627,9.03102633913003,9.07542909486309,9.1069744560815,9.13078524047527,9.13623154818306,9.16600537224964,9.20612195332597,9.24856628120536,9.25610195398702,9.27060378055291,9.3223026828157,9.33971580150624,9.36922292466136,9.38479631874477,9.42252390609834,9.45867055461169,9.4948017459561,9.53701655828042,9.55807076088031,9.60664290207225,9.60905088999418,9.63274730380689,9.64833891229355,9.6921951310204,9.73759308462251,9.75026935532456,9.77666643570398,9.81278581298854,9.83484987964401,9.875304598469,9.92376575326296,9.9470780532896,9.99701037910316,10.0219689821499,10.042193322183,10.0607400872856,10.090876870646,10.1054271668226,10.1236204092395,10.1769573400807,10.1958791586242,10.1971292512849,10.2668251683732,10.2942109703653,10.3208395919839,10.3768435982542,10.3806510467149,10.3953940315291,10.4396226687144,10.4758845305092,10.5124086462502,10.5386887985685,10.5515973831018,10.5806944392958,10.6072940440976,10.6824610658283,10.6861685879908,10.7679642377461,10.8108030382508,10.8725537834739,10.8788767394813,10.9374331138043,10.9640102470097,10.9988780285774,11.0607472527685,11.0961978280282,11.126017328074,11.1592607769904,11.1970641796107,11.2079161982873,11.2531684656732,11.2566843917519,11.2780638892304,11.3303068214695,11.3842620720794,11.4519913996784,11.4608391946451,11.5076814907196,11.5351590672528,11.5747815941252,11.6097957608906,11.6426595182712,11.6891352510665,11.7604841571152,11.7839245663385,11.8054962013484,11.8486628096274,11.8553466919728,11.8888087479394,11.9575496307589,12.0001521901937,12.0369019195052,12.0936871840707,12.1187583350233,12.1393617381905,12.1746191813929,12.2137348776078,12.2480193513813,12.2833142202004,12.3246667970753,12.3509243568987,12.3792045632772,12.3972310343015,12.4521177665615,12.5064303626981,12.5351045293523,12.633056239033,12.6728379028641,12.704561104572,12.7409101716452,12.7875184898727,12.819760093825,12.860925257321,12.9030416799529,12.963575452734,12.9790375994654,13.0137098141439,13.0419045269008,13.0449993712862,13.1060980180607,13.1542357783843,13.220801530761,13.2286585274127,13.2706589650176,13.3287232809534,13.3585195832084,13.4286719786187,13.4300308280971,13.4537729459773,13.5417472909525,13.5805949903616,13.6112940690389,13.6472966299677,13.6705605279824,13.7070696928934,13.7603926271192,13.7822014676854,13.83550944758,13.870393511877,13.9056484520894,13.9578821660822,14.0364868351662,14.0924476287564,14.0969850476634,14.1974101695643,14.2231179106727,14.2580713738642,14.2634002852668,14.3106104165707,14.4178230370699,14.4711158067136,14.490202350766,14.5049541795345,14.623753130155,14.6802482886376,14.7026341601682,14.7310926800375,14.7952956872294,14.8308024757058,14.9067614323246,14.9955090249739,15.0795238499374,15.1012779771828,15.2400404571632,15.2593534802863,15.2720675662998,15.415486970991,15.4591877728185,15.4654896171155,15.507490391595,15.5627816825369,15.6641527070045,15.7698983919517,15.859336286152,15.8956548159955,16.0163455209512,16.1049094584591,16.1977427813829,16.2538590458203,16.2887242839069,16.4622007021227,16.5856541062557,16.5905192988418,16.6874947221456,16.7602155114631,16.871610722046,16.9329595697149,17.0968471827146,17.1687748612923,17.3643352400024,17.4671033680651,17.6644079447071,17.9950836664016,18.083072978516,18.1999726062144,18.3466661039135,18.4268203283762,18.6314543480122,18.7638217454663,18.9771936447785,19.2057582847402,19.2188806641489,19.4633315156991,19.7174257419707,20.0672747331356,20.1576001663665,20.2732365554745,20.6519411865262,21.239052577227,21.5503353254903,23.3876781334206,NA,NA,NA,NA,NA,NA,NA,NA,NA,NA,NA,NA,NA,NA,NA,NA,NA,NA,NA,NA,NA
0.472489482613623,0.579831210371285,0.700341045656206,0.839058485473357,0.857494070213838,1.13111465962637,1.28156640413834,1.40475866037197,1.48492708277975,1.55528093907134,1.6514622272691,1.71674384879274,1.79398942705963,1.85608334085181,1.94311883223505,1.98027409728403,2.08633698492348,2.11931211984714,2.229520344585,2.41183742426706,2.49740715620483,2.54539404841034,2.60334711472929,2.67670935115817,2.70146833832491,2.77964563057446,2.85528933353209,2.90603843540365,3.00271044386917,3.02082959927884,3.06170374764461,3.09084855733084,3.10604069116653,3.2096715170197,3.30163575298118,3.36733487849748,3.38070643763045,3.41521175935387,3.50706517079242,3.53411967100456,3.5892034101823,3.61184238747595,3.67257162255334,3.72519634191588,3.77203687911401,3.80494560683752,3.80922255703858,3.85443984318518,3.92360379231204,3.92921105637524,3.98381372853316,4.07766335036078,4.10959604637138,4.16523193603534,4.20749059920329,4.25555347595785,4.27407990901703,4.29824732062843,4.33246951166965,4.36680158297168,4.40058585291938,4.48490922088096,4.52994802072645,4.55498082284098,4.585799667773,4.63803520152092,4.65723242956635,4.72748902486904,4.78132474461056,4.80479431805477,4.82763341262319,4.87101880552519,4.92974657951167,4.94256923624167,4.98305498863443,5.00227781507646,5.04198470800746,5.08340640740613,5.08763359633629,5.1402158544331,5.15465789098019,5.16745295914717,5.1907198840157,5.21722711567506,5.2499454755651,5.29390919211131,5.3102573146039,5.33944239745344,5.36841511990573,5.40903947253325,5.42518157798016,5.48358084144911,5.51118174471625,5.56604905457172,5.57700215328854,5.61010526832292,5.65555594848833,5.68319848420297,5.70133782888684,5.7234170463669,5.75905286583235,5.76975148026467,5.83320178248193,5.85204899798733,5.87642298292147,5.88852673265137,5.9171965197122,5.946461122725,5.97571303469803,6.00583075287767,6.03737057179768,6.05916627728231,6.07327452264892,6.0976845968378,6.12662943718849,6.13151860975809,6.18677531275779,6.22791655789123,6.24052463757272,6.25735114393292,6.30315421893292,6.33328033361386,6.34771018828682,6.36149385154658,6.38116826574615,6.42223629480568,6.42567886636772,6.45605419868089,6.47076321578163,6.48880071897049,6.51412030618812,6.55764736136776,6.57251647562401,6.61541929361301,6.64824409706225,6.69961964746852,6.71643203053289,6.74015399244251,6.77496548266969,6.81017635213513,6.82155370996546,6.83285622554386,6.86768803799238,6.87299196376936,6.91268812049401,6.91660056915107,6.94214136274252,6.96662882492658,6.99845499269425,7.00381651399237,7.01835478533735,7.04207399489091,7.05110242969833,7.07085252295806,7.11262983128193,7.16304636077959,7.18413200895551,7.18923269309516,7.19818616371594,7.22095636163511,7.25104022079218,7.2836227596167,7.28988193818217,7.31764474371685,7.33834071710717,7.34854492638407,7.35439466579152,7.41190447394506,7.43365872354983,7.45102613475425,7.45511963575676,7.47647947117189,7.50196362811507,7.53177923846088,7.54876283857953,7.55859340457279,7.58779065407477,7.62786914772643,7.63846575578254,7.67867803399551,7.68551495483702,7.70869858953,7.72314216160076,7.75697956689211,7.78308427709748,7.82398374414664,7.82696331552922,7.84936653601962,7.87131594706028,7.88185774008311,7.90340007744446,7.92298175730601,7.94766885881895,7.98312837456097,7.99976386861536,8.03386720345423,8.05063094396937,8.06537898680889,8.10160820918956,8.11431626629108,8.14707671681833,8.16040932705851,8.1654718536645,8.22241525721937,8.25524125891766,8.2736554059684,8.31887726691011,8.32573994717453,8.34547231262008,8.38133796590527,8.39719979721869,8.40223328906728,8.42473423008914,8.4525834900877,8.46739965344237,8.50815486337975,8.5156963280317,8.54542456554367,8.57142065873269,8.61783023019026,8.63078143004146,8.65503811525367,8.66983153166557,8.69718937462072,8.71233649869307,8.74210858033418,8.77465711878502,8.79184519860438,8.80006724915849,8.85097839500332,8.86715282408479,8.8758121761294,8.90479254578427,8.93097160043673,8.97968438843942,8.98631502211627,9.03102633913003,9.07542909486309,9.1069744560815,9.13078524047527,9.13623154818306,9.16600537224964,9.20612195332597,9.24856628120536,9.25610195398702,9.27060378055291,9.3223026828157,9.33971580150624,9.36922292466136,9.38479631874477,9.42252390609834,9.45867055461169,9.4948017459561,9.53701655828042,9.55807076088031,9.60664290207225,9.60905088999418,9.63274730380689,9.64833891229355,9.6921951310204,9.73759308462251,9.75026935532456,9.77666643570398,9.81278581298854,9.83484987964401,9.875304598469,9.92376575326296,9.9470780532896,9.99701037910316,10.0219689821499,10.042193322183,10.0607400872856,10.090876870646,10.1054271668226,10.1236204092395,10.1769573400807,10.1958791586242,10.1971292512849,10.2668251683732,10.2942109703653,10.3208395919839,10.3768435982542,10.3806510467149,10.3953940315291,10.4396226687144,10.4758845305092,10.5124086462502,10.5386887985685,10.5515973831018,10.5806944392958,10.6072940440976,10.6824610658283,10.6861685879908,10.7679642377461,10.8108030382508,10.8725537834739,10.8788767394813,10.9374331138043,10.9640102470097,10.9988780285774,11.0607472527685,11.0961978280282,11.126017328074,11.1592607769904,11.1970641796107,11.2079161982873,11.2531684656732,11.2566843917519,11.2780638892304,11.3303068214695,11.3842620720794,11.4519913996784,11.4608391946451,11.5076814907196,11.5351590672528,11.5747815941252,11.6097957608906,11.6426595182712,11.6891352510665,11.7604841571152,11.7839245663385,11.8054962013484,11.8486628096274,11.8553466919728,11.8888087479394,11.9575496307589,12.0001521901937,12.0369019195052,12.0936871840707,12.1187583350233,12.1393617381905,12.1746191813929,12.2137348776078,12.2480193513813,12.2833142202004,12.3246667970753,12.3509243568987,12.3792045632772,12.3972310343015,12.4521177665615,12.5064303626981,12.5351045293523,12.633056239033,12.6728379028641,12.704561104572,12.7409101716452,12.7875184898727,12.819760093825,12.860925257321,12.9030416799529,12.963575452734,12.9790375994654,13.0137098141439,13.0419045269008,13.0449993712862,13.1060980180607,13.1542357783843,13.220801530761,13.2286585274127,13.2706589650176,13.3287232809534,13.3585195832084,13.4286719786187,13.4300308280971,13.4537729459773,13.5417472909525,13.5805949903616,13.6112940690389,13.6472966299677,13.6705605279824,13.7070696928934,13.7603926271192,13.7822014676854,13.83550944758,13.870393511877,13.9056484520894,13.9578821660822,14.0364868351662,14.0924476287564,14.0969850476634,14.1974101695643,14.2231179106727,14.2580713738642,14.2634002852668,14.3106104165707,14.4178230370699,14.4711158067136,14.490202350766,14.5049541795345,14.623753130155,14.6802482886376,14.7026341601682,14.7310926800375,14.7952956872294,14.8308024757058,14.9067614323246,14.9955090249739,15.0795238499374,15.1012779771828,15.2400404571632,15.2593534802863,15.2720675662998,15.415486970991,15.4591877728185,15.4654896171155,15.507490391595,15.5627816825369,15.6641527070045,15.7698983919517,15.859336286152,15.8956548159955,16.0163455209512,16.1049094584591,16.1977427813829,16.2538590458203,16.2887242839069,16.4622007021227,16.5856541062557,16.5905192988418,16.6874947221456,16.7602155114631,16.871610722046,16.9329595697149,17.0968471827146,17.1687748612923,17.3643352400024,17.4671033680651,17.6644079447071,17.9950836664016,18.083072978516,18.1999726062144,18.3466661039135,18.4268203283762,18.6314543480122,18.7638217454663,18.9771936447785,19.2057582847402,19.2188806641489,19.4633315156991,19.7174257419707,20.0672747331356,20.1576001663665,20.2732365554745,20.6519411865262,21.239052577227,21.5503353254903,23.3876781334206,NA,NA,NA,NA,NA,NA,NA,NA,NA,NA,NA,NA,NA,NA,NA,NA,NA,NA,NA,NA,NA
0.472489482613623,0.579831210371285,0.700341045656206,0.839058485473357,0.857494070213838,1.13111465962637,1.28156640413834,1.40475866037197,1.48492708277975,1.55528093907134,1.6514622272691,1.71674384879274,1.79398942705963,1.85608334085181,1.94311883223505,1.98027409728403,2.08633698492348,2.11931211984714,2.229520344585,2.41183742426706,2.49740715620483,2.54539404841034,2.60334711472929,2.67670935115817,2.70146833832491,2.77964563057446,2.85528933353209,2.90603843540365,3.00271044386917,3.02082959927884,3.06170374764461,3.09084855733084,3.10604069116653,3.2096715170197,3.30163575298118,3.36733487849748,3.38070643763045,3.41521175935387,3.50706517079242,3.53411967100456,3.5892034101823,3.61184238747595,3.67257162255334,3.72519634191588,3.77203687911401,3.80494560683752,3.80922255703858,3.85443984318518,3.92360379231204,3.92921105637524,3.98381372853316,4.07766335036078,4.10959604637138,4.16523193603534,4.20749059920329,4.25555347595785,4.27407990901703,4.29824732062843,4.33246951166965,4.36680158297168,4.40058585291938,4.48490922088096,4.52994802072645,4.55498082284098,4.585799667773,4.63803520152092,4.65723242956635,4.72748902486904,4.78132474461056,4.80479431805477,4.82763341262319,4.87101880552519,4.92974657951167,4.94256923624167,4.98305498863443,5.00227781507646,5.04198470800746,5.08340640740613,5.08763359633629,5.1402158544331,5.15465789098019,5.16745295914717,5.1907198840157,5.21722711567506,5.2499454755651,5.29390919211131,5.3102573146039,5.33944239745344,5.36841511990573,5.40903947253325,5.42518157798016,5.48358084144911,5.51118174471625,5.56604905457172,5.57700215328854,5.61010526832292,5.65555594848833,5.68319848420297,5.70133782888684,5.7234170463669,5.75905286583235,5.76975148026467,5.83320178248193,5.85204899798733,5.87642298292147,5.88852673265137,5.9171965197122,5.946461122725,5.97571303469803,6.00583075287767,6.03737057179768,6.05916627728231,6.07327452264892,6.0976845968378,6.12662943718849,6.13151860975809,6.18677531275779,6.22791655789123,6.24052463757272,6.25735114393292,6.30315421893292,6.33328033361386,6.34771018828682,6.36149385154658,6.38116826574615,6.42223629480568,6.42567886636772,6.45605419868089,6.47076321578163,6.48880071897049,6.51412030618812,6.55764736136776,6.57251647562401,6.61541929361301,6.64824409706225,6.69961964746852,6.71643203053289,6.74015399244251,6.77496548266969,6.81017635213513,6.82155370996546,6.83285622554386,6.86768803799238,6.87299196376936,6.91268812049401,6.91660056915107,6.94214136274252,6.96662882492658,6.99845499269425,7.00381651399237,7.01835478533735,7.04207399489091,7.05110242969833,7.07085252295806,7.11262983128193,7.16304636077959,7.18413200895551,7.18923269309516,7.19818616371594,7.22095636163511,7.25104022079218,7.2836227596167,7.28988193818217,7.31764474371685,7.33834071710717,7.34854492638407,7.35439466579152,7.41190447394506,7.43365872354983,7.45102613475425,7.45511963575676,7.47647947117189,7.50196362811507,7.53177923846088,7.54876283857953,7.55859340457279,7.58779065407477,7.62786914772643,7.63846575578254,7.67867803399551,7.68551495483702,7.70869858953,7.72314216160076,7.75697956689211,7.78308427709748,7.82398374414664,7.82696331552922,7.84936653601962,7.87131594706028,7.88185774008311,7.90340007744446,7.92298175730601,7.94766885881895,7.98312837456097,7.99976386861536,8.03386720345423,8.05063094396937,8.06537898680889,8.10160820918956,8.11431626629108,8.14707671681833,8.16040932705851,8.1654718536645,8.22241525721937,8.25524125891766,8.2736554059684,8.31887726691011,8.32573994717453,8.34547231262008,8.38133796590527,8.39719979721869,8.40223328906728,8.42473423008914,8.4525834900877,8.46739965344237,8.50815486337975,8.5156963280317,8.54542456554367,8.57142065873269,8.61783023019026,8.63078143004146,8.65503811525367,8.66983153166557,8.69718937462072,8.71233649869307,8.74210858033418,8.77465711878502,8.79184519860438,8.80006724915849,8.85097839500332,8.86715282408479,8.8758121761294,8.90479254578427,8.93097160043673,8.97968438843942,8.98631502211627,9.03102633913003,9.07542909486309,9.1069744560815,9.13078524047527,9.13623154818306,9.16600537224964,9.20612195332597,9.24856628120536,9.25610195398702,9.27060378055291,9.3223026828157,9.33971580150624,9.36922292466136,9.38479631874477,9.42252390609834,9.45867055461169,9.4948017459561,9.53701655828042,9.55807076088031,9.60664290207225,9.60905088999418,9.63274730380689,9.64833891229355,9.6921951310204,9.73759308462251,9.75026935532456,9.77666643570398,9.81278581298854,9.83484987964401,9.875304598469,9.92376575326296,9.9470780532896,9.99701037910316,10.0219689821499,10.042193322183,10.0607400872856,10.090876870646,10.1054271668226,10.1236204092395,10.1769573400807,10.1958791586242,10.1971292512849,10.2668251683732,10.2942109703653,10.3208395919839,10.3768435982542,10.3806510467149,10.3953940315291,10.4396226687144,10.4758845305092,10.5124086462502,10.5386887985685,10.5515973831018,10.5806944392958,10.6072940440976,10.6824610658283,10.6861685879908,10.7679642377461,10.8108030382508,10.8725537834739,10.8788767394813,10.9374331138043,10.9640102470097,10.9988780285774,11.0607472527685,11.0961978280282,11.126017328074,11.1592607769904,11.1970641796107,11.2079161982873,11.2531684656732,11.2566843917519,11.2780638892304,11.3303068214695,11.3842620720794,11.4519913996784,11.4608391946451,11.5076814907196,11.5351590672528,11.5747815941252,11.6097957608906,11.6426595182712,11.6891352510665,11.7604841571152,11.7839245663385,11.8054962013484,11.8486628096274,11.8553466919728,11.8888087479394,11.9575496307589,12.0001521901937,12.0369019195052,12.0936871840707,12.1187583350233,12.1393617381905,12.1746191813929,12.2137348776078,12.2480193513813,12.2833142202004,12.3246667970753,12.3509243568987,12.3792045632772,12.3972310343015,12.4521177665615,12.5064303626981,12.5351045293523,12.633056239033,12.6728379028641,12.704561104572,12.7409101716452,12.7875184898727,12.819760093825,12.860925257321,12.9030416799529,12.963575452734,12.9790375994654,13.0137098141439,13.0419045269008,13.0449993712862,13.1060980180607,13.1542357783843,13.220801530761,13.2286585274127,13.2706589650176,13.3287232809534,13.3585195832084,13.4286719786187,13.4300308280971,13.4537729459773,13.5417472909525,13.5805949903616,13.6112940690389,13.6472966299677,13.6705605279824,13.7070696928934,13.7603926271192,13.7822014676854,13.83550944758,13.870393511877,13.9056484520894,13.9578821660822,14.0364868351662,14.0924476287564,14.0969850476634,14.1974101695643,14.2231179106727,14.2580713738642,14.2634002852668,14.3106104165707,14.4178230370699,14.4711158067136,14.490202350766,14.5049541795345,14.623753130155,14.6802482886376,14.7026341601682,14.7310926800375,14.7952956872294,14.8308024757058,14.9067614323246,14.9955090249739,15.0795238499374,15.1012779771828,15.2400404571632,15.2593534802863,15.2720675662998,15.415486970991,15.4591877728185,15.4654896171155,15.507490391595,15.5627816825369,15.6641527070045,15.7698983919517,15.859336286152,15.8956548159955,16.0163455209512,16.1049094584591,16.1977427813829,16.2538590458203,16.2887242839069,16.4622007021227,16.5856541062557,16.5905192988418,16.6874947221456,16.7602155114631,16.871610722046,16.9329595697149,17.0968471827146,17.1687748612923,17.3643352400024,17.4671033680651,17.6644079447071,17.9950836664016,18.083072978516,18.1999726062144,18.3466661039135,18.4268203283762,18.6314543480122,18.7638217454663,18.9771936447785,19.2057582847402,19.2188806641489,19.4633315156991,19.7174257419707,20.0672747331356,20.1576001663665,20.2732365554745,20.6519411865262,21.239052577227,21.5503353254903,23.3876781334206,NA,NA,NA,NA,NA,NA,NA,NA,NA,NA,NA,NA,NA,NA,NA,NA,NA,NA,NA,NA,NA
0.472489482613623,0.579831210371285,0.700341045656206,0.839058485473357,0.857494070213838,1.13111465962637,1.28156640413834,1.40475866037197,1.48492708277975,1.55528093907134,1.6514622272691,1.71674384879274,1.79398942705963,1.85608334085181,1.94311883223505,1.98027409728403,2.08633698492348,2.11931211984714,2.229520344585,2.41183742426706,2.49740715620483,2.54539404841034,2.60334711472929,2.67670935115817,2.70146833832491,2.77964563057446,2.85528933353209,2.90603843540365,3.00271044386917,3.02082959927884,3.06170374764461,3.09084855733084,3.10604069116653,3.2096715170197,3.30163575298118,3.36733487849748,3.38070643763045,3.41521175935387,3.50706517079242,3.53411967100456,3.5892034101823,3.61184238747595,3.67257162255334,3.72519634191588,3.77203687911401,3.80494560683752,3.80922255703858,3.85443984318518,3.92360379231204,3.92921105637524,3.98381372853316,4.07766335036078,4.10959604637138,4.16523193603534,4.20749059920329,4.25555347595785,4.27407990901703,4.29824732062843,4.33246951166965,4.36680158297168,4.40058585291938,4.48490922088096,4.52994802072645,4.55498082284098,4.585799667773,4.63803520152092,4.65723242956635,4.72748902486904,4.78132474461056,4.80479431805477,4.82763341262319,4.87101880552519,4.92974657951167,4.94256923624167,4.98305498863443,5.00227781507646,5.04198470800746,5.08340640740613,5.08763359633629,5.1402158544331,5.15465789098019,5.16745295914717,5.1907198840157,5.21722711567506,5.2499454755651,5.29390919211131,5.3102573146039,5.33944239745344,5.36841511990573,5.40903947253325,5.42518157798016,5.48358084144911,5.51118174471625,5.56604905457172,5.57700215328854,5.61010526832292,5.65555594848833,5.68319848420297,5.70133782888684,5.7234170463669,5.75905286583235,5.76975148026467,5.83320178248193,5.85204899798733,5.87642298292147,5.88852673265137,5.9171965197122,5.946461122725,5.97571303469803,6.00583075287767,6.03737057179768,6.05916627728231,6.07327452264892,6.0976845968378,6.12662943718849,6.13151860975809,6.18677531275779,6.22791655789123,6.24052463757272,6.25735114393292,6.30315421893292,6.33328033361386,6.34771018828682,6.36149385154658,6.38116826574615,6.42223629480568,6.42567886636772,6.45605419868089,6.47076321578163,6.48880071897049,6.51412030618812,6.55764736136776,6.57251647562401,6.61541929361301,6.64824409706225,6.69961964746852,6.71643203053289,6.74015399244251,6.77496548266969,6.81017635213513,6.82155370996546,6.83285622554386,6.86768803799238,6.87299196376936,6.91268812049401,6.91660056915107,6.94214136274252,6.96662882492658,6.99845499269425,7.00381651399237,7.01835478533735,7.04207399489091,7.05110242969833,7.07085252295806,7.11262983128193,7.16304636077959,7.18413200895551,7.18923269309516,7.19818616371594,7.22095636163511,7.25104022079218,7.2836227596167,7.28988193818217,7.31764474371685,7.33834071710717,7.34854492638407,7.35439466579152,7.41190447394506,7.43365872354983,7.45102613475425,7.45511963575676,7.47647947117189,7.50196362811507,7.53177923846088,7.54876283857953,7.55859340457279,7.58779065407477,7.62786914772643,7.63846575578254,7.67867803399551,7.68551495483702,7.70869858953,7.72314216160076,7.75697956689211,7.78308427709748,7.82398374414664,7.82696331552922,7.84936653601962,7.87131594706028,7.88185774008311,7.90340007744446,7.92298175730601,7.94766885881895,7.98312837456097,7.99976386861536,8.03386720345423,8.05063094396937,8.06537898680889,8.10160820918956,8.11431626629108,8.14707671681833,8.16040932705851,8.1654718536645,8.22241525721937,8.25524125891766,8.2736554059684,8.31887726691011,8.32573994717453,8.34547231262008,8.38133796590527,8.39719979721869,8.40223328906728,8.42473423008914,8.4525834900877,8.46739965344237,8.50815486337975,8.5156963280317,8.54542456554367,8.57142065873269,8.61783023019026,8.63078143004146,8.65503811525367,8.66983153166557,8.69718937462072,8.71233649869307,8.74210858033418,8.77465711878502,8.79184519860438,8.80006724915849,8.85097839500332,8.86715282408479,8.8758121761294,8.90479254578427,8.93097160043673,8.97968438843942,8.98631502211627,9.03102633913003,9.07542909486309,9.1069744560815,9.13078524047527,9.13623154818306,9.16600537224964,9.20612195332597,9.24856628120536,9.25610195398702,9.27060378055291,9.3223026828157,9.33971580150624,9.36922292466136,9.38479631874477,9.42252390609834,9.45867055461169,9.4948017459561,9.53701655828042,9.55807076088031,9.60664290207225,9.60905088999418,9.63274730380689,9.64833891229355,9.6921951310204,9.73759308462251,9.75026935532456,9.77666643570398,9.81278581298854,9.83484987964401,9.875304598469,9.92376575326296,9.9470780532896,9.99701037910316,10.0219689821499,10.042193322183,10.0607400872856,10.090876870646,10.1054271668226,10.1236204092395,10.1769573400807,10.1958791586242,10.1971292512849,10.2668251683732,10.2942109703653,10.3208395919839,10.3768435982542,10.3806510467149,10.3953940315291,10.4396226687144,10.4758845305092,10.5124086462502,10.5386887985685,10.5515973831018,10.5806944392958,10.6072940440976,10.6824610658283,10.6861685879908,10.7679642377461,10.8108030382508,10.8725537834739,10.8788767394813,10.9374331138043,10.9640102470097,10.9988780285774,11.0607472527685,11.0961978280282,11.126017328074,11.1592607769904,11.1970641796107,11.2079161982873,11.2531684656732,11.2566843917519,11.2780638892304,11.3303068214695,11.3842620720794,11.4519913996784,11.4608391946451,11.5076814907196,11.5351590672528,11.5747815941252,11.6097957608906,11.6426595182712,11.6891352510665,11.7604841571152,11.7839245663385,11.8054962013484,11.8486628096274,11.8553466919728,11.8888087479394,11.9575496307589,12.0001521901937,12.0369019195052,12.0936871840707,12.1187583350233,12.1393617381905,12.1746191813929,12.2137348776078,12.2480193513813,12.2833142202004,12.3246667970753,12.3509243568987,12.3792045632772,12.3972310343015,12.4521177665615,12.5064303626981,12.5351045293523,12.633056239033,12.6728379028641,12.704561104572,12.7409101716452,12.7875184898727,12.819760093825,12.860925257321,12.9030416799529,12.963575452734,12.9790375994654,13.0137098141439,13.0419045269008,13.0449993712862,13.1060980180607,13.1542357783843,13.220801530761,13.2286585274127,13.2706589650176,13.3287232809534,13.3585195832084,13.4286719786187,13.4300308280971,13.4537729459773,13.5417472909525,13.5805949903616,13.6112940690389,13.6472966299677,13.6705605279824,13.7070696928934,13.7603926271192,13.7822014676854,13.83550944758,13.870393511877,13.9056484520894,13.9578821660822,14.0364868351662,14.0924476287564,14.0969850476634,14.1974101695643,14.2231179106727,14.2580713738642,14.2634002852668,14.3106104165707,14.4178230370699,14.4711158067136,14.490202350766,14.5049541795345,14.623753130155,14.6802482886376,14.7026341601682,14.7310926800375,14.7952956872294,14.8308024757058,14.9067614323246,14.9955090249739,15.0795238499374,15.1012779771828,15.2400404571632,15.2593534802863,15.2720675662998,15.415486970991,15.4591877728185,15.4654896171155,15.507490391595,15.5627816825369,15.6641527070045,15.7698983919517,15.859336286152,15.8956548159955,16.0163455209512,16.1049094584591,16.1977427813829,16.2538590458203,16.2887242839069,16.4622007021227,16.5856541062557,16.5905192988418,16.6874947221456,16.7602155114631,16.871610722046,16.9329595697149,17.0968471827146,17.1687748612923,17.3643352400024,17.4671033680651,17.6644079447071,17.9950836664016,18.083072978516,18.1999726062144,18.3466661039135,18.4268203283762,18.6314543480122,18.7638217454663,18.9771936447785,19.2057582847402,19.2188806641489,19.4633315156991,19.7174257419707,20.0672747331356,20.1576001663665,20.2732365554745,20.6519411865262,21.239052577227,21.5503353254903,23.3876781334206,NA,NA,NA,NA,NA,NA,NA,NA,NA,NA,NA,NA,NA,NA,NA,NA,NA,NA,NA,NA,NA
0.472489482613623,0.579831210371285,0.700341045656206,0.839058485473357,0.857494070213838,1.13111465962637,1.28156640413834,1.40475866037197,1.48492708277975,1.55528093907134,1.6514622272691,1.71674384879274,1.79398942705963,1.85608334085181,1.94311883223505,1.98027409728403,2.08633698492348,2.11931211984714,2.229520344585,2.41183742426706,2.49740715620483,2.54539404841034,2.60334711472929,2.67670935115817,2.70146833832491,2.77964563057446,2.85528933353209,2.90603843540365,3.00271044386917,3.02082959927884,3.06170374764461,3.09084855733084,3.10604069116653,3.2096715170197,3.30163575298118,3.36733487849748,3.38070643763045,3.41521175935387,3.50706517079242,3.53411967100456,3.5892034101823,3.61184238747595,3.67257162255334,3.72519634191588,3.77203687911401,3.80494560683752,3.80922255703858,3.85443984318518,3.92360379231204,3.92921105637524,3.98381372853316,4.07766335036078,4.10959604637138,4.16523193603534,4.20749059920329,4.25555347595785,4.27407990901703,4.29824732062843,4.33246951166965,4.36680158297168,4.40058585291938,4.48490922088096,4.52994802072645,4.55498082284098,4.585799667773,4.63803520152092,4.65723242956635,4.72748902486904,4.78132474461056,4.80479431805477,4.82763341262319,4.87101880552519,4.92974657951167,4.94256923624167,4.98305498863443,5.00227781507646,5.04198470800746,5.08340640740613,5.08763359633629,5.1402158544331,5.15465789098019,5.16745295914717,5.1907198840157,5.21722711567506,5.2499454755651,5.29390919211131,5.3102573146039,5.33944239745344,5.36841511990573,5.40903947253325,5.42518157798016,5.48358084144911,5.51118174471625,5.56604905457172,5.57700215328854,5.61010526832292,5.65555594848833,5.68319848420297,5.70133782888684,5.7234170463669,5.75905286583235,5.76975148026467,5.83320178248193,5.85204899798733,5.87642298292147,5.88852673265137,5.9171965197122,5.946461122725,5.97571303469803,6.00583075287767,6.03737057179768,6.05916627728231,6.07327452264892,6.0976845968378,6.12662943718849,6.13151860975809,6.18677531275779,6.22791655789123,6.24052463757272,6.25735114393292,6.30315421893292,6.33328033361386,6.34771018828682,6.36149385154658,6.38116826574615,6.42223629480568,6.42567886636772,6.45605419868089,6.47076321578163,6.48880071897049,6.51412030618812,6.55764736136776,6.57251647562401,6.61541929361301,6.64824409706225,6.69961964746852,6.71643203053289,6.74015399244251,6.77496548266969,6.81017635213513,6.82155370996546,6.83285622554386,6.86768803799238,6.87299196376936,6.91268812049401,6.91660056915107,6.94214136274252,6.96662882492658,6.99845499269425,7.00381651399237,7.01835478533735,7.04207399489091,7.05110242969833,7.07085252295806,7.11262983128193,7.16304636077959,7.18413200895551,7.18923269309516,7.19818616371594,7.22095636163511,7.25104022079218,7.2836227596167,7.28988193818217,7.31764474371685,7.33834071710717,7.34854492638407,7.35439466579152,7.41190447394506,7.43365872354983,7.45102613475425,7.45511963575676,7.47647947117189,7.50196362811507,7.53177923846088,7.54876283857953,7.55859340457279,7.58779065407477,7.62786914772643,7.63846575578254,7.67867803399551,7.68551495483702,7.70869858953,7.72314216160076,7.75697956689211,7.78308427709748,7.82398374414664,7.82696331552922,7.84936653601962,7.87131594706028,7.88185774008311,7.90340007744446,7.92298175730601,7.94766885881895,7.98312837456097,7.99976386861536,8.03386720345423,8.05063094396937,8.06537898680889,8.10160820918956,8.11431626629108,8.14707671681833,8.16040932705851,8.1654718536645,8.22241525721937,8.25524125891766,8.2736554059684,8.31887726691011,8.32573994717453,8.34547231262008,8.38133796590527,8.39719979721869,8.40223328906728,8.42473423008914,8.4525834900877,8.46739965344237,8.50815486337975,8.5156963280317,8.54542456554367,8.57142065873269,8.61783023019026,8.63078143004146,8.65503811525367,8.66983153166557,8.69718937462072,8.71233649869307,8.74210858033418,8.77465711878502,8.79184519860438,8.80006724915849,8.85097839500332,8.86715282408479,8.8758121761294,8.90479254578427,8.93097160043673,8.97968438843942,8.98631502211627,9.03102633913003,9.07542909486309,9.1069744560815,9.13078524047527,9.13623154818306,9.16600537224964,9.20612195332597,9.24856628120536,9.25610195398702,9.27060378055291,9.3223026828157,9.33971580150624,9.36922292466136,9.38479631874477,9.42252390609834,9.45867055461169,9.4948017459561,9.53701655828042,9.55807076088031,9.60664290207225,9.60905088999418,9.63274730380689,9.64833891229355,9.6921951310204,9.73759308462251,9.75026935532456,9.77666643570398,9.81278581298854,9.83484987964401,9.875304598469,9.92376575326296,9.9470780532896,9.99701037910316,10.0219689821499,10.042193322183,10.0607400872856,10.090876870646,10.1054271668226,10.1236204092395,10.1769573400807,10.1958791586242,10.1971292512849,10.2668251683732,10.2942109703653,10.3208395919839,10.3768435982542,10.3806510467149,10.3953940315291,10.4396226687144,10.4758845305092,10.5124086462502,10.5386887985685,10.5515973831018,10.5806944392958,10.6072940440976,10.6824610658283,10.6861685879908,10.7679642377461,10.8108030382508,10.8725537834739,10.8788767394813,10.9374331138043,10.9640102470097,10.9988780285774,11.0607472527685,11.0961978280282,11.126017328074,11.1592607769904,11.1970641796107,11.2079161982873,11.2531684656732,11.2566843917519,11.2780638892304,11.3303068214695,11.3842620720794,11.4519913996784,11.4608391946451,11.5076814907196,11.5351590672528,11.5747815941252,11.6097957608906,11.6426595182712,11.6891352510665,11.7604841571152,11.7839245663385,11.8054962013484,11.8486628096274,11.8553466919728,11.8888087479394,11.9575496307589,12.0001521901937,12.0369019195052,12.0936871840707,12.1187583350233,12.1393617381905,12.1746191813929,12.2137348776078,12.2480193513813,12.2833142202004,12.3246667970753,12.3509243568987,12.3792045632772,12.3972310343015,12.4521177665615,12.5064303626981,12.5351045293523,12.633056239033,12.6728379028641,12.704561104572,12.7409101716452,12.7875184898727,12.819760093825,12.860925257321,12.9030416799529,12.963575452734,12.9790375994654,13.0137098141439,13.0419045269008,13.0449993712862,13.1060980180607,13.1542357783843,13.220801530761,13.2286585274127,13.2706589650176,13.3287232809534,13.3585195832084,13.4286719786187,13.4300308280971,13.4537729459773,13.5417472909525,13.5805949903616,13.6112940690389,13.6472966299677,13.6705605279824,13.7070696928934,13.7603926271192,13.7822014676854,13.83550944758,13.870393511877,13.9056484520894,13.9578821660822,14.0364868351662,14.0924476287564,14.0969850476634,14.1974101695643,14.2231179106727,14.2580713738642,14.2634002852668,14.3106104165707,14.4178230370699,14.4711158067136,14.490202350766,14.5049541795345,14.623753130155,14.6802482886376,14.7026341601682,14.7310926800375,14.7952956872294,14.8308024757058,14.9067614323246,14.9955090249739,15.0795238499374,15.1012779771828,15.2400404571632,15.2593534802863,15.2720675662998,15.415486970991,15.4591877728185,15.4654896171155,15.507490391595,15.5627816825369,15.6641527070045,15.7698983919517,15.859336286152,15.8956548159955,16.0163455209512,16.1049094584591,16.1977427813829,16.2538590458203,16.2887242839069,16.4622007021227,16.5856541062557,16.5905192988418,16.6874947221456,16.7602155114631,16.871610722046,16.9329595697149,17.0968471827146,17.1687748612923,17.3643352400024,17.4671033680651,17.6644079447071,17.9950836664016,18.083072978516,18.1999726062144,18.3466661039135,18.4268203283762,18.6314543480122,18.7638217454663,18.9771936447785,19.2057582847402,19.2188806641489,19.4633315156991,19.7174257419707,20.0672747331356,20.1576001663665,20.2732365554745,20.6519411865262,21.239052577227,21.5503353254903,23.3876781334206,NA,NA,NA,NA,NA,NA,NA,NA,NA,NA,NA,NA,NA,NA,NA,NA,NA,NA,NA,NA,NA
0.472489482613623,0.579831210371285,0.700341045656206,0.839058485473357,0.857494070213838,1.13111465962637,1.28156640413834,1.40475866037197,1.48492708277975,1.55528093907134,1.6514622272691,1.71674384879274,1.79398942705963,1.85608334085181,1.94311883223505,1.98027409728403,2.08633698492348,2.11931211984714,2.229520344585,2.41183742426706,2.49740715620483,2.54539404841034,2.60334711472929,2.67670935115817,2.70146833832491,2.77964563057446,2.85528933353209,2.90603843540365,3.00271044386917,3.02082959927884,3.06170374764461,3.09084855733084,3.10604069116653,3.2096715170197,3.30163575298118,3.36733487849748,3.38070643763045,3.41521175935387,3.50706517079242,3.53411967100456,3.5892034101823,3.61184238747595,3.67257162255334,3.72519634191588,3.77203687911401,3.80494560683752,3.80922255703858,3.85443984318518,3.92360379231204,3.92921105637524,3.98381372853316,4.07766335036078,4.10959604637138,4.16523193603534,4.20749059920329,4.25555347595785,4.27407990901703,4.29824732062843,4.33246951166965,4.36680158297168,4.40058585291938,4.48490922088096,4.52994802072645,4.55498082284098,4.585799667773,4.63803520152092,4.65723242956635,4.72748902486904,4.78132474461056,4.80479431805477,4.82763341262319,4.87101880552519,4.92974657951167,4.94256923624167,4.98305498863443,5.00227781507646,5.04198470800746,5.08340640740613,5.08763359633629,5.1402158544331,5.15465789098019,5.16745295914717,5.1907198840157,5.21722711567506,5.2499454755651,5.29390919211131,5.3102573146039,5.33944239745344,5.36841511990573,5.40903947253325,5.42518157798016,5.48358084144911,5.51118174471625,5.56604905457172,5.57700215328854,5.61010526832292,5.65555594848833,5.68319848420297,5.70133782888684,5.7234170463669,5.75905286583235,5.76975148026467,5.83320178248193,5.85204899798733,5.87642298292147,5.88852673265137,5.9171965197122,5.946461122725,5.97571303469803,6.00583075287767,6.03737057179768,6.05916627728231,6.07327452264892,6.0976845968378,6.12662943718849,6.13151860975809,6.18677531275779,6.22791655789123,6.24052463757272,6.25735114393292,6.30315421893292,6.33328033361386,6.34771018828682,6.36149385154658,6.38116826574615,6.42223629480568,6.42567886636772,6.45605419868089,6.47076321578163,6.48880071897049,6.51412030618812,6.55764736136776,6.57251647562401,6.61541929361301,6.64824409706225,6.69961964746852,6.71643203053289,6.74015399244251,6.77496548266969,6.81017635213513,6.82155370996546,6.83285622554386,6.86768803799238,6.87299196376936,6.91268812049401,6.91660056915107,6.94214136274252,6.96662882492658,6.99845499269425,7.00381651399237,7.01835478533735,7.04207399489091,7.05110242969833,7.07085252295806,7.11262983128193,7.16304636077959,7.18413200895551,7.18923269309516,7.19818616371594,7.22095636163511,7.25104022079218,7.2836227596167,7.28988193818217,7.31764474371685,7.33834071710717,7.34854492638407,7.35439466579152,7.41190447394506,7.43365872354983,7.45102613475425,7.45511963575676,7.47647947117189,7.50196362811507,7.53177923846088,7.54876283857953,7.55859340457279,7.58779065407477,7.62786914772643,7.63846575578254,7.67867803399551,7.68551495483702,7.70869858953,7.72314216160076,7.75697956689211,7.78308427709748,7.82398374414664,7.82696331552922,7.84936653601962,7.87131594706028,7.88185774008311,7.90340007744446,7.92298175730601,7.94766885881895,7.98312837456097,7.99976386861536,8.03386720345423,8.05063094396937,8.06537898680889,8.10160820918956,8.11431626629108,8.14707671681833,8.16040932705851,8.1654718536645,8.22241525721937,8.25524125891766,8.2736554059684,8.31887726691011,8.32573994717453,8.34547231262008,8.38133796590527,8.39719979721869,8.40223328906728,8.42473423008914,8.4525834900877,8.46739965344237,8.50815486337975,8.5156963280317,8.54542456554367,8.57142065873269,8.61783023019026,8.63078143004146,8.65503811525367,8.66983153166557,8.69718937462072,8.71233649869307,8.74210858033418,8.77465711878502,8.79184519860438,8.80006724915849,8.85097839500332,8.86715282408479,8.8758121761294,8.90479254578427,8.93097160043673,8.97968438843942,8.98631502211627,9.03102633913003,9.07542909486309,9.1069744560815,9.13078524047527,9.13623154818306,9.16600537224964,9.20612195332597,9.24856628120536,9.25610195398702,9.27060378055291,9.3223026828157,9.33971580150624,9.36922292466136,9.38479631874477,9.42252390609834,9.45867055461169,9.4948017459561,9.53701655828042,9.55807076088031,9.60664290207225,9.60905088999418,9.63274730380689,9.64833891229355,9.6921951310204,9.73759308462251,9.75026935532456,9.77666643570398,9.81278581298854,9.83484987964401,9.875304598469,9.92376575326296,9.9470780532896,9.99701037910316,10.0219689821499,10.042193322183,10.0607400872856,10.090876870646,10.1054271668226,10.1236204092395,10.1769573400807,10.1958791586242,10.1971292512849,10.2668251683732,10.2942109703653,10.3208395919839,10.3768435982542,10.3806510467149,10.3953940315291,10.4396226687144,10.4758845305092,10.5124086462502,10.5386887985685,10.5515973831018,10.5806944392958,10.6072940440976,10.6824610658283,10.6861685879908,10.7679642377461,10.8108030382508,10.8725537834739,10.8788767394813,10.9374331138043,10.9640102470097,10.9988780285774,11.0607472527685,11.0961978280282,11.126017328074,11.1592607769904,11.1970641796107,11.2079161982873,11.2531684656732,11.2566843917519,11.2780638892304,11.3303068214695,11.3842620720794,11.4519913996784,11.4608391946451,11.5076814907196,11.5351590672528,11.5747815941252,11.6097957608906,11.6426595182712,11.6891352510665,11.7604841571152,11.7839245663385,11.8054962013484,11.8486628096274,11.8553466919728,11.8888087479394,11.9575496307589,12.0001521901937,12.0369019195052,12.0936871840707,12.1187583350233,12.1393617381905,12.1746191813929,12.2137348776078,12.2480193513813,12.2833142202004,12.3246667970753,12.3509243568987,12.3792045632772,12.3972310343015,12.4521177665615,12.5064303626981,12.5351045293523,12.633056239033,12.6728379028641,12.704561104572,12.7409101716452,12.7875184898727,12.819760093825,12.860925257321,12.9030416799529,12.963575452734,12.9790375994654,13.0137098141439,13.0419045269008,13.0449993712862,13.1060980180607,13.1542357783843,13.220801530761,13.2286585274127,13.2706589650176,13.3287232809534,13.3585195832084,13.4286719786187,13.4300308280971,13.4537729459773,13.5417472909525,13.5805949903616,13.6112940690389,13.6472966299677,13.6705605279824,13.7070696928934,13.7603926271192,13.7822014676854,13.83550944758,13.870393511877,13.9056484520894,13.9578821660822,14.0364868351662,14.0924476287564,14.0969850476634,14.1974101695643,14.2231179106727,14.2580713738642,14.2634002852668,14.3106104165707,14.4178230370699,14.4711158067136,14.490202350766,14.5049541795345,14.623753130155,14.6802482886376,14.7026341601682,14.7310926800375,14.7952956872294,14.8308024757058,14.9067614323246,14.9955090249739,15.0795238499374,15.1012779771828,15.2400404571632,15.2593534802863,15.2720675662998,15.415486970991,15.4591877728185,15.4654896171155,15.507490391595,15.5627816825369,15.6641527070045,15.7698983919517,15.859336286152,15.8956548159955,16.0163455209512,16.1049094584591,16.1977427813829,16.2538590458203,16.2887242839069,16.4622007021227,16.5856541062557,16.5905192988418,16.6874947221456,16.7602155114631,16.871610722046,16.9329595697149,17.0968471827146,17.1687748612923,17.3643352400024,17.4671033680651,17.6644079447071,17.9950836664016,18.083072978516,18.1999726062144,18.3466661039135,18.4268203283762,18.6314543480122,18.7638217454663,18.9771936447785,19.2057582847402,19.2188806641489,19.4633315156991,19.7174257419707,20.0672747331356,20.1576001663665,20.2732365554745,20.6519411865262,21.239052577227,21.5503353254903,23.3876781334206,NA,NA,NA,NA,NA,NA,NA,NA,NA,NA,NA,NA,NA,NA,NA,NA,NA,NA,NA,NA,NA
0.472489482613623,0.579831210371285,0.700341045656206,0.839058485473357,0.857494070213838,1.13111465962637,1.28156640413834,1.40475866037197,1.48492708277975,1.55528093907134,1.6514622272691,1.71674384879274,1.79398942705963,1.85608334085181,1.94311883223505,1.98027409728403,2.08633698492348,2.11931211984714,2.229520344585,2.41183742426706,2.49740715620483,2.54539404841034,2.60334711472929,2.67670935115817,2.70146833832491,2.77964563057446,2.85528933353209,2.90603843540365,3.00271044386917,3.02082959927884,3.06170374764461,3.09084855733084,3.10604069116653,3.2096715170197,3.30163575298118,3.36733487849748,3.38070643763045,3.41521175935387,3.50706517079242,3.53411967100456,3.5892034101823,3.61184238747595,3.67257162255334,3.72519634191588,3.77203687911401,3.80494560683752,3.80922255703858,3.85443984318518,3.92360379231204,3.92921105637524,3.98381372853316,4.07766335036078,4.10959604637138,4.16523193603534,4.20749059920329,4.25555347595785,4.27407990901703,4.29824732062843,4.33246951166965,4.36680158297168,4.40058585291938,4.48490922088096,4.52994802072645,4.55498082284098,4.585799667773,4.63803520152092,4.65723242956635,4.72748902486904,4.78132474461056,4.80479431805477,4.82763341262319,4.87101880552519,4.92974657951167,4.94256923624167,4.98305498863443,5.00227781507646,5.04198470800746,5.08340640740613,5.08763359633629,5.1402158544331,5.15465789098019,5.16745295914717,5.1907198840157,5.21722711567506,5.2499454755651,5.29390919211131,5.3102573146039,5.33944239745344,5.36841511990573,5.40903947253325,5.42518157798016,5.48358084144911,5.51118174471625,5.56604905457172,5.57700215328854,5.61010526832292,5.65555594848833,5.68319848420297,5.70133782888684,5.7234170463669,5.75905286583235,5.76975148026467,5.83320178248193,5.85204899798733,5.87642298292147,5.88852673265137,5.9171965197122,5.946461122725,5.97571303469803,6.00583075287767,6.03737057179768,6.05916627728231,6.07327452264892,6.0976845968378,6.12662943718849,6.13151860975809,6.18677531275779,6.22791655789123,6.24052463757272,6.25735114393292,6.30315421893292,6.33328033361386,6.34771018828682,6.36149385154658,6.38116826574615,6.42223629480568,6.42567886636772,6.45605419868089,6.47076321578163,6.48880071897049,6.51412030618812,6.55764736136776,6.57251647562401,6.61541929361301,6.64824409706225,6.69961964746852,6.71643203053289,6.74015399244251,6.77496548266969,6.81017635213513,6.82155370996546,6.83285622554386,6.86768803799238,6.87299196376936,6.91268812049401,6.91660056915107,6.94214136274252,6.96662882492658,6.99845499269425,7.00381651399237,7.01835478533735,7.04207399489091,7.05110242969833,7.07085252295806,7.11262983128193,7.16304636077959,7.18413200895551,7.18923269309516,7.19818616371594,7.22095636163511,7.25104022079218,7.2836227596167,7.28988193818217,7.31764474371685,7.33834071710717,7.34854492638407,7.35439466579152,7.41190447394506,7.43365872354983,7.45102613475425,7.45511963575676,7.47647947117189,7.50196362811507,7.53177923846088,7.54876283857953,7.55859340457279,7.58779065407477,7.62786914772643,7.63846575578254,7.67867803399551,7.68551495483702,7.70869858953,7.72314216160076,7.75697956689211,7.78308427709748,7.82398374414664,7.82696331552922,7.84936653601962,7.87131594706028,7.88185774008311,7.90340007744446,7.92298175730601,7.94766885881895,7.98312837456097,7.99976386861536,8.03386720345423,8.05063094396937,8.06537898680889,8.10160820918956,8.11431626629108,8.14707671681833,8.16040932705851,8.1654718536645,8.22241525721937,8.25524125891766,8.2736554059684,8.31887726691011,8.32573994717453,8.34547231262008,8.38133796590527,8.39719979721869,8.40223328906728,8.42473423008914,8.4525834900877,8.46739965344237,8.50815486337975,8.5156963280317,8.54542456554367,8.57142065873269,8.61783023019026,8.63078143004146,8.65503811525367,8.66983153166557,8.69718937462072,8.71233649869307,8.74210858033418,8.77465711878502,8.79184519860438,8.80006724915849,8.85097839500332,8.86715282408479,8.8758121761294,8.90479254578427,8.93097160043673,8.97968438843942,8.98631502211627,9.03102633913003,9.07542909486309,9.1069744560815,9.13078524047527,9.13623154818306,9.16600537224964,9.20612195332597,9.24856628120536,9.25610195398702,9.27060378055291,9.3223026828157,9.33971580150624,9.36922292466136,9.38479631874477,9.42252390609834,9.45867055461169,9.4948017459561,9.53701655828042,9.55807076088031,9.60664290207225,9.60905088999418,9.63274730380689,9.64833891229355,9.6921951310204,9.73759308462251,9.75026935532456,9.77666643570398,9.81278581298854,9.83484987964401,9.875304598469,9.92376575326296,9.9470780532896,9.99701037910316,10.0219689821499,10.042193322183,10.0607400872856,10.090876870646,10.1054271668226,10.1236204092395,10.1769573400807,10.1958791586242,10.1971292512849,10.2668251683732,10.2942109703653,10.3208395919839,10.3768435982542,10.3806510467149,10.3953940315291,10.4396226687144,10.4758845305092,10.5124086462502,10.5386887985685,10.5515973831018,10.5806944392958,10.6072940440976,10.6824610658283,10.6861685879908,10.7679642377461,10.8108030382508,10.8725537834739,10.8788767394813,10.9374331138043,10.9640102470097,10.9988780285774,11.0607472527685,11.0961978280282,11.126017328074,11.1592607769904,11.1970641796107,11.2079161982873,11.2531684656732,11.2566843917519,11.2780638892304,11.3303068214695,11.3842620720794,11.4519913996784,11.4608391946451,11.5076814907196,11.5351590672528,11.5747815941252,11.6097957608906,11.6426595182712,11.6891352510665,11.7604841571152,11.7839245663385,11.8054962013484,11.8486628096274,11.8553466919728,11.8888087479394,11.9575496307589,12.0001521901937,12.0369019195052,12.0936871840707,12.1187583350233,12.1393617381905,12.1746191813929,12.2137348776078,12.2480193513813,12.2833142202004,12.3246667970753,12.3509243568987,12.3792045632772,12.3972310343015,12.4521177665615,12.5064303626981,12.5351045293523,12.633056239033,12.6728379028641,12.704561104572,12.7409101716452,12.7875184898727,12.819760093825,12.860925257321,12.9030416799529,12.963575452734,12.9790375994654,13.0137098141439,13.0419045269008,13.0449993712862,13.1060980180607,13.1542357783843,13.220801530761,13.2286585274127,13.2706589650176,13.3287232809534,13.3585195832084,13.4286719786187,13.4300308280971,13.4537729459773,13.5417472909525,13.5805949903616,13.6112940690389,13.6472966299677,13.6705605279824,13.7070696928934,13.7603926271192,13.7822014676854,13.83550944758,13.870393511877,13.9056484520894,13.9578821660822,14.0364868351662,14.0924476287564,14.0969850476634,14.1974101695643,14.2231179106727,14.2580713738642,14.2634002852668,14.3106104165707,14.4178230370699,14.4711158067136,14.490202350766,14.5049541795345,14.623753130155,14.6802482886376,14.7026341601682,14.7310926800375,14.7952956872294,14.8308024757058,14.9067614323246,14.9955090249739,15.0795238499374,15.1012779771828,15.2400404571632,15.2593534802863,15.2720675662998,15.415486970991,15.4591877728185,15.4654896171155,15.507490391595,15.5627816825369,15.6641527070045,15.7698983919517,15.859336286152,15.8956548159955,16.0163455209512,16.1049094584591,16.1977427813829,16.2538590458203,16.2887242839069,16.4622007021227,16.5856541062557,16.5905192988418,16.6874947221456,16.7602155114631,16.871610722046,16.9329595697149,17.0968471827146,17.1687748612923,17.3643352400024,17.4671033680651,17.6644079447071,17.9950836664016,18.083072978516,18.1999726062144,18.3466661039135,18.4268203283762,18.6314543480122,18.7638217454663,18.9771936447785,19.2057582847402,19.2188806641489,19.4633315156991,19.7174257419707,20.0672747331356,20.1576001663665,20.2732365554745,20.6519411865262,21.239052577227,21.5503353254903,23.3876781334206,NA,NA,NA,NA,NA,NA,NA,NA,NA,NA,NA,NA,NA,NA,NA,NA,NA,NA,NA,NA,NA
0.472489482613623,0.579831210371285,0.700341045656206,0.839058485473357,0.857494070213838,1.13111465962637,1.28156640413834,1.40475866037197,1.48492708277975,1.55528093907134,1.6514622272691,1.71674384879274,1.79398942705963,1.85608334085181,1.94311883223505,1.98027409728403,2.08633698492348,2.11931211984714,2.229520344585,2.41183742426706,2.49740715620483,2.54539404841034,2.60334711472929,2.67670935115817,2.70146833832491,2.77964563057446,2.85528933353209,2.90603843540365,3.00271044386917,3.02082959927884,3.06170374764461,3.09084855733084,3.10604069116653,3.2096715170197,3.30163575298118,3.36733487849748,3.38070643763045,3.41521175935387,3.50706517079242,3.53411967100456,3.5892034101823,3.61184238747595,3.67257162255334,3.72519634191588,3.77203687911401,3.80494560683752,3.80922255703858,3.85443984318518,3.92360379231204,3.92921105637524,3.98381372853316,4.07766335036078,4.10959604637138,4.16523193603534,4.20749059920329,4.25555347595785,4.27407990901703,4.29824732062843,4.33246951166965,4.36680158297168,4.40058585291938,4.48490922088096,4.52994802072645,4.55498082284098,4.585799667773,4.63803520152092,4.65723242956635,4.72748902486904,4.78132474461056,4.80479431805477,4.82763341262319,4.87101880552519,4.92974657951167,4.94256923624167,4.98305498863443,5.00227781507646,5.04198470800746,5.08340640740613,5.08763359633629,5.1402158544331,5.15465789098019,5.16745295914717,5.1907198840157,5.21722711567506,5.2499454755651,5.29390919211131,5.3102573146039,5.33944239745344,5.36841511990573,5.40903947253325,5.42518157798016,5.48358084144911,5.51118174471625,5.56604905457172,5.57700215328854,5.61010526832292,5.65555594848833,5.68319848420297,5.70133782888684,5.7234170463669,5.75905286583235,5.76975148026467,5.83320178248193,5.85204899798733,5.87642298292147,5.88852673265137,5.9171965197122,5.946461122725,5.97571303469803,6.00583075287767,6.03737057179768,6.05916627728231,6.07327452264892,6.0976845968378,6.12662943718849,6.13151860975809,6.18677531275779,6.22791655789123,6.24052463757272,6.25735114393292,6.30315421893292,6.33328033361386,6.34771018828682,6.36149385154658,6.38116826574615,6.42223629480568,6.42567886636772,6.45605419868089,6.47076321578163,6.48880071897049,6.51412030618812,6.55764736136776,6.57251647562401,6.61541929361301,6.64824409706225,6.69961964746852,6.71643203053289,6.74015399244251,6.77496548266969,6.81017635213513,6.82155370996546,6.83285622554386,6.86768803799238,6.87299196376936,6.91268812049401,6.91660056915107,6.94214136274252,6.96662882492658,6.99845499269425,7.00381651399237,7.01835478533735,7.04207399489091,7.05110242969833,7.07085252295806,7.11262983128193,7.16304636077959,7.18413200895551,7.18923269309516,7.19818616371594,7.22095636163511,7.25104022079218,7.2836227596167,7.28988193818217,7.31764474371685,7.33834071710717,7.34854492638407,7.35439466579152,7.41190447394506,7.43365872354983,7.45102613475425,7.45511963575676,7.47647947117189,7.50196362811507,7.53177923846088,7.54876283857953,7.55859340457279,7.58779065407477,7.62786914772643,7.63846575578254,7.67867803399551,7.68551495483702,7.70869858953,7.72314216160076,7.75697956689211,7.78308427709748,7.82398374414664,7.82696331552922,7.84936653601962,7.87131594706028,7.88185774008311,7.90340007744446,7.92298175730601,7.94766885881895,7.98312837456097,7.99976386861536,8.03386720345423,8.05063094396937,8.06537898680889,8.10160820918956,8.11431626629108,8.14707671681833,8.16040932705851,8.1654718536645,8.22241525721937,8.25524125891766,8.2736554059684,8.31887726691011,8.32573994717453,8.34547231262008,8.38133796590527,8.39719979721869,8.40223328906728,8.42473423008914,8.4525834900877,8.46739965344237,8.50815486337975,8.5156963280317,8.54542456554367,8.57142065873269,8.61783023019026,8.63078143004146,8.65503811525367,8.66983153166557,8.69718937462072,8.71233649869307,8.74210858033418,8.77465711878502,8.79184519860438,8.80006724915849,8.85097839500332,8.86715282408479,8.8758121761294,8.90479254578427,8.93097160043673,8.97968438843942,8.98631502211627,9.03102633913003,9.07542909486309,9.1069744560815,9.13078524047527,9.13623154818306,9.16600537224964,9.20612195332597,9.24856628120536,9.25610195398702,9.27060378055291,9.3223026828157,9.33971580150624,9.36922292466136,9.38479631874477,9.42252390609834,9.45867055461169,9.4948017459561,9.53701655828042,9.55807076088031,9.60664290207225,9.60905088999418,9.63274730380689,9.64833891229355,9.6921951310204,9.73759308462251,9.75026935532456,9.77666643570398,9.81278581298854,9.83484987964401,9.875304598469,9.92376575326296,9.9470780532896,9.99701037910316,10.0219689821499,10.042193322183,10.0607400872856,10.090876870646,10.1054271668226,10.1236204092395,10.1769573400807,10.1958791586242,10.1971292512849,10.2668251683732,10.2942109703653,10.3208395919839,10.3768435982542,10.3806510467149,10.3953940315291,10.4396226687144,10.4758845305092,10.5124086462502,10.5386887985685,10.5515973831018,10.5806944392958,10.6072940440976,10.6824610658283,10.6861685879908,10.7679642377461,10.8108030382508,10.8725537834739,10.8788767394813,10.9374331138043,10.9640102470097,10.9988780285774,11.0607472527685,11.0961978280282,11.126017328074,11.1592607769904,11.1970641796107,11.2079161982873,11.2531684656732,11.2566843917519,11.2780638892304,11.3303068214695,11.3842620720794,11.4519913996784,11.4608391946451,11.5076814907196,11.5351590672528,11.5747815941252,11.6097957608906,11.6426595182712,11.6891352510665,11.7604841571152,11.7839245663385,11.8054962013484,11.8486628096274,11.8553466919728,11.8888087479394,11.9575496307589,12.0001521901937,12.0369019195052,12.0936871840707,12.1187583350233,12.1393617381905,12.1746191813929,12.2137348776078,12.2480193513813,12.2833142202004,12.3246667970753,12.3509243568987,12.3792045632772,12.3972310343015,12.4521177665615,12.5064303626981,12.5351045293523,12.633056239033,12.6728379028641,12.704561104572,12.7409101716452,12.7875184898727,12.819760093825,12.860925257321,12.9030416799529,12.963575452734,12.9790375994654,13.0137098141439,13.0419045269008,13.0449993712862,13.1060980180607,13.1542357783843,13.220801530761,13.2286585274127,13.2706589650176,13.3287232809534,13.3585195832084,13.4286719786187,13.4300308280971,13.4537729459773,13.5417472909525,13.5805949903616,13.6112940690389,13.6472966299677,13.6705605279824,13.7070696928934,13.7603926271192,13.7822014676854,13.83550944758,13.870393511877,13.9056484520894,13.9578821660822,14.0364868351662,14.0924476287564,14.0969850476634,14.1974101695643,14.2231179106727,14.2580713738642,14.2634002852668,14.3106104165707,14.4178230370699,14.4711158067136,14.490202350766,14.5049541795345,14.623753130155,14.6802482886376,14.7026341601682,14.7310926800375,14.7952956872294,14.8308024757058,14.9067614323246,14.9955090249739,15.0795238499374,15.1012779771828,15.2400404571632,15.2593534802863,15.2720675662998,15.415486970991,15.4591877728185,15.4654896171155,15.507490391595,15.5627816825369,15.6641527070045,15.7698983919517,15.859336286152,15.8956548159955,16.0163455209512,16.1049094584591,16.1977427813829,16.2538590458203,16.2887242839069,16.4622007021227,16.5856541062557,16.5905192988418,16.6874947221456,16.7602155114631,16.871610722046,16.9329595697149,17.0968471827146,17.1687748612923,17.3643352400024,17.4671033680651,17.6644079447071,17.9950836664016,18.083072978516,18.1999726062144,18.3466661039135,18.4268203283762,18.6314543480122,18.7638217454663,18.9771936447785,19.2057582847402,19.2188806641489,19.4633315156991,19.7174257419707,20.0672747331356,20.1576001663665,20.2732365554745,20.6519411865262,21.239052577227,21.5503353254903,23.3876781334206,NA,NA,NA,NA,NA,NA,NA,NA,NA,NA,NA,NA,NA,NA,NA,NA,NA,NA,NA,NA,NA
0.472489482613623,0.579831210371285,0.700341045656206,0.839058485473357,0.857494070213838,1.13111465962637,1.28156640413834,1.40475866037197,1.48492708277975,1.55528093907134,1.6514622272691,1.71674384879274,1.79398942705963,1.85608334085181,1.94311883223505,1.98027409728403,2.08633698492348,2.11931211984714,2.229520344585,2.41183742426706,2.49740715620483,2.54539404841034,2.60334711472929,2.67670935115817,2.70146833832491,2.77964563057446,2.85528933353209,2.90603843540365,3.00271044386917,3.02082959927884,3.06170374764461,3.09084855733084,3.10604069116653,3.2096715170197,3.30163575298118,3.36733487849748,3.38070643763045,3.41521175935387,3.50706517079242,3.53411967100456,3.5892034101823,3.61184238747595,3.67257162255334,3.72519634191588,3.77203687911401,3.80494560683752,3.80922255703858,3.85443984318518,3.92360379231204,3.92921105637524,3.98381372853316,4.07766335036078,4.10959604637138,4.16523193603534,4.20749059920329,4.25555347595785,4.27407990901703,4.29824732062843,4.33246951166965,4.36680158297168,4.40058585291938,4.48490922088096,4.52994802072645,4.55498082284098,4.585799667773,4.63803520152092,4.65723242956635,4.72748902486904,4.78132474461056,4.80479431805477,4.82763341262319,4.87101880552519,4.92974657951167,4.94256923624167,4.98305498863443,5.00227781507646,5.04198470800746,5.08340640740613,5.08763359633629,5.1402158544331,5.15465789098019,5.16745295914717,5.1907198840157,5.21722711567506,5.2499454755651,5.29390919211131,5.3102573146039,5.33944239745344,5.36841511990573,5.40903947253325,5.42518157798016,5.48358084144911,5.51118174471625,5.56604905457172,5.57700215328854,5.61010526832292,5.65555594848833,5.68319848420297,5.70133782888684,5.7234170463669,5.75905286583235,5.76975148026467,5.83320178248193,5.85204899798733,5.87642298292147,5.88852673265137,5.9171965197122,5.946461122725,5.97571303469803,6.00583075287767,6.03737057179768,6.05916627728231,6.07327452264892,6.0976845968378,6.12662943718849,6.13151860975809,6.18677531275779,6.22791655789123,6.24052463757272,6.25735114393292,6.30315421893292,6.33328033361386,6.34771018828682,6.36149385154658,6.38116826574615,6.42223629480568,6.42567886636772,6.45605419868089,6.47076321578163,6.48880071897049,6.51412030618812,6.55764736136776,6.57251647562401,6.61541929361301,6.64824409706225,6.69961964746852,6.71643203053289,6.74015399244251,6.77496548266969,6.81017635213513,6.82155370996546,6.83285622554386,6.86768803799238,6.87299196376936,6.91268812049401,6.91660056915107,6.94214136274252,6.96662882492658,6.99845499269425,7.00381651399237,7.01835478533735,7.04207399489091,7.05110242969833,7.07085252295806,7.11262983128193,7.16304636077959,7.18413200895551,7.18923269309516,7.19818616371594,7.22095636163511,7.25104022079218,7.2836227596167,7.28988193818217,7.31764474371685,7.33834071710717,7.34854492638407,7.35439466579152,7.41190447394506,7.43365872354983,7.45102613475425,7.45511963575676,7.47647947117189,7.50196362811507,7.53177923846088,7.54876283857953,7.55859340457279,7.58779065407477,7.62786914772643,7.63846575578254,7.67867803399551,7.68551495483702,7.70869858953,7.72314216160076,7.75697956689211,7.78308427709748,7.82398374414664,7.82696331552922,7.84936653601962,7.87131594706028,7.88185774008311,7.90340007744446,7.92298175730601,7.94766885881895,7.98312837456097,7.99976386861536,8.03386720345423,8.05063094396937,8.06537898680889,8.10160820918956,8.11431626629108,8.14707671681833,8.16040932705851,8.1654718536645,8.22241525721937,8.25524125891766,8.2736554059684,8.31887726691011,8.32573994717453,8.34547231262008,8.38133796590527,8.39719979721869,8.40223328906728,8.42473423008914,8.4525834900877,8.46739965344237,8.50815486337975,8.5156963280317,8.54542456554367,8.57142065873269,8.61783023019026,8.63078143004146,8.65503811525367,8.66983153166557,8.69718937462072,8.71233649869307,8.74210858033418,8.77465711878502,8.79184519860438,8.80006724915849,8.85097839500332,8.86715282408479,8.8758121761294,8.90479254578427,8.93097160043673,8.97968438843942,8.98631502211627,9.03102633913003,9.07542909486309,9.1069744560815,9.13078524047527,9.13623154818306,9.16600537224964,9.20612195332597,9.24856628120536,9.25610195398702,9.27060378055291,9.3223026828157,9.33971580150624,9.36922292466136,9.38479631874477,9.42252390609834,9.45867055461169,9.4948017459561,9.53701655828042,9.55807076088031,9.60664290207225,9.60905088999418,9.63274730380689,9.64833891229355,9.6921951310204,9.73759308462251,9.75026935532456,9.77666643570398,9.81278581298854,9.83484987964401,9.875304598469,9.92376575326296,9.9470780532896,9.99701037910316,10.0219689821499,10.042193322183,10.0607400872856,10.090876870646,10.1054271668226,10.1236204092395,10.1769573400807,10.1958791586242,10.1971292512849,10.2668251683732,10.2942109703653,10.3208395919839,10.3768435982542,10.3806510467149,10.3953940315291,10.4396226687144,10.4758845305092,10.5124086462502,10.5386887985685,10.5515973831018,10.5806944392958,10.6072940440976,10.6824610658283,10.6861685879908,10.7679642377461,10.8108030382508,10.8725537834739,10.8788767394813,10.9374331138043,10.9640102470097,10.9988780285774,11.0607472527685,11.0961978280282,11.126017328074,11.1592607769904,11.1970641796107,11.2079161982873,11.2531684656732,11.2566843917519,11.2780638892304,11.3303068214695,11.3842620720794,11.4519913996784,11.4608391946451,11.5076814907196,11.5351590672528,11.5747815941252,11.6097957608906,11.6426595182712,11.6891352510665,11.7604841571152,11.7839245663385,11.8054962013484,11.8486628096274,11.8553466919728,11.8888087479394,11.9575496307589,12.0001521901937,12.0369019195052,12.0936871840707,12.1187583350233,12.1393617381905,12.1746191813929,12.2137348776078,12.2480193513813,12.2833142202004,12.3246667970753,12.3509243568987,12.3792045632772,12.3972310343015,12.4521177665615,12.5064303626981,12.5351045293523,12.633056239033,12.6728379028641,12.704561104572,12.7409101716452,12.7875184898727,12.819760093825,12.860925257321,12.9030416799529,12.963575452734,12.9790375994654,13.0137098141439,13.0419045269008,13.0449993712862,13.1060980180607,13.1542357783843,13.220801530761,13.2286585274127,13.2706589650176,13.3287232809534,13.3585195832084,13.4286719786187,13.4300308280971,13.4537729459773,13.5417472909525,13.5805949903616,13.6112940690389,13.6472966299677,13.6705605279824,13.7070696928934,13.7603926271192,13.7822014676854,13.83550944758,13.870393511877,13.9056484520894,13.9578821660822,14.0364868351662,14.0924476287564,14.0969850476634,14.1974101695643,14.2231179106727,14.2580713738642,14.2634002852668,14.3106104165707,14.4178230370699,14.4711158067136,14.490202350766,14.5049541795345,14.623753130155,14.6802482886376,14.7026341601682,14.7310926800375,14.7952956872294,14.8308024757058,14.9067614323246,14.9955090249739,15.0795238499374,15.1012779771828,15.2400404571632,15.2593534802863,15.2720675662998,15.415486970991,15.4591877728185,15.4654896171155,15.507490391595,15.5627816825369,15.6641527070045,15.7698983919517,15.859336286152,15.8956548159955,16.0163455209512,16.1049094584591,16.1977427813829,16.2538590458203,16.2887242839069,16.4622007021227,16.5856541062557,16.5905192988418,16.6874947221456,16.7602155114631,16.871610722046,16.9329595697149,17.0968471827146,17.1687748612923,17.3643352400024,17.4671033680651,17.6644079447071,17.9950836664016,18.083072978516,18.1999726062144,18.3466661039135,18.4268203283762,18.6314543480122,18.7638217454663,18.9771936447785,19.2057582847402,19.2188806641489,19.4633315156991,19.7174257419707,20.0672747331356,20.1576001663665,20.2732365554745,20.6519411865262,21.239052577227,21.5503353254903,23.3876781334206,NA,NA,NA,NA,NA,NA,NA,NA,NA,NA,NA,NA,NA,NA,NA,NA,NA,NA,NA,NA,NA
0.472489482613623,0.579831210371285,0.700341045656206,0.839058485473357,0.857494070213838,1.13111465962637,1.28156640413834,1.40475866037197,1.48492708277975,1.55528093907134,1.6514622272691,1.71674384879274,1.79398942705963,1.85608334085181,1.94311883223505,1.98027409728403,2.08633698492348,2.11931211984714,2.229520344585,2.41183742426706,2.49740715620483,2.54539404841034,2.60334711472929,2.67670935115817,2.70146833832491,2.77964563057446,2.85528933353209,2.90603843540365,3.00271044386917,3.02082959927884,3.06170374764461,3.09084855733084,3.10604069116653,3.2096715170197,3.30163575298118,3.36733487849748,3.38070643763045,3.41521175935387,3.50706517079242,3.53411967100456,3.5892034101823,3.61184238747595,3.67257162255334,3.72519634191588,3.77203687911401,3.80494560683752,3.80922255703858,3.85443984318518,3.92360379231204,3.92921105637524,3.98381372853316,4.07766335036078,4.10959604637138,4.16523193603534,4.20749059920329,4.25555347595785,4.27407990901703,4.29824732062843,4.33246951166965,4.36680158297168,4.40058585291938,4.48490922088096,4.52994802072645,4.55498082284098,4.585799667773,4.63803520152092,4.65723242956635,4.72748902486904,4.78132474461056,4.80479431805477,4.82763341262319,4.87101880552519,4.92974657951167,4.94256923624167,4.98305498863443,5.00227781507646,5.04198470800746,5.08340640740613,5.08763359633629,5.1402158544331,5.15465789098019,5.16745295914717,5.1907198840157,5.21722711567506,5.2499454755651,5.29390919211131,5.3102573146039,5.33944239745344,5.36841511990573,5.40903947253325,5.42518157798016,5.48358084144911,5.51118174471625,5.56604905457172,5.57700215328854,5.61010526832292,5.65555594848833,5.68319848420297,5.70133782888684,5.7234170463669,5.75905286583235,5.76975148026467,5.83320178248193,5.85204899798733,5.87642298292147,5.88852673265137,5.9171965197122,5.946461122725,5.97571303469803,6.00583075287767,6.03737057179768,6.05916627728231,6.07327452264892,6.0976845968378,6.12662943718849,6.13151860975809,6.18677531275779,6.22791655789123,6.24052463757272,6.25735114393292,6.30315421893292,6.33328033361386,6.34771018828682,6.36149385154658,6.38116826574615,6.42223629480568,6.42567886636772,6.45605419868089,6.47076321578163,6.48880071897049,6.51412030618812,6.55764736136776,6.57251647562401,6.61541929361301,6.64824409706225,6.69961964746852,6.71643203053289,6.74015399244251,6.77496548266969,6.81017635213513,6.82155370996546,6.83285622554386,6.86768803799238,6.87299196376936,6.91268812049401,6.91660056915107,6.94214136274252,6.96662882492658,6.99845499269425,7.00381651399237,7.01835478533735,7.04207399489091,7.05110242969833,7.07085252295806,7.11262983128193,7.16304636077959,7.18413200895551,7.18923269309516,7.19818616371594,7.22095636163511,7.25104022079218,7.2836227596167,7.28988193818217,7.31764474371685,7.33834071710717,7.34854492638407,7.35439466579152,7.41190447394506,7.43365872354983,7.45102613475425,7.45511963575676,7.47647947117189,7.50196362811507,7.53177923846088,7.54876283857953,7.55859340457279,7.58779065407477,7.62786914772643,7.63846575578254,7.67867803399551,7.68551495483702,7.70869858953,7.72314216160076,7.75697956689211,7.78308427709748,7.82398374414664,7.82696331552922,7.84936653601962,7.87131594706028,7.88185774008311,7.90340007744446,7.92298175730601,7.94766885881895,7.98312837456097,7.99976386861536,8.03386720345423,8.05063094396937,8.06537898680889,8.10160820918956,8.11431626629108,8.14707671681833,8.16040932705851,8.1654718536645,8.22241525721937,8.25524125891766,8.2736554059684,8.31887726691011,8.32573994717453,8.34547231262008,8.38133796590527,8.39719979721869,8.40223328906728,8.42473423008914,8.4525834900877,8.46739965344237,8.50815486337975,8.5156963280317,8.54542456554367,8.57142065873269,8.61783023019026,8.63078143004146,8.65503811525367,8.66983153166557,8.69718937462072,8.71233649869307,8.74210858033418,8.77465711878502,8.79184519860438,8.80006724915849,8.85097839500332,8.86715282408479,8.8758121761294,8.90479254578427,8.93097160043673,8.97968438843942,8.98631502211627,9.03102633913003,9.07542909486309,9.1069744560815,9.13078524047527,9.13623154818306,9.16600537224964,9.20612195332597,9.24856628120536,9.25610195398702,9.27060378055291,9.3223026828157,9.33971580150624,9.36922292466136,9.38479631874477,9.42252390609834,9.45867055461169,9.4948017459561,9.53701655828042,9.55807076088031,9.60664290207225,9.60905088999418,9.63274730380689,9.64833891229355,9.6921951310204,9.73759308462251,9.75026935532456,9.77666643570398,9.81278581298854,9.83484987964401,9.875304598469,9.92376575326296,9.9470780532896,9.99701037910316,10.0219689821499,10.042193322183,10.0607400872856,10.090876870646,10.1054271668226,10.1236204092395,10.1769573400807,10.1958791586242,10.1971292512849,10.2668251683732,10.2942109703653,10.3208395919839,10.3768435982542,10.3806510467149,10.3953940315291,10.4396226687144,10.4758845305092,10.5124086462502,10.5386887985685,10.5515973831018,10.5806944392958,10.6072940440976,10.6824610658283,10.6861685879908,10.7679642377461,10.8108030382508,10.8725537834739,10.8788767394813,10.9374331138043,10.9640102470097,10.9988780285774,11.0607472527685,11.0961978280282,11.126017328074,11.1592607769904,11.1970641796107,11.2079161982873,11.2531684656732,11.2566843917519,11.2780638892304,11.3303068214695,11.3842620720794,11.4519913996784,11.4608391946451,11.5076814907196,11.5351590672528,11.5747815941252,11.6097957608906,11.6426595182712,11.6891352510665,11.7604841571152,11.7839245663385,11.8054962013484,11.8486628096274,11.8553466919728,11.8888087479394,11.9575496307589,12.0001521901937,12.0369019195052,12.0936871840707,12.1187583350233,12.1393617381905,12.1746191813929,12.2137348776078,12.2480193513813,12.2833142202004,12.3246667970753,12.3509243568987,12.3792045632772,12.3972310343015,12.4521177665615,12.5064303626981,12.5351045293523,12.633056239033,12.6728379028641,12.704561104572,12.7409101716452,12.7875184898727,12.819760093825,12.860925257321,12.9030416799529,12.963575452734,12.9790375994654,13.0137098141439,13.0419045269008,13.0449993712862,13.1060980180607,13.1542357783843,13.220801530761,13.2286585274127,13.2706589650176,13.3287232809534,13.3585195832084,13.4286719786187,13.4300308280971,13.4537729459773,13.5417472909525,13.5805949903616,13.6112940690389,13.6472966299677,13.6705605279824,13.7070696928934,13.7603926271192,13.7822014676854,13.83550944758,13.870393511877,13.9056484520894,13.9578821660822,14.0364868351662,14.0924476287564,14.0969850476634,14.1974101695643,14.2231179106727,14.2580713738642,14.2634002852668,14.3106104165707,14.4178230370699,14.4711158067136,14.490202350766,14.5049541795345,14.623753130155,14.6802482886376,14.7026341601682,14.7310926800375,14.7952956872294,14.8308024757058,14.9067614323246,14.9955090249739,15.0795238499374,15.1012779771828,15.2400404571632,15.2593534802863,15.2720675662998,15.415486970991,15.4591877728185,15.4654896171155,15.507490391595,15.5627816825369,15.6641527070045,15.7698983919517,15.859336286152,15.8956548159955,16.0163455209512,16.1049094584591,16.1977427813829,16.2538590458203,16.2887242839069,16.4622007021227,16.5856541062557,16.5905192988418,16.6874947221456,16.7602155114631,16.871610722046,16.9329595697149,17.0968471827146,17.1687748612923,17.3643352400024,17.4671033680651,17.6644079447071,17.9950836664016,18.083072978516,18.1999726062144,18.3466661039135,18.4268203283762,18.6314543480122,18.7638217454663,18.9771936447785,19.2057582847402,19.2188806641489,19.4633315156991,19.7174257419707,20.0672747331356,20.1576001663665,20.2732365554745,20.6519411865262,21.239052577227,21.5503353254903,23.3876781334206,NA,NA,NA,NA,NA,NA,NA,NA,NA,NA,NA,NA,NA,NA,NA,NA,NA,NA,NA,NA,NA
0.472489482613623,0.579831210371285,0.700341045656206,0.839058485473357,0.857494070213838,1.13111465962637,1.28156640413834,1.40475866037197,1.48492708277975,1.55528093907134,1.6514622272691,1.71674384879274,1.79398942705963,1.85608334085181,1.94311883223505,1.98027409728403,2.08633698492348,2.11931211984714,2.229520344585,2.41183742426706,2.49740715620483,2.54539404841034,2.60334711472929,2.67670935115817,2.70146833832491,2.77964563057446,2.85528933353209,2.90603843540365,3.00271044386917,3.02082959927884,3.06170374764461,3.09084855733084,3.10604069116653,3.2096715170197,3.30163575298118,3.36733487849748,3.38070643763045,3.41521175935387,3.50706517079242,3.53411967100456,3.5892034101823,3.61184238747595,3.67257162255334,3.72519634191588,3.77203687911401,3.80494560683752,3.80922255703858,3.85443984318518,3.92360379231204,3.92921105637524,3.98381372853316,4.07766335036078,4.10959604637138,4.16523193603534,4.20749059920329,4.25555347595785,4.27407990901703,4.29824732062843,4.33246951166965,4.36680158297168,4.40058585291938,4.48490922088096,4.52994802072645,4.55498082284098,4.585799667773,4.63803520152092,4.65723242956635,4.72748902486904,4.78132474461056,4.80479431805477,4.82763341262319,4.87101880552519,4.92974657951167,4.94256923624167,4.98305498863443,5.00227781507646,5.04198470800746,5.08340640740613,5.08763359633629,5.1402158544331,5.15465789098019,5.16745295914717,5.1907198840157,5.21722711567506,5.2499454755651,5.29390919211131,5.3102573146039,5.33944239745344,5.36841511990573,5.40903947253325,5.42518157798016,5.48358084144911,5.51118174471625,5.56604905457172,5.57700215328854,5.61010526832292,5.65555594848833,5.68319848420297,5.70133782888684,5.7234170463669,5.75905286583235,5.76975148026467,5.83320178248193,5.85204899798733,5.87642298292147,5.88852673265137,5.9171965197122,5.946461122725,5.97571303469803,6.00583075287767,6.03737057179768,6.05916627728231,6.07327452264892,6.0976845968378,6.12662943718849,6.13151860975809,6.18677531275779,6.22791655789123,6.24052463757272,6.25735114393292,6.30315421893292,6.33328033361386,6.34771018828682,6.36149385154658,6.38116826574615,6.42223629480568,6.42567886636772,6.45605419868089,6.47076321578163,6.48880071897049,6.51412030618812,6.55764736136776,6.57251647562401,6.61541929361301,6.64824409706225,6.69961964746852,6.71643203053289,6.74015399244251,6.77496548266969,6.81017635213513,6.82155370996546,6.83285622554386,6.86768803799238,6.87299196376936,6.91268812049401,6.91660056915107,6.94214136274252,6.96662882492658,6.99845499269425,7.00381651399237,7.01835478533735,7.04207399489091,7.05110242969833,7.07085252295806,7.11262983128193,7.16304636077959,7.18413200895551,7.18923269309516,7.19818616371594,7.22095636163511,7.25104022079218,7.2836227596167,7.28988193818217,7.31764474371685,7.33834071710717,7.34854492638407,7.35439466579152,7.41190447394506,7.43365872354983,7.45102613475425,7.45511963575676,7.47647947117189,7.50196362811507,7.53177923846088,7.54876283857953,7.55859340457279,7.58779065407477,7.62786914772643,7.63846575578254,7.67867803399551,7.68551495483702,7.70869858953,7.72314216160076,7.75697956689211,7.78308427709748,7.82398374414664,7.82696331552922,7.84936653601962,7.87131594706028,7.88185774008311,7.90340007744446,7.92298175730601,7.94766885881895,7.98312837456097,7.99976386861536,8.03386720345423,8.05063094396937,8.06537898680889,8.10160820918956,8.11431626629108,8.14707671681833,8.16040932705851,8.1654718536645,8.22241525721937,8.25524125891766,8.2736554059684,8.31887726691011,8.32573994717453,8.34547231262008,8.38133796590527,8.39719979721869,8.40223328906728,8.42473423008914,8.4525834900877,8.46739965344237,8.50815486337975,8.5156963280317,8.54542456554367,8.57142065873269,8.61783023019026,8.63078143004146,8.65503811525367,8.66983153166557,8.69718937462072,8.71233649869307,8.74210858033418,8.77465711878502,8.79184519860438,8.80006724915849,8.85097839500332,8.86715282408479,8.8758121761294,8.90479254578427,8.93097160043673,8.97968438843942,8.98631502211627,9.03102633913003,9.07542909486309,9.1069744560815,9.13078524047527,9.13623154818306,9.16600537224964,9.20612195332597,9.24856628120536,9.25610195398702,9.27060378055291,9.3223026828157,9.33971580150624,9.36922292466136,9.38479631874477,9.42252390609834,9.45867055461169,9.4948017459561,9.53701655828042,9.55807076088031,9.60664290207225,9.60905088999418,9.63274730380689,9.64833891229355,9.6921951310204,9.73759308462251,9.75026935532456,9.77666643570398,9.81278581298854,9.83484987964401,9.875304598469,9.92376575326296,9.9470780532896,9.99701037910316,10.0219689821499,10.042193322183,10.0607400872856,10.090876870646,10.1054271668226,10.1236204092395,10.1769573400807,10.1958791586242,10.1971292512849,10.2668251683732,10.2942109703653,10.3208395919839,10.3768435982542,10.3806510467149,10.3953940315291,10.4396226687144,10.4758845305092,10.5124086462502,10.5386887985685,10.5515973831018,10.5806944392958,10.6072940440976,10.6824610658283,10.6861685879908,10.7679642377461,10.8108030382508,10.8725537834739,10.8788767394813,10.9374331138043,10.9640102470097,10.9988780285774,11.0607472527685,11.0961978280282,11.126017328074,11.1592607769904,11.1970641796107,11.2079161982873,11.2531684656732,11.2566843917519,11.2780638892304,11.3303068214695,11.3842620720794,11.4519913996784,11.4608391946451,11.5076814907196,11.5351590672528,11.5747815941252,11.6097957608906,11.6426595182712,11.6891352510665,11.7604841571152,11.7839245663385,11.8054962013484,11.8486628096274,11.8553466919728,11.8888087479394,11.9575496307589,12.0001521901937,12.0369019195052,12.0936871840707,12.1187583350233,12.1393617381905,12.1746191813929,12.2137348776078,12.2480193513813,12.2833142202004,12.3246667970753,12.3509243568987,12.3792045632772,12.3972310343015,12.4521177665615,12.5064303626981,12.5351045293523,12.633056239033,12.6728379028641,12.704561104572,12.7409101716452,12.7875184898727,12.819760093825,12.860925257321,12.9030416799529,12.963575452734,12.9790375994654,13.0137098141439,13.0419045269008,13.0449993712862,13.1060980180607,13.1542357783843,13.220801530761,13.2286585274127,13.2706589650176,13.3287232809534,13.3585195832084,13.4286719786187,13.4300308280971,13.4537729459773,13.5417472909525,13.5805949903616,13.6112940690389,13.6472966299677,13.6705605279824,13.7070696928934,13.7603926271192,13.7822014676854,13.83550944758,13.870393511877,13.9056484520894,13.9578821660822,14.0364868351662,14.0924476287564,14.0969850476634,14.1974101695643,14.2231179106727,14.2580713738642,14.2634002852668,14.3106104165707,14.4178230370699,14.4711158067136,14.490202350766,14.5049541795345,14.623753130155,14.6802482886376,14.7026341601682,14.7310926800375,14.7952956872294,14.8308024757058,14.9067614323246,14.9955090249739,15.0795238499374,15.1012779771828,15.2400404571632,15.2593534802863,15.2720675662998,15.415486970991,15.4591877728185,15.4654896171155,15.507490391595,15.5627816825369,15.6641527070045,15.7698983919517,15.859336286152,15.8956548159955,16.0163455209512,16.1049094584591,16.1977427813829,16.2538590458203,16.2887242839069,16.4622007021227,16.5856541062557,16.5905192988418,16.6874947221456,16.7602155114631,16.871610722046,16.9329595697149,17.0968471827146,17.1687748612923,17.3643352400024,17.4671033680651,17.6644079447071,17.9950836664016,18.083072978516,18.1999726062144,18.3466661039135,18.4268203283762,18.6314543480122,18.7638217454663,18.9771936447785,19.2057582847402,19.2188806641489,19.4633315156991,19.7174257419707,20.0672747331356,20.1576001663665,20.2732365554745,20.6519411865262,21.239052577227,21.5503353254903,23.3876781334206,NA,NA,NA,NA,NA,NA,NA,NA,NA,NA,NA,NA,NA,NA,NA,NA,NA,NA,NA,NA,NA
0.472489482613623,0.579831210371285,0.700341045656206,0.839058485473357,0.857494070213838,1.13111465962637,1.28156640413834,1.40475866037197,1.48492708277975,1.55528093907134,1.6514622272691,1.71674384879274,1.79398942705963,1.85608334085181,1.94311883223505,1.98027409728403,2.08633698492348,2.11931211984714,2.229520344585,2.41183742426706,2.49740715620483,2.54539404841034,2.60334711472929,2.67670935115817,2.70146833832491,2.77964563057446,2.85528933353209,2.90603843540365,3.00271044386917,3.02082959927884,3.06170374764461,3.09084855733084,3.10604069116653,3.2096715170197,3.30163575298118,3.36733487849748,3.38070643763045,3.41521175935387,3.50706517079242,3.53411967100456,3.5892034101823,3.61184238747595,3.67257162255334,3.72519634191588,3.77203687911401,3.80494560683752,3.80922255703858,3.85443984318518,3.92360379231204,3.92921105637524,3.98381372853316,4.07766335036078,4.10959604637138,4.16523193603534,4.20749059920329,4.25555347595785,4.27407990901703,4.29824732062843,4.33246951166965,4.36680158297168,4.40058585291938,4.48490922088096,4.52994802072645,4.55498082284098,4.585799667773,4.63803520152092,4.65723242956635,4.72748902486904,4.78132474461056,4.80479431805477,4.82763341262319,4.87101880552519,4.92974657951167,4.94256923624167,4.98305498863443,5.00227781507646,5.04198470800746,5.08340640740613,5.08763359633629,5.1402158544331,5.15465789098019,5.16745295914717,5.1907198840157,5.21722711567506,5.2499454755651,5.29390919211131,5.3102573146039,5.33944239745344,5.36841511990573,5.40903947253325,5.42518157798016,5.48358084144911,5.51118174471625,5.56604905457172,5.57700215328854,5.61010526832292,5.65555594848833,5.68319848420297,5.70133782888684,5.7234170463669,5.75905286583235,5.76975148026467,5.83320178248193,5.85204899798733,5.87642298292147,5.88852673265137,5.9171965197122,5.946461122725,5.97571303469803,6.00583075287767,6.03737057179768,6.05916627728231,6.07327452264892,6.0976845968378,6.12662943718849,6.13151860975809,6.18677531275779,6.22791655789123,6.24052463757272,6.25735114393292,6.30315421893292,6.33328033361386,6.34771018828682,6.36149385154658,6.38116826574615,6.42223629480568,6.42567886636772,6.45605419868089,6.47076321578163,6.48880071897049,6.51412030618812,6.55764736136776,6.57251647562401,6.61541929361301,6.64824409706225,6.69961964746852,6.71643203053289,6.74015399244251,6.77496548266969,6.81017635213513,6.82155370996546,6.83285622554386,6.86768803799238,6.87299196376936,6.91268812049401,6.91660056915107,6.94214136274252,6.96662882492658,6.99845499269425,7.00381651399237,7.01835478533735,7.04207399489091,7.05110242969833,7.07085252295806,7.11262983128193,7.16304636077959,7.18413200895551,7.18923269309516,7.19818616371594,7.22095636163511,7.25104022079218,7.2836227596167,7.28988193818217,7.31764474371685,7.33834071710717,7.34854492638407,7.35439466579152,7.41190447394506,7.43365872354983,7.45102613475425,7.45511963575676,7.47647947117189,7.50196362811507,7.53177923846088,7.54876283857953,7.55859340457279,7.58779065407477,7.62786914772643,7.63846575578254,7.67867803399551,7.68551495483702,7.70869858953,7.72314216160076,7.75697956689211,7.78308427709748,7.82398374414664,7.82696331552922,7.84936653601962,7.87131594706028,7.88185774008311,7.90340007744446,7.92298175730601,7.94766885881895,7.98312837456097,7.99976386861536,8.03386720345423,8.05063094396937,8.06537898680889,8.10160820918956,8.11431626629108,8.14707671681833,8.16040932705851,8.1654718536645,8.22241525721937,8.25524125891766,8.2736554059684,8.31887726691011,8.32573994717453,8.34547231262008,8.38133796590527,8.39719979721869,8.40223328906728,8.42473423008914,8.4525834900877,8.46739965344237,8.50815486337975,8.5156963280317,8.54542456554367,8.57142065873269,8.61783023019026,8.63078143004146,8.65503811525367,8.66983153166557,8.69718937462072,8.71233649869307,8.74210858033418,8.77465711878502,8.79184519860438,8.80006724915849,8.85097839500332,8.86715282408479,8.8758121761294,8.90479254578427,8.93097160043673,8.97968438843942,8.98631502211627,9.03102633913003,9.07542909486309,9.1069744560815,9.13078524047527,9.13623154818306,9.16600537224964,9.20612195332597,9.24856628120536,9.25610195398702,9.27060378055291,9.3223026828157,9.33971580150624,9.36922292466136,9.38479631874477,9.42252390609834,9.45867055461169,9.4948017459561,9.53701655828042,9.55807076088031,9.60664290207225,9.60905088999418,9.63274730380689,9.64833891229355,9.6921951310204,9.73759308462251,9.75026935532456,9.77666643570398,9.81278581298854,9.83484987964401,9.875304598469,9.92376575326296,9.9470780532896,9.99701037910316,10.0219689821499,10.042193322183,10.0607400872856,10.090876870646,10.1054271668226,10.1236204092395,10.1769573400807,10.1958791586242,10.1971292512849,10.2668251683732,10.2942109703653,10.3208395919839,10.3768435982542,10.3806510467149,10.3953940315291,10.4396226687144,10.4758845305092,10.5124086462502,10.5386887985685,10.5515973831018,10.5806944392958,10.6072940440976,10.6824610658283,10.6861685879908,10.7679642377461,10.8108030382508,10.8725537834739,10.8788767394813,10.9374331138043,10.9640102470097,10.9988780285774,11.0607472527685,11.0961978280282,11.126017328074,11.1592607769904,11.1970641796107,11.2079161982873,11.2531684656732,11.2566843917519,11.2780638892304,11.3303068214695,11.3842620720794,11.4519913996784,11.4608391946451,11.5076814907196,11.5351590672528,11.5747815941252,11.6097957608906,11.6426595182712,11.6891352510665,11.7604841571152,11.7839245663385,11.8054962013484,11.8486628096274,11.8553466919728,11.8888087479394,11.9575496307589,12.0001521901937,12.0369019195052,12.0936871840707,12.1187583350233,12.1393617381905,12.1746191813929,12.2137348776078,12.2480193513813,12.2833142202004,12.3246667970753,12.3509243568987,12.3792045632772,12.3972310343015,12.4521177665615,12.5064303626981,12.5351045293523,12.633056239033,12.6728379028641,12.704561104572,12.7409101716452,12.7875184898727,12.819760093825,12.860925257321,12.9030416799529,12.963575452734,12.9790375994654,13.0137098141439,13.0419045269008,13.0449993712862,13.1060980180607,13.1542357783843,13.220801530761,13.2286585274127,13.2706589650176,13.3287232809534,13.3585195832084,13.4286719786187,13.4300308280971,13.4537729459773,13.5417472909525,13.5805949903616,13.6112940690389,13.6472966299677,13.6705605279824,13.7070696928934,13.7603926271192,13.7822014676854,13.83550944758,13.870393511877,13.9056484520894,13.9578821660822,14.0364868351662,14.0924476287564,14.0969850476634,14.1974101695643,14.2231179106727,14.2580713738642,14.2634002852668,14.3106104165707,14.4178230370699,14.4711158067136,14.490202350766,14.5049541795345,14.623753130155,14.6802482886376,14.7026341601682,14.7310926800375,14.7952956872294,14.8308024757058,14.9067614323246,14.9955090249739,15.0795238499374,15.1012779771828,15.2400404571632,15.2593534802863,15.2720675662998,15.415486970991,15.4591877728185,15.4654896171155,15.507490391595,15.5627816825369,15.6641527070045,15.7698983919517,15.859336286152,15.8956548159955,16.0163455209512,16.1049094584591,16.1977427813829,16.2538590458203,16.2887242839069,16.4622007021227,16.5856541062557,16.5905192988418,16.6874947221456,16.7602155114631,16.871610722046,16.9329595697149,17.0968471827146,17.1687748612923,17.3643352400024,17.4671033680651,17.6644079447071,17.9950836664016,18.083072978516,18.1999726062144,18.3466661039135,18.4268203283762,18.6314543480122,18.7638217454663,18.9771936447785,19.2057582847402,19.2188806641489,19.4633315156991,19.7174257419707,20.0672747331356,20.1576001663665,20.2732365554745,20.6519411865262,21.239052577227,21.5503353254903,23.3876781334206,NA,NA,NA,NA,NA,NA,NA,NA,NA,NA,NA,NA,NA,NA,NA,NA,NA,NA,NA,NA,NA
0.472489482613623,0.579831210371285,0.700341045656206,0.839058485473357,0.857494070213838,1.13111465962637,1.28156640413834,1.40475866037197,1.48492708277975,1.55528093907134,1.6514622272691,1.71674384879274,1.79398942705963,1.85608334085181,1.94311883223505,1.98027409728403,2.08633698492348,2.11931211984714,2.229520344585,2.41183742426706,2.49740715620483,2.54539404841034,2.60334711472929,2.67670935115817,2.70146833832491,2.77964563057446,2.85528933353209,2.90603843540365,3.00271044386917,3.02082959927884,3.06170374764461,3.09084855733084,3.10604069116653,3.2096715170197,3.30163575298118,3.36733487849748,3.38070643763045,3.41521175935387,3.50706517079242,3.53411967100456,3.5892034101823,3.61184238747595,3.67257162255334,3.72519634191588,3.77203687911401,3.80494560683752,3.80922255703858,3.85443984318518,3.92360379231204,3.92921105637524,3.98381372853316,4.07766335036078,4.10959604637138,4.16523193603534,4.20749059920329,4.25555347595785,4.27407990901703,4.29824732062843,4.33246951166965,4.36680158297168,4.40058585291938,4.48490922088096,4.52994802072645,4.55498082284098,4.585799667773,4.63803520152092,4.65723242956635,4.72748902486904,4.78132474461056,4.80479431805477,4.82763341262319,4.87101880552519,4.92974657951167,4.94256923624167,4.98305498863443,5.00227781507646,5.04198470800746,5.08340640740613,5.08763359633629,5.1402158544331,5.15465789098019,5.16745295914717,5.1907198840157,5.21722711567506,5.2499454755651,5.29390919211131,5.3102573146039,5.33944239745344,5.36841511990573,5.40903947253325,5.42518157798016,5.48358084144911,5.51118174471625,5.56604905457172,5.57700215328854,5.61010526832292,5.65555594848833,5.68319848420297,5.70133782888684,5.7234170463669,5.75905286583235,5.76975148026467,5.83320178248193,5.85204899798733,5.87642298292147,5.88852673265137,5.9171965197122,5.946461122725,5.97571303469803,6.00583075287767,6.03737057179768,6.05916627728231,6.07327452264892,6.0976845968378,6.12662943718849,6.13151860975809,6.18677531275779,6.22791655789123,6.24052463757272,6.25735114393292,6.30315421893292,6.33328033361386,6.34771018828682,6.36149385154658,6.38116826574615,6.42223629480568,6.42567886636772,6.45605419868089,6.47076321578163,6.48880071897049,6.51412030618812,6.55764736136776,6.57251647562401,6.61541929361301,6.64824409706225,6.69961964746852,6.71643203053289,6.74015399244251,6.77496548266969,6.81017635213513,6.82155370996546,6.83285622554386,6.86768803799238,6.87299196376936,6.91268812049401,6.91660056915107,6.94214136274252,6.96662882492658,6.99845499269425,7.00381651399237,7.01835478533735,7.04207399489091,7.05110242969833,7.07085252295806,7.11262983128193,7.16304636077959,7.18413200895551,7.18923269309516,7.19818616371594,7.22095636163511,7.25104022079218,7.2836227596167,7.28988193818217,7.31764474371685,7.33834071710717,7.34854492638407,7.35439466579152,7.41190447394506,7.43365872354983,7.45102613475425,7.45511963575676,7.47647947117189,7.50196362811507,7.53177923846088,7.54876283857953,7.55859340457279,7.58779065407477,7.62786914772643,7.63846575578254,7.67867803399551,7.68551495483702,7.70869858953,7.72314216160076,7.75697956689211,7.78308427709748,7.82398374414664,7.82696331552922,7.84936653601962,7.87131594706028,7.88185774008311,7.90340007744446,7.92298175730601,7.94766885881895,7.98312837456097,7.99976386861536,8.03386720345423,8.05063094396937,8.06537898680889,8.10160820918956,8.11431626629108,8.14707671681833,8.16040932705851,8.1654718536645,8.22241525721937,8.25524125891766,8.2736554059684,8.31887726691011,8.32573994717453,8.34547231262008,8.38133796590527,8.39719979721869,8.40223328906728,8.42473423008914,8.4525834900877,8.46739965344237,8.50815486337975,8.5156963280317,8.54542456554367,8.57142065873269,8.61783023019026,8.63078143004146,8.65503811525367,8.66983153166557,8.69718937462072,8.71233649869307,8.74210858033418,8.77465711878502,8.79184519860438,8.80006724915849,8.85097839500332,8.86715282408479,8.8758121761294,8.90479254578427,8.93097160043673,8.97968438843942,8.98631502211627,9.03102633913003,9.07542909486309,9.1069744560815,9.13078524047527,9.13623154818306,9.16600537224964,9.20612195332597,9.24856628120536,9.25610195398702,9.27060378055291,9.3223026828157,9.33971580150624,9.36922292466136,9.38479631874477,9.42252390609834,9.45867055461169,9.4948017459561,9.53701655828042,9.55807076088031,9.60664290207225,9.60905088999418,9.63274730380689,9.64833891229355,9.6921951310204,9.73759308462251,9.75026935532456,9.77666643570398,9.81278581298854,9.83484987964401,9.875304598469,9.92376575326296,9.9470780532896,9.99701037910316,10.0219689821499,10.042193322183,10.0607400872856,10.090876870646,10.1054271668226,10.1236204092395,10.1769573400807,10.1958791586242,10.1971292512849,10.2668251683732,10.2942109703653,10.3208395919839,10.3768435982542,10.3806510467149,10.3953940315291,10.4396226687144,10.4758845305092,10.5124086462502,10.5386887985685,10.5515973831018,10.5806944392958,10.6072940440976,10.6824610658283,10.6861685879908,10.7679642377461,10.8108030382508,10.8725537834739,10.8788767394813,10.9374331138043,10.9640102470097,10.9988780285774,11.0607472527685,11.0961978280282,11.126017328074,11.1592607769904,11.1970641796107,11.2079161982873,11.2531684656732,11.2566843917519,11.2780638892304,11.3303068214695,11.3842620720794,11.4519913996784,11.4608391946451,11.5076814907196,11.5351590672528,11.5747815941252,11.6097957608906,11.6426595182712,11.6891352510665,11.7604841571152,11.7839245663385,11.8054962013484,11.8486628096274,11.8553466919728,11.8888087479394,11.9575496307589,12.0001521901937,12.0369019195052,12.0936871840707,12.1187583350233,12.1393617381905,12.1746191813929,12.2137348776078,12.2480193513813,12.2833142202004,12.3246667970753,12.3509243568987,12.3792045632772,12.3972310343015,12.4521177665615,12.5064303626981,12.5351045293523,12.633056239033,12.6728379028641,12.704561104572,12.7409101716452,12.7875184898727,12.819760093825,12.860925257321,12.9030416799529,12.963575452734,12.9790375994654,13.0137098141439,13.0419045269008,13.0449993712862,13.1060980180607,13.1542357783843,13.220801530761,13.2286585274127,13.2706589650176,13.3287232809534,13.3585195832084,13.4286719786187,13.4300308280971,13.4537729459773,13.5417472909525,13.5805949903616,13.6112940690389,13.6472966299677,13.6705605279824,13.7070696928934,13.7603926271192,13.7822014676854,13.83550944758,13.870393511877,13.9056484520894,13.9578821660822,14.0364868351662,14.0924476287564,14.0969850476634,14.1974101695643,14.2231179106727,14.2580713738642,14.2634002852668,14.3106104165707,14.4178230370699,14.4711158067136,14.490202350766,14.5049541795345,14.623753130155,14.6802482886376,14.7026341601682,14.7310926800375,14.7952956872294,14.8308024757058,14.9067614323246,14.9955090249739,15.0795238499374,15.1012779771828,15.2400404571632,15.2593534802863,15.2720675662998,15.415486970991,15.4591877728185,15.4654896171155,15.507490391595,15.5627816825369,15.6641527070045,15.7698983919517,15.859336286152,15.8956548159955,16.0163455209512,16.1049094584591,16.1977427813829,16.2538590458203,16.2887242839069,16.4622007021227,16.5856541062557,16.5905192988418,16.6874947221456,16.7602155114631,16.871610722046,16.9329595697149,17.0968471827146,17.1687748612923,17.3643352400024,17.4671033680651,17.6644079447071,17.9950836664016,18.083072978516,18.1999726062144,18.3466661039135,18.4268203283762,18.6314543480122,18.7638217454663,18.9771936447785,19.2057582847402,19.2188806641489,19.4633315156991,19.7174257419707,20.0672747331356,20.1576001663665,20.2732365554745,20.6519411865262,21.239052577227,21.5503353254903,23.3876781334206,NA,NA,NA,NA,NA,NA,NA,NA,NA,NA,NA,NA,NA,NA,NA,NA,NA,NA,NA,NA,NA
0.472489482613623,0.579831210371285,0.700341045656206,0.839058485473357,0.857494070213838,1.13111465962637,1.28156640413834,1.40475866037197,1.48492708277975,1.55528093907134,1.6514622272691,1.71674384879274,1.79398942705963,1.85608334085181,1.94311883223505,1.98027409728403,2.08633698492348,2.11931211984714,2.229520344585,2.41183742426706,2.49740715620483,2.54539404841034,2.60334711472929,2.67670935115817,2.70146833832491,2.77964563057446,2.85528933353209,2.90603843540365,3.00271044386917,3.02082959927884,3.06170374764461,3.09084855733084,3.10604069116653,3.2096715170197,3.30163575298118,3.36733487849748,3.38070643763045,3.41521175935387,3.50706517079242,3.53411967100456,3.5892034101823,3.61184238747595,3.67257162255334,3.72519634191588,3.77203687911401,3.80494560683752,3.80922255703858,3.85443984318518,3.92360379231204,3.92921105637524,3.98381372853316,4.07766335036078,4.10959604637138,4.16523193603534,4.20749059920329,4.25555347595785,4.27407990901703,4.29824732062843,4.33246951166965,4.36680158297168,4.40058585291938,4.48490922088096,4.52994802072645,4.55498082284098,4.585799667773,4.63803520152092,4.65723242956635,4.72748902486904,4.78132474461056,4.80479431805477,4.82763341262319,4.87101880552519,4.92974657951167,4.94256923624167,4.98305498863443,5.00227781507646,5.04198470800746,5.08340640740613,5.08763359633629,5.1402158544331,5.15465789098019,5.16745295914717,5.1907198840157,5.21722711567506,5.2499454755651,5.29390919211131,5.3102573146039,5.33944239745344,5.36841511990573,5.40903947253325,5.42518157798016,5.48358084144911,5.51118174471625,5.56604905457172,5.57700215328854,5.61010526832292,5.65555594848833,5.68319848420297,5.70133782888684,5.7234170463669,5.75905286583235,5.76975148026467,5.83320178248193,5.85204899798733,5.87642298292147,5.88852673265137,5.9171965197122,5.946461122725,5.97571303469803,6.00583075287767,6.03737057179768,6.05916627728231,6.07327452264892,6.0976845968378,6.12662943718849,6.13151860975809,6.18677531275779,6.22791655789123,6.24052463757272,6.25735114393292,6.30315421893292,6.33328033361386,6.34771018828682,6.36149385154658,6.38116826574615,6.42223629480568,6.42567886636772,6.45605419868089,6.47076321578163,6.48880071897049,6.51412030618812,6.55764736136776,6.57251647562401,6.61541929361301,6.64824409706225,6.69961964746852,6.71643203053289,6.74015399244251,6.77496548266969,6.81017635213513,6.82155370996546,6.83285622554386,6.86768803799238,6.87299196376936,6.91268812049401,6.91660056915107,6.94214136274252,6.96662882492658,6.99845499269425,7.00381651399237,7.01835478533735,7.04207399489091,7.05110242969833,7.07085252295806,7.11262983128193,7.16304636077959,7.18413200895551,7.18923269309516,7.19818616371594,7.22095636163511,7.25104022079218,7.2836227596167,7.28988193818217,7.31764474371685,7.33834071710717,7.34854492638407,7.35439466579152,7.41190447394506,7.43365872354983,7.45102613475425,7.45511963575676,7.47647947117189,7.50196362811507,7.53177923846088,7.54876283857953,7.55859340457279,7.58779065407477,7.62786914772643,7.63846575578254,7.67867803399551,7.68551495483702,7.70869858953,7.72314216160076,7.75697956689211,7.78308427709748,7.82398374414664,7.82696331552922,7.84936653601962,7.87131594706028,7.88185774008311,7.90340007744446,7.92298175730601,7.94766885881895,7.98312837456097,7.99976386861536,8.03386720345423,8.05063094396937,8.06537898680889,8.10160820918956,8.11431626629108,8.14707671681833,8.16040932705851,8.1654718536645,8.22241525721937,8.25524125891766,8.2736554059684,8.31887726691011,8.32573994717453,8.34547231262008,8.38133796590527,8.39719979721869,8.40223328906728,8.42473423008914,8.4525834900877,8.46739965344237,8.50815486337975,8.5156963280317,8.54542456554367,8.57142065873269,8.61783023019026,8.63078143004146,8.65503811525367,8.66983153166557,8.69718937462072,8.71233649869307,8.74210858033418,8.77465711878502,8.79184519860438,8.80006724915849,8.85097839500332,8.86715282408479,8.8758121761294,8.90479254578427,8.93097160043673,8.97968438843942,8.98631502211627,9.03102633913003,9.07542909486309,9.1069744560815,9.13078524047527,9.13623154818306,9.16600537224964,9.20612195332597,9.24856628120536,9.25610195398702,9.27060378055291,9.3223026828157,9.33971580150624,9.36922292466136,9.38479631874477,9.42252390609834,9.45867055461169,9.4948017459561,9.53701655828042,9.55807076088031,9.60664290207225,9.60905088999418,9.63274730380689,9.64833891229355,9.6921951310204,9.73759308462251,9.75026935532456,9.77666643570398,9.81278581298854,9.83484987964401,9.875304598469,9.92376575326296,9.9470780532896,9.99701037910316,10.0219689821499,10.042193322183,10.0607400872856,10.090876870646,10.1054271668226,10.1236204092395,10.1769573400807,10.1958791586242,10.1971292512849,10.2668251683732,10.2942109703653,10.3208395919839,10.3768435982542,10.3806510467149,10.3953940315291,10.4396226687144,10.4758845305092,10.5124086462502,10.5386887985685,10.5515973831018,10.5806944392958,10.6072940440976,10.6824610658283,10.6861685879908,10.7679642377461,10.8108030382508,10.8725537834739,10.8788767394813,10.9374331138043,10.9640102470097,10.9988780285774,11.0607472527685,11.0961978280282,11.126017328074,11.1592607769904,11.1970641796107,11.2079161982873,11.2531684656732,11.2566843917519,11.2780638892304,11.3303068214695,11.3842620720794,11.4519913996784,11.4608391946451,11.5076814907196,11.5351590672528,11.5747815941252,11.6097957608906,11.6426595182712,11.6891352510665,11.7604841571152,11.7839245663385,11.8054962013484,11.8486628096274,11.8553466919728,11.8888087479394,11.9575496307589,12.0001521901937,12.0369019195052,12.0936871840707,12.1187583350233,12.1393617381905,12.1746191813929,12.2137348776078,12.2480193513813,12.2833142202004,12.3246667970753,12.3509243568987,12.3792045632772,12.3972310343015,12.4521177665615,12.5064303626981,12.5351045293523,12.633056239033,12.6728379028641,12.704561104572,12.7409101716452,12.7875184898727,12.819760093825,12.860925257321,12.9030416799529,12.963575452734,12.9790375994654,13.0137098141439,13.0419045269008,13.0449993712862,13.1060980180607,13.1542357783843,13.220801530761,13.2286585274127,13.2706589650176,13.3287232809534,13.3585195832084,13.4286719786187,13.4300308280971,13.4537729459773,13.5417472909525,13.5805949903616,13.6112940690389,13.6472966299677,13.6705605279824,13.7070696928934,13.7603926271192,13.7822014676854,13.83550944758,13.870393511877,13.9056484520894,13.9578821660822,14.0364868351662,14.0924476287564,14.0969850476634,14.1974101695643,14.2231179106727,14.2580713738642,14.2634002852668,14.3106104165707,14.4178230370699,14.4711158067136,14.490202350766,14.5049541795345,14.623753130155,14.6802482886376,14.7026341601682,14.7310926800375,14.7952956872294,14.8308024757058,14.9067614323246,14.9955090249739,15.0795238499374,15.1012779771828,15.2400404571632,15.2593534802863,15.2720675662998,15.415486970991,15.4591877728185,15.4654896171155,15.507490391595,15.5627816825369,15.6641527070045,15.7698983919517,15.859336286152,15.8956548159955,16.0163455209512,16.1049094584591,16.1977427813829,16.2538590458203,16.2887242839069,16.4622007021227,16.5856541062557,16.5905192988418,16.6874947221456,16.7602155114631,16.871610722046,16.9329595697149,17.0968471827146,17.1687748612923,17.3643352400024,17.4671033680651,17.6644079447071,17.9950836664016,18.083072978516,18.1999726062144,18.3466661039135,18.4268203283762,18.6314543480122,18.7638217454663,18.9771936447785,19.2057582847402,19.2188806641489,19.4633315156991,19.7174257419707,20.0672747331356,20.1576001663665,20.2732365554745,20.6519411865262,21.239052577227,21.5503353254903,23.3876781334206,NA,NA,NA,NA,NA,NA,NA,NA,NA,NA,NA,NA,NA,NA,NA,NA,NA,NA,NA,NA,NA
0.472489482613623,0.579831210371285,0.700341045656206,0.839058485473357,0.857494070213838,1.13111465962637,1.28156640413834,1.40475866037197,1.48492708277975,1.55528093907134,1.6514622272691,1.71674384879274,1.79398942705963,1.85608334085181,1.94311883223505,1.98027409728403,2.08633698492348,2.11931211984714,2.229520344585,2.41183742426706,2.49740715620483,2.54539404841034,2.60334711472929,2.67670935115817,2.70146833832491,2.77964563057446,2.85528933353209,2.90603843540365,3.00271044386917,3.02082959927884,3.06170374764461,3.09084855733084,3.10604069116653,3.2096715170197,3.30163575298118,3.36733487849748,3.38070643763045,3.41521175935387,3.50706517079242,3.53411967100456,3.5892034101823,3.61184238747595,3.67257162255334,3.72519634191588,3.77203687911401,3.80494560683752,3.80922255703858,3.85443984318518,3.92360379231204,3.92921105637524,3.98381372853316,4.07766335036078,4.10959604637138,4.16523193603534,4.20749059920329,4.25555347595785,4.27407990901703,4.29824732062843,4.33246951166965,4.36680158297168,4.40058585291938,4.48490922088096,4.52994802072645,4.55498082284098,4.585799667773,4.63803520152092,4.65723242956635,4.72748902486904,4.78132474461056,4.80479431805477,4.82763341262319,4.87101880552519,4.92974657951167,4.94256923624167,4.98305498863443,5.00227781507646,5.04198470800746,5.08340640740613,5.08763359633629,5.1402158544331,5.15465789098019,5.16745295914717,5.1907198840157,5.21722711567506,5.2499454755651,5.29390919211131,5.3102573146039,5.33944239745344,5.36841511990573,5.40903947253325,5.42518157798016,5.48358084144911,5.51118174471625,5.56604905457172,5.57700215328854,5.61010526832292,5.65555594848833,5.68319848420297,5.70133782888684,5.7234170463669,5.75905286583235,5.76975148026467,5.83320178248193,5.85204899798733,5.87642298292147,5.88852673265137,5.9171965197122,5.946461122725,5.97571303469803,6.00583075287767,6.03737057179768,6.05916627728231,6.07327452264892,6.0976845968378,6.12662943718849,6.13151860975809,6.18677531275779,6.22791655789123,6.24052463757272,6.25735114393292,6.30315421893292,6.33328033361386,6.34771018828682,6.36149385154658,6.38116826574615,6.42223629480568,6.42567886636772,6.45605419868089,6.47076321578163,6.48880071897049,6.51412030618812,6.55764736136776,6.57251647562401,6.61541929361301,6.64824409706225,6.69961964746852,6.71643203053289,6.74015399244251,6.77496548266969,6.81017635213513,6.82155370996546,6.83285622554386,6.86768803799238,6.87299196376936,6.91268812049401,6.91660056915107,6.94214136274252,6.96662882492658,6.99845499269425,7.00381651399237,7.01835478533735,7.04207399489091,7.05110242969833,7.07085252295806,7.11262983128193,7.16304636077959,7.18413200895551,7.18923269309516,7.19818616371594,7.22095636163511,7.25104022079218,7.2836227596167,7.28988193818217,7.31764474371685,7.33834071710717,7.34854492638407,7.35439466579152,7.41190447394506,7.43365872354983,7.45102613475425,7.45511963575676,7.47647947117189,7.50196362811507,7.53177923846088,7.54876283857953,7.55859340457279,7.58779065407477,7.62786914772643,7.63846575578254,7.67867803399551,7.68551495483702,7.70869858953,7.72314216160076,7.75697956689211,7.78308427709748,7.82398374414664,7.82696331552922,7.84936653601962,7.87131594706028,7.88185774008311,7.90340007744446,7.92298175730601,7.94766885881895,7.98312837456097,7.99976386861536,8.03386720345423,8.05063094396937,8.06537898680889,8.10160820918956,8.11431626629108,8.14707671681833,8.16040932705851,8.1654718536645,8.22241525721937,8.25524125891766,8.2736554059684,8.31887726691011,8.32573994717453,8.34547231262008,8.38133796590527,8.39719979721869,8.40223328906728,8.42473423008914,8.4525834900877,8.46739965344237,8.50815486337975,8.5156963280317,8.54542456554367,8.57142065873269,8.61783023019026,8.63078143004146,8.65503811525367,8.66983153166557,8.69718937462072,8.71233649869307,8.74210858033418,8.77465711878502,8.79184519860438,8.80006724915849,8.85097839500332,8.86715282408479,8.8758121761294,8.90479254578427,8.93097160043673,8.97968438843942,8.98631502211627,9.03102633913003,9.07542909486309,9.1069744560815,9.13078524047527,9.13623154818306,9.16600537224964,9.20612195332597,9.24856628120536,9.25610195398702,9.27060378055291,9.3223026828157,9.33971580150624,9.36922292466136,9.38479631874477,9.42252390609834,9.45867055461169,9.4948017459561,9.53701655828042,9.55807076088031,9.60664290207225,9.60905088999418,9.63274730380689,9.64833891229355,9.6921951310204,9.73759308462251,9.75026935532456,9.77666643570398,9.81278581298854,9.83484987964401,9.875304598469,9.92376575326296,9.9470780532896,9.99701037910316,10.0219689821499,10.042193322183,10.0607400872856,10.090876870646,10.1054271668226,10.1236204092395,10.1769573400807,10.1958791586242,10.1971292512849,10.2668251683732,10.2942109703653,10.3208395919839,10.3768435982542,10.3806510467149,10.3953940315291,10.4396226687144,10.4758845305092,10.5124086462502,10.5386887985685,10.5515973831018,10.5806944392958,10.6072940440976,10.6824610658283,10.6861685879908,10.7679642377461,10.8108030382508,10.8725537834739,10.8788767394813,10.9374331138043,10.9640102470097,10.9988780285774,11.0607472527685,11.0961978280282,11.126017328074,11.1592607769904,11.1970641796107,11.2079161982873,11.2531684656732,11.2566843917519,11.2780638892304,11.3303068214695,11.3842620720794,11.4519913996784,11.4608391946451,11.5076814907196,11.5351590672528,11.5747815941252,11.6097957608906,11.6426595182712,11.6891352510665,11.7604841571152,11.7839245663385,11.8054962013484,11.8486628096274,11.8553466919728,11.8888087479394,11.9575496307589,12.0001521901937,12.0369019195052,12.0936871840707,12.1187583350233,12.1393617381905,12.1746191813929,12.2137348776078,12.2480193513813,12.2833142202004,12.3246667970753,12.3509243568987,12.3792045632772,12.3972310343015,12.4521177665615,12.5064303626981,12.5351045293523,12.633056239033,12.6728379028641,12.704561104572,12.7409101716452,12.7875184898727,12.819760093825,12.860925257321,12.9030416799529,12.963575452734,12.9790375994654,13.0137098141439,13.0419045269008,13.0449993712862,13.1060980180607,13.1542357783843,13.220801530761,13.2286585274127,13.2706589650176,13.3287232809534,13.3585195832084,13.4286719786187,13.4300308280971,13.4537729459773,13.5417472909525,13.5805949903616,13.6112940690389,13.6472966299677,13.6705605279824,13.7070696928934,13.7603926271192,13.7822014676854,13.83550944758,13.870393511877,13.9056484520894,13.9578821660822,14.0364868351662,14.0924476287564,14.0969850476634,14.1974101695643,14.2231179106727,14.2580713738642,14.2634002852668,14.3106104165707,14.4178230370699,14.4711158067136,14.490202350766,14.5049541795345,14.623753130155,14.6802482886376,14.7026341601682,14.7310926800375,14.7952956872294,14.8308024757058,14.9067614323246,14.9955090249739,15.0795238499374,15.1012779771828,15.2400404571632,15.2593534802863,15.2720675662998,15.415486970991,15.4591877728185,15.4654896171155,15.507490391595,15.5627816825369,15.6641527070045,15.7698983919517,15.859336286152,15.8956548159955,16.0163455209512,16.1049094584591,16.1977427813829,16.2538590458203,16.2887242839069,16.4622007021227,16.5856541062557,16.5905192988418,16.6874947221456,16.7602155114631,16.871610722046,16.9329595697149,17.0968471827146,17.1687748612923,17.3643352400024,17.4671033680651,17.6644079447071,17.9950836664016,18.083072978516,18.1999726062144,18.3466661039135,18.4268203283762,18.6314543480122,18.7638217454663,18.9771936447785,19.2057582847402,19.2188806641489,19.4633315156991,19.7174257419707,20.0672747331356,20.1576001663665,20.2732365554745,20.6519411865262,21.239052577227,21.5503353254903,23.3876781334206,NA,NA,NA,NA,NA,NA,NA,NA,NA,NA,NA,NA,NA,NA,NA,NA,NA,NA,NA,NA,NA
0.472489482613623,0.579831210371285,0.700341045656206,0.839058485473357,0.857494070213838,1.13111465962637,1.28156640413834,1.40475866037197,1.48492708277975,1.55528093907134,1.6514622272691,1.71674384879274,1.79398942705963,1.85608334085181,1.94311883223505,1.98027409728403,2.08633698492348,2.11931211984714,2.229520344585,2.41183742426706,2.49740715620483,2.54539404841034,2.60334711472929,2.67670935115817,2.70146833832491,2.77964563057446,2.85528933353209,2.90603843540365,3.00271044386917,3.02082959927884,3.06170374764461,3.09084855733084,3.10604069116653,3.2096715170197,3.30163575298118,3.36733487849748,3.38070643763045,3.41521175935387,3.50706517079242,3.53411967100456,3.5892034101823,3.61184238747595,3.67257162255334,3.72519634191588,3.77203687911401,3.80494560683752,3.80922255703858,3.85443984318518,3.92360379231204,3.92921105637524,3.98381372853316,4.07766335036078,4.10959604637138,4.16523193603534,4.20749059920329,4.25555347595785,4.27407990901703,4.29824732062843,4.33246951166965,4.36680158297168,4.40058585291938,4.48490922088096,4.52994802072645,4.55498082284098,4.585799667773,4.63803520152092,4.65723242956635,4.72748902486904,4.78132474461056,4.80479431805477,4.82763341262319,4.87101880552519,4.92974657951167,4.94256923624167,4.98305498863443,5.00227781507646,5.04198470800746,5.08340640740613,5.08763359633629,5.1402158544331,5.15465789098019,5.16745295914717,5.1907198840157,5.21722711567506,5.2499454755651,5.29390919211131,5.3102573146039,5.33944239745344,5.36841511990573,5.40903947253325,5.42518157798016,5.48358084144911,5.51118174471625,5.56604905457172,5.57700215328854,5.61010526832292,5.65555594848833,5.68319848420297,5.70133782888684,5.7234170463669,5.75905286583235,5.76975148026467,5.83320178248193,5.85204899798733,5.87642298292147,5.88852673265137,5.9171965197122,5.946461122725,5.97571303469803,6.00583075287767,6.03737057179768,6.05916627728231,6.07327452264892,6.0976845968378,6.12662943718849,6.13151860975809,6.18677531275779,6.22791655789123,6.24052463757272,6.25735114393292,6.30315421893292,6.33328033361386,6.34771018828682,6.36149385154658,6.38116826574615,6.42223629480568,6.42567886636772,6.45605419868089,6.47076321578163,6.48880071897049,6.51412030618812,6.55764736136776,6.57251647562401,6.61541929361301,6.64824409706225,6.69961964746852,6.71643203053289,6.74015399244251,6.77496548266969,6.81017635213513,6.82155370996546,6.83285622554386,6.86768803799238,6.87299196376936,6.91268812049401,6.91660056915107,6.94214136274252,6.96662882492658,6.99845499269425,7.00381651399237,7.01835478533735,7.04207399489091,7.05110242969833,7.07085252295806,7.11262983128193,7.16304636077959,7.18413200895551,7.18923269309516,7.19818616371594,7.22095636163511,7.25104022079218,7.2836227596167,7.28988193818217,7.31764474371685,7.33834071710717,7.34854492638407,7.35439466579152,7.41190447394506,7.43365872354983,7.45102613475425,7.45511963575676,7.47647947117189,7.50196362811507,7.53177923846088,7.54876283857953,7.55859340457279,7.58779065407477,7.62786914772643,7.63846575578254,7.67867803399551,7.68551495483702,7.70869858953,7.72314216160076,7.75697956689211,7.78308427709748,7.82398374414664,7.82696331552922,7.84936653601962,7.87131594706028,7.88185774008311,7.90340007744446,7.92298175730601,7.94766885881895,7.98312837456097,7.99976386861536,8.03386720345423,8.05063094396937,8.06537898680889,8.10160820918956,8.11431626629108,8.14707671681833,8.16040932705851,8.1654718536645,8.22241525721937,8.25524125891766,8.2736554059684,8.31887726691011,8.32573994717453,8.34547231262008,8.38133796590527,8.39719979721869,8.40223328906728,8.42473423008914,8.4525834900877,8.46739965344237,8.50815486337975,8.5156963280317,8.54542456554367,8.57142065873269,8.61783023019026,8.63078143004146,8.65503811525367,8.66983153166557,8.69718937462072,8.71233649869307,8.74210858033418,8.77465711878502,8.79184519860438,8.80006724915849,8.85097839500332,8.86715282408479,8.8758121761294,8.90479254578427,8.93097160043673,8.97968438843942,8.98631502211627,9.03102633913003,9.07542909486309,9.1069744560815,9.13078524047527,9.13623154818306,9.16600537224964,9.20612195332597,9.24856628120536,9.25610195398702,9.27060378055291,9.3223026828157,9.33971580150624,9.36922292466136,9.38479631874477,9.42252390609834,9.45867055461169,9.4948017459561,9.53701655828042,9.55807076088031,9.60664290207225,9.60905088999418,9.63274730380689,9.64833891229355,9.6921951310204,9.73759308462251,9.75026935532456,9.77666643570398,9.81278581298854,9.83484987964401,9.875304598469,9.92376575326296,9.9470780532896,9.99701037910316,10.0219689821499,10.042193322183,10.0607400872856,10.090876870646,10.1054271668226,10.1236204092395,10.1769573400807,10.1958791586242,10.1971292512849,10.2668251683732,10.2942109703653,10.3208395919839,10.3768435982542,10.3806510467149,10.3953940315291,10.4396226687144,10.4758845305092,10.5124086462502,10.5386887985685,10.5515973831018,10.5806944392958,10.6072940440976,10.6824610658283,10.6861685879908,10.7679642377461,10.8108030382508,10.8725537834739,10.8788767394813,10.9374331138043,10.9640102470097,10.9988780285774,11.0607472527685,11.0961978280282,11.126017328074,11.1592607769904,11.1970641796107,11.2079161982873,11.2531684656732,11.2566843917519,11.2780638892304,11.3303068214695,11.3842620720794,11.4519913996784,11.4608391946451,11.5076814907196,11.5351590672528,11.5747815941252,11.6097957608906,11.6426595182712,11.6891352510665,11.7604841571152,11.7839245663385,11.8054962013484,11.8486628096274,11.8553466919728,11.8888087479394,11.9575496307589,12.0001521901937,12.0369019195052,12.0936871840707,12.1187583350233,12.1393617381905,12.1746191813929,12.2137348776078,12.2480193513813,12.2833142202004,12.3246667970753,12.3509243568987,12.3792045632772,12.3972310343015,12.4521177665615,12.5064303626981,12.5351045293523,12.633056239033,12.6728379028641,12.704561104572,12.7409101716452,12.7875184898727,12.819760093825,12.860925257321,12.9030416799529,12.963575452734,12.9790375994654,13.0137098141439,13.0419045269008,13.0449993712862,13.1060980180607,13.1542357783843,13.220801530761,13.2286585274127,13.2706589650176,13.3287232809534,13.3585195832084,13.4286719786187,13.4300308280971,13.4537729459773,13.5417472909525,13.5805949903616,13.6112940690389,13.6472966299677,13.6705605279824,13.7070696928934,13.7603926271192,13.7822014676854,13.83550944758,13.870393511877,13.9056484520894,13.9578821660822,14.0364868351662,14.0924476287564,14.0969850476634,14.1974101695643,14.2231179106727,14.2580713738642,14.2634002852668,14.3106104165707,14.4178230370699,14.4711158067136,14.490202350766,14.5049541795345,14.623753130155,14.6802482886376,14.7026341601682,14.7310926800375,14.7952956872294,14.8308024757058,14.9067614323246,14.9955090249739,15.0795238499374,15.1012779771828,15.2400404571632,15.2593534802863,15.2720675662998,15.415486970991,15.4591877728185,15.4654896171155,15.507490391595,15.5627816825369,15.6641527070045,15.7698983919517,15.859336286152,15.8956548159955,16.0163455209512,16.1049094584591,16.1977427813829,16.2538590458203,16.2887242839069,16.4622007021227,16.5856541062557,16.5905192988418,16.6874947221456,16.7602155114631,16.871610722046,16.9329595697149,17.0968471827146,17.1687748612923,17.3643352400024,17.4671033680651,17.6644079447071,17.9950836664016,18.083072978516,18.1999726062144,18.3466661039135,18.4268203283762,18.6314543480122,18.7638217454663,18.9771936447785,19.2057582847402,19.2188806641489,19.4633315156991,19.7174257419707,20.0672747331356,20.1576001663665,20.2732365554745,20.6519411865262,21.239052577227,21.5503353254903,23.3876781334206,NA,NA,NA,NA,NA,NA,NA,NA,NA,NA,NA,NA,NA,NA,NA,NA,NA,NA,NA,NA,NA
0.472489482613623,0.579831210371285,0.700341045656206,0.839058485473357,0.857494070213838,1.13111465962637,1.28156640413834,1.40475866037197,1.48492708277975,1.55528093907134,1.6514622272691,1.71674384879274,1.79398942705963,1.85608334085181,1.94311883223505,1.98027409728403,2.08633698492348,2.11931211984714,2.229520344585,2.41183742426706,2.49740715620483,2.54539404841034,2.60334711472929,2.67670935115817,2.70146833832491,2.77964563057446,2.85528933353209,2.90603843540365,3.00271044386917,3.02082959927884,3.06170374764461,3.09084855733084,3.10604069116653,3.2096715170197,3.30163575298118,3.36733487849748,3.38070643763045,3.41521175935387,3.50706517079242,3.53411967100456,3.5892034101823,3.61184238747595,3.67257162255334,3.72519634191588,3.77203687911401,3.80494560683752,3.80922255703858,3.85443984318518,3.92360379231204,3.92921105637524,3.98381372853316,4.07766335036078,4.10959604637138,4.16523193603534,4.20749059920329,4.25555347595785,4.27407990901703,4.29824732062843,4.33246951166965,4.36680158297168,4.40058585291938,4.48490922088096,4.52994802072645,4.55498082284098,4.585799667773,4.63803520152092,4.65723242956635,4.72748902486904,4.78132474461056,4.80479431805477,4.82763341262319,4.87101880552519,4.92974657951167,4.94256923624167,4.98305498863443,5.00227781507646,5.04198470800746,5.08340640740613,5.08763359633629,5.1402158544331,5.15465789098019,5.16745295914717,5.1907198840157,5.21722711567506,5.2499454755651,5.29390919211131,5.3102573146039,5.33944239745344,5.36841511990573,5.40903947253325,5.42518157798016,5.48358084144911,5.51118174471625,5.56604905457172,5.57700215328854,5.61010526832292,5.65555594848833,5.68319848420297,5.70133782888684,5.7234170463669,5.75905286583235,5.76975148026467,5.83320178248193,5.85204899798733,5.87642298292147,5.88852673265137,5.9171965197122,5.946461122725,5.97571303469803,6.00583075287767,6.03737057179768,6.05916627728231,6.07327452264892,6.0976845968378,6.12662943718849,6.13151860975809,6.18677531275779,6.22791655789123,6.24052463757272,6.25735114393292,6.30315421893292,6.33328033361386,6.34771018828682,6.36149385154658,6.38116826574615,6.42223629480568,6.42567886636772,6.45605419868089,6.47076321578163,6.48880071897049,6.51412030618812,6.55764736136776,6.57251647562401,6.61541929361301,6.64824409706225,6.69961964746852,6.71643203053289,6.74015399244251,6.77496548266969,6.81017635213513,6.82155370996546,6.83285622554386,6.86768803799238,6.87299196376936,6.91268812049401,6.91660056915107,6.94214136274252,6.96662882492658,6.99845499269425,7.00381651399237,7.01835478533735,7.04207399489091,7.05110242969833,7.07085252295806,7.11262983128193,7.16304636077959,7.18413200895551,7.18923269309516,7.19818616371594,7.22095636163511,7.25104022079218,7.2836227596167,7.28988193818217,7.31764474371685,7.33834071710717,7.34854492638407,7.35439466579152,7.41190447394506,7.43365872354983,7.45102613475425,7.45511963575676,7.47647947117189,7.50196362811507,7.53177923846088,7.54876283857953,7.55859340457279,7.58779065407477,7.62786914772643,7.63846575578254,7.67867803399551,7.68551495483702,7.70869858953,7.72314216160076,7.75697956689211,7.78308427709748,7.82398374414664,7.82696331552922,7.84936653601962,7.87131594706028,7.88185774008311,7.90340007744446,7.92298175730601,7.94766885881895,7.98312837456097,7.99976386861536,8.03386720345423,8.05063094396937,8.06537898680889,8.10160820918956,8.11431626629108,8.14707671681833,8.16040932705851,8.1654718536645,8.22241525721937,8.25524125891766,8.2736554059684,8.31887726691011,8.32573994717453,8.34547231262008,8.38133796590527,8.39719979721869,8.40223328906728,8.42473423008914,8.4525834900877,8.46739965344237,8.50815486337975,8.5156963280317,8.54542456554367,8.57142065873269,8.61783023019026,8.63078143004146,8.65503811525367,8.66983153166557,8.69718937462072,8.71233649869307,8.74210858033418,8.77465711878502,8.79184519860438,8.80006724915849,8.85097839500332,8.86715282408479,8.8758121761294,8.90479254578427,8.93097160043673,8.97968438843942,8.98631502211627,9.03102633913003,9.07542909486309,9.1069744560815,9.13078524047527,9.13623154818306,9.16600537224964,9.20612195332597,9.24856628120536,9.25610195398702,9.27060378055291,9.3223026828157,9.33971580150624,9.36922292466136,9.38479631874477,9.42252390609834,9.45867055461169,9.4948017459561,9.53701655828042,9.55807076088031,9.60664290207225,9.60905088999418,9.63274730380689,9.64833891229355,9.6921951310204,9.73759308462251,9.75026935532456,9.77666643570398,9.81278581298854,9.83484987964401,9.875304598469,9.92376575326296,9.9470780532896,9.99701037910316,10.0219689821499,10.042193322183,10.0607400872856,10.090876870646,10.1054271668226,10.1236204092395,10.1769573400807,10.1958791586242,10.1971292512849,10.2668251683732,10.2942109703653,10.3208395919839,10.3768435982542,10.3806510467149,10.3953940315291,10.4396226687144,10.4758845305092,10.5124086462502,10.5386887985685,10.5515973831018,10.5806944392958,10.6072940440976,10.6824610658283,10.6861685879908,10.7679642377461,10.8108030382508,10.8725537834739,10.8788767394813,10.9374331138043,10.9640102470097,10.9988780285774,11.0607472527685,11.0961978280282,11.126017328074,11.1592607769904,11.1970641796107,11.2079161982873,11.2531684656732,11.2566843917519,11.2780638892304,11.3303068214695,11.3842620720794,11.4519913996784,11.4608391946451,11.5076814907196,11.5351590672528,11.5747815941252,11.6097957608906,11.6426595182712,11.6891352510665,11.7604841571152,11.7839245663385,11.8054962013484,11.8486628096274,11.8553466919728,11.8888087479394,11.9575496307589,12.0001521901937,12.0369019195052,12.0936871840707,12.1187583350233,12.1393617381905,12.1746191813929,12.2137348776078,12.2480193513813,12.2833142202004,12.3246667970753,12.3509243568987,12.3792045632772,12.3972310343015,12.4521177665615,12.5064303626981,12.5351045293523,12.633056239033,12.6728379028641,12.704561104572,12.7409101716452,12.7875184898727,12.819760093825,12.860925257321,12.9030416799529,12.963575452734,12.9790375994654,13.0137098141439,13.0419045269008,13.0449993712862,13.1060980180607,13.1542357783843,13.220801530761,13.2286585274127,13.2706589650176,13.3287232809534,13.3585195832084,13.4286719786187,13.4300308280971,13.4537729459773,13.5417472909525,13.5805949903616,13.6112940690389,13.6472966299677,13.6705605279824,13.7070696928934,13.7603926271192,13.7822014676854,13.83550944758,13.870393511877,13.9056484520894,13.9578821660822,14.0364868351662,14.0924476287564,14.0969850476634,14.1974101695643,14.2231179106727,14.2580713738642,14.2634002852668,14.3106104165707,14.4178230370699,14.4711158067136,14.490202350766,14.5049541795345,14.623753130155,14.6802482886376,14.7026341601682,14.7310926800375,14.7952956872294,14.8308024757058,14.9067614323246,14.9955090249739,15.0795238499374,15.1012779771828,15.2400404571632,15.2593534802863,15.2720675662998,15.415486970991,15.4591877728185,15.4654896171155,15.507490391595,15.5627816825369,15.6641527070045,15.7698983919517,15.859336286152,15.8956548159955,16.0163455209512,16.1049094584591,16.1977427813829,16.2538590458203,16.2887242839069,16.4622007021227,16.5856541062557,16.5905192988418,16.6874947221456,16.7602155114631,16.871610722046,16.9329595697149,17.0968471827146,17.1687748612923,17.3643352400024,17.4671033680651,17.6644079447071,17.9950836664016,18.083072978516,18.1999726062144,18.3466661039135,18.4268203283762,18.6314543480122,18.7638217454663,18.9771936447785,19.2057582847402,19.2188806641489,19.4633315156991,19.7174257419707,20.0672747331356,20.1576001663665,20.2732365554745,20.6519411865262,21.239052577227,21.5503353254903,23.3876781334206,NA,NA,NA,NA,NA,NA,NA,NA,NA,NA,NA,NA,NA,NA,NA,NA,NA,NA,NA,NA,NA
0.472489482613623,0.579831210371285,0.700341045656206,0.839058485473357,0.857494070213838,1.13111465962637,1.28156640413834,1.40475866037197,1.48492708277975,1.55528093907134,1.6514622272691,1.71674384879274,1.79398942705963,1.85608334085181,1.94311883223505,1.98027409728403,2.08633698492348,2.11931211984714,2.229520344585,2.41183742426706,2.49740715620483,2.54539404841034,2.60334711472929,2.67670935115817,2.70146833832491,2.77964563057446,2.85528933353209,2.90603843540365,3.00271044386917,3.02082959927884,3.06170374764461,3.09084855733084,3.10604069116653,3.2096715170197,3.30163575298118,3.36733487849748,3.38070643763045,3.41521175935387,3.50706517079242,3.53411967100456,3.5892034101823,3.61184238747595,3.67257162255334,3.72519634191588,3.77203687911401,3.80494560683752,3.80922255703858,3.85443984318518,3.92360379231204,3.92921105637524,3.98381372853316,4.07766335036078,4.10959604637138,4.16523193603534,4.20749059920329,4.25555347595785,4.27407990901703,4.29824732062843,4.33246951166965,4.36680158297168,4.40058585291938,4.48490922088096,4.52994802072645,4.55498082284098,4.585799667773,4.63803520152092,4.65723242956635,4.72748902486904,4.78132474461056,4.80479431805477,4.82763341262319,4.87101880552519,4.92974657951167,4.94256923624167,4.98305498863443,5.00227781507646,5.04198470800746,5.08340640740613,5.08763359633629,5.1402158544331,5.15465789098019,5.16745295914717,5.1907198840157,5.21722711567506,5.2499454755651,5.29390919211131,5.3102573146039,5.33944239745344,5.36841511990573,5.40903947253325,5.42518157798016,5.48358084144911,5.51118174471625,5.56604905457172,5.57700215328854,5.61010526832292,5.65555594848833,5.68319848420297,5.70133782888684,5.7234170463669,5.75905286583235,5.76975148026467,5.83320178248193,5.85204899798733,5.87642298292147,5.88852673265137,5.9171965197122,5.946461122725,5.97571303469803,6.00583075287767,6.03737057179768,6.05916627728231,6.07327452264892,6.0976845968378,6.12662943718849,6.13151860975809,6.18677531275779,6.22791655789123,6.24052463757272,6.25735114393292,6.30315421893292,6.33328033361386,6.34771018828682,6.36149385154658,6.38116826574615,6.42223629480568,6.42567886636772,6.45605419868089,6.47076321578163,6.48880071897049,6.51412030618812,6.55764736136776,6.57251647562401,6.61541929361301,6.64824409706225,6.69961964746852,6.71643203053289,6.74015399244251,6.77496548266969,6.81017635213513,6.82155370996546,6.83285622554386,6.86768803799238,6.87299196376936,6.91268812049401,6.91660056915107,6.94214136274252,6.96662882492658,6.99845499269425,7.00381651399237,7.01835478533735,7.04207399489091,7.05110242969833,7.07085252295806,7.11262983128193,7.16304636077959,7.18413200895551,7.18923269309516,7.19818616371594,7.22095636163511,7.25104022079218,7.2836227596167,7.28988193818217,7.31764474371685,7.33834071710717,7.34854492638407,7.35439466579152,7.41190447394506,7.43365872354983,7.45102613475425,7.45511963575676,7.47647947117189,7.50196362811507,7.53177923846088,7.54876283857953,7.55859340457279,7.58779065407477,7.62786914772643,7.63846575578254,7.67867803399551,7.68551495483702,7.70869858953,7.72314216160076,7.75697956689211,7.78308427709748,7.82398374414664,7.82696331552922,7.84936653601962,7.87131594706028,7.88185774008311,7.90340007744446,7.92298175730601,7.94766885881895,7.98312837456097,7.99976386861536,8.03386720345423,8.05063094396937,8.06537898680889,8.10160820918956,8.11431626629108,8.14707671681833,8.16040932705851,8.1654718536645,8.22241525721937,8.25524125891766,8.2736554059684,8.31887726691011,8.32573994717453,8.34547231262008,8.38133796590527,8.39719979721869,8.40223328906728,8.42473423008914,8.4525834900877,8.46739965344237,8.50815486337975,8.5156963280317,8.54542456554367,8.57142065873269,8.61783023019026,8.63078143004146,8.65503811525367,8.66983153166557,8.69718937462072,8.71233649869307,8.74210858033418,8.77465711878502,8.79184519860438,8.80006724915849,8.85097839500332,8.86715282408479,8.8758121761294,8.90479254578427,8.93097160043673,8.97968438843942,8.98631502211627,9.03102633913003,9.07542909486309,9.1069744560815,9.13078524047527,9.13623154818306,9.16600537224964,9.20612195332597,9.24856628120536,9.25610195398702,9.27060378055291,9.3223026828157,9.33971580150624,9.36922292466136,9.38479631874477,9.42252390609834,9.45867055461169,9.4948017459561,9.53701655828042,9.55807076088031,9.60664290207225,9.60905088999418,9.63274730380689,9.64833891229355,9.6921951310204,9.73759308462251,9.75026935532456,9.77666643570398,9.81278581298854,9.83484987964401,9.875304598469,9.92376575326296,9.9470780532896,9.99701037910316,10.0219689821499,10.042193322183,10.0607400872856,10.090876870646,10.1054271668226,10.1236204092395,10.1769573400807,10.1958791586242,10.1971292512849,10.2668251683732,10.2942109703653,10.3208395919839,10.3768435982542,10.3806510467149,10.3953940315291,10.4396226687144,10.4758845305092,10.5124086462502,10.5386887985685,10.5515973831018,10.5806944392958,10.6072940440976,10.6824610658283,10.6861685879908,10.7679642377461,10.8108030382508,10.8725537834739,10.8788767394813,10.9374331138043,10.9640102470097,10.9988780285774,11.0607472527685,11.0961978280282,11.126017328074,11.1592607769904,11.1970641796107,11.2079161982873,11.2531684656732,11.2566843917519,11.2780638892304,11.3303068214695,11.3842620720794,11.4519913996784,11.4608391946451,11.5076814907196,11.5351590672528,11.5747815941252,11.6097957608906,11.6426595182712,11.6891352510665,11.7604841571152,11.7839245663385,11.8054962013484,11.8486628096274,11.8553466919728,11.8888087479394,11.9575496307589,12.0001521901937,12.0369019195052,12.0936871840707,12.1187583350233,12.1393617381905,12.1746191813929,12.2137348776078,12.2480193513813,12.2833142202004,12.3246667970753,12.3509243568987,12.3792045632772,12.3972310343015,12.4521177665615,12.5064303626981,12.5351045293523,12.633056239033,12.6728379028641,12.704561104572,12.7409101716452,12.7875184898727,12.819760093825,12.860925257321,12.9030416799529,12.963575452734,12.9790375994654,13.0137098141439,13.0419045269008,13.0449993712862,13.1060980180607,13.1542357783843,13.220801530761,13.2286585274127,13.2706589650176,13.3287232809534,13.3585195832084,13.4286719786187,13.4300308280971,13.4537729459773,13.5417472909525,13.5805949903616,13.6112940690389,13.6472966299677,13.6705605279824,13.7070696928934,13.7603926271192,13.7822014676854,13.83550944758,13.870393511877,13.9056484520894,13.9578821660822,14.0364868351662,14.0924476287564,14.0969850476634,14.1974101695643,14.2231179106727,14.2580713738642,14.2634002852668,14.3106104165707,14.4178230370699,14.4711158067136,14.490202350766,14.5049541795345,14.623753130155,14.6802482886376,14.7026341601682,14.7310926800375,14.7952956872294,14.8308024757058,14.9067614323246,14.9955090249739,15.0795238499374,15.1012779771828,15.2400404571632,15.2593534802863,15.2720675662998,15.415486970991,15.4591877728185,15.4654896171155,15.507490391595,15.5627816825369,15.6641527070045,15.7698983919517,15.859336286152,15.8956548159955,16.0163455209512,16.1049094584591,16.1977427813829,16.2538590458203,16.2887242839069,16.4622007021227,16.5856541062557,16.5905192988418,16.6874947221456,16.7602155114631,16.871610722046,16.9329595697149,17.0968471827146,17.1687748612923,17.3643352400024,17.4671033680651,17.6644079447071,17.9950836664016,18.083072978516,18.1999726062144,18.3466661039135,18.4268203283762,18.6314543480122,18.7638217454663,18.9771936447785,19.2057582847402,19.2188806641489,19.4633315156991,19.7174257419707,20.0672747331356,20.1576001663665,20.2732365554745,20.6519411865262,21.239052577227,21.5503353254903,23.3876781334206,NA,NA,NA,NA,NA,NA,NA,NA,NA,NA,NA,NA,NA,NA,NA,NA,NA,NA,NA,NA,NA
0.472489482613623,0.579831210371285,0.700341045656206,0.839058485473357,0.857494070213838,1.13111465962637,1.28156640413834,1.40475866037197,1.48492708277975,1.55528093907134,1.6514622272691,1.71674384879274,1.79398942705963,1.85608334085181,1.94311883223505,1.98027409728403,2.08633698492348,2.11931211984714,2.229520344585,2.41183742426706,2.49740715620483,2.54539404841034,2.60334711472929,2.67670935115817,2.70146833832491,2.77964563057446,2.85528933353209,2.90603843540365,3.00271044386917,3.02082959927884,3.06170374764461,3.09084855733084,3.10604069116653,3.2096715170197,3.30163575298118,3.36733487849748,3.38070643763045,3.41521175935387,3.50706517079242,3.53411967100456,3.5892034101823,3.61184238747595,3.67257162255334,3.72519634191588,3.77203687911401,3.80494560683752,3.80922255703858,3.85443984318518,3.92360379231204,3.92921105637524,3.98381372853316,4.07766335036078,4.10959604637138,4.16523193603534,4.20749059920329,4.25555347595785,4.27407990901703,4.29824732062843,4.33246951166965,4.36680158297168,4.40058585291938,4.48490922088096,4.52994802072645,4.55498082284098,4.585799667773,4.63803520152092,4.65723242956635,4.72748902486904,4.78132474461056,4.80479431805477,4.82763341262319,4.87101880552519,4.92974657951167,4.94256923624167,4.98305498863443,5.00227781507646,5.04198470800746,5.08340640740613,5.08763359633629,5.1402158544331,5.15465789098019,5.16745295914717,5.1907198840157,5.21722711567506,5.2499454755651,5.29390919211131,5.3102573146039,5.33944239745344,5.36841511990573,5.40903947253325,5.42518157798016,5.48358084144911,5.51118174471625,5.56604905457172,5.57700215328854,5.61010526832292,5.65555594848833,5.68319848420297,5.70133782888684,5.7234170463669,5.75905286583235,5.76975148026467,5.83320178248193,5.85204899798733,5.87642298292147,5.88852673265137,5.9171965197122,5.946461122725,5.97571303469803,6.00583075287767,6.03737057179768,6.05916627728231,6.07327452264892,6.0976845968378,6.12662943718849,6.13151860975809,6.18677531275779,6.22791655789123,6.24052463757272,6.25735114393292,6.30315421893292,6.33328033361386,6.34771018828682,6.36149385154658,6.38116826574615,6.42223629480568,6.42567886636772,6.45605419868089,6.47076321578163,6.48880071897049,6.51412030618812,6.55764736136776,6.57251647562401,6.61541929361301,6.64824409706225,6.69961964746852,6.71643203053289,6.74015399244251,6.77496548266969,6.81017635213513,6.82155370996546,6.83285622554386,6.86768803799238,6.87299196376936,6.91268812049401,6.91660056915107,6.94214136274252,6.96662882492658,6.99845499269425,7.00381651399237,7.01835478533735,7.04207399489091,7.05110242969833,7.07085252295806,7.11262983128193,7.16304636077959,7.18413200895551,7.18923269309516,7.19818616371594,7.22095636163511,7.25104022079218,7.2836227596167,7.28988193818217,7.31764474371685,7.33834071710717,7.34854492638407,7.35439466579152,7.41190447394506,7.43365872354983,7.45102613475425,7.45511963575676,7.47647947117189,7.50196362811507,7.53177923846088,7.54876283857953,7.55859340457279,7.58779065407477,7.62786914772643,7.63846575578254,7.67867803399551,7.68551495483702,7.70869858953,7.72314216160076,7.75697956689211,7.78308427709748,7.82398374414664,7.82696331552922,7.84936653601962,7.87131594706028,7.88185774008311,7.90340007744446,7.92298175730601,7.94766885881895,7.98312837456097,7.99976386861536,8.03386720345423,8.05063094396937,8.06537898680889,8.10160820918956,8.11431626629108,8.14707671681833,8.16040932705851,8.1654718536645,8.22241525721937,8.25524125891766,8.2736554059684,8.31887726691011,8.32573994717453,8.34547231262008,8.38133796590527,8.39719979721869,8.40223328906728,8.42473423008914,8.4525834900877,8.46739965344237,8.50815486337975,8.5156963280317,8.54542456554367,8.57142065873269,8.61783023019026,8.63078143004146,8.65503811525367,8.66983153166557,8.69718937462072,8.71233649869307,8.74210858033418,8.77465711878502,8.79184519860438,8.80006724915849,8.85097839500332,8.86715282408479,8.8758121761294,8.90479254578427,8.93097160043673,8.97968438843942,8.98631502211627,9.03102633913003,9.07542909486309,9.1069744560815,9.13078524047527,9.13623154818306,9.16600537224964,9.20612195332597,9.24856628120536,9.25610195398702,9.27060378055291,9.3223026828157,9.33971580150624,9.36922292466136,9.38479631874477,9.42252390609834,9.45867055461169,9.4948017459561,9.53701655828042,9.55807076088031,9.60664290207225,9.60905088999418,9.63274730380689,9.64833891229355,9.6921951310204,9.73759308462251,9.75026935532456,9.77666643570398,9.81278581298854,9.83484987964401,9.875304598469,9.92376575326296,9.9470780532896,9.99701037910316,10.0219689821499,10.042193322183,10.0607400872856,10.090876870646,10.1054271668226,10.1236204092395,10.1769573400807,10.1958791586242,10.1971292512849,10.2668251683732,10.2942109703653,10.3208395919839,10.3768435982542,10.3806510467149,10.3953940315291,10.4396226687144,10.4758845305092,10.5124086462502,10.5386887985685,10.5515973831018,10.5806944392958,10.6072940440976,10.6824610658283,10.6861685879908,10.7679642377461,10.8108030382508,10.8725537834739,10.8788767394813,10.9374331138043,10.9640102470097,10.9988780285774,11.0607472527685,11.0961978280282,11.126017328074,11.1592607769904,11.1970641796107,11.2079161982873,11.2531684656732,11.2566843917519,11.2780638892304,11.3303068214695,11.3842620720794,11.4519913996784,11.4608391946451,11.5076814907196,11.5351590672528,11.5747815941252,11.6097957608906,11.6426595182712,11.6891352510665,11.7604841571152,11.7839245663385,11.8054962013484,11.8486628096274,11.8553466919728,11.8888087479394,11.9575496307589,12.0001521901937,12.0369019195052,12.0936871840707,12.1187583350233,12.1393617381905,12.1746191813929,12.2137348776078,12.2480193513813,12.2833142202004,12.3246667970753,12.3509243568987,12.3792045632772,12.3972310343015,12.4521177665615,12.5064303626981,12.5351045293523,12.633056239033,12.6728379028641,12.704561104572,12.7409101716452,12.7875184898727,12.819760093825,12.860925257321,12.9030416799529,12.963575452734,12.9790375994654,13.0137098141439,13.0419045269008,13.0449993712862,13.1060980180607,13.1542357783843,13.220801530761,13.2286585274127,13.2706589650176,13.3287232809534,13.3585195832084,13.4286719786187,13.4300308280971,13.4537729459773,13.5417472909525,13.5805949903616,13.6112940690389,13.6472966299677,13.6705605279824,13.7070696928934,13.7603926271192,13.7822014676854,13.83550944758,13.870393511877,13.9056484520894,13.9578821660822,14.0364868351662,14.0924476287564,14.0969850476634,14.1974101695643,14.2231179106727,14.2580713738642,14.2634002852668,14.3106104165707,14.4178230370699,14.4711158067136,14.490202350766,14.5049541795345,14.623753130155,14.6802482886376,14.7026341601682,14.7310926800375,14.7952956872294,14.8308024757058,14.9067614323246,14.9955090249739,15.0795238499374,15.1012779771828,15.2400404571632,15.2593534802863,15.2720675662998,15.415486970991,15.4591877728185,15.4654896171155,15.507490391595,15.5627816825369,15.6641527070045,15.7698983919517,15.859336286152,15.8956548159955,16.0163455209512,16.1049094584591,16.1977427813829,16.2538590458203,16.2887242839069,16.4622007021227,16.5856541062557,16.5905192988418,16.6874947221456,16.7602155114631,16.871610722046,16.9329595697149,17.0968471827146,17.1687748612923,17.3643352400024,17.4671033680651,17.6644079447071,17.9950836664016,18.083072978516,18.1999726062144,18.3466661039135,18.4268203283762,18.6314543480122,18.7638217454663,18.9771936447785,19.2057582847402,19.2188806641489,19.4633315156991,19.7174257419707,20.0672747331356,20.1576001663665,20.2732365554745,20.6519411865262,21.239052577227,21.5503353254903,23.3876781334206,NA,NA,NA,NA,NA,NA,NA,NA,NA,NA,NA,NA,NA,NA,NA,NA,NA,NA,NA,NA,NA
0.472489482613623,0.579831210371285,0.700341045656206,0.839058485473357,0.857494070213838,1.13111465962637,1.28156640413834,1.40475866037197,1.48492708277975,1.55528093907134,1.6514622272691,1.71674384879274,1.79398942705963,1.85608334085181,1.94311883223505,1.98027409728403,2.08633698492348,2.11931211984714,2.229520344585,2.41183742426706,2.49740715620483,2.54539404841034,2.60334711472929,2.67670935115817,2.70146833832491,2.77964563057446,2.85528933353209,2.90603843540365,3.00271044386917,3.02082959927884,3.06170374764461,3.09084855733084,3.10604069116653,3.2096715170197,3.30163575298118,3.36733487849748,3.38070643763045,3.41521175935387,3.50706517079242,3.53411967100456,3.5892034101823,3.61184238747595,3.67257162255334,3.72519634191588,3.77203687911401,3.80494560683752,3.80922255703858,3.85443984318518,3.92360379231204,3.92921105637524,3.98381372853316,4.07766335036078,4.10959604637138,4.16523193603534,4.20749059920329,4.25555347595785,4.27407990901703,4.29824732062843,4.33246951166965,4.36680158297168,4.40058585291938,4.48490922088096,4.52994802072645,4.55498082284098,4.585799667773,4.63803520152092,4.65723242956635,4.72748902486904,4.78132474461056,4.80479431805477,4.82763341262319,4.87101880552519,4.92974657951167,4.94256923624167,4.98305498863443,5.00227781507646,5.04198470800746,5.08340640740613,5.08763359633629,5.1402158544331,5.15465789098019,5.16745295914717,5.1907198840157,5.21722711567506,5.2499454755651,5.29390919211131,5.3102573146039,5.33944239745344,5.36841511990573,5.40903947253325,5.42518157798016,5.48358084144911,5.51118174471625,5.56604905457172,5.57700215328854,5.61010526832292,5.65555594848833,5.68319848420297,5.70133782888684,5.7234170463669,5.75905286583235,5.76975148026467,5.83320178248193,5.85204899798733,5.87642298292147,5.88852673265137,5.9171965197122,5.946461122725,5.97571303469803,6.00583075287767,6.03737057179768,6.05916627728231,6.07327452264892,6.0976845968378,6.12662943718849,6.13151860975809,6.18677531275779,6.22791655789123,6.24052463757272,6.25735114393292,6.30315421893292,6.33328033361386,6.34771018828682,6.36149385154658,6.38116826574615,6.42223629480568,6.42567886636772,6.45605419868089,6.47076321578163,6.48880071897049,6.51412030618812,6.55764736136776,6.57251647562401,6.61541929361301,6.64824409706225,6.69961964746852,6.71643203053289,6.74015399244251,6.77496548266969,6.81017635213513,6.82155370996546,6.83285622554386,6.86768803799238,6.87299196376936,6.91268812049401,6.91660056915107,6.94214136274252,6.96662882492658,6.99845499269425,7.00381651399237,7.01835478533735,7.04207399489091,7.05110242969833,7.07085252295806,7.11262983128193,7.16304636077959,7.18413200895551,7.18923269309516,7.19818616371594,7.22095636163511,7.25104022079218,7.2836227596167,7.28988193818217,7.31764474371685,7.33834071710717,7.34854492638407,7.35439466579152,7.41190447394506,7.43365872354983,7.45102613475425,7.45511963575676,7.47647947117189,7.50196362811507,7.53177923846088,7.54876283857953,7.55859340457279,7.58779065407477,7.62786914772643,7.63846575578254,7.67867803399551,7.68551495483702,7.70869858953,7.72314216160076,7.75697956689211,7.78308427709748,7.82398374414664,7.82696331552922,7.84936653601962,7.87131594706028,7.88185774008311,7.90340007744446,7.92298175730601,7.94766885881895,7.98312837456097,7.99976386861536,8.03386720345423,8.05063094396937,8.06537898680889,8.10160820918956,8.11431626629108,8.14707671681833,8.16040932705851,8.1654718536645,8.22241525721937,8.25524125891766,8.2736554059684,8.31887726691011,8.32573994717453,8.34547231262008,8.38133796590527,8.39719979721869,8.40223328906728,8.42473423008914,8.4525834900877,8.46739965344237,8.50815486337975,8.5156963280317,8.54542456554367,8.57142065873269,8.61783023019026,8.63078143004146,8.65503811525367,8.66983153166557,8.69718937462072,8.71233649869307,8.74210858033418,8.77465711878502,8.79184519860438,8.80006724915849,8.85097839500332,8.86715282408479,8.8758121761294,8.90479254578427,8.93097160043673,8.97968438843942,8.98631502211627,9.03102633913003,9.07542909486309,9.1069744560815,9.13078524047527,9.13623154818306,9.16600537224964,9.20612195332597,9.24856628120536,9.25610195398702,9.27060378055291,9.3223026828157,9.33971580150624,9.36922292466136,9.38479631874477,9.42252390609834,9.45867055461169,9.4948017459561,9.53701655828042,9.55807076088031,9.60664290207225,9.60905088999418,9.63274730380689,9.64833891229355,9.6921951310204,9.73759308462251,9.75026935532456,9.77666643570398,9.81278581298854,9.83484987964401,9.875304598469,9.92376575326296,9.9470780532896,9.99701037910316,10.0219689821499,10.042193322183,10.0607400872856,10.090876870646,10.1054271668226,10.1236204092395,10.1769573400807,10.1958791586242,10.1971292512849,10.2668251683732,10.2942109703653,10.3208395919839,10.3768435982542,10.3806510467149,10.3953940315291,10.4396226687144,10.4758845305092,10.5124086462502,10.5386887985685,10.5515973831018,10.5806944392958,10.6072940440976,10.6824610658283,10.6861685879908,10.7679642377461,10.8108030382508,10.8725537834739,10.8788767394813,10.9374331138043,10.9640102470097,10.9988780285774,11.0607472527685,11.0961978280282,11.126017328074,11.1592607769904,11.1970641796107,11.2079161982873,11.2531684656732,11.2566843917519,11.2780638892304,11.3303068214695,11.3842620720794,11.4519913996784,11.4608391946451,11.5076814907196,11.5351590672528,11.5747815941252,11.6097957608906,11.6426595182712,11.6891352510665,11.7604841571152,11.7839245663385,11.8054962013484,11.8486628096274,11.8553466919728,11.8888087479394,11.9575496307589,12.0001521901937,12.0369019195052,12.0936871840707,12.1187583350233,12.1393617381905,12.1746191813929,12.2137348776078,12.2480193513813,12.2833142202004,12.3246667970753,12.3509243568987,12.3792045632772,12.3972310343015,12.4521177665615,12.5064303626981,12.5351045293523,12.633056239033,12.6728379028641,12.704561104572,12.7409101716452,12.7875184898727,12.819760093825,12.860925257321,12.9030416799529,12.963575452734,12.9790375994654,13.0137098141439,13.0419045269008,13.0449993712862,13.1060980180607,13.1542357783843,13.220801530761,13.2286585274127,13.2706589650176,13.3287232809534,13.3585195832084,13.4286719786187,13.4300308280971,13.4537729459773,13.5417472909525,13.5805949903616,13.6112940690389,13.6472966299677,13.6705605279824,13.7070696928934,13.7603926271192,13.7822014676854,13.83550944758,13.870393511877,13.9056484520894,13.9578821660822,14.0364868351662,14.0924476287564,14.0969850476634,14.1974101695643,14.2231179106727,14.2580713738642,14.2634002852668,14.3106104165707,14.4178230370699,14.4711158067136,14.490202350766,14.5049541795345,14.623753130155,14.6802482886376,14.7026341601682,14.7310926800375,14.7952956872294,14.8308024757058,14.9067614323246,14.9955090249739,15.0795238499374,15.1012779771828,15.2400404571632,15.2593534802863,15.2720675662998,15.415486970991,15.4591877728185,15.4654896171155,15.507490391595,15.5627816825369,15.6641527070045,15.7698983919517,15.859336286152,15.8956548159955,16.0163455209512,16.1049094584591,16.1977427813829,16.2538590458203,16.2887242839069,16.4622007021227,16.5856541062557,16.5905192988418,16.6874947221456,16.7602155114631,16.871610722046,16.9329595697149,17.0968471827146,17.1687748612923,17.3643352400024,17.4671033680651,17.6644079447071,17.9950836664016,18.083072978516,18.1999726062144,18.3466661039135,18.4268203283762,18.6314543480122,18.7638217454663,18.9771936447785,19.2057582847402,19.2188806641489,19.4633315156991,19.7174257419707,20.0672747331356,20.1576001663665,20.2732365554745,20.6519411865262,21.239052577227,21.5503353254903,23.3876781334206,NA,NA,NA,NA,NA,NA,NA,NA,NA,NA,NA,NA,NA,NA,NA,NA,NA,NA,NA,NA,NA
0.472489482613623,0.579831210371285,0.700341045656206,0.839058485473357,0.857494070213838,1.13111465962637,1.28156640413834,1.40475866037197,1.48492708277975,1.55528093907134,1.6514622272691,1.71674384879274,1.79398942705963,1.85608334085181,1.94311883223505,1.98027409728403,2.08633698492348,2.11931211984714,2.229520344585,2.41183742426706,2.49740715620483,2.54539404841034,2.60334711472929,2.67670935115817,2.70146833832491,2.77964563057446,2.85528933353209,2.90603843540365,3.00271044386917,3.02082959927884,3.06170374764461,3.09084855733084,3.10604069116653,3.2096715170197,3.30163575298118,3.36733487849748,3.38070643763045,3.41521175935387,3.50706517079242,3.53411967100456,3.5892034101823,3.61184238747595,3.67257162255334,3.72519634191588,3.77203687911401,3.80494560683752,3.80922255703858,3.85443984318518,3.92360379231204,3.92921105637524,3.98381372853316,4.07766335036078,4.10959604637138,4.16523193603534,4.20749059920329,4.25555347595785,4.27407990901703,4.29824732062843,4.33246951166965,4.36680158297168,4.40058585291938,4.48490922088096,4.52994802072645,4.55498082284098,4.585799667773,4.63803520152092,4.65723242956635,4.72748902486904,4.78132474461056,4.80479431805477,4.82763341262319,4.87101880552519,4.92974657951167,4.94256923624167,4.98305498863443,5.00227781507646,5.04198470800746,5.08340640740613,5.08763359633629,5.1402158544331,5.15465789098019,5.16745295914717,5.1907198840157,5.21722711567506,5.2499454755651,5.29390919211131,5.3102573146039,5.33944239745344,5.36841511990573,5.40903947253325,5.42518157798016,5.48358084144911,5.51118174471625,5.56604905457172,5.57700215328854,5.61010526832292,5.65555594848833,5.68319848420297,5.70133782888684,5.7234170463669,5.75905286583235,5.76975148026467,5.83320178248193,5.85204899798733,5.87642298292147,5.88852673265137,5.9171965197122,5.946461122725,5.97571303469803,6.00583075287767,6.03737057179768,6.05916627728231,6.07327452264892,6.0976845968378,6.12662943718849,6.13151860975809,6.18677531275779,6.22791655789123,6.24052463757272,6.25735114393292,6.30315421893292,6.33328033361386,6.34771018828682,6.36149385154658,6.38116826574615,6.42223629480568,6.42567886636772,6.45605419868089,6.47076321578163,6.48880071897049,6.51412030618812,6.55764736136776,6.57251647562401,6.61541929361301,6.64824409706225,6.69961964746852,6.71643203053289,6.74015399244251,6.77496548266969,6.81017635213513,6.82155370996546,6.83285622554386,6.86768803799238,6.87299196376936,6.91268812049401,6.91660056915107,6.94214136274252,6.96662882492658,6.99845499269425,7.00381651399237,7.01835478533735,7.04207399489091,7.05110242969833,7.07085252295806,7.11262983128193,7.16304636077959,7.18413200895551,7.18923269309516,7.19818616371594,7.22095636163511,7.25104022079218,7.2836227596167,7.28988193818217,7.31764474371685,7.33834071710717,7.34854492638407,7.35439466579152,7.41190447394506,7.43365872354983,7.45102613475425,7.45511963575676,7.47647947117189,7.50196362811507,7.53177923846088,7.54876283857953,7.55859340457279,7.58779065407477,7.62786914772643,7.63846575578254,7.67867803399551,7.68551495483702,7.70869858953,7.72314216160076,7.75697956689211,7.78308427709748,7.82398374414664,7.82696331552922,7.84936653601962,7.87131594706028,7.88185774008311,7.90340007744446,7.92298175730601,7.94766885881895,7.98312837456097,7.99976386861536,8.03386720345423,8.05063094396937,8.06537898680889,8.10160820918956,8.11431626629108,8.14707671681833,8.16040932705851,8.1654718536645,8.22241525721937,8.25524125891766,8.2736554059684,8.31887726691011,8.32573994717453,8.34547231262008,8.38133796590527,8.39719979721869,8.40223328906728,8.42473423008914,8.4525834900877,8.46739965344237,8.50815486337975,8.5156963280317,8.54542456554367,8.57142065873269,8.61783023019026,8.63078143004146,8.65503811525367,8.66983153166557,8.69718937462072,8.71233649869307,8.74210858033418,8.77465711878502,8.79184519860438,8.80006724915849,8.85097839500332,8.86715282408479,8.8758121761294,8.90479254578427,8.93097160043673,8.97968438843942,8.98631502211627,9.03102633913003,9.07542909486309,9.1069744560815,9.13078524047527,9.13623154818306,9.16600537224964,9.20612195332597,9.24856628120536,9.25610195398702,9.27060378055291,9.3223026828157,9.33971580150624,9.36922292466136,9.38479631874477,9.42252390609834,9.45867055461169,9.4948017459561,9.53701655828042,9.55807076088031,9.60664290207225,9.60905088999418,9.63274730380689,9.64833891229355,9.6921951310204,9.73759308462251,9.75026935532456,9.77666643570398,9.81278581298854,9.83484987964401,9.875304598469,9.92376575326296,9.9470780532896,9.99701037910316,10.0219689821499,10.042193322183,10.0607400872856,10.090876870646,10.1054271668226,10.1236204092395,10.1769573400807,10.1958791586242,10.1971292512849,10.2668251683732,10.2942109703653,10.3208395919839,10.3768435982542,10.3806510467149,10.3953940315291,10.4396226687144,10.4758845305092,10.5124086462502,10.5386887985685,10.5515973831018,10.5806944392958,10.6072940440976,10.6824610658283,10.6861685879908,10.7679642377461,10.8108030382508,10.8725537834739,10.8788767394813,10.9374331138043,10.9640102470097,10.9988780285774,11.0607472527685,11.0961978280282,11.126017328074,11.1592607769904,11.1970641796107,11.2079161982873,11.2531684656732,11.2566843917519,11.2780638892304,11.3303068214695,11.3842620720794,11.4519913996784,11.4608391946451,11.5076814907196,11.5351590672528,11.5747815941252,11.6097957608906,11.6426595182712,11.6891352510665,11.7604841571152,11.7839245663385,11.8054962013484,11.8486628096274,11.8553466919728,11.8888087479394,11.9575496307589,12.0001521901937,12.0369019195052,12.0936871840707,12.1187583350233,12.1393617381905,12.1746191813929,12.2137348776078,12.2480193513813,12.2833142202004,12.3246667970753,12.3509243568987,12.3792045632772,12.3972310343015,12.4521177665615,12.5064303626981,12.5351045293523,12.633056239033,12.6728379028641,12.704561104572,12.7409101716452,12.7875184898727,12.819760093825,12.860925257321,12.9030416799529,12.963575452734,12.9790375994654,13.0137098141439,13.0419045269008,13.0449993712862,13.1060980180607,13.1542357783843,13.220801530761,13.2286585274127,13.2706589650176,13.3287232809534,13.3585195832084,13.4286719786187,13.4300308280971,13.4537729459773,13.5417472909525,13.5805949903616,13.6112940690389,13.6472966299677,13.6705605279824,13.7070696928934,13.7603926271192,13.7822014676854,13.83550944758,13.870393511877,13.9056484520894,13.9578821660822,14.0364868351662,14.0924476287564,14.0969850476634,14.1974101695643,14.2231179106727,14.2580713738642,14.2634002852668,14.3106104165707,14.4178230370699,14.4711158067136,14.490202350766,14.5049541795345,14.623753130155,14.6802482886376,14.7026341601682,14.7310926800375,14.7952956872294,14.8308024757058,14.9067614323246,14.9955090249739,15.0795238499374,15.1012779771828,15.2400404571632,15.2593534802863,15.2720675662998,15.415486970991,15.4591877728185,15.4654896171155,15.507490391595,15.5627816825369,15.6641527070045,15.7698983919517,15.859336286152,15.8956548159955,16.0163455209512,16.1049094584591,16.1977427813829,16.2538590458203,16.2887242839069,16.4622007021227,16.5856541062557,16.5905192988418,16.6874947221456,16.7602155114631,16.871610722046,16.9329595697149,17.0968471827146,17.1687748612923,17.3643352400024,17.4671033680651,17.6644079447071,17.9950836664016,18.083072978516,18.1999726062144,18.3466661039135,18.4268203283762,18.6314543480122,18.7638217454663,18.9771936447785,19.2057582847402,19.2188806641489,19.4633315156991,19.7174257419707,20.0672747331356,20.1576001663665,20.2732365554745,20.6519411865262,21.239052577227,21.5503353254903,23.3876781334206,NA,NA,NA,NA,NA,NA,NA,NA,NA,NA,NA,NA,NA,NA,NA,NA,NA,NA,NA,NA,NA
0.472489482613623,0.579831210371285,0.700341045656206,0.839058485473357,0.857494070213838,1.13111465962637,1.28156640413834,1.40475866037197,1.48492708277975,1.55528093907134,1.6514622272691,1.71674384879274,1.79398942705963,1.85608334085181,1.94311883223505,1.98027409728403,2.08633698492348,2.11931211984714,2.229520344585,2.41183742426706,2.49740715620483,2.54539404841034,2.60334711472929,2.67670935115817,2.70146833832491,2.77964563057446,2.85528933353209,2.90603843540365,3.00271044386917,3.02082959927884,3.06170374764461,3.09084855733084,3.10604069116653,3.2096715170197,3.30163575298118,3.36733487849748,3.38070643763045,3.41521175935387,3.50706517079242,3.53411967100456,3.5892034101823,3.61184238747595,3.67257162255334,3.72519634191588,3.77203687911401,3.80494560683752,3.80922255703858,3.85443984318518,3.92360379231204,3.92921105637524,3.98381372853316,4.07766335036078,4.10959604637138,4.16523193603534,4.20749059920329,4.25555347595785,4.27407990901703,4.29824732062843,4.33246951166965,4.36680158297168,4.40058585291938,4.48490922088096,4.52994802072645,4.55498082284098,4.585799667773,4.63803520152092,4.65723242956635,4.72748902486904,4.78132474461056,4.80479431805477,4.82763341262319,4.87101880552519,4.92974657951167,4.94256923624167,4.98305498863443,5.00227781507646,5.04198470800746,5.08340640740613,5.08763359633629,5.1402158544331,5.15465789098019,5.16745295914717,5.1907198840157,5.21722711567506,5.2499454755651,5.29390919211131,5.3102573146039,5.33944239745344,5.36841511990573,5.40903947253325,5.42518157798016,5.48358084144911,5.51118174471625,5.56604905457172,5.57700215328854,5.61010526832292,5.65555594848833,5.68319848420297,5.70133782888684,5.7234170463669,5.75905286583235,5.76975148026467,5.83320178248193,5.85204899798733,5.87642298292147,5.88852673265137,5.9171965197122,5.946461122725,5.97571303469803,6.00583075287767,6.03737057179768,6.05916627728231,6.07327452264892,6.0976845968378,6.12662943718849,6.13151860975809,6.18677531275779,6.22791655789123,6.24052463757272,6.25735114393292,6.30315421893292,6.33328033361386,6.34771018828682,6.36149385154658,6.38116826574615,6.42223629480568,6.42567886636772,6.45605419868089,6.47076321578163,6.48880071897049,6.51412030618812,6.55764736136776,6.57251647562401,6.61541929361301,6.64824409706225,6.69961964746852,6.71643203053289,6.74015399244251,6.77496548266969,6.81017635213513,6.82155370996546,6.83285622554386,6.86768803799238,6.87299196376936,6.91268812049401,6.91660056915107,6.94214136274252,6.96662882492658,6.99845499269425,7.00381651399237,7.01835478533735,7.04207399489091,7.05110242969833,7.07085252295806,7.11262983128193,7.16304636077959,7.18413200895551,7.18923269309516,7.19818616371594,7.22095636163511,7.25104022079218,7.2836227596167,7.28988193818217,7.31764474371685,7.33834071710717,7.34854492638407,7.35439466579152,7.41190447394506,7.43365872354983,7.45102613475425,7.45511963575676,7.47647947117189,7.50196362811507,7.53177923846088,7.54876283857953,7.55859340457279,7.58779065407477,7.62786914772643,7.63846575578254,7.67867803399551,7.68551495483702,7.70869858953,7.72314216160076,7.75697956689211,7.78308427709748,7.82398374414664,7.82696331552922,7.84936653601962,7.87131594706028,7.88185774008311,7.90340007744446,7.92298175730601,7.94766885881895,7.98312837456097,7.99976386861536,8.03386720345423,8.05063094396937,8.06537898680889,8.10160820918956,8.11431626629108,8.14707671681833,8.16040932705851,8.1654718536645,8.22241525721937,8.25524125891766,8.2736554059684,8.31887726691011,8.32573994717453,8.34547231262008,8.38133796590527,8.39719979721869,8.40223328906728,8.42473423008914,8.4525834900877,8.46739965344237,8.50815486337975,8.5156963280317,8.54542456554367,8.57142065873269,8.61783023019026,8.63078143004146,8.65503811525367,8.66983153166557,8.69718937462072,8.71233649869307,8.74210858033418,8.77465711878502,8.79184519860438,8.80006724915849,8.85097839500332,8.86715282408479,8.8758121761294,8.90479254578427,8.93097160043673,8.97968438843942,8.98631502211627,9.03102633913003,9.07542909486309,9.1069744560815,9.13078524047527,9.13623154818306,9.16600537224964,9.20612195332597,9.24856628120536,9.25610195398702,9.27060378055291,9.3223026828157,9.33971580150624,9.36922292466136,9.38479631874477,9.42252390609834,9.45867055461169,9.4948017459561,9.53701655828042,9.55807076088031,9.60664290207225,9.60905088999418,9.63274730380689,9.64833891229355,9.6921951310204,9.73759308462251,9.75026935532456,9.77666643570398,9.81278581298854,9.83484987964401,9.875304598469,9.92376575326296,9.9470780532896,9.99701037910316,10.0219689821499,10.042193322183,10.0607400872856,10.090876870646,10.1054271668226,10.1236204092395,10.1769573400807,10.1958791586242,10.1971292512849,10.2668251683732,10.2942109703653,10.3208395919839,10.3768435982542,10.3806510467149,10.3953940315291,10.4396226687144,10.4758845305092,10.5124086462502,10.5386887985685,10.5515973831018,10.5806944392958,10.6072940440976,10.6824610658283,10.6861685879908,10.7679642377461,10.8108030382508,10.8725537834739,10.8788767394813,10.9374331138043,10.9640102470097,10.9988780285774,11.0607472527685,11.0961978280282,11.126017328074,11.1592607769904,11.1970641796107,11.2079161982873,11.2531684656732,11.2566843917519,11.2780638892304,11.3303068214695,11.3842620720794,11.4519913996784,11.4608391946451,11.5076814907196,11.5351590672528,11.5747815941252,11.6097957608906,11.6426595182712,11.6891352510665,11.7604841571152,11.7839245663385,11.8054962013484,11.8486628096274,11.8553466919728,11.8888087479394,11.9575496307589,12.0001521901937,12.0369019195052,12.0936871840707,12.1187583350233,12.1393617381905,12.1746191813929,12.2137348776078,12.2480193513813,12.2833142202004,12.3246667970753,12.3509243568987,12.3792045632772,12.3972310343015,12.4521177665615,12.5064303626981,12.5351045293523,12.633056239033,12.6728379028641,12.704561104572,12.7409101716452,12.7875184898727,12.819760093825,12.860925257321,12.9030416799529,12.963575452734,12.9790375994654,13.0137098141439,13.0419045269008,13.0449993712862,13.1060980180607,13.1542357783843,13.220801530761,13.2286585274127,13.2706589650176,13.3287232809534,13.3585195832084,13.4286719786187,13.4300308280971,13.4537729459773,13.5417472909525,13.5805949903616,13.6112940690389,13.6472966299677,13.6705605279824,13.7070696928934,13.7603926271192,13.7822014676854,13.83550944758,13.870393511877,13.9056484520894,13.9578821660822,14.0364868351662,14.0924476287564,14.0969850476634,14.1974101695643,14.2231179106727,14.2580713738642,14.2634002852668,14.3106104165707,14.4178230370699,14.4711158067136,14.490202350766,14.5049541795345,14.623753130155,14.6802482886376,14.7026341601682,14.7310926800375,14.7952956872294,14.8308024757058,14.9067614323246,14.9955090249739,15.0795238499374,15.1012779771828,15.2400404571632,15.2593534802863,15.2720675662998,15.415486970991,15.4591877728185,15.4654896171155,15.507490391595,15.5627816825369,15.6641527070045,15.7698983919517,15.859336286152,15.8956548159955,16.0163455209512,16.1049094584591,16.1977427813829,16.2538590458203,16.2887242839069,16.4622007021227,16.5856541062557,16.5905192988418,16.6874947221456,16.7602155114631,16.871610722046,16.9329595697149,17.0968471827146,17.1687748612923,17.3643352400024,17.4671033680651,17.6644079447071,17.9950836664016,18.083072978516,18.1999726062144,18.3466661039135,18.4268203283762,18.6314543480122,18.7638217454663,18.9771936447785,19.2057582847402,19.2188806641489,19.4633315156991,19.7174257419707,20.0672747331356,20.1576001663665,20.2732365554745,20.6519411865262,21.239052577227,21.5503353254903,23.3876781334206,NA,NA,NA,NA,NA,NA,NA,NA,NA,NA,NA,NA,NA,NA,NA,NA,NA,NA,NA,NA,NA
0.472489482613623,0.579831210371285,0.700341045656206,0.839058485473357,0.857494070213838,1.13111465962637,1.28156640413834,1.40475866037197,1.48492708277975,1.55528093907134,1.6514622272691,1.71674384879274,1.79398942705963,1.85608334085181,1.94311883223505,1.98027409728403,2.08633698492348,2.11931211984714,2.229520344585,2.41183742426706,2.49740715620483,2.54539404841034,2.60334711472929,2.67670935115817,2.70146833832491,2.77964563057446,2.85528933353209,2.90603843540365,3.00271044386917,3.02082959927884,3.06170374764461,3.09084855733084,3.10604069116653,3.2096715170197,3.30163575298118,3.36733487849748,3.38070643763045,3.41521175935387,3.50706517079242,3.53411967100456,3.5892034101823,3.61184238747595,3.67257162255334,3.72519634191588,3.77203687911401,3.80494560683752,3.80922255703858,3.85443984318518,3.92360379231204,3.92921105637524,3.98381372853316,4.07766335036078,4.10959604637138,4.16523193603534,4.20749059920329,4.25555347595785,4.27407990901703,4.29824732062843,4.33246951166965,4.36680158297168,4.40058585291938,4.48490922088096,4.52994802072645,4.55498082284098,4.585799667773,4.63803520152092,4.65723242956635,4.72748902486904,4.78132474461056,4.80479431805477,4.82763341262319,4.87101880552519,4.92974657951167,4.94256923624167,4.98305498863443,5.00227781507646,5.04198470800746,5.08340640740613,5.08763359633629,5.1402158544331,5.15465789098019,5.16745295914717,5.1907198840157,5.21722711567506,5.2499454755651,5.29390919211131,5.3102573146039,5.33944239745344,5.36841511990573,5.40903947253325,5.42518157798016,5.48358084144911,5.51118174471625,5.56604905457172,5.57700215328854,5.61010526832292,5.65555594848833,5.68319848420297,5.70133782888684,5.7234170463669,5.75905286583235,5.76975148026467,5.83320178248193,5.85204899798733,5.87642298292147,5.88852673265137,5.9171965197122,5.946461122725,5.97571303469803,6.00583075287767,6.03737057179768,6.05916627728231,6.07327452264892,6.0976845968378,6.12662943718849,6.13151860975809,6.18677531275779,6.22791655789123,6.24052463757272,6.25735114393292,6.30315421893292,6.33328033361386,6.34771018828682,6.36149385154658,6.38116826574615,6.42223629480568,6.42567886636772,6.45605419868089,6.47076321578163,6.48880071897049,6.51412030618812,6.55764736136776,6.57251647562401,6.61541929361301,6.64824409706225,6.69961964746852,6.71643203053289,6.74015399244251,6.77496548266969,6.81017635213513,6.82155370996546,6.83285622554386,6.86768803799238,6.87299196376936,6.91268812049401,6.91660056915107,6.94214136274252,6.96662882492658,6.99845499269425,7.00381651399237,7.01835478533735,7.04207399489091,7.05110242969833,7.07085252295806,7.11262983128193,7.16304636077959,7.18413200895551,7.18923269309516,7.19818616371594,7.22095636163511,7.25104022079218,7.2836227596167,7.28988193818217,7.31764474371685,7.33834071710717,7.34854492638407,7.35439466579152,7.41190447394506,7.43365872354983,7.45102613475425,7.45511963575676,7.47647947117189,7.50196362811507,7.53177923846088,7.54876283857953,7.55859340457279,7.58779065407477,7.62786914772643,7.63846575578254,7.67867803399551,7.68551495483702,7.70869858953,7.72314216160076,7.75697956689211,7.78308427709748,7.82398374414664,7.82696331552922,7.84936653601962,7.87131594706028,7.88185774008311,7.90340007744446,7.92298175730601,7.94766885881895,7.98312837456097,7.99976386861536,8.03386720345423,8.05063094396937,8.06537898680889,8.10160820918956,8.11431626629108,8.14707671681833,8.16040932705851,8.1654718536645,8.22241525721937,8.25524125891766,8.2736554059684,8.31887726691011,8.32573994717453,8.34547231262008,8.38133796590527,8.39719979721869,8.40223328906728,8.42473423008914,8.4525834900877,8.46739965344237,8.50815486337975,8.5156963280317,8.54542456554367,8.57142065873269,8.61783023019026,8.63078143004146,8.65503811525367,8.66983153166557,8.69718937462072,8.71233649869307,8.74210858033418,8.77465711878502,8.79184519860438,8.80006724915849,8.85097839500332,8.86715282408479,8.8758121761294,8.90479254578427,8.93097160043673,8.97968438843942,8.98631502211627,9.03102633913003,9.07542909486309,9.1069744560815,9.13078524047527,9.13623154818306,9.16600537224964,9.20612195332597,9.24856628120536,9.25610195398702,9.27060378055291,9.3223026828157,9.33971580150624,9.36922292466136,9.38479631874477,9.42252390609834,9.45867055461169,9.4948017459561,9.53701655828042,9.55807076088031,9.60664290207225,9.60905088999418,9.63274730380689,9.64833891229355,9.6921951310204,9.73759308462251,9.75026935532456,9.77666643570398,9.81278581298854,9.83484987964401,9.875304598469,9.92376575326296,9.9470780532896,9.99701037910316,10.0219689821499,10.042193322183,10.0607400872856,10.090876870646,10.1054271668226,10.1236204092395,10.1769573400807,10.1958791586242,10.1971292512849,10.2668251683732,10.2942109703653,10.3208395919839,10.3768435982542,10.3806510467149,10.3953940315291,10.4396226687144,10.4758845305092,10.5124086462502,10.5386887985685,10.5515973831018,10.5806944392958,10.6072940440976,10.6824610658283,10.6861685879908,10.7679642377461,10.8108030382508,10.8725537834739,10.8788767394813,10.9374331138043,10.9640102470097,10.9988780285774,11.0607472527685,11.0961978280282,11.126017328074,11.1592607769904,11.1970641796107,11.2079161982873,11.2531684656732,11.2566843917519,11.2780638892304,11.3303068214695,11.3842620720794,11.4519913996784,11.4608391946451,11.5076814907196,11.5351590672528,11.5747815941252,11.6097957608906,11.6426595182712,11.6891352510665,11.7604841571152,11.7839245663385,11.8054962013484,11.8486628096274,11.8553466919728,11.8888087479394,11.9575496307589,12.0001521901937,12.0369019195052,12.0936871840707,12.1187583350233,12.1393617381905,12.1746191813929,12.2137348776078,12.2480193513813,12.2833142202004,12.3246667970753,12.3509243568987,12.3792045632772,12.3972310343015,12.4521177665615,12.5064303626981,12.5351045293523,12.633056239033,12.6728379028641,12.704561104572,12.7409101716452,12.7875184898727,12.819760093825,12.860925257321,12.9030416799529,12.963575452734,12.9790375994654,13.0137098141439,13.0419045269008,13.0449993712862,13.1060980180607,13.1542357783843,13.220801530761,13.2286585274127,13.2706589650176,13.3287232809534,13.3585195832084,13.4286719786187,13.4300308280971,13.4537729459773,13.5417472909525,13.5805949903616,13.6112940690389,13.6472966299677,13.6705605279824,13.7070696928934,13.7603926271192,13.7822014676854,13.83550944758,13.870393511877,13.9056484520894,13.9578821660822,14.0364868351662,14.0924476287564,14.0969850476634,14.1974101695643,14.2231179106727,14.2580713738642,14.2634002852668,14.3106104165707,14.4178230370699,14.4711158067136,14.490202350766,14.5049541795345,14.623753130155,14.6802482886376,14.7026341601682,14.7310926800375,14.7952956872294,14.8308024757058,14.9067614323246,14.9955090249739,15.0795238499374,15.1012779771828,15.2400404571632,15.2593534802863,15.2720675662998,15.415486970991,15.4591877728185,15.4654896171155,15.507490391595,15.5627816825369,15.6641527070045,15.7698983919517,15.859336286152,15.8956548159955,16.0163455209512,16.1049094584591,16.1977427813829,16.2538590458203,16.2887242839069,16.4622007021227,16.5856541062557,16.5905192988418,16.6874947221456,16.7602155114631,16.871610722046,16.9329595697149,17.0968471827146,17.1687748612923,17.3643352400024,17.4671033680651,17.6644079447071,17.9950836664016,18.083072978516,18.1999726062144,18.3466661039135,18.4268203283762,18.6314543480122,18.7638217454663,18.9771936447785,19.2057582847402,19.2188806641489,19.4633315156991,19.7174257419707,20.0672747331356,20.1576001663665,20.2732365554745,20.6519411865262,21.239052577227,21.5503353254903,23.3876781334206,NA,NA,NA,NA,NA,NA,NA,NA,NA,NA,NA,NA,NA,NA,NA,NA,NA,NA,NA,NA,NA
0.472489482613623,0.579831210371285,0.700341045656206,0.839058485473357,0.857494070213838,1.13111465962637,1.28156640413834,1.40475866037197,1.48492708277975,1.55528093907134,1.6514622272691,1.71674384879274,1.79398942705963,1.85608334085181,1.94311883223505,1.98027409728403,2.08633698492348,2.11931211984714,2.229520344585,2.41183742426706,2.49740715620483,2.54539404841034,2.60334711472929,2.67670935115817,2.70146833832491,2.77964563057446,2.85528933353209,2.90603843540365,3.00271044386917,3.02082959927884,3.06170374764461,3.09084855733084,3.10604069116653,3.2096715170197,3.30163575298118,3.36733487849748,3.38070643763045,3.41521175935387,3.50706517079242,3.53411967100456,3.5892034101823,3.61184238747595,3.67257162255334,3.72519634191588,3.77203687911401,3.80494560683752,3.80922255703858,3.85443984318518,3.92360379231204,3.92921105637524,3.98381372853316,4.07766335036078,4.10959604637138,4.16523193603534,4.20749059920329,4.25555347595785,4.27407990901703,4.29824732062843,4.33246951166965,4.36680158297168,4.40058585291938,4.48490922088096,4.52994802072645,4.55498082284098,4.585799667773,4.63803520152092,4.65723242956635,4.72748902486904,4.78132474461056,4.80479431805477,4.82763341262319,4.87101880552519,4.92974657951167,4.94256923624167,4.98305498863443,5.00227781507646,5.04198470800746,5.08340640740613,5.08763359633629,5.1402158544331,5.15465789098019,5.16745295914717,5.1907198840157,5.21722711567506,5.2499454755651,5.29390919211131,5.3102573146039,5.33944239745344,5.36841511990573,5.40903947253325,5.42518157798016,5.48358084144911,5.51118174471625,5.56604905457172,5.57700215328854,5.61010526832292,5.65555594848833,5.68319848420297,5.70133782888684,5.7234170463669,5.75905286583235,5.76975148026467,5.83320178248193,5.85204899798733,5.87642298292147,5.88852673265137,5.9171965197122,5.946461122725,5.97571303469803,6.00583075287767,6.03737057179768,6.05916627728231,6.07327452264892,6.0976845968378,6.12662943718849,6.13151860975809,6.18677531275779,6.22791655789123,6.24052463757272,6.25735114393292,6.30315421893292,6.33328033361386,6.34771018828682,6.36149385154658,6.38116826574615,6.42223629480568,6.42567886636772,6.45605419868089,6.47076321578163,6.48880071897049,6.51412030618812,6.55764736136776,6.57251647562401,6.61541929361301,6.64824409706225,6.69961964746852,6.71643203053289,6.74015399244251,6.77496548266969,6.81017635213513,6.82155370996546,6.83285622554386,6.86768803799238,6.87299196376936,6.91268812049401,6.91660056915107,6.94214136274252,6.96662882492658,6.99845499269425,7.00381651399237,7.01835478533735,7.04207399489091,7.05110242969833,7.07085252295806,7.11262983128193,7.16304636077959,7.18413200895551,7.18923269309516,7.19818616371594,7.22095636163511,7.25104022079218,7.2836227596167,7.28988193818217,7.31764474371685,7.33834071710717,7.34854492638407,7.35439466579152,7.41190447394506,7.43365872354983,7.45102613475425,7.45511963575676,7.47647947117189,7.50196362811507,7.53177923846088,7.54876283857953,7.55859340457279,7.58779065407477,7.62786914772643,7.63846575578254,7.67867803399551,7.68551495483702,7.70869858953,7.72314216160076,7.75697956689211,7.78308427709748,7.82398374414664,7.82696331552922,7.84936653601962,7.87131594706028,7.88185774008311,7.90340007744446,7.92298175730601,7.94766885881895,7.98312837456097,7.99976386861536,8.03386720345423,8.05063094396937,8.06537898680889,8.10160820918956,8.11431626629108,8.14707671681833,8.16040932705851,8.1654718536645,8.22241525721937,8.25524125891766,8.2736554059684,8.31887726691011,8.32573994717453,8.34547231262008,8.38133796590527,8.39719979721869,8.40223328906728,8.42473423008914,8.4525834900877,8.46739965344237,8.50815486337975,8.5156963280317,8.54542456554367,8.57142065873269,8.61783023019026,8.63078143004146,8.65503811525367,8.66983153166557,8.69718937462072,8.71233649869307,8.74210858033418,8.77465711878502,8.79184519860438,8.80006724915849,8.85097839500332,8.86715282408479,8.8758121761294,8.90479254578427,8.93097160043673,8.97968438843942,8.98631502211627,9.03102633913003,9.07542909486309,9.1069744560815,9.13078524047527,9.13623154818306,9.16600537224964,9.20612195332597,9.24856628120536,9.25610195398702,9.27060378055291,9.3223026828157,9.33971580150624,9.36922292466136,9.38479631874477,9.42252390609834,9.45867055461169,9.4948017459561,9.53701655828042,9.55807076088031,9.60664290207225,9.60905088999418,9.63274730380689,9.64833891229355,9.6921951310204,9.73759308462251,9.75026935532456,9.77666643570398,9.81278581298854,9.83484987964401,9.875304598469,9.92376575326296,9.9470780532896,9.99701037910316,10.0219689821499,10.042193322183,10.0607400872856,10.090876870646,10.1054271668226,10.1236204092395,10.1769573400807,10.1958791586242,10.1971292512849,10.2668251683732,10.2942109703653,10.3208395919839,10.3768435982542,10.3806510467149,10.3953940315291,10.4396226687144,10.4758845305092,10.5124086462502,10.5386887985685,10.5515973831018,10.5806944392958,10.6072940440976,10.6824610658283,10.6861685879908,10.7679642377461,10.8108030382508,10.8725537834739,10.8788767394813,10.9374331138043,10.9640102470097,10.9988780285774,11.0607472527685,11.0961978280282,11.126017328074,11.1592607769904,11.1970641796107,11.2079161982873,11.2531684656732,11.2566843917519,11.2780638892304,11.3303068214695,11.3842620720794,11.4519913996784,11.4608391946451,11.5076814907196,11.5351590672528,11.5747815941252,11.6097957608906,11.6426595182712,11.6891352510665,11.7604841571152,11.7839245663385,11.8054962013484,11.8486628096274,11.8553466919728,11.8888087479394,11.9575496307589,12.0001521901937,12.0369019195052,12.0936871840707,12.1187583350233,12.1393617381905,12.1746191813929,12.2137348776078,12.2480193513813,12.2833142202004,12.3246667970753,12.3509243568987,12.3792045632772,12.3972310343015,12.4521177665615,12.5064303626981,12.5351045293523,12.633056239033,12.6728379028641,12.704561104572,12.7409101716452,12.7875184898727,12.819760093825,12.860925257321,12.9030416799529,12.963575452734,12.9790375994654,13.0137098141439,13.0419045269008,13.0449993712862,13.1060980180607,13.1542357783843,13.220801530761,13.2286585274127,13.2706589650176,13.3287232809534,13.3585195832084,13.4286719786187,13.4300308280971,13.4537729459773,13.5417472909525,13.5805949903616,13.6112940690389,13.6472966299677,13.6705605279824,13.7070696928934,13.7603926271192,13.7822014676854,13.83550944758,13.870393511877,13.9056484520894,13.9578821660822,14.0364868351662,14.0924476287564,14.0969850476634,14.1974101695643,14.2231179106727,14.2580713738642,14.2634002852668,14.3106104165707,14.4178230370699,14.4711158067136,14.490202350766,14.5049541795345,14.623753130155,14.6802482886376,14.7026341601682,14.7310926800375,14.7952956872294,14.8308024757058,14.9067614323246,14.9955090249739,15.0795238499374,15.1012779771828,15.2400404571632,15.2593534802863,15.2720675662998,15.415486970991,15.4591877728185,15.4654896171155,15.507490391595,15.5627816825369,15.6641527070045,15.7698983919517,15.859336286152,15.8956548159955,16.0163455209512,16.1049094584591,16.1977427813829,16.2538590458203,16.2887242839069,16.4622007021227,16.5856541062557,16.5905192988418,16.6874947221456,16.7602155114631,16.871610722046,16.9329595697149,17.0968471827146,17.1687748612923,17.3643352400024,17.4671033680651,17.6644079447071,17.9950836664016,18.083072978516,18.1999726062144,18.3466661039135,18.4268203283762,18.6314543480122,18.7638217454663,18.9771936447785,19.2057582847402,19.2188806641489,19.4633315156991,19.7174257419707,20.0672747331356,20.1576001663665,20.2732365554745,20.6519411865262,21.239052577227,21.5503353254903,23.3876781334206,NA,NA,NA,NA,NA,NA,NA,NA,NA,NA,NA,NA,NA,NA,NA,NA,NA,NA,NA,NA,NA
0.472489482613623,0.579831210371285,0.700341045656206,0.839058485473357,0.857494070213838,1.13111465962637,1.28156640413834,1.40475866037197,1.48492708277975,1.55528093907134,1.6514622272691,1.71674384879274,1.79398942705963,1.85608334085181,1.94311883223505,1.98027409728403,2.08633698492348,2.11931211984714,2.229520344585,2.41183742426706,2.49740715620483,2.54539404841034,2.60334711472929,2.67670935115817,2.70146833832491,2.77964563057446,2.85528933353209,2.90603843540365,3.00271044386917,3.02082959927884,3.06170374764461,3.09084855733084,3.10604069116653,3.2096715170197,3.30163575298118,3.36733487849748,3.38070643763045,3.41521175935387,3.50706517079242,3.53411967100456,3.5892034101823,3.61184238747595,3.67257162255334,3.72519634191588,3.77203687911401,3.80494560683752,3.80922255703858,3.85443984318518,3.92360379231204,3.92921105637524,3.98381372853316,4.07766335036078,4.10959604637138,4.16523193603534,4.20749059920329,4.25555347595785,4.27407990901703,4.29824732062843,4.33246951166965,4.36680158297168,4.40058585291938,4.48490922088096,4.52994802072645,4.55498082284098,4.585799667773,4.63803520152092,4.65723242956635,4.72748902486904,4.78132474461056,4.80479431805477,4.82763341262319,4.87101880552519,4.92974657951167,4.94256923624167,4.98305498863443,5.00227781507646,5.04198470800746,5.08340640740613,5.08763359633629,5.1402158544331,5.15465789098019,5.16745295914717,5.1907198840157,5.21722711567506,5.2499454755651,5.29390919211131,5.3102573146039,5.33944239745344,5.36841511990573,5.40903947253325,5.42518157798016,5.48358084144911,5.51118174471625,5.56604905457172,5.57700215328854,5.61010526832292,5.65555594848833,5.68319848420297,5.70133782888684,5.7234170463669,5.75905286583235,5.76975148026467,5.83320178248193,5.85204899798733,5.87642298292147,5.88852673265137,5.9171965197122,5.946461122725,5.97571303469803,6.00583075287767,6.03737057179768,6.05916627728231,6.07327452264892,6.0976845968378,6.12662943718849,6.13151860975809,6.18677531275779,6.22791655789123,6.24052463757272,6.25735114393292,6.30315421893292,6.33328033361386,6.34771018828682,6.36149385154658,6.38116826574615,6.42223629480568,6.42567886636772,6.45605419868089,6.47076321578163,6.48880071897049,6.51412030618812,6.55764736136776,6.57251647562401,6.61541929361301,6.64824409706225,6.69961964746852,6.71643203053289,6.74015399244251,6.77496548266969,6.81017635213513,6.82155370996546,6.83285622554386,6.86768803799238,6.87299196376936,6.91268812049401,6.91660056915107,6.94214136274252,6.96662882492658,6.99845499269425,7.00381651399237,7.01835478533735,7.04207399489091,7.05110242969833,7.07085252295806,7.11262983128193,7.16304636077959,7.18413200895551,7.18923269309516,7.19818616371594,7.22095636163511,7.25104022079218,7.2836227596167,7.28988193818217,7.31764474371685,7.33834071710717,7.34854492638407,7.35439466579152,7.41190447394506,7.43365872354983,7.45102613475425,7.45511963575676,7.47647947117189,7.50196362811507,7.53177923846088,7.54876283857953,7.55859340457279,7.58779065407477,7.62786914772643,7.63846575578254,7.67867803399551,7.68551495483702,7.70869858953,7.72314216160076,7.75697956689211,7.78308427709748,7.82398374414664,7.82696331552922,7.84936653601962,7.87131594706028,7.88185774008311,7.90340007744446,7.92298175730601,7.94766885881895,7.98312837456097,7.99976386861536,8.03386720345423,8.05063094396937,8.06537898680889,8.10160820918956,8.11431626629108,8.14707671681833,8.16040932705851,8.1654718536645,8.22241525721937,8.25524125891766,8.2736554059684,8.31887726691011,8.32573994717453,8.34547231262008,8.38133796590527,8.39719979721869,8.40223328906728,8.42473423008914,8.4525834900877,8.46739965344237,8.50815486337975,8.5156963280317,8.54542456554367,8.57142065873269,8.61783023019026,8.63078143004146,8.65503811525367,8.66983153166557,8.69718937462072,8.71233649869307,8.74210858033418,8.77465711878502,8.79184519860438,8.80006724915849,8.85097839500332,8.86715282408479,8.8758121761294,8.90479254578427,8.93097160043673,8.97968438843942,8.98631502211627,9.03102633913003,9.07542909486309,9.1069744560815,9.13078524047527,9.13623154818306,9.16600537224964,9.20612195332597,9.24856628120536,9.25610195398702,9.27060378055291,9.3223026828157,9.33971580150624,9.36922292466136,9.38479631874477,9.42252390609834,9.45867055461169,9.4948017459561,9.53701655828042,9.55807076088031,9.60664290207225,9.60905088999418,9.63274730380689,9.64833891229355,9.6921951310204,9.73759308462251,9.75026935532456,9.77666643570398,9.81278581298854,9.83484987964401,9.875304598469,9.92376575326296,9.9470780532896,9.99701037910316,10.0219689821499,10.042193322183,10.0607400872856,10.090876870646,10.1054271668226,10.1236204092395,10.1769573400807,10.1958791586242,10.1971292512849,10.2668251683732,10.2942109703653,10.3208395919839,10.3768435982542,10.3806510467149,10.3953940315291,10.4396226687144,10.4758845305092,10.5124086462502,10.5386887985685,10.5515973831018,10.5806944392958,10.6072940440976,10.6824610658283,10.6861685879908,10.7679642377461,10.8108030382508,10.8725537834739,10.8788767394813,10.9374331138043,10.9640102470097,10.9988780285774,11.0607472527685,11.0961978280282,11.126017328074,11.1592607769904,11.1970641796107,11.2079161982873,11.2531684656732,11.2566843917519,11.2780638892304,11.3303068214695,11.3842620720794,11.4519913996784,11.4608391946451,11.5076814907196,11.5351590672528,11.5747815941252,11.6097957608906,11.6426595182712,11.6891352510665,11.7604841571152,11.7839245663385,11.8054962013484,11.8486628096274,11.8553466919728,11.8888087479394,11.9575496307589,12.0001521901937,12.0369019195052,12.0936871840707,12.1187583350233,12.1393617381905,12.1746191813929,12.2137348776078,12.2480193513813,12.2833142202004,12.3246667970753,12.3509243568987,12.3792045632772,12.3972310343015,12.4521177665615,12.5064303626981,12.5351045293523,12.633056239033,12.6728379028641,12.704561104572,12.7409101716452,12.7875184898727,12.819760093825,12.860925257321,12.9030416799529,12.963575452734,12.9790375994654,13.0137098141439,13.0419045269008,13.0449993712862,13.1060980180607,13.1542357783843,13.220801530761,13.2286585274127,13.2706589650176,13.3287232809534,13.3585195832084,13.4286719786187,13.4300308280971,13.4537729459773,13.5417472909525,13.5805949903616,13.6112940690389,13.6472966299677,13.6705605279824,13.7070696928934,13.7603926271192,13.7822014676854,13.83550944758,13.870393511877,13.9056484520894,13.9578821660822,14.0364868351662,14.0924476287564,14.0969850476634,14.1974101695643,14.2231179106727,14.2580713738642,14.2634002852668,14.3106104165707,14.4178230370699,14.4711158067136,14.490202350766,14.5049541795345,14.623753130155,14.6802482886376,14.7026341601682,14.7310926800375,14.7952956872294,14.8308024757058,14.9067614323246,14.9955090249739,15.0795238499374,15.1012779771828,15.2400404571632,15.2593534802863,15.2720675662998,15.415486970991,15.4591877728185,15.4654896171155,15.507490391595,15.5627816825369,15.6641527070045,15.7698983919517,15.859336286152,15.8956548159955,16.0163455209512,16.1049094584591,16.1977427813829,16.2538590458203,16.2887242839069,16.4622007021227,16.5856541062557,16.5905192988418,16.6874947221456,16.7602155114631,16.871610722046,16.9329595697149,17.0968471827146,17.1687748612923,17.3643352400024,17.4671033680651,17.6644079447071,17.9950836664016,18.083072978516,18.1999726062144,18.3466661039135,18.4268203283762,18.6314543480122,18.7638217454663,18.9771936447785,19.2057582847402,19.2188806641489,19.4633315156991,19.7174257419707,20.0672747331356,20.1576001663665,20.2732365554745,20.6519411865262,21.239052577227,21.5503353254903,23.3876781334206,NA,NA,NA,NA,NA,NA,NA,NA,NA,NA,NA,NA,NA,NA,NA,NA,NA,NA,NA,NA,NA
0.472489482613623,0.579831210371285,0.700341045656206,0.839058485473357,0.857494070213838,1.13111465962637,1.28156640413834,1.40475866037197,1.48492708277975,1.55528093907134,1.6514622272691,1.71674384879274,1.79398942705963,1.85608334085181,1.94311883223505,1.98027409728403,2.08633698492348,2.11931211984714,2.229520344585,2.41183742426706,2.49740715620483,2.54539404841034,2.60334711472929,2.67670935115817,2.70146833832491,2.77964563057446,2.85528933353209,2.90603843540365,3.00271044386917,3.02082959927884,3.06170374764461,3.09084855733084,3.10604069116653,3.2096715170197,3.30163575298118,3.36733487849748,3.38070643763045,3.41521175935387,3.50706517079242,3.53411967100456,3.5892034101823,3.61184238747595,3.67257162255334,3.72519634191588,3.77203687911401,3.80494560683752,3.80922255703858,3.85443984318518,3.92360379231204,3.92921105637524,3.98381372853316,4.07766335036078,4.10959604637138,4.16523193603534,4.20749059920329,4.25555347595785,4.27407990901703,4.29824732062843,4.33246951166965,4.36680158297168,4.40058585291938,4.48490922088096,4.52994802072645,4.55498082284098,4.585799667773,4.63803520152092,4.65723242956635,4.72748902486904,4.78132474461056,4.80479431805477,4.82763341262319,4.87101880552519,4.92974657951167,4.94256923624167,4.98305498863443,5.00227781507646,5.04198470800746,5.08340640740613,5.08763359633629,5.1402158544331,5.15465789098019,5.16745295914717,5.1907198840157,5.21722711567506,5.2499454755651,5.29390919211131,5.3102573146039,5.33944239745344,5.36841511990573,5.40903947253325,5.42518157798016,5.48358084144911,5.51118174471625,5.56604905457172,5.57700215328854,5.61010526832292,5.65555594848833,5.68319848420297,5.70133782888684,5.7234170463669,5.75905286583235,5.76975148026467,5.83320178248193,5.85204899798733,5.87642298292147,5.88852673265137,5.9171965197122,5.946461122725,5.97571303469803,6.00583075287767,6.03737057179768,6.05916627728231,6.07327452264892,6.0976845968378,6.12662943718849,6.13151860975809,6.18677531275779,6.22791655789123,6.24052463757272,6.25735114393292,6.30315421893292,6.33328033361386,6.34771018828682,6.36149385154658,6.38116826574615,6.42223629480568,6.42567886636772,6.45605419868089,6.47076321578163,6.48880071897049,6.51412030618812,6.55764736136776,6.57251647562401,6.61541929361301,6.64824409706225,6.69961964746852,6.71643203053289,6.74015399244251,6.77496548266969,6.81017635213513,6.82155370996546,6.83285622554386,6.86768803799238,6.87299196376936,6.91268812049401,6.91660056915107,6.94214136274252,6.96662882492658,6.99845499269425,7.00381651399237,7.01835478533735,7.04207399489091,7.05110242969833,7.07085252295806,7.11262983128193,7.16304636077959,7.18413200895551,7.18923269309516,7.19818616371594,7.22095636163511,7.25104022079218,7.2836227596167,7.28988193818217,7.31764474371685,7.33834071710717,7.34854492638407,7.35439466579152,7.41190447394506,7.43365872354983,7.45102613475425,7.45511963575676,7.47647947117189,7.50196362811507,7.53177923846088,7.54876283857953,7.55859340457279,7.58779065407477,7.62786914772643,7.63846575578254,7.67867803399551,7.68551495483702,7.70869858953,7.72314216160076,7.75697956689211,7.78308427709748,7.82398374414664,7.82696331552922,7.84936653601962,7.87131594706028,7.88185774008311,7.90340007744446,7.92298175730601,7.94766885881895,7.98312837456097,7.99976386861536,8.03386720345423,8.05063094396937,8.06537898680889,8.10160820918956,8.11431626629108,8.14707671681833,8.16040932705851,8.1654718536645,8.22241525721937,8.25524125891766,8.2736554059684,8.31887726691011,8.32573994717453,8.34547231262008,8.38133796590527,8.39719979721869,8.40223328906728,8.42473423008914,8.4525834900877,8.46739965344237,8.50815486337975,8.5156963280317,8.54542456554367,8.57142065873269,8.61783023019026,8.63078143004146,8.65503811525367,8.66983153166557,8.69718937462072,8.71233649869307,8.74210858033418,8.77465711878502,8.79184519860438,8.80006724915849,8.85097839500332,8.86715282408479,8.8758121761294,8.90479254578427,8.93097160043673,8.97968438843942,8.98631502211627,9.03102633913003,9.07542909486309,9.1069744560815,9.13078524047527,9.13623154818306,9.16600537224964,9.20612195332597,9.24856628120536,9.25610195398702,9.27060378055291,9.3223026828157,9.33971580150624,9.36922292466136,9.38479631874477,9.42252390609834,9.45867055461169,9.4948017459561,9.53701655828042,9.55807076088031,9.60664290207225,9.60905088999418,9.63274730380689,9.64833891229355,9.6921951310204,9.73759308462251,9.75026935532456,9.77666643570398,9.81278581298854,9.83484987964401,9.875304598469,9.92376575326296,9.9470780532896,9.99701037910316,10.0219689821499,10.042193322183,10.0607400872856,10.090876870646,10.1054271668226,10.1236204092395,10.1769573400807,10.1958791586242,10.1971292512849,10.2668251683732,10.2942109703653,10.3208395919839,10.3768435982542,10.3806510467149,10.3953940315291,10.4396226687144,10.4758845305092,10.5124086462502,10.5386887985685,10.5515973831018,10.5806944392958,10.6072940440976,10.6824610658283,10.6861685879908,10.7679642377461,10.8108030382508,10.8725537834739,10.8788767394813,10.9374331138043,10.9640102470097,10.9988780285774,11.0607472527685,11.0961978280282,11.126017328074,11.1592607769904,11.1970641796107,11.2079161982873,11.2531684656732,11.2566843917519,11.2780638892304,11.3303068214695,11.3842620720794,11.4519913996784,11.4608391946451,11.5076814907196,11.5351590672528,11.5747815941252,11.6097957608906,11.6426595182712,11.6891352510665,11.7604841571152,11.7839245663385,11.8054962013484,11.8486628096274,11.8553466919728,11.8888087479394,11.9575496307589,12.0001521901937,12.0369019195052,12.0936871840707,12.1187583350233,12.1393617381905,12.1746191813929,12.2137348776078,12.2480193513813,12.2833142202004,12.3246667970753,12.3509243568987,12.3792045632772,12.3972310343015,12.4521177665615,12.5064303626981,12.5351045293523,12.633056239033,12.6728379028641,12.704561104572,12.7409101716452,12.7875184898727,12.819760093825,12.860925257321,12.9030416799529,12.963575452734,12.9790375994654,13.0137098141439,13.0419045269008,13.0449993712862,13.1060980180607,13.1542357783843,13.220801530761,13.2286585274127,13.2706589650176,13.3287232809534,13.3585195832084,13.4286719786187,13.4300308280971,13.4537729459773,13.5417472909525,13.5805949903616,13.6112940690389,13.6472966299677,13.6705605279824,13.7070696928934,13.7603926271192,13.7822014676854,13.83550944758,13.870393511877,13.9056484520894,13.9578821660822,14.0364868351662,14.0924476287564,14.0969850476634,14.1974101695643,14.2231179106727,14.2580713738642,14.2634002852668,14.3106104165707,14.4178230370699,14.4711158067136,14.490202350766,14.5049541795345,14.623753130155,14.6802482886376,14.7026341601682,14.7310926800375,14.7952956872294,14.8308024757058,14.9067614323246,14.9955090249739,15.0795238499374,15.1012779771828,15.2400404571632,15.2593534802863,15.2720675662998,15.415486970991,15.4591877728185,15.4654896171155,15.507490391595,15.5627816825369,15.6641527070045,15.7698983919517,15.859336286152,15.8956548159955,16.0163455209512,16.1049094584591,16.1977427813829,16.2538590458203,16.2887242839069,16.4622007021227,16.5856541062557,16.5905192988418,16.6874947221456,16.7602155114631,16.871610722046,16.9329595697149,17.0968471827146,17.1687748612923,17.3643352400024,17.4671033680651,17.6644079447071,17.9950836664016,18.083072978516,18.1999726062144,18.3466661039135,18.4268203283762,18.6314543480122,18.7638217454663,18.9771936447785,19.2057582847402,19.2188806641489,19.4633315156991,19.7174257419707,20.0672747331356,20.1576001663665,20.2732365554745,20.6519411865262,21.239052577227,21.5503353254903,23.3876781334206,NA,NA,NA,NA,NA,NA,NA,NA,NA,NA,NA,NA,NA,NA,NA,NA,NA,NA,NA,NA,NA
0.472489482613623,0.579831210371285,0.700341045656206,0.839058485473357,0.857494070213838,1.13111465962637,1.28156640413834,1.40475866037197,1.48492708277975,1.55528093907134,1.6514622272691,1.71674384879274,1.79398942705963,1.85608334085181,1.94311883223505,1.98027409728403,2.08633698492348,2.11931211984714,2.229520344585,2.41183742426706,2.49740715620483,2.54539404841034,2.60334711472929,2.67670935115817,2.70146833832491,2.77964563057446,2.85528933353209,2.90603843540365,3.00271044386917,3.02082959927884,3.06170374764461,3.09084855733084,3.10604069116653,3.2096715170197,3.30163575298118,3.36733487849748,3.38070643763045,3.41521175935387,3.50706517079242,3.53411967100456,3.5892034101823,3.61184238747595,3.67257162255334,3.72519634191588,3.77203687911401,3.80494560683752,3.80922255703858,3.85443984318518,3.92360379231204,3.92921105637524,3.98381372853316,4.07766335036078,4.10959604637138,4.16523193603534,4.20749059920329,4.25555347595785,4.27407990901703,4.29824732062843,4.33246951166965,4.36680158297168,4.40058585291938,4.48490922088096,4.52994802072645,4.55498082284098,4.585799667773,4.63803520152092,4.65723242956635,4.72748902486904,4.78132474461056,4.80479431805477,4.82763341262319,4.87101880552519,4.92974657951167,4.94256923624167,4.98305498863443,5.00227781507646,5.04198470800746,5.08340640740613,5.08763359633629,5.1402158544331,5.15465789098019,5.16745295914717,5.1907198840157,5.21722711567506,5.2499454755651,5.29390919211131,5.3102573146039,5.33944239745344,5.36841511990573,5.40903947253325,5.42518157798016,5.48358084144911,5.51118174471625,5.56604905457172,5.57700215328854,5.61010526832292,5.65555594848833,5.68319848420297,5.70133782888684,5.7234170463669,5.75905286583235,5.76975148026467,5.83320178248193,5.85204899798733,5.87642298292147,5.88852673265137,5.9171965197122,5.946461122725,5.97571303469803,6.00583075287767,6.03737057179768,6.05916627728231,6.07327452264892,6.0976845968378,6.12662943718849,6.13151860975809,6.18677531275779,6.22791655789123,6.24052463757272,6.25735114393292,6.30315421893292,6.33328033361386,6.34771018828682,6.36149385154658,6.38116826574615,6.42223629480568,6.42567886636772,6.45605419868089,6.47076321578163,6.48880071897049,6.51412030618812,6.55764736136776,6.57251647562401,6.61541929361301,6.64824409706225,6.69961964746852,6.71643203053289,6.74015399244251,6.77496548266969,6.81017635213513,6.82155370996546,6.83285622554386,6.86768803799238,6.87299196376936,6.91268812049401,6.91660056915107,6.94214136274252,6.96662882492658,6.99845499269425,7.00381651399237,7.01835478533735,7.04207399489091,7.05110242969833,7.07085252295806,7.11262983128193,7.16304636077959,7.18413200895551,7.18923269309516,7.19818616371594,7.22095636163511,7.25104022079218,7.2836227596167,7.28988193818217,7.31764474371685,7.33834071710717,7.34854492638407,7.35439466579152,7.41190447394506,7.43365872354983,7.45102613475425,7.45511963575676,7.47647947117189,7.50196362811507,7.53177923846088,7.54876283857953,7.55859340457279,7.58779065407477,7.62786914772643,7.63846575578254,7.67867803399551,7.68551495483702,7.70869858953,7.72314216160076,7.75697956689211,7.78308427709748,7.82398374414664,7.82696331552922,7.84936653601962,7.87131594706028,7.88185774008311,7.90340007744446,7.92298175730601,7.94766885881895,7.98312837456097,7.99976386861536,8.03386720345423,8.05063094396937,8.06537898680889,8.10160820918956,8.11431626629108,8.14707671681833,8.16040932705851,8.1654718536645,8.22241525721937,8.25524125891766,8.2736554059684,8.31887726691011,8.32573994717453,8.34547231262008,8.38133796590527,8.39719979721869,8.40223328906728,8.42473423008914,8.4525834900877,8.46739965344237,8.50815486337975,8.5156963280317,8.54542456554367,8.57142065873269,8.61783023019026,8.63078143004146,8.65503811525367,8.66983153166557,8.69718937462072,8.71233649869307,8.74210858033418,8.77465711878502,8.79184519860438,8.80006724915849,8.85097839500332,8.86715282408479,8.8758121761294,8.90479254578427,8.93097160043673,8.97968438843942,8.98631502211627,9.03102633913003,9.07542909486309,9.1069744560815,9.13078524047527,9.13623154818306,9.16600537224964,9.20612195332597,9.24856628120536,9.25610195398702,9.27060378055291,9.3223026828157,9.33971580150624,9.36922292466136,9.38479631874477,9.42252390609834,9.45867055461169,9.4948017459561,9.53701655828042,9.55807076088031,9.60664290207225,9.60905088999418,9.63274730380689,9.64833891229355,9.6921951310204,9.73759308462251,9.75026935532456,9.77666643570398,9.81278581298854,9.83484987964401,9.875304598469,9.92376575326296,9.9470780532896,9.99701037910316,10.0219689821499,10.042193322183,10.0607400872856,10.090876870646,10.1054271668226,10.1236204092395,10.1769573400807,10.1958791586242,10.1971292512849,10.2668251683732,10.2942109703653,10.3208395919839,10.3768435982542,10.3806510467149,10.3953940315291,10.4396226687144,10.4758845305092,10.5124086462502,10.5386887985685,10.5515973831018,10.5806944392958,10.6072940440976,10.6824610658283,10.6861685879908,10.7679642377461,10.8108030382508,10.8725537834739,10.8788767394813,10.9374331138043,10.9640102470097,10.9988780285774,11.0607472527685,11.0961978280282,11.126017328074,11.1592607769904,11.1970641796107,11.2079161982873,11.2531684656732,11.2566843917519,11.2780638892304,11.3303068214695,11.3842620720794,11.4519913996784,11.4608391946451,11.5076814907196,11.5351590672528,11.5747815941252,11.6097957608906,11.6426595182712,11.6891352510665,11.7604841571152,11.7839245663385,11.8054962013484,11.8486628096274,11.8553466919728,11.8888087479394,11.9575496307589,12.0001521901937,12.0369019195052,12.0936871840707,12.1187583350233,12.1393617381905,12.1746191813929,12.2137348776078,12.2480193513813,12.2833142202004,12.3246667970753,12.3509243568987,12.3792045632772,12.3972310343015,12.4521177665615,12.5064303626981,12.5351045293523,12.633056239033,12.6728379028641,12.704561104572,12.7409101716452,12.7875184898727,12.819760093825,12.860925257321,12.9030416799529,12.963575452734,12.9790375994654,13.0137098141439,13.0419045269008,13.0449993712862,13.1060980180607,13.1542357783843,13.220801530761,13.2286585274127,13.2706589650176,13.3287232809534,13.3585195832084,13.4286719786187,13.4300308280971,13.4537729459773,13.5417472909525,13.5805949903616,13.6112940690389,13.6472966299677,13.6705605279824,13.7070696928934,13.7603926271192,13.7822014676854,13.83550944758,13.870393511877,13.9056484520894,13.9578821660822,14.0364868351662,14.0924476287564,14.0969850476634,14.1974101695643,14.2231179106727,14.2580713738642,14.2634002852668,14.3106104165707,14.4178230370699,14.4711158067136,14.490202350766,14.5049541795345,14.623753130155,14.6802482886376,14.7026341601682,14.7310926800375,14.7952956872294,14.8308024757058,14.9067614323246,14.9955090249739,15.0795238499374,15.1012779771828,15.2400404571632,15.2593534802863,15.2720675662998,15.415486970991,15.4591877728185,15.4654896171155,15.507490391595,15.5627816825369,15.6641527070045,15.7698983919517,15.859336286152,15.8956548159955,16.0163455209512,16.1049094584591,16.1977427813829,16.2538590458203,16.2887242839069,16.4622007021227,16.5856541062557,16.5905192988418,16.6874947221456,16.7602155114631,16.871610722046,16.9329595697149,17.0968471827146,17.1687748612923,17.3643352400024,17.4671033680651,17.6644079447071,17.9950836664016,18.083072978516,18.1999726062144,18.3466661039135,18.4268203283762,18.6314543480122,18.7638217454663,18.9771936447785,19.2057582847402,19.2188806641489,19.4633315156991,19.7174257419707,20.0672747331356,20.1576001663665,20.2732365554745,20.6519411865262,21.239052577227,21.5503353254903,23.3876781334206,NA,NA,NA,NA,NA,NA,NA,NA,NA,NA,NA,NA,NA,NA,NA,NA,NA,NA,NA,NA,NA
0.472489482613623,0.579831210371285,0.700341045656206,0.839058485473357,0.857494070213838,1.13111465962637,1.28156640413834,1.40475866037197,1.48492708277975,1.55528093907134,1.6514622272691,1.71674384879274,1.79398942705963,1.85608334085181,1.94311883223505,1.98027409728403,2.08633698492348,2.11931211984714,2.229520344585,2.41183742426706,2.49740715620483,2.54539404841034,2.60334711472929,2.67670935115817,2.70146833832491,2.77964563057446,2.85528933353209,2.90603843540365,3.00271044386917,3.02082959927884,3.06170374764461,3.09084855733084,3.10604069116653,3.2096715170197,3.30163575298118,3.36733487849748,3.38070643763045,3.41521175935387,3.50706517079242,3.53411967100456,3.5892034101823,3.61184238747595,3.67257162255334,3.72519634191588,3.77203687911401,3.80494560683752,3.80922255703858,3.85443984318518,3.92360379231204,3.92921105637524,3.98381372853316,4.07766335036078,4.10959604637138,4.16523193603534,4.20749059920329,4.25555347595785,4.27407990901703,4.29824732062843,4.33246951166965,4.36680158297168,4.40058585291938,4.48490922088096,4.52994802072645,4.55498082284098,4.585799667773,4.63803520152092,4.65723242956635,4.72748902486904,4.78132474461056,4.80479431805477,4.82763341262319,4.87101880552519,4.92974657951167,4.94256923624167,4.98305498863443,5.00227781507646,5.04198470800746,5.08340640740613,5.08763359633629,5.1402158544331,5.15465789098019,5.16745295914717,5.1907198840157,5.21722711567506,5.2499454755651,5.29390919211131,5.3102573146039,5.33944239745344,5.36841511990573,5.40903947253325,5.42518157798016,5.48358084144911,5.51118174471625,5.56604905457172,5.57700215328854,5.61010526832292,5.65555594848833,5.68319848420297,5.70133782888684,5.7234170463669,5.75905286583235,5.76975148026467,5.83320178248193,5.85204899798733,5.87642298292147,5.88852673265137,5.9171965197122,5.946461122725,5.97571303469803,6.00583075287767,6.03737057179768,6.05916627728231,6.07327452264892,6.0976845968378,6.12662943718849,6.13151860975809,6.18677531275779,6.22791655789123,6.24052463757272,6.25735114393292,6.30315421893292,6.33328033361386,6.34771018828682,6.36149385154658,6.38116826574615,6.42223629480568,6.42567886636772,6.45605419868089,6.47076321578163,6.48880071897049,6.51412030618812,6.55764736136776,6.57251647562401,6.61541929361301,6.64824409706225,6.69961964746852,6.71643203053289,6.74015399244251,6.77496548266969,6.81017635213513,6.82155370996546,6.83285622554386,6.86768803799238,6.87299196376936,6.91268812049401,6.91660056915107,6.94214136274252,6.96662882492658,6.99845499269425,7.00381651399237,7.01835478533735,7.04207399489091,7.05110242969833,7.07085252295806,7.11262983128193,7.16304636077959,7.18413200895551,7.18923269309516,7.19818616371594,7.22095636163511,7.25104022079218,7.2836227596167,7.28988193818217,7.31764474371685,7.33834071710717,7.34854492638407,7.35439466579152,7.41190447394506,7.43365872354983,7.45102613475425,7.45511963575676,7.47647947117189,7.50196362811507,7.53177923846088,7.54876283857953,7.55859340457279,7.58779065407477,7.62786914772643,7.63846575578254,7.67867803399551,7.68551495483702,7.70869858953,7.72314216160076,7.75697956689211,7.78308427709748,7.82398374414664,7.82696331552922,7.84936653601962,7.87131594706028,7.88185774008311,7.90340007744446,7.92298175730601,7.94766885881895,7.98312837456097,7.99976386861536,8.03386720345423,8.05063094396937,8.06537898680889,8.10160820918956,8.11431626629108,8.14707671681833,8.16040932705851,8.1654718536645,8.22241525721937,8.25524125891766,8.2736554059684,8.31887726691011,8.32573994717453,8.34547231262008,8.38133796590527,8.39719979721869,8.40223328906728,8.42473423008914,8.4525834900877,8.46739965344237,8.50815486337975,8.5156963280317,8.54542456554367,8.57142065873269,8.61783023019026,8.63078143004146,8.65503811525367,8.66983153166557,8.69718937462072,8.71233649869307,8.74210858033418,8.77465711878502,8.79184519860438,8.80006724915849,8.85097839500332,8.86715282408479,8.8758121761294,8.90479254578427,8.93097160043673,8.97968438843942,8.98631502211627,9.03102633913003,9.07542909486309,9.1069744560815,9.13078524047527,9.13623154818306,9.16600537224964,9.20612195332597,9.24856628120536,9.25610195398702,9.27060378055291,9.3223026828157,9.33971580150624,9.36922292466136,9.38479631874477,9.42252390609834,9.45867055461169,9.4948017459561,9.53701655828042,9.55807076088031,9.60664290207225,9.60905088999418,9.63274730380689,9.64833891229355,9.6921951310204,9.73759308462251,9.75026935532456,9.77666643570398,9.81278581298854,9.83484987964401,9.875304598469,9.92376575326296,9.9470780532896,9.99701037910316,10.0219689821499,10.042193322183,10.0607400872856,10.090876870646,10.1054271668226,10.1236204092395,10.1769573400807,10.1958791586242,10.1971292512849,10.2668251683732,10.2942109703653,10.3208395919839,10.3768435982542,10.3806510467149,10.3953940315291,10.4396226687144,10.4758845305092,10.5124086462502,10.5386887985685,10.5515973831018,10.5806944392958,10.6072940440976,10.6824610658283,10.6861685879908,10.7679642377461,10.8108030382508,10.8725537834739,10.8788767394813,10.9374331138043,10.9640102470097,10.9988780285774,11.0607472527685,11.0961978280282,11.126017328074,11.1592607769904,11.1970641796107,11.2079161982873,11.2531684656732,11.2566843917519,11.2780638892304,11.3303068214695,11.3842620720794,11.4519913996784,11.4608391946451,11.5076814907196,11.5351590672528,11.5747815941252,11.6097957608906,11.6426595182712,11.6891352510665,11.7604841571152,11.7839245663385,11.8054962013484,11.8486628096274,11.8553466919728,11.8888087479394,11.9575496307589,12.0001521901937,12.0369019195052,12.0936871840707,12.1187583350233,12.1393617381905,12.1746191813929,12.2137348776078,12.2480193513813,12.2833142202004,12.3246667970753,12.3509243568987,12.3792045632772,12.3972310343015,12.4521177665615,12.5064303626981,12.5351045293523,12.633056239033,12.6728379028641,12.704561104572,12.7409101716452,12.7875184898727,12.819760093825,12.860925257321,12.9030416799529,12.963575452734,12.9790375994654,13.0137098141439,13.0419045269008,13.0449993712862,13.1060980180607,13.1542357783843,13.220801530761,13.2286585274127,13.2706589650176,13.3287232809534,13.3585195832084,13.4286719786187,13.4300308280971,13.4537729459773,13.5417472909525,13.5805949903616,13.6112940690389,13.6472966299677,13.6705605279824,13.7070696928934,13.7603926271192,13.7822014676854,13.83550944758,13.870393511877,13.9056484520894,13.9578821660822,14.0364868351662,14.0924476287564,14.0969850476634,14.1974101695643,14.2231179106727,14.2580713738642,14.2634002852668,14.3106104165707,14.4178230370699,14.4711158067136,14.490202350766,14.5049541795345,14.623753130155,14.6802482886376,14.7026341601682,14.7310926800375,14.7952956872294,14.8308024757058,14.9067614323246,14.9955090249739,15.0795238499374,15.1012779771828,15.2400404571632,15.2593534802863,15.2720675662998,15.415486970991,15.4591877728185,15.4654896171155,15.507490391595,15.5627816825369,15.6641527070045,15.7698983919517,15.859336286152,15.8956548159955,16.0163455209512,16.1049094584591,16.1977427813829,16.2538590458203,16.2887242839069,16.4622007021227,16.5856541062557,16.5905192988418,16.6874947221456,16.7602155114631,16.871610722046,16.9329595697149,17.0968471827146,17.1687748612923,17.3643352400024,17.4671033680651,17.6644079447071,17.9950836664016,18.083072978516,18.1999726062144,18.3466661039135,18.4268203283762,18.6314543480122,18.7638217454663,18.9771936447785,19.2057582847402,19.2188806641489,19.4633315156991,19.7174257419707,20.0672747331356,20.1576001663665,20.2732365554745,20.6519411865262,21.239052577227,21.5503353254903,23.3876781334206,NA,NA,NA,NA,NA,NA,NA,NA,NA,NA,NA,NA,NA,NA,NA,NA,NA,NA,NA,NA,NA
0.472489482613623,0.579831210371285,0.700341045656206,0.839058485473357,0.857494070213838,1.13111465962637,1.28156640413834,1.40475866037197,1.48492708277975,1.55528093907134,1.6514622272691,1.71674384879274,1.79398942705963,1.85608334085181,1.94311883223505,1.98027409728403,2.08633698492348,2.11931211984714,2.229520344585,2.41183742426706,2.49740715620483,2.54539404841034,2.60334711472929,2.67670935115817,2.70146833832491,2.77964563057446,2.85528933353209,2.90603843540365,3.00271044386917,3.02082959927884,3.06170374764461,3.09084855733084,3.10604069116653,3.2096715170197,3.30163575298118,3.36733487849748,3.38070643763045,3.41521175935387,3.50706517079242,3.53411967100456,3.5892034101823,3.61184238747595,3.67257162255334,3.72519634191588,3.77203687911401,3.80494560683752,3.80922255703858,3.85443984318518,3.92360379231204,3.92921105637524,3.98381372853316,4.07766335036078,4.10959604637138,4.16523193603534,4.20749059920329,4.25555347595785,4.27407990901703,4.29824732062843,4.33246951166965,4.36680158297168,4.40058585291938,4.48490922088096,4.52994802072645,4.55498082284098,4.585799667773,4.63803520152092,4.65723242956635,4.72748902486904,4.78132474461056,4.80479431805477,4.82763341262319,4.87101880552519,4.92974657951167,4.94256923624167,4.98305498863443,5.00227781507646,5.04198470800746,5.08340640740613,5.08763359633629,5.1402158544331,5.15465789098019,5.16745295914717,5.1907198840157,5.21722711567506,5.2499454755651,5.29390919211131,5.3102573146039,5.33944239745344,5.36841511990573,5.40903947253325,5.42518157798016,5.48358084144911,5.51118174471625,5.56604905457172,5.57700215328854,5.61010526832292,5.65555594848833,5.68319848420297,5.70133782888684,5.7234170463669,5.75905286583235,5.76975148026467,5.83320178248193,5.85204899798733,5.87642298292147,5.88852673265137,5.9171965197122,5.946461122725,5.97571303469803,6.00583075287767,6.03737057179768,6.05916627728231,6.07327452264892,6.0976845968378,6.12662943718849,6.13151860975809,6.18677531275779,6.22791655789123,6.24052463757272,6.25735114393292,6.30315421893292,6.33328033361386,6.34771018828682,6.36149385154658,6.38116826574615,6.42223629480568,6.42567886636772,6.45605419868089,6.47076321578163,6.48880071897049,6.51412030618812,6.55764736136776,6.57251647562401,6.61541929361301,6.64824409706225,6.69961964746852,6.71643203053289,6.74015399244251,6.77496548266969,6.81017635213513,6.82155370996546,6.83285622554386,6.86768803799238,6.87299196376936,6.91268812049401,6.91660056915107,6.94214136274252,6.96662882492658,6.99845499269425,7.00381651399237,7.01835478533735,7.04207399489091,7.05110242969833,7.07085252295806,7.11262983128193,7.16304636077959,7.18413200895551,7.18923269309516,7.19818616371594,7.22095636163511,7.25104022079218,7.2836227596167,7.28988193818217,7.31764474371685,7.33834071710717,7.34854492638407,7.35439466579152,7.41190447394506,7.43365872354983,7.45102613475425,7.45511963575676,7.47647947117189,7.50196362811507,7.53177923846088,7.54876283857953,7.55859340457279,7.58779065407477,7.62786914772643,7.63846575578254,7.67867803399551,7.68551495483702,7.70869858953,7.72314216160076,7.75697956689211,7.78308427709748,7.82398374414664,7.82696331552922,7.84936653601962,7.87131594706028,7.88185774008311,7.90340007744446,7.92298175730601,7.94766885881895,7.98312837456097,7.99976386861536,8.03386720345423,8.05063094396937,8.06537898680889,8.10160820918956,8.11431626629108,8.14707671681833,8.16040932705851,8.1654718536645,8.22241525721937,8.25524125891766,8.2736554059684,8.31887726691011,8.32573994717453,8.34547231262008,8.38133796590527,8.39719979721869,8.40223328906728,8.42473423008914,8.4525834900877,8.46739965344237,8.50815486337975,8.5156963280317,8.54542456554367,8.57142065873269,8.61783023019026,8.63078143004146,8.65503811525367,8.66983153166557,8.69718937462072,8.71233649869307,8.74210858033418,8.77465711878502,8.79184519860438,8.80006724915849,8.85097839500332,8.86715282408479,8.8758121761294,8.90479254578427,8.93097160043673,8.97968438843942,8.98631502211627,9.03102633913003,9.07542909486309,9.1069744560815,9.13078524047527,9.13623154818306,9.16600537224964,9.20612195332597,9.24856628120536,9.25610195398702,9.27060378055291,9.3223026828157,9.33971580150624,9.36922292466136,9.38479631874477,9.42252390609834,9.45867055461169,9.4948017459561,9.53701655828042,9.55807076088031,9.60664290207225,9.60905088999418,9.63274730380689,9.64833891229355,9.6921951310204,9.73759308462251,9.75026935532456,9.77666643570398,9.81278581298854,9.83484987964401,9.875304598469,9.92376575326296,9.9470780532896,9.99701037910316,10.0219689821499,10.042193322183,10.0607400872856,10.090876870646,10.1054271668226,10.1236204092395,10.1769573400807,10.1958791586242,10.1971292512849,10.2668251683732,10.2942109703653,10.3208395919839,10.3768435982542,10.3806510467149,10.3953940315291,10.4396226687144,10.4758845305092,10.5124086462502,10.5386887985685,10.5515973831018,10.5806944392958,10.6072940440976,10.6824610658283,10.6861685879908,10.7679642377461,10.8108030382508,10.8725537834739,10.8788767394813,10.9374331138043,10.9640102470097,10.9988780285774,11.0607472527685,11.0961978280282,11.126017328074,11.1592607769904,11.1970641796107,11.2079161982873,11.2531684656732,11.2566843917519,11.2780638892304,11.3303068214695,11.3842620720794,11.4519913996784,11.4608391946451,11.5076814907196,11.5351590672528,11.5747815941252,11.6097957608906,11.6426595182712,11.6891352510665,11.7604841571152,11.7839245663385,11.8054962013484,11.8486628096274,11.8553466919728,11.8888087479394,11.9575496307589,12.0001521901937,12.0369019195052,12.0936871840707,12.1187583350233,12.1393617381905,12.1746191813929,12.2137348776078,12.2480193513813,12.2833142202004,12.3246667970753,12.3509243568987,12.3792045632772,12.3972310343015,12.4521177665615,12.5064303626981,12.5351045293523,12.633056239033,12.6728379028641,12.704561104572,12.7409101716452,12.7875184898727,12.819760093825,12.860925257321,12.9030416799529,12.963575452734,12.9790375994654,13.0137098141439,13.0419045269008,13.0449993712862,13.1060980180607,13.1542357783843,13.220801530761,13.2286585274127,13.2706589650176,13.3287232809534,13.3585195832084,13.4286719786187,13.4300308280971,13.4537729459773,13.5417472909525,13.5805949903616,13.6112940690389,13.6472966299677,13.6705605279824,13.7070696928934,13.7603926271192,13.7822014676854,13.83550944758,13.870393511877,13.9056484520894,13.9578821660822,14.0364868351662,14.0924476287564,14.0969850476634,14.1974101695643,14.2231179106727,14.2580713738642,14.2634002852668,14.3106104165707,14.4178230370699,14.4711158067136,14.490202350766,14.5049541795345,14.623753130155,14.6802482886376,14.7026341601682,14.7310926800375,14.7952956872294,14.8308024757058,14.9067614323246,14.9955090249739,15.0795238499374,15.1012779771828,15.2400404571632,15.2593534802863,15.2720675662998,15.415486970991,15.4591877728185,15.4654896171155,15.507490391595,15.5627816825369,15.6641527070045,15.7698983919517,15.859336286152,15.8956548159955,16.0163455209512,16.1049094584591,16.1977427813829,16.2538590458203,16.2887242839069,16.4622007021227,16.5856541062557,16.5905192988418,16.6874947221456,16.7602155114631,16.871610722046,16.9329595697149,17.0968471827146,17.1687748612923,17.3643352400024,17.4671033680651,17.6644079447071,17.9950836664016,18.083072978516,18.1999726062144,18.3466661039135,18.4268203283762,18.6314543480122,18.7638217454663,18.9771936447785,19.2057582847402,19.2188806641489,19.4633315156991,19.7174257419707,20.0672747331356,20.1576001663665,20.2732365554745,20.6519411865262,21.239052577227,21.5503353254903,23.3876781334206,NA,NA,NA,NA,NA,NA,NA,NA,NA,NA,NA,NA,NA,NA,NA,NA,NA,NA,NA,NA,NA
0.472489482613623,0.579831210371285,0.700341045656206,0.839058485473357,0.857494070213838,1.13111465962637,1.28156640413834,1.40475866037197,1.48492708277975,1.55528093907134,1.6514622272691,1.71674384879274,1.79398942705963,1.85608334085181,1.94311883223505,1.98027409728403,2.08633698492348,2.11931211984714,2.229520344585,2.41183742426706,2.49740715620483,2.54539404841034,2.60334711472929,2.67670935115817,2.70146833832491,2.77964563057446,2.85528933353209,2.90603843540365,3.00271044386917,3.02082959927884,3.06170374764461,3.09084855733084,3.10604069116653,3.2096715170197,3.30163575298118,3.36733487849748,3.38070643763045,3.41521175935387,3.50706517079242,3.53411967100456,3.5892034101823,3.61184238747595,3.67257162255334,3.72519634191588,3.77203687911401,3.80494560683752,3.80922255703858,3.85443984318518,3.92360379231204,3.92921105637524,3.98381372853316,4.07766335036078,4.10959604637138,4.16523193603534,4.20749059920329,4.25555347595785,4.27407990901703,4.29824732062843,4.33246951166965,4.36680158297168,4.40058585291938,4.48490922088096,4.52994802072645,4.55498082284098,4.585799667773,4.63803520152092,4.65723242956635,4.72748902486904,4.78132474461056,4.80479431805477,4.82763341262319,4.87101880552519,4.92974657951167,4.94256923624167,4.98305498863443,5.00227781507646,5.04198470800746,5.08340640740613,5.08763359633629,5.1402158544331,5.15465789098019,5.16745295914717,5.1907198840157,5.21722711567506,5.2499454755651,5.29390919211131,5.3102573146039,5.33944239745344,5.36841511990573,5.40903947253325,5.42518157798016,5.48358084144911,5.51118174471625,5.56604905457172,5.57700215328854,5.61010526832292,5.65555594848833,5.68319848420297,5.70133782888684,5.7234170463669,5.75905286583235,5.76975148026467,5.83320178248193,5.85204899798733,5.87642298292147,5.88852673265137,5.9171965197122,5.946461122725,5.97571303469803,6.00583075287767,6.03737057179768,6.05916627728231,6.07327452264892,6.0976845968378,6.12662943718849,6.13151860975809,6.18677531275779,6.22791655789123,6.24052463757272,6.25735114393292,6.30315421893292,6.33328033361386,6.34771018828682,6.36149385154658,6.38116826574615,6.42223629480568,6.42567886636772,6.45605419868089,6.47076321578163,6.48880071897049,6.51412030618812,6.55764736136776,6.57251647562401,6.61541929361301,6.64824409706225,6.69961964746852,6.71643203053289,6.74015399244251,6.77496548266969,6.81017635213513,6.82155370996546,6.83285622554386,6.86768803799238,6.87299196376936,6.91268812049401,6.91660056915107,6.94214136274252,6.96662882492658,6.99845499269425,7.00381651399237,7.01835478533735,7.04207399489091,7.05110242969833,7.07085252295806,7.11262983128193,7.16304636077959,7.18413200895551,7.18923269309516,7.19818616371594,7.22095636163511,7.25104022079218,7.2836227596167,7.28988193818217,7.31764474371685,7.33834071710717,7.34854492638407,7.35439466579152,7.41190447394506,7.43365872354983,7.45102613475425,7.45511963575676,7.47647947117189,7.50196362811507,7.53177923846088,7.54876283857953,7.55859340457279,7.58779065407477,7.62786914772643,7.63846575578254,7.67867803399551,7.68551495483702,7.70869858953,7.72314216160076,7.75697956689211,7.78308427709748,7.82398374414664,7.82696331552922,7.84936653601962,7.87131594706028,7.88185774008311,7.90340007744446,7.92298175730601,7.94766885881895,7.98312837456097,7.99976386861536,8.03386720345423,8.05063094396937,8.06537898680889,8.10160820918956,8.11431626629108,8.14707671681833,8.16040932705851,8.1654718536645,8.22241525721937,8.25524125891766,8.2736554059684,8.31887726691011,8.32573994717453,8.34547231262008,8.38133796590527,8.39719979721869,8.40223328906728,8.42473423008914,8.4525834900877,8.46739965344237,8.50815486337975,8.5156963280317,8.54542456554367,8.57142065873269,8.61783023019026,8.63078143004146,8.65503811525367,8.66983153166557,8.69718937462072,8.71233649869307,8.74210858033418,8.77465711878502,8.79184519860438,8.80006724915849,8.85097839500332,8.86715282408479,8.8758121761294,8.90479254578427,8.93097160043673,8.97968438843942,8.98631502211627,9.03102633913003,9.07542909486309,9.1069744560815,9.13078524047527,9.13623154818306,9.16600537224964,9.20612195332597,9.24856628120536,9.25610195398702,9.27060378055291,9.3223026828157,9.33971580150624,9.36922292466136,9.38479631874477,9.42252390609834,9.45867055461169,9.4948017459561,9.53701655828042,9.55807076088031,9.60664290207225,9.60905088999418,9.63274730380689,9.64833891229355,9.6921951310204,9.73759308462251,9.75026935532456,9.77666643570398,9.81278581298854,9.83484987964401,9.875304598469,9.92376575326296,9.9470780532896,9.99701037910316,10.0219689821499,10.042193322183,10.0607400872856,10.090876870646,10.1054271668226,10.1236204092395,10.1769573400807,10.1958791586242,10.1971292512849,10.2668251683732,10.2942109703653,10.3208395919839,10.3768435982542,10.3806510467149,10.3953940315291,10.4396226687144,10.4758845305092,10.5124086462502,10.5386887985685,10.5515973831018,10.5806944392958,10.6072940440976,10.6824610658283,10.6861685879908,10.7679642377461,10.8108030382508,10.8725537834739,10.8788767394813,10.9374331138043,10.9640102470097,10.9988780285774,11.0607472527685,11.0961978280282,11.126017328074,11.1592607769904,11.1970641796107,11.2079161982873,11.2531684656732,11.2566843917519,11.2780638892304,11.3303068214695,11.3842620720794,11.4519913996784,11.4608391946451,11.5076814907196,11.5351590672528,11.5747815941252,11.6097957608906,11.6426595182712,11.6891352510665,11.7604841571152,11.7839245663385,11.8054962013484,11.8486628096274,11.8553466919728,11.8888087479394,11.9575496307589,12.0001521901937,12.0369019195052,12.0936871840707,12.1187583350233,12.1393617381905,12.1746191813929,12.2137348776078,12.2480193513813,12.2833142202004,12.3246667970753,12.3509243568987,12.3792045632772,12.3972310343015,12.4521177665615,12.5064303626981,12.5351045293523,12.633056239033,12.6728379028641,12.704561104572,12.7409101716452,12.7875184898727,12.819760093825,12.860925257321,12.9030416799529,12.963575452734,12.9790375994654,13.0137098141439,13.0419045269008,13.0449993712862,13.1060980180607,13.1542357783843,13.220801530761,13.2286585274127,13.2706589650176,13.3287232809534,13.3585195832084,13.4286719786187,13.4300308280971,13.4537729459773,13.5417472909525,13.5805949903616,13.6112940690389,13.6472966299677,13.6705605279824,13.7070696928934,13.7603926271192,13.7822014676854,13.83550944758,13.870393511877,13.9056484520894,13.9578821660822,14.0364868351662,14.0924476287564,14.0969850476634,14.1974101695643,14.2231179106727,14.2580713738642,14.2634002852668,14.3106104165707,14.4178230370699,14.4711158067136,14.490202350766,14.5049541795345,14.623753130155,14.6802482886376,14.7026341601682,14.7310926800375,14.7952956872294,14.8308024757058,14.9067614323246,14.9955090249739,15.0795238499374,15.1012779771828,15.2400404571632,15.2593534802863,15.2720675662998,15.415486970991,15.4591877728185,15.4654896171155,15.507490391595,15.5627816825369,15.6641527070045,15.7698983919517,15.859336286152,15.8956548159955,16.0163455209512,16.1049094584591,16.1977427813829,16.2538590458203,16.2887242839069,16.4622007021227,16.5856541062557,16.5905192988418,16.6874947221456,16.7602155114631,16.871610722046,16.9329595697149,17.0968471827146,17.1687748612923,17.3643352400024,17.4671033680651,17.6644079447071,17.9950836664016,18.083072978516,18.1999726062144,18.3466661039135,18.4268203283762,18.6314543480122,18.7638217454663,18.9771936447785,19.2057582847402,19.2188806641489,19.4633315156991,19.7174257419707,20.0672747331356,20.1576001663665,20.2732365554745,20.6519411865262,21.239052577227,21.5503353254903,23.3876781334206,NA,NA,NA,NA,NA,NA,NA,NA,NA,NA,NA,NA,NA,NA,NA,NA,NA,NA,NA,NA,NA
0.472489482613623,0.579831210371285,0.700341045656206,0.839058485473357,0.857494070213838,1.13111465962637,1.28156640413834,1.40475866037197,1.48492708277975,1.55528093907134,1.6514622272691,1.71674384879274,1.79398942705963,1.85608334085181,1.94311883223505,1.98027409728403,2.08633698492348,2.11931211984714,2.229520344585,2.41183742426706,2.49740715620483,2.54539404841034,2.60334711472929,2.67670935115817,2.70146833832491,2.77964563057446,2.85528933353209,2.90603843540365,3.00271044386917,3.02082959927884,3.06170374764461,3.09084855733084,3.10604069116653,3.2096715170197,3.30163575298118,3.36733487849748,3.38070643763045,3.41521175935387,3.50706517079242,3.53411967100456,3.5892034101823,3.61184238747595,3.67257162255334,3.72519634191588,3.77203687911401,3.80494560683752,3.80922255703858,3.85443984318518,3.92360379231204,3.92921105637524,3.98381372853316,4.07766335036078,4.10959604637138,4.16523193603534,4.20749059920329,4.25555347595785,4.27407990901703,4.29824732062843,4.33246951166965,4.36680158297168,4.40058585291938,4.48490922088096,4.52994802072645,4.55498082284098,4.585799667773,4.63803520152092,4.65723242956635,4.72748902486904,4.78132474461056,4.80479431805477,4.82763341262319,4.87101880552519,4.92974657951167,4.94256923624167,4.98305498863443,5.00227781507646,5.04198470800746,5.08340640740613,5.08763359633629,5.1402158544331,5.15465789098019,5.16745295914717,5.1907198840157,5.21722711567506,5.2499454755651,5.29390919211131,5.3102573146039,5.33944239745344,5.36841511990573,5.40903947253325,5.42518157798016,5.48358084144911,5.51118174471625,5.56604905457172,5.57700215328854,5.61010526832292,5.65555594848833,5.68319848420297,5.70133782888684,5.7234170463669,5.75905286583235,5.76975148026467,5.83320178248193,5.85204899798733,5.87642298292147,5.88852673265137,5.9171965197122,5.946461122725,5.97571303469803,6.00583075287767,6.03737057179768,6.05916627728231,6.07327452264892,6.0976845968378,6.12662943718849,6.13151860975809,6.18677531275779,6.22791655789123,6.24052463757272,6.25735114393292,6.30315421893292,6.33328033361386,6.34771018828682,6.36149385154658,6.38116826574615,6.42223629480568,6.42567886636772,6.45605419868089,6.47076321578163,6.48880071897049,6.51412030618812,6.55764736136776,6.57251647562401,6.61541929361301,6.64824409706225,6.69961964746852,6.71643203053289,6.74015399244251,6.77496548266969,6.81017635213513,6.82155370996546,6.83285622554386,6.86768803799238,6.87299196376936,6.91268812049401,6.91660056915107,6.94214136274252,6.96662882492658,6.99845499269425,7.00381651399237,7.01835478533735,7.04207399489091,7.05110242969833,7.07085252295806,7.11262983128193,7.16304636077959,7.18413200895551,7.18923269309516,7.19818616371594,7.22095636163511,7.25104022079218,7.2836227596167,7.28988193818217,7.31764474371685,7.33834071710717,7.34854492638407,7.35439466579152,7.41190447394506,7.43365872354983,7.45102613475425,7.45511963575676,7.47647947117189,7.50196362811507,7.53177923846088,7.54876283857953,7.55859340457279,7.58779065407477,7.62786914772643,7.63846575578254,7.67867803399551,7.68551495483702,7.70869858953,7.72314216160076,7.75697956689211,7.78308427709748,7.82398374414664,7.82696331552922,7.84936653601962,7.87131594706028,7.88185774008311,7.90340007744446,7.92298175730601,7.94766885881895,7.98312837456097,7.99976386861536,8.03386720345423,8.05063094396937,8.06537898680889,8.10160820918956,8.11431626629108,8.14707671681833,8.16040932705851,8.1654718536645,8.22241525721937,8.25524125891766,8.2736554059684,8.31887726691011,8.32573994717453,8.34547231262008,8.38133796590527,8.39719979721869,8.40223328906728,8.42473423008914,8.4525834900877,8.46739965344237,8.50815486337975,8.5156963280317,8.54542456554367,8.57142065873269,8.61783023019026,8.63078143004146,8.65503811525367,8.66983153166557,8.69718937462072,8.71233649869307,8.74210858033418,8.77465711878502,8.79184519860438,8.80006724915849,8.85097839500332,8.86715282408479,8.8758121761294,8.90479254578427,8.93097160043673,8.97968438843942,8.98631502211627,9.03102633913003,9.07542909486309,9.1069744560815,9.13078524047527,9.13623154818306,9.16600537224964,9.20612195332597,9.24856628120536,9.25610195398702,9.27060378055291,9.3223026828157,9.33971580150624,9.36922292466136,9.38479631874477,9.42252390609834,9.45867055461169,9.4948017459561,9.53701655828042,9.55807076088031,9.60664290207225,9.60905088999418,9.63274730380689,9.64833891229355,9.6921951310204,9.73759308462251,9.75026935532456,9.77666643570398,9.81278581298854,9.83484987964401,9.875304598469,9.92376575326296,9.9470780532896,9.99701037910316,10.0219689821499,10.042193322183,10.0607400872856,10.090876870646,10.1054271668226,10.1236204092395,10.1769573400807,10.1958791586242,10.1971292512849,10.2668251683732,10.2942109703653,10.3208395919839,10.3768435982542,10.3806510467149,10.3953940315291,10.4396226687144,10.4758845305092,10.5124086462502,10.5386887985685,10.5515973831018,10.5806944392958,10.6072940440976,10.6824610658283,10.6861685879908,10.7679642377461,10.8108030382508,10.8725537834739,10.8788767394813,10.9374331138043,10.9640102470097,10.9988780285774,11.0607472527685,11.0961978280282,11.126017328074,11.1592607769904,11.1970641796107,11.2079161982873,11.2531684656732,11.2566843917519,11.2780638892304,11.3303068214695,11.3842620720794,11.4519913996784,11.4608391946451,11.5076814907196,11.5351590672528,11.5747815941252,11.6097957608906,11.6426595182712,11.6891352510665,11.7604841571152,11.7839245663385,11.8054962013484,11.8486628096274,11.8553466919728,11.8888087479394,11.9575496307589,12.0001521901937,12.0369019195052,12.0936871840707,12.1187583350233,12.1393617381905,12.1746191813929,12.2137348776078,12.2480193513813,12.2833142202004,12.3246667970753,12.3509243568987,12.3792045632772,12.3972310343015,12.4521177665615,12.5064303626981,12.5351045293523,12.633056239033,12.6728379028641,12.704561104572,12.7409101716452,12.7875184898727,12.819760093825,12.860925257321,12.9030416799529,12.963575452734,12.9790375994654,13.0137098141439,13.0419045269008,13.0449993712862,13.1060980180607,13.1542357783843,13.220801530761,13.2286585274127,13.2706589650176,13.3287232809534,13.3585195832084,13.4286719786187,13.4300308280971,13.4537729459773,13.5417472909525,13.5805949903616,13.6112940690389,13.6472966299677,13.6705605279824,13.7070696928934,13.7603926271192,13.7822014676854,13.83550944758,13.870393511877,13.9056484520894,13.9578821660822,14.0364868351662,14.0924476287564,14.0969850476634,14.1974101695643,14.2231179106727,14.2580713738642,14.2634002852668,14.3106104165707,14.4178230370699,14.4711158067136,14.490202350766,14.5049541795345,14.623753130155,14.6802482886376,14.7026341601682,14.7310926800375,14.7952956872294,14.8308024757058,14.9067614323246,14.9955090249739,15.0795238499374,15.1012779771828,15.2400404571632,15.2593534802863,15.2720675662998,15.415486970991,15.4591877728185,15.4654896171155,15.507490391595,15.5627816825369,15.6641527070045,15.7698983919517,15.859336286152,15.8956548159955,16.0163455209512,16.1049094584591,16.1977427813829,16.2538590458203,16.2887242839069,16.4622007021227,16.5856541062557,16.5905192988418,16.6874947221456,16.7602155114631,16.871610722046,16.9329595697149,17.0968471827146,17.1687748612923,17.3643352400024,17.4671033680651,17.6644079447071,17.9950836664016,18.083072978516,18.1999726062144,18.3466661039135,18.4268203283762,18.6314543480122,18.7638217454663,18.9771936447785,19.2057582847402,19.2188806641489,19.4633315156991,19.7174257419707,20.0672747331356,20.1576001663665,20.2732365554745,20.6519411865262,21.239052577227,21.5503353254903,23.3876781334206,NA,NA,NA,NA,NA,NA,NA,NA,NA,NA,NA,NA,NA,NA,NA,NA,NA,NA,NA,NA,NA
0.472489482613623,0.579831210371285,0.700341045656206,0.839058485473357,0.857494070213838,1.13111465962637,1.28156640413834,1.40475866037197,1.48492708277975,1.55528093907134,1.6514622272691,1.71674384879274,1.79398942705963,1.85608334085181,1.94311883223505,1.98027409728403,2.08633698492348,2.11931211984714,2.229520344585,2.41183742426706,2.49740715620483,2.54539404841034,2.60334711472929,2.67670935115817,2.70146833832491,2.77964563057446,2.85528933353209,2.90603843540365,3.00271044386917,3.02082959927884,3.06170374764461,3.09084855733084,3.10604069116653,3.2096715170197,3.30163575298118,3.36733487849748,3.38070643763045,3.41521175935387,3.50706517079242,3.53411967100456,3.5892034101823,3.61184238747595,3.67257162255334,3.72519634191588,3.77203687911401,3.80494560683752,3.80922255703858,3.85443984318518,3.92360379231204,3.92921105637524,3.98381372853316,4.07766335036078,4.10959604637138,4.16523193603534,4.20749059920329,4.25555347595785,4.27407990901703,4.29824732062843,4.33246951166965,4.36680158297168,4.40058585291938,4.48490922088096,4.52994802072645,4.55498082284098,4.585799667773,4.63803520152092,4.65723242956635,4.72748902486904,4.78132474461056,4.80479431805477,4.82763341262319,4.87101880552519,4.92974657951167,4.94256923624167,4.98305498863443,5.00227781507646,5.04198470800746,5.08340640740613,5.08763359633629,5.1402158544331,5.15465789098019,5.16745295914717,5.1907198840157,5.21722711567506,5.2499454755651,5.29390919211131,5.3102573146039,5.33944239745344,5.36841511990573,5.40903947253325,5.42518157798016,5.48358084144911,5.51118174471625,5.56604905457172,5.57700215328854,5.61010526832292,5.65555594848833,5.68319848420297,5.70133782888684,5.7234170463669,5.75905286583235,5.76975148026467,5.83320178248193,5.85204899798733,5.87642298292147,5.88852673265137,5.9171965197122,5.946461122725,5.97571303469803,6.00583075287767,6.03737057179768,6.05916627728231,6.07327452264892,6.0976845968378,6.12662943718849,6.13151860975809,6.18677531275779,6.22791655789123,6.24052463757272,6.25735114393292,6.30315421893292,6.33328033361386,6.34771018828682,6.36149385154658,6.38116826574615,6.42223629480568,6.42567886636772,6.45605419868089,6.47076321578163,6.48880071897049,6.51412030618812,6.55764736136776,6.57251647562401,6.61541929361301,6.64824409706225,6.69961964746852,6.71643203053289,6.74015399244251,6.77496548266969,6.81017635213513,6.82155370996546,6.83285622554386,6.86768803799238,6.87299196376936,6.91268812049401,6.91660056915107,6.94214136274252,6.96662882492658,6.99845499269425,7.00381651399237,7.01835478533735,7.04207399489091,7.05110242969833,7.07085252295806,7.11262983128193,7.16304636077959,7.18413200895551,7.18923269309516,7.19818616371594,7.22095636163511,7.25104022079218,7.2836227596167,7.28988193818217,7.31764474371685,7.33834071710717,7.34854492638407,7.35439466579152,7.41190447394506,7.43365872354983,7.45102613475425,7.45511963575676,7.47647947117189,7.50196362811507,7.53177923846088,7.54876283857953,7.55859340457279,7.58779065407477,7.62786914772643,7.63846575578254,7.67867803399551,7.68551495483702,7.70869858953,7.72314216160076,7.75697956689211,7.78308427709748,7.82398374414664,7.82696331552922,7.84936653601962,7.87131594706028,7.88185774008311,7.90340007744446,7.92298175730601,7.94766885881895,7.98312837456097,7.99976386861536,8.03386720345423,8.05063094396937,8.06537898680889,8.10160820918956,8.11431626629108,8.14707671681833,8.16040932705851,8.1654718536645,8.22241525721937,8.25524125891766,8.2736554059684,8.31887726691011,8.32573994717453,8.34547231262008,8.38133796590527,8.39719979721869,8.40223328906728,8.42473423008914,8.4525834900877,8.46739965344237,8.50815486337975,8.5156963280317,8.54542456554367,8.57142065873269,8.61783023019026,8.63078143004146,8.65503811525367,8.66983153166557,8.69718937462072,8.71233649869307,8.74210858033418,8.77465711878502,8.79184519860438,8.80006724915849,8.85097839500332,8.86715282408479,8.8758121761294,8.90479254578427,8.93097160043673,8.97968438843942,8.98631502211627,9.03102633913003,9.07542909486309,9.1069744560815,9.13078524047527,9.13623154818306,9.16600537224964,9.20612195332597,9.24856628120536,9.25610195398702,9.27060378055291,9.3223026828157,9.33971580150624,9.36922292466136,9.38479631874477,9.42252390609834,9.45867055461169,9.4948017459561,9.53701655828042,9.55807076088031,9.60664290207225,9.60905088999418,9.63274730380689,9.64833891229355,9.6921951310204,9.73759308462251,9.75026935532456,9.77666643570398,9.81278581298854,9.83484987964401,9.875304598469,9.92376575326296,9.9470780532896,9.99701037910316,10.0219689821499,10.042193322183,10.0607400872856,10.090876870646,10.1054271668226,10.1236204092395,10.1769573400807,10.1958791586242,10.1971292512849,10.2668251683732,10.2942109703653,10.3208395919839,10.3768435982542,10.3806510467149,10.3953940315291,10.4396226687144,10.4758845305092,10.5124086462502,10.5386887985685,10.5515973831018,10.5806944392958,10.6072940440976,10.6824610658283,10.6861685879908,10.7679642377461,10.8108030382508,10.8725537834739,10.8788767394813,10.9374331138043,10.9640102470097,10.9988780285774,11.0607472527685,11.0961978280282,11.126017328074,11.1592607769904,11.1970641796107,11.2079161982873,11.2531684656732,11.2566843917519,11.2780638892304,11.3303068214695,11.3842620720794,11.4519913996784,11.4608391946451,11.5076814907196,11.5351590672528,11.5747815941252,11.6097957608906,11.6426595182712,11.6891352510665,11.7604841571152,11.7839245663385,11.8054962013484,11.8486628096274,11.8553466919728,11.8888087479394,11.9575496307589,12.0001521901937,12.0369019195052,12.0936871840707,12.1187583350233,12.1393617381905,12.1746191813929,12.2137348776078,12.2480193513813,12.2833142202004,12.3246667970753,12.3509243568987,12.3792045632772,12.3972310343015,12.4521177665615,12.5064303626981,12.5351045293523,12.633056239033,12.6728379028641,12.704561104572,12.7409101716452,12.7875184898727,12.819760093825,12.860925257321,12.9030416799529,12.963575452734,12.9790375994654,13.0137098141439,13.0419045269008,13.0449993712862,13.1060980180607,13.1542357783843,13.220801530761,13.2286585274127,13.2706589650176,13.3287232809534,13.3585195832084,13.4286719786187,13.4300308280971,13.4537729459773,13.5417472909525,13.5805949903616,13.6112940690389,13.6472966299677,13.6705605279824,13.7070696928934,13.7603926271192,13.7822014676854,13.83550944758,13.870393511877,13.9056484520894,13.9578821660822,14.0364868351662,14.0924476287564,14.0969850476634,14.1974101695643,14.2231179106727,14.2580713738642,14.2634002852668,14.3106104165707,14.4178230370699,14.4711158067136,14.490202350766,14.5049541795345,14.623753130155,14.6802482886376,14.7026341601682,14.7310926800375,14.7952956872294,14.8308024757058,14.9067614323246,14.9955090249739,15.0795238499374,15.1012779771828,15.2400404571632,15.2593534802863,15.2720675662998,15.415486970991,15.4591877728185,15.4654896171155,15.507490391595,15.5627816825369,15.6641527070045,15.7698983919517,15.859336286152,15.8956548159955,16.0163455209512,16.1049094584591,16.1977427813829,16.2538590458203,16.2887242839069,16.4622007021227,16.5856541062557,16.5905192988418,16.6874947221456,16.7602155114631,16.871610722046,16.9329595697149,17.0968471827146,17.1687748612923,17.3643352400024,17.4671033680651,17.6644079447071,17.9950836664016,18.083072978516,18.1999726062144,18.3466661039135,18.4268203283762,18.6314543480122,18.7638217454663,18.9771936447785,19.2057582847402,19.2188806641489,19.4633315156991,19.7174257419707,20.0672747331356,20.1576001663665,20.2732365554745,20.6519411865262,21.239052577227,21.5503353254903,23.3876781334206,NA,NA,NA,NA,NA,NA,NA,NA,NA,NA,NA,NA,NA,NA,NA,NA,NA,NA,NA,NA,NA
0.472489482613623,0.579831210371285,0.700341045656206,0.839058485473357,0.857494070213838,1.13111465962637,1.28156640413834,1.40475866037197,1.48492708277975,1.55528093907134,1.6514622272691,1.71674384879274,1.79398942705963,1.85608334085181,1.94311883223505,1.98027409728403,2.08633698492348,2.11931211984714,2.229520344585,2.41183742426706,2.49740715620483,2.54539404841034,2.60334711472929,2.67670935115817,2.70146833832491,2.77964563057446,2.85528933353209,2.90603843540365,3.00271044386917,3.02082959927884,3.06170374764461,3.09084855733084,3.10604069116653,3.2096715170197,3.30163575298118,3.36733487849748,3.38070643763045,3.41521175935387,3.50706517079242,3.53411967100456,3.5892034101823,3.61184238747595,3.67257162255334,3.72519634191588,3.77203687911401,3.80494560683752,3.80922255703858,3.85443984318518,3.92360379231204,3.92921105637524,3.98381372853316,4.07766335036078,4.10959604637138,4.16523193603534,4.20749059920329,4.25555347595785,4.27407990901703,4.29824732062843,4.33246951166965,4.36680158297168,4.40058585291938,4.48490922088096,4.52994802072645,4.55498082284098,4.585799667773,4.63803520152092,4.65723242956635,4.72748902486904,4.78132474461056,4.80479431805477,4.82763341262319,4.87101880552519,4.92974657951167,4.94256923624167,4.98305498863443,5.00227781507646,5.04198470800746,5.08340640740613,5.08763359633629,5.1402158544331,5.15465789098019,5.16745295914717,5.1907198840157,5.21722711567506,5.2499454755651,5.29390919211131,5.3102573146039,5.33944239745344,5.36841511990573,5.40903947253325,5.42518157798016,5.48358084144911,5.51118174471625,5.56604905457172,5.57700215328854,5.61010526832292,5.65555594848833,5.68319848420297,5.70133782888684,5.7234170463669,5.75905286583235,5.76975148026467,5.83320178248193,5.85204899798733,5.87642298292147,5.88852673265137,5.9171965197122,5.946461122725,5.97571303469803,6.00583075287767,6.03737057179768,6.05916627728231,6.07327452264892,6.0976845968378,6.12662943718849,6.13151860975809,6.18677531275779,6.22791655789123,6.24052463757272,6.25735114393292,6.30315421893292,6.33328033361386,6.34771018828682,6.36149385154658,6.38116826574615,6.42223629480568,6.42567886636772,6.45605419868089,6.47076321578163,6.48880071897049,6.51412030618812,6.55764736136776,6.57251647562401,6.61541929361301,6.64824409706225,6.69961964746852,6.71643203053289,6.74015399244251,6.77496548266969,6.81017635213513,6.82155370996546,6.83285622554386,6.86768803799238,6.87299196376936,6.91268812049401,6.91660056915107,6.94214136274252,6.96662882492658,6.99845499269425,7.00381651399237,7.01835478533735,7.04207399489091,7.05110242969833,7.07085252295806,7.11262983128193,7.16304636077959,7.18413200895551,7.18923269309516,7.19818616371594,7.22095636163511,7.25104022079218,7.2836227596167,7.28988193818217,7.31764474371685,7.33834071710717,7.34854492638407,7.35439466579152,7.41190447394506,7.43365872354983,7.45102613475425,7.45511963575676,7.47647947117189,7.50196362811507,7.53177923846088,7.54876283857953,7.55859340457279,7.58779065407477,7.62786914772643,7.63846575578254,7.67867803399551,7.68551495483702,7.70869858953,7.72314216160076,7.75697956689211,7.78308427709748,7.82398374414664,7.82696331552922,7.84936653601962,7.87131594706028,7.88185774008311,7.90340007744446,7.92298175730601,7.94766885881895,7.98312837456097,7.99976386861536,8.03386720345423,8.05063094396937,8.06537898680889,8.10160820918956,8.11431626629108,8.14707671681833,8.16040932705851,8.1654718536645,8.22241525721937,8.25524125891766,8.2736554059684,8.31887726691011,8.32573994717453,8.34547231262008,8.38133796590527,8.39719979721869,8.40223328906728,8.42473423008914,8.4525834900877,8.46739965344237,8.50815486337975,8.5156963280317,8.54542456554367,8.57142065873269,8.61783023019026,8.63078143004146,8.65503811525367,8.66983153166557,8.69718937462072,8.71233649869307,8.74210858033418,8.77465711878502,8.79184519860438,8.80006724915849,8.85097839500332,8.86715282408479,8.8758121761294,8.90479254578427,8.93097160043673,8.97968438843942,8.98631502211627,9.03102633913003,9.07542909486309,9.1069744560815,9.13078524047527,9.13623154818306,9.16600537224964,9.20612195332597,9.24856628120536,9.25610195398702,9.27060378055291,9.3223026828157,9.33971580150624,9.36922292466136,9.38479631874477,9.42252390609834,9.45867055461169,9.4948017459561,9.53701655828042,9.55807076088031,9.60664290207225,9.60905088999418,9.63274730380689,9.64833891229355,9.6921951310204,9.73759308462251,9.75026935532456,9.77666643570398,9.81278581298854,9.83484987964401,9.875304598469,9.92376575326296,9.9470780532896,9.99701037910316,10.0219689821499,10.042193322183,10.0607400872856,10.090876870646,10.1054271668226,10.1236204092395,10.1769573400807,10.1958791586242,10.1971292512849,10.2668251683732,10.2942109703653,10.3208395919839,10.3768435982542,10.3806510467149,10.3953940315291,10.4396226687144,10.4758845305092,10.5124086462502,10.5386887985685,10.5515973831018,10.5806944392958,10.6072940440976,10.6824610658283,10.6861685879908,10.7679642377461,10.8108030382508,10.8725537834739,10.8788767394813,10.9374331138043,10.9640102470097,10.9988780285774,11.0607472527685,11.0961978280282,11.126017328074,11.1592607769904,11.1970641796107,11.2079161982873,11.2531684656732,11.2566843917519,11.2780638892304,11.3303068214695,11.3842620720794,11.4519913996784,11.4608391946451,11.5076814907196,11.5351590672528,11.5747815941252,11.6097957608906,11.6426595182712,11.6891352510665,11.7604841571152,11.7839245663385,11.8054962013484,11.8486628096274,11.8553466919728,11.8888087479394,11.9575496307589,12.0001521901937,12.0369019195052,12.0936871840707,12.1187583350233,12.1393617381905,12.1746191813929,12.2137348776078,12.2480193513813,12.2833142202004,12.3246667970753,12.3509243568987,12.3792045632772,12.3972310343015,12.4521177665615,12.5064303626981,12.5351045293523,12.633056239033,12.6728379028641,12.704561104572,12.7409101716452,12.7875184898727,12.819760093825,12.860925257321,12.9030416799529,12.963575452734,12.9790375994654,13.0137098141439,13.0419045269008,13.0449993712862,13.1060980180607,13.1542357783843,13.220801530761,13.2286585274127,13.2706589650176,13.3287232809534,13.3585195832084,13.4286719786187,13.4300308280971,13.4537729459773,13.5417472909525,13.5805949903616,13.6112940690389,13.6472966299677,13.6705605279824,13.7070696928934,13.7603926271192,13.7822014676854,13.83550944758,13.870393511877,13.9056484520894,13.9578821660822,14.0364868351662,14.0924476287564,14.0969850476634,14.1974101695643,14.2231179106727,14.2580713738642,14.2634002852668,14.3106104165707,14.4178230370699,14.4711158067136,14.490202350766,14.5049541795345,14.623753130155,14.6802482886376,14.7026341601682,14.7310926800375,14.7952956872294,14.8308024757058,14.9067614323246,14.9955090249739,15.0795238499374,15.1012779771828,15.2400404571632,15.2593534802863,15.2720675662998,15.415486970991,15.4591877728185,15.4654896171155,15.507490391595,15.5627816825369,15.6641527070045,15.7698983919517,15.859336286152,15.8956548159955,16.0163455209512,16.1049094584591,16.1977427813829,16.2538590458203,16.2887242839069,16.4622007021227,16.5856541062557,16.5905192988418,16.6874947221456,16.7602155114631,16.871610722046,16.9329595697149,17.0968471827146,17.1687748612923,17.3643352400024,17.4671033680651,17.6644079447071,17.9950836664016,18.083072978516,18.1999726062144,18.3466661039135,18.4268203283762,18.6314543480122,18.7638217454663,18.9771936447785,19.2057582847402,19.2188806641489,19.4633315156991,19.7174257419707,20.0672747331356,20.1576001663665,20.2732365554745,20.6519411865262,21.239052577227,21.5503353254903,23.3876781334206,NA,NA,NA,NA,NA,NA,NA,NA,NA,NA,NA,NA,NA,NA,NA,NA,NA,NA,NA,NA,NA
0.472489482613623,0.579831210371285,0.700341045656206,0.839058485473357,0.857494070213838,1.13111465962637,1.28156640413834,1.40475866037197,1.48492708277975,1.55528093907134,1.6514622272691,1.71674384879274,1.79398942705963,1.85608334085181,1.94311883223505,1.98027409728403,2.08633698492348,2.11931211984714,2.229520344585,2.41183742426706,2.49740715620483,2.54539404841034,2.60334711472929,2.67670935115817,2.70146833832491,2.77964563057446,2.85528933353209,2.90603843540365,3.00271044386917,3.02082959927884,3.06170374764461,3.09084855733084,3.10604069116653,3.2096715170197,3.30163575298118,3.36733487849748,3.38070643763045,3.41521175935387,3.50706517079242,3.53411967100456,3.5892034101823,3.61184238747595,3.67257162255334,3.72519634191588,3.77203687911401,3.80494560683752,3.80922255703858,3.85443984318518,3.92360379231204,3.92921105637524,3.98381372853316,4.07766335036078,4.10959604637138,4.16523193603534,4.20749059920329,4.25555347595785,4.27407990901703,4.29824732062843,4.33246951166965,4.36680158297168,4.40058585291938,4.48490922088096,4.52994802072645,4.55498082284098,4.585799667773,4.63803520152092,4.65723242956635,4.72748902486904,4.78132474461056,4.80479431805477,4.82763341262319,4.87101880552519,4.92974657951167,4.94256923624167,4.98305498863443,5.00227781507646,5.04198470800746,5.08340640740613,5.08763359633629,5.1402158544331,5.15465789098019,5.16745295914717,5.1907198840157,5.21722711567506,5.2499454755651,5.29390919211131,5.3102573146039,5.33944239745344,5.36841511990573,5.40903947253325,5.42518157798016,5.48358084144911,5.51118174471625,5.56604905457172,5.57700215328854,5.61010526832292,5.65555594848833,5.68319848420297,5.70133782888684,5.7234170463669,5.75905286583235,5.76975148026467,5.83320178248193,5.85204899798733,5.87642298292147,5.88852673265137,5.9171965197122,5.946461122725,5.97571303469803,6.00583075287767,6.03737057179768,6.05916627728231,6.07327452264892,6.0976845968378,6.12662943718849,6.13151860975809,6.18677531275779,6.22791655789123,6.24052463757272,6.25735114393292,6.30315421893292,6.33328033361386,6.34771018828682,6.36149385154658,6.38116826574615,6.42223629480568,6.42567886636772,6.45605419868089,6.47076321578163,6.48880071897049,6.51412030618812,6.55764736136776,6.57251647562401,6.61541929361301,6.64824409706225,6.69961964746852,6.71643203053289,6.74015399244251,6.77496548266969,6.81017635213513,6.82155370996546,6.83285622554386,6.86768803799238,6.87299196376936,6.91268812049401,6.91660056915107,6.94214136274252,6.96662882492658,6.99845499269425,7.00381651399237,7.01835478533735,7.04207399489091,7.05110242969833,7.07085252295806,7.11262983128193,7.16304636077959,7.18413200895551,7.18923269309516,7.19818616371594,7.22095636163511,7.25104022079218,7.2836227596167,7.28988193818217,7.31764474371685,7.33834071710717,7.34854492638407,7.35439466579152,7.41190447394506,7.43365872354983,7.45102613475425,7.45511963575676,7.47647947117189,7.50196362811507,7.53177923846088,7.54876283857953,7.55859340457279,7.58779065407477,7.62786914772643,7.63846575578254,7.67867803399551,7.68551495483702,7.70869858953,7.72314216160076,7.75697956689211,7.78308427709748,7.82398374414664,7.82696331552922,7.84936653601962,7.87131594706028,7.88185774008311,7.90340007744446,7.92298175730601,7.94766885881895,7.98312837456097,7.99976386861536,8.03386720345423,8.05063094396937,8.06537898680889,8.10160820918956,8.11431626629108,8.14707671681833,8.16040932705851,8.1654718536645,8.22241525721937,8.25524125891766,8.2736554059684,8.31887726691011,8.32573994717453,8.34547231262008,8.38133796590527,8.39719979721869,8.40223328906728,8.42473423008914,8.4525834900877,8.46739965344237,8.50815486337975,8.5156963280317,8.54542456554367,8.57142065873269,8.61783023019026,8.63078143004146,8.65503811525367,8.66983153166557,8.69718937462072,8.71233649869307,8.74210858033418,8.77465711878502,8.79184519860438,8.80006724915849,8.85097839500332,8.86715282408479,8.8758121761294,8.90479254578427,8.93097160043673,8.97968438843942,8.98631502211627,9.03102633913003,9.07542909486309,9.1069744560815,9.13078524047527,9.13623154818306,9.16600537224964,9.20612195332597,9.24856628120536,9.25610195398702,9.27060378055291,9.3223026828157,9.33971580150624,9.36922292466136,9.38479631874477,9.42252390609834,9.45867055461169,9.4948017459561,9.53701655828042,9.55807076088031,9.60664290207225,9.60905088999418,9.63274730380689,9.64833891229355,9.6921951310204,9.73759308462251,9.75026935532456,9.77666643570398,9.81278581298854,9.83484987964401,9.875304598469,9.92376575326296,9.9470780532896,9.99701037910316,10.0219689821499,10.042193322183,10.0607400872856,10.090876870646,10.1054271668226,10.1236204092395,10.1769573400807,10.1958791586242,10.1971292512849,10.2668251683732,10.2942109703653,10.3208395919839,10.3768435982542,10.3806510467149,10.3953940315291,10.4396226687144,10.4758845305092,10.5124086462502,10.5386887985685,10.5515973831018,10.5806944392958,10.6072940440976,10.6824610658283,10.6861685879908,10.7679642377461,10.8108030382508,10.8725537834739,10.8788767394813,10.9374331138043,10.9640102470097,10.9988780285774,11.0607472527685,11.0961978280282,11.126017328074,11.1592607769904,11.1970641796107,11.2079161982873,11.2531684656732,11.2566843917519,11.2780638892304,11.3303068214695,11.3842620720794,11.4519913996784,11.4608391946451,11.5076814907196,11.5351590672528,11.5747815941252,11.6097957608906,11.6426595182712,11.6891352510665,11.7604841571152,11.7839245663385,11.8054962013484,11.8486628096274,11.8553466919728,11.8888087479394,11.9575496307589,12.0001521901937,12.0369019195052,12.0936871840707,12.1187583350233,12.1393617381905,12.1746191813929,12.2137348776078,12.2480193513813,12.2833142202004,12.3246667970753,12.3509243568987,12.3792045632772,12.3972310343015,12.4521177665615,12.5064303626981,12.5351045293523,12.633056239033,12.6728379028641,12.704561104572,12.7409101716452,12.7875184898727,12.819760093825,12.860925257321,12.9030416799529,12.963575452734,12.9790375994654,13.0137098141439,13.0419045269008,13.0449993712862,13.1060980180607,13.1542357783843,13.220801530761,13.2286585274127,13.2706589650176,13.3287232809534,13.3585195832084,13.4286719786187,13.4300308280971,13.4537729459773,13.5417472909525,13.5805949903616,13.6112940690389,13.6472966299677,13.6705605279824,13.7070696928934,13.7603926271192,13.7822014676854,13.83550944758,13.870393511877,13.9056484520894,13.9578821660822,14.0364868351662,14.0924476287564,14.0969850476634,14.1974101695643,14.2231179106727,14.2580713738642,14.2634002852668,14.3106104165707,14.4178230370699,14.4711158067136,14.490202350766,14.5049541795345,14.623753130155,14.6802482886376,14.7026341601682,14.7310926800375,14.7952956872294,14.8308024757058,14.9067614323246,14.9955090249739,15.0795238499374,15.1012779771828,15.2400404571632,15.2593534802863,15.2720675662998,15.415486970991,15.4591877728185,15.4654896171155,15.507490391595,15.5627816825369,15.6641527070045,15.7698983919517,15.859336286152,15.8956548159955,16.0163455209512,16.1049094584591,16.1977427813829,16.2538590458203,16.2887242839069,16.4622007021227,16.5856541062557,16.5905192988418,16.6874947221456,16.7602155114631,16.871610722046,16.9329595697149,17.0968471827146,17.1687748612923,17.3643352400024,17.4671033680651,17.6644079447071,17.9950836664016,18.083072978516,18.1999726062144,18.3466661039135,18.4268203283762,18.6314543480122,18.7638217454663,18.9771936447785,19.2057582847402,19.2188806641489,19.4633315156991,19.7174257419707,20.0672747331356,20.1576001663665,20.2732365554745,20.6519411865262,21.239052577227,21.5503353254903,23.3876781334206,NA,NA,NA,NA,NA,NA,NA,NA,NA,NA,NA,NA,NA,NA,NA,NA,NA,NA,NA,NA,NA
0.472489482613623,0.579831210371285,0.700341045656206,0.839058485473357,0.857494070213838,1.13111465962637,1.28156640413834,1.40475866037197,1.48492708277975,1.55528093907134,1.6514622272691,1.71674384879274,1.79398942705963,1.85608334085181,1.94311883223505,1.98027409728403,2.08633698492348,2.11931211984714,2.229520344585,2.41183742426706,2.49740715620483,2.54539404841034,2.60334711472929,2.67670935115817,2.70146833832491,2.77964563057446,2.85528933353209,2.90603843540365,3.00271044386917,3.02082959927884,3.06170374764461,3.09084855733084,3.10604069116653,3.2096715170197,3.30163575298118,3.36733487849748,3.38070643763045,3.41521175935387,3.50706517079242,3.53411967100456,3.5892034101823,3.61184238747595,3.67257162255334,3.72519634191588,3.77203687911401,3.80494560683752,3.80922255703858,3.85443984318518,3.92360379231204,3.92921105637524,3.98381372853316,4.07766335036078,4.10959604637138,4.16523193603534,4.20749059920329,4.25555347595785,4.27407990901703,4.29824732062843,4.33246951166965,4.36680158297168,4.40058585291938,4.48490922088096,4.52994802072645,4.55498082284098,4.585799667773,4.63803520152092,4.65723242956635,4.72748902486904,4.78132474461056,4.80479431805477,4.82763341262319,4.87101880552519,4.92974657951167,4.94256923624167,4.98305498863443,5.00227781507646,5.04198470800746,5.08340640740613,5.08763359633629,5.1402158544331,5.15465789098019,5.16745295914717,5.1907198840157,5.21722711567506,5.2499454755651,5.29390919211131,5.3102573146039,5.33944239745344,5.36841511990573,5.40903947253325,5.42518157798016,5.48358084144911,5.51118174471625,5.56604905457172,5.57700215328854,5.61010526832292,5.65555594848833,5.68319848420297,5.70133782888684,5.7234170463669,5.75905286583235,5.76975148026467,5.83320178248193,5.85204899798733,5.87642298292147,5.88852673265137,5.9171965197122,5.946461122725,5.97571303469803,6.00583075287767,6.03737057179768,6.05916627728231,6.07327452264892,6.0976845968378,6.12662943718849,6.13151860975809,6.18677531275779,6.22791655789123,6.24052463757272,6.25735114393292,6.30315421893292,6.33328033361386,6.34771018828682,6.36149385154658,6.38116826574615,6.42223629480568,6.42567886636772,6.45605419868089,6.47076321578163,6.48880071897049,6.51412030618812,6.55764736136776,6.57251647562401,6.61541929361301,6.64824409706225,6.69961964746852,6.71643203053289,6.74015399244251,6.77496548266969,6.81017635213513,6.82155370996546,6.83285622554386,6.86768803799238,6.87299196376936,6.91268812049401,6.91660056915107,6.94214136274252,6.96662882492658,6.99845499269425,7.00381651399237,7.01835478533735,7.04207399489091,7.05110242969833,7.07085252295806,7.11262983128193,7.16304636077959,7.18413200895551,7.18923269309516,7.19818616371594,7.22095636163511,7.25104022079218,7.2836227596167,7.28988193818217,7.31764474371685,7.33834071710717,7.34854492638407,7.35439466579152,7.41190447394506,7.43365872354983,7.45102613475425,7.45511963575676,7.47647947117189,7.50196362811507,7.53177923846088,7.54876283857953,7.55859340457279,7.58779065407477,7.62786914772643,7.63846575578254,7.67867803399551,7.68551495483702,7.70869858953,7.72314216160076,7.75697956689211,7.78308427709748,7.82398374414664,7.82696331552922,7.84936653601962,7.87131594706028,7.88185774008311,7.90340007744446,7.92298175730601,7.94766885881895,7.98312837456097,7.99976386861536,8.03386720345423,8.05063094396937,8.06537898680889,8.10160820918956,8.11431626629108,8.14707671681833,8.16040932705851,8.1654718536645,8.22241525721937,8.25524125891766,8.2736554059684,8.31887726691011,8.32573994717453,8.34547231262008,8.38133796590527,8.39719979721869,8.40223328906728,8.42473423008914,8.4525834900877,8.46739965344237,8.50815486337975,8.5156963280317,8.54542456554367,8.57142065873269,8.61783023019026,8.63078143004146,8.65503811525367,8.66983153166557,8.69718937462072,8.71233649869307,8.74210858033418,8.77465711878502,8.79184519860438,8.80006724915849,8.85097839500332,8.86715282408479,8.8758121761294,8.90479254578427,8.93097160043673,8.97968438843942,8.98631502211627,9.03102633913003,9.07542909486309,9.1069744560815,9.13078524047527,9.13623154818306,9.16600537224964,9.20612195332597,9.24856628120536,9.25610195398702,9.27060378055291,9.3223026828157,9.33971580150624,9.36922292466136,9.38479631874477,9.42252390609834,9.45867055461169,9.4948017459561,9.53701655828042,9.55807076088031,9.60664290207225,9.60905088999418,9.63274730380689,9.64833891229355,9.6921951310204,9.73759308462251,9.75026935532456,9.77666643570398,9.81278581298854,9.83484987964401,9.875304598469,9.92376575326296,9.9470780532896,9.99701037910316,10.0219689821499,10.042193322183,10.0607400872856,10.090876870646,10.1054271668226,10.1236204092395,10.1769573400807,10.1958791586242,10.1971292512849,10.2668251683732,10.2942109703653,10.3208395919839,10.3768435982542,10.3806510467149,10.3953940315291,10.4396226687144,10.4758845305092,10.5124086462502,10.5386887985685,10.5515973831018,10.5806944392958,10.6072940440976,10.6824610658283,10.6861685879908,10.7679642377461,10.8108030382508,10.8725537834739,10.8788767394813,10.9374331138043,10.9640102470097,10.9988780285774,11.0607472527685,11.0961978280282,11.126017328074,11.1592607769904,11.1970641796107,11.2079161982873,11.2531684656732,11.2566843917519,11.2780638892304,11.3303068214695,11.3842620720794,11.4519913996784,11.4608391946451,11.5076814907196,11.5351590672528,11.5747815941252,11.6097957608906,11.6426595182712,11.6891352510665,11.7604841571152,11.7839245663385,11.8054962013484,11.8486628096274,11.8553466919728,11.8888087479394,11.9575496307589,12.0001521901937,12.0369019195052,12.0936871840707,12.1187583350233,12.1393617381905,12.1746191813929,12.2137348776078,12.2480193513813,12.2833142202004,12.3246667970753,12.3509243568987,12.3792045632772,12.3972310343015,12.4521177665615,12.5064303626981,12.5351045293523,12.633056239033,12.6728379028641,12.704561104572,12.7409101716452,12.7875184898727,12.819760093825,12.860925257321,12.9030416799529,12.963575452734,12.9790375994654,13.0137098141439,13.0419045269008,13.0449993712862,13.1060980180607,13.1542357783843,13.220801530761,13.2286585274127,13.2706589650176,13.3287232809534,13.3585195832084,13.4286719786187,13.4300308280971,13.4537729459773,13.5417472909525,13.5805949903616,13.6112940690389,13.6472966299677,13.6705605279824,13.7070696928934,13.7603926271192,13.7822014676854,13.83550944758,13.870393511877,13.9056484520894,13.9578821660822,14.0364868351662,14.0924476287564,14.0969850476634,14.1974101695643,14.2231179106727,14.2580713738642,14.2634002852668,14.3106104165707,14.4178230370699,14.4711158067136,14.490202350766,14.5049541795345,14.623753130155,14.6802482886376,14.7026341601682,14.7310926800375,14.7952956872294,14.8308024757058,14.9067614323246,14.9955090249739,15.0795238499374,15.1012779771828,15.2400404571632,15.2593534802863,15.2720675662998,15.415486970991,15.4591877728185,15.4654896171155,15.507490391595,15.5627816825369,15.6641527070045,15.7698983919517,15.859336286152,15.8956548159955,16.0163455209512,16.1049094584591,16.1977427813829,16.2538590458203,16.2887242839069,16.4622007021227,16.5856541062557,16.5905192988418,16.6874947221456,16.7602155114631,16.871610722046,16.9329595697149,17.0968471827146,17.1687748612923,17.3643352400024,17.4671033680651,17.6644079447071,17.9950836664016,18.083072978516,18.1999726062144,18.3466661039135,18.4268203283762,18.6314543480122,18.7638217454663,18.9771936447785,19.2057582847402,19.2188806641489,19.4633315156991,19.7174257419707,20.0672747331356,20.1576001663665,20.2732365554745,20.6519411865262,21.239052577227,21.5503353254903,23.3876781334206,NA,NA,NA,NA,NA,NA,NA,NA,NA,NA,NA,NA,NA,NA,NA,NA,NA,NA,NA,NA,NA
0.472489482613623,0.579831210371285,0.700341045656206,0.839058485473357,0.857494070213838,1.13111465962637,1.28156640413834,1.40475866037197,1.48492708277975,1.55528093907134,1.6514622272691,1.71674384879274,1.79398942705963,1.85608334085181,1.94311883223505,1.98027409728403,2.08633698492348,2.11931211984714,2.229520344585,2.41183742426706,2.49740715620483,2.54539404841034,2.60334711472929,2.67670935115817,2.70146833832491,2.77964563057446,2.85528933353209,2.90603843540365,3.00271044386917,3.02082959927884,3.06170374764461,3.09084855733084,3.10604069116653,3.2096715170197,3.30163575298118,3.36733487849748,3.38070643763045,3.41521175935387,3.50706517079242,3.53411967100456,3.5892034101823,3.61184238747595,3.67257162255334,3.72519634191588,3.77203687911401,3.80494560683752,3.80922255703858,3.85443984318518,3.92360379231204,3.92921105637524,3.98381372853316,4.07766335036078,4.10959604637138,4.16523193603534,4.20749059920329,4.25555347595785,4.27407990901703,4.29824732062843,4.33246951166965,4.36680158297168,4.40058585291938,4.48490922088096,4.52994802072645,4.55498082284098,4.585799667773,4.63803520152092,4.65723242956635,4.72748902486904,4.78132474461056,4.80479431805477,4.82763341262319,4.87101880552519,4.92974657951167,4.94256923624167,4.98305498863443,5.00227781507646,5.04198470800746,5.08340640740613,5.08763359633629,5.1402158544331,5.15465789098019,5.16745295914717,5.1907198840157,5.21722711567506,5.2499454755651,5.29390919211131,5.3102573146039,5.33944239745344,5.36841511990573,5.40903947253325,5.42518157798016,5.48358084144911,5.51118174471625,5.56604905457172,5.57700215328854,5.61010526832292,5.65555594848833,5.68319848420297,5.70133782888684,5.7234170463669,5.75905286583235,5.76975148026467,5.83320178248193,5.85204899798733,5.87642298292147,5.88852673265137,5.9171965197122,5.946461122725,5.97571303469803,6.00583075287767,6.03737057179768,6.05916627728231,6.07327452264892,6.0976845968378,6.12662943718849,6.13151860975809,6.18677531275779,6.22791655789123,6.24052463757272,6.25735114393292,6.30315421893292,6.33328033361386,6.34771018828682,6.36149385154658,6.38116826574615,6.42223629480568,6.42567886636772,6.45605419868089,6.47076321578163,6.48880071897049,6.51412030618812,6.55764736136776,6.57251647562401,6.61541929361301,6.64824409706225,6.69961964746852,6.71643203053289,6.74015399244251,6.77496548266969,6.81017635213513,6.82155370996546,6.83285622554386,6.86768803799238,6.87299196376936,6.91268812049401,6.91660056915107,6.94214136274252,6.96662882492658,6.99845499269425,7.00381651399237,7.01835478533735,7.04207399489091,7.05110242969833,7.07085252295806,7.11262983128193,7.16304636077959,7.18413200895551,7.18923269309516,7.19818616371594,7.22095636163511,7.25104022079218,7.2836227596167,7.28988193818217,7.31764474371685,7.33834071710717,7.34854492638407,7.35439466579152,7.41190447394506,7.43365872354983,7.45102613475425,7.45511963575676,7.47647947117189,7.50196362811507,7.53177923846088,7.54876283857953,7.55859340457279,7.58779065407477,7.62786914772643,7.63846575578254,7.67867803399551,7.68551495483702,7.70869858953,7.72314216160076,7.75697956689211,7.78308427709748,7.82398374414664,7.82696331552922,7.84936653601962,7.87131594706028,7.88185774008311,7.90340007744446,7.92298175730601,7.94766885881895,7.98312837456097,7.99976386861536,8.03386720345423,8.05063094396937,8.06537898680889,8.10160820918956,8.11431626629108,8.14707671681833,8.16040932705851,8.1654718536645,8.22241525721937,8.25524125891766,8.2736554059684,8.31887726691011,8.32573994717453,8.34547231262008,8.38133796590527,8.39719979721869,8.40223328906728,8.42473423008914,8.4525834900877,8.46739965344237,8.50815486337975,8.5156963280317,8.54542456554367,8.57142065873269,8.61783023019026,8.63078143004146,8.65503811525367,8.66983153166557,8.69718937462072,8.71233649869307,8.74210858033418,8.77465711878502,8.79184519860438,8.80006724915849,8.85097839500332,8.86715282408479,8.8758121761294,8.90479254578427,8.93097160043673,8.97968438843942,8.98631502211627,9.03102633913003,9.07542909486309,9.1069744560815,9.13078524047527,9.13623154818306,9.16600537224964,9.20612195332597,9.24856628120536,9.25610195398702,9.27060378055291,9.3223026828157,9.33971580150624,9.36922292466136,9.38479631874477,9.42252390609834,9.45867055461169,9.4948017459561,9.53701655828042,9.55807076088031,9.60664290207225,9.60905088999418,9.63274730380689,9.64833891229355,9.6921951310204,9.73759308462251,9.75026935532456,9.77666643570398,9.81278581298854,9.83484987964401,9.875304598469,9.92376575326296,9.9470780532896,9.99701037910316,10.0219689821499,10.042193322183,10.0607400872856,10.090876870646,10.1054271668226,10.1236204092395,10.1769573400807,10.1958791586242,10.1971292512849,10.2668251683732,10.2942109703653,10.3208395919839,10.3768435982542,10.3806510467149,10.3953940315291,10.4396226687144,10.4758845305092,10.5124086462502,10.5386887985685,10.5515973831018,10.5806944392958,10.6072940440976,10.6824610658283,10.6861685879908,10.7679642377461,10.8108030382508,10.8725537834739,10.8788767394813,10.9374331138043,10.9640102470097,10.9988780285774,11.0607472527685,11.0961978280282,11.126017328074,11.1592607769904,11.1970641796107,11.2079161982873,11.2531684656732,11.2566843917519,11.2780638892304,11.3303068214695,11.3842620720794,11.4519913996784,11.4608391946451,11.5076814907196,11.5351590672528,11.5747815941252,11.6097957608906,11.6426595182712,11.6891352510665,11.7604841571152,11.7839245663385,11.8054962013484,11.8486628096274,11.8553466919728,11.8888087479394,11.9575496307589,12.0001521901937,12.0369019195052,12.0936871840707,12.1187583350233,12.1393617381905,12.1746191813929,12.2137348776078,12.2480193513813,12.2833142202004,12.3246667970753,12.3509243568987,12.3792045632772,12.3972310343015,12.4521177665615,12.5064303626981,12.5351045293523,12.633056239033,12.6728379028641,12.704561104572,12.7409101716452,12.7875184898727,12.819760093825,12.860925257321,12.9030416799529,12.963575452734,12.9790375994654,13.0137098141439,13.0419045269008,13.0449993712862,13.1060980180607,13.1542357783843,13.220801530761,13.2286585274127,13.2706589650176,13.3287232809534,13.3585195832084,13.4286719786187,13.4300308280971,13.4537729459773,13.5417472909525,13.5805949903616,13.6112940690389,13.6472966299677,13.6705605279824,13.7070696928934,13.7603926271192,13.7822014676854,13.83550944758,13.870393511877,13.9056484520894,13.9578821660822,14.0364868351662,14.0924476287564,14.0969850476634,14.1974101695643,14.2231179106727,14.2580713738642,14.2634002852668,14.3106104165707,14.4178230370699,14.4711158067136,14.490202350766,14.5049541795345,14.623753130155,14.6802482886376,14.7026341601682,14.7310926800375,14.7952956872294,14.8308024757058,14.9067614323246,14.9955090249739,15.0795238499374,15.1012779771828,15.2400404571632,15.2593534802863,15.2720675662998,15.415486970991,15.4591877728185,15.4654896171155,15.507490391595,15.5627816825369,15.6641527070045,15.7698983919517,15.859336286152,15.8956548159955,16.0163455209512,16.1049094584591,16.1977427813829,16.2538590458203,16.2887242839069,16.4622007021227,16.5856541062557,16.5905192988418,16.6874947221456,16.7602155114631,16.871610722046,16.9329595697149,17.0968471827146,17.1687748612923,17.3643352400024,17.4671033680651,17.6644079447071,17.9950836664016,18.083072978516,18.1999726062144,18.3466661039135,18.4268203283762,18.6314543480122,18.7638217454663,18.9771936447785,19.2057582847402,19.2188806641489,19.4633315156991,19.7174257419707,20.0672747331356,20.1576001663665,20.2732365554745,20.6519411865262,21.239052577227,21.5503353254903,23.3876781334206,NA,NA,NA,NA,NA,NA,NA,NA,NA,NA,NA,NA,NA,NA,NA,NA,NA,NA,NA,NA,NA
0.472489482613623,0.579831210371285,0.700341045656206,0.839058485473357,0.857494070213838,1.13111465962637,1.28156640413834,1.40475866037197,1.48492708277975,1.55528093907134,1.6514622272691,1.71674384879274,1.79398942705963,1.85608334085181,1.94311883223505,1.98027409728403,2.08633698492348,2.11931211984714,2.229520344585,2.41183742426706,2.49740715620483,2.54539404841034,2.60334711472929,2.67670935115817,2.70146833832491,2.77964563057446,2.85528933353209,2.90603843540365,3.00271044386917,3.02082959927884,3.06170374764461,3.09084855733084,3.10604069116653,3.2096715170197,3.30163575298118,3.36733487849748,3.38070643763045,3.41521175935387,3.50706517079242,3.53411967100456,3.5892034101823,3.61184238747595,3.67257162255334,3.72519634191588,3.77203687911401,3.80494560683752,3.80922255703858,3.85443984318518,3.92360379231204,3.92921105637524,3.98381372853316,4.07766335036078,4.10959604637138,4.16523193603534,4.20749059920329,4.25555347595785,4.27407990901703,4.29824732062843,4.33246951166965,4.36680158297168,4.40058585291938,4.48490922088096,4.52994802072645,4.55498082284098,4.585799667773,4.63803520152092,4.65723242956635,4.72748902486904,4.78132474461056,4.80479431805477,4.82763341262319,4.87101880552519,4.92974657951167,4.94256923624167,4.98305498863443,5.00227781507646,5.04198470800746,5.08340640740613,5.08763359633629,5.1402158544331,5.15465789098019,5.16745295914717,5.1907198840157,5.21722711567506,5.2499454755651,5.29390919211131,5.3102573146039,5.33944239745344,5.36841511990573,5.40903947253325,5.42518157798016,5.48358084144911,5.51118174471625,5.56604905457172,5.57700215328854,5.61010526832292,5.65555594848833,5.68319848420297,5.70133782888684,5.7234170463669,5.75905286583235,5.76975148026467,5.83320178248193,5.85204899798733,5.87642298292147,5.88852673265137,5.9171965197122,5.946461122725,5.97571303469803,6.00583075287767,6.03737057179768,6.05916627728231,6.07327452264892,6.0976845968378,6.12662943718849,6.13151860975809,6.18677531275779,6.22791655789123,6.24052463757272,6.25735114393292,6.30315421893292,6.33328033361386,6.34771018828682,6.36149385154658,6.38116826574615,6.42223629480568,6.42567886636772,6.45605419868089,6.47076321578163,6.48880071897049,6.51412030618812,6.55764736136776,6.57251647562401,6.61541929361301,6.64824409706225,6.69961964746852,6.71643203053289,6.74015399244251,6.77496548266969,6.81017635213513,6.82155370996546,6.83285622554386,6.86768803799238,6.87299196376936,6.91268812049401,6.91660056915107,6.94214136274252,6.96662882492658,6.99845499269425,7.00381651399237,7.01835478533735,7.04207399489091,7.05110242969833,7.07085252295806,7.11262983128193,7.16304636077959,7.18413200895551,7.18923269309516,7.19818616371594,7.22095636163511,7.25104022079218,7.2836227596167,7.28988193818217,7.31764474371685,7.33834071710717,7.34854492638407,7.35439466579152,7.41190447394506,7.43365872354983,7.45102613475425,7.45511963575676,7.47647947117189,7.50196362811507,7.53177923846088,7.54876283857953,7.55859340457279,7.58779065407477,7.62786914772643,7.63846575578254,7.67867803399551,7.68551495483702,7.70869858953,7.72314216160076,7.75697956689211,7.78308427709748,7.82398374414664,7.82696331552922,7.84936653601962,7.87131594706028,7.88185774008311,7.90340007744446,7.92298175730601,7.94766885881895,7.98312837456097,7.99976386861536,8.03386720345423,8.05063094396937,8.06537898680889,8.10160820918956,8.11431626629108,8.14707671681833,8.16040932705851,8.1654718536645,8.22241525721937,8.25524125891766,8.2736554059684,8.31887726691011,8.32573994717453,8.34547231262008,8.38133796590527,8.39719979721869,8.40223328906728,8.42473423008914,8.4525834900877,8.46739965344237,8.50815486337975,8.5156963280317,8.54542456554367,8.57142065873269,8.61783023019026,8.63078143004146,8.65503811525367,8.66983153166557,8.69718937462072,8.71233649869307,8.74210858033418,8.77465711878502,8.79184519860438,8.80006724915849,8.85097839500332,8.86715282408479,8.8758121761294,8.90479254578427,8.93097160043673,8.97968438843942,8.98631502211627,9.03102633913003,9.07542909486309,9.1069744560815,9.13078524047527,9.13623154818306,9.16600537224964,9.20612195332597,9.24856628120536,9.25610195398702,9.27060378055291,9.3223026828157,9.33971580150624,9.36922292466136,9.38479631874477,9.42252390609834,9.45867055461169,9.4948017459561,9.53701655828042,9.55807076088031,9.60664290207225,9.60905088999418,9.63274730380689,9.64833891229355,9.6921951310204,9.73759308462251,9.75026935532456,9.77666643570398,9.81278581298854,9.83484987964401,9.875304598469,9.92376575326296,9.9470780532896,9.99701037910316,10.0219689821499,10.042193322183,10.0607400872856,10.090876870646,10.1054271668226,10.1236204092395,10.1769573400807,10.1958791586242,10.1971292512849,10.2668251683732,10.2942109703653,10.3208395919839,10.3768435982542,10.3806510467149,10.3953940315291,10.4396226687144,10.4758845305092,10.5124086462502,10.5386887985685,10.5515973831018,10.5806944392958,10.6072940440976,10.6824610658283,10.6861685879908,10.7679642377461,10.8108030382508,10.8725537834739,10.8788767394813,10.9374331138043,10.9640102470097,10.9988780285774,11.0607472527685,11.0961978280282,11.126017328074,11.1592607769904,11.1970641796107,11.2079161982873,11.2531684656732,11.2566843917519,11.2780638892304,11.3303068214695,11.3842620720794,11.4519913996784,11.4608391946451,11.5076814907196,11.5351590672528,11.5747815941252,11.6097957608906,11.6426595182712,11.6891352510665,11.7604841571152,11.7839245663385,11.8054962013484,11.8486628096274,11.8553466919728,11.8888087479394,11.9575496307589,12.0001521901937,12.0369019195052,12.0936871840707,12.1187583350233,12.1393617381905,12.1746191813929,12.2137348776078,12.2480193513813,12.2833142202004,12.3246667970753,12.3509243568987,12.3792045632772,12.3972310343015,12.4521177665615,12.5064303626981,12.5351045293523,12.633056239033,12.6728379028641,12.704561104572,12.7409101716452,12.7875184898727,12.819760093825,12.860925257321,12.9030416799529,12.963575452734,12.9790375994654,13.0137098141439,13.0419045269008,13.0449993712862,13.1060980180607,13.1542357783843,13.220801530761,13.2286585274127,13.2706589650176,13.3287232809534,13.3585195832084,13.4286719786187,13.4300308280971,13.4537729459773,13.5417472909525,13.5805949903616,13.6112940690389,13.6472966299677,13.6705605279824,13.7070696928934,13.7603926271192,13.7822014676854,13.83550944758,13.870393511877,13.9056484520894,13.9578821660822,14.0364868351662,14.0924476287564,14.0969850476634,14.1974101695643,14.2231179106727,14.2580713738642,14.2634002852668,14.3106104165707,14.4178230370699,14.4711158067136,14.490202350766,14.5049541795345,14.623753130155,14.6802482886376,14.7026341601682,14.7310926800375,14.7952956872294,14.8308024757058,14.9067614323246,14.9955090249739,15.0795238499374,15.1012779771828,15.2400404571632,15.2593534802863,15.2720675662998,15.415486970991,15.4591877728185,15.4654896171155,15.507490391595,15.5627816825369,15.6641527070045,15.7698983919517,15.859336286152,15.8956548159955,16.0163455209512,16.1049094584591,16.1977427813829,16.2538590458203,16.2887242839069,16.4622007021227,16.5856541062557,16.5905192988418,16.6874947221456,16.7602155114631,16.871610722046,16.9329595697149,17.0968471827146,17.1687748612923,17.3643352400024,17.4671033680651,17.6644079447071,17.9950836664016,18.083072978516,18.1999726062144,18.3466661039135,18.4268203283762,18.6314543480122,18.7638217454663,18.9771936447785,19.2057582847402,19.2188806641489,19.4633315156991,19.7174257419707,20.0672747331356,20.1576001663665,20.2732365554745,20.6519411865262,21.239052577227,21.5503353254903,23.3876781334206,NA,NA,NA,NA,NA,NA,NA,NA,NA,NA,NA,NA,NA,NA,NA,NA,NA,NA,NA,NA,NA
0.472489482613623,0.579831210371285,0.700341045656206,0.839058485473357,0.857494070213838,1.13111465962637,1.28156640413834,1.40475866037197,1.48492708277975,1.55528093907134,1.6514622272691,1.71674384879274,1.79398942705963,1.85608334085181,1.94311883223505,1.98027409728403,2.08633698492348,2.11931211984714,2.229520344585,2.41183742426706,2.49740715620483,2.54539404841034,2.60334711472929,2.67670935115817,2.70146833832491,2.77964563057446,2.85528933353209,2.90603843540365,3.00271044386917,3.02082959927884,3.06170374764461,3.09084855733084,3.10604069116653,3.2096715170197,3.30163575298118,3.36733487849748,3.38070643763045,3.41521175935387,3.50706517079242,3.53411967100456,3.5892034101823,3.61184238747595,3.67257162255334,3.72519634191588,3.77203687911401,3.80494560683752,3.80922255703858,3.85443984318518,3.92360379231204,3.92921105637524,3.98381372853316,4.07766335036078,4.10959604637138,4.16523193603534,4.20749059920329,4.25555347595785,4.27407990901703,4.29824732062843,4.33246951166965,4.36680158297168,4.40058585291938,4.48490922088096,4.52994802072645,4.55498082284098,4.585799667773,4.63803520152092,4.65723242956635,4.72748902486904,4.78132474461056,4.80479431805477,4.82763341262319,4.87101880552519,4.92974657951167,4.94256923624167,4.98305498863443,5.00227781507646,5.04198470800746,5.08340640740613,5.08763359633629,5.1402158544331,5.15465789098019,5.16745295914717,5.1907198840157,5.21722711567506,5.2499454755651,5.29390919211131,5.3102573146039,5.33944239745344,5.36841511990573,5.40903947253325,5.42518157798016,5.48358084144911,5.51118174471625,5.56604905457172,5.57700215328854,5.61010526832292,5.65555594848833,5.68319848420297,5.70133782888684,5.7234170463669,5.75905286583235,5.76975148026467,5.83320178248193,5.85204899798733,5.87642298292147,5.88852673265137,5.9171965197122,5.946461122725,5.97571303469803,6.00583075287767,6.03737057179768,6.05916627728231,6.07327452264892,6.0976845968378,6.12662943718849,6.13151860975809,6.18677531275779,6.22791655789123,6.24052463757272,6.25735114393292,6.30315421893292,6.33328033361386,6.34771018828682,6.36149385154658,6.38116826574615,6.42223629480568,6.42567886636772,6.45605419868089,6.47076321578163,6.48880071897049,6.51412030618812,6.55764736136776,6.57251647562401,6.61541929361301,6.64824409706225,6.69961964746852,6.71643203053289,6.74015399244251,6.77496548266969,6.81017635213513,6.82155370996546,6.83285622554386,6.86768803799238,6.87299196376936,6.91268812049401,6.91660056915107,6.94214136274252,6.96662882492658,6.99845499269425,7.00381651399237,7.01835478533735,7.04207399489091,7.05110242969833,7.07085252295806,7.11262983128193,7.16304636077959,7.18413200895551,7.18923269309516,7.19818616371594,7.22095636163511,7.25104022079218,7.2836227596167,7.28988193818217,7.31764474371685,7.33834071710717,7.34854492638407,7.35439466579152,7.41190447394506,7.43365872354983,7.45102613475425,7.45511963575676,7.47647947117189,7.50196362811507,7.53177923846088,7.54876283857953,7.55859340457279,7.58779065407477,7.62786914772643,7.63846575578254,7.67867803399551,7.68551495483702,7.70869858953,7.72314216160076,7.75697956689211,7.78308427709748,7.82398374414664,7.82696331552922,7.84936653601962,7.87131594706028,7.88185774008311,7.90340007744446,7.92298175730601,7.94766885881895,7.98312837456097,7.99976386861536,8.03386720345423,8.05063094396937,8.06537898680889,8.10160820918956,8.11431626629108,8.14707671681833,8.16040932705851,8.1654718536645,8.22241525721937,8.25524125891766,8.2736554059684,8.31887726691011,8.32573994717453,8.34547231262008,8.38133796590527,8.39719979721869,8.40223328906728,8.42473423008914,8.4525834900877,8.46739965344237,8.50815486337975,8.5156963280317,8.54542456554367,8.57142065873269,8.61783023019026,8.63078143004146,8.65503811525367,8.66983153166557,8.69718937462072,8.71233649869307,8.74210858033418,8.77465711878502,8.79184519860438,8.80006724915849,8.85097839500332,8.86715282408479,8.8758121761294,8.90479254578427,8.93097160043673,8.97968438843942,8.98631502211627,9.03102633913003,9.07542909486309,9.1069744560815,9.13078524047527,9.13623154818306,9.16600537224964,9.20612195332597,9.24856628120536,9.25610195398702,9.27060378055291,9.3223026828157,9.33971580150624,9.36922292466136,9.38479631874477,9.42252390609834,9.45867055461169,9.4948017459561,9.53701655828042,9.55807076088031,9.60664290207225,9.60905088999418,9.63274730380689,9.64833891229355,9.6921951310204,9.73759308462251,9.75026935532456,9.77666643570398,9.81278581298854,9.83484987964401,9.875304598469,9.92376575326296,9.9470780532896,9.99701037910316,10.0219689821499,10.042193322183,10.0607400872856,10.090876870646,10.1054271668226,10.1236204092395,10.1769573400807,10.1958791586242,10.1971292512849,10.2668251683732,10.2942109703653,10.3208395919839,10.3768435982542,10.3806510467149,10.3953940315291,10.4396226687144,10.4758845305092,10.5124086462502,10.5386887985685,10.5515973831018,10.5806944392958,10.6072940440976,10.6824610658283,10.6861685879908,10.7679642377461,10.8108030382508,10.8725537834739,10.8788767394813,10.9374331138043,10.9640102470097,10.9988780285774,11.0607472527685,11.0961978280282,11.126017328074,11.1592607769904,11.1970641796107,11.2079161982873,11.2531684656732,11.2566843917519,11.2780638892304,11.3303068214695,11.3842620720794,11.4519913996784,11.4608391946451,11.5076814907196,11.5351590672528,11.5747815941252,11.6097957608906,11.6426595182712,11.6891352510665,11.7604841571152,11.7839245663385,11.8054962013484,11.8486628096274,11.8553466919728,11.8888087479394,11.9575496307589,12.0001521901937,12.0369019195052,12.0936871840707,12.1187583350233,12.1393617381905,12.1746191813929,12.2137348776078,12.2480193513813,12.2833142202004,12.3246667970753,12.3509243568987,12.3792045632772,12.3972310343015,12.4521177665615,12.5064303626981,12.5351045293523,12.633056239033,12.6728379028641,12.704561104572,12.7409101716452,12.7875184898727,12.819760093825,12.860925257321,12.9030416799529,12.963575452734,12.9790375994654,13.0137098141439,13.0419045269008,13.0449993712862,13.1060980180607,13.1542357783843,13.220801530761,13.2286585274127,13.2706589650176,13.3287232809534,13.3585195832084,13.4286719786187,13.4300308280971,13.4537729459773,13.5417472909525,13.5805949903616,13.6112940690389,13.6472966299677,13.6705605279824,13.7070696928934,13.7603926271192,13.7822014676854,13.83550944758,13.870393511877,13.9056484520894,13.9578821660822,14.0364868351662,14.0924476287564,14.0969850476634,14.1974101695643,14.2231179106727,14.2580713738642,14.2634002852668,14.3106104165707,14.4178230370699,14.4711158067136,14.490202350766,14.5049541795345,14.623753130155,14.6802482886376,14.7026341601682,14.7310926800375,14.7952956872294,14.8308024757058,14.9067614323246,14.9955090249739,15.0795238499374,15.1012779771828,15.2400404571632,15.2593534802863,15.2720675662998,15.415486970991,15.4591877728185,15.4654896171155,15.507490391595,15.5627816825369,15.6641527070045,15.7698983919517,15.859336286152,15.8956548159955,16.0163455209512,16.1049094584591,16.1977427813829,16.2538590458203,16.2887242839069,16.4622007021227,16.5856541062557,16.5905192988418,16.6874947221456,16.7602155114631,16.871610722046,16.9329595697149,17.0968471827146,17.1687748612923,17.3643352400024,17.4671033680651,17.6644079447071,17.9950836664016,18.083072978516,18.1999726062144,18.3466661039135,18.4268203283762,18.6314543480122,18.7638217454663,18.9771936447785,19.2057582847402,19.2188806641489,19.4633315156991,19.7174257419707,20.0672747331356,20.1576001663665,20.2732365554745,20.6519411865262,21.239052577227,21.5503353254903,23.3876781334206,NA,NA,NA,NA,NA,NA,NA,NA,NA,NA,NA,NA,NA,NA,NA,NA,NA,NA,NA,NA,NA
0.472489482613623,0.579831210371285,0.700341045656206,0.839058485473357,0.857494070213838,1.13111465962637,1.28156640413834,1.40475866037197,1.48492708277975,1.55528093907134,1.6514622272691,1.71674384879274,1.79398942705963,1.85608334085181,1.94311883223505,1.98027409728403,2.08633698492348,2.11931211984714,2.229520344585,2.41183742426706,2.49740715620483,2.54539404841034,2.60334711472929,2.67670935115817,2.70146833832491,2.77964563057446,2.85528933353209,2.90603843540365,3.00271044386917,3.02082959927884,3.06170374764461,3.09084855733084,3.10604069116653,3.2096715170197,3.30163575298118,3.36733487849748,3.38070643763045,3.41521175935387,3.50706517079242,3.53411967100456,3.5892034101823,3.61184238747595,3.67257162255334,3.72519634191588,3.77203687911401,3.80494560683752,3.80922255703858,3.85443984318518,3.92360379231204,3.92921105637524,3.98381372853316,4.07766335036078,4.10959604637138,4.16523193603534,4.20749059920329,4.25555347595785,4.27407990901703,4.29824732062843,4.33246951166965,4.36680158297168,4.40058585291938,4.48490922088096,4.52994802072645,4.55498082284098,4.585799667773,4.63803520152092,4.65723242956635,4.72748902486904,4.78132474461056,4.80479431805477,4.82763341262319,4.87101880552519,4.92974657951167,4.94256923624167,4.98305498863443,5.00227781507646,5.04198470800746,5.08340640740613,5.08763359633629,5.1402158544331,5.15465789098019,5.16745295914717,5.1907198840157,5.21722711567506,5.2499454755651,5.29390919211131,5.3102573146039,5.33944239745344,5.36841511990573,5.40903947253325,5.42518157798016,5.48358084144911,5.51118174471625,5.56604905457172,5.57700215328854,5.61010526832292,5.65555594848833,5.68319848420297,5.70133782888684,5.7234170463669,5.75905286583235,5.76975148026467,5.83320178248193,5.85204899798733,5.87642298292147,5.88852673265137,5.9171965197122,5.946461122725,5.97571303469803,6.00583075287767,6.03737057179768,6.05916627728231,6.07327452264892,6.0976845968378,6.12662943718849,6.13151860975809,6.18677531275779,6.22791655789123,6.24052463757272,6.25735114393292,6.30315421893292,6.33328033361386,6.34771018828682,6.36149385154658,6.38116826574615,6.42223629480568,6.42567886636772,6.45605419868089,6.47076321578163,6.48880071897049,6.51412030618812,6.55764736136776,6.57251647562401,6.61541929361301,6.64824409706225,6.69961964746852,6.71643203053289,6.74015399244251,6.77496548266969,6.81017635213513,6.82155370996546,6.83285622554386,6.86768803799238,6.87299196376936,6.91268812049401,6.91660056915107,6.94214136274252,6.96662882492658,6.99845499269425,7.00381651399237,7.01835478533735,7.04207399489091,7.05110242969833,7.07085252295806,7.11262983128193,7.16304636077959,7.18413200895551,7.18923269309516,7.19818616371594,7.22095636163511,7.25104022079218,7.2836227596167,7.28988193818217,7.31764474371685,7.33834071710717,7.34854492638407,7.35439466579152,7.41190447394506,7.43365872354983,7.45102613475425,7.45511963575676,7.47647947117189,7.50196362811507,7.53177923846088,7.54876283857953,7.55859340457279,7.58779065407477,7.62786914772643,7.63846575578254,7.67867803399551,7.68551495483702,7.70869858953,7.72314216160076,7.75697956689211,7.78308427709748,7.82398374414664,7.82696331552922,7.84936653601962,7.87131594706028,7.88185774008311,7.90340007744446,7.92298175730601,7.94766885881895,7.98312837456097,7.99976386861536,8.03386720345423,8.05063094396937,8.06537898680889,8.10160820918956,8.11431626629108,8.14707671681833,8.16040932705851,8.1654718536645,8.22241525721937,8.25524125891766,8.2736554059684,8.31887726691011,8.32573994717453,8.34547231262008,8.38133796590527,8.39719979721869,8.40223328906728,8.42473423008914,8.4525834900877,8.46739965344237,8.50815486337975,8.5156963280317,8.54542456554367,8.57142065873269,8.61783023019026,8.63078143004146,8.65503811525367,8.66983153166557,8.69718937462072,8.71233649869307,8.74210858033418,8.77465711878502,8.79184519860438,8.80006724915849,8.85097839500332,8.86715282408479,8.8758121761294,8.90479254578427,8.93097160043673,8.97968438843942,8.98631502211627,9.03102633913003,9.07542909486309,9.1069744560815,9.13078524047527,9.13623154818306,9.16600537224964,9.20612195332597,9.24856628120536,9.25610195398702,9.27060378055291,9.3223026828157,9.33971580150624,9.36922292466136,9.38479631874477,9.42252390609834,9.45867055461169,9.4948017459561,9.53701655828042,9.55807076088031,9.60664290207225,9.60905088999418,9.63274730380689,9.64833891229355,9.6921951310204,9.73759308462251,9.75026935532456,9.77666643570398,9.81278581298854,9.83484987964401,9.875304598469,9.92376575326296,9.9470780532896,9.99701037910316,10.0219689821499,10.042193322183,10.0607400872856,10.090876870646,10.1054271668226,10.1236204092395,10.1769573400807,10.1958791586242,10.1971292512849,10.2668251683732,10.2942109703653,10.3208395919839,10.3768435982542,10.3806510467149,10.3953940315291,10.4396226687144,10.4758845305092,10.5124086462502,10.5386887985685,10.5515973831018,10.5806944392958,10.6072940440976,10.6824610658283,10.6861685879908,10.7679642377461,10.8108030382508,10.8725537834739,10.8788767394813,10.9374331138043,10.9640102470097,10.9988780285774,11.0607472527685,11.0961978280282,11.126017328074,11.1592607769904,11.1970641796107,11.2079161982873,11.2531684656732,11.2566843917519,11.2780638892304,11.3303068214695,11.3842620720794,11.4519913996784,11.4608391946451,11.5076814907196,11.5351590672528,11.5747815941252,11.6097957608906,11.6426595182712,11.6891352510665,11.7604841571152,11.7839245663385,11.8054962013484,11.8486628096274,11.8553466919728,11.8888087479394,11.9575496307589,12.0001521901937,12.0369019195052,12.0936871840707,12.1187583350233,12.1393617381905,12.1746191813929,12.2137348776078,12.2480193513813,12.2833142202004,12.3246667970753,12.3509243568987,12.3792045632772,12.3972310343015,12.4521177665615,12.5064303626981,12.5351045293523,12.633056239033,12.6728379028641,12.704561104572,12.7409101716452,12.7875184898727,12.819760093825,12.860925257321,12.9030416799529,12.963575452734,12.9790375994654,13.0137098141439,13.0419045269008,13.0449993712862,13.1060980180607,13.1542357783843,13.220801530761,13.2286585274127,13.2706589650176,13.3287232809534,13.3585195832084,13.4286719786187,13.4300308280971,13.4537729459773,13.5417472909525,13.5805949903616,13.6112940690389,13.6472966299677,13.6705605279824,13.7070696928934,13.7603926271192,13.7822014676854,13.83550944758,13.870393511877,13.9056484520894,13.9578821660822,14.0364868351662,14.0924476287564,14.0969850476634,14.1974101695643,14.2231179106727,14.2580713738642,14.2634002852668,14.3106104165707,14.4178230370699,14.4711158067136,14.490202350766,14.5049541795345,14.623753130155,14.6802482886376,14.7026341601682,14.7310926800375,14.7952956872294,14.8308024757058,14.9067614323246,14.9955090249739,15.0795238499374,15.1012779771828,15.2400404571632,15.2593534802863,15.2720675662998,15.415486970991,15.4591877728185,15.4654896171155,15.507490391595,15.5627816825369,15.6641527070045,15.7698983919517,15.859336286152,15.8956548159955,16.0163455209512,16.1049094584591,16.1977427813829,16.2538590458203,16.2887242839069,16.4622007021227,16.5856541062557,16.5905192988418,16.6874947221456,16.7602155114631,16.871610722046,16.9329595697149,17.0968471827146,17.1687748612923,17.3643352400024,17.4671033680651,17.6644079447071,17.9950836664016,18.083072978516,18.1999726062144,18.3466661039135,18.4268203283762,18.6314543480122,18.7638217454663,18.9771936447785,19.2057582847402,19.2188806641489,19.4633315156991,19.7174257419707,20.0672747331356,20.1576001663665,20.2732365554745,20.6519411865262,21.239052577227,21.5503353254903,23.3876781334206,NA,NA,NA,NA,NA,NA,NA,NA,NA,NA,NA,NA,NA,NA,NA,NA,NA,NA,NA,NA,NA
0.472489482613623,0.579831210371285,0.700341045656206,0.839058485473357,0.857494070213838,1.13111465962637,1.28156640413834,1.40475866037197,1.48492708277975,1.55528093907134,1.6514622272691,1.71674384879274,1.79398942705963,1.85608334085181,1.94311883223505,1.98027409728403,2.08633698492348,2.11931211984714,2.229520344585,2.41183742426706,2.49740715620483,2.54539404841034,2.60334711472929,2.67670935115817,2.70146833832491,2.77964563057446,2.85528933353209,2.90603843540365,3.00271044386917,3.02082959927884,3.06170374764461,3.09084855733084,3.10604069116653,3.2096715170197,3.30163575298118,3.36733487849748,3.38070643763045,3.41521175935387,3.50706517079242,3.53411967100456,3.5892034101823,3.61184238747595,3.67257162255334,3.72519634191588,3.77203687911401,3.80494560683752,3.80922255703858,3.85443984318518,3.92360379231204,3.92921105637524,3.98381372853316,4.07766335036078,4.10959604637138,4.16523193603534,4.20749059920329,4.25555347595785,4.27407990901703,4.29824732062843,4.33246951166965,4.36680158297168,4.40058585291938,4.48490922088096,4.52994802072645,4.55498082284098,4.585799667773,4.63803520152092,4.65723242956635,4.72748902486904,4.78132474461056,4.80479431805477,4.82763341262319,4.87101880552519,4.92974657951167,4.94256923624167,4.98305498863443,5.00227781507646,5.04198470800746,5.08340640740613,5.08763359633629,5.1402158544331,5.15465789098019,5.16745295914717,5.1907198840157,5.21722711567506,5.2499454755651,5.29390919211131,5.3102573146039,5.33944239745344,5.36841511990573,5.40903947253325,5.42518157798016,5.48358084144911,5.51118174471625,5.56604905457172,5.57700215328854,5.61010526832292,5.65555594848833,5.68319848420297,5.70133782888684,5.7234170463669,5.75905286583235,5.76975148026467,5.83320178248193,5.85204899798733,5.87642298292147,5.88852673265137,5.9171965197122,5.946461122725,5.97571303469803,6.00583075287767,6.03737057179768,6.05916627728231,6.07327452264892,6.0976845968378,6.12662943718849,6.13151860975809,6.18677531275779,6.22791655789123,6.24052463757272,6.25735114393292,6.30315421893292,6.33328033361386,6.34771018828682,6.36149385154658,6.38116826574615,6.42223629480568,6.42567886636772,6.45605419868089,6.47076321578163,6.48880071897049,6.51412030618812,6.55764736136776,6.57251647562401,6.61541929361301,6.64824409706225,6.69961964746852,6.71643203053289,6.74015399244251,6.77496548266969,6.81017635213513,6.82155370996546,6.83285622554386,6.86768803799238,6.87299196376936,6.91268812049401,6.91660056915107,6.94214136274252,6.96662882492658,6.99845499269425,7.00381651399237,7.01835478533735,7.04207399489091,7.05110242969833,7.07085252295806,7.11262983128193,7.16304636077959,7.18413200895551,7.18923269309516,7.19818616371594,7.22095636163511,7.25104022079218,7.2836227596167,7.28988193818217,7.31764474371685,7.33834071710717,7.34854492638407,7.35439466579152,7.41190447394506,7.43365872354983,7.45102613475425,7.45511963575676,7.47647947117189,7.50196362811507,7.53177923846088,7.54876283857953,7.55859340457279,7.58779065407477,7.62786914772643,7.63846575578254,7.67867803399551,7.68551495483702,7.70869858953,7.72314216160076,7.75697956689211,7.78308427709748,7.82398374414664,7.82696331552922,7.84936653601962,7.87131594706028,7.88185774008311,7.90340007744446,7.92298175730601,7.94766885881895,7.98312837456097,7.99976386861536,8.03386720345423,8.05063094396937,8.06537898680889,8.10160820918956,8.11431626629108,8.14707671681833,8.16040932705851,8.1654718536645,8.22241525721937,8.25524125891766,8.2736554059684,8.31887726691011,8.32573994717453,8.34547231262008,8.38133796590527,8.39719979721869,8.40223328906728,8.42473423008914,8.4525834900877,8.46739965344237,8.50815486337975,8.5156963280317,8.54542456554367,8.57142065873269,8.61783023019026,8.63078143004146,8.65503811525367,8.66983153166557,8.69718937462072,8.71233649869307,8.74210858033418,8.77465711878502,8.79184519860438,8.80006724915849,8.85097839500332,8.86715282408479,8.8758121761294,8.90479254578427,8.93097160043673,8.97968438843942,8.98631502211627,9.03102633913003,9.07542909486309,9.1069744560815,9.13078524047527,9.13623154818306,9.16600537224964,9.20612195332597,9.24856628120536,9.25610195398702,9.27060378055291,9.3223026828157,9.33971580150624,9.36922292466136,9.38479631874477,9.42252390609834,9.45867055461169,9.4948017459561,9.53701655828042,9.55807076088031,9.60664290207225,9.60905088999418,9.63274730380689,9.64833891229355,9.6921951310204,9.73759308462251,9.75026935532456,9.77666643570398,9.81278581298854,9.83484987964401,9.875304598469,9.92376575326296,9.9470780532896,9.99701037910316,10.0219689821499,10.042193322183,10.0607400872856,10.090876870646,10.1054271668226,10.1236204092395,10.1769573400807,10.1958791586242,10.1971292512849,10.2668251683732,10.2942109703653,10.3208395919839,10.3768435982542,10.3806510467149,10.3953940315291,10.4396226687144,10.4758845305092,10.5124086462502,10.5386887985685,10.5515973831018,10.5806944392958,10.6072940440976,10.6824610658283,10.6861685879908,10.7679642377461,10.8108030382508,10.8725537834739,10.8788767394813,10.9374331138043,10.9640102470097,10.9988780285774,11.0607472527685,11.0961978280282,11.126017328074,11.1592607769904,11.1970641796107,11.2079161982873,11.2531684656732,11.2566843917519,11.2780638892304,11.3303068214695,11.3842620720794,11.4519913996784,11.4608391946451,11.5076814907196,11.5351590672528,11.5747815941252,11.6097957608906,11.6426595182712,11.6891352510665,11.7604841571152,11.7839245663385,11.8054962013484,11.8486628096274,11.8553466919728,11.8888087479394,11.9575496307589,12.0001521901937,12.0369019195052,12.0936871840707,12.1187583350233,12.1393617381905,12.1746191813929,12.2137348776078,12.2480193513813,12.2833142202004,12.3246667970753,12.3509243568987,12.3792045632772,12.3972310343015,12.4521177665615,12.5064303626981,12.5351045293523,12.633056239033,12.6728379028641,12.704561104572,12.7409101716452,12.7875184898727,12.819760093825,12.860925257321,12.9030416799529,12.963575452734,12.9790375994654,13.0137098141439,13.0419045269008,13.0449993712862,13.1060980180607,13.1542357783843,13.220801530761,13.2286585274127,13.2706589650176,13.3287232809534,13.3585195832084,13.4286719786187,13.4300308280971,13.4537729459773,13.5417472909525,13.5805949903616,13.6112940690389,13.6472966299677,13.6705605279824,13.7070696928934,13.7603926271192,13.7822014676854,13.83550944758,13.870393511877,13.9056484520894,13.9578821660822,14.0364868351662,14.0924476287564,14.0969850476634,14.1974101695643,14.2231179106727,14.2580713738642,14.2634002852668,14.3106104165707,14.4178230370699,14.4711158067136,14.490202350766,14.5049541795345,14.623753130155,14.6802482886376,14.7026341601682,14.7310926800375,14.7952956872294,14.8308024757058,14.9067614323246,14.9955090249739,15.0795238499374,15.1012779771828,15.2400404571632,15.2593534802863,15.2720675662998,15.415486970991,15.4591877728185,15.4654896171155,15.507490391595,15.5627816825369,15.6641527070045,15.7698983919517,15.859336286152,15.8956548159955,16.0163455209512,16.1049094584591,16.1977427813829,16.2538590458203,16.2887242839069,16.4622007021227,16.5856541062557,16.5905192988418,16.6874947221456,16.7602155114631,16.871610722046,16.9329595697149,17.0968471827146,17.1687748612923,17.3643352400024,17.4671033680651,17.6644079447071,17.9950836664016,18.083072978516,18.1999726062144,18.3466661039135,18.4268203283762,18.6314543480122,18.7638217454663,18.9771936447785,19.2057582847402,19.2188806641489,19.4633315156991,19.7174257419707,20.0672747331356,20.1576001663665,20.2732365554745,20.6519411865262,21.239052577227,21.5503353254903,23.3876781334206,NA,NA,NA,NA,NA,NA,NA,NA,NA,NA,NA,NA,NA,NA,NA,NA,NA,NA,NA,NA,NA
0.472489482613623,0.579831210371285,0.700341045656206,0.839058485473357,0.857494070213838,1.13111465962637,1.28156640413834,1.40475866037197,1.48492708277975,1.55528093907134,1.6514622272691,1.71674384879274,1.79398942705963,1.85608334085181,1.94311883223505,1.98027409728403,2.08633698492348,2.11931211984714,2.229520344585,2.41183742426706,2.49740715620483,2.54539404841034,2.60334711472929,2.67670935115817,2.70146833832491,2.77964563057446,2.85528933353209,2.90603843540365,3.00271044386917,3.02082959927884,3.06170374764461,3.09084855733084,3.10604069116653,3.2096715170197,3.30163575298118,3.36733487849748,3.38070643763045,3.41521175935387,3.50706517079242,3.53411967100456,3.5892034101823,3.61184238747595,3.67257162255334,3.72519634191588,3.77203687911401,3.80494560683752,3.80922255703858,3.85443984318518,3.92360379231204,3.92921105637524,3.98381372853316,4.07766335036078,4.10959604637138,4.16523193603534,4.20749059920329,4.25555347595785,4.27407990901703,4.29824732062843,4.33246951166965,4.36680158297168,4.40058585291938,4.48490922088096,4.52994802072645,4.55498082284098,4.585799667773,4.63803520152092,4.65723242956635,4.72748902486904,4.78132474461056,4.80479431805477,4.82763341262319,4.87101880552519,4.92974657951167,4.94256923624167,4.98305498863443,5.00227781507646,5.04198470800746,5.08340640740613,5.08763359633629,5.1402158544331,5.15465789098019,5.16745295914717,5.1907198840157,5.21722711567506,5.2499454755651,5.29390919211131,5.3102573146039,5.33944239745344,5.36841511990573,5.40903947253325,5.42518157798016,5.48358084144911,5.51118174471625,5.56604905457172,5.57700215328854,5.61010526832292,5.65555594848833,5.68319848420297,5.70133782888684,5.7234170463669,5.75905286583235,5.76975148026467,5.83320178248193,5.85204899798733,5.87642298292147,5.88852673265137,5.9171965197122,5.946461122725,5.97571303469803,6.00583075287767,6.03737057179768,6.05916627728231,6.07327452264892,6.0976845968378,6.12662943718849,6.13151860975809,6.18677531275779,6.22791655789123,6.24052463757272,6.25735114393292,6.30315421893292,6.33328033361386,6.34771018828682,6.36149385154658,6.38116826574615,6.42223629480568,6.42567886636772,6.45605419868089,6.47076321578163,6.48880071897049,6.51412030618812,6.55764736136776,6.57251647562401,6.61541929361301,6.64824409706225,6.69961964746852,6.71643203053289,6.74015399244251,6.77496548266969,6.81017635213513,6.82155370996546,6.83285622554386,6.86768803799238,6.87299196376936,6.91268812049401,6.91660056915107,6.94214136274252,6.96662882492658,6.99845499269425,7.00381651399237,7.01835478533735,7.04207399489091,7.05110242969833,7.07085252295806,7.11262983128193,7.16304636077959,7.18413200895551,7.18923269309516,7.19818616371594,7.22095636163511,7.25104022079218,7.2836227596167,7.28988193818217,7.31764474371685,7.33834071710717,7.34854492638407,7.35439466579152,7.41190447394506,7.43365872354983,7.45102613475425,7.45511963575676,7.47647947117189,7.50196362811507,7.53177923846088,7.54876283857953,7.55859340457279,7.58779065407477,7.62786914772643,7.63846575578254,7.67867803399551,7.68551495483702,7.70869858953,7.72314216160076,7.75697956689211,7.78308427709748,7.82398374414664,7.82696331552922,7.84936653601962,7.87131594706028,7.88185774008311,7.90340007744446,7.92298175730601,7.94766885881895,7.98312837456097,7.99976386861536,8.03386720345423,8.05063094396937,8.06537898680889,8.10160820918956,8.11431626629108,8.14707671681833,8.16040932705851,8.1654718536645,8.22241525721937,8.25524125891766,8.2736554059684,8.31887726691011,8.32573994717453,8.34547231262008,8.38133796590527,8.39719979721869,8.40223328906728,8.42473423008914,8.4525834900877,8.46739965344237,8.50815486337975,8.5156963280317,8.54542456554367,8.57142065873269,8.61783023019026,8.63078143004146,8.65503811525367,8.66983153166557,8.69718937462072,8.71233649869307,8.74210858033418,8.77465711878502,8.79184519860438,8.80006724915849,8.85097839500332,8.86715282408479,8.8758121761294,8.90479254578427,8.93097160043673,8.97968438843942,8.98631502211627,9.03102633913003,9.07542909486309,9.1069744560815,9.13078524047527,9.13623154818306,9.16600537224964,9.20612195332597,9.24856628120536,9.25610195398702,9.27060378055291,9.3223026828157,9.33971580150624,9.36922292466136,9.38479631874477,9.42252390609834,9.45867055461169,9.4948017459561,9.53701655828042,9.55807076088031,9.60664290207225,9.60905088999418,9.63274730380689,9.64833891229355,9.6921951310204,9.73759308462251,9.75026935532456,9.77666643570398,9.81278581298854,9.83484987964401,9.875304598469,9.92376575326296,9.9470780532896,9.99701037910316,10.0219689821499,10.042193322183,10.0607400872856,10.090876870646,10.1054271668226,10.1236204092395,10.1769573400807,10.1958791586242,10.1971292512849,10.2668251683732,10.2942109703653,10.3208395919839,10.3768435982542,10.3806510467149,10.3953940315291,10.4396226687144,10.4758845305092,10.5124086462502,10.5386887985685,10.5515973831018,10.5806944392958,10.6072940440976,10.6824610658283,10.6861685879908,10.7679642377461,10.8108030382508,10.8725537834739,10.8788767394813,10.9374331138043,10.9640102470097,10.9988780285774,11.0607472527685,11.0961978280282,11.126017328074,11.1592607769904,11.1970641796107,11.2079161982873,11.2531684656732,11.2566843917519,11.2780638892304,11.3303068214695,11.3842620720794,11.4519913996784,11.4608391946451,11.5076814907196,11.5351590672528,11.5747815941252,11.6097957608906,11.6426595182712,11.6891352510665,11.7604841571152,11.7839245663385,11.8054962013484,11.8486628096274,11.8553466919728,11.8888087479394,11.9575496307589,12.0001521901937,12.0369019195052,12.0936871840707,12.1187583350233,12.1393617381905,12.1746191813929,12.2137348776078,12.2480193513813,12.2833142202004,12.3246667970753,12.3509243568987,12.3792045632772,12.3972310343015,12.4521177665615,12.5064303626981,12.5351045293523,12.633056239033,12.6728379028641,12.704561104572,12.7409101716452,12.7875184898727,12.819760093825,12.860925257321,12.9030416799529,12.963575452734,12.9790375994654,13.0137098141439,13.0419045269008,13.0449993712862,13.1060980180607,13.1542357783843,13.220801530761,13.2286585274127,13.2706589650176,13.3287232809534,13.3585195832084,13.4286719786187,13.4300308280971,13.4537729459773,13.5417472909525,13.5805949903616,13.6112940690389,13.6472966299677,13.6705605279824,13.7070696928934,13.7603926271192,13.7822014676854,13.83550944758,13.870393511877,13.9056484520894,13.9578821660822,14.0364868351662,14.0924476287564,14.0969850476634,14.1974101695643,14.2231179106727,14.2580713738642,14.2634002852668,14.3106104165707,14.4178230370699,14.4711158067136,14.490202350766,14.5049541795345,14.623753130155,14.6802482886376,14.7026341601682,14.7310926800375,14.7952956872294,14.8308024757058,14.9067614323246,14.9955090249739,15.0795238499374,15.1012779771828,15.2400404571632,15.2593534802863,15.2720675662998,15.415486970991,15.4591877728185,15.4654896171155,15.507490391595,15.5627816825369,15.6641527070045,15.7698983919517,15.859336286152,15.8956548159955,16.0163455209512,16.1049094584591,16.1977427813829,16.2538590458203,16.2887242839069,16.4622007021227,16.5856541062557,16.5905192988418,16.6874947221456,16.7602155114631,16.871610722046,16.9329595697149,17.0968471827146,17.1687748612923,17.3643352400024,17.4671033680651,17.6644079447071,17.9950836664016,18.083072978516,18.1999726062144,18.3466661039135,18.4268203283762,18.6314543480122,18.7638217454663,18.9771936447785,19.2057582847402,19.2188806641489,19.4633315156991,19.7174257419707,20.0672747331356,20.1576001663665,20.2732365554745,20.6519411865262,21.239052577227,21.5503353254903,23.3876781334206,NA,NA,NA,NA,NA,NA,NA,NA,NA,NA,NA,NA,NA,NA,NA,NA,NA,NA,NA,NA,NA
0.472489482613623,0.579831210371285,0.700341045656206,0.839058485473357,0.857494070213838,1.13111465962637,1.28156640413834,1.40475866037197,1.48492708277975,1.55528093907134,1.6514622272691,1.71674384879274,1.79398942705963,1.85608334085181,1.94311883223505,1.98027409728403,2.08633698492348,2.11931211984714,2.229520344585,2.41183742426706,2.49740715620483,2.54539404841034,2.60334711472929,2.67670935115817,2.70146833832491,2.77964563057446,2.85528933353209,2.90603843540365,3.00271044386917,3.02082959927884,3.06170374764461,3.09084855733084,3.10604069116653,3.2096715170197,3.30163575298118,3.36733487849748,3.38070643763045,3.41521175935387,3.50706517079242,3.53411967100456,3.5892034101823,3.61184238747595,3.67257162255334,3.72519634191588,3.77203687911401,3.80494560683752,3.80922255703858,3.85443984318518,3.92360379231204,3.92921105637524,3.98381372853316,4.07766335036078,4.10959604637138,4.16523193603534,4.20749059920329,4.25555347595785,4.27407990901703,4.29824732062843,4.33246951166965,4.36680158297168,4.40058585291938,4.48490922088096,4.52994802072645,4.55498082284098,4.585799667773,4.63803520152092,4.65723242956635,4.72748902486904,4.78132474461056,4.80479431805477,4.82763341262319,4.87101880552519,4.92974657951167,4.94256923624167,4.98305498863443,5.00227781507646,5.04198470800746,5.08340640740613,5.08763359633629,5.1402158544331,5.15465789098019,5.16745295914717,5.1907198840157,5.21722711567506,5.2499454755651,5.29390919211131,5.3102573146039,5.33944239745344,5.36841511990573,5.40903947253325,5.42518157798016,5.48358084144911,5.51118174471625,5.56604905457172,5.57700215328854,5.61010526832292,5.65555594848833,5.68319848420297,5.70133782888684,5.7234170463669,5.75905286583235,5.76975148026467,5.83320178248193,5.85204899798733,5.87642298292147,5.88852673265137,5.9171965197122,5.946461122725,5.97571303469803,6.00583075287767,6.03737057179768,6.05916627728231,6.07327452264892,6.0976845968378,6.12662943718849,6.13151860975809,6.18677531275779,6.22791655789123,6.24052463757272,6.25735114393292,6.30315421893292,6.33328033361386,6.34771018828682,6.36149385154658,6.38116826574615,6.42223629480568,6.42567886636772,6.45605419868089,6.47076321578163,6.48880071897049,6.51412030618812,6.55764736136776,6.57251647562401,6.61541929361301,6.64824409706225,6.69961964746852,6.71643203053289,6.74015399244251,6.77496548266969,6.81017635213513,6.82155370996546,6.83285622554386,6.86768803799238,6.87299196376936,6.91268812049401,6.91660056915107,6.94214136274252,6.96662882492658,6.99845499269425,7.00381651399237,7.01835478533735,7.04207399489091,7.05110242969833,7.07085252295806,7.11262983128193,7.16304636077959,7.18413200895551,7.18923269309516,7.19818616371594,7.22095636163511,7.25104022079218,7.2836227596167,7.28988193818217,7.31764474371685,7.33834071710717,7.34854492638407,7.35439466579152,7.41190447394506,7.43365872354983,7.45102613475425,7.45511963575676,7.47647947117189,7.50196362811507,7.53177923846088,7.54876283857953,7.55859340457279,7.58779065407477,7.62786914772643,7.63846575578254,7.67867803399551,7.68551495483702,7.70869858953,7.72314216160076,7.75697956689211,7.78308427709748,7.82398374414664,7.82696331552922,7.84936653601962,7.87131594706028,7.88185774008311,7.90340007744446,7.92298175730601,7.94766885881895,7.98312837456097,7.99976386861536,8.03386720345423,8.05063094396937,8.06537898680889,8.10160820918956,8.11431626629108,8.14707671681833,8.16040932705851,8.1654718536645,8.22241525721937,8.25524125891766,8.2736554059684,8.31887726691011,8.32573994717453,8.34547231262008,8.38133796590527,8.39719979721869,8.40223328906728,8.42473423008914,8.4525834900877,8.46739965344237,8.50815486337975,8.5156963280317,8.54542456554367,8.57142065873269,8.61783023019026,8.63078143004146,8.65503811525367,8.66983153166557,8.69718937462072,8.71233649869307,8.74210858033418,8.77465711878502,8.79184519860438,8.80006724915849,8.85097839500332,8.86715282408479,8.8758121761294,8.90479254578427,8.93097160043673,8.97968438843942,8.98631502211627,9.03102633913003,9.07542909486309,9.1069744560815,9.13078524047527,9.13623154818306,9.16600537224964,9.20612195332597,9.24856628120536,9.25610195398702,9.27060378055291,9.3223026828157,9.33971580150624,9.36922292466136,9.38479631874477,9.42252390609834,9.45867055461169,9.4948017459561,9.53701655828042,9.55807076088031,9.60664290207225,9.60905088999418,9.63274730380689,9.64833891229355,9.6921951310204,9.73759308462251,9.75026935532456,9.77666643570398,9.81278581298854,9.83484987964401,9.875304598469,9.92376575326296,9.9470780532896,9.99701037910316,10.0219689821499,10.042193322183,10.0607400872856,10.090876870646,10.1054271668226,10.1236204092395,10.1769573400807,10.1958791586242,10.1971292512849,10.2668251683732,10.2942109703653,10.3208395919839,10.3768435982542,10.3806510467149,10.3953940315291,10.4396226687144,10.4758845305092,10.5124086462502,10.5386887985685,10.5515973831018,10.5806944392958,10.6072940440976,10.6824610658283,10.6861685879908,10.7679642377461,10.8108030382508,10.8725537834739,10.8788767394813,10.9374331138043,10.9640102470097,10.9988780285774,11.0607472527685,11.0961978280282,11.126017328074,11.1592607769904,11.1970641796107,11.2079161982873,11.2531684656732,11.2566843917519,11.2780638892304,11.3303068214695,11.3842620720794,11.4519913996784,11.4608391946451,11.5076814907196,11.5351590672528,11.5747815941252,11.6097957608906,11.6426595182712,11.6891352510665,11.7604841571152,11.7839245663385,11.8054962013484,11.8486628096274,11.8553466919728,11.8888087479394,11.9575496307589,12.0001521901937,12.0369019195052,12.0936871840707,12.1187583350233,12.1393617381905,12.1746191813929,12.2137348776078,12.2480193513813,12.2833142202004,12.3246667970753,12.3509243568987,12.3792045632772,12.3972310343015,12.4521177665615,12.5064303626981,12.5351045293523,12.633056239033,12.6728379028641,12.704561104572,12.7409101716452,12.7875184898727,12.819760093825,12.860925257321,12.9030416799529,12.963575452734,12.9790375994654,13.0137098141439,13.0419045269008,13.0449993712862,13.1060980180607,13.1542357783843,13.220801530761,13.2286585274127,13.2706589650176,13.3287232809534,13.3585195832084,13.4286719786187,13.4300308280971,13.4537729459773,13.5417472909525,13.5805949903616,13.6112940690389,13.6472966299677,13.6705605279824,13.7070696928934,13.7603926271192,13.7822014676854,13.83550944758,13.870393511877,13.9056484520894,13.9578821660822,14.0364868351662,14.0924476287564,14.0969850476634,14.1974101695643,14.2231179106727,14.2580713738642,14.2634002852668,14.3106104165707,14.4178230370699,14.4711158067136,14.490202350766,14.5049541795345,14.623753130155,14.6802482886376,14.7026341601682,14.7310926800375,14.7952956872294,14.8308024757058,14.9067614323246,14.9955090249739,15.0795238499374,15.1012779771828,15.2400404571632,15.2593534802863,15.2720675662998,15.415486970991,15.4591877728185,15.4654896171155,15.507490391595,15.5627816825369,15.6641527070045,15.7698983919517,15.859336286152,15.8956548159955,16.0163455209512,16.1049094584591,16.1977427813829,16.2538590458203,16.2887242839069,16.4622007021227,16.5856541062557,16.5905192988418,16.6874947221456,16.7602155114631,16.871610722046,16.9329595697149,17.0968471827146,17.1687748612923,17.3643352400024,17.4671033680651,17.6644079447071,17.9950836664016,18.083072978516,18.1999726062144,18.3466661039135,18.4268203283762,18.6314543480122,18.7638217454663,18.9771936447785,19.2057582847402,19.2188806641489,19.4633315156991,19.7174257419707,20.0672747331356,20.1576001663665,20.2732365554745,20.6519411865262,21.239052577227,21.5503353254903,23.3876781334206,NA,NA,NA,NA,NA,NA,NA,NA,NA,NA,NA,NA,NA,NA,NA,NA,NA,NA,NA,NA,NA
0.472489482613623,0.579831210371285,0.700341045656206,0.839058485473357,0.857494070213838,1.13111465962637,1.28156640413834,1.40475866037197,1.48492708277975,1.55528093907134,1.6514622272691,1.71674384879274,1.79398942705963,1.85608334085181,1.94311883223505,1.98027409728403,2.08633698492348,2.11931211984714,2.229520344585,2.41183742426706,2.49740715620483,2.54539404841034,2.60334711472929,2.67670935115817,2.70146833832491,2.77964563057446,2.85528933353209,2.90603843540365,3.00271044386917,3.02082959927884,3.06170374764461,3.09084855733084,3.10604069116653,3.2096715170197,3.30163575298118,3.36733487849748,3.38070643763045,3.41521175935387,3.50706517079242,3.53411967100456,3.5892034101823,3.61184238747595,3.67257162255334,3.72519634191588,3.77203687911401,3.80494560683752,3.80922255703858,3.85443984318518,3.92360379231204,3.92921105637524,3.98381372853316,4.07766335036078,4.10959604637138,4.16523193603534,4.20749059920329,4.25555347595785,4.27407990901703,4.29824732062843,4.33246951166965,4.36680158297168,4.40058585291938,4.48490922088096,4.52994802072645,4.55498082284098,4.585799667773,4.63803520152092,4.65723242956635,4.72748902486904,4.78132474461056,4.80479431805477,4.82763341262319,4.87101880552519,4.92974657951167,4.94256923624167,4.98305498863443,5.00227781507646,5.04198470800746,5.08340640740613,5.08763359633629,5.1402158544331,5.15465789098019,5.16745295914717,5.1907198840157,5.21722711567506,5.2499454755651,5.29390919211131,5.3102573146039,5.33944239745344,5.36841511990573,5.40903947253325,5.42518157798016,5.48358084144911,5.51118174471625,5.56604905457172,5.57700215328854,5.61010526832292,5.65555594848833,5.68319848420297,5.70133782888684,5.7234170463669,5.75905286583235,5.76975148026467,5.83320178248193,5.85204899798733,5.87642298292147,5.88852673265137,5.9171965197122,5.946461122725,5.97571303469803,6.00583075287767,6.03737057179768,6.05916627728231,6.07327452264892,6.0976845968378,6.12662943718849,6.13151860975809,6.18677531275779,6.22791655789123,6.24052463757272,6.25735114393292,6.30315421893292,6.33328033361386,6.34771018828682,6.36149385154658,6.38116826574615,6.42223629480568,6.42567886636772,6.45605419868089,6.47076321578163,6.48880071897049,6.51412030618812,6.55764736136776,6.57251647562401,6.61541929361301,6.64824409706225,6.69961964746852,6.71643203053289,6.74015399244251,6.77496548266969,6.81017635213513,6.82155370996546,6.83285622554386,6.86768803799238,6.87299196376936,6.91268812049401,6.91660056915107,6.94214136274252,6.96662882492658,6.99845499269425,7.00381651399237,7.01835478533735,7.04207399489091,7.05110242969833,7.07085252295806,7.11262983128193,7.16304636077959,7.18413200895551,7.18923269309516,7.19818616371594,7.22095636163511,7.25104022079218,7.2836227596167,7.28988193818217,7.31764474371685,7.33834071710717,7.34854492638407,7.35439466579152,7.41190447394506,7.43365872354983,7.45102613475425,7.45511963575676,7.47647947117189,7.50196362811507,7.53177923846088,7.54876283857953,7.55859340457279,7.58779065407477,7.62786914772643,7.63846575578254,7.67867803399551,7.68551495483702,7.70869858953,7.72314216160076,7.75697956689211,7.78308427709748,7.82398374414664,7.82696331552922,7.84936653601962,7.87131594706028,7.88185774008311,7.90340007744446,7.92298175730601,7.94766885881895,7.98312837456097,7.99976386861536,8.03386720345423,8.05063094396937,8.06537898680889,8.10160820918956,8.11431626629108,8.14707671681833,8.16040932705851,8.1654718536645,8.22241525721937,8.25524125891766,8.2736554059684,8.31887726691011,8.32573994717453,8.34547231262008,8.38133796590527,8.39719979721869,8.40223328906728,8.42473423008914,8.4525834900877,8.46739965344237,8.50815486337975,8.5156963280317,8.54542456554367,8.57142065873269,8.61783023019026,8.63078143004146,8.65503811525367,8.66983153166557,8.69718937462072,8.71233649869307,8.74210858033418,8.77465711878502,8.79184519860438,8.80006724915849,8.85097839500332,8.86715282408479,8.8758121761294,8.90479254578427,8.93097160043673,8.97968438843942,8.98631502211627,9.03102633913003,9.07542909486309,9.1069744560815,9.13078524047527,9.13623154818306,9.16600537224964,9.20612195332597,9.24856628120536,9.25610195398702,9.27060378055291,9.3223026828157,9.33971580150624,9.36922292466136,9.38479631874477,9.42252390609834,9.45867055461169,9.4948017459561,9.53701655828042,9.55807076088031,9.60664290207225,9.60905088999418,9.63274730380689,9.64833891229355,9.6921951310204,9.73759308462251,9.75026935532456,9.77666643570398,9.81278581298854,9.83484987964401,9.875304598469,9.92376575326296,9.9470780532896,9.99701037910316,10.0219689821499,10.042193322183,10.0607400872856,10.090876870646,10.1054271668226,10.1236204092395,10.1769573400807,10.1958791586242,10.1971292512849,10.2668251683732,10.2942109703653,10.3208395919839,10.3768435982542,10.3806510467149,10.3953940315291,10.4396226687144,10.4758845305092,10.5124086462502,10.5386887985685,10.5515973831018,10.5806944392958,10.6072940440976,10.6824610658283,10.6861685879908,10.7679642377461,10.8108030382508,10.8725537834739,10.8788767394813,10.9374331138043,10.9640102470097,10.9988780285774,11.0607472527685,11.0961978280282,11.126017328074,11.1592607769904,11.1970641796107,11.2079161982873,11.2531684656732,11.2566843917519,11.2780638892304,11.3303068214695,11.3842620720794,11.4519913996784,11.4608391946451,11.5076814907196,11.5351590672528,11.5747815941252,11.6097957608906,11.6426595182712,11.6891352510665,11.7604841571152,11.7839245663385,11.8054962013484,11.8486628096274,11.8553466919728,11.8888087479394,11.9575496307589,12.0001521901937,12.0369019195052,12.0936871840707,12.1187583350233,12.1393617381905,12.1746191813929,12.2137348776078,12.2480193513813,12.2833142202004,12.3246667970753,12.3509243568987,12.3792045632772,12.3972310343015,12.4521177665615,12.5064303626981,12.5351045293523,12.633056239033,12.6728379028641,12.704561104572,12.7409101716452,12.7875184898727,12.819760093825,12.860925257321,12.9030416799529,12.963575452734,12.9790375994654,13.0137098141439,13.0419045269008,13.0449993712862,13.1060980180607,13.1542357783843,13.220801530761,13.2286585274127,13.2706589650176,13.3287232809534,13.3585195832084,13.4286719786187,13.4300308280971,13.4537729459773,13.5417472909525,13.5805949903616,13.6112940690389,13.6472966299677,13.6705605279824,13.7070696928934,13.7603926271192,13.7822014676854,13.83550944758,13.870393511877,13.9056484520894,13.9578821660822,14.0364868351662,14.0924476287564,14.0969850476634,14.1974101695643,14.2231179106727,14.2580713738642,14.2634002852668,14.3106104165707,14.4178230370699,14.4711158067136,14.490202350766,14.5049541795345,14.623753130155,14.6802482886376,14.7026341601682,14.7310926800375,14.7952956872294,14.8308024757058,14.9067614323246,14.9955090249739,15.0795238499374,15.1012779771828,15.2400404571632,15.2593534802863,15.2720675662998,15.415486970991,15.4591877728185,15.4654896171155,15.507490391595,15.5627816825369,15.6641527070045,15.7698983919517,15.859336286152,15.8956548159955,16.0163455209512,16.1049094584591,16.1977427813829,16.2538590458203,16.2887242839069,16.4622007021227,16.5856541062557,16.5905192988418,16.6874947221456,16.7602155114631,16.871610722046,16.9329595697149,17.0968471827146,17.1687748612923,17.3643352400024,17.4671033680651,17.6644079447071,17.9950836664016,18.083072978516,18.1999726062144,18.3466661039135,18.4268203283762,18.6314543480122,18.7638217454663,18.9771936447785,19.2057582847402,19.2188806641489,19.4633315156991,19.7174257419707,20.0672747331356,20.1576001663665,20.2732365554745,20.6519411865262,21.239052577227,21.5503353254903,23.3876781334206,NA,NA,NA,NA,NA,NA,NA,NA,NA,NA,NA,NA,NA,NA,NA,NA,NA,NA,NA,NA,NA
0.472489482613623,0.579831210371285,0.700341045656206,0.839058485473357,0.857494070213838,1.13111465962637,1.28156640413834,1.40475866037197,1.48492708277975,1.55528093907134,1.6514622272691,1.71674384879274,1.79398942705963,1.85608334085181,1.94311883223505,1.98027409728403,2.08633698492348,2.11931211984714,2.229520344585,2.41183742426706,2.49740715620483,2.54539404841034,2.60334711472929,2.67670935115817,2.70146833832491,2.77964563057446,2.85528933353209,2.90603843540365,3.00271044386917,3.02082959927884,3.06170374764461,3.09084855733084,3.10604069116653,3.2096715170197,3.30163575298118,3.36733487849748,3.38070643763045,3.41521175935387,3.50706517079242,3.53411967100456,3.5892034101823,3.61184238747595,3.67257162255334,3.72519634191588,3.77203687911401,3.80494560683752,3.80922255703858,3.85443984318518,3.92360379231204,3.92921105637524,3.98381372853316,4.07766335036078,4.10959604637138,4.16523193603534,4.20749059920329,4.25555347595785,4.27407990901703,4.29824732062843,4.33246951166965,4.36680158297168,4.40058585291938,4.48490922088096,4.52994802072645,4.55498082284098,4.585799667773,4.63803520152092,4.65723242956635,4.72748902486904,4.78132474461056,4.80479431805477,4.82763341262319,4.87101880552519,4.92974657951167,4.94256923624167,4.98305498863443,5.00227781507646,5.04198470800746,5.08340640740613,5.08763359633629,5.1402158544331,5.15465789098019,5.16745295914717,5.1907198840157,5.21722711567506,5.2499454755651,5.29390919211131,5.3102573146039,5.33944239745344,5.36841511990573,5.40903947253325,5.42518157798016,5.48358084144911,5.51118174471625,5.56604905457172,5.57700215328854,5.61010526832292,5.65555594848833,5.68319848420297,5.70133782888684,5.7234170463669,5.75905286583235,5.76975148026467,5.83320178248193,5.85204899798733,5.87642298292147,5.88852673265137,5.9171965197122,5.946461122725,5.97571303469803,6.00583075287767,6.03737057179768,6.05916627728231,6.07327452264892,6.0976845968378,6.12662943718849,6.13151860975809,6.18677531275779,6.22791655789123,6.24052463757272,6.25735114393292,6.30315421893292,6.33328033361386,6.34771018828682,6.36149385154658,6.38116826574615,6.42223629480568,6.42567886636772,6.45605419868089,6.47076321578163,6.48880071897049,6.51412030618812,6.55764736136776,6.57251647562401,6.61541929361301,6.64824409706225,6.69961964746852,6.71643203053289,6.74015399244251,6.77496548266969,6.81017635213513,6.82155370996546,6.83285622554386,6.86768803799238,6.87299196376936,6.91268812049401,6.91660056915107,6.94214136274252,6.96662882492658,6.99845499269425,7.00381651399237,7.01835478533735,7.04207399489091,7.05110242969833,7.07085252295806,7.11262983128193,7.16304636077959,7.18413200895551,7.18923269309516,7.19818616371594,7.22095636163511,7.25104022079218,7.2836227596167,7.28988193818217,7.31764474371685,7.33834071710717,7.34854492638407,7.35439466579152,7.41190447394506,7.43365872354983,7.45102613475425,7.45511963575676,7.47647947117189,7.50196362811507,7.53177923846088,7.54876283857953,7.55859340457279,7.58779065407477,7.62786914772643,7.63846575578254,7.67867803399551,7.68551495483702,7.70869858953,7.72314216160076,7.75697956689211,7.78308427709748,7.82398374414664,7.82696331552922,7.84936653601962,7.87131594706028,7.88185774008311,7.90340007744446,7.92298175730601,7.94766885881895,7.98312837456097,7.99976386861536,8.03386720345423,8.05063094396937,8.06537898680889,8.10160820918956,8.11431626629108,8.14707671681833,8.16040932705851,8.1654718536645,8.22241525721937,8.25524125891766,8.2736554059684,8.31887726691011,8.32573994717453,8.34547231262008,8.38133796590527,8.39719979721869,8.40223328906728,8.42473423008914,8.4525834900877,8.46739965344237,8.50815486337975,8.5156963280317,8.54542456554367,8.57142065873269,8.61783023019026,8.63078143004146,8.65503811525367,8.66983153166557,8.69718937462072,8.71233649869307,8.74210858033418,8.77465711878502,8.79184519860438,8.80006724915849,8.85097839500332,8.86715282408479,8.8758121761294,8.90479254578427,8.93097160043673,8.97968438843942,8.98631502211627,9.03102633913003,9.07542909486309,9.1069744560815,9.13078524047527,9.13623154818306,9.16600537224964,9.20612195332597,9.24856628120536,9.25610195398702,9.27060378055291,9.3223026828157,9.33971580150624,9.36922292466136,9.38479631874477,9.42252390609834,9.45867055461169,9.4948017459561,9.53701655828042,9.55807076088031,9.60664290207225,9.60905088999418,9.63274730380689,9.64833891229355,9.6921951310204,9.73759308462251,9.75026935532456,9.77666643570398,9.81278581298854,9.83484987964401,9.875304598469,9.92376575326296,9.9470780532896,9.99701037910316,10.0219689821499,10.042193322183,10.0607400872856,10.090876870646,10.1054271668226,10.1236204092395,10.1769573400807,10.1958791586242,10.1971292512849,10.2668251683732,10.2942109703653,10.3208395919839,10.3768435982542,10.3806510467149,10.3953940315291,10.4396226687144,10.4758845305092,10.5124086462502,10.5386887985685,10.5515973831018,10.5806944392958,10.6072940440976,10.6824610658283,10.6861685879908,10.7679642377461,10.8108030382508,10.8725537834739,10.8788767394813,10.9374331138043,10.9640102470097,10.9988780285774,11.0607472527685,11.0961978280282,11.126017328074,11.1592607769904,11.1970641796107,11.2079161982873,11.2531684656732,11.2566843917519,11.2780638892304,11.3303068214695,11.3842620720794,11.4519913996784,11.4608391946451,11.5076814907196,11.5351590672528,11.5747815941252,11.6097957608906,11.6426595182712,11.6891352510665,11.7604841571152,11.7839245663385,11.8054962013484,11.8486628096274,11.8553466919728,11.8888087479394,11.9575496307589,12.0001521901937,12.0369019195052,12.0936871840707,12.1187583350233,12.1393617381905,12.1746191813929,12.2137348776078,12.2480193513813,12.2833142202004,12.3246667970753,12.3509243568987,12.3792045632772,12.3972310343015,12.4521177665615,12.5064303626981,12.5351045293523,12.633056239033,12.6728379028641,12.704561104572,12.7409101716452,12.7875184898727,12.819760093825,12.860925257321,12.9030416799529,12.963575452734,12.9790375994654,13.0137098141439,13.0419045269008,13.0449993712862,13.1060980180607,13.1542357783843,13.220801530761,13.2286585274127,13.2706589650176,13.3287232809534,13.3585195832084,13.4286719786187,13.4300308280971,13.4537729459773,13.5417472909525,13.5805949903616,13.6112940690389,13.6472966299677,13.6705605279824,13.7070696928934,13.7603926271192,13.7822014676854,13.83550944758,13.870393511877,13.9056484520894,13.9578821660822,14.0364868351662,14.0924476287564,14.0969850476634,14.1974101695643,14.2231179106727,14.2580713738642,14.2634002852668,14.3106104165707,14.4178230370699,14.4711158067136,14.490202350766,14.5049541795345,14.623753130155,14.6802482886376,14.7026341601682,14.7310926800375,14.7952956872294,14.8308024757058,14.9067614323246,14.9955090249739,15.0795238499374,15.1012779771828,15.2400404571632,15.2593534802863,15.2720675662998,15.415486970991,15.4591877728185,15.4654896171155,15.507490391595,15.5627816825369,15.6641527070045,15.7698983919517,15.859336286152,15.8956548159955,16.0163455209512,16.1049094584591,16.1977427813829,16.2538590458203,16.2887242839069,16.4622007021227,16.5856541062557,16.5905192988418,16.6874947221456,16.7602155114631,16.871610722046,16.9329595697149,17.0968471827146,17.1687748612923,17.3643352400024,17.4671033680651,17.6644079447071,17.9950836664016,18.083072978516,18.1999726062144,18.3466661039135,18.4268203283762,18.6314543480122,18.7638217454663,18.9771936447785,19.2057582847402,19.2188806641489,19.4633315156991,19.7174257419707,20.0672747331356,20.1576001663665,20.2732365554745,20.6519411865262,21.239052577227,21.5503353254903,23.3876781334206,NA,NA,NA,NA,NA,NA,NA,NA,NA,NA,NA,NA,NA,NA,NA,NA,NA,NA,NA,NA,NA
0.472489482613623,0.579831210371285,0.700341045656206,0.839058485473357,0.857494070213838,1.13111465962637,1.28156640413834,1.40475866037197,1.48492708277975,1.55528093907134,1.6514622272691,1.71674384879274,1.79398942705963,1.85608334085181,1.94311883223505,1.98027409728403,2.08633698492348,2.11931211984714,2.229520344585,2.41183742426706,2.49740715620483,2.54539404841034,2.60334711472929,2.67670935115817,2.70146833832491,2.77964563057446,2.85528933353209,2.90603843540365,3.00271044386917,3.02082959927884,3.06170374764461,3.09084855733084,3.10604069116653,3.2096715170197,3.30163575298118,3.36733487849748,3.38070643763045,3.41521175935387,3.50706517079242,3.53411967100456,3.5892034101823,3.61184238747595,3.67257162255334,3.72519634191588,3.77203687911401,3.80494560683752,3.80922255703858,3.85443984318518,3.92360379231204,3.92921105637524,3.98381372853316,4.07766335036078,4.10959604637138,4.16523193603534,4.20749059920329,4.25555347595785,4.27407990901703,4.29824732062843,4.33246951166965,4.36680158297168,4.40058585291938,4.48490922088096,4.52994802072645,4.55498082284098,4.585799667773,4.63803520152092,4.65723242956635,4.72748902486904,4.78132474461056,4.80479431805477,4.82763341262319,4.87101880552519,4.92974657951167,4.94256923624167,4.98305498863443,5.00227781507646,5.04198470800746,5.08340640740613,5.08763359633629,5.1402158544331,5.15465789098019,5.16745295914717,5.1907198840157,5.21722711567506,5.2499454755651,5.29390919211131,5.3102573146039,5.33944239745344,5.36841511990573,5.40903947253325,5.42518157798016,5.48358084144911,5.51118174471625,5.56604905457172,5.57700215328854,5.61010526832292,5.65555594848833,5.68319848420297,5.70133782888684,5.7234170463669,5.75905286583235,5.76975148026467,5.83320178248193,5.85204899798733,5.87642298292147,5.88852673265137,5.9171965197122,5.946461122725,5.97571303469803,6.00583075287767,6.03737057179768,6.05916627728231,6.07327452264892,6.0976845968378,6.12662943718849,6.13151860975809,6.18677531275779,6.22791655789123,6.24052463757272,6.25735114393292,6.30315421893292,6.33328033361386,6.34771018828682,6.36149385154658,6.38116826574615,6.42223629480568,6.42567886636772,6.45605419868089,6.47076321578163,6.48880071897049,6.51412030618812,6.55764736136776,6.57251647562401,6.61541929361301,6.64824409706225,6.69961964746852,6.71643203053289,6.74015399244251,6.77496548266969,6.81017635213513,6.82155370996546,6.83285622554386,6.86768803799238,6.87299196376936,6.91268812049401,6.91660056915107,6.94214136274252,6.96662882492658,6.99845499269425,7.00381651399237,7.01835478533735,7.04207399489091,7.05110242969833,7.07085252295806,7.11262983128193,7.16304636077959,7.18413200895551,7.18923269309516,7.19818616371594,7.22095636163511,7.25104022079218,7.2836227596167,7.28988193818217,7.31764474371685,7.33834071710717,7.34854492638407,7.35439466579152,7.41190447394506,7.43365872354983,7.45102613475425,7.45511963575676,7.47647947117189,7.50196362811507,7.53177923846088,7.54876283857953,7.55859340457279,7.58779065407477,7.62786914772643,7.63846575578254,7.67867803399551,7.68551495483702,7.70869858953,7.72314216160076,7.75697956689211,7.78308427709748,7.82398374414664,7.82696331552922,7.84936653601962,7.87131594706028,7.88185774008311,7.90340007744446,7.92298175730601,7.94766885881895,7.98312837456097,7.99976386861536,8.03386720345423,8.05063094396937,8.06537898680889,8.10160820918956,8.11431626629108,8.14707671681833,8.16040932705851,8.1654718536645,8.22241525721937,8.25524125891766,8.2736554059684,8.31887726691011,8.32573994717453,8.34547231262008,8.38133796590527,8.39719979721869,8.40223328906728,8.42473423008914,8.4525834900877,8.46739965344237,8.50815486337975,8.5156963280317,8.54542456554367,8.57142065873269,8.61783023019026,8.63078143004146,8.65503811525367,8.66983153166557,8.69718937462072,8.71233649869307,8.74210858033418,8.77465711878502,8.79184519860438,8.80006724915849,8.85097839500332,8.86715282408479,8.8758121761294,8.90479254578427,8.93097160043673,8.97968438843942,8.98631502211627,9.03102633913003,9.07542909486309,9.1069744560815,9.13078524047527,9.13623154818306,9.16600537224964,9.20612195332597,9.24856628120536,9.25610195398702,9.27060378055291,9.3223026828157,9.33971580150624,9.36922292466136,9.38479631874477,9.42252390609834,9.45867055461169,9.4948017459561,9.53701655828042,9.55807076088031,9.60664290207225,9.60905088999418,9.63274730380689,9.64833891229355,9.6921951310204,9.73759308462251,9.75026935532456,9.77666643570398,9.81278581298854,9.83484987964401,9.875304598469,9.92376575326296,9.9470780532896,9.99701037910316,10.0219689821499,10.042193322183,10.0607400872856,10.090876870646,10.1054271668226,10.1236204092395,10.1769573400807,10.1958791586242,10.1971292512849,10.2668251683732,10.2942109703653,10.3208395919839,10.3768435982542,10.3806510467149,10.3953940315291,10.4396226687144,10.4758845305092,10.5124086462502,10.5386887985685,10.5515973831018,10.5806944392958,10.6072940440976,10.6824610658283,10.6861685879908,10.7679642377461,10.8108030382508,10.8725537834739,10.8788767394813,10.9374331138043,10.9640102470097,10.9988780285774,11.0607472527685,11.0961978280282,11.126017328074,11.1592607769904,11.1970641796107,11.2079161982873,11.2531684656732,11.2566843917519,11.2780638892304,11.3303068214695,11.3842620720794,11.4519913996784,11.4608391946451,11.5076814907196,11.5351590672528,11.5747815941252,11.6097957608906,11.6426595182712,11.6891352510665,11.7604841571152,11.7839245663385,11.8054962013484,11.8486628096274,11.8553466919728,11.8888087479394,11.9575496307589,12.0001521901937,12.0369019195052,12.0936871840707,12.1187583350233,12.1393617381905,12.1746191813929,12.2137348776078,12.2480193513813,12.2833142202004,12.3246667970753,12.3509243568987,12.3792045632772,12.3972310343015,12.4521177665615,12.5064303626981,12.5351045293523,12.633056239033,12.6728379028641,12.704561104572,12.7409101716452,12.7875184898727,12.819760093825,12.860925257321,12.9030416799529,12.963575452734,12.9790375994654,13.0137098141439,13.0419045269008,13.0449993712862,13.1060980180607,13.1542357783843,13.220801530761,13.2286585274127,13.2706589650176,13.3287232809534,13.3585195832084,13.4286719786187,13.4300308280971,13.4537729459773,13.5417472909525,13.5805949903616,13.6112940690389,13.6472966299677,13.6705605279824,13.7070696928934,13.7603926271192,13.7822014676854,13.83550944758,13.870393511877,13.9056484520894,13.9578821660822,14.0364868351662,14.0924476287564,14.0969850476634,14.1974101695643,14.2231179106727,14.2580713738642,14.2634002852668,14.3106104165707,14.4178230370699,14.4711158067136,14.490202350766,14.5049541795345,14.623753130155,14.6802482886376,14.7026341601682,14.7310926800375,14.7952956872294,14.8308024757058,14.9067614323246,14.9955090249739,15.0795238499374,15.1012779771828,15.2400404571632,15.2593534802863,15.2720675662998,15.415486970991,15.4591877728185,15.4654896171155,15.507490391595,15.5627816825369,15.6641527070045,15.7698983919517,15.859336286152,15.8956548159955,16.0163455209512,16.1049094584591,16.1977427813829,16.2538590458203,16.2887242839069,16.4622007021227,16.5856541062557,16.5905192988418,16.6874947221456,16.7602155114631,16.871610722046,16.9329595697149,17.0968471827146,17.1687748612923,17.3643352400024,17.4671033680651,17.6644079447071,17.9950836664016,18.083072978516,18.1999726062144,18.3466661039135,18.4268203283762,18.6314543480122,18.7638217454663,18.9771936447785,19.2057582847402,19.2188806641489,19.4633315156991,19.7174257419707,20.0672747331356,20.1576001663665,20.2732365554745,20.6519411865262,21.239052577227,21.5503353254903,23.3876781334206,NA,NA,NA,NA,NA,NA,NA,NA,NA,NA,NA,NA,NA,NA,NA,NA,NA,NA,NA,NA,NA
0.472489482613623,0.579831210371285,0.700341045656206,0.839058485473357,0.857494070213838,1.13111465962637,1.28156640413834,1.40475866037197,1.48492708277975,1.55528093907134,1.6514622272691,1.71674384879274,1.79398942705963,1.85608334085181,1.94311883223505,1.98027409728403,2.08633698492348,2.11931211984714,2.229520344585,2.41183742426706,2.49740715620483,2.54539404841034,2.60334711472929,2.67670935115817,2.70146833832491,2.77964563057446,2.85528933353209,2.90603843540365,3.00271044386917,3.02082959927884,3.06170374764461,3.09084855733084,3.10604069116653,3.2096715170197,3.30163575298118,3.36733487849748,3.38070643763045,3.41521175935387,3.50706517079242,3.53411967100456,3.5892034101823,3.61184238747595,3.67257162255334,3.72519634191588,3.77203687911401,3.80494560683752,3.80922255703858,3.85443984318518,3.92360379231204,3.92921105637524,3.98381372853316,4.07766335036078,4.10959604637138,4.16523193603534,4.20749059920329,4.25555347595785,4.27407990901703,4.29824732062843,4.33246951166965,4.36680158297168,4.40058585291938,4.48490922088096,4.52994802072645,4.55498082284098,4.585799667773,4.63803520152092,4.65723242956635,4.72748902486904,4.78132474461056,4.80479431805477,4.82763341262319,4.87101880552519,4.92974657951167,4.94256923624167,4.98305498863443,5.00227781507646,5.04198470800746,5.08340640740613,5.08763359633629,5.1402158544331,5.15465789098019,5.16745295914717,5.1907198840157,5.21722711567506,5.2499454755651,5.29390919211131,5.3102573146039,5.33944239745344,5.36841511990573,5.40903947253325,5.42518157798016,5.48358084144911,5.51118174471625,5.56604905457172,5.57700215328854,5.61010526832292,5.65555594848833,5.68319848420297,5.70133782888684,5.7234170463669,5.75905286583235,5.76975148026467,5.83320178248193,5.85204899798733,5.87642298292147,5.88852673265137,5.9171965197122,5.946461122725,5.97571303469803,6.00583075287767,6.03737057179768,6.05916627728231,6.07327452264892,6.0976845968378,6.12662943718849,6.13151860975809,6.18677531275779,6.22791655789123,6.24052463757272,6.25735114393292,6.30315421893292,6.33328033361386,6.34771018828682,6.36149385154658,6.38116826574615,6.42223629480568,6.42567886636772,6.45605419868089,6.47076321578163,6.48880071897049,6.51412030618812,6.55764736136776,6.57251647562401,6.61541929361301,6.64824409706225,6.69961964746852,6.71643203053289,6.74015399244251,6.77496548266969,6.81017635213513,6.82155370996546,6.83285622554386,6.86768803799238,6.87299196376936,6.91268812049401,6.91660056915107,6.94214136274252,6.96662882492658,6.99845499269425,7.00381651399237,7.01835478533735,7.04207399489091,7.05110242969833,7.07085252295806,7.11262983128193,7.16304636077959,7.18413200895551,7.18923269309516,7.19818616371594,7.22095636163511,7.25104022079218,7.2836227596167,7.28988193818217,7.31764474371685,7.33834071710717,7.34854492638407,7.35439466579152,7.41190447394506,7.43365872354983,7.45102613475425,7.45511963575676,7.47647947117189,7.50196362811507,7.53177923846088,7.54876283857953,7.55859340457279,7.58779065407477,7.62786914772643,7.63846575578254,7.67867803399551,7.68551495483702,7.70869858953,7.72314216160076,7.75697956689211,7.78308427709748,7.82398374414664,7.82696331552922,7.84936653601962,7.87131594706028,7.88185774008311,7.90340007744446,7.92298175730601,7.94766885881895,7.98312837456097,7.99976386861536,8.03386720345423,8.05063094396937,8.06537898680889,8.10160820918956,8.11431626629108,8.14707671681833,8.16040932705851,8.1654718536645,8.22241525721937,8.25524125891766,8.2736554059684,8.31887726691011,8.32573994717453,8.34547231262008,8.38133796590527,8.39719979721869,8.40223328906728,8.42473423008914,8.4525834900877,8.46739965344237,8.50815486337975,8.5156963280317,8.54542456554367,8.57142065873269,8.61783023019026,8.63078143004146,8.65503811525367,8.66983153166557,8.69718937462072,8.71233649869307,8.74210858033418,8.77465711878502,8.79184519860438,8.80006724915849,8.85097839500332,8.86715282408479,8.8758121761294,8.90479254578427,8.93097160043673,8.97968438843942,8.98631502211627,9.03102633913003,9.07542909486309,9.1069744560815,9.13078524047527,9.13623154818306,9.16600537224964,9.20612195332597,9.24856628120536,9.25610195398702,9.27060378055291,9.3223026828157,9.33971580150624,9.36922292466136,9.38479631874477,9.42252390609834,9.45867055461169,9.4948017459561,9.53701655828042,9.55807076088031,9.60664290207225,9.60905088999418,9.63274730380689,9.64833891229355,9.6921951310204,9.73759308462251,9.75026935532456,9.77666643570398,9.81278581298854,9.83484987964401,9.875304598469,9.92376575326296,9.9470780532896,9.99701037910316,10.0219689821499,10.042193322183,10.0607400872856,10.090876870646,10.1054271668226,10.1236204092395,10.1769573400807,10.1958791586242,10.1971292512849,10.2668251683732,10.2942109703653,10.3208395919839,10.3768435982542,10.3806510467149,10.3953940315291,10.4396226687144,10.4758845305092,10.5124086462502,10.5386887985685,10.5515973831018,10.5806944392958,10.6072940440976,10.6824610658283,10.6861685879908,10.7679642377461,10.8108030382508,10.8725537834739,10.8788767394813,10.9374331138043,10.9640102470097,10.9988780285774,11.0607472527685,11.0961978280282,11.126017328074,11.1592607769904,11.1970641796107,11.2079161982873,11.2531684656732,11.2566843917519,11.2780638892304,11.3303068214695,11.3842620720794,11.4519913996784,11.4608391946451,11.5076814907196,11.5351590672528,11.5747815941252,11.6097957608906,11.6426595182712,11.6891352510665,11.7604841571152,11.7839245663385,11.8054962013484,11.8486628096274,11.8553466919728,11.8888087479394,11.9575496307589,12.0001521901937,12.0369019195052,12.0936871840707,12.1187583350233,12.1393617381905,12.1746191813929,12.2137348776078,12.2480193513813,12.2833142202004,12.3246667970753,12.3509243568987,12.3792045632772,12.3972310343015,12.4521177665615,12.5064303626981,12.5351045293523,12.633056239033,12.6728379028641,12.704561104572,12.7409101716452,12.7875184898727,12.819760093825,12.860925257321,12.9030416799529,12.963575452734,12.9790375994654,13.0137098141439,13.0419045269008,13.0449993712862,13.1060980180607,13.1542357783843,13.220801530761,13.2286585274127,13.2706589650176,13.3287232809534,13.3585195832084,13.4286719786187,13.4300308280971,13.4537729459773,13.5417472909525,13.5805949903616,13.6112940690389,13.6472966299677,13.6705605279824,13.7070696928934,13.7603926271192,13.7822014676854,13.83550944758,13.870393511877,13.9056484520894,13.9578821660822,14.0364868351662,14.0924476287564,14.0969850476634,14.1974101695643,14.2231179106727,14.2580713738642,14.2634002852668,14.3106104165707,14.4178230370699,14.4711158067136,14.490202350766,14.5049541795345,14.623753130155,14.6802482886376,14.7026341601682,14.7310926800375,14.7952956872294,14.8308024757058,14.9067614323246,14.9955090249739,15.0795238499374,15.1012779771828,15.2400404571632,15.2593534802863,15.2720675662998,15.415486970991,15.4591877728185,15.4654896171155,15.507490391595,15.5627816825369,15.6641527070045,15.7698983919517,15.859336286152,15.8956548159955,16.0163455209512,16.1049094584591,16.1977427813829,16.2538590458203,16.2887242839069,16.4622007021227,16.5856541062557,16.5905192988418,16.6874947221456,16.7602155114631,16.871610722046,16.9329595697149,17.0968471827146,17.1687748612923,17.3643352400024,17.4671033680651,17.6644079447071,17.9950836664016,18.083072978516,18.1999726062144,18.3466661039135,18.4268203283762,18.6314543480122,18.7638217454663,18.9771936447785,19.2057582847402,19.2188806641489,19.4633315156991,19.7174257419707,20.0672747331356,20.1576001663665,20.2732365554745,20.6519411865262,21.239052577227,21.5503353254903,23.3876781334206,NA,NA,NA,NA,NA,NA,NA,NA,NA,NA,NA,NA,NA,NA,NA,NA,NA,NA,NA,NA,NA
0.472489482613623,0.579831210371285,0.700341045656206,0.839058485473357,0.857494070213838,1.13111465962637,1.28156640413834,1.40475866037197,1.48492708277975,1.55528093907134,1.6514622272691,1.71674384879274,1.79398942705963,1.85608334085181,1.94311883223505,1.98027409728403,2.08633698492348,2.11931211984714,2.229520344585,2.41183742426706,2.49740715620483,2.54539404841034,2.60334711472929,2.67670935115817,2.70146833832491,2.77964563057446,2.85528933353209,2.90603843540365,3.00271044386917,3.02082959927884,3.06170374764461,3.09084855733084,3.10604069116653,3.2096715170197,3.30163575298118,3.36733487849748,3.38070643763045,3.41521175935387,3.50706517079242,3.53411967100456,3.5892034101823,3.61184238747595,3.67257162255334,3.72519634191588,3.77203687911401,3.80494560683752,3.80922255703858,3.85443984318518,3.92360379231204,3.92921105637524,3.98381372853316,4.07766335036078,4.10959604637138,4.16523193603534,4.20749059920329,4.25555347595785,4.27407990901703,4.29824732062843,4.33246951166965,4.36680158297168,4.40058585291938,4.48490922088096,4.52994802072645,4.55498082284098,4.585799667773,4.63803520152092,4.65723242956635,4.72748902486904,4.78132474461056,4.80479431805477,4.82763341262319,4.87101880552519,4.92974657951167,4.94256923624167,4.98305498863443,5.00227781507646,5.04198470800746,5.08340640740613,5.08763359633629,5.1402158544331,5.15465789098019,5.16745295914717,5.1907198840157,5.21722711567506,5.2499454755651,5.29390919211131,5.3102573146039,5.33944239745344,5.36841511990573,5.40903947253325,5.42518157798016,5.48358084144911,5.51118174471625,5.56604905457172,5.57700215328854,5.61010526832292,5.65555594848833,5.68319848420297,5.70133782888684,5.7234170463669,5.75905286583235,5.76975148026467,5.83320178248193,5.85204899798733,5.87642298292147,5.88852673265137,5.9171965197122,5.946461122725,5.97571303469803,6.00583075287767,6.03737057179768,6.05916627728231,6.07327452264892,6.0976845968378,6.12662943718849,6.13151860975809,6.18677531275779,6.22791655789123,6.24052463757272,6.25735114393292,6.30315421893292,6.33328033361386,6.34771018828682,6.36149385154658,6.38116826574615,6.42223629480568,6.42567886636772,6.45605419868089,6.47076321578163,6.48880071897049,6.51412030618812,6.55764736136776,6.57251647562401,6.61541929361301,6.64824409706225,6.69961964746852,6.71643203053289,6.74015399244251,6.77496548266969,6.81017635213513,6.82155370996546,6.83285622554386,6.86768803799238,6.87299196376936,6.91268812049401,6.91660056915107,6.94214136274252,6.96662882492658,6.99845499269425,7.00381651399237,7.01835478533735,7.04207399489091,7.05110242969833,7.07085252295806,7.11262983128193,7.16304636077959,7.18413200895551,7.18923269309516,7.19818616371594,7.22095636163511,7.25104022079218,7.2836227596167,7.28988193818217,7.31764474371685,7.33834071710717,7.34854492638407,7.35439466579152,7.41190447394506,7.43365872354983,7.45102613475425,7.45511963575676,7.47647947117189,7.50196362811507,7.53177923846088,7.54876283857953,7.55859340457279,7.58779065407477,7.62786914772643,7.63846575578254,7.67867803399551,7.68551495483702,7.70869858953,7.72314216160076,7.75697956689211,7.78308427709748,7.82398374414664,7.82696331552922,7.84936653601962,7.87131594706028,7.88185774008311,7.90340007744446,7.92298175730601,7.94766885881895,7.98312837456097,7.99976386861536,8.03386720345423,8.05063094396937,8.06537898680889,8.10160820918956,8.11431626629108,8.14707671681833,8.16040932705851,8.1654718536645,8.22241525721937,8.25524125891766,8.2736554059684,8.31887726691011,8.32573994717453,8.34547231262008,8.38133796590527,8.39719979721869,8.40223328906728,8.42473423008914,8.4525834900877,8.46739965344237,8.50815486337975,8.5156963280317,8.54542456554367,8.57142065873269,8.61783023019026,8.63078143004146,8.65503811525367,8.66983153166557,8.69718937462072,8.71233649869307,8.74210858033418,8.77465711878502,8.79184519860438,8.80006724915849,8.85097839500332,8.86715282408479,8.8758121761294,8.90479254578427,8.93097160043673,8.97968438843942,8.98631502211627,9.03102633913003,9.07542909486309,9.1069744560815,9.13078524047527,9.13623154818306,9.16600537224964,9.20612195332597,9.24856628120536,9.25610195398702,9.27060378055291,9.3223026828157,9.33971580150624,9.36922292466136,9.38479631874477,9.42252390609834,9.45867055461169,9.4948017459561,9.53701655828042,9.55807076088031,9.60664290207225,9.60905088999418,9.63274730380689,9.64833891229355,9.6921951310204,9.73759308462251,9.75026935532456,9.77666643570398,9.81278581298854,9.83484987964401,9.875304598469,9.92376575326296,9.9470780532896,9.99701037910316,10.0219689821499,10.042193322183,10.0607400872856,10.090876870646,10.1054271668226,10.1236204092395,10.1769573400807,10.1958791586242,10.1971292512849,10.2668251683732,10.2942109703653,10.3208395919839,10.3768435982542,10.3806510467149,10.3953940315291,10.4396226687144,10.4758845305092,10.5124086462502,10.5386887985685,10.5515973831018,10.5806944392958,10.6072940440976,10.6824610658283,10.6861685879908,10.7679642377461,10.8108030382508,10.8725537834739,10.8788767394813,10.9374331138043,10.9640102470097,10.9988780285774,11.0607472527685,11.0961978280282,11.126017328074,11.1592607769904,11.1970641796107,11.2079161982873,11.2531684656732,11.2566843917519,11.2780638892304,11.3303068214695,11.3842620720794,11.4519913996784,11.4608391946451,11.5076814907196,11.5351590672528,11.5747815941252,11.6097957608906,11.6426595182712,11.6891352510665,11.7604841571152,11.7839245663385,11.8054962013484,11.8486628096274,11.8553466919728,11.8888087479394,11.9575496307589,12.0001521901937,12.0369019195052,12.0936871840707,12.1187583350233,12.1393617381905,12.1746191813929,12.2137348776078,12.2480193513813,12.2833142202004,12.3246667970753,12.3509243568987,12.3792045632772,12.3972310343015,12.4521177665615,12.5064303626981,12.5351045293523,12.633056239033,12.6728379028641,12.704561104572,12.7409101716452,12.7875184898727,12.819760093825,12.860925257321,12.9030416799529,12.963575452734,12.9790375994654,13.0137098141439,13.0419045269008,13.0449993712862,13.1060980180607,13.1542357783843,13.220801530761,13.2286585274127,13.2706589650176,13.3287232809534,13.3585195832084,13.4286719786187,13.4300308280971,13.4537729459773,13.5417472909525,13.5805949903616,13.6112940690389,13.6472966299677,13.6705605279824,13.7070696928934,13.7603926271192,13.7822014676854,13.83550944758,13.870393511877,13.9056484520894,13.9578821660822,14.0364868351662,14.0924476287564,14.0969850476634,14.1974101695643,14.2231179106727,14.2580713738642,14.2634002852668,14.3106104165707,14.4178230370699,14.4711158067136,14.490202350766,14.5049541795345,14.623753130155,14.6802482886376,14.7026341601682,14.7310926800375,14.7952956872294,14.8308024757058,14.9067614323246,14.9955090249739,15.0795238499374,15.1012779771828,15.2400404571632,15.2593534802863,15.2720675662998,15.415486970991,15.4591877728185,15.4654896171155,15.507490391595,15.5627816825369,15.6641527070045,15.7698983919517,15.859336286152,15.8956548159955,16.0163455209512,16.1049094584591,16.1977427813829,16.2538590458203,16.2887242839069,16.4622007021227,16.5856541062557,16.5905192988418,16.6874947221456,16.7602155114631,16.871610722046,16.9329595697149,17.0968471827146,17.1687748612923,17.3643352400024,17.4671033680651,17.6644079447071,17.9950836664016,18.083072978516,18.1999726062144,18.3466661039135,18.4268203283762,18.6314543480122,18.7638217454663,18.9771936447785,19.2057582847402,19.2188806641489,19.4633315156991,19.7174257419707,20.0672747331356,20.1576001663665,20.2732365554745,20.6519411865262,21.239052577227,21.5503353254903,23.3876781334206,NA,NA,NA,NA,NA,NA,NA,NA,NA,NA,NA,NA,NA,NA,NA,NA,NA,NA,NA,NA,NA
0.472489482613623,0.579831210371285,0.700341045656206,0.839058485473357,0.857494070213838,1.13111465962637,1.28156640413834,1.40475866037197,1.48492708277975,1.55528093907134,1.6514622272691,1.71674384879274,1.79398942705963,1.85608334085181,1.94311883223505,1.98027409728403,2.08633698492348,2.11931211984714,2.229520344585,2.41183742426706,2.49740715620483,2.54539404841034,2.60334711472929,2.67670935115817,2.70146833832491,2.77964563057446,2.85528933353209,2.90603843540365,3.00271044386917,3.02082959927884,3.06170374764461,3.09084855733084,3.10604069116653,3.2096715170197,3.30163575298118,3.36733487849748,3.38070643763045,3.41521175935387,3.50706517079242,3.53411967100456,3.5892034101823,3.61184238747595,3.67257162255334,3.72519634191588,3.77203687911401,3.80494560683752,3.80922255703858,3.85443984318518,3.92360379231204,3.92921105637524,3.98381372853316,4.07766335036078,4.10959604637138,4.16523193603534,4.20749059920329,4.25555347595785,4.27407990901703,4.29824732062843,4.33246951166965,4.36680158297168,4.40058585291938,4.48490922088096,4.52994802072645,4.55498082284098,4.585799667773,4.63803520152092,4.65723242956635,4.72748902486904,4.78132474461056,4.80479431805477,4.82763341262319,4.87101880552519,4.92974657951167,4.94256923624167,4.98305498863443,5.00227781507646,5.04198470800746,5.08340640740613,5.08763359633629,5.1402158544331,5.15465789098019,5.16745295914717,5.1907198840157,5.21722711567506,5.2499454755651,5.29390919211131,5.3102573146039,5.33944239745344,5.36841511990573,5.40903947253325,5.42518157798016,5.48358084144911,5.51118174471625,5.56604905457172,5.57700215328854,5.61010526832292,5.65555594848833,5.68319848420297,5.70133782888684,5.7234170463669,5.75905286583235,5.76975148026467,5.83320178248193,5.85204899798733,5.87642298292147,5.88852673265137,5.9171965197122,5.946461122725,5.97571303469803,6.00583075287767,6.03737057179768,6.05916627728231,6.07327452264892,6.0976845968378,6.12662943718849,6.13151860975809,6.18677531275779,6.22791655789123,6.24052463757272,6.25735114393292,6.30315421893292,6.33328033361386,6.34771018828682,6.36149385154658,6.38116826574615,6.42223629480568,6.42567886636772,6.45605419868089,6.47076321578163,6.48880071897049,6.51412030618812,6.55764736136776,6.57251647562401,6.61541929361301,6.64824409706225,6.69961964746852,6.71643203053289,6.74015399244251,6.77496548266969,6.81017635213513,6.82155370996546,6.83285622554386,6.86768803799238,6.87299196376936,6.91268812049401,6.91660056915107,6.94214136274252,6.96662882492658,6.99845499269425,7.00381651399237,7.01835478533735,7.04207399489091,7.05110242969833,7.07085252295806,7.11262983128193,7.16304636077959,7.18413200895551,7.18923269309516,7.19818616371594,7.22095636163511,7.25104022079218,7.2836227596167,7.28988193818217,7.31764474371685,7.33834071710717,7.34854492638407,7.35439466579152,7.41190447394506,7.43365872354983,7.45102613475425,7.45511963575676,7.47647947117189,7.50196362811507,7.53177923846088,7.54876283857953,7.55859340457279,7.58779065407477,7.62786914772643,7.63846575578254,7.67867803399551,7.68551495483702,7.70869858953,7.72314216160076,7.75697956689211,7.78308427709748,7.82398374414664,7.82696331552922,7.84936653601962,7.87131594706028,7.88185774008311,7.90340007744446,7.92298175730601,7.94766885881895,7.98312837456097,7.99976386861536,8.03386720345423,8.05063094396937,8.06537898680889,8.10160820918956,8.11431626629108,8.14707671681833,8.16040932705851,8.1654718536645,8.22241525721937,8.25524125891766,8.2736554059684,8.31887726691011,8.32573994717453,8.34547231262008,8.38133796590527,8.39719979721869,8.40223328906728,8.42473423008914,8.4525834900877,8.46739965344237,8.50815486337975,8.5156963280317,8.54542456554367,8.57142065873269,8.61783023019026,8.63078143004146,8.65503811525367,8.66983153166557,8.69718937462072,8.71233649869307,8.74210858033418,8.77465711878502,8.79184519860438,8.80006724915849,8.85097839500332,8.86715282408479,8.8758121761294,8.90479254578427,8.93097160043673,8.97968438843942,8.98631502211627,9.03102633913003,9.07542909486309,9.1069744560815,9.13078524047527,9.13623154818306,9.16600537224964,9.20612195332597,9.24856628120536,9.25610195398702,9.27060378055291,9.3223026828157,9.33971580150624,9.36922292466136,9.38479631874477,9.42252390609834,9.45867055461169,9.4948017459561,9.53701655828042,9.55807076088031,9.60664290207225,9.60905088999418,9.63274730380689,9.64833891229355,9.6921951310204,9.73759308462251,9.75026935532456,9.77666643570398,9.81278581298854,9.83484987964401,9.875304598469,9.92376575326296,9.9470780532896,9.99701037910316,10.0219689821499,10.042193322183,10.0607400872856,10.090876870646,10.1054271668226,10.1236204092395,10.1769573400807,10.1958791586242,10.1971292512849,10.2668251683732,10.2942109703653,10.3208395919839,10.3768435982542,10.3806510467149,10.3953940315291,10.4396226687144,10.4758845305092,10.5124086462502,10.5386887985685,10.5515973831018,10.5806944392958,10.6072940440976,10.6824610658283,10.6861685879908,10.7679642377461,10.8108030382508,10.8725537834739,10.8788767394813,10.9374331138043,10.9640102470097,10.9988780285774,11.0607472527685,11.0961978280282,11.126017328074,11.1592607769904,11.1970641796107,11.2079161982873,11.2531684656732,11.2566843917519,11.2780638892304,11.3303068214695,11.3842620720794,11.4519913996784,11.4608391946451,11.5076814907196,11.5351590672528,11.5747815941252,11.6097957608906,11.6426595182712,11.6891352510665,11.7604841571152,11.7839245663385,11.8054962013484,11.8486628096274,11.8553466919728,11.8888087479394,11.9575496307589,12.0001521901937,12.0369019195052,12.0936871840707,12.1187583350233,12.1393617381905,12.1746191813929,12.2137348776078,12.2480193513813,12.2833142202004,12.3246667970753,12.3509243568987,12.3792045632772,12.3972310343015,12.4521177665615,12.5064303626981,12.5351045293523,12.633056239033,12.6728379028641,12.704561104572,12.7409101716452,12.7875184898727,12.819760093825,12.860925257321,12.9030416799529,12.963575452734,12.9790375994654,13.0137098141439,13.0419045269008,13.0449993712862,13.1060980180607,13.1542357783843,13.220801530761,13.2286585274127,13.2706589650176,13.3287232809534,13.3585195832084,13.4286719786187,13.4300308280971,13.4537729459773,13.5417472909525,13.5805949903616,13.6112940690389,13.6472966299677,13.6705605279824,13.7070696928934,13.7603926271192,13.7822014676854,13.83550944758,13.870393511877,13.9056484520894,13.9578821660822,14.0364868351662,14.0924476287564,14.0969850476634,14.1974101695643,14.2231179106727,14.2580713738642,14.2634002852668,14.3106104165707,14.4178230370699,14.4711158067136,14.490202350766,14.5049541795345,14.623753130155,14.6802482886376,14.7026341601682,14.7310926800375,14.7952956872294,14.8308024757058,14.9067614323246,14.9955090249739,15.0795238499374,15.1012779771828,15.2400404571632,15.2593534802863,15.2720675662998,15.415486970991,15.4591877728185,15.4654896171155,15.507490391595,15.5627816825369,15.6641527070045,15.7698983919517,15.859336286152,15.8956548159955,16.0163455209512,16.1049094584591,16.1977427813829,16.2538590458203,16.2887242839069,16.4622007021227,16.5856541062557,16.5905192988418,16.6874947221456,16.7602155114631,16.871610722046,16.9329595697149,17.0968471827146,17.1687748612923,17.3643352400024,17.4671033680651,17.6644079447071,17.9950836664016,18.083072978516,18.1999726062144,18.3466661039135,18.4268203283762,18.6314543480122,18.7638217454663,18.9771936447785,19.2057582847402,19.2188806641489,19.4633315156991,19.7174257419707,20.0672747331356,20.1576001663665,20.2732365554745,20.6519411865262,21.239052577227,21.5503353254903,23.3876781334206,NA,NA,NA,NA,NA,NA,NA,NA,NA,NA,NA,NA,NA,NA,NA,NA,NA,NA,NA,NA,NA
0.472489482613623,0.579831210371285,0.700341045656206,0.839058485473357,0.857494070213838,1.13111465962637,1.28156640413834,1.40475866037197,1.48492708277975,1.55528093907134,1.6514622272691,1.71674384879274,1.79398942705963,1.85608334085181,1.94311883223505,1.98027409728403,2.08633698492348,2.11931211984714,2.229520344585,2.41183742426706,2.49740715620483,2.54539404841034,2.60334711472929,2.67670935115817,2.70146833832491,2.77964563057446,2.85528933353209,2.90603843540365,3.00271044386917,3.02082959927884,3.06170374764461,3.09084855733084,3.10604069116653,3.2096715170197,3.30163575298118,3.36733487849748,3.38070643763045,3.41521175935387,3.50706517079242,3.53411967100456,3.5892034101823,3.61184238747595,3.67257162255334,3.72519634191588,3.77203687911401,3.80494560683752,3.80922255703858,3.85443984318518,3.92360379231204,3.92921105637524,3.98381372853316,4.07766335036078,4.10959604637138,4.16523193603534,4.20749059920329,4.25555347595785,4.27407990901703,4.29824732062843,4.33246951166965,4.36680158297168,4.40058585291938,4.48490922088096,4.52994802072645,4.55498082284098,4.585799667773,4.63803520152092,4.65723242956635,4.72748902486904,4.78132474461056,4.80479431805477,4.82763341262319,4.87101880552519,4.92974657951167,4.94256923624167,4.98305498863443,5.00227781507646,5.04198470800746,5.08340640740613,5.08763359633629,5.1402158544331,5.15465789098019,5.16745295914717,5.1907198840157,5.21722711567506,5.2499454755651,5.29390919211131,5.3102573146039,5.33944239745344,5.36841511990573,5.40903947253325,5.42518157798016,5.48358084144911,5.51118174471625,5.56604905457172,5.57700215328854,5.61010526832292,5.65555594848833,5.68319848420297,5.70133782888684,5.7234170463669,5.75905286583235,5.76975148026467,5.83320178248193,5.85204899798733,5.87642298292147,5.88852673265137,5.9171965197122,5.946461122725,5.97571303469803,6.00583075287767,6.03737057179768,6.05916627728231,6.07327452264892,6.0976845968378,6.12662943718849,6.13151860975809,6.18677531275779,6.22791655789123,6.24052463757272,6.25735114393292,6.30315421893292,6.33328033361386,6.34771018828682,6.36149385154658,6.38116826574615,6.42223629480568,6.42567886636772,6.45605419868089,6.47076321578163,6.48880071897049,6.51412030618812,6.55764736136776,6.57251647562401,6.61541929361301,6.64824409706225,6.69961964746852,6.71643203053289,6.74015399244251,6.77496548266969,6.81017635213513,6.82155370996546,6.83285622554386,6.86768803799238,6.87299196376936,6.91268812049401,6.91660056915107,6.94214136274252,6.96662882492658,6.99845499269425,7.00381651399237,7.01835478533735,7.04207399489091,7.05110242969833,7.07085252295806,7.11262983128193,7.16304636077959,7.18413200895551,7.18923269309516,7.19818616371594,7.22095636163511,7.25104022079218,7.2836227596167,7.28988193818217,7.31764474371685,7.33834071710717,7.34854492638407,7.35439466579152,7.41190447394506,7.43365872354983,7.45102613475425,7.45511963575676,7.47647947117189,7.50196362811507,7.53177923846088,7.54876283857953,7.55859340457279,7.58779065407477,7.62786914772643,7.63846575578254,7.67867803399551,7.68551495483702,7.70869858953,7.72314216160076,7.75697956689211,7.78308427709748,7.82398374414664,7.82696331552922,7.84936653601962,7.87131594706028,7.88185774008311,7.90340007744446,7.92298175730601,7.94766885881895,7.98312837456097,7.99976386861536,8.03386720345423,8.05063094396937,8.06537898680889,8.10160820918956,8.11431626629108,8.14707671681833,8.16040932705851,8.1654718536645,8.22241525721937,8.25524125891766,8.2736554059684,8.31887726691011,8.32573994717453,8.34547231262008,8.38133796590527,8.39719979721869,8.40223328906728,8.42473423008914,8.4525834900877,8.46739965344237,8.50815486337975,8.5156963280317,8.54542456554367,8.57142065873269,8.61783023019026,8.63078143004146,8.65503811525367,8.66983153166557,8.69718937462072,8.71233649869307,8.74210858033418,8.77465711878502,8.79184519860438,8.80006724915849,8.85097839500332,8.86715282408479,8.8758121761294,8.90479254578427,8.93097160043673,8.97968438843942,8.98631502211627,9.03102633913003,9.07542909486309,9.1069744560815,9.13078524047527,9.13623154818306,9.16600537224964,9.20612195332597,9.24856628120536,9.25610195398702,9.27060378055291,9.3223026828157,9.33971580150624,9.36922292466136,9.38479631874477,9.42252390609834,9.45867055461169,9.4948017459561,9.53701655828042,9.55807076088031,9.60664290207225,9.60905088999418,9.63274730380689,9.64833891229355,9.6921951310204,9.73759308462251,9.75026935532456,9.77666643570398,9.81278581298854,9.83484987964401,9.875304598469,9.92376575326296,9.9470780532896,9.99701037910316,10.0219689821499,10.042193322183,10.0607400872856,10.090876870646,10.1054271668226,10.1236204092395,10.1769573400807,10.1958791586242,10.1971292512849,10.2668251683732,10.2942109703653,10.3208395919839,10.3768435982542,10.3806510467149,10.3953940315291,10.4396226687144,10.4758845305092,10.5124086462502,10.5386887985685,10.5515973831018,10.5806944392958,10.6072940440976,10.6824610658283,10.6861685879908,10.7679642377461,10.8108030382508,10.8725537834739,10.8788767394813,10.9374331138043,10.9640102470097,10.9988780285774,11.0607472527685,11.0961978280282,11.126017328074,11.1592607769904,11.1970641796107,11.2079161982873,11.2531684656732,11.2566843917519,11.2780638892304,11.3303068214695,11.3842620720794,11.4519913996784,11.4608391946451,11.5076814907196,11.5351590672528,11.5747815941252,11.6097957608906,11.6426595182712,11.6891352510665,11.7604841571152,11.7839245663385,11.8054962013484,11.8486628096274,11.8553466919728,11.8888087479394,11.9575496307589,12.0001521901937,12.0369019195052,12.0936871840707,12.1187583350233,12.1393617381905,12.1746191813929,12.2137348776078,12.2480193513813,12.2833142202004,12.3246667970753,12.3509243568987,12.3792045632772,12.3972310343015,12.4521177665615,12.5064303626981,12.5351045293523,12.633056239033,12.6728379028641,12.704561104572,12.7409101716452,12.7875184898727,12.819760093825,12.860925257321,12.9030416799529,12.963575452734,12.9790375994654,13.0137098141439,13.0419045269008,13.0449993712862,13.1060980180607,13.1542357783843,13.220801530761,13.2286585274127,13.2706589650176,13.3287232809534,13.3585195832084,13.4286719786187,13.4300308280971,13.4537729459773,13.5417472909525,13.5805949903616,13.6112940690389,13.6472966299677,13.6705605279824,13.7070696928934,13.7603926271192,13.7822014676854,13.83550944758,13.870393511877,13.9056484520894,13.9578821660822,14.0364868351662,14.0924476287564,14.0969850476634,14.1974101695643,14.2231179106727,14.2580713738642,14.2634002852668,14.3106104165707,14.4178230370699,14.4711158067136,14.490202350766,14.5049541795345,14.623753130155,14.6802482886376,14.7026341601682,14.7310926800375,14.7952956872294,14.8308024757058,14.9067614323246,14.9955090249739,15.0795238499374,15.1012779771828,15.2400404571632,15.2593534802863,15.2720675662998,15.415486970991,15.4591877728185,15.4654896171155,15.507490391595,15.5627816825369,15.6641527070045,15.7698983919517,15.859336286152,15.8956548159955,16.0163455209512,16.1049094584591,16.1977427813829,16.2538590458203,16.2887242839069,16.4622007021227,16.5856541062557,16.5905192988418,16.6874947221456,16.7602155114631,16.871610722046,16.9329595697149,17.0968471827146,17.1687748612923,17.3643352400024,17.4671033680651,17.6644079447071,17.9950836664016,18.083072978516,18.1999726062144,18.3466661039135,18.4268203283762,18.6314543480122,18.7638217454663,18.9771936447785,19.2057582847402,19.2188806641489,19.4633315156991,19.7174257419707,20.0672747331356,20.1576001663665,20.2732365554745,20.6519411865262,21.239052577227,21.5503353254903,23.3876781334206,NA,NA,NA,NA,NA,NA,NA,NA,NA,NA,NA,NA,NA,NA,NA,NA,NA,NA,NA,NA,NA
0.472489482613623,0.579831210371285,0.700341045656206,0.839058485473357,0.857494070213838,1.13111465962637,1.28156640413834,1.40475866037197,1.48492708277975,1.55528093907134,1.6514622272691,1.71674384879274,1.79398942705963,1.85608334085181,1.94311883223505,1.98027409728403,2.08633698492348,2.11931211984714,2.229520344585,2.41183742426706,2.49740715620483,2.54539404841034,2.60334711472929,2.67670935115817,2.70146833832491,2.77964563057446,2.85528933353209,2.90603843540365,3.00271044386917,3.02082959927884,3.06170374764461,3.09084855733084,3.10604069116653,3.2096715170197,3.30163575298118,3.36733487849748,3.38070643763045,3.41521175935387,3.50706517079242,3.53411967100456,3.5892034101823,3.61184238747595,3.67257162255334,3.72519634191588,3.77203687911401,3.80494560683752,3.80922255703858,3.85443984318518,3.92360379231204,3.92921105637524,3.98381372853316,4.07766335036078,4.10959604637138,4.16523193603534,4.20749059920329,4.25555347595785,4.27407990901703,4.29824732062843,4.33246951166965,4.36680158297168,4.40058585291938,4.48490922088096,4.52994802072645,4.55498082284098,4.585799667773,4.63803520152092,4.65723242956635,4.72748902486904,4.78132474461056,4.80479431805477,4.82763341262319,4.87101880552519,4.92974657951167,4.94256923624167,4.98305498863443,5.00227781507646,5.04198470800746,5.08340640740613,5.08763359633629,5.1402158544331,5.15465789098019,5.16745295914717,5.1907198840157,5.21722711567506,5.2499454755651,5.29390919211131,5.3102573146039,5.33944239745344,5.36841511990573,5.40903947253325,5.42518157798016,5.48358084144911,5.51118174471625,5.56604905457172,5.57700215328854,5.61010526832292,5.65555594848833,5.68319848420297,5.70133782888684,5.7234170463669,5.75905286583235,5.76975148026467,5.83320178248193,5.85204899798733,5.87642298292147,5.88852673265137,5.9171965197122,5.946461122725,5.97571303469803,6.00583075287767,6.03737057179768,6.05916627728231,6.07327452264892,6.0976845968378,6.12662943718849,6.13151860975809,6.18677531275779,6.22791655789123,6.24052463757272,6.25735114393292,6.30315421893292,6.33328033361386,6.34771018828682,6.36149385154658,6.38116826574615,6.42223629480568,6.42567886636772,6.45605419868089,6.47076321578163,6.48880071897049,6.51412030618812,6.55764736136776,6.57251647562401,6.61541929361301,6.64824409706225,6.69961964746852,6.71643203053289,6.74015399244251,6.77496548266969,6.81017635213513,6.82155370996546,6.83285622554386,6.86768803799238,6.87299196376936,6.91268812049401,6.91660056915107,6.94214136274252,6.96662882492658,6.99845499269425,7.00381651399237,7.01835478533735,7.04207399489091,7.05110242969833,7.07085252295806,7.11262983128193,7.16304636077959,7.18413200895551,7.18923269309516,7.19818616371594,7.22095636163511,7.25104022079218,7.2836227596167,7.28988193818217,7.31764474371685,7.33834071710717,7.34854492638407,7.35439466579152,7.41190447394506,7.43365872354983,7.45102613475425,7.45511963575676,7.47647947117189,7.50196362811507,7.53177923846088,7.54876283857953,7.55859340457279,7.58779065407477,7.62786914772643,7.63846575578254,7.67867803399551,7.68551495483702,7.70869858953,7.72314216160076,7.75697956689211,7.78308427709748,7.82398374414664,7.82696331552922,7.84936653601962,7.87131594706028,7.88185774008311,7.90340007744446,7.92298175730601,7.94766885881895,7.98312837456097,7.99976386861536,8.03386720345423,8.05063094396937,8.06537898680889,8.10160820918956,8.11431626629108,8.14707671681833,8.16040932705851,8.1654718536645,8.22241525721937,8.25524125891766,8.2736554059684,8.31887726691011,8.32573994717453,8.34547231262008,8.38133796590527,8.39719979721869,8.40223328906728,8.42473423008914,8.4525834900877,8.46739965344237,8.50815486337975,8.5156963280317,8.54542456554367,8.57142065873269,8.61783023019026,8.63078143004146,8.65503811525367,8.66983153166557,8.69718937462072,8.71233649869307,8.74210858033418,8.77465711878502,8.79184519860438,8.80006724915849,8.85097839500332,8.86715282408479,8.8758121761294,8.90479254578427,8.93097160043673,8.97968438843942,8.98631502211627,9.03102633913003,9.07542909486309,9.1069744560815,9.13078524047527,9.13623154818306,9.16600537224964,9.20612195332597,9.24856628120536,9.25610195398702,9.27060378055291,9.3223026828157,9.33971580150624,9.36922292466136,9.38479631874477,9.42252390609834,9.45867055461169,9.4948017459561,9.53701655828042,9.55807076088031,9.60664290207225,9.60905088999418,9.63274730380689,9.64833891229355,9.6921951310204,9.73759308462251,9.75026935532456,9.77666643570398,9.81278581298854,9.83484987964401,9.875304598469,9.92376575326296,9.9470780532896,9.99701037910316,10.0219689821499,10.042193322183,10.0607400872856,10.090876870646,10.1054271668226,10.1236204092395,10.1769573400807,10.1958791586242,10.1971292512849,10.2668251683732,10.2942109703653,10.3208395919839,10.3768435982542,10.3806510467149,10.3953940315291,10.4396226687144,10.4758845305092,10.5124086462502,10.5386887985685,10.5515973831018,10.5806944392958,10.6072940440976,10.6824610658283,10.6861685879908,10.7679642377461,10.8108030382508,10.8725537834739,10.8788767394813,10.9374331138043,10.9640102470097,10.9988780285774,11.0607472527685,11.0961978280282,11.126017328074,11.1592607769904,11.1970641796107,11.2079161982873,11.2531684656732,11.2566843917519,11.2780638892304,11.3303068214695,11.3842620720794,11.4519913996784,11.4608391946451,11.5076814907196,11.5351590672528,11.5747815941252,11.6097957608906,11.6426595182712,11.6891352510665,11.7604841571152,11.7839245663385,11.8054962013484,11.8486628096274,11.8553466919728,11.8888087479394,11.9575496307589,12.0001521901937,12.0369019195052,12.0936871840707,12.1187583350233,12.1393617381905,12.1746191813929,12.2137348776078,12.2480193513813,12.2833142202004,12.3246667970753,12.3509243568987,12.3792045632772,12.3972310343015,12.4521177665615,12.5064303626981,12.5351045293523,12.633056239033,12.6728379028641,12.704561104572,12.7409101716452,12.7875184898727,12.819760093825,12.860925257321,12.9030416799529,12.963575452734,12.9790375994654,13.0137098141439,13.0419045269008,13.0449993712862,13.1060980180607,13.1542357783843,13.220801530761,13.2286585274127,13.2706589650176,13.3287232809534,13.3585195832084,13.4286719786187,13.4300308280971,13.4537729459773,13.5417472909525,13.5805949903616,13.6112940690389,13.6472966299677,13.6705605279824,13.7070696928934,13.7603926271192,13.7822014676854,13.83550944758,13.870393511877,13.9056484520894,13.9578821660822,14.0364868351662,14.0924476287564,14.0969850476634,14.1974101695643,14.2231179106727,14.2580713738642,14.2634002852668,14.3106104165707,14.4178230370699,14.4711158067136,14.490202350766,14.5049541795345,14.623753130155,14.6802482886376,14.7026341601682,14.7310926800375,14.7952956872294,14.8308024757058,14.9067614323246,14.9955090249739,15.0795238499374,15.1012779771828,15.2400404571632,15.2593534802863,15.2720675662998,15.415486970991,15.4591877728185,15.4654896171155,15.507490391595,15.5627816825369,15.6641527070045,15.7698983919517,15.859336286152,15.8956548159955,16.0163455209512,16.1049094584591,16.1977427813829,16.2538590458203,16.2887242839069,16.4622007021227,16.5856541062557,16.5905192988418,16.6874947221456,16.7602155114631,16.871610722046,16.9329595697149,17.0968471827146,17.1687748612923,17.3643352400024,17.4671033680651,17.6644079447071,17.9950836664016,18.083072978516,18.1999726062144,18.3466661039135,18.4268203283762,18.6314543480122,18.7638217454663,18.9771936447785,19.2057582847402,19.2188806641489,19.4633315156991,19.7174257419707,20.0672747331356,20.1576001663665,20.2732365554745,20.6519411865262,21.239052577227,21.5503353254903,23.3876781334206,NA,NA,NA,NA,NA,NA,NA,NA,NA,NA,NA,NA,NA,NA,NA,NA,NA,NA,NA,NA,NA
0.472489482613623,0.579831210371285,0.700341045656206,0.839058485473357,0.857494070213838,1.13111465962637,1.28156640413834,1.40475866037197,1.48492708277975,1.55528093907134,1.6514622272691,1.71674384879274,1.79398942705963,1.85608334085181,1.94311883223505,1.98027409728403,2.08633698492348,2.11931211984714,2.229520344585,2.41183742426706,2.49740715620483,2.54539404841034,2.60334711472929,2.67670935115817,2.70146833832491,2.77964563057446,2.85528933353209,2.90603843540365,3.00271044386917,3.02082959927884,3.06170374764461,3.09084855733084,3.10604069116653,3.2096715170197,3.30163575298118,3.36733487849748,3.38070643763045,3.41521175935387,3.50706517079242,3.53411967100456,3.5892034101823,3.61184238747595,3.67257162255334,3.72519634191588,3.77203687911401,3.80494560683752,3.80922255703858,3.85443984318518,3.92360379231204,3.92921105637524,3.98381372853316,4.07766335036078,4.10959604637138,4.16523193603534,4.20749059920329,4.25555347595785,4.27407990901703,4.29824732062843,4.33246951166965,4.36680158297168,4.40058585291938,4.48490922088096,4.52994802072645,4.55498082284098,4.585799667773,4.63803520152092,4.65723242956635,4.72748902486904,4.78132474461056,4.80479431805477,4.82763341262319,4.87101880552519,4.92974657951167,4.94256923624167,4.98305498863443,5.00227781507646,5.04198470800746,5.08340640740613,5.08763359633629,5.1402158544331,5.15465789098019,5.16745295914717,5.1907198840157,5.21722711567506,5.2499454755651,5.29390919211131,5.3102573146039,5.33944239745344,5.36841511990573,5.40903947253325,5.42518157798016,5.48358084144911,5.51118174471625,5.56604905457172,5.57700215328854,5.61010526832292,5.65555594848833,5.68319848420297,5.70133782888684,5.7234170463669,5.75905286583235,5.76975148026467,5.83320178248193,5.85204899798733,5.87642298292147,5.88852673265137,5.9171965197122,5.946461122725,5.97571303469803,6.00583075287767,6.03737057179768,6.05916627728231,6.07327452264892,6.0976845968378,6.12662943718849,6.13151860975809,6.18677531275779,6.22791655789123,6.24052463757272,6.25735114393292,6.30315421893292,6.33328033361386,6.34771018828682,6.36149385154658,6.38116826574615,6.42223629480568,6.42567886636772,6.45605419868089,6.47076321578163,6.48880071897049,6.51412030618812,6.55764736136776,6.57251647562401,6.61541929361301,6.64824409706225,6.69961964746852,6.71643203053289,6.74015399244251,6.77496548266969,6.81017635213513,6.82155370996546,6.83285622554386,6.86768803799238,6.87299196376936,6.91268812049401,6.91660056915107,6.94214136274252,6.96662882492658,6.99845499269425,7.00381651399237,7.01835478533735,7.04207399489091,7.05110242969833,7.07085252295806,7.11262983128193,7.16304636077959,7.18413200895551,7.18923269309516,7.19818616371594,7.22095636163511,7.25104022079218,7.2836227596167,7.28988193818217,7.31764474371685,7.33834071710717,7.34854492638407,7.35439466579152,7.41190447394506,7.43365872354983,7.45102613475425,7.45511963575676,7.47647947117189,7.50196362811507,7.53177923846088,7.54876283857953,7.55859340457279,7.58779065407477,7.62786914772643,7.63846575578254,7.67867803399551,7.68551495483702,7.70869858953,7.72314216160076,7.75697956689211,7.78308427709748,7.82398374414664,7.82696331552922,7.84936653601962,7.87131594706028,7.88185774008311,7.90340007744446,7.92298175730601,7.94766885881895,7.98312837456097,7.99976386861536,8.03386720345423,8.05063094396937,8.06537898680889,8.10160820918956,8.11431626629108,8.14707671681833,8.16040932705851,8.1654718536645,8.22241525721937,8.25524125891766,8.2736554059684,8.31887726691011,8.32573994717453,8.34547231262008,8.38133796590527,8.39719979721869,8.40223328906728,8.42473423008914,8.4525834900877,8.46739965344237,8.50815486337975,8.5156963280317,8.54542456554367,8.57142065873269,8.61783023019026,8.63078143004146,8.65503811525367,8.66983153166557,8.69718937462072,8.71233649869307,8.74210858033418,8.77465711878502,8.79184519860438,8.80006724915849,8.85097839500332,8.86715282408479,8.8758121761294,8.90479254578427,8.93097160043673,8.97968438843942,8.98631502211627,9.03102633913003,9.07542909486309,9.1069744560815,9.13078524047527,9.13623154818306,9.16600537224964,9.20612195332597,9.24856628120536,9.25610195398702,9.27060378055291,9.3223026828157,9.33971580150624,9.36922292466136,9.38479631874477,9.42252390609834,9.45867055461169,9.4948017459561,9.53701655828042,9.55807076088031,9.60664290207225,9.60905088999418,9.63274730380689,9.64833891229355,9.6921951310204,9.73759308462251,9.75026935532456,9.77666643570398,9.81278581298854,9.83484987964401,9.875304598469,9.92376575326296,9.9470780532896,9.99701037910316,10.0219689821499,10.042193322183,10.0607400872856,10.090876870646,10.1054271668226,10.1236204092395,10.1769573400807,10.1958791586242,10.1971292512849,10.2668251683732,10.2942109703653,10.3208395919839,10.3768435982542,10.3806510467149,10.3953940315291,10.4396226687144,10.4758845305092,10.5124086462502,10.5386887985685,10.5515973831018,10.5806944392958,10.6072940440976,10.6824610658283,10.6861685879908,10.7679642377461,10.8108030382508,10.8725537834739,10.8788767394813,10.9374331138043,10.9640102470097,10.9988780285774,11.0607472527685,11.0961978280282,11.126017328074,11.1592607769904,11.1970641796107,11.2079161982873,11.2531684656732,11.2566843917519,11.2780638892304,11.3303068214695,11.3842620720794,11.4519913996784,11.4608391946451,11.5076814907196,11.5351590672528,11.5747815941252,11.6097957608906,11.6426595182712,11.6891352510665,11.7604841571152,11.7839245663385,11.8054962013484,11.8486628096274,11.8553466919728,11.8888087479394,11.9575496307589,12.0001521901937,12.0369019195052,12.0936871840707,12.1187583350233,12.1393617381905,12.1746191813929,12.2137348776078,12.2480193513813,12.2833142202004,12.3246667970753,12.3509243568987,12.3792045632772,12.3972310343015,12.4521177665615,12.5064303626981,12.5351045293523,12.633056239033,12.6728379028641,12.704561104572,12.7409101716452,12.7875184898727,12.819760093825,12.860925257321,12.9030416799529,12.963575452734,12.9790375994654,13.0137098141439,13.0419045269008,13.0449993712862,13.1060980180607,13.1542357783843,13.220801530761,13.2286585274127,13.2706589650176,13.3287232809534,13.3585195832084,13.4286719786187,13.4300308280971,13.4537729459773,13.5417472909525,13.5805949903616,13.6112940690389,13.6472966299677,13.6705605279824,13.7070696928934,13.7603926271192,13.7822014676854,13.83550944758,13.870393511877,13.9056484520894,13.9578821660822,14.0364868351662,14.0924476287564,14.0969850476634,14.1974101695643,14.2231179106727,14.2580713738642,14.2634002852668,14.3106104165707,14.4178230370699,14.4711158067136,14.490202350766,14.5049541795345,14.623753130155,14.6802482886376,14.7026341601682,14.7310926800375,14.7952956872294,14.8308024757058,14.9067614323246,14.9955090249739,15.0795238499374,15.1012779771828,15.2400404571632,15.2593534802863,15.2720675662998,15.415486970991,15.4591877728185,15.4654896171155,15.507490391595,15.5627816825369,15.6641527070045,15.7698983919517,15.859336286152,15.8956548159955,16.0163455209512,16.1049094584591,16.1977427813829,16.2538590458203,16.2887242839069,16.4622007021227,16.5856541062557,16.5905192988418,16.6874947221456,16.7602155114631,16.871610722046,16.9329595697149,17.0968471827146,17.1687748612923,17.3643352400024,17.4671033680651,17.6644079447071,17.9950836664016,18.083072978516,18.1999726062144,18.3466661039135,18.4268203283762,18.6314543480122,18.7638217454663,18.9771936447785,19.2057582847402,19.2188806641489,19.4633315156991,19.7174257419707,20.0672747331356,20.1576001663665,20.2732365554745,20.6519411865262,21.239052577227,21.5503353254903,23.3876781334206,NA,NA,NA,NA,NA,NA,NA,NA,NA,NA,NA,NA,NA,NA,NA,NA,NA,NA,NA,NA,NA
0.472489482613623,0.579831210371285,0.700341045656206,0.839058485473357,0.857494070213838,1.13111465962637,1.28156640413834,1.40475866037197,1.48492708277975,1.55528093907134,1.6514622272691,1.71674384879274,1.79398942705963,1.85608334085181,1.94311883223505,1.98027409728403,2.08633698492348,2.11931211984714,2.229520344585,2.41183742426706,2.49740715620483,2.54539404841034,2.60334711472929,2.67670935115817,2.70146833832491,2.77964563057446,2.85528933353209,2.90603843540365,3.00271044386917,3.02082959927884,3.06170374764461,3.09084855733084,3.10604069116653,3.2096715170197,3.30163575298118,3.36733487849748,3.38070643763045,3.41521175935387,3.50706517079242,3.53411967100456,3.5892034101823,3.61184238747595,3.67257162255334,3.72519634191588,3.77203687911401,3.80494560683752,3.80922255703858,3.85443984318518,3.92360379231204,3.92921105637524,3.98381372853316,4.07766335036078,4.10959604637138,4.16523193603534,4.20749059920329,4.25555347595785,4.27407990901703,4.29824732062843,4.33246951166965,4.36680158297168,4.40058585291938,4.48490922088096,4.52994802072645,4.55498082284098,4.585799667773,4.63803520152092,4.65723242956635,4.72748902486904,4.78132474461056,4.80479431805477,4.82763341262319,4.87101880552519,4.92974657951167,4.94256923624167,4.98305498863443,5.00227781507646,5.04198470800746,5.08340640740613,5.08763359633629,5.1402158544331,5.15465789098019,5.16745295914717,5.1907198840157,5.21722711567506,5.2499454755651,5.29390919211131,5.3102573146039,5.33944239745344,5.36841511990573,5.40903947253325,5.42518157798016,5.48358084144911,5.51118174471625,5.56604905457172,5.57700215328854,5.61010526832292,5.65555594848833,5.68319848420297,5.70133782888684,5.7234170463669,5.75905286583235,5.76975148026467,5.83320178248193,5.85204899798733,5.87642298292147,5.88852673265137,5.9171965197122,5.946461122725,5.97571303469803,6.00583075287767,6.03737057179768,6.05916627728231,6.07327452264892,6.0976845968378,6.12662943718849,6.13151860975809,6.18677531275779,6.22791655789123,6.24052463757272,6.25735114393292,6.30315421893292,6.33328033361386,6.34771018828682,6.36149385154658,6.38116826574615,6.42223629480568,6.42567886636772,6.45605419868089,6.47076321578163,6.48880071897049,6.51412030618812,6.55764736136776,6.57251647562401,6.61541929361301,6.64824409706225,6.69961964746852,6.71643203053289,6.74015399244251,6.77496548266969,6.81017635213513,6.82155370996546,6.83285622554386,6.86768803799238,6.87299196376936,6.91268812049401,6.91660056915107,6.94214136274252,6.96662882492658,6.99845499269425,7.00381651399237,7.01835478533735,7.04207399489091,7.05110242969833,7.07085252295806,7.11262983128193,7.16304636077959,7.18413200895551,7.18923269309516,7.19818616371594,7.22095636163511,7.25104022079218,7.2836227596167,7.28988193818217,7.31764474371685,7.33834071710717,7.34854492638407,7.35439466579152,7.41190447394506,7.43365872354983,7.45102613475425,7.45511963575676,7.47647947117189,7.50196362811507,7.53177923846088,7.54876283857953,7.55859340457279,7.58779065407477,7.62786914772643,7.63846575578254,7.67867803399551,7.68551495483702,7.70869858953,7.72314216160076,7.75697956689211,7.78308427709748,7.82398374414664,7.82696331552922,7.84936653601962,7.87131594706028,7.88185774008311,7.90340007744446,7.92298175730601,7.94766885881895,7.98312837456097,7.99976386861536,8.03386720345423,8.05063094396937,8.06537898680889,8.10160820918956,8.11431626629108,8.14707671681833,8.16040932705851,8.1654718536645,8.22241525721937,8.25524125891766,8.2736554059684,8.31887726691011,8.32573994717453,8.34547231262008,8.38133796590527,8.39719979721869,8.40223328906728,8.42473423008914,8.4525834900877,8.46739965344237,8.50815486337975,8.5156963280317,8.54542456554367,8.57142065873269,8.61783023019026,8.63078143004146,8.65503811525367,8.66983153166557,8.69718937462072,8.71233649869307,8.74210858033418,8.77465711878502,8.79184519860438,8.80006724915849,8.85097839500332,8.86715282408479,8.8758121761294,8.90479254578427,8.93097160043673,8.97968438843942,8.98631502211627,9.03102633913003,9.07542909486309,9.1069744560815,9.13078524047527,9.13623154818306,9.16600537224964,9.20612195332597,9.24856628120536,9.25610195398702,9.27060378055291,9.3223026828157,9.33971580150624,9.36922292466136,9.38479631874477,9.42252390609834,9.45867055461169,9.4948017459561,9.53701655828042,9.55807076088031,9.60664290207225,9.60905088999418,9.63274730380689,9.64833891229355,9.6921951310204,9.73759308462251,9.75026935532456,9.77666643570398,9.81278581298854,9.83484987964401,9.875304598469,9.92376575326296,9.9470780532896,9.99701037910316,10.0219689821499,10.042193322183,10.0607400872856,10.090876870646,10.1054271668226,10.1236204092395,10.1769573400807,10.1958791586242,10.1971292512849,10.2668251683732,10.2942109703653,10.3208395919839,10.3768435982542,10.3806510467149,10.3953940315291,10.4396226687144,10.4758845305092,10.5124086462502,10.5386887985685,10.5515973831018,10.5806944392958,10.6072940440976,10.6824610658283,10.6861685879908,10.7679642377461,10.8108030382508,10.8725537834739,10.8788767394813,10.9374331138043,10.9640102470097,10.9988780285774,11.0607472527685,11.0961978280282,11.126017328074,11.1592607769904,11.1970641796107,11.2079161982873,11.2531684656732,11.2566843917519,11.2780638892304,11.3303068214695,11.3842620720794,11.4519913996784,11.4608391946451,11.5076814907196,11.5351590672528,11.5747815941252,11.6097957608906,11.6426595182712,11.6891352510665,11.7604841571152,11.7839245663385,11.8054962013484,11.8486628096274,11.8553466919728,11.8888087479394,11.9575496307589,12.0001521901937,12.0369019195052,12.0936871840707,12.1187583350233,12.1393617381905,12.1746191813929,12.2137348776078,12.2480193513813,12.2833142202004,12.3246667970753,12.3509243568987,12.3792045632772,12.3972310343015,12.4521177665615,12.5064303626981,12.5351045293523,12.633056239033,12.6728379028641,12.704561104572,12.7409101716452,12.7875184898727,12.819760093825,12.860925257321,12.9030416799529,12.963575452734,12.9790375994654,13.0137098141439,13.0419045269008,13.0449993712862,13.1060980180607,13.1542357783843,13.220801530761,13.2286585274127,13.2706589650176,13.3287232809534,13.3585195832084,13.4286719786187,13.4300308280971,13.4537729459773,13.5417472909525,13.5805949903616,13.6112940690389,13.6472966299677,13.6705605279824,13.7070696928934,13.7603926271192,13.7822014676854,13.83550944758,13.870393511877,13.9056484520894,13.9578821660822,14.0364868351662,14.0924476287564,14.0969850476634,14.1974101695643,14.2231179106727,14.2580713738642,14.2634002852668,14.3106104165707,14.4178230370699,14.4711158067136,14.490202350766,14.5049541795345,14.623753130155,14.6802482886376,14.7026341601682,14.7310926800375,14.7952956872294,14.8308024757058,14.9067614323246,14.9955090249739,15.0795238499374,15.1012779771828,15.2400404571632,15.2593534802863,15.2720675662998,15.415486970991,15.4591877728185,15.4654896171155,15.507490391595,15.5627816825369,15.6641527070045,15.7698983919517,15.859336286152,15.8956548159955,16.0163455209512,16.1049094584591,16.1977427813829,16.2538590458203,16.2887242839069,16.4622007021227,16.5856541062557,16.5905192988418,16.6874947221456,16.7602155114631,16.871610722046,16.9329595697149,17.0968471827146,17.1687748612923,17.3643352400024,17.4671033680651,17.6644079447071,17.9950836664016,18.083072978516,18.1999726062144,18.3466661039135,18.4268203283762,18.6314543480122,18.7638217454663,18.9771936447785,19.2057582847402,19.2188806641489,19.4633315156991,19.7174257419707,20.0672747331356,20.1576001663665,20.2732365554745,20.6519411865262,21.239052577227,21.5503353254903,23.3876781334206,NA,NA,NA,NA,NA,NA,NA,NA,NA,NA,NA,NA,NA,NA,NA,NA,NA,NA,NA,NA,NA
0.472489482613623,0.579831210371285,0.700341045656206,0.839058485473357,0.857494070213838,1.13111465962637,1.28156640413834,1.40475866037197,1.48492708277975,1.55528093907134,1.6514622272691,1.71674384879274,1.79398942705963,1.85608334085181,1.94311883223505,1.98027409728403,2.08633698492348,2.11931211984714,2.229520344585,2.41183742426706,2.49740715620483,2.54539404841034,2.60334711472929,2.67670935115817,2.70146833832491,2.77964563057446,2.85528933353209,2.90603843540365,3.00271044386917,3.02082959927884,3.06170374764461,3.09084855733084,3.10604069116653,3.2096715170197,3.30163575298118,3.36733487849748,3.38070643763045,3.41521175935387,3.50706517079242,3.53411967100456,3.5892034101823,3.61184238747595,3.67257162255334,3.72519634191588,3.77203687911401,3.80494560683752,3.80922255703858,3.85443984318518,3.92360379231204,3.92921105637524,3.98381372853316,4.07766335036078,4.10959604637138,4.16523193603534,4.20749059920329,4.25555347595785,4.27407990901703,4.29824732062843,4.33246951166965,4.36680158297168,4.40058585291938,4.48490922088096,4.52994802072645,4.55498082284098,4.585799667773,4.63803520152092,4.65723242956635,4.72748902486904,4.78132474461056,4.80479431805477,4.82763341262319,4.87101880552519,4.92974657951167,4.94256923624167,4.98305498863443,5.00227781507646,5.04198470800746,5.08340640740613,5.08763359633629,5.1402158544331,5.15465789098019,5.16745295914717,5.1907198840157,5.21722711567506,5.2499454755651,5.29390919211131,5.3102573146039,5.33944239745344,5.36841511990573,5.40903947253325,5.42518157798016,5.48358084144911,5.51118174471625,5.56604905457172,5.57700215328854,5.61010526832292,5.65555594848833,5.68319848420297,5.70133782888684,5.7234170463669,5.75905286583235,5.76975148026467,5.83320178248193,5.85204899798733,5.87642298292147,5.88852673265137,5.9171965197122,5.946461122725,5.97571303469803,6.00583075287767,6.03737057179768,6.05916627728231,6.07327452264892,6.0976845968378,6.12662943718849,6.13151860975809,6.18677531275779,6.22791655789123,6.24052463757272,6.25735114393292,6.30315421893292,6.33328033361386,6.34771018828682,6.36149385154658,6.38116826574615,6.42223629480568,6.42567886636772,6.45605419868089,6.47076321578163,6.48880071897049,6.51412030618812,6.55764736136776,6.57251647562401,6.61541929361301,6.64824409706225,6.69961964746852,6.71643203053289,6.74015399244251,6.77496548266969,6.81017635213513,6.82155370996546,6.83285622554386,6.86768803799238,6.87299196376936,6.91268812049401,6.91660056915107,6.94214136274252,6.96662882492658,6.99845499269425,7.00381651399237,7.01835478533735,7.04207399489091,7.05110242969833,7.07085252295806,7.11262983128193,7.16304636077959,7.18413200895551,7.18923269309516,7.19818616371594,7.22095636163511,7.25104022079218,7.2836227596167,7.28988193818217,7.31764474371685,7.33834071710717,7.34854492638407,7.35439466579152,7.41190447394506,7.43365872354983,7.45102613475425,7.45511963575676,7.47647947117189,7.50196362811507,7.53177923846088,7.54876283857953,7.55859340457279,7.58779065407477,7.62786914772643,7.63846575578254,7.67867803399551,7.68551495483702,7.70869858953,7.72314216160076,7.75697956689211,7.78308427709748,7.82398374414664,7.82696331552922,7.84936653601962,7.87131594706028,7.88185774008311,7.90340007744446,7.92298175730601,7.94766885881895,7.98312837456097,7.99976386861536,8.03386720345423,8.05063094396937,8.06537898680889,8.10160820918956,8.11431626629108,8.14707671681833,8.16040932705851,8.1654718536645,8.22241525721937,8.25524125891766,8.2736554059684,8.31887726691011,8.32573994717453,8.34547231262008,8.38133796590527,8.39719979721869,8.40223328906728,8.42473423008914,8.4525834900877,8.46739965344237,8.50815486337975,8.5156963280317,8.54542456554367,8.57142065873269,8.61783023019026,8.63078143004146,8.65503811525367,8.66983153166557,8.69718937462072,8.71233649869307,8.74210858033418,8.77465711878502,8.79184519860438,8.80006724915849,8.85097839500332,8.86715282408479,8.8758121761294,8.90479254578427,8.93097160043673,8.97968438843942,8.98631502211627,9.03102633913003,9.07542909486309,9.1069744560815,9.13078524047527,9.13623154818306,9.16600537224964,9.20612195332597,9.24856628120536,9.25610195398702,9.27060378055291,9.3223026828157,9.33971580150624,9.36922292466136,9.38479631874477,9.42252390609834,9.45867055461169,9.4948017459561,9.53701655828042,9.55807076088031,9.60664290207225,9.60905088999418,9.63274730380689,9.64833891229355,9.6921951310204,9.73759308462251,9.75026935532456,9.77666643570398,9.81278581298854,9.83484987964401,9.875304598469,9.92376575326296,9.9470780532896,9.99701037910316,10.0219689821499,10.042193322183,10.0607400872856,10.090876870646,10.1054271668226,10.1236204092395,10.1769573400807,10.1958791586242,10.1971292512849,10.2668251683732,10.2942109703653,10.3208395919839,10.3768435982542,10.3806510467149,10.3953940315291,10.4396226687144,10.4758845305092,10.5124086462502,10.5386887985685,10.5515973831018,10.5806944392958,10.6072940440976,10.6824610658283,10.6861685879908,10.7679642377461,10.8108030382508,10.8725537834739,10.8788767394813,10.9374331138043,10.9640102470097,10.9988780285774,11.0607472527685,11.0961978280282,11.126017328074,11.1592607769904,11.1970641796107,11.2079161982873,11.2531684656732,11.2566843917519,11.2780638892304,11.3303068214695,11.3842620720794,11.4519913996784,11.4608391946451,11.5076814907196,11.5351590672528,11.5747815941252,11.6097957608906,11.6426595182712,11.6891352510665,11.7604841571152,11.7839245663385,11.8054962013484,11.8486628096274,11.8553466919728,11.8888087479394,11.9575496307589,12.0001521901937,12.0369019195052,12.0936871840707,12.1187583350233,12.1393617381905,12.1746191813929,12.2137348776078,12.2480193513813,12.2833142202004,12.3246667970753,12.3509243568987,12.3792045632772,12.3972310343015,12.4521177665615,12.5064303626981,12.5351045293523,12.633056239033,12.6728379028641,12.704561104572,12.7409101716452,12.7875184898727,12.819760093825,12.860925257321,12.9030416799529,12.963575452734,12.9790375994654,13.0137098141439,13.0419045269008,13.0449993712862,13.1060980180607,13.1542357783843,13.220801530761,13.2286585274127,13.2706589650176,13.3287232809534,13.3585195832084,13.4286719786187,13.4300308280971,13.4537729459773,13.5417472909525,13.5805949903616,13.6112940690389,13.6472966299677,13.6705605279824,13.7070696928934,13.7603926271192,13.7822014676854,13.83550944758,13.870393511877,13.9056484520894,13.9578821660822,14.0364868351662,14.0924476287564,14.0969850476634,14.1974101695643,14.2231179106727,14.2580713738642,14.2634002852668,14.3106104165707,14.4178230370699,14.4711158067136,14.490202350766,14.5049541795345,14.623753130155,14.6802482886376,14.7026341601682,14.7310926800375,14.7952956872294,14.8308024757058,14.9067614323246,14.9955090249739,15.0795238499374,15.1012779771828,15.2400404571632,15.2593534802863,15.2720675662998,15.415486970991,15.4591877728185,15.4654896171155,15.507490391595,15.5627816825369,15.6641527070045,15.7698983919517,15.859336286152,15.8956548159955,16.0163455209512,16.1049094584591,16.1977427813829,16.2538590458203,16.2887242839069,16.4622007021227,16.5856541062557,16.5905192988418,16.6874947221456,16.7602155114631,16.871610722046,16.9329595697149,17.0968471827146,17.1687748612923,17.3643352400024,17.4671033680651,17.6644079447071,17.9950836664016,18.083072978516,18.1999726062144,18.3466661039135,18.4268203283762,18.6314543480122,18.7638217454663,18.9771936447785,19.2057582847402,19.2188806641489,19.4633315156991,19.7174257419707,20.0672747331356,20.1576001663665,20.2732365554745,20.6519411865262,21.239052577227,21.5503353254903,23.3876781334206,NA,NA,NA,NA,NA,NA,NA,NA,NA,NA,NA,NA,NA,NA,NA,NA,NA,NA,NA,NA,NA
0.472489482613623,0.579831210371285,0.700341045656206,0.839058485473357,0.857494070213838,1.13111465962637,1.28156640413834,1.40475866037197,1.48492708277975,1.55528093907134,1.6514622272691,1.71674384879274,1.79398942705963,1.85608334085181,1.94311883223505,1.98027409728403,2.08633698492348,2.11931211984714,2.229520344585,2.41183742426706,2.49740715620483,2.54539404841034,2.60334711472929,2.67670935115817,2.70146833832491,2.77964563057446,2.85528933353209,2.90603843540365,3.00271044386917,3.02082959927884,3.06170374764461,3.09084855733084,3.10604069116653,3.2096715170197,3.30163575298118,3.36733487849748,3.38070643763045,3.41521175935387,3.50706517079242,3.53411967100456,3.5892034101823,3.61184238747595,3.67257162255334,3.72519634191588,3.77203687911401,3.80494560683752,3.80922255703858,3.85443984318518,3.92360379231204,3.92921105637524,3.98381372853316,4.07766335036078,4.10959604637138,4.16523193603534,4.20749059920329,4.25555347595785,4.27407990901703,4.29824732062843,4.33246951166965,4.36680158297168,4.40058585291938,4.48490922088096,4.52994802072645,4.55498082284098,4.585799667773,4.63803520152092,4.65723242956635,4.72748902486904,4.78132474461056,4.80479431805477,4.82763341262319,4.87101880552519,4.92974657951167,4.94256923624167,4.98305498863443,5.00227781507646,5.04198470800746,5.08340640740613,5.08763359633629,5.1402158544331,5.15465789098019,5.16745295914717,5.1907198840157,5.21722711567506,5.2499454755651,5.29390919211131,5.3102573146039,5.33944239745344,5.36841511990573,5.40903947253325,5.42518157798016,5.48358084144911,5.51118174471625,5.56604905457172,5.57700215328854,5.61010526832292,5.65555594848833,5.68319848420297,5.70133782888684,5.7234170463669,5.75905286583235,5.76975148026467,5.83320178248193,5.85204899798733,5.87642298292147,5.88852673265137,5.9171965197122,5.946461122725,5.97571303469803,6.00583075287767,6.03737057179768,6.05916627728231,6.07327452264892,6.0976845968378,6.12662943718849,6.13151860975809,6.18677531275779,6.22791655789123,6.24052463757272,6.25735114393292,6.30315421893292,6.33328033361386,6.34771018828682,6.36149385154658,6.38116826574615,6.42223629480568,6.42567886636772,6.45605419868089,6.47076321578163,6.48880071897049,6.51412030618812,6.55764736136776,6.57251647562401,6.61541929361301,6.64824409706225,6.69961964746852,6.71643203053289,6.74015399244251,6.77496548266969,6.81017635213513,6.82155370996546,6.83285622554386,6.86768803799238,6.87299196376936,6.91268812049401,6.91660056915107,6.94214136274252,6.96662882492658,6.99845499269425,7.00381651399237,7.01835478533735,7.04207399489091,7.05110242969833,7.07085252295806,7.11262983128193,7.16304636077959,7.18413200895551,7.18923269309516,7.19818616371594,7.22095636163511,7.25104022079218,7.2836227596167,7.28988193818217,7.31764474371685,7.33834071710717,7.34854492638407,7.35439466579152,7.41190447394506,7.43365872354983,7.45102613475425,7.45511963575676,7.47647947117189,7.50196362811507,7.53177923846088,7.54876283857953,7.55859340457279,7.58779065407477,7.62786914772643,7.63846575578254,7.67867803399551,7.68551495483702,7.70869858953,7.72314216160076,7.75697956689211,7.78308427709748,7.82398374414664,7.82696331552922,7.84936653601962,7.87131594706028,7.88185774008311,7.90340007744446,7.92298175730601,7.94766885881895,7.98312837456097,7.99976386861536,8.03386720345423,8.05063094396937,8.06537898680889,8.10160820918956,8.11431626629108,8.14707671681833,8.16040932705851,8.1654718536645,8.22241525721937,8.25524125891766,8.2736554059684,8.31887726691011,8.32573994717453,8.34547231262008,8.38133796590527,8.39719979721869,8.40223328906728,8.42473423008914,8.4525834900877,8.46739965344237,8.50815486337975,8.5156963280317,8.54542456554367,8.57142065873269,8.61783023019026,8.63078143004146,8.65503811525367,8.66983153166557,8.69718937462072,8.71233649869307,8.74210858033418,8.77465711878502,8.79184519860438,8.80006724915849,8.85097839500332,8.86715282408479,8.8758121761294,8.90479254578427,8.93097160043673,8.97968438843942,8.98631502211627,9.03102633913003,9.07542909486309,9.1069744560815,9.13078524047527,9.13623154818306,9.16600537224964,9.20612195332597,9.24856628120536,9.25610195398702,9.27060378055291,9.3223026828157,9.33971580150624,9.36922292466136,9.38479631874477,9.42252390609834,9.45867055461169,9.4948017459561,9.53701655828042,9.55807076088031,9.60664290207225,9.60905088999418,9.63274730380689,9.64833891229355,9.6921951310204,9.73759308462251,9.75026935532456,9.77666643570398,9.81278581298854,9.83484987964401,9.875304598469,9.92376575326296,9.9470780532896,9.99701037910316,10.0219689821499,10.042193322183,10.0607400872856,10.090876870646,10.1054271668226,10.1236204092395,10.1769573400807,10.1958791586242,10.1971292512849,10.2668251683732,10.2942109703653,10.3208395919839,10.3768435982542,10.3806510467149,10.3953940315291,10.4396226687144,10.4758845305092,10.5124086462502,10.5386887985685,10.5515973831018,10.5806944392958,10.6072940440976,10.6824610658283,10.6861685879908,10.7679642377461,10.8108030382508,10.8725537834739,10.8788767394813,10.9374331138043,10.9640102470097,10.9988780285774,11.0607472527685,11.0961978280282,11.126017328074,11.1592607769904,11.1970641796107,11.2079161982873,11.2531684656732,11.2566843917519,11.2780638892304,11.3303068214695,11.3842620720794,11.4519913996784,11.4608391946451,11.5076814907196,11.5351590672528,11.5747815941252,11.6097957608906,11.6426595182712,11.6891352510665,11.7604841571152,11.7839245663385,11.8054962013484,11.8486628096274,11.8553466919728,11.8888087479394,11.9575496307589,12.0001521901937,12.0369019195052,12.0936871840707,12.1187583350233,12.1393617381905,12.1746191813929,12.2137348776078,12.2480193513813,12.2833142202004,12.3246667970753,12.3509243568987,12.3792045632772,12.3972310343015,12.4521177665615,12.5064303626981,12.5351045293523,12.633056239033,12.6728379028641,12.704561104572,12.7409101716452,12.7875184898727,12.819760093825,12.860925257321,12.9030416799529,12.963575452734,12.9790375994654,13.0137098141439,13.0419045269008,13.0449993712862,13.1060980180607,13.1542357783843,13.220801530761,13.2286585274127,13.2706589650176,13.3287232809534,13.3585195832084,13.4286719786187,13.4300308280971,13.4537729459773,13.5417472909525,13.5805949903616,13.6112940690389,13.6472966299677,13.6705605279824,13.7070696928934,13.7603926271192,13.7822014676854,13.83550944758,13.870393511877,13.9056484520894,13.9578821660822,14.0364868351662,14.0924476287564,14.0969850476634,14.1974101695643,14.2231179106727,14.2580713738642,14.2634002852668,14.3106104165707,14.4178230370699,14.4711158067136,14.490202350766,14.5049541795345,14.623753130155,14.6802482886376,14.7026341601682,14.7310926800375,14.7952956872294,14.8308024757058,14.9067614323246,14.9955090249739,15.0795238499374,15.1012779771828,15.2400404571632,15.2593534802863,15.2720675662998,15.415486970991,15.4591877728185,15.4654896171155,15.507490391595,15.5627816825369,15.6641527070045,15.7698983919517,15.859336286152,15.8956548159955,16.0163455209512,16.1049094584591,16.1977427813829,16.2538590458203,16.2887242839069,16.4622007021227,16.5856541062557,16.5905192988418,16.6874947221456,16.7602155114631,16.871610722046,16.9329595697149,17.0968471827146,17.1687748612923,17.3643352400024,17.4671033680651,17.6644079447071,17.9950836664016,18.083072978516,18.1999726062144,18.3466661039135,18.4268203283762,18.6314543480122,18.7638217454663,18.9771936447785,19.2057582847402,19.2188806641489,19.4633315156991,19.7174257419707,20.0672747331356,20.1576001663665,20.2732365554745,20.6519411865262,21.239052577227,21.5503353254903,23.3876781334206,NA,NA,NA,NA,NA,NA,NA,NA,NA,NA,NA,NA,NA,NA,NA,NA,NA,NA,NA,NA,NA
0.472489482613623,0.579831210371285,0.700341045656206,0.839058485473357,0.857494070213838,1.13111465962637,1.28156640413834,1.40475866037197,1.48492708277975,1.55528093907134,1.6514622272691,1.71674384879274,1.79398942705963,1.85608334085181,1.94311883223505,1.98027409728403,2.08633698492348,2.11931211984714,2.229520344585,2.41183742426706,2.49740715620483,2.54539404841034,2.60334711472929,2.67670935115817,2.70146833832491,2.77964563057446,2.85528933353209,2.90603843540365,3.00271044386917,3.02082959927884,3.06170374764461,3.09084855733084,3.10604069116653,3.2096715170197,3.30163575298118,3.36733487849748,3.38070643763045,3.41521175935387,3.50706517079242,3.53411967100456,3.5892034101823,3.61184238747595,3.67257162255334,3.72519634191588,3.77203687911401,3.80494560683752,3.80922255703858,3.85443984318518,3.92360379231204,3.92921105637524,3.98381372853316,4.07766335036078,4.10959604637138,4.16523193603534,4.20749059920329,4.25555347595785,4.27407990901703,4.29824732062843,4.33246951166965,4.36680158297168,4.40058585291938,4.48490922088096,4.52994802072645,4.55498082284098,4.585799667773,4.63803520152092,4.65723242956635,4.72748902486904,4.78132474461056,4.80479431805477,4.82763341262319,4.87101880552519,4.92974657951167,4.94256923624167,4.98305498863443,5.00227781507646,5.04198470800746,5.08340640740613,5.08763359633629,5.1402158544331,5.15465789098019,5.16745295914717,5.1907198840157,5.21722711567506,5.2499454755651,5.29390919211131,5.3102573146039,5.33944239745344,5.36841511990573,5.40903947253325,5.42518157798016,5.48358084144911,5.51118174471625,5.56604905457172,5.57700215328854,5.61010526832292,5.65555594848833,5.68319848420297,5.70133782888684,5.7234170463669,5.75905286583235,5.76975148026467,5.83320178248193,5.85204899798733,5.87642298292147,5.88852673265137,5.9171965197122,5.946461122725,5.97571303469803,6.00583075287767,6.03737057179768,6.05916627728231,6.07327452264892,6.0976845968378,6.12662943718849,6.13151860975809,6.18677531275779,6.22791655789123,6.24052463757272,6.25735114393292,6.30315421893292,6.33328033361386,6.34771018828682,6.36149385154658,6.38116826574615,6.42223629480568,6.42567886636772,6.45605419868089,6.47076321578163,6.48880071897049,6.51412030618812,6.55764736136776,6.57251647562401,6.61541929361301,6.64824409706225,6.69961964746852,6.71643203053289,6.74015399244251,6.77496548266969,6.81017635213513,6.82155370996546,6.83285622554386,6.86768803799238,6.87299196376936,6.91268812049401,6.91660056915107,6.94214136274252,6.96662882492658,6.99845499269425,7.00381651399237,7.01835478533735,7.04207399489091,7.05110242969833,7.07085252295806,7.11262983128193,7.16304636077959,7.18413200895551,7.18923269309516,7.19818616371594,7.22095636163511,7.25104022079218,7.2836227596167,7.28988193818217,7.31764474371685,7.33834071710717,7.34854492638407,7.35439466579152,7.41190447394506,7.43365872354983,7.45102613475425,7.45511963575676,7.47647947117189,7.50196362811507,7.53177923846088,7.54876283857953,7.55859340457279,7.58779065407477,7.62786914772643,7.63846575578254,7.67867803399551,7.68551495483702,7.70869858953,7.72314216160076,7.75697956689211,7.78308427709748,7.82398374414664,7.82696331552922,7.84936653601962,7.87131594706028,7.88185774008311,7.90340007744446,7.92298175730601,7.94766885881895,7.98312837456097,7.99976386861536,8.03386720345423,8.05063094396937,8.06537898680889,8.10160820918956,8.11431626629108,8.14707671681833,8.16040932705851,8.1654718536645,8.22241525721937,8.25524125891766,8.2736554059684,8.31887726691011,8.32573994717453,8.34547231262008,8.38133796590527,8.39719979721869,8.40223328906728,8.42473423008914,8.4525834900877,8.46739965344237,8.50815486337975,8.5156963280317,8.54542456554367,8.57142065873269,8.61783023019026,8.63078143004146,8.65503811525367,8.66983153166557,8.69718937462072,8.71233649869307,8.74210858033418,8.77465711878502,8.79184519860438,8.80006724915849,8.85097839500332,8.86715282408479,8.8758121761294,8.90479254578427,8.93097160043673,8.97968438843942,8.98631502211627,9.03102633913003,9.07542909486309,9.1069744560815,9.13078524047527,9.13623154818306,9.16600537224964,9.20612195332597,9.24856628120536,9.25610195398702,9.27060378055291,9.3223026828157,9.33971580150624,9.36922292466136,9.38479631874477,9.42252390609834,9.45867055461169,9.4948017459561,9.53701655828042,9.55807076088031,9.60664290207225,9.60905088999418,9.63274730380689,9.64833891229355,9.6921951310204,9.73759308462251,9.75026935532456,9.77666643570398,9.81278581298854,9.83484987964401,9.875304598469,9.92376575326296,9.9470780532896,9.99701037910316,10.0219689821499,10.042193322183,10.0607400872856,10.090876870646,10.1054271668226,10.1236204092395,10.1769573400807,10.1958791586242,10.1971292512849,10.2668251683732,10.2942109703653,10.3208395919839,10.3768435982542,10.3806510467149,10.3953940315291,10.4396226687144,10.4758845305092,10.5124086462502,10.5386887985685,10.5515973831018,10.5806944392958,10.6072940440976,10.6824610658283,10.6861685879908,10.7679642377461,10.8108030382508,10.8725537834739,10.8788767394813,10.9374331138043,10.9640102470097,10.9988780285774,11.0607472527685,11.0961978280282,11.126017328074,11.1592607769904,11.1970641796107,11.2079161982873,11.2531684656732,11.2566843917519,11.2780638892304,11.3303068214695,11.3842620720794,11.4519913996784,11.4608391946451,11.5076814907196,11.5351590672528,11.5747815941252,11.6097957608906,11.6426595182712,11.6891352510665,11.7604841571152,11.7839245663385,11.8054962013484,11.8486628096274,11.8553466919728,11.8888087479394,11.9575496307589,12.0001521901937,12.0369019195052,12.0936871840707,12.1187583350233,12.1393617381905,12.1746191813929,12.2137348776078,12.2480193513813,12.2833142202004,12.3246667970753,12.3509243568987,12.3792045632772,12.3972310343015,12.4521177665615,12.5064303626981,12.5351045293523,12.633056239033,12.6728379028641,12.704561104572,12.7409101716452,12.7875184898727,12.819760093825,12.860925257321,12.9030416799529,12.963575452734,12.9790375994654,13.0137098141439,13.0419045269008,13.0449993712862,13.1060980180607,13.1542357783843,13.220801530761,13.2286585274127,13.2706589650176,13.3287232809534,13.3585195832084,13.4286719786187,13.4300308280971,13.4537729459773,13.5417472909525,13.5805949903616,13.6112940690389,13.6472966299677,13.6705605279824,13.7070696928934,13.7603926271192,13.7822014676854,13.83550944758,13.870393511877,13.9056484520894,13.9578821660822,14.0364868351662,14.0924476287564,14.0969850476634,14.1974101695643,14.2231179106727,14.2580713738642,14.2634002852668,14.3106104165707,14.4178230370699,14.4711158067136,14.490202350766,14.5049541795345,14.623753130155,14.6802482886376,14.7026341601682,14.7310926800375,14.7952956872294,14.8308024757058,14.9067614323246,14.9955090249739,15.0795238499374,15.1012779771828,15.2400404571632,15.2593534802863,15.2720675662998,15.415486970991,15.4591877728185,15.4654896171155,15.507490391595,15.5627816825369,15.6641527070045,15.7698983919517,15.859336286152,15.8956548159955,16.0163455209512,16.1049094584591,16.1977427813829,16.2538590458203,16.2887242839069,16.4622007021227,16.5856541062557,16.5905192988418,16.6874947221456,16.7602155114631,16.871610722046,16.9329595697149,17.0968471827146,17.1687748612923,17.3643352400024,17.4671033680651,17.6644079447071,17.9950836664016,18.083072978516,18.1999726062144,18.3466661039135,18.4268203283762,18.6314543480122,18.7638217454663,18.9771936447785,19.2057582847402,19.2188806641489,19.4633315156991,19.7174257419707,20.0672747331356,20.1576001663665,20.2732365554745,20.6519411865262,21.239052577227,21.5503353254903,23.3876781334206,NA,NA,NA,NA,NA,NA,NA,NA,NA,NA,NA,NA,NA,NA,NA,NA,NA,NA,NA,NA,NA
0.472489482613623,0.579831210371285,0.700341045656206,0.839058485473357,0.857494070213838,1.13111465962637,1.28156640413834,1.40475866037197,1.48492708277975,1.55528093907134,1.6514622272691,1.71674384879274,1.79398942705963,1.85608334085181,1.94311883223505,1.98027409728403,2.08633698492348,2.11931211984714,2.229520344585,2.41183742426706,2.49740715620483,2.54539404841034,2.60334711472929,2.67670935115817,2.70146833832491,2.77964563057446,2.85528933353209,2.90603843540365,3.00271044386917,3.02082959927884,3.06170374764461,3.09084855733084,3.10604069116653,3.2096715170197,3.30163575298118,3.36733487849748,3.38070643763045,3.41521175935387,3.50706517079242,3.53411967100456,3.5892034101823,3.61184238747595,3.67257162255334,3.72519634191588,3.77203687911401,3.80494560683752,3.80922255703858,3.85443984318518,3.92360379231204,3.92921105637524,3.98381372853316,4.07766335036078,4.10959604637138,4.16523193603534,4.20749059920329,4.25555347595785,4.27407990901703,4.29824732062843,4.33246951166965,4.36680158297168,4.40058585291938,4.48490922088096,4.52994802072645,4.55498082284098,4.585799667773,4.63803520152092,4.65723242956635,4.72748902486904,4.78132474461056,4.80479431805477,4.82763341262319,4.87101880552519,4.92974657951167,4.94256923624167,4.98305498863443,5.00227781507646,5.04198470800746,5.08340640740613,5.08763359633629,5.1402158544331,5.15465789098019,5.16745295914717,5.1907198840157,5.21722711567506,5.2499454755651,5.29390919211131,5.3102573146039,5.33944239745344,5.36841511990573,5.40903947253325,5.42518157798016,5.48358084144911,5.51118174471625,5.56604905457172,5.57700215328854,5.61010526832292,5.65555594848833,5.68319848420297,5.70133782888684,5.7234170463669,5.75905286583235,5.76975148026467,5.83320178248193,5.85204899798733,5.87642298292147,5.88852673265137,5.9171965197122,5.946461122725,5.97571303469803,6.00583075287767,6.03737057179768,6.05916627728231,6.07327452264892,6.0976845968378,6.12662943718849,6.13151860975809,6.18677531275779,6.22791655789123,6.24052463757272,6.25735114393292,6.30315421893292,6.33328033361386,6.34771018828682,6.36149385154658,6.38116826574615,6.42223629480568,6.42567886636772,6.45605419868089,6.47076321578163,6.48880071897049,6.51412030618812,6.55764736136776,6.57251647562401,6.61541929361301,6.64824409706225,6.69961964746852,6.71643203053289,6.74015399244251,6.77496548266969,6.81017635213513,6.82155370996546,6.83285622554386,6.86768803799238,6.87299196376936,6.91268812049401,6.91660056915107,6.94214136274252,6.96662882492658,6.99845499269425,7.00381651399237,7.01835478533735,7.04207399489091,7.05110242969833,7.07085252295806,7.11262983128193,7.16304636077959,7.18413200895551,7.18923269309516,7.19818616371594,7.22095636163511,7.25104022079218,7.2836227596167,7.28988193818217,7.31764474371685,7.33834071710717,7.34854492638407,7.35439466579152,7.41190447394506,7.43365872354983,7.45102613475425,7.45511963575676,7.47647947117189,7.50196362811507,7.53177923846088,7.54876283857953,7.55859340457279,7.58779065407477,7.62786914772643,7.63846575578254,7.67867803399551,7.68551495483702,7.70869858953,7.72314216160076,7.75697956689211,7.78308427709748,7.82398374414664,7.82696331552922,7.84936653601962,7.87131594706028,7.88185774008311,7.90340007744446,7.92298175730601,7.94766885881895,7.98312837456097,7.99976386861536,8.03386720345423,8.05063094396937,8.06537898680889,8.10160820918956,8.11431626629108,8.14707671681833,8.16040932705851,8.1654718536645,8.22241525721937,8.25524125891766,8.2736554059684,8.31887726691011,8.32573994717453,8.34547231262008,8.38133796590527,8.39719979721869,8.40223328906728,8.42473423008914,8.4525834900877,8.46739965344237,8.50815486337975,8.5156963280317,8.54542456554367,8.57142065873269,8.61783023019026,8.63078143004146,8.65503811525367,8.66983153166557,8.69718937462072,8.71233649869307,8.74210858033418,8.77465711878502,8.79184519860438,8.80006724915849,8.85097839500332,8.86715282408479,8.8758121761294,8.90479254578427,8.93097160043673,8.97968438843942,8.98631502211627,9.03102633913003,9.07542909486309,9.1069744560815,9.13078524047527,9.13623154818306,9.16600537224964,9.20612195332597,9.24856628120536,9.25610195398702,9.27060378055291,9.3223026828157,9.33971580150624,9.36922292466136,9.38479631874477,9.42252390609834,9.45867055461169,9.4948017459561,9.53701655828042,9.55807076088031,9.60664290207225,9.60905088999418,9.63274730380689,9.64833891229355,9.6921951310204,9.73759308462251,9.75026935532456,9.77666643570398,9.81278581298854,9.83484987964401,9.875304598469,9.92376575326296,9.9470780532896,9.99701037910316,10.0219689821499,10.042193322183,10.0607400872856,10.090876870646,10.1054271668226,10.1236204092395,10.1769573400807,10.1958791586242,10.1971292512849,10.2668251683732,10.2942109703653,10.3208395919839,10.3768435982542,10.3806510467149,10.3953940315291,10.4396226687144,10.4758845305092,10.5124086462502,10.5386887985685,10.5515973831018,10.5806944392958,10.6072940440976,10.6824610658283,10.6861685879908,10.7679642377461,10.8108030382508,10.8725537834739,10.8788767394813,10.9374331138043,10.9640102470097,10.9988780285774,11.0607472527685,11.0961978280282,11.126017328074,11.1592607769904,11.1970641796107,11.2079161982873,11.2531684656732,11.2566843917519,11.2780638892304,11.3303068214695,11.3842620720794,11.4519913996784,11.4608391946451,11.5076814907196,11.5351590672528,11.5747815941252,11.6097957608906,11.6426595182712,11.6891352510665,11.7604841571152,11.7839245663385,11.8054962013484,11.8486628096274,11.8553466919728,11.8888087479394,11.9575496307589,12.0001521901937,12.0369019195052,12.0936871840707,12.1187583350233,12.1393617381905,12.1746191813929,12.2137348776078,12.2480193513813,12.2833142202004,12.3246667970753,12.3509243568987,12.3792045632772,12.3972310343015,12.4521177665615,12.5064303626981,12.5351045293523,12.633056239033,12.6728379028641,12.704561104572,12.7409101716452,12.7875184898727,12.819760093825,12.860925257321,12.9030416799529,12.963575452734,12.9790375994654,13.0137098141439,13.0419045269008,13.0449993712862,13.1060980180607,13.1542357783843,13.220801530761,13.2286585274127,13.2706589650176,13.3287232809534,13.3585195832084,13.4286719786187,13.4300308280971,13.4537729459773,13.5417472909525,13.5805949903616,13.6112940690389,13.6472966299677,13.6705605279824,13.7070696928934,13.7603926271192,13.7822014676854,13.83550944758,13.870393511877,13.9056484520894,13.9578821660822,14.0364868351662,14.0924476287564,14.0969850476634,14.1974101695643,14.2231179106727,14.2580713738642,14.2634002852668,14.3106104165707,14.4178230370699,14.4711158067136,14.490202350766,14.5049541795345,14.623753130155,14.6802482886376,14.7026341601682,14.7310926800375,14.7952956872294,14.8308024757058,14.9067614323246,14.9955090249739,15.0795238499374,15.1012779771828,15.2400404571632,15.2593534802863,15.2720675662998,15.415486970991,15.4591877728185,15.4654896171155,15.507490391595,15.5627816825369,15.6641527070045,15.7698983919517,15.859336286152,15.8956548159955,16.0163455209512,16.1049094584591,16.1977427813829,16.2538590458203,16.2887242839069,16.4622007021227,16.5856541062557,16.5905192988418,16.6874947221456,16.7602155114631,16.871610722046,16.9329595697149,17.0968471827146,17.1687748612923,17.3643352400024,17.4671033680651,17.6644079447071,17.9950836664016,18.083072978516,18.1999726062144,18.3466661039135,18.4268203283762,18.6314543480122,18.7638217454663,18.9771936447785,19.2057582847402,19.2188806641489,19.4633315156991,19.7174257419707,20.0672747331356,20.1576001663665,20.2732365554745,20.6519411865262,21.239052577227,21.5503353254903,23.3876781334206,NA,NA,NA,NA,NA,NA,NA,NA,NA,NA,NA,NA,NA,NA,NA,NA,NA,NA,NA,NA,NA
0.472489482613623,0.579831210371285,0.700341045656206,0.839058485473357,0.857494070213838,1.13111465962637,1.28156640413834,1.40475866037197,1.48492708277975,1.55528093907134,1.6514622272691,1.71674384879274,1.79398942705963,1.85608334085181,1.94311883223505,1.98027409728403,2.08633698492348,2.11931211984714,2.229520344585,2.41183742426706,2.49740715620483,2.54539404841034,2.60334711472929,2.67670935115817,2.70146833832491,2.77964563057446,2.85528933353209,2.90603843540365,3.00271044386917,3.02082959927884,3.06170374764461,3.09084855733084,3.10604069116653,3.2096715170197,3.30163575298118,3.36733487849748,3.38070643763045,3.41521175935387,3.50706517079242,3.53411967100456,3.5892034101823,3.61184238747595,3.67257162255334,3.72519634191588,3.77203687911401,3.80494560683752,3.80922255703858,3.85443984318518,3.92360379231204,3.92921105637524,3.98381372853316,4.07766335036078,4.10959604637138,4.16523193603534,4.20749059920329,4.25555347595785,4.27407990901703,4.29824732062843,4.33246951166965,4.36680158297168,4.40058585291938,4.48490922088096,4.52994802072645,4.55498082284098,4.585799667773,4.63803520152092,4.65723242956635,4.72748902486904,4.78132474461056,4.80479431805477,4.82763341262319,4.87101880552519,4.92974657951167,4.94256923624167,4.98305498863443,5.00227781507646,5.04198470800746,5.08340640740613,5.08763359633629,5.1402158544331,5.15465789098019,5.16745295914717,5.1907198840157,5.21722711567506,5.2499454755651,5.29390919211131,5.3102573146039,5.33944239745344,5.36841511990573,5.40903947253325,5.42518157798016,5.48358084144911,5.51118174471625,5.56604905457172,5.57700215328854,5.61010526832292,5.65555594848833,5.68319848420297,5.70133782888684,5.7234170463669,5.75905286583235,5.76975148026467,5.83320178248193,5.85204899798733,5.87642298292147,5.88852673265137,5.9171965197122,5.946461122725,5.97571303469803,6.00583075287767,6.03737057179768,6.05916627728231,6.07327452264892,6.0976845968378,6.12662943718849,6.13151860975809,6.18677531275779,6.22791655789123,6.24052463757272,6.25735114393292,6.30315421893292,6.33328033361386,6.34771018828682,6.36149385154658,6.38116826574615,6.42223629480568,6.42567886636772,6.45605419868089,6.47076321578163,6.48880071897049,6.51412030618812,6.55764736136776,6.57251647562401,6.61541929361301,6.64824409706225,6.69961964746852,6.71643203053289,6.74015399244251,6.77496548266969,6.81017635213513,6.82155370996546,6.83285622554386,6.86768803799238,6.87299196376936,6.91268812049401,6.91660056915107,6.94214136274252,6.96662882492658,6.99845499269425,7.00381651399237,7.01835478533735,7.04207399489091,7.05110242969833,7.07085252295806,7.11262983128193,7.16304636077959,7.18413200895551,7.18923269309516,7.19818616371594,7.22095636163511,7.25104022079218,7.2836227596167,7.28988193818217,7.31764474371685,7.33834071710717,7.34854492638407,7.35439466579152,7.41190447394506,7.43365872354983,7.45102613475425,7.45511963575676,7.47647947117189,7.50196362811507,7.53177923846088,7.54876283857953,7.55859340457279,7.58779065407477,7.62786914772643,7.63846575578254,7.67867803399551,7.68551495483702,7.70869858953,7.72314216160076,7.75697956689211,7.78308427709748,7.82398374414664,7.82696331552922,7.84936653601962,7.87131594706028,7.88185774008311,7.90340007744446,7.92298175730601,7.94766885881895,7.98312837456097,7.99976386861536,8.03386720345423,8.05063094396937,8.06537898680889,8.10160820918956,8.11431626629108,8.14707671681833,8.16040932705851,8.1654718536645,8.22241525721937,8.25524125891766,8.2736554059684,8.31887726691011,8.32573994717453,8.34547231262008,8.38133796590527,8.39719979721869,8.40223328906728,8.42473423008914,8.4525834900877,8.46739965344237,8.50815486337975,8.5156963280317,8.54542456554367,8.57142065873269,8.61783023019026,8.63078143004146,8.65503811525367,8.66983153166557,8.69718937462072,8.71233649869307,8.74210858033418,8.77465711878502,8.79184519860438,8.80006724915849,8.85097839500332,8.86715282408479,8.8758121761294,8.90479254578427,8.93097160043673,8.97968438843942,8.98631502211627,9.03102633913003,9.07542909486309,9.1069744560815,9.13078524047527,9.13623154818306,9.16600537224964,9.20612195332597,9.24856628120536,9.25610195398702,9.27060378055291,9.3223026828157,9.33971580150624,9.36922292466136,9.38479631874477,9.42252390609834,9.45867055461169,9.4948017459561,9.53701655828042,9.55807076088031,9.60664290207225,9.60905088999418,9.63274730380689,9.64833891229355,9.6921951310204,9.73759308462251,9.75026935532456,9.77666643570398,9.81278581298854,9.83484987964401,9.875304598469,9.92376575326296,9.9470780532896,9.99701037910316,10.0219689821499,10.042193322183,10.0607400872856,10.090876870646,10.1054271668226,10.1236204092395,10.1769573400807,10.1958791586242,10.1971292512849,10.2668251683732,10.2942109703653,10.3208395919839,10.3768435982542,10.3806510467149,10.3953940315291,10.4396226687144,10.4758845305092,10.5124086462502,10.5386887985685,10.5515973831018,10.5806944392958,10.6072940440976,10.6824610658283,10.6861685879908,10.7679642377461,10.8108030382508,10.8725537834739,10.8788767394813,10.9374331138043,10.9640102470097,10.9988780285774,11.0607472527685,11.0961978280282,11.126017328074,11.1592607769904,11.1970641796107,11.2079161982873,11.2531684656732,11.2566843917519,11.2780638892304,11.3303068214695,11.3842620720794,11.4519913996784,11.4608391946451,11.5076814907196,11.5351590672528,11.5747815941252,11.6097957608906,11.6426595182712,11.6891352510665,11.7604841571152,11.7839245663385,11.8054962013484,11.8486628096274,11.8553466919728,11.8888087479394,11.9575496307589,12.0001521901937,12.0369019195052,12.0936871840707,12.1187583350233,12.1393617381905,12.1746191813929,12.2137348776078,12.2480193513813,12.2833142202004,12.3246667970753,12.3509243568987,12.3792045632772,12.3972310343015,12.4521177665615,12.5064303626981,12.5351045293523,12.633056239033,12.6728379028641,12.704561104572,12.7409101716452,12.7875184898727,12.819760093825,12.860925257321,12.9030416799529,12.963575452734,12.9790375994654,13.0137098141439,13.0419045269008,13.0449993712862,13.1060980180607,13.1542357783843,13.220801530761,13.2286585274127,13.2706589650176,13.3287232809534,13.3585195832084,13.4286719786187,13.4300308280971,13.4537729459773,13.5417472909525,13.5805949903616,13.6112940690389,13.6472966299677,13.6705605279824,13.7070696928934,13.7603926271192,13.7822014676854,13.83550944758,13.870393511877,13.9056484520894,13.9578821660822,14.0364868351662,14.0924476287564,14.0969850476634,14.1974101695643,14.2231179106727,14.2580713738642,14.2634002852668,14.3106104165707,14.4178230370699,14.4711158067136,14.490202350766,14.5049541795345,14.623753130155,14.6802482886376,14.7026341601682,14.7310926800375,14.7952956872294,14.8308024757058,14.9067614323246,14.9955090249739,15.0795238499374,15.1012779771828,15.2400404571632,15.2593534802863,15.2720675662998,15.415486970991,15.4591877728185,15.4654896171155,15.507490391595,15.5627816825369,15.6641527070045,15.7698983919517,15.859336286152,15.8956548159955,16.0163455209512,16.1049094584591,16.1977427813829,16.2538590458203,16.2887242839069,16.4622007021227,16.5856541062557,16.5905192988418,16.6874947221456,16.7602155114631,16.871610722046,16.9329595697149,17.0968471827146,17.1687748612923,17.3643352400024,17.4671033680651,17.6644079447071,17.9950836664016,18.083072978516,18.1999726062144,18.3466661039135,18.4268203283762,18.6314543480122,18.7638217454663,18.9771936447785,19.2057582847402,19.2188806641489,19.4633315156991,19.7174257419707,20.0672747331356,20.1576001663665,20.2732365554745,20.6519411865262,21.239052577227,21.5503353254903,23.3876781334206,NA,NA,NA,NA,NA,NA,NA,NA,NA,NA,NA,NA,NA,NA,NA,NA,NA,NA,NA,NA,NA
0.472489482613623,0.579831210371285,0.700341045656206,0.839058485473357,0.857494070213838,1.13111465962637,1.28156640413834,1.40475866037197,1.48492708277975,1.55528093907134,1.6514622272691,1.71674384879274,1.79398942705963,1.85608334085181,1.94311883223505,1.98027409728403,2.08633698492348,2.11931211984714,2.229520344585,2.41183742426706,2.49740715620483,2.54539404841034,2.60334711472929,2.67670935115817,2.70146833832491,2.77964563057446,2.85528933353209,2.90603843540365,3.00271044386917,3.02082959927884,3.06170374764461,3.09084855733084,3.10604069116653,3.2096715170197,3.30163575298118,3.36733487849748,3.38070643763045,3.41521175935387,3.50706517079242,3.53411967100456,3.5892034101823,3.61184238747595,3.67257162255334,3.72519634191588,3.77203687911401,3.80494560683752,3.80922255703858,3.85443984318518,3.92360379231204,3.92921105637524,3.98381372853316,4.07766335036078,4.10959604637138,4.16523193603534,4.20749059920329,4.25555347595785,4.27407990901703,4.29824732062843,4.33246951166965,4.36680158297168,4.40058585291938,4.48490922088096,4.52994802072645,4.55498082284098,4.585799667773,4.63803520152092,4.65723242956635,4.72748902486904,4.78132474461056,4.80479431805477,4.82763341262319,4.87101880552519,4.92974657951167,4.94256923624167,4.98305498863443,5.00227781507646,5.04198470800746,5.08340640740613,5.08763359633629,5.1402158544331,5.15465789098019,5.16745295914717,5.1907198840157,5.21722711567506,5.2499454755651,5.29390919211131,5.3102573146039,5.33944239745344,5.36841511990573,5.40903947253325,5.42518157798016,5.48358084144911,5.51118174471625,5.56604905457172,5.57700215328854,5.61010526832292,5.65555594848833,5.68319848420297,5.70133782888684,5.7234170463669,5.75905286583235,5.76975148026467,5.83320178248193,5.85204899798733,5.87642298292147,5.88852673265137,5.9171965197122,5.946461122725,5.97571303469803,6.00583075287767,6.03737057179768,6.05916627728231,6.07327452264892,6.0976845968378,6.12662943718849,6.13151860975809,6.18677531275779,6.22791655789123,6.24052463757272,6.25735114393292,6.30315421893292,6.33328033361386,6.34771018828682,6.36149385154658,6.38116826574615,6.42223629480568,6.42567886636772,6.45605419868089,6.47076321578163,6.48880071897049,6.51412030618812,6.55764736136776,6.57251647562401,6.61541929361301,6.64824409706225,6.69961964746852,6.71643203053289,6.74015399244251,6.77496548266969,6.81017635213513,6.82155370996546,6.83285622554386,6.86768803799238,6.87299196376936,6.91268812049401,6.91660056915107,6.94214136274252,6.96662882492658,6.99845499269425,7.00381651399237,7.01835478533735,7.04207399489091,7.05110242969833,7.07085252295806,7.11262983128193,7.16304636077959,7.18413200895551,7.18923269309516,7.19818616371594,7.22095636163511,7.25104022079218,7.2836227596167,7.28988193818217,7.31764474371685,7.33834071710717,7.34854492638407,7.35439466579152,7.41190447394506,7.43365872354983,7.45102613475425,7.45511963575676,7.47647947117189,7.50196362811507,7.53177923846088,7.54876283857953,7.55859340457279,7.58779065407477,7.62786914772643,7.63846575578254,7.67867803399551,7.68551495483702,7.70869858953,7.72314216160076,7.75697956689211,7.78308427709748,7.82398374414664,7.82696331552922,7.84936653601962,7.87131594706028,7.88185774008311,7.90340007744446,7.92298175730601,7.94766885881895,7.98312837456097,7.99976386861536,8.03386720345423,8.05063094396937,8.06537898680889,8.10160820918956,8.11431626629108,8.14707671681833,8.16040932705851,8.1654718536645,8.22241525721937,8.25524125891766,8.2736554059684,8.31887726691011,8.32573994717453,8.34547231262008,8.38133796590527,8.39719979721869,8.40223328906728,8.42473423008914,8.4525834900877,8.46739965344237,8.50815486337975,8.5156963280317,8.54542456554367,8.57142065873269,8.61783023019026,8.63078143004146,8.65503811525367,8.66983153166557,8.69718937462072,8.71233649869307,8.74210858033418,8.77465711878502,8.79184519860438,8.80006724915849,8.85097839500332,8.86715282408479,8.8758121761294,8.90479254578427,8.93097160043673,8.97968438843942,8.98631502211627,9.03102633913003,9.07542909486309,9.1069744560815,9.13078524047527,9.13623154818306,9.16600537224964,9.20612195332597,9.24856628120536,9.25610195398702,9.27060378055291,9.3223026828157,9.33971580150624,9.36922292466136,9.38479631874477,9.42252390609834,9.45867055461169,9.4948017459561,9.53701655828042,9.55807076088031,9.60664290207225,9.60905088999418,9.63274730380689,9.64833891229355,9.6921951310204,9.73759308462251,9.75026935532456,9.77666643570398,9.81278581298854,9.83484987964401,9.875304598469,9.92376575326296,9.9470780532896,9.99701037910316,10.0219689821499,10.042193322183,10.0607400872856,10.090876870646,10.1054271668226,10.1236204092395,10.1769573400807,10.1958791586242,10.1971292512849,10.2668251683732,10.2942109703653,10.3208395919839,10.3768435982542,10.3806510467149,10.3953940315291,10.4396226687144,10.4758845305092,10.5124086462502,10.5386887985685,10.5515973831018,10.5806944392958,10.6072940440976,10.6824610658283,10.6861685879908,10.7679642377461,10.8108030382508,10.8725537834739,10.8788767394813,10.9374331138043,10.9640102470097,10.9988780285774,11.0607472527685,11.0961978280282,11.126017328074,11.1592607769904,11.1970641796107,11.2079161982873,11.2531684656732,11.2566843917519,11.2780638892304,11.3303068214695,11.3842620720794,11.4519913996784,11.4608391946451,11.5076814907196,11.5351590672528,11.5747815941252,11.6097957608906,11.6426595182712,11.6891352510665,11.7604841571152,11.7839245663385,11.8054962013484,11.8486628096274,11.8553466919728,11.8888087479394,11.9575496307589,12.0001521901937,12.0369019195052,12.0936871840707,12.1187583350233,12.1393617381905,12.1746191813929,12.2137348776078,12.2480193513813,12.2833142202004,12.3246667970753,12.3509243568987,12.3792045632772,12.3972310343015,12.4521177665615,12.5064303626981,12.5351045293523,12.633056239033,12.6728379028641,12.704561104572,12.7409101716452,12.7875184898727,12.819760093825,12.860925257321,12.9030416799529,12.963575452734,12.9790375994654,13.0137098141439,13.0419045269008,13.0449993712862,13.1060980180607,13.1542357783843,13.220801530761,13.2286585274127,13.2706589650176,13.3287232809534,13.3585195832084,13.4286719786187,13.4300308280971,13.4537729459773,13.5417472909525,13.5805949903616,13.6112940690389,13.6472966299677,13.6705605279824,13.7070696928934,13.7603926271192,13.7822014676854,13.83550944758,13.870393511877,13.9056484520894,13.9578821660822,14.0364868351662,14.0924476287564,14.0969850476634,14.1974101695643,14.2231179106727,14.2580713738642,14.2634002852668,14.3106104165707,14.4178230370699,14.4711158067136,14.490202350766,14.5049541795345,14.623753130155,14.6802482886376,14.7026341601682,14.7310926800375,14.7952956872294,14.8308024757058,14.9067614323246,14.9955090249739,15.0795238499374,15.1012779771828,15.2400404571632,15.2593534802863,15.2720675662998,15.415486970991,15.4591877728185,15.4654896171155,15.507490391595,15.5627816825369,15.6641527070045,15.7698983919517,15.859336286152,15.8956548159955,16.0163455209512,16.1049094584591,16.1977427813829,16.2538590458203,16.2887242839069,16.4622007021227,16.5856541062557,16.5905192988418,16.6874947221456,16.7602155114631,16.871610722046,16.9329595697149,17.0968471827146,17.1687748612923,17.3643352400024,17.4671033680651,17.6644079447071,17.9950836664016,18.083072978516,18.1999726062144,18.3466661039135,18.4268203283762,18.6314543480122,18.7638217454663,18.9771936447785,19.2057582847402,19.2188806641489,19.4633315156991,19.7174257419707,20.0672747331356,20.1576001663665,20.2732365554745,20.6519411865262,21.239052577227,21.5503353254903,23.3876781334206,NA,NA,NA,NA,NA,NA,NA,NA,NA,NA,NA,NA,NA,NA,NA,NA,NA,NA,NA,NA,NA
0.472489482613623,0.579831210371285,0.700341045656206,0.839058485473357,0.857494070213838,1.13111465962637,1.28156640413834,1.40475866037197,1.48492708277975,1.55528093907134,1.6514622272691,1.71674384879274,1.79398942705963,1.85608334085181,1.94311883223505,1.98027409728403,2.08633698492348,2.11931211984714,2.229520344585,2.41183742426706,2.49740715620483,2.54539404841034,2.60334711472929,2.67670935115817,2.70146833832491,2.77964563057446,2.85528933353209,2.90603843540365,3.00271044386917,3.02082959927884,3.06170374764461,3.09084855733084,3.10604069116653,3.2096715170197,3.30163575298118,3.36733487849748,3.38070643763045,3.41521175935387,3.50706517079242,3.53411967100456,3.5892034101823,3.61184238747595,3.67257162255334,3.72519634191588,3.77203687911401,3.80494560683752,3.80922255703858,3.85443984318518,3.92360379231204,3.92921105637524,3.98381372853316,4.07766335036078,4.10959604637138,4.16523193603534,4.20749059920329,4.25555347595785,4.27407990901703,4.29824732062843,4.33246951166965,4.36680158297168,4.40058585291938,4.48490922088096,4.52994802072645,4.55498082284098,4.585799667773,4.63803520152092,4.65723242956635,4.72748902486904,4.78132474461056,4.80479431805477,4.82763341262319,4.87101880552519,4.92974657951167,4.94256923624167,4.98305498863443,5.00227781507646,5.04198470800746,5.08340640740613,5.08763359633629,5.1402158544331,5.15465789098019,5.16745295914717,5.1907198840157,5.21722711567506,5.2499454755651,5.29390919211131,5.3102573146039,5.33944239745344,5.36841511990573,5.40903947253325,5.42518157798016,5.48358084144911,5.51118174471625,5.56604905457172,5.57700215328854,5.61010526832292,5.65555594848833,5.68319848420297,5.70133782888684,5.7234170463669,5.75905286583235,5.76975148026467,5.83320178248193,5.85204899798733,5.87642298292147,5.88852673265137,5.9171965197122,5.946461122725,5.97571303469803,6.00583075287767,6.03737057179768,6.05916627728231,6.07327452264892,6.0976845968378,6.12662943718849,6.13151860975809,6.18677531275779,6.22791655789123,6.24052463757272,6.25735114393292,6.30315421893292,6.33328033361386,6.34771018828682,6.36149385154658,6.38116826574615,6.42223629480568,6.42567886636772,6.45605419868089,6.47076321578163,6.48880071897049,6.51412030618812,6.55764736136776,6.57251647562401,6.61541929361301,6.64824409706225,6.69961964746852,6.71643203053289,6.74015399244251,6.77496548266969,6.81017635213513,6.82155370996546,6.83285622554386,6.86768803799238,6.87299196376936,6.91268812049401,6.91660056915107,6.94214136274252,6.96662882492658,6.99845499269425,7.00381651399237,7.01835478533735,7.04207399489091,7.05110242969833,7.07085252295806,7.11262983128193,7.16304636077959,7.18413200895551,7.18923269309516,7.19818616371594,7.22095636163511,7.25104022079218,7.2836227596167,7.28988193818217,7.31764474371685,7.33834071710717,7.34854492638407,7.35439466579152,7.41190447394506,7.43365872354983,7.45102613475425,7.45511963575676,7.47647947117189,7.50196362811507,7.53177923846088,7.54876283857953,7.55859340457279,7.58779065407477,7.62786914772643,7.63846575578254,7.67867803399551,7.68551495483702,7.70869858953,7.72314216160076,7.75697956689211,7.78308427709748,7.82398374414664,7.82696331552922,7.84936653601962,7.87131594706028,7.88185774008311,7.90340007744446,7.92298175730601,7.94766885881895,7.98312837456097,7.99976386861536,8.03386720345423,8.05063094396937,8.06537898680889,8.10160820918956,8.11431626629108,8.14707671681833,8.16040932705851,8.1654718536645,8.22241525721937,8.25524125891766,8.2736554059684,8.31887726691011,8.32573994717453,8.34547231262008,8.38133796590527,8.39719979721869,8.40223328906728,8.42473423008914,8.4525834900877,8.46739965344237,8.50815486337975,8.5156963280317,8.54542456554367,8.57142065873269,8.61783023019026,8.63078143004146,8.65503811525367,8.66983153166557,8.69718937462072,8.71233649869307,8.74210858033418,8.77465711878502,8.79184519860438,8.80006724915849,8.85097839500332,8.86715282408479,8.8758121761294,8.90479254578427,8.93097160043673,8.97968438843942,8.98631502211627,9.03102633913003,9.07542909486309,9.1069744560815,9.13078524047527,9.13623154818306,9.16600537224964,9.20612195332597,9.24856628120536,9.25610195398702,9.27060378055291,9.3223026828157,9.33971580150624,9.36922292466136,9.38479631874477,9.42252390609834,9.45867055461169,9.4948017459561,9.53701655828042,9.55807076088031,9.60664290207225,9.60905088999418,9.63274730380689,9.64833891229355,9.6921951310204,9.73759308462251,9.75026935532456,9.77666643570398,9.81278581298854,9.83484987964401,9.875304598469,9.92376575326296,9.9470780532896,9.99701037910316,10.0219689821499,10.042193322183,10.0607400872856,10.090876870646,10.1054271668226,10.1236204092395,10.1769573400807,10.1958791586242,10.1971292512849,10.2668251683732,10.2942109703653,10.3208395919839,10.3768435982542,10.3806510467149,10.3953940315291,10.4396226687144,10.4758845305092,10.5124086462502,10.5386887985685,10.5515973831018,10.5806944392958,10.6072940440976,10.6824610658283,10.6861685879908,10.7679642377461,10.8108030382508,10.8725537834739,10.8788767394813,10.9374331138043,10.9640102470097,10.9988780285774,11.0607472527685,11.0961978280282,11.126017328074,11.1592607769904,11.1970641796107,11.2079161982873,11.2531684656732,11.2566843917519,11.2780638892304,11.3303068214695,11.3842620720794,11.4519913996784,11.4608391946451,11.5076814907196,11.5351590672528,11.5747815941252,11.6097957608906,11.6426595182712,11.6891352510665,11.7604841571152,11.7839245663385,11.8054962013484,11.8486628096274,11.8553466919728,11.8888087479394,11.9575496307589,12.0001521901937,12.0369019195052,12.0936871840707,12.1187583350233,12.1393617381905,12.1746191813929,12.2137348776078,12.2480193513813,12.2833142202004,12.3246667970753,12.3509243568987,12.3792045632772,12.3972310343015,12.4521177665615,12.5064303626981,12.5351045293523,12.633056239033,12.6728379028641,12.704561104572,12.7409101716452,12.7875184898727,12.819760093825,12.860925257321,12.9030416799529,12.963575452734,12.9790375994654,13.0137098141439,13.0419045269008,13.0449993712862,13.1060980180607,13.1542357783843,13.220801530761,13.2286585274127,13.2706589650176,13.3287232809534,13.3585195832084,13.4286719786187,13.4300308280971,13.4537729459773,13.5417472909525,13.5805949903616,13.6112940690389,13.6472966299677,13.6705605279824,13.7070696928934,13.7603926271192,13.7822014676854,13.83550944758,13.870393511877,13.9056484520894,13.9578821660822,14.0364868351662,14.0924476287564,14.0969850476634,14.1974101695643,14.2231179106727,14.2580713738642,14.2634002852668,14.3106104165707,14.4178230370699,14.4711158067136,14.490202350766,14.5049541795345,14.623753130155,14.6802482886376,14.7026341601682,14.7310926800375,14.7952956872294,14.8308024757058,14.9067614323246,14.9955090249739,15.0795238499374,15.1012779771828,15.2400404571632,15.2593534802863,15.2720675662998,15.415486970991,15.4591877728185,15.4654896171155,15.507490391595,15.5627816825369,15.6641527070045,15.7698983919517,15.859336286152,15.8956548159955,16.0163455209512,16.1049094584591,16.1977427813829,16.2538590458203,16.2887242839069,16.4622007021227,16.5856541062557,16.5905192988418,16.6874947221456,16.7602155114631,16.871610722046,16.9329595697149,17.0968471827146,17.1687748612923,17.3643352400024,17.4671033680651,17.6644079447071,17.9950836664016,18.083072978516,18.1999726062144,18.3466661039135,18.4268203283762,18.6314543480122,18.7638217454663,18.9771936447785,19.2057582847402,19.2188806641489,19.4633315156991,19.7174257419707,20.0672747331356,20.1576001663665,20.2732365554745,20.6519411865262,21.239052577227,21.5503353254903,23.3876781334206,NA,NA,NA,NA,NA,NA,NA,NA,NA,NA,NA,NA,NA,NA,NA,NA,NA,NA,NA,NA,NA
0.525725509576561,0.613211871851013,0.777377105202178,0.876419328452504,0.982279133550005,1.20330622534214,1.33257746947293,1.4717614923826,1.59926302736345,1.6442001365273,1.77814697217618,1.88174811838873,1.92336718183255,2.04376222411376,2.13091711199018,2.14837372317816,2.25117068519988,2.45959306135129,2.51016841634566,2.63263809489739,2.71290020153458,2.80031498066635,2.81971882174158,2.89418626490696,2.95275112429867,3.00894118344023,3.05674201665919,3.09871492739253,3.12815591720338,3.12893619091062,3.31074945943889,3.34036668603541,3.36335650235602,3.40493042727099,3.53450019579248,3.55214518112727,3.62420335409832,3.69594869405584,3.73887997234481,3.76659154392436,3.80151409022168,3.81618424343176,3.90101039443512,3.92936517955053,3.98794793509796,4.01183747468937,4.07069222176942,4.16224041646683,4.19239923208174,4.24266511286229,4.26212858607797,4.30314027458584,4.3576534970661,4.37731251349503,4.42778555609847,4.48099014946756,4.53531516683052,4.57826234107736,4.60029080641606,4.62589436725914,4.66369683765488,4.77767680127529,4.80122635041215,4.83091255961232,4.86334645338085,4.90704463983267,4.95624696775974,4.97061067226774,5.02435813493385,5.06474139378647,5.09139348311915,5.10302655848921,5.12282193855377,5.1388754740191,5.20557480035715,5.23390467345053,5.25959038681361,5.28260296033403,5.31539959847653,5.35246369622479,5.3624236047996,5.3802292949599,5.44027991910683,5.47163359178621,5.52316298483635,5.55686707048053,5.5697758015382,5.5948275932174,5.65070417711283,5.6984351201657,5.73535341065071,5.74242228847356,5.77621067366232,5.79757549355121,5.86578941682363,5.89012970230211,5.90908675328409,5.93311618213877,5.95530395392651,6.00384818654895,6.02949700492286,6.04570175863448,6.06844664820325,6.07426879578539,6.12209345752697,6.17416964136818,6.19122820230398,6.22638601177418,6.25966242936058,6.27385800955741,6.32735633129655,6.33715645110596,6.35038690326799,6.35373163413951,6.36347631972017,6.39946520899114,6.42761520942939,6.45232745831433,6.46506740266067,6.52184522166857,6.54548267763418,6.57233384173573,6.58914100041881,6.66580590900246,6.6764764634403,6.70872565729718,6.73335462369362,6.74974999119637,6.77672007330506,6.82259008173774,6.85718407795765,6.87600673652752,6.89187229163755,6.92164992717042,6.9383259108823,6.95446736593371,6.98045449013414,7.00519223476842,7.03523559979888,7.04794112128181,7.0875902124558,7.10395973023471,7.11817944903536,7.17989990107876,7.18932980354871,7.20569858680756,7.24062226463586,7.26080959435698,7.28665922192009,7.29843313923104,7.3301123122414,7.34709622304418,7.371843325533,7.41696240442264,7.41997937076651,7.45439727079566,7.46584055911773,7.48006126666929,7.52199848850561,7.54373293705165,7.55277858504211,7.55992935848416,7.58732437338219,7.60337231473496,7.64478387057891,7.64726307237308,7.67516270977204,7.70552057501783,7.72575895387549,7.73621833336584,7.7790043570868,7.79571014713174,7.80939197720071,7.82903623796955,7.87435208219044,7.89003060324783,7.9100539357311,7.93178008644733,7.96150713838865,8.01473489464524,8.01635809776356,8.03035227034438,8.06589628861553,8.08585255367515,8.12077428286276,8.14281275653412,8.18215625067261,8.20770082764435,8.22465490216627,8.27809988118057,8.30111420609729,8.32188837221982,8.33180801828525,8.35614792660323,8.37142797996135,8.39861878208368,8.4246839496106,8.43643900951377,8.45439347199112,8.48604769781573,8.50247466291426,8.52175001263252,8.5462052270998,8.60546515427071,8.62455219163623,8.64245561472198,8.68325290217149,8.71345643527741,8.74454769585699,8.76006325861251,8.78883075938751,8.81225755050659,8.83940619721183,8.86069253736168,8.87247113383423,8.90887877162132,8.94105194554698,8.94763825708464,9.01859844370341,9.03181633067486,9.06461521100468,9.08153824172518,9.10235916240012,9.13279826169425,9.16185020829261,9.19501463607937,9.23930304546653,9.2732643043219,9.31609668360425,9.32174581518536,9.36652423319196,9.3837390394792,9.4115659049523,9.4506209178789,9.47871664375131,9.48402084794211,9.51452988225167,9.56155102239779,9.5775505572291,9.60283248174679,9.63163374504837,9.66597393158849,9.70797510710558,9.72713049118114,9.75662854962213,9.80314274312222,9.81345845280249,9.83551444610253,9.86552504571045,9.87528972256474,9.9479631579859,9.97072781739355,10.0052345399885,10.04004891527,10.0462550913575,10.0774728421407,10.1220211765427,10.1331585994187,10.1465452916159,10.2124698654833,10.2216222214777,10.2617789907267,10.3188807885486,10.3581428728174,10.3830447526726,10.4187541619533,10.4506629371005,10.5068443887883,10.5140024984651,10.5318869602504,10.5545161025936,10.6087742258453,10.6606821676577,10.6850981621584,10.7630863661218,10.8089012780568,10.8308940719401,10.8716585767499,10.9025927537549,10.9558835055642,10.9675454882993,11.010609758539,11.0515306707478,11.1262550093926,11.1461272471546,11.181763039448,11.1983886169913,11.2562775134452,11.2865784972493,11.2985424036921,11.3346396533545,11.3757563054844,11.4441583795219,11.4711608298006,11.5296871021096,11.5478552317301,11.589379085113,11.6099142786982,11.6295331703114,11.6851166071096,11.7185769238094,11.7421804279466,11.8031165051214,11.8353832213925,11.8969083452006,11.9382649696,11.9579664541495,12.0102586089716,12.0456265171301,12.0971514407424,12.11125867641,12.1478104140984,12.1689816110916,12.2247876953971,12.2300215558278,12.2937303996122,12.3094263181233,12.3605167370297,12.4219484737327,12.4314270638819,12.5050464172607,12.5479747169431,12.5672142732213,12.6437202282387,12.6537499635691,12.6888250491785,12.7195443220523,12.7962262838715,12.8120852256991,12.8371644545121,12.904806822386,12.9507474226394,12.9816383946688,12.9906028460884,12.9951056435234,13.083132420909,13.1475219016958,13.1593963750904,13.2170867819243,13.2424002455546,13.2621249579036,13.3178829107069,13.3603770611998,13.381541436313,13.4731124661233,13.5092169376274,13.5433293868549,13.5785610291174,13.5889621367082,13.6184512927095,13.6600512076347,13.7239439179791,13.75892509394,13.7788702640951,13.7998043648452,13.8942410213801,13.9174551142404,13.9969814870644,14.0657560232812,14.0832548291304,14.141366475701,14.1704576834658,14.2236431812809,14.258092628055,14.3599816195366,14.394154596429,14.430749877832,14.461832531908,14.5505336706372,14.6030828761971,14.6239852425844,14.665850261961,14.703979937438,14.7322909424619,14.8262710100701,14.9397990030199,15.000893615281,15.0496727489761,15.0691373567462,15.0971427674233,15.1894340487236,15.2418073515465,15.3155220982144,15.3718935035647,15.4309429844457,15.4860441028238,15.5648003121596,15.6149864953701,15.7353253718568,15.8049985251116,15.8289732001295,15.9962656036597,16.0595494929374,16.15240530783,16.2061342210643,16.3859603331377,16.4691159099045,16.5453690333344,16.579778553366,16.6440335317,16.7392302757341,16.8459233732666,16.9294810760672,17.0053563494611,17.1349190736172,17.3228450164916,17.4331345716295,17.7911336375645,17.9805251293645,18.1260267161149,18.2392024784685,18.3338349864832,18.4279394601094,18.6508465770823,18.7422037231564,19.0238109345309,19.1483533835688,19.4522861363677,19.5665464586565,19.8378362229578,19.9806221737884,20.1941992098884,20.4348881304801,21.0239052398293,21.3468242605152,23.3292435259197,NA,NA,NA,NA,NA,NA,NA,NA,NA,NA,NA,NA,NA,NA,NA,NA,NA,NA,NA,NA,NA,NA,NA,NA,NA,NA,NA,NA,NA,NA,NA,NA,NA,NA,NA,NA,NA,NA,NA,NA,NA,NA
0.525725509576561,0.613211871851013,0.777377105202178,0.876419328452504,0.982279133550005,1.20330622534214,1.33257746947293,1.4717614923826,1.59926302736345,1.6442001365273,1.77814697217618,1.88174811838873,1.92336718183255,2.04376222411376,2.13091711199018,2.14837372317816,2.25117068519988,2.45959306135129,2.51016841634566,2.63263809489739,2.71290020153458,2.80031498066635,2.81971882174158,2.89418626490696,2.95275112429867,3.00894118344023,3.05674201665919,3.09871492739253,3.12815591720338,3.12893619091062,3.31074945943889,3.34036668603541,3.36335650235602,3.40493042727099,3.53450019579248,3.55214518112727,3.62420335409832,3.69594869405584,3.73887997234481,3.76659154392436,3.80151409022168,3.81618424343176,3.90101039443512,3.92936517955053,3.98794793509796,4.01183747468937,4.07069222176942,4.16224041646683,4.19239923208174,4.24266511286229,4.26212858607797,4.30314027458584,4.3576534970661,4.37731251349503,4.42778555609847,4.48099014946756,4.53531516683052,4.57826234107736,4.60029080641606,4.62589436725914,4.66369683765488,4.77767680127529,4.80122635041215,4.83091255961232,4.86334645338085,4.90704463983267,4.95624696775974,4.97061067226774,5.02435813493385,5.06474139378647,5.09139348311915,5.10302655848921,5.12282193855377,5.1388754740191,5.20557480035715,5.23390467345053,5.25959038681361,5.28260296033403,5.31539959847653,5.35246369622479,5.3624236047996,5.3802292949599,5.44027991910683,5.47163359178621,5.52316298483635,5.55686707048053,5.5697758015382,5.5948275932174,5.65070417711283,5.6984351201657,5.73535341065071,5.74242228847356,5.77621067366232,5.79757549355121,5.86578941682363,5.89012970230211,5.90908675328409,5.93311618213877,5.95530395392651,6.00384818654895,6.02949700492286,6.04570175863448,6.06844664820325,6.07426879578539,6.12209345752697,6.17416964136818,6.19122820230398,6.22638601177418,6.25966242936058,6.27385800955741,6.32735633129655,6.33715645110596,6.35038690326799,6.35373163413951,6.36347631972017,6.39946520899114,6.42761520942939,6.45232745831433,6.46506740266067,6.52184522166857,6.54548267763418,6.57233384173573,6.58914100041881,6.66580590900246,6.6764764634403,6.70872565729718,6.73335462369362,6.74974999119637,6.77672007330506,6.82259008173774,6.85718407795765,6.87600673652752,6.89187229163755,6.92164992717042,6.9383259108823,6.95446736593371,6.98045449013414,7.00519223476842,7.03523559979888,7.04794112128181,7.0875902124558,7.10395973023471,7.11817944903536,7.17989990107876,7.18932980354871,7.20569858680756,7.24062226463586,7.26080959435698,7.28665922192009,7.29843313923104,7.3301123122414,7.34709622304418,7.371843325533,7.41696240442264,7.41997937076651,7.45439727079566,7.46584055911773,7.48006126666929,7.52199848850561,7.54373293705165,7.55277858504211,7.55992935848416,7.58732437338219,7.60337231473496,7.64478387057891,7.64726307237308,7.67516270977204,7.70552057501783,7.72575895387549,7.73621833336584,7.7790043570868,7.79571014713174,7.80939197720071,7.82903623796955,7.87435208219044,7.89003060324783,7.9100539357311,7.93178008644733,7.96150713838865,8.01473489464524,8.01635809776356,8.03035227034438,8.06589628861553,8.08585255367515,8.12077428286276,8.14281275653412,8.18215625067261,8.20770082764435,8.22465490216627,8.27809988118057,8.30111420609729,8.32188837221982,8.33180801828525,8.35614792660323,8.37142797996135,8.39861878208368,8.4246839496106,8.43643900951377,8.45439347199112,8.48604769781573,8.50247466291426,8.52175001263252,8.5462052270998,8.60546515427071,8.62455219163623,8.64245561472198,8.68325290217149,8.71345643527741,8.74454769585699,8.76006325861251,8.78883075938751,8.81225755050659,8.83940619721183,8.86069253736168,8.87247113383423,8.90887877162132,8.94105194554698,8.94763825708464,9.01859844370341,9.03181633067486,9.06461521100468,9.08153824172518,9.10235916240012,9.13279826169425,9.16185020829261,9.19501463607937,9.23930304546653,9.2732643043219,9.31609668360425,9.32174581518536,9.36652423319196,9.3837390394792,9.4115659049523,9.4506209178789,9.47871664375131,9.48402084794211,9.51452988225167,9.56155102239779,9.5775505572291,9.60283248174679,9.63163374504837,9.66597393158849,9.70797510710558,9.72713049118114,9.75662854962213,9.80314274312222,9.81345845280249,9.83551444610253,9.86552504571045,9.87528972256474,9.9479631579859,9.97072781739355,10.0052345399885,10.04004891527,10.0462550913575,10.0774728421407,10.1220211765427,10.1331585994187,10.1465452916159,10.2124698654833,10.2216222214777,10.2617789907267,10.3188807885486,10.3581428728174,10.3830447526726,10.4187541619533,10.4506629371005,10.5068443887883,10.5140024984651,10.5318869602504,10.5545161025936,10.6087742258453,10.6606821676577,10.6850981621584,10.7630863661218,10.8089012780568,10.8308940719401,10.8716585767499,10.9025927537549,10.9558835055642,10.9675454882993,11.010609758539,11.0515306707478,11.1262550093926,11.1461272471546,11.181763039448,11.1983886169913,11.2562775134452,11.2865784972493,11.2985424036921,11.3346396533545,11.3757563054844,11.4441583795219,11.4711608298006,11.5296871021096,11.5478552317301,11.589379085113,11.6099142786982,11.6295331703114,11.6851166071096,11.7185769238094,11.7421804279466,11.8031165051214,11.8353832213925,11.8969083452006,11.9382649696,11.9579664541495,12.0102586089716,12.0456265171301,12.0971514407424,12.11125867641,12.1478104140984,12.1689816110916,12.2247876953971,12.2300215558278,12.2937303996122,12.3094263181233,12.3605167370297,12.4219484737327,12.4314270638819,12.5050464172607,12.5479747169431,12.5672142732213,12.6437202282387,12.6537499635691,12.6888250491785,12.7195443220523,12.7962262838715,12.8120852256991,12.8371644545121,12.904806822386,12.9507474226394,12.9816383946688,12.9906028460884,12.9951056435234,13.083132420909,13.1475219016958,13.1593963750904,13.2170867819243,13.2424002455546,13.2621249579036,13.3178829107069,13.3603770611998,13.381541436313,13.4731124661233,13.5092169376274,13.5433293868549,13.5785610291174,13.5889621367082,13.6184512927095,13.6600512076347,13.7239439179791,13.75892509394,13.7788702640951,13.7998043648452,13.8942410213801,13.9174551142404,13.9969814870644,14.0657560232812,14.0832548291304,14.141366475701,14.1704576834658,14.2236431812809,14.258092628055,14.3599816195366,14.394154596429,14.430749877832,14.461832531908,14.5505336706372,14.6030828761971,14.6239852425844,14.665850261961,14.703979937438,14.7322909424619,14.8262710100701,14.9397990030199,15.000893615281,15.0496727489761,15.0691373567462,15.0971427674233,15.1894340487236,15.2418073515465,15.3155220982144,15.3718935035647,15.4309429844457,15.4860441028238,15.5648003121596,15.6149864953701,15.7353253718568,15.8049985251116,15.8289732001295,15.9962656036597,16.0595494929374,16.15240530783,16.2061342210643,16.3859603331377,16.4691159099045,16.5453690333344,16.579778553366,16.6440335317,16.7392302757341,16.8459233732666,16.9294810760672,17.0053563494611,17.1349190736172,17.3228450164916,17.4331345716295,17.7911336375645,17.9805251293645,18.1260267161149,18.2392024784685,18.3338349864832,18.4279394601094,18.6508465770823,18.7422037231564,19.0238109345309,19.1483533835688,19.4522861363677,19.5665464586565,19.8378362229578,19.9806221737884,20.1941992098884,20.4348881304801,21.0239052398293,21.3468242605152,23.3292435259197,NA,NA,NA,NA,NA,NA,NA,NA,NA,NA,NA,NA,NA,NA,NA,NA,NA,NA,NA,NA,NA,NA,NA,NA,NA,NA,NA,NA,NA,NA,NA,NA,NA,NA,NA,NA,NA,NA,NA,NA,NA,NA
0.525725509576561,0.613211871851013,0.777377105202178,0.876419328452504,0.982279133550005,1.20330622534214,1.33257746947293,1.4717614923826,1.59926302736345,1.6442001365273,1.77814697217618,1.88174811838873,1.92336718183255,2.04376222411376,2.13091711199018,2.14837372317816,2.25117068519988,2.45959306135129,2.51016841634566,2.63263809489739,2.71290020153458,2.80031498066635,2.81971882174158,2.89418626490696,2.95275112429867,3.00894118344023,3.05674201665919,3.09871492739253,3.12815591720338,3.12893619091062,3.31074945943889,3.34036668603541,3.36335650235602,3.40493042727099,3.53450019579248,3.55214518112727,3.62420335409832,3.69594869405584,3.73887997234481,3.76659154392436,3.80151409022168,3.81618424343176,3.90101039443512,3.92936517955053,3.98794793509796,4.01183747468937,4.07069222176942,4.16224041646683,4.19239923208174,4.24266511286229,4.26212858607797,4.30314027458584,4.3576534970661,4.37731251349503,4.42778555609847,4.48099014946756,4.53531516683052,4.57826234107736,4.60029080641606,4.62589436725914,4.66369683765488,4.77767680127529,4.80122635041215,4.83091255961232,4.86334645338085,4.90704463983267,4.95624696775974,4.97061067226774,5.02435813493385,5.06474139378647,5.09139348311915,5.10302655848921,5.12282193855377,5.1388754740191,5.20557480035715,5.23390467345053,5.25959038681361,5.28260296033403,5.31539959847653,5.35246369622479,5.3624236047996,5.3802292949599,5.44027991910683,5.47163359178621,5.52316298483635,5.55686707048053,5.5697758015382,5.5948275932174,5.65070417711283,5.6984351201657,5.73535341065071,5.74242228847356,5.77621067366232,5.79757549355121,5.86578941682363,5.89012970230211,5.90908675328409,5.93311618213877,5.95530395392651,6.00384818654895,6.02949700492286,6.04570175863448,6.06844664820325,6.07426879578539,6.12209345752697,6.17416964136818,6.19122820230398,6.22638601177418,6.25966242936058,6.27385800955741,6.32735633129655,6.33715645110596,6.35038690326799,6.35373163413951,6.36347631972017,6.39946520899114,6.42761520942939,6.45232745831433,6.46506740266067,6.52184522166857,6.54548267763418,6.57233384173573,6.58914100041881,6.66580590900246,6.6764764634403,6.70872565729718,6.73335462369362,6.74974999119637,6.77672007330506,6.82259008173774,6.85718407795765,6.87600673652752,6.89187229163755,6.92164992717042,6.9383259108823,6.95446736593371,6.98045449013414,7.00519223476842,7.03523559979888,7.04794112128181,7.0875902124558,7.10395973023471,7.11817944903536,7.17989990107876,7.18932980354871,7.20569858680756,7.24062226463586,7.26080959435698,7.28665922192009,7.29843313923104,7.3301123122414,7.34709622304418,7.371843325533,7.41696240442264,7.41997937076651,7.45439727079566,7.46584055911773,7.48006126666929,7.52199848850561,7.54373293705165,7.55277858504211,7.55992935848416,7.58732437338219,7.60337231473496,7.64478387057891,7.64726307237308,7.67516270977204,7.70552057501783,7.72575895387549,7.73621833336584,7.7790043570868,7.79571014713174,7.80939197720071,7.82903623796955,7.87435208219044,7.89003060324783,7.9100539357311,7.93178008644733,7.96150713838865,8.01473489464524,8.01635809776356,8.03035227034438,8.06589628861553,8.08585255367515,8.12077428286276,8.14281275653412,8.18215625067261,8.20770082764435,8.22465490216627,8.27809988118057,8.30111420609729,8.32188837221982,8.33180801828525,8.35614792660323,8.37142797996135,8.39861878208368,8.4246839496106,8.43643900951377,8.45439347199112,8.48604769781573,8.50247466291426,8.52175001263252,8.5462052270998,8.60546515427071,8.62455219163623,8.64245561472198,8.68325290217149,8.71345643527741,8.74454769585699,8.76006325861251,8.78883075938751,8.81225755050659,8.83940619721183,8.86069253736168,8.87247113383423,8.90887877162132,8.94105194554698,8.94763825708464,9.01859844370341,9.03181633067486,9.06461521100468,9.08153824172518,9.10235916240012,9.13279826169425,9.16185020829261,9.19501463607937,9.23930304546653,9.2732643043219,9.31609668360425,9.32174581518536,9.36652423319196,9.3837390394792,9.4115659049523,9.4506209178789,9.47871664375131,9.48402084794211,9.51452988225167,9.56155102239779,9.5775505572291,9.60283248174679,9.63163374504837,9.66597393158849,9.70797510710558,9.72713049118114,9.75662854962213,9.80314274312222,9.81345845280249,9.83551444610253,9.86552504571045,9.87528972256474,9.9479631579859,9.97072781739355,10.0052345399885,10.04004891527,10.0462550913575,10.0774728421407,10.1220211765427,10.1331585994187,10.1465452916159,10.2124698654833,10.2216222214777,10.2617789907267,10.3188807885486,10.3581428728174,10.3830447526726,10.4187541619533,10.4506629371005,10.5068443887883,10.5140024984651,10.5318869602504,10.5545161025936,10.6087742258453,10.6606821676577,10.6850981621584,10.7630863661218,10.8089012780568,10.8308940719401,10.8716585767499,10.9025927537549,10.9558835055642,10.9675454882993,11.010609758539,11.0515306707478,11.1262550093926,11.1461272471546,11.181763039448,11.1983886169913,11.2562775134452,11.2865784972493,11.2985424036921,11.3346396533545,11.3757563054844,11.4441583795219,11.4711608298006,11.5296871021096,11.5478552317301,11.589379085113,11.6099142786982,11.6295331703114,11.6851166071096,11.7185769238094,11.7421804279466,11.8031165051214,11.8353832213925,11.8969083452006,11.9382649696,11.9579664541495,12.0102586089716,12.0456265171301,12.0971514407424,12.11125867641,12.1478104140984,12.1689816110916,12.2247876953971,12.2300215558278,12.2937303996122,12.3094263181233,12.3605167370297,12.4219484737327,12.4314270638819,12.5050464172607,12.5479747169431,12.5672142732213,12.6437202282387,12.6537499635691,12.6888250491785,12.7195443220523,12.7962262838715,12.8120852256991,12.8371644545121,12.904806822386,12.9507474226394,12.9816383946688,12.9906028460884,12.9951056435234,13.083132420909,13.1475219016958,13.1593963750904,13.2170867819243,13.2424002455546,13.2621249579036,13.3178829107069,13.3603770611998,13.381541436313,13.4731124661233,13.5092169376274,13.5433293868549,13.5785610291174,13.5889621367082,13.6184512927095,13.6600512076347,13.7239439179791,13.75892509394,13.7788702640951,13.7998043648452,13.8942410213801,13.9174551142404,13.9969814870644,14.0657560232812,14.0832548291304,14.141366475701,14.1704576834658,14.2236431812809,14.258092628055,14.3599816195366,14.394154596429,14.430749877832,14.461832531908,14.5505336706372,14.6030828761971,14.6239852425844,14.665850261961,14.703979937438,14.7322909424619,14.8262710100701,14.9397990030199,15.000893615281,15.0496727489761,15.0691373567462,15.0971427674233,15.1894340487236,15.2418073515465,15.3155220982144,15.3718935035647,15.4309429844457,15.4860441028238,15.5648003121596,15.6149864953701,15.7353253718568,15.8049985251116,15.8289732001295,15.9962656036597,16.0595494929374,16.15240530783,16.2061342210643,16.3859603331377,16.4691159099045,16.5453690333344,16.579778553366,16.6440335317,16.7392302757341,16.8459233732666,16.9294810760672,17.0053563494611,17.1349190736172,17.3228450164916,17.4331345716295,17.7911336375645,17.9805251293645,18.1260267161149,18.2392024784685,18.3338349864832,18.4279394601094,18.6508465770823,18.7422037231564,19.0238109345309,19.1483533835688,19.4522861363677,19.5665464586565,19.8378362229578,19.9806221737884,20.1941992098884,20.4348881304801,21.0239052398293,21.3468242605152,23.3292435259197,NA,NA,NA,NA,NA,NA,NA,NA,NA,NA,NA,NA,NA,NA,NA,NA,NA,NA,NA,NA,NA,NA,NA,NA,NA,NA,NA,NA,NA,NA,NA,NA,NA,NA,NA,NA,NA,NA,NA,NA,NA,NA
0.525725509576561,0.613211871851013,0.777377105202178,0.876419328452504,0.982279133550005,1.20330622534214,1.33257746947293,1.4717614923826,1.59926302736345,1.6442001365273,1.77814697217618,1.88174811838873,1.92336718183255,2.04376222411376,2.13091711199018,2.14837372317816,2.25117068519988,2.45959306135129,2.51016841634566,2.63263809489739,2.71290020153458,2.80031498066635,2.81971882174158,2.89418626490696,2.95275112429867,3.00894118344023,3.05674201665919,3.09871492739253,3.12815591720338,3.12893619091062,3.31074945943889,3.34036668603541,3.36335650235602,3.40493042727099,3.53450019579248,3.55214518112727,3.62420335409832,3.69594869405584,3.73887997234481,3.76659154392436,3.80151409022168,3.81618424343176,3.90101039443512,3.92936517955053,3.98794793509796,4.01183747468937,4.07069222176942,4.16224041646683,4.19239923208174,4.24266511286229,4.26212858607797,4.30314027458584,4.3576534970661,4.37731251349503,4.42778555609847,4.48099014946756,4.53531516683052,4.57826234107736,4.60029080641606,4.62589436725914,4.66369683765488,4.77767680127529,4.80122635041215,4.83091255961232,4.86334645338085,4.90704463983267,4.95624696775974,4.97061067226774,5.02435813493385,5.06474139378647,5.09139348311915,5.10302655848921,5.12282193855377,5.1388754740191,5.20557480035715,5.23390467345053,5.25959038681361,5.28260296033403,5.31539959847653,5.35246369622479,5.3624236047996,5.3802292949599,5.44027991910683,5.47163359178621,5.52316298483635,5.55686707048053,5.5697758015382,5.5948275932174,5.65070417711283,5.6984351201657,5.73535341065071,5.74242228847356,5.77621067366232,5.79757549355121,5.86578941682363,5.89012970230211,5.90908675328409,5.93311618213877,5.95530395392651,6.00384818654895,6.02949700492286,6.04570175863448,6.06844664820325,6.07426879578539,6.12209345752697,6.17416964136818,6.19122820230398,6.22638601177418,6.25966242936058,6.27385800955741,6.32735633129655,6.33715645110596,6.35038690326799,6.35373163413951,6.36347631972017,6.39946520899114,6.42761520942939,6.45232745831433,6.46506740266067,6.52184522166857,6.54548267763418,6.57233384173573,6.58914100041881,6.66580590900246,6.6764764634403,6.70872565729718,6.73335462369362,6.74974999119637,6.77672007330506,6.82259008173774,6.85718407795765,6.87600673652752,6.89187229163755,6.92164992717042,6.9383259108823,6.95446736593371,6.98045449013414,7.00519223476842,7.03523559979888,7.04794112128181,7.0875902124558,7.10395973023471,7.11817944903536,7.17989990107876,7.18932980354871,7.20569858680756,7.24062226463586,7.26080959435698,7.28665922192009,7.29843313923104,7.3301123122414,7.34709622304418,7.371843325533,7.41696240442264,7.41997937076651,7.45439727079566,7.46584055911773,7.48006126666929,7.52199848850561,7.54373293705165,7.55277858504211,7.55992935848416,7.58732437338219,7.60337231473496,7.64478387057891,7.64726307237308,7.67516270977204,7.70552057501783,7.72575895387549,7.73621833336584,7.7790043570868,7.79571014713174,7.80939197720071,7.82903623796955,7.87435208219044,7.89003060324783,7.9100539357311,7.93178008644733,7.96150713838865,8.01473489464524,8.01635809776356,8.03035227034438,8.06589628861553,8.08585255367515,8.12077428286276,8.14281275653412,8.18215625067261,8.20770082764435,8.22465490216627,8.27809988118057,8.30111420609729,8.32188837221982,8.33180801828525,8.35614792660323,8.37142797996135,8.39861878208368,8.4246839496106,8.43643900951377,8.45439347199112,8.48604769781573,8.50247466291426,8.52175001263252,8.5462052270998,8.60546515427071,8.62455219163623,8.64245561472198,8.68325290217149,8.71345643527741,8.74454769585699,8.76006325861251,8.78883075938751,8.81225755050659,8.83940619721183,8.86069253736168,8.87247113383423,8.90887877162132,8.94105194554698,8.94763825708464,9.01859844370341,9.03181633067486,9.06461521100468,9.08153824172518,9.10235916240012,9.13279826169425,9.16185020829261,9.19501463607937,9.23930304546653,9.2732643043219,9.31609668360425,9.32174581518536,9.36652423319196,9.3837390394792,9.4115659049523,9.4506209178789,9.47871664375131,9.48402084794211,9.51452988225167,9.56155102239779,9.5775505572291,9.60283248174679,9.63163374504837,9.66597393158849,9.70797510710558,9.72713049118114,9.75662854962213,9.80314274312222,9.81345845280249,9.83551444610253,9.86552504571045,9.87528972256474,9.9479631579859,9.97072781739355,10.0052345399885,10.04004891527,10.0462550913575,10.0774728421407,10.1220211765427,10.1331585994187,10.1465452916159,10.2124698654833,10.2216222214777,10.2617789907267,10.3188807885486,10.3581428728174,10.3830447526726,10.4187541619533,10.4506629371005,10.5068443887883,10.5140024984651,10.5318869602504,10.5545161025936,10.6087742258453,10.6606821676577,10.6850981621584,10.7630863661218,10.8089012780568,10.8308940719401,10.8716585767499,10.9025927537549,10.9558835055642,10.9675454882993,11.010609758539,11.0515306707478,11.1262550093926,11.1461272471546,11.181763039448,11.1983886169913,11.2562775134452,11.2865784972493,11.2985424036921,11.3346396533545,11.3757563054844,11.4441583795219,11.4711608298006,11.5296871021096,11.5478552317301,11.589379085113,11.6099142786982,11.6295331703114,11.6851166071096,11.7185769238094,11.7421804279466,11.8031165051214,11.8353832213925,11.8969083452006,11.9382649696,11.9579664541495,12.0102586089716,12.0456265171301,12.0971514407424,12.11125867641,12.1478104140984,12.1689816110916,12.2247876953971,12.2300215558278,12.2937303996122,12.3094263181233,12.3605167370297,12.4219484737327,12.4314270638819,12.5050464172607,12.5479747169431,12.5672142732213,12.6437202282387,12.6537499635691,12.6888250491785,12.7195443220523,12.7962262838715,12.8120852256991,12.8371644545121,12.904806822386,12.9507474226394,12.9816383946688,12.9906028460884,12.9951056435234,13.083132420909,13.1475219016958,13.1593963750904,13.2170867819243,13.2424002455546,13.2621249579036,13.3178829107069,13.3603770611998,13.381541436313,13.4731124661233,13.5092169376274,13.5433293868549,13.5785610291174,13.5889621367082,13.6184512927095,13.6600512076347,13.7239439179791,13.75892509394,13.7788702640951,13.7998043648452,13.8942410213801,13.9174551142404,13.9969814870644,14.0657560232812,14.0832548291304,14.141366475701,14.1704576834658,14.2236431812809,14.258092628055,14.3599816195366,14.394154596429,14.430749877832,14.461832531908,14.5505336706372,14.6030828761971,14.6239852425844,14.665850261961,14.703979937438,14.7322909424619,14.8262710100701,14.9397990030199,15.000893615281,15.0496727489761,15.0691373567462,15.0971427674233,15.1894340487236,15.2418073515465,15.3155220982144,15.3718935035647,15.4309429844457,15.4860441028238,15.5648003121596,15.6149864953701,15.7353253718568,15.8049985251116,15.8289732001295,15.9962656036597,16.0595494929374,16.15240530783,16.2061342210643,16.3859603331377,16.4691159099045,16.5453690333344,16.579778553366,16.6440335317,16.7392302757341,16.8459233732666,16.9294810760672,17.0053563494611,17.1349190736172,17.3228450164916,17.4331345716295,17.7911336375645,17.9805251293645,18.1260267161149,18.2392024784685,18.3338349864832,18.4279394601094,18.6508465770823,18.7422037231564,19.0238109345309,19.1483533835688,19.4522861363677,19.5665464586565,19.8378362229578,19.9806221737884,20.1941992098884,20.4348881304801,21.0239052398293,21.3468242605152,23.3292435259197,NA,NA,NA,NA,NA,NA,NA,NA,NA,NA,NA,NA,NA,NA,NA,NA,NA,NA,NA,NA,NA,NA,NA,NA,NA,NA,NA,NA,NA,NA,NA,NA,NA,NA,NA,NA,NA,NA,NA,NA,NA,NA
0.525725509576561,0.613211871851013,0.777377105202178,0.876419328452504,0.982279133550005,1.20330622534214,1.33257746947293,1.4717614923826,1.59926302736345,1.6442001365273,1.77814697217618,1.88174811838873,1.92336718183255,2.04376222411376,2.13091711199018,2.14837372317816,2.25117068519988,2.45959306135129,2.51016841634566,2.63263809489739,2.71290020153458,2.80031498066635,2.81971882174158,2.89418626490696,2.95275112429867,3.00894118344023,3.05674201665919,3.09871492739253,3.12815591720338,3.12893619091062,3.31074945943889,3.34036668603541,3.36335650235602,3.40493042727099,3.53450019579248,3.55214518112727,3.62420335409832,3.69594869405584,3.73887997234481,3.76659154392436,3.80151409022168,3.81618424343176,3.90101039443512,3.92936517955053,3.98794793509796,4.01183747468937,4.07069222176942,4.16224041646683,4.19239923208174,4.24266511286229,4.26212858607797,4.30314027458584,4.3576534970661,4.37731251349503,4.42778555609847,4.48099014946756,4.53531516683052,4.57826234107736,4.60029080641606,4.62589436725914,4.66369683765488,4.77767680127529,4.80122635041215,4.83091255961232,4.86334645338085,4.90704463983267,4.95624696775974,4.97061067226774,5.02435813493385,5.06474139378647,5.09139348311915,5.10302655848921,5.12282193855377,5.1388754740191,5.20557480035715,5.23390467345053,5.25959038681361,5.28260296033403,5.31539959847653,5.35246369622479,5.3624236047996,5.3802292949599,5.44027991910683,5.47163359178621,5.52316298483635,5.55686707048053,5.5697758015382,5.5948275932174,5.65070417711283,5.6984351201657,5.73535341065071,5.74242228847356,5.77621067366232,5.79757549355121,5.86578941682363,5.89012970230211,5.90908675328409,5.93311618213877,5.95530395392651,6.00384818654895,6.02949700492286,6.04570175863448,6.06844664820325,6.07426879578539,6.12209345752697,6.17416964136818,6.19122820230398,6.22638601177418,6.25966242936058,6.27385800955741,6.32735633129655,6.33715645110596,6.35038690326799,6.35373163413951,6.36347631972017,6.39946520899114,6.42761520942939,6.45232745831433,6.46506740266067,6.52184522166857,6.54548267763418,6.57233384173573,6.58914100041881,6.66580590900246,6.6764764634403,6.70872565729718,6.73335462369362,6.74974999119637,6.77672007330506,6.82259008173774,6.85718407795765,6.87600673652752,6.89187229163755,6.92164992717042,6.9383259108823,6.95446736593371,6.98045449013414,7.00519223476842,7.03523559979888,7.04794112128181,7.0875902124558,7.10395973023471,7.11817944903536,7.17989990107876,7.18932980354871,7.20569858680756,7.24062226463586,7.26080959435698,7.28665922192009,7.29843313923104,7.3301123122414,7.34709622304418,7.371843325533,7.41696240442264,7.41997937076651,7.45439727079566,7.46584055911773,7.48006126666929,7.52199848850561,7.54373293705165,7.55277858504211,7.55992935848416,7.58732437338219,7.60337231473496,7.64478387057891,7.64726307237308,7.67516270977204,7.70552057501783,7.72575895387549,7.73621833336584,7.7790043570868,7.79571014713174,7.80939197720071,7.82903623796955,7.87435208219044,7.89003060324783,7.9100539357311,7.93178008644733,7.96150713838865,8.01473489464524,8.01635809776356,8.03035227034438,8.06589628861553,8.08585255367515,8.12077428286276,8.14281275653412,8.18215625067261,8.20770082764435,8.22465490216627,8.27809988118057,8.30111420609729,8.32188837221982,8.33180801828525,8.35614792660323,8.37142797996135,8.39861878208368,8.4246839496106,8.43643900951377,8.45439347199112,8.48604769781573,8.50247466291426,8.52175001263252,8.5462052270998,8.60546515427071,8.62455219163623,8.64245561472198,8.68325290217149,8.71345643527741,8.74454769585699,8.76006325861251,8.78883075938751,8.81225755050659,8.83940619721183,8.86069253736168,8.87247113383423,8.90887877162132,8.94105194554698,8.94763825708464,9.01859844370341,9.03181633067486,9.06461521100468,9.08153824172518,9.10235916240012,9.13279826169425,9.16185020829261,9.19501463607937,9.23930304546653,9.2732643043219,9.31609668360425,9.32174581518536,9.36652423319196,9.3837390394792,9.4115659049523,9.4506209178789,9.47871664375131,9.48402084794211,9.51452988225167,9.56155102239779,9.5775505572291,9.60283248174679,9.63163374504837,9.66597393158849,9.70797510710558,9.72713049118114,9.75662854962213,9.80314274312222,9.81345845280249,9.83551444610253,9.86552504571045,9.87528972256474,9.9479631579859,9.97072781739355,10.0052345399885,10.04004891527,10.0462550913575,10.0774728421407,10.1220211765427,10.1331585994187,10.1465452916159,10.2124698654833,10.2216222214777,10.2617789907267,10.3188807885486,10.3581428728174,10.3830447526726,10.4187541619533,10.4506629371005,10.5068443887883,10.5140024984651,10.5318869602504,10.5545161025936,10.6087742258453,10.6606821676577,10.6850981621584,10.7630863661218,10.8089012780568,10.8308940719401,10.8716585767499,10.9025927537549,10.9558835055642,10.9675454882993,11.010609758539,11.0515306707478,11.1262550093926,11.1461272471546,11.181763039448,11.1983886169913,11.2562775134452,11.2865784972493,11.2985424036921,11.3346396533545,11.3757563054844,11.4441583795219,11.4711608298006,11.5296871021096,11.5478552317301,11.589379085113,11.6099142786982,11.6295331703114,11.6851166071096,11.7185769238094,11.7421804279466,11.8031165051214,11.8353832213925,11.8969083452006,11.9382649696,11.9579664541495,12.0102586089716,12.0456265171301,12.0971514407424,12.11125867641,12.1478104140984,12.1689816110916,12.2247876953971,12.2300215558278,12.2937303996122,12.3094263181233,12.3605167370297,12.4219484737327,12.4314270638819,12.5050464172607,12.5479747169431,12.5672142732213,12.6437202282387,12.6537499635691,12.6888250491785,12.7195443220523,12.7962262838715,12.8120852256991,12.8371644545121,12.904806822386,12.9507474226394,12.9816383946688,12.9906028460884,12.9951056435234,13.083132420909,13.1475219016958,13.1593963750904,13.2170867819243,13.2424002455546,13.2621249579036,13.3178829107069,13.3603770611998,13.381541436313,13.4731124661233,13.5092169376274,13.5433293868549,13.5785610291174,13.5889621367082,13.6184512927095,13.6600512076347,13.7239439179791,13.75892509394,13.7788702640951,13.7998043648452,13.8942410213801,13.9174551142404,13.9969814870644,14.0657560232812,14.0832548291304,14.141366475701,14.1704576834658,14.2236431812809,14.258092628055,14.3599816195366,14.394154596429,14.430749877832,14.461832531908,14.5505336706372,14.6030828761971,14.6239852425844,14.665850261961,14.703979937438,14.7322909424619,14.8262710100701,14.9397990030199,15.000893615281,15.0496727489761,15.0691373567462,15.0971427674233,15.1894340487236,15.2418073515465,15.3155220982144,15.3718935035647,15.4309429844457,15.4860441028238,15.5648003121596,15.6149864953701,15.7353253718568,15.8049985251116,15.8289732001295,15.9962656036597,16.0595494929374,16.15240530783,16.2061342210643,16.3859603331377,16.4691159099045,16.5453690333344,16.579778553366,16.6440335317,16.7392302757341,16.8459233732666,16.9294810760672,17.0053563494611,17.1349190736172,17.3228450164916,17.4331345716295,17.7911336375645,17.9805251293645,18.1260267161149,18.2392024784685,18.3338349864832,18.4279394601094,18.6508465770823,18.7422037231564,19.0238109345309,19.1483533835688,19.4522861363677,19.5665464586565,19.8378362229578,19.9806221737884,20.1941992098884,20.4348881304801,21.0239052398293,21.3468242605152,23.3292435259197,NA,NA,NA,NA,NA,NA,NA,NA,NA,NA,NA,NA,NA,NA,NA,NA,NA,NA,NA,NA,NA,NA,NA,NA,NA,NA,NA,NA,NA,NA,NA,NA,NA,NA,NA,NA,NA,NA,NA,NA,NA,NA
0.525725509576561,0.613211871851013,0.777377105202178,0.876419328452504,0.982279133550005,1.20330622534214,1.33257746947293,1.4717614923826,1.59926302736345,1.6442001365273,1.77814697217618,1.88174811838873,1.92336718183255,2.04376222411376,2.13091711199018,2.14837372317816,2.25117068519988,2.45959306135129,2.51016841634566,2.63263809489739,2.71290020153458,2.80031498066635,2.81971882174158,2.89418626490696,2.95275112429867,3.00894118344023,3.05674201665919,3.09871492739253,3.12815591720338,3.12893619091062,3.31074945943889,3.34036668603541,3.36335650235602,3.40493042727099,3.53450019579248,3.55214518112727,3.62420335409832,3.69594869405584,3.73887997234481,3.76659154392436,3.80151409022168,3.81618424343176,3.90101039443512,3.92936517955053,3.98794793509796,4.01183747468937,4.07069222176942,4.16224041646683,4.19239923208174,4.24266511286229,4.26212858607797,4.30314027458584,4.3576534970661,4.37731251349503,4.42778555609847,4.48099014946756,4.53531516683052,4.57826234107736,4.60029080641606,4.62589436725914,4.66369683765488,4.77767680127529,4.80122635041215,4.83091255961232,4.86334645338085,4.90704463983267,4.95624696775974,4.97061067226774,5.02435813493385,5.06474139378647,5.09139348311915,5.10302655848921,5.12282193855377,5.1388754740191,5.20557480035715,5.23390467345053,5.25959038681361,5.28260296033403,5.31539959847653,5.35246369622479,5.3624236047996,5.3802292949599,5.44027991910683,5.47163359178621,5.52316298483635,5.55686707048053,5.5697758015382,5.5948275932174,5.65070417711283,5.6984351201657,5.73535341065071,5.74242228847356,5.77621067366232,5.79757549355121,5.86578941682363,5.89012970230211,5.90908675328409,5.93311618213877,5.95530395392651,6.00384818654895,6.02949700492286,6.04570175863448,6.06844664820325,6.07426879578539,6.12209345752697,6.17416964136818,6.19122820230398,6.22638601177418,6.25966242936058,6.27385800955741,6.32735633129655,6.33715645110596,6.35038690326799,6.35373163413951,6.36347631972017,6.39946520899114,6.42761520942939,6.45232745831433,6.46506740266067,6.52184522166857,6.54548267763418,6.57233384173573,6.58914100041881,6.66580590900246,6.6764764634403,6.70872565729718,6.73335462369362,6.74974999119637,6.77672007330506,6.82259008173774,6.85718407795765,6.87600673652752,6.89187229163755,6.92164992717042,6.9383259108823,6.95446736593371,6.98045449013414,7.00519223476842,7.03523559979888,7.04794112128181,7.0875902124558,7.10395973023471,7.11817944903536,7.17989990107876,7.18932980354871,7.20569858680756,7.24062226463586,7.26080959435698,7.28665922192009,7.29843313923104,7.3301123122414,7.34709622304418,7.371843325533,7.41696240442264,7.41997937076651,7.45439727079566,7.46584055911773,7.48006126666929,7.52199848850561,7.54373293705165,7.55277858504211,7.55992935848416,7.58732437338219,7.60337231473496,7.64478387057891,7.64726307237308,7.67516270977204,7.70552057501783,7.72575895387549,7.73621833336584,7.7790043570868,7.79571014713174,7.80939197720071,7.82903623796955,7.87435208219044,7.89003060324783,7.9100539357311,7.93178008644733,7.96150713838865,8.01473489464524,8.01635809776356,8.03035227034438,8.06589628861553,8.08585255367515,8.12077428286276,8.14281275653412,8.18215625067261,8.20770082764435,8.22465490216627,8.27809988118057,8.30111420609729,8.32188837221982,8.33180801828525,8.35614792660323,8.37142797996135,8.39861878208368,8.4246839496106,8.43643900951377,8.45439347199112,8.48604769781573,8.50247466291426,8.52175001263252,8.5462052270998,8.60546515427071,8.62455219163623,8.64245561472198,8.68325290217149,8.71345643527741,8.74454769585699,8.76006325861251,8.78883075938751,8.81225755050659,8.83940619721183,8.86069253736168,8.87247113383423,8.90887877162132,8.94105194554698,8.94763825708464,9.01859844370341,9.03181633067486,9.06461521100468,9.08153824172518,9.10235916240012,9.13279826169425,9.16185020829261,9.19501463607937,9.23930304546653,9.2732643043219,9.31609668360425,9.32174581518536,9.36652423319196,9.3837390394792,9.4115659049523,9.4506209178789,9.47871664375131,9.48402084794211,9.51452988225167,9.56155102239779,9.5775505572291,9.60283248174679,9.63163374504837,9.66597393158849,9.70797510710558,9.72713049118114,9.75662854962213,9.80314274312222,9.81345845280249,9.83551444610253,9.86552504571045,9.87528972256474,9.9479631579859,9.97072781739355,10.0052345399885,10.04004891527,10.0462550913575,10.0774728421407,10.1220211765427,10.1331585994187,10.1465452916159,10.2124698654833,10.2216222214777,10.2617789907267,10.3188807885486,10.3581428728174,10.3830447526726,10.4187541619533,10.4506629371005,10.5068443887883,10.5140024984651,10.5318869602504,10.5545161025936,10.6087742258453,10.6606821676577,10.6850981621584,10.7630863661218,10.8089012780568,10.8308940719401,10.8716585767499,10.9025927537549,10.9558835055642,10.9675454882993,11.010609758539,11.0515306707478,11.1262550093926,11.1461272471546,11.181763039448,11.1983886169913,11.2562775134452,11.2865784972493,11.2985424036921,11.3346396533545,11.3757563054844,11.4441583795219,11.4711608298006,11.5296871021096,11.5478552317301,11.589379085113,11.6099142786982,11.6295331703114,11.6851166071096,11.7185769238094,11.7421804279466,11.8031165051214,11.8353832213925,11.8969083452006,11.9382649696,11.9579664541495,12.0102586089716,12.0456265171301,12.0971514407424,12.11125867641,12.1478104140984,12.1689816110916,12.2247876953971,12.2300215558278,12.2937303996122,12.3094263181233,12.3605167370297,12.4219484737327,12.4314270638819,12.5050464172607,12.5479747169431,12.5672142732213,12.6437202282387,12.6537499635691,12.6888250491785,12.7195443220523,12.7962262838715,12.8120852256991,12.8371644545121,12.904806822386,12.9507474226394,12.9816383946688,12.9906028460884,12.9951056435234,13.083132420909,13.1475219016958,13.1593963750904,13.2170867819243,13.2424002455546,13.2621249579036,13.3178829107069,13.3603770611998,13.381541436313,13.4731124661233,13.5092169376274,13.5433293868549,13.5785610291174,13.5889621367082,13.6184512927095,13.6600512076347,13.7239439179791,13.75892509394,13.7788702640951,13.7998043648452,13.8942410213801,13.9174551142404,13.9969814870644,14.0657560232812,14.0832548291304,14.141366475701,14.1704576834658,14.2236431812809,14.258092628055,14.3599816195366,14.394154596429,14.430749877832,14.461832531908,14.5505336706372,14.6030828761971,14.6239852425844,14.665850261961,14.703979937438,14.7322909424619,14.8262710100701,14.9397990030199,15.000893615281,15.0496727489761,15.0691373567462,15.0971427674233,15.1894340487236,15.2418073515465,15.3155220982144,15.3718935035647,15.4309429844457,15.4860441028238,15.5648003121596,15.6149864953701,15.7353253718568,15.8049985251116,15.8289732001295,15.9962656036597,16.0595494929374,16.15240530783,16.2061342210643,16.3859603331377,16.4691159099045,16.5453690333344,16.579778553366,16.6440335317,16.7392302757341,16.8459233732666,16.9294810760672,17.0053563494611,17.1349190736172,17.3228450164916,17.4331345716295,17.7911336375645,17.9805251293645,18.1260267161149,18.2392024784685,18.3338349864832,18.4279394601094,18.6508465770823,18.7422037231564,19.0238109345309,19.1483533835688,19.4522861363677,19.5665464586565,19.8378362229578,19.9806221737884,20.1941992098884,20.4348881304801,21.0239052398293,21.3468242605152,23.3292435259197,NA,NA,NA,NA,NA,NA,NA,NA,NA,NA,NA,NA,NA,NA,NA,NA,NA,NA,NA,NA,NA,NA,NA,NA,NA,NA,NA,NA,NA,NA,NA,NA,NA,NA,NA,NA,NA,NA,NA,NA,NA,NA
0.525725509576561,0.613211871851013,0.777377105202178,0.876419328452504,0.982279133550005,1.20330622534214,1.33257746947293,1.4717614923826,1.59926302736345,1.6442001365273,1.77814697217618,1.88174811838873,1.92336718183255,2.04376222411376,2.13091711199018,2.14837372317816,2.25117068519988,2.45959306135129,2.51016841634566,2.63263809489739,2.71290020153458,2.80031498066635,2.81971882174158,2.89418626490696,2.95275112429867,3.00894118344023,3.05674201665919,3.09871492739253,3.12815591720338,3.12893619091062,3.31074945943889,3.34036668603541,3.36335650235602,3.40493042727099,3.53450019579248,3.55214518112727,3.62420335409832,3.69594869405584,3.73887997234481,3.76659154392436,3.80151409022168,3.81618424343176,3.90101039443512,3.92936517955053,3.98794793509796,4.01183747468937,4.07069222176942,4.16224041646683,4.19239923208174,4.24266511286229,4.26212858607797,4.30314027458584,4.3576534970661,4.37731251349503,4.42778555609847,4.48099014946756,4.53531516683052,4.57826234107736,4.60029080641606,4.62589436725914,4.66369683765488,4.77767680127529,4.80122635041215,4.83091255961232,4.86334645338085,4.90704463983267,4.95624696775974,4.97061067226774,5.02435813493385,5.06474139378647,5.09139348311915,5.10302655848921,5.12282193855377,5.1388754740191,5.20557480035715,5.23390467345053,5.25959038681361,5.28260296033403,5.31539959847653,5.35246369622479,5.3624236047996,5.3802292949599,5.44027991910683,5.47163359178621,5.52316298483635,5.55686707048053,5.5697758015382,5.5948275932174,5.65070417711283,5.6984351201657,5.73535341065071,5.74242228847356,5.77621067366232,5.79757549355121,5.86578941682363,5.89012970230211,5.90908675328409,5.93311618213877,5.95530395392651,6.00384818654895,6.02949700492286,6.04570175863448,6.06844664820325,6.07426879578539,6.12209345752697,6.17416964136818,6.19122820230398,6.22638601177418,6.25966242936058,6.27385800955741,6.32735633129655,6.33715645110596,6.35038690326799,6.35373163413951,6.36347631972017,6.39946520899114,6.42761520942939,6.45232745831433,6.46506740266067,6.52184522166857,6.54548267763418,6.57233384173573,6.58914100041881,6.66580590900246,6.6764764634403,6.70872565729718,6.73335462369362,6.74974999119637,6.77672007330506,6.82259008173774,6.85718407795765,6.87600673652752,6.89187229163755,6.92164992717042,6.9383259108823,6.95446736593371,6.98045449013414,7.00519223476842,7.03523559979888,7.04794112128181,7.0875902124558,7.10395973023471,7.11817944903536,7.17989990107876,7.18932980354871,7.20569858680756,7.24062226463586,7.26080959435698,7.28665922192009,7.29843313923104,7.3301123122414,7.34709622304418,7.371843325533,7.41696240442264,7.41997937076651,7.45439727079566,7.46584055911773,7.48006126666929,7.52199848850561,7.54373293705165,7.55277858504211,7.55992935848416,7.58732437338219,7.60337231473496,7.64478387057891,7.64726307237308,7.67516270977204,7.70552057501783,7.72575895387549,7.73621833336584,7.7790043570868,7.79571014713174,7.80939197720071,7.82903623796955,7.87435208219044,7.89003060324783,7.9100539357311,7.93178008644733,7.96150713838865,8.01473489464524,8.01635809776356,8.03035227034438,8.06589628861553,8.08585255367515,8.12077428286276,8.14281275653412,8.18215625067261,8.20770082764435,8.22465490216627,8.27809988118057,8.30111420609729,8.32188837221982,8.33180801828525,8.35614792660323,8.37142797996135,8.39861878208368,8.4246839496106,8.43643900951377,8.45439347199112,8.48604769781573,8.50247466291426,8.52175001263252,8.5462052270998,8.60546515427071,8.62455219163623,8.64245561472198,8.68325290217149,8.71345643527741,8.74454769585699,8.76006325861251,8.78883075938751,8.81225755050659,8.83940619721183,8.86069253736168,8.87247113383423,8.90887877162132,8.94105194554698,8.94763825708464,9.01859844370341,9.03181633067486,9.06461521100468,9.08153824172518,9.10235916240012,9.13279826169425,9.16185020829261,9.19501463607937,9.23930304546653,9.2732643043219,9.31609668360425,9.32174581518536,9.36652423319196,9.3837390394792,9.4115659049523,9.4506209178789,9.47871664375131,9.48402084794211,9.51452988225167,9.56155102239779,9.5775505572291,9.60283248174679,9.63163374504837,9.66597393158849,9.70797510710558,9.72713049118114,9.75662854962213,9.80314274312222,9.81345845280249,9.83551444610253,9.86552504571045,9.87528972256474,9.9479631579859,9.97072781739355,10.0052345399885,10.04004891527,10.0462550913575,10.0774728421407,10.1220211765427,10.1331585994187,10.1465452916159,10.2124698654833,10.2216222214777,10.2617789907267,10.3188807885486,10.3581428728174,10.3830447526726,10.4187541619533,10.4506629371005,10.5068443887883,10.5140024984651,10.5318869602504,10.5545161025936,10.6087742258453,10.6606821676577,10.6850981621584,10.7630863661218,10.8089012780568,10.8308940719401,10.8716585767499,10.9025927537549,10.9558835055642,10.9675454882993,11.010609758539,11.0515306707478,11.1262550093926,11.1461272471546,11.181763039448,11.1983886169913,11.2562775134452,11.2865784972493,11.2985424036921,11.3346396533545,11.3757563054844,11.4441583795219,11.4711608298006,11.5296871021096,11.5478552317301,11.589379085113,11.6099142786982,11.6295331703114,11.6851166071096,11.7185769238094,11.7421804279466,11.8031165051214,11.8353832213925,11.8969083452006,11.9382649696,11.9579664541495,12.0102586089716,12.0456265171301,12.0971514407424,12.11125867641,12.1478104140984,12.1689816110916,12.2247876953971,12.2300215558278,12.2937303996122,12.3094263181233,12.3605167370297,12.4219484737327,12.4314270638819,12.5050464172607,12.5479747169431,12.5672142732213,12.6437202282387,12.6537499635691,12.6888250491785,12.7195443220523,12.7962262838715,12.8120852256991,12.8371644545121,12.904806822386,12.9507474226394,12.9816383946688,12.9906028460884,12.9951056435234,13.083132420909,13.1475219016958,13.1593963750904,13.2170867819243,13.2424002455546,13.2621249579036,13.3178829107069,13.3603770611998,13.381541436313,13.4731124661233,13.5092169376274,13.5433293868549,13.5785610291174,13.5889621367082,13.6184512927095,13.6600512076347,13.7239439179791,13.75892509394,13.7788702640951,13.7998043648452,13.8942410213801,13.9174551142404,13.9969814870644,14.0657560232812,14.0832548291304,14.141366475701,14.1704576834658,14.2236431812809,14.258092628055,14.3599816195366,14.394154596429,14.430749877832,14.461832531908,14.5505336706372,14.6030828761971,14.6239852425844,14.665850261961,14.703979937438,14.7322909424619,14.8262710100701,14.9397990030199,15.000893615281,15.0496727489761,15.0691373567462,15.0971427674233,15.1894340487236,15.2418073515465,15.3155220982144,15.3718935035647,15.4309429844457,15.4860441028238,15.5648003121596,15.6149864953701,15.7353253718568,15.8049985251116,15.8289732001295,15.9962656036597,16.0595494929374,16.15240530783,16.2061342210643,16.3859603331377,16.4691159099045,16.5453690333344,16.579778553366,16.6440335317,16.7392302757341,16.8459233732666,16.9294810760672,17.0053563494611,17.1349190736172,17.3228450164916,17.4331345716295,17.7911336375645,17.9805251293645,18.1260267161149,18.2392024784685,18.3338349864832,18.4279394601094,18.6508465770823,18.7422037231564,19.0238109345309,19.1483533835688,19.4522861363677,19.5665464586565,19.8378362229578,19.9806221737884,20.1941992098884,20.4348881304801,21.0239052398293,21.3468242605152,23.3292435259197,NA,NA,NA,NA,NA,NA,NA,NA,NA,NA,NA,NA,NA,NA,NA,NA,NA,NA,NA,NA,NA,NA,NA,NA,NA,NA,NA,NA,NA,NA,NA,NA,NA,NA,NA,NA,NA,NA,NA,NA,NA,NA
0.525725509576561,0.613211871851013,0.777377105202178,0.876419328452504,0.982279133550005,1.20330622534214,1.33257746947293,1.4717614923826,1.59926302736345,1.6442001365273,1.77814697217618,1.88174811838873,1.92336718183255,2.04376222411376,2.13091711199018,2.14837372317816,2.25117068519988,2.45959306135129,2.51016841634566,2.63263809489739,2.71290020153458,2.80031498066635,2.81971882174158,2.89418626490696,2.95275112429867,3.00894118344023,3.05674201665919,3.09871492739253,3.12815591720338,3.12893619091062,3.31074945943889,3.34036668603541,3.36335650235602,3.40493042727099,3.53450019579248,3.55214518112727,3.62420335409832,3.69594869405584,3.73887997234481,3.76659154392436,3.80151409022168,3.81618424343176,3.90101039443512,3.92936517955053,3.98794793509796,4.01183747468937,4.07069222176942,4.16224041646683,4.19239923208174,4.24266511286229,4.26212858607797,4.30314027458584,4.3576534970661,4.37731251349503,4.42778555609847,4.48099014946756,4.53531516683052,4.57826234107736,4.60029080641606,4.62589436725914,4.66369683765488,4.77767680127529,4.80122635041215,4.83091255961232,4.86334645338085,4.90704463983267,4.95624696775974,4.97061067226774,5.02435813493385,5.06474139378647,5.09139348311915,5.10302655848921,5.12282193855377,5.1388754740191,5.20557480035715,5.23390467345053,5.25959038681361,5.28260296033403,5.31539959847653,5.35246369622479,5.3624236047996,5.3802292949599,5.44027991910683,5.47163359178621,5.52316298483635,5.55686707048053,5.5697758015382,5.5948275932174,5.65070417711283,5.6984351201657,5.73535341065071,5.74242228847356,5.77621067366232,5.79757549355121,5.86578941682363,5.89012970230211,5.90908675328409,5.93311618213877,5.95530395392651,6.00384818654895,6.02949700492286,6.04570175863448,6.06844664820325,6.07426879578539,6.12209345752697,6.17416964136818,6.19122820230398,6.22638601177418,6.25966242936058,6.27385800955741,6.32735633129655,6.33715645110596,6.35038690326799,6.35373163413951,6.36347631972017,6.39946520899114,6.42761520942939,6.45232745831433,6.46506740266067,6.52184522166857,6.54548267763418,6.57233384173573,6.58914100041881,6.66580590900246,6.6764764634403,6.70872565729718,6.73335462369362,6.74974999119637,6.77672007330506,6.82259008173774,6.85718407795765,6.87600673652752,6.89187229163755,6.92164992717042,6.9383259108823,6.95446736593371,6.98045449013414,7.00519223476842,7.03523559979888,7.04794112128181,7.0875902124558,7.10395973023471,7.11817944903536,7.17989990107876,7.18932980354871,7.20569858680756,7.24062226463586,7.26080959435698,7.28665922192009,7.29843313923104,7.3301123122414,7.34709622304418,7.371843325533,7.41696240442264,7.41997937076651,7.45439727079566,7.46584055911773,7.48006126666929,7.52199848850561,7.54373293705165,7.55277858504211,7.55992935848416,7.58732437338219,7.60337231473496,7.64478387057891,7.64726307237308,7.67516270977204,7.70552057501783,7.72575895387549,7.73621833336584,7.7790043570868,7.79571014713174,7.80939197720071,7.82903623796955,7.87435208219044,7.89003060324783,7.9100539357311,7.93178008644733,7.96150713838865,8.01473489464524,8.01635809776356,8.03035227034438,8.06589628861553,8.08585255367515,8.12077428286276,8.14281275653412,8.18215625067261,8.20770082764435,8.22465490216627,8.27809988118057,8.30111420609729,8.32188837221982,8.33180801828525,8.35614792660323,8.37142797996135,8.39861878208368,8.4246839496106,8.43643900951377,8.45439347199112,8.48604769781573,8.50247466291426,8.52175001263252,8.5462052270998,8.60546515427071,8.62455219163623,8.64245561472198,8.68325290217149,8.71345643527741,8.74454769585699,8.76006325861251,8.78883075938751,8.81225755050659,8.83940619721183,8.86069253736168,8.87247113383423,8.90887877162132,8.94105194554698,8.94763825708464,9.01859844370341,9.03181633067486,9.06461521100468,9.08153824172518,9.10235916240012,9.13279826169425,9.16185020829261,9.19501463607937,9.23930304546653,9.2732643043219,9.31609668360425,9.32174581518536,9.36652423319196,9.3837390394792,9.4115659049523,9.4506209178789,9.47871664375131,9.48402084794211,9.51452988225167,9.56155102239779,9.5775505572291,9.60283248174679,9.63163374504837,9.66597393158849,9.70797510710558,9.72713049118114,9.75662854962213,9.80314274312222,9.81345845280249,9.83551444610253,9.86552504571045,9.87528972256474,9.9479631579859,9.97072781739355,10.0052345399885,10.04004891527,10.0462550913575,10.0774728421407,10.1220211765427,10.1331585994187,10.1465452916159,10.2124698654833,10.2216222214777,10.2617789907267,10.3188807885486,10.3581428728174,10.3830447526726,10.4187541619533,10.4506629371005,10.5068443887883,10.5140024984651,10.5318869602504,10.5545161025936,10.6087742258453,10.6606821676577,10.6850981621584,10.7630863661218,10.8089012780568,10.8308940719401,10.8716585767499,10.9025927537549,10.9558835055642,10.9675454882993,11.010609758539,11.0515306707478,11.1262550093926,11.1461272471546,11.181763039448,11.1983886169913,11.2562775134452,11.2865784972493,11.2985424036921,11.3346396533545,11.3757563054844,11.4441583795219,11.4711608298006,11.5296871021096,11.5478552317301,11.589379085113,11.6099142786982,11.6295331703114,11.6851166071096,11.7185769238094,11.7421804279466,11.8031165051214,11.8353832213925,11.8969083452006,11.9382649696,11.9579664541495,12.0102586089716,12.0456265171301,12.0971514407424,12.11125867641,12.1478104140984,12.1689816110916,12.2247876953971,12.2300215558278,12.2937303996122,12.3094263181233,12.3605167370297,12.4219484737327,12.4314270638819,12.5050464172607,12.5479747169431,12.5672142732213,12.6437202282387,12.6537499635691,12.6888250491785,12.7195443220523,12.7962262838715,12.8120852256991,12.8371644545121,12.904806822386,12.9507474226394,12.9816383946688,12.9906028460884,12.9951056435234,13.083132420909,13.1475219016958,13.1593963750904,13.2170867819243,13.2424002455546,13.2621249579036,13.3178829107069,13.3603770611998,13.381541436313,13.4731124661233,13.5092169376274,13.5433293868549,13.5785610291174,13.5889621367082,13.6184512927095,13.6600512076347,13.7239439179791,13.75892509394,13.7788702640951,13.7998043648452,13.8942410213801,13.9174551142404,13.9969814870644,14.0657560232812,14.0832548291304,14.141366475701,14.1704576834658,14.2236431812809,14.258092628055,14.3599816195366,14.394154596429,14.430749877832,14.461832531908,14.5505336706372,14.6030828761971,14.6239852425844,14.665850261961,14.703979937438,14.7322909424619,14.8262710100701,14.9397990030199,15.000893615281,15.0496727489761,15.0691373567462,15.0971427674233,15.1894340487236,15.2418073515465,15.3155220982144,15.3718935035647,15.4309429844457,15.4860441028238,15.5648003121596,15.6149864953701,15.7353253718568,15.8049985251116,15.8289732001295,15.9962656036597,16.0595494929374,16.15240530783,16.2061342210643,16.3859603331377,16.4691159099045,16.5453690333344,16.579778553366,16.6440335317,16.7392302757341,16.8459233732666,16.9294810760672,17.0053563494611,17.1349190736172,17.3228450164916,17.4331345716295,17.7911336375645,17.9805251293645,18.1260267161149,18.2392024784685,18.3338349864832,18.4279394601094,18.6508465770823,18.7422037231564,19.0238109345309,19.1483533835688,19.4522861363677,19.5665464586565,19.8378362229578,19.9806221737884,20.1941992098884,20.4348881304801,21.0239052398293,21.3468242605152,23.3292435259197,NA,NA,NA,NA,NA,NA,NA,NA,NA,NA,NA,NA,NA,NA,NA,NA,NA,NA,NA,NA,NA,NA,NA,NA,NA,NA,NA,NA,NA,NA,NA,NA,NA,NA,NA,NA,NA,NA,NA,NA,NA,NA
0.525725509576561,0.613211871851013,0.777377105202178,0.876419328452504,0.982279133550005,1.20330622534214,1.33257746947293,1.4717614923826,1.59926302736345,1.6442001365273,1.77814697217618,1.88174811838873,1.92336718183255,2.04376222411376,2.13091711199018,2.14837372317816,2.25117068519988,2.45959306135129,2.51016841634566,2.63263809489739,2.71290020153458,2.80031498066635,2.81971882174158,2.89418626490696,2.95275112429867,3.00894118344023,3.05674201665919,3.09871492739253,3.12815591720338,3.12893619091062,3.31074945943889,3.34036668603541,3.36335650235602,3.40493042727099,3.53450019579248,3.55214518112727,3.62420335409832,3.69594869405584,3.73887997234481,3.76659154392436,3.80151409022168,3.81618424343176,3.90101039443512,3.92936517955053,3.98794793509796,4.01183747468937,4.07069222176942,4.16224041646683,4.19239923208174,4.24266511286229,4.26212858607797,4.30314027458584,4.3576534970661,4.37731251349503,4.42778555609847,4.48099014946756,4.53531516683052,4.57826234107736,4.60029080641606,4.62589436725914,4.66369683765488,4.77767680127529,4.80122635041215,4.83091255961232,4.86334645338085,4.90704463983267,4.95624696775974,4.97061067226774,5.02435813493385,5.06474139378647,5.09139348311915,5.10302655848921,5.12282193855377,5.1388754740191,5.20557480035715,5.23390467345053,5.25959038681361,5.28260296033403,5.31539959847653,5.35246369622479,5.3624236047996,5.3802292949599,5.44027991910683,5.47163359178621,5.52316298483635,5.55686707048053,5.5697758015382,5.5948275932174,5.65070417711283,5.6984351201657,5.73535341065071,5.74242228847356,5.77621067366232,5.79757549355121,5.86578941682363,5.89012970230211,5.90908675328409,5.93311618213877,5.95530395392651,6.00384818654895,6.02949700492286,6.04570175863448,6.06844664820325,6.07426879578539,6.12209345752697,6.17416964136818,6.19122820230398,6.22638601177418,6.25966242936058,6.27385800955741,6.32735633129655,6.33715645110596,6.35038690326799,6.35373163413951,6.36347631972017,6.39946520899114,6.42761520942939,6.45232745831433,6.46506740266067,6.52184522166857,6.54548267763418,6.57233384173573,6.58914100041881,6.66580590900246,6.6764764634403,6.70872565729718,6.73335462369362,6.74974999119637,6.77672007330506,6.82259008173774,6.85718407795765,6.87600673652752,6.89187229163755,6.92164992717042,6.9383259108823,6.95446736593371,6.98045449013414,7.00519223476842,7.03523559979888,7.04794112128181,7.0875902124558,7.10395973023471,7.11817944903536,7.17989990107876,7.18932980354871,7.20569858680756,7.24062226463586,7.26080959435698,7.28665922192009,7.29843313923104,7.3301123122414,7.34709622304418,7.371843325533,7.41696240442264,7.41997937076651,7.45439727079566,7.46584055911773,7.48006126666929,7.52199848850561,7.54373293705165,7.55277858504211,7.55992935848416,7.58732437338219,7.60337231473496,7.64478387057891,7.64726307237308,7.67516270977204,7.70552057501783,7.72575895387549,7.73621833336584,7.7790043570868,7.79571014713174,7.80939197720071,7.82903623796955,7.87435208219044,7.89003060324783,7.9100539357311,7.93178008644733,7.96150713838865,8.01473489464524,8.01635809776356,8.03035227034438,8.06589628861553,8.08585255367515,8.12077428286276,8.14281275653412,8.18215625067261,8.20770082764435,8.22465490216627,8.27809988118057,8.30111420609729,8.32188837221982,8.33180801828525,8.35614792660323,8.37142797996135,8.39861878208368,8.4246839496106,8.43643900951377,8.45439347199112,8.48604769781573,8.50247466291426,8.52175001263252,8.5462052270998,8.60546515427071,8.62455219163623,8.64245561472198,8.68325290217149,8.71345643527741,8.74454769585699,8.76006325861251,8.78883075938751,8.81225755050659,8.83940619721183,8.86069253736168,8.87247113383423,8.90887877162132,8.94105194554698,8.94763825708464,9.01859844370341,9.03181633067486,9.06461521100468,9.08153824172518,9.10235916240012,9.13279826169425,9.16185020829261,9.19501463607937,9.23930304546653,9.2732643043219,9.31609668360425,9.32174581518536,9.36652423319196,9.3837390394792,9.4115659049523,9.4506209178789,9.47871664375131,9.48402084794211,9.51452988225167,9.56155102239779,9.5775505572291,9.60283248174679,9.63163374504837,9.66597393158849,9.70797510710558,9.72713049118114,9.75662854962213,9.80314274312222,9.81345845280249,9.83551444610253,9.86552504571045,9.87528972256474,9.9479631579859,9.97072781739355,10.0052345399885,10.04004891527,10.0462550913575,10.0774728421407,10.1220211765427,10.1331585994187,10.1465452916159,10.2124698654833,10.2216222214777,10.2617789907267,10.3188807885486,10.3581428728174,10.3830447526726,10.4187541619533,10.4506629371005,10.5068443887883,10.5140024984651,10.5318869602504,10.5545161025936,10.6087742258453,10.6606821676577,10.6850981621584,10.7630863661218,10.8089012780568,10.8308940719401,10.8716585767499,10.9025927537549,10.9558835055642,10.9675454882993,11.010609758539,11.0515306707478,11.1262550093926,11.1461272471546,11.181763039448,11.1983886169913,11.2562775134452,11.2865784972493,11.2985424036921,11.3346396533545,11.3757563054844,11.4441583795219,11.4711608298006,11.5296871021096,11.5478552317301,11.589379085113,11.6099142786982,11.6295331703114,11.6851166071096,11.7185769238094,11.7421804279466,11.8031165051214,11.8353832213925,11.8969083452006,11.9382649696,11.9579664541495,12.0102586089716,12.0456265171301,12.0971514407424,12.11125867641,12.1478104140984,12.1689816110916,12.2247876953971,12.2300215558278,12.2937303996122,12.3094263181233,12.3605167370297,12.4219484737327,12.4314270638819,12.5050464172607,12.5479747169431,12.5672142732213,12.6437202282387,12.6537499635691,12.6888250491785,12.7195443220523,12.7962262838715,12.8120852256991,12.8371644545121,12.904806822386,12.9507474226394,12.9816383946688,12.9906028460884,12.9951056435234,13.083132420909,13.1475219016958,13.1593963750904,13.2170867819243,13.2424002455546,13.2621249579036,13.3178829107069,13.3603770611998,13.381541436313,13.4731124661233,13.5092169376274,13.5433293868549,13.5785610291174,13.5889621367082,13.6184512927095,13.6600512076347,13.7239439179791,13.75892509394,13.7788702640951,13.7998043648452,13.8942410213801,13.9174551142404,13.9969814870644,14.0657560232812,14.0832548291304,14.141366475701,14.1704576834658,14.2236431812809,14.258092628055,14.3599816195366,14.394154596429,14.430749877832,14.461832531908,14.5505336706372,14.6030828761971,14.6239852425844,14.665850261961,14.703979937438,14.7322909424619,14.8262710100701,14.9397990030199,15.000893615281,15.0496727489761,15.0691373567462,15.0971427674233,15.1894340487236,15.2418073515465,15.3155220982144,15.3718935035647,15.4309429844457,15.4860441028238,15.5648003121596,15.6149864953701,15.7353253718568,15.8049985251116,15.8289732001295,15.9962656036597,16.0595494929374,16.15240530783,16.2061342210643,16.3859603331377,16.4691159099045,16.5453690333344,16.579778553366,16.6440335317,16.7392302757341,16.8459233732666,16.9294810760672,17.0053563494611,17.1349190736172,17.3228450164916,17.4331345716295,17.7911336375645,17.9805251293645,18.1260267161149,18.2392024784685,18.3338349864832,18.4279394601094,18.6508465770823,18.7422037231564,19.0238109345309,19.1483533835688,19.4522861363677,19.5665464586565,19.8378362229578,19.9806221737884,20.1941992098884,20.4348881304801,21.0239052398293,21.3468242605152,23.3292435259197,NA,NA,NA,NA,NA,NA,NA,NA,NA,NA,NA,NA,NA,NA,NA,NA,NA,NA,NA,NA,NA,NA,NA,NA,NA,NA,NA,NA,NA,NA,NA,NA,NA,NA,NA,NA,NA,NA,NA,NA,NA,NA
0.525725509576561,0.613211871851013,0.777377105202178,0.876419328452504,0.982279133550005,1.20330622534214,1.33257746947293,1.4717614923826,1.59926302736345,1.6442001365273,1.77814697217618,1.88174811838873,1.92336718183255,2.04376222411376,2.13091711199018,2.14837372317816,2.25117068519988,2.45959306135129,2.51016841634566,2.63263809489739,2.71290020153458,2.80031498066635,2.81971882174158,2.89418626490696,2.95275112429867,3.00894118344023,3.05674201665919,3.09871492739253,3.12815591720338,3.12893619091062,3.31074945943889,3.34036668603541,3.36335650235602,3.40493042727099,3.53450019579248,3.55214518112727,3.62420335409832,3.69594869405584,3.73887997234481,3.76659154392436,3.80151409022168,3.81618424343176,3.90101039443512,3.92936517955053,3.98794793509796,4.01183747468937,4.07069222176942,4.16224041646683,4.19239923208174,4.24266511286229,4.26212858607797,4.30314027458584,4.3576534970661,4.37731251349503,4.42778555609847,4.48099014946756,4.53531516683052,4.57826234107736,4.60029080641606,4.62589436725914,4.66369683765488,4.77767680127529,4.80122635041215,4.83091255961232,4.86334645338085,4.90704463983267,4.95624696775974,4.97061067226774,5.02435813493385,5.06474139378647,5.09139348311915,5.10302655848921,5.12282193855377,5.1388754740191,5.20557480035715,5.23390467345053,5.25959038681361,5.28260296033403,5.31539959847653,5.35246369622479,5.3624236047996,5.3802292949599,5.44027991910683,5.47163359178621,5.52316298483635,5.55686707048053,5.5697758015382,5.5948275932174,5.65070417711283,5.6984351201657,5.73535341065071,5.74242228847356,5.77621067366232,5.79757549355121,5.86578941682363,5.89012970230211,5.90908675328409,5.93311618213877,5.95530395392651,6.00384818654895,6.02949700492286,6.04570175863448,6.06844664820325,6.07426879578539,6.12209345752697,6.17416964136818,6.19122820230398,6.22638601177418,6.25966242936058,6.27385800955741,6.32735633129655,6.33715645110596,6.35038690326799,6.35373163413951,6.36347631972017,6.39946520899114,6.42761520942939,6.45232745831433,6.46506740266067,6.52184522166857,6.54548267763418,6.57233384173573,6.58914100041881,6.66580590900246,6.6764764634403,6.70872565729718,6.73335462369362,6.74974999119637,6.77672007330506,6.82259008173774,6.85718407795765,6.87600673652752,6.89187229163755,6.92164992717042,6.9383259108823,6.95446736593371,6.98045449013414,7.00519223476842,7.03523559979888,7.04794112128181,7.0875902124558,7.10395973023471,7.11817944903536,7.17989990107876,7.18932980354871,7.20569858680756,7.24062226463586,7.26080959435698,7.28665922192009,7.29843313923104,7.3301123122414,7.34709622304418,7.371843325533,7.41696240442264,7.41997937076651,7.45439727079566,7.46584055911773,7.48006126666929,7.52199848850561,7.54373293705165,7.55277858504211,7.55992935848416,7.58732437338219,7.60337231473496,7.64478387057891,7.64726307237308,7.67516270977204,7.70552057501783,7.72575895387549,7.73621833336584,7.7790043570868,7.79571014713174,7.80939197720071,7.82903623796955,7.87435208219044,7.89003060324783,7.9100539357311,7.93178008644733,7.96150713838865,8.01473489464524,8.01635809776356,8.03035227034438,8.06589628861553,8.08585255367515,8.12077428286276,8.14281275653412,8.18215625067261,8.20770082764435,8.22465490216627,8.27809988118057,8.30111420609729,8.32188837221982,8.33180801828525,8.35614792660323,8.37142797996135,8.39861878208368,8.4246839496106,8.43643900951377,8.45439347199112,8.48604769781573,8.50247466291426,8.52175001263252,8.5462052270998,8.60546515427071,8.62455219163623,8.64245561472198,8.68325290217149,8.71345643527741,8.74454769585699,8.76006325861251,8.78883075938751,8.81225755050659,8.83940619721183,8.86069253736168,8.87247113383423,8.90887877162132,8.94105194554698,8.94763825708464,9.01859844370341,9.03181633067486,9.06461521100468,9.08153824172518,9.10235916240012,9.13279826169425,9.16185020829261,9.19501463607937,9.23930304546653,9.2732643043219,9.31609668360425,9.32174581518536,9.36652423319196,9.3837390394792,9.4115659049523,9.4506209178789,9.47871664375131,9.48402084794211,9.51452988225167,9.56155102239779,9.5775505572291,9.60283248174679,9.63163374504837,9.66597393158849,9.70797510710558,9.72713049118114,9.75662854962213,9.80314274312222,9.81345845280249,9.83551444610253,9.86552504571045,9.87528972256474,9.9479631579859,9.97072781739355,10.0052345399885,10.04004891527,10.0462550913575,10.0774728421407,10.1220211765427,10.1331585994187,10.1465452916159,10.2124698654833,10.2216222214777,10.2617789907267,10.3188807885486,10.3581428728174,10.3830447526726,10.4187541619533,10.4506629371005,10.5068443887883,10.5140024984651,10.5318869602504,10.5545161025936,10.6087742258453,10.6606821676577,10.6850981621584,10.7630863661218,10.8089012780568,10.8308940719401,10.8716585767499,10.9025927537549,10.9558835055642,10.9675454882993,11.010609758539,11.0515306707478,11.1262550093926,11.1461272471546,11.181763039448,11.1983886169913,11.2562775134452,11.2865784972493,11.2985424036921,11.3346396533545,11.3757563054844,11.4441583795219,11.4711608298006,11.5296871021096,11.5478552317301,11.589379085113,11.6099142786982,11.6295331703114,11.6851166071096,11.7185769238094,11.7421804279466,11.8031165051214,11.8353832213925,11.8969083452006,11.9382649696,11.9579664541495,12.0102586089716,12.0456265171301,12.0971514407424,12.11125867641,12.1478104140984,12.1689816110916,12.2247876953971,12.2300215558278,12.2937303996122,12.3094263181233,12.3605167370297,12.4219484737327,12.4314270638819,12.5050464172607,12.5479747169431,12.5672142732213,12.6437202282387,12.6537499635691,12.6888250491785,12.7195443220523,12.7962262838715,12.8120852256991,12.8371644545121,12.904806822386,12.9507474226394,12.9816383946688,12.9906028460884,12.9951056435234,13.083132420909,13.1475219016958,13.1593963750904,13.2170867819243,13.2424002455546,13.2621249579036,13.3178829107069,13.3603770611998,13.381541436313,13.4731124661233,13.5092169376274,13.5433293868549,13.5785610291174,13.5889621367082,13.6184512927095,13.6600512076347,13.7239439179791,13.75892509394,13.7788702640951,13.7998043648452,13.8942410213801,13.9174551142404,13.9969814870644,14.0657560232812,14.0832548291304,14.141366475701,14.1704576834658,14.2236431812809,14.258092628055,14.3599816195366,14.394154596429,14.430749877832,14.461832531908,14.5505336706372,14.6030828761971,14.6239852425844,14.665850261961,14.703979937438,14.7322909424619,14.8262710100701,14.9397990030199,15.000893615281,15.0496727489761,15.0691373567462,15.0971427674233,15.1894340487236,15.2418073515465,15.3155220982144,15.3718935035647,15.4309429844457,15.4860441028238,15.5648003121596,15.6149864953701,15.7353253718568,15.8049985251116,15.8289732001295,15.9962656036597,16.0595494929374,16.15240530783,16.2061342210643,16.3859603331377,16.4691159099045,16.5453690333344,16.579778553366,16.6440335317,16.7392302757341,16.8459233732666,16.9294810760672,17.0053563494611,17.1349190736172,17.3228450164916,17.4331345716295,17.7911336375645,17.9805251293645,18.1260267161149,18.2392024784685,18.3338349864832,18.4279394601094,18.6508465770823,18.7422037231564,19.0238109345309,19.1483533835688,19.4522861363677,19.5665464586565,19.8378362229578,19.9806221737884,20.1941992098884,20.4348881304801,21.0239052398293,21.3468242605152,23.3292435259197,NA,NA,NA,NA,NA,NA,NA,NA,NA,NA,NA,NA,NA,NA,NA,NA,NA,NA,NA,NA,NA,NA,NA,NA,NA,NA,NA,NA,NA,NA,NA,NA,NA,NA,NA,NA,NA,NA,NA,NA,NA,NA
0.535347805994956,0.600043990476218,0.718322574521694,0.994659006442158,1.07660454444882,1.27355038557182,1.41318030168279,1.50456114624353,1.52317612271472,1.75666054463568,1.7976422277967,1.80995499064714,1.88310652900523,1.94118371179728,2.19004640717344,2.20302083263084,2.28629743384636,2.42825644927023,2.52765120447611,2.53839538536986,2.61244172632687,2.68124807628617,2.72610537387649,2.78031382098352,2.88759595380696,2.96111215574675,2.99934267875158,3.06158571313214,3.13175778227276,3.16901355288221,3.22761345836655,3.30939403689668,3.38765030444131,3.44860676856422,3.45822433265552,3.4943823334794,3.57713207788775,3.61255458042392,3.70681607584098,3.75736940133087,3.78876326064784,3.82838985416491,3.86585309757563,3.90793223942677,3.93827970588706,4.03986346441936,4.09766166099759,4.13527253359392,4.20633503094681,4.24957222438117,4.26826000082852,4.28458804068541,4.32543817588221,4.39207237500087,4.4105405444064,4.446443860252,4.50855548673894,4.54912570623912,4.61159611597585,4.64502201503552,4.65902677536125,4.7329719180815,4.79843539476282,4.82574172865124,4.85373055135578,4.90613220047497,4.9270527859986,4.97027696321178,5.00458291928422,5.06822929626611,5.08433198074947,5.08873475442274,5.13668491816875,5.15519853850194,5.17517987001164,5.19363561795038,5.21041668695139,5.27249562383754,5.31020176185005,5.33391603205289,5.34685074123351,5.39363750666266,5.43231299335726,5.44959479425057,5.4919414161175,5.52390627913036,5.57778905552943,5.6157362725745,5.63303023147045,5.68283435983198,5.71435912356264,5.72218582320322,5.74106372103394,5.79421640719839,5.84519272785887,5.87563787479613,5.88267554603451,5.91586103199506,5.93113291931898,5.94883500138991,5.96215035103189,5.99843996488387,6.02413401683724,6.04586562670739,6.06787675259358,6.06998416566439,6.13317697352571,6.13631504150696,6.15846908008812,6.20736086514586,6.24724423969593,6.26920477988021,6.32144414499656,6.3340136838322,6.3522579080839,6.36071111246862,6.40038675536751,6.41141271540368,6.43485667924665,6.43685366906276,6.48631414571578,6.50189973153337,6.56438727804804,6.59748475145434,6.60601667180111,6.65461959450255,6.69926847235466,6.72395526873232,6.75325851473609,6.76786721403879,6.81388516223769,6.82739148222962,6.84723765526373,6.87230153468308,6.88060983370392,6.91849106371582,6.93579035692631,6.95802011081823,6.97144247823116,6.99716907430422,7.01812513013277,7.02139117633384,7.05922830662296,7.10950627678896,7.12741139368838,7.15265744764468,7.17335234692334,7.21284246957487,7.21584055424116,7.24371662000068,7.25762572844988,7.28963925491986,7.30336170927804,7.32241263584075,7.35576887334011,7.37771843105325,7.39507398306365,7.43272195404315,7.45117483514874,7.4587493121291,7.4805245758848,7.51165508709814,7.53100461880958,7.55444938135821,7.57392065247301,7.61960563245275,7.6240789793988,7.66126109717086,7.6781184995091,7.69750826779503,7.70968481355785,7.7306002271112,7.77521789686939,7.78513887112975,7.81205907673448,7.85491632303137,7.86109578055967,7.87249116939806,7.88981666296821,7.93786898818999,7.94391271132801,7.96338442608792,8.02597861938211,8.03336635998419,8.07832536141499,8.09013578520871,8.10295863325498,8.10531880951074,8.16584371334747,8.17711939105952,8.20268197224925,8.23694797614721,8.28065248198858,8.28097442136898,8.31122538290584,8.33105913650118,8.36538297185669,8.39058995919552,8.40858639967023,8.43662207669305,8.45632212459985,8.47124417547533,8.50428129423902,8.51183049933178,8.55847095529333,8.58026176063984,8.59888898019918,8.63944272350981,8.64586063877615,8.65268652558212,8.70609117388301,8.73653614294284,8.74696121113115,8.76905964348077,8.7836511726987,8.80616217256478,8.82809140450415,8.87015429782843,8.90750267312509,8.91417158107715,8.94952703787322,9.00294398465118,9.04158307807326,9.07663024972159,9.09450572649857,9.10934852918352,9.13083722389492,9.17363109467006,9.2282195874785,9.24225910025351,9.28915041155414,9.30361840318441,9.32707927122853,9.37849006695953,9.38908539567927,9.41758531196735,9.44952294149698,9.4710237490838,9.51090891942277,9.51730968743081,9.57556754172606,9.60708999151944,9.62570866483893,9.66652036039524,9.68929438893623,9.70982348224314,9.74076143331136,9.7597942008038,9.79818317094402,9.86308563977047,9.87004957750451,9.92216129053774,9.93619550030022,9.97510632526067,9.98766496127907,10.0245428751879,10.0541150094108,10.0781900782741,10.0947034503373,10.1558685230267,10.1748060516376,10.1976454453711,10.2257109075073,10.2333970400219,10.2627074423206,10.2887388396187,10.3307673392216,10.3510316615519,10.3996240430772,10.4173517293068,10.4489867765283,10.4838196065611,10.5385968961739,10.5694013396354,10.5991683669077,10.645728942459,10.7120165362539,10.7209074795958,10.7550811746563,10.8115241221418,10.8172023997465,10.8731407882066,10.9323718233209,10.9515785634988,11.0349018159165,11.0530069591682,11.0951832378827,11.1343811150178,11.15969177109,11.1722608849133,11.207948875732,11.20998446696,11.2678462412458,11.3405497676079,11.3937749428895,11.4079203900363,11.433449900243,11.4811186170353,11.4986323882626,11.5556915225166,11.5720022569787,11.6020296968871,11.6054250434204,11.7356009453378,11.7513615313324,11.8082412490273,11.8271236208928,11.8437432850182,11.8910856186542,11.9303930663041,11.9356133190664,12.0134146368918,12.0770482119762,12.1077588600811,12.121604482292,12.1491052903481,12.1979866091535,12.2839297107787,12.2948842245749,12.3300486276154,12.344053494963,12.3916236709092,12.4218386499988,12.4793874287729,12.5211863443652,12.5883145320603,12.6414334566546,12.6683817152996,12.6807971139865,12.7471617260488,12.7862764445109,12.8356797637194,12.8657397103196,12.8854145624294,12.938967122596,12.9683476323027,12.9905090797627,13.0326241937565,13.0734483850767,13.1060504512161,13.1619542921045,13.2268102123345,13.2504841509617,13.2702473233698,13.3639145424563,13.3987119743474,13.4294436504735,13.475062829617,13.4999683919184,13.5251469081236,13.5682139023428,13.6180106821728,13.6403230562369,13.6839674883868,13.7243980449821,13.7575116539615,13.799293174543,13.843015985758,13.9018332992772,13.9304397836897,13.9897430637698,14.0138343090726,14.1242947440981,14.1765847226876,14.1983826473066,14.2367568627744,14.2612475245546,14.3589902957307,14.4137081436871,14.4344497138239,14.4787837304465,14.5154113295819,14.5601728053865,14.611605544642,14.6377324749124,14.7033805569324,14.720707436365,14.8288555203048,14.9050944667686,15.0025209184991,15.0389467866191,15.1212693917715,15.2000588631421,15.2244587324709,15.353945108252,15.3617934937124,15.4184978331078,15.4668974470441,15.4887701674568,15.5523050121443,15.7081781764692,15.7418690561788,15.8118474005906,15.8556451602379,15.9734706799398,16.0822349410041,16.0918761366374,16.2339416851943,16.2632463233659,16.4101406911007,16.5090616996912,16.5218685015259,16.6356296519994,16.7369158414214,16.8150805485176,16.9165840460647,17.0130056026453,17.2486420860855,17.4049040308785,17.5959960001826,17.7897244602639,17.9678224885896,18.0874835853482,18.1269015462609,18.32241634192,18.4224504097117,18.7146818477631,18.8364319914168,18.9760922683429,19.1827751132466,19.4046260454411,19.700404785019,19.9939427530507,20.1312663194918,20.2405176285227,20.6219653821633,21.1787172887574,21.5133570497122,23.3466064250987,NA,NA,NA,NA,NA,NA,NA,NA,NA,NA,NA,NA,NA,NA,NA,NA,NA,NA,NA,NA,NA,NA,NA,NA,NA,NA,NA,NA,NA,NA,NA,NA,NA,NA,NA,NA,NA,NA,NA
0.535347805994956,0.600043990476218,0.718322574521694,0.994659006442158,1.07660454444882,1.27355038557182,1.41318030168279,1.50456114624353,1.52317612271472,1.75666054463568,1.7976422277967,1.80995499064714,1.88310652900523,1.94118371179728,2.19004640717344,2.20302083263084,2.28629743384636,2.42825644927023,2.52765120447611,2.53839538536986,2.61244172632687,2.68124807628617,2.72610537387649,2.78031382098352,2.88759595380696,2.96111215574675,2.99934267875158,3.06158571313214,3.13175778227276,3.16901355288221,3.22761345836655,3.30939403689668,3.38765030444131,3.44860676856422,3.45822433265552,3.4943823334794,3.57713207788775,3.61255458042392,3.70681607584098,3.75736940133087,3.78876326064784,3.82838985416491,3.86585309757563,3.90793223942677,3.93827970588706,4.03986346441936,4.09766166099759,4.13527253359392,4.20633503094681,4.24957222438117,4.26826000082852,4.28458804068541,4.32543817588221,4.39207237500087,4.4105405444064,4.446443860252,4.50855548673894,4.54912570623912,4.61159611597585,4.64502201503552,4.65902677536125,4.7329719180815,4.79843539476282,4.82574172865124,4.85373055135578,4.90613220047497,4.9270527859986,4.97027696321178,5.00458291928422,5.06822929626611,5.08433198074947,5.08873475442274,5.13668491816875,5.15519853850194,5.17517987001164,5.19363561795038,5.21041668695139,5.27249562383754,5.31020176185005,5.33391603205289,5.34685074123351,5.39363750666266,5.43231299335726,5.44959479425057,5.4919414161175,5.52390627913036,5.57778905552943,5.6157362725745,5.63303023147045,5.68283435983198,5.71435912356264,5.72218582320322,5.74106372103394,5.79421640719839,5.84519272785887,5.87563787479613,5.88267554603451,5.91586103199506,5.93113291931898,5.94883500138991,5.96215035103189,5.99843996488387,6.02413401683724,6.04586562670739,6.06787675259358,6.06998416566439,6.13317697352571,6.13631504150696,6.15846908008812,6.20736086514586,6.24724423969593,6.26920477988021,6.32144414499656,6.3340136838322,6.3522579080839,6.36071111246862,6.40038675536751,6.41141271540368,6.43485667924665,6.43685366906276,6.48631414571578,6.50189973153337,6.56438727804804,6.59748475145434,6.60601667180111,6.65461959450255,6.69926847235466,6.72395526873232,6.75325851473609,6.76786721403879,6.81388516223769,6.82739148222962,6.84723765526373,6.87230153468308,6.88060983370392,6.91849106371582,6.93579035692631,6.95802011081823,6.97144247823116,6.99716907430422,7.01812513013277,7.02139117633384,7.05922830662296,7.10950627678896,7.12741139368838,7.15265744764468,7.17335234692334,7.21284246957487,7.21584055424116,7.24371662000068,7.25762572844988,7.28963925491986,7.30336170927804,7.32241263584075,7.35576887334011,7.37771843105325,7.39507398306365,7.43272195404315,7.45117483514874,7.4587493121291,7.4805245758848,7.51165508709814,7.53100461880958,7.55444938135821,7.57392065247301,7.61960563245275,7.6240789793988,7.66126109717086,7.6781184995091,7.69750826779503,7.70968481355785,7.7306002271112,7.77521789686939,7.78513887112975,7.81205907673448,7.85491632303137,7.86109578055967,7.87249116939806,7.88981666296821,7.93786898818999,7.94391271132801,7.96338442608792,8.02597861938211,8.03336635998419,8.07832536141499,8.09013578520871,8.10295863325498,8.10531880951074,8.16584371334747,8.17711939105952,8.20268197224925,8.23694797614721,8.28065248198858,8.28097442136898,8.31122538290584,8.33105913650118,8.36538297185669,8.39058995919552,8.40858639967023,8.43662207669305,8.45632212459985,8.47124417547533,8.50428129423902,8.51183049933178,8.55847095529333,8.58026176063984,8.59888898019918,8.63944272350981,8.64586063877615,8.65268652558212,8.70609117388301,8.73653614294284,8.74696121113115,8.76905964348077,8.7836511726987,8.80616217256478,8.82809140450415,8.87015429782843,8.90750267312509,8.91417158107715,8.94952703787322,9.00294398465118,9.04158307807326,9.07663024972159,9.09450572649857,9.10934852918352,9.13083722389492,9.17363109467006,9.2282195874785,9.24225910025351,9.28915041155414,9.30361840318441,9.32707927122853,9.37849006695953,9.38908539567927,9.41758531196735,9.44952294149698,9.4710237490838,9.51090891942277,9.51730968743081,9.57556754172606,9.60708999151944,9.62570866483893,9.66652036039524,9.68929438893623,9.70982348224314,9.74076143331136,9.7597942008038,9.79818317094402,9.86308563977047,9.87004957750451,9.92216129053774,9.93619550030022,9.97510632526067,9.98766496127907,10.0245428751879,10.0541150094108,10.0781900782741,10.0947034503373,10.1558685230267,10.1748060516376,10.1976454453711,10.2257109075073,10.2333970400219,10.2627074423206,10.2887388396187,10.3307673392216,10.3510316615519,10.3996240430772,10.4173517293068,10.4489867765283,10.4838196065611,10.5385968961739,10.5694013396354,10.5991683669077,10.645728942459,10.7120165362539,10.7209074795958,10.7550811746563,10.8115241221418,10.8172023997465,10.8731407882066,10.9323718233209,10.9515785634988,11.0349018159165,11.0530069591682,11.0951832378827,11.1343811150178,11.15969177109,11.1722608849133,11.207948875732,11.20998446696,11.2678462412458,11.3405497676079,11.3937749428895,11.4079203900363,11.433449900243,11.4811186170353,11.4986323882626,11.5556915225166,11.5720022569787,11.6020296968871,11.6054250434204,11.7356009453378,11.7513615313324,11.8082412490273,11.8271236208928,11.8437432850182,11.8910856186542,11.9303930663041,11.9356133190664,12.0134146368918,12.0770482119762,12.1077588600811,12.121604482292,12.1491052903481,12.1979866091535,12.2839297107787,12.2948842245749,12.3300486276154,12.344053494963,12.3916236709092,12.4218386499988,12.4793874287729,12.5211863443652,12.5883145320603,12.6414334566546,12.6683817152996,12.6807971139865,12.7471617260488,12.7862764445109,12.8356797637194,12.8657397103196,12.8854145624294,12.938967122596,12.9683476323027,12.9905090797627,13.0326241937565,13.0734483850767,13.1060504512161,13.1619542921045,13.2268102123345,13.2504841509617,13.2702473233698,13.3639145424563,13.3987119743474,13.4294436504735,13.475062829617,13.4999683919184,13.5251469081236,13.5682139023428,13.6180106821728,13.6403230562369,13.6839674883868,13.7243980449821,13.7575116539615,13.799293174543,13.843015985758,13.9018332992772,13.9304397836897,13.9897430637698,14.0138343090726,14.1242947440981,14.1765847226876,14.1983826473066,14.2367568627744,14.2612475245546,14.3589902957307,14.4137081436871,14.4344497138239,14.4787837304465,14.5154113295819,14.5601728053865,14.611605544642,14.6377324749124,14.7033805569324,14.720707436365,14.8288555203048,14.9050944667686,15.0025209184991,15.0389467866191,15.1212693917715,15.2000588631421,15.2244587324709,15.353945108252,15.3617934937124,15.4184978331078,15.4668974470441,15.4887701674568,15.5523050121443,15.7081781764692,15.7418690561788,15.8118474005906,15.8556451602379,15.9734706799398,16.0822349410041,16.0918761366374,16.2339416851943,16.2632463233659,16.4101406911007,16.5090616996912,16.5218685015259,16.6356296519994,16.7369158414214,16.8150805485176,16.9165840460647,17.0130056026453,17.2486420860855,17.4049040308785,17.5959960001826,17.7897244602639,17.9678224885896,18.0874835853482,18.1269015462609,18.32241634192,18.4224504097117,18.7146818477631,18.8364319914168,18.9760922683429,19.1827751132466,19.4046260454411,19.700404785019,19.9939427530507,20.1312663194918,20.2405176285227,20.6219653821633,21.1787172887574,21.5133570497122,23.3466064250987,NA,NA,NA,NA,NA,NA,NA,NA,NA,NA,NA,NA,NA,NA,NA,NA,NA,NA,NA,NA,NA,NA,NA,NA,NA,NA,NA,NA,NA,NA,NA,NA,NA,NA,NA,NA,NA,NA,NA
0.535347805994956,0.600043990476218,0.718322574521694,0.994659006442158,1.07660454444882,1.27355038557182,1.41318030168279,1.50456114624353,1.52317612271472,1.75666054463568,1.7976422277967,1.80995499064714,1.88310652900523,1.94118371179728,2.19004640717344,2.20302083263084,2.28629743384636,2.42825644927023,2.52765120447611,2.53839538536986,2.61244172632687,2.68124807628617,2.72610537387649,2.78031382098352,2.88759595380696,2.96111215574675,2.99934267875158,3.06158571313214,3.13175778227276,3.16901355288221,3.22761345836655,3.30939403689668,3.38765030444131,3.44860676856422,3.45822433265552,3.4943823334794,3.57713207788775,3.61255458042392,3.70681607584098,3.75736940133087,3.78876326064784,3.82838985416491,3.86585309757563,3.90793223942677,3.93827970588706,4.03986346441936,4.09766166099759,4.13527253359392,4.20633503094681,4.24957222438117,4.26826000082852,4.28458804068541,4.32543817588221,4.39207237500087,4.4105405444064,4.446443860252,4.50855548673894,4.54912570623912,4.61159611597585,4.64502201503552,4.65902677536125,4.7329719180815,4.79843539476282,4.82574172865124,4.85373055135578,4.90613220047497,4.9270527859986,4.97027696321178,5.00458291928422,5.06822929626611,5.08433198074947,5.08873475442274,5.13668491816875,5.15519853850194,5.17517987001164,5.19363561795038,5.21041668695139,5.27249562383754,5.31020176185005,5.33391603205289,5.34685074123351,5.39363750666266,5.43231299335726,5.44959479425057,5.4919414161175,5.52390627913036,5.57778905552943,5.6157362725745,5.63303023147045,5.68283435983198,5.71435912356264,5.72218582320322,5.74106372103394,5.79421640719839,5.84519272785887,5.87563787479613,5.88267554603451,5.91586103199506,5.93113291931898,5.94883500138991,5.96215035103189,5.99843996488387,6.02413401683724,6.04586562670739,6.06787675259358,6.06998416566439,6.13317697352571,6.13631504150696,6.15846908008812,6.20736086514586,6.24724423969593,6.26920477988021,6.32144414499656,6.3340136838322,6.3522579080839,6.36071111246862,6.40038675536751,6.41141271540368,6.43485667924665,6.43685366906276,6.48631414571578,6.50189973153337,6.56438727804804,6.59748475145434,6.60601667180111,6.65461959450255,6.69926847235466,6.72395526873232,6.75325851473609,6.76786721403879,6.81388516223769,6.82739148222962,6.84723765526373,6.87230153468308,6.88060983370392,6.91849106371582,6.93579035692631,6.95802011081823,6.97144247823116,6.99716907430422,7.01812513013277,7.02139117633384,7.05922830662296,7.10950627678896,7.12741139368838,7.15265744764468,7.17335234692334,7.21284246957487,7.21584055424116,7.24371662000068,7.25762572844988,7.28963925491986,7.30336170927804,7.32241263584075,7.35576887334011,7.37771843105325,7.39507398306365,7.43272195404315,7.45117483514874,7.4587493121291,7.4805245758848,7.51165508709814,7.53100461880958,7.55444938135821,7.57392065247301,7.61960563245275,7.6240789793988,7.66126109717086,7.6781184995091,7.69750826779503,7.70968481355785,7.7306002271112,7.77521789686939,7.78513887112975,7.81205907673448,7.85491632303137,7.86109578055967,7.87249116939806,7.88981666296821,7.93786898818999,7.94391271132801,7.96338442608792,8.02597861938211,8.03336635998419,8.07832536141499,8.09013578520871,8.10295863325498,8.10531880951074,8.16584371334747,8.17711939105952,8.20268197224925,8.23694797614721,8.28065248198858,8.28097442136898,8.31122538290584,8.33105913650118,8.36538297185669,8.39058995919552,8.40858639967023,8.43662207669305,8.45632212459985,8.47124417547533,8.50428129423902,8.51183049933178,8.55847095529333,8.58026176063984,8.59888898019918,8.63944272350981,8.64586063877615,8.65268652558212,8.70609117388301,8.73653614294284,8.74696121113115,8.76905964348077,8.7836511726987,8.80616217256478,8.82809140450415,8.87015429782843,8.90750267312509,8.91417158107715,8.94952703787322,9.00294398465118,9.04158307807326,9.07663024972159,9.09450572649857,9.10934852918352,9.13083722389492,9.17363109467006,9.2282195874785,9.24225910025351,9.28915041155414,9.30361840318441,9.32707927122853,9.37849006695953,9.38908539567927,9.41758531196735,9.44952294149698,9.4710237490838,9.51090891942277,9.51730968743081,9.57556754172606,9.60708999151944,9.62570866483893,9.66652036039524,9.68929438893623,9.70982348224314,9.74076143331136,9.7597942008038,9.79818317094402,9.86308563977047,9.87004957750451,9.92216129053774,9.93619550030022,9.97510632526067,9.98766496127907,10.0245428751879,10.0541150094108,10.0781900782741,10.0947034503373,10.1558685230267,10.1748060516376,10.1976454453711,10.2257109075073,10.2333970400219,10.2627074423206,10.2887388396187,10.3307673392216,10.3510316615519,10.3996240430772,10.4173517293068,10.4489867765283,10.4838196065611,10.5385968961739,10.5694013396354,10.5991683669077,10.645728942459,10.7120165362539,10.7209074795958,10.7550811746563,10.8115241221418,10.8172023997465,10.8731407882066,10.9323718233209,10.9515785634988,11.0349018159165,11.0530069591682,11.0951832378827,11.1343811150178,11.15969177109,11.1722608849133,11.207948875732,11.20998446696,11.2678462412458,11.3405497676079,11.3937749428895,11.4079203900363,11.433449900243,11.4811186170353,11.4986323882626,11.5556915225166,11.5720022569787,11.6020296968871,11.6054250434204,11.7356009453378,11.7513615313324,11.8082412490273,11.8271236208928,11.8437432850182,11.8910856186542,11.9303930663041,11.9356133190664,12.0134146368918,12.0770482119762,12.1077588600811,12.121604482292,12.1491052903481,12.1979866091535,12.2839297107787,12.2948842245749,12.3300486276154,12.344053494963,12.3916236709092,12.4218386499988,12.4793874287729,12.5211863443652,12.5883145320603,12.6414334566546,12.6683817152996,12.6807971139865,12.7471617260488,12.7862764445109,12.8356797637194,12.8657397103196,12.8854145624294,12.938967122596,12.9683476323027,12.9905090797627,13.0326241937565,13.0734483850767,13.1060504512161,13.1619542921045,13.2268102123345,13.2504841509617,13.2702473233698,13.3639145424563,13.3987119743474,13.4294436504735,13.475062829617,13.4999683919184,13.5251469081236,13.5682139023428,13.6180106821728,13.6403230562369,13.6839674883868,13.7243980449821,13.7575116539615,13.799293174543,13.843015985758,13.9018332992772,13.9304397836897,13.9897430637698,14.0138343090726,14.1242947440981,14.1765847226876,14.1983826473066,14.2367568627744,14.2612475245546,14.3589902957307,14.4137081436871,14.4344497138239,14.4787837304465,14.5154113295819,14.5601728053865,14.611605544642,14.6377324749124,14.7033805569324,14.720707436365,14.8288555203048,14.9050944667686,15.0025209184991,15.0389467866191,15.1212693917715,15.2000588631421,15.2244587324709,15.353945108252,15.3617934937124,15.4184978331078,15.4668974470441,15.4887701674568,15.5523050121443,15.7081781764692,15.7418690561788,15.8118474005906,15.8556451602379,15.9734706799398,16.0822349410041,16.0918761366374,16.2339416851943,16.2632463233659,16.4101406911007,16.5090616996912,16.5218685015259,16.6356296519994,16.7369158414214,16.8150805485176,16.9165840460647,17.0130056026453,17.2486420860855,17.4049040308785,17.5959960001826,17.7897244602639,17.9678224885896,18.0874835853482,18.1269015462609,18.32241634192,18.4224504097117,18.7146818477631,18.8364319914168,18.9760922683429,19.1827751132466,19.4046260454411,19.700404785019,19.9939427530507,20.1312663194918,20.2405176285227,20.6219653821633,21.1787172887574,21.5133570497122,23.3466064250987,NA,NA,NA,NA,NA,NA,NA,NA,NA,NA,NA,NA,NA,NA,NA,NA,NA,NA,NA,NA,NA,NA,NA,NA,NA,NA,NA,NA,NA,NA,NA,NA,NA,NA,NA,NA,NA,NA,NA
0.535347805994956,0.600043990476218,0.718322574521694,0.994659006442158,1.07660454444882,1.27355038557182,1.41318030168279,1.50456114624353,1.52317612271472,1.75666054463568,1.7976422277967,1.80995499064714,1.88310652900523,1.94118371179728,2.19004640717344,2.20302083263084,2.28629743384636,2.42825644927023,2.52765120447611,2.53839538536986,2.61244172632687,2.68124807628617,2.72610537387649,2.78031382098352,2.88759595380696,2.96111215574675,2.99934267875158,3.06158571313214,3.13175778227276,3.16901355288221,3.22761345836655,3.30939403689668,3.38765030444131,3.44860676856422,3.45822433265552,3.4943823334794,3.57713207788775,3.61255458042392,3.70681607584098,3.75736940133087,3.78876326064784,3.82838985416491,3.86585309757563,3.90793223942677,3.93827970588706,4.03986346441936,4.09766166099759,4.13527253359392,4.20633503094681,4.24957222438117,4.26826000082852,4.28458804068541,4.32543817588221,4.39207237500087,4.4105405444064,4.446443860252,4.50855548673894,4.54912570623912,4.61159611597585,4.64502201503552,4.65902677536125,4.7329719180815,4.79843539476282,4.82574172865124,4.85373055135578,4.90613220047497,4.9270527859986,4.97027696321178,5.00458291928422,5.06822929626611,5.08433198074947,5.08873475442274,5.13668491816875,5.15519853850194,5.17517987001164,5.19363561795038,5.21041668695139,5.27249562383754,5.31020176185005,5.33391603205289,5.34685074123351,5.39363750666266,5.43231299335726,5.44959479425057,5.4919414161175,5.52390627913036,5.57778905552943,5.6157362725745,5.63303023147045,5.68283435983198,5.71435912356264,5.72218582320322,5.74106372103394,5.79421640719839,5.84519272785887,5.87563787479613,5.88267554603451,5.91586103199506,5.93113291931898,5.94883500138991,5.96215035103189,5.99843996488387,6.02413401683724,6.04586562670739,6.06787675259358,6.06998416566439,6.13317697352571,6.13631504150696,6.15846908008812,6.20736086514586,6.24724423969593,6.26920477988021,6.32144414499656,6.3340136838322,6.3522579080839,6.36071111246862,6.40038675536751,6.41141271540368,6.43485667924665,6.43685366906276,6.48631414571578,6.50189973153337,6.56438727804804,6.59748475145434,6.60601667180111,6.65461959450255,6.69926847235466,6.72395526873232,6.75325851473609,6.76786721403879,6.81388516223769,6.82739148222962,6.84723765526373,6.87230153468308,6.88060983370392,6.91849106371582,6.93579035692631,6.95802011081823,6.97144247823116,6.99716907430422,7.01812513013277,7.02139117633384,7.05922830662296,7.10950627678896,7.12741139368838,7.15265744764468,7.17335234692334,7.21284246957487,7.21584055424116,7.24371662000068,7.25762572844988,7.28963925491986,7.30336170927804,7.32241263584075,7.35576887334011,7.37771843105325,7.39507398306365,7.43272195404315,7.45117483514874,7.4587493121291,7.4805245758848,7.51165508709814,7.53100461880958,7.55444938135821,7.57392065247301,7.61960563245275,7.6240789793988,7.66126109717086,7.6781184995091,7.69750826779503,7.70968481355785,7.7306002271112,7.77521789686939,7.78513887112975,7.81205907673448,7.85491632303137,7.86109578055967,7.87249116939806,7.88981666296821,7.93786898818999,7.94391271132801,7.96338442608792,8.02597861938211,8.03336635998419,8.07832536141499,8.09013578520871,8.10295863325498,8.10531880951074,8.16584371334747,8.17711939105952,8.20268197224925,8.23694797614721,8.28065248198858,8.28097442136898,8.31122538290584,8.33105913650118,8.36538297185669,8.39058995919552,8.40858639967023,8.43662207669305,8.45632212459985,8.47124417547533,8.50428129423902,8.51183049933178,8.55847095529333,8.58026176063984,8.59888898019918,8.63944272350981,8.64586063877615,8.65268652558212,8.70609117388301,8.73653614294284,8.74696121113115,8.76905964348077,8.7836511726987,8.80616217256478,8.82809140450415,8.87015429782843,8.90750267312509,8.91417158107715,8.94952703787322,9.00294398465118,9.04158307807326,9.07663024972159,9.09450572649857,9.10934852918352,9.13083722389492,9.17363109467006,9.2282195874785,9.24225910025351,9.28915041155414,9.30361840318441,9.32707927122853,9.37849006695953,9.38908539567927,9.41758531196735,9.44952294149698,9.4710237490838,9.51090891942277,9.51730968743081,9.57556754172606,9.60708999151944,9.62570866483893,9.66652036039524,9.68929438893623,9.70982348224314,9.74076143331136,9.7597942008038,9.79818317094402,9.86308563977047,9.87004957750451,9.92216129053774,9.93619550030022,9.97510632526067,9.98766496127907,10.0245428751879,10.0541150094108,10.0781900782741,10.0947034503373,10.1558685230267,10.1748060516376,10.1976454453711,10.2257109075073,10.2333970400219,10.2627074423206,10.2887388396187,10.3307673392216,10.3510316615519,10.3996240430772,10.4173517293068,10.4489867765283,10.4838196065611,10.5385968961739,10.5694013396354,10.5991683669077,10.645728942459,10.7120165362539,10.7209074795958,10.7550811746563,10.8115241221418,10.8172023997465,10.8731407882066,10.9323718233209,10.9515785634988,11.0349018159165,11.0530069591682,11.0951832378827,11.1343811150178,11.15969177109,11.1722608849133,11.207948875732,11.20998446696,11.2678462412458,11.3405497676079,11.3937749428895,11.4079203900363,11.433449900243,11.4811186170353,11.4986323882626,11.5556915225166,11.5720022569787,11.6020296968871,11.6054250434204,11.7356009453378,11.7513615313324,11.8082412490273,11.8271236208928,11.8437432850182,11.8910856186542,11.9303930663041,11.9356133190664,12.0134146368918,12.0770482119762,12.1077588600811,12.121604482292,12.1491052903481,12.1979866091535,12.2839297107787,12.2948842245749,12.3300486276154,12.344053494963,12.3916236709092,12.4218386499988,12.4793874287729,12.5211863443652,12.5883145320603,12.6414334566546,12.6683817152996,12.6807971139865,12.7471617260488,12.7862764445109,12.8356797637194,12.8657397103196,12.8854145624294,12.938967122596,12.9683476323027,12.9905090797627,13.0326241937565,13.0734483850767,13.1060504512161,13.1619542921045,13.2268102123345,13.2504841509617,13.2702473233698,13.3639145424563,13.3987119743474,13.4294436504735,13.475062829617,13.4999683919184,13.5251469081236,13.5682139023428,13.6180106821728,13.6403230562369,13.6839674883868,13.7243980449821,13.7575116539615,13.799293174543,13.843015985758,13.9018332992772,13.9304397836897,13.9897430637698,14.0138343090726,14.1242947440981,14.1765847226876,14.1983826473066,14.2367568627744,14.2612475245546,14.3589902957307,14.4137081436871,14.4344497138239,14.4787837304465,14.5154113295819,14.5601728053865,14.611605544642,14.6377324749124,14.7033805569324,14.720707436365,14.8288555203048,14.9050944667686,15.0025209184991,15.0389467866191,15.1212693917715,15.2000588631421,15.2244587324709,15.353945108252,15.3617934937124,15.4184978331078,15.4668974470441,15.4887701674568,15.5523050121443,15.7081781764692,15.7418690561788,15.8118474005906,15.8556451602379,15.9734706799398,16.0822349410041,16.0918761366374,16.2339416851943,16.2632463233659,16.4101406911007,16.5090616996912,16.5218685015259,16.6356296519994,16.7369158414214,16.8150805485176,16.9165840460647,17.0130056026453,17.2486420860855,17.4049040308785,17.5959960001826,17.7897244602639,17.9678224885896,18.0874835853482,18.1269015462609,18.32241634192,18.4224504097117,18.7146818477631,18.8364319914168,18.9760922683429,19.1827751132466,19.4046260454411,19.700404785019,19.9939427530507,20.1312663194918,20.2405176285227,20.6219653821633,21.1787172887574,21.5133570497122,23.3466064250987,NA,NA,NA,NA,NA,NA,NA,NA,NA,NA,NA,NA,NA,NA,NA,NA,NA,NA,NA,NA,NA,NA,NA,NA,NA,NA,NA,NA,NA,NA,NA,NA,NA,NA,NA,NA,NA,NA,NA
0.535347805994956,0.600043990476218,0.718322574521694,0.994659006442158,1.07660454444882,1.27355038557182,1.41318030168279,1.50456114624353,1.52317612271472,1.75666054463568,1.7976422277967,1.80995499064714,1.88310652900523,1.94118371179728,2.19004640717344,2.20302083263084,2.28629743384636,2.42825644927023,2.52765120447611,2.53839538536986,2.61244172632687,2.68124807628617,2.72610537387649,2.78031382098352,2.88759595380696,2.96111215574675,2.99934267875158,3.06158571313214,3.13175778227276,3.16901355288221,3.22761345836655,3.30939403689668,3.38765030444131,3.44860676856422,3.45822433265552,3.4943823334794,3.57713207788775,3.61255458042392,3.70681607584098,3.75736940133087,3.78876326064784,3.82838985416491,3.86585309757563,3.90793223942677,3.93827970588706,4.03986346441936,4.09766166099759,4.13527253359392,4.20633503094681,4.24957222438117,4.26826000082852,4.28458804068541,4.32543817588221,4.39207237500087,4.4105405444064,4.446443860252,4.50855548673894,4.54912570623912,4.61159611597585,4.64502201503552,4.65902677536125,4.7329719180815,4.79843539476282,4.82574172865124,4.85373055135578,4.90613220047497,4.9270527859986,4.97027696321178,5.00458291928422,5.06822929626611,5.08433198074947,5.08873475442274,5.13668491816875,5.15519853850194,5.17517987001164,5.19363561795038,5.21041668695139,5.27249562383754,5.31020176185005,5.33391603205289,5.34685074123351,5.39363750666266,5.43231299335726,5.44959479425057,5.4919414161175,5.52390627913036,5.57778905552943,5.6157362725745,5.63303023147045,5.68283435983198,5.71435912356264,5.72218582320322,5.74106372103394,5.79421640719839,5.84519272785887,5.87563787479613,5.88267554603451,5.91586103199506,5.93113291931898,5.94883500138991,5.96215035103189,5.99843996488387,6.02413401683724,6.04586562670739,6.06787675259358,6.06998416566439,6.13317697352571,6.13631504150696,6.15846908008812,6.20736086514586,6.24724423969593,6.26920477988021,6.32144414499656,6.3340136838322,6.3522579080839,6.36071111246862,6.40038675536751,6.41141271540368,6.43485667924665,6.43685366906276,6.48631414571578,6.50189973153337,6.56438727804804,6.59748475145434,6.60601667180111,6.65461959450255,6.69926847235466,6.72395526873232,6.75325851473609,6.76786721403879,6.81388516223769,6.82739148222962,6.84723765526373,6.87230153468308,6.88060983370392,6.91849106371582,6.93579035692631,6.95802011081823,6.97144247823116,6.99716907430422,7.01812513013277,7.02139117633384,7.05922830662296,7.10950627678896,7.12741139368838,7.15265744764468,7.17335234692334,7.21284246957487,7.21584055424116,7.24371662000068,7.25762572844988,7.28963925491986,7.30336170927804,7.32241263584075,7.35576887334011,7.37771843105325,7.39507398306365,7.43272195404315,7.45117483514874,7.4587493121291,7.4805245758848,7.51165508709814,7.53100461880958,7.55444938135821,7.57392065247301,7.61960563245275,7.6240789793988,7.66126109717086,7.6781184995091,7.69750826779503,7.70968481355785,7.7306002271112,7.77521789686939,7.78513887112975,7.81205907673448,7.85491632303137,7.86109578055967,7.87249116939806,7.88981666296821,7.93786898818999,7.94391271132801,7.96338442608792,8.02597861938211,8.03336635998419,8.07832536141499,8.09013578520871,8.10295863325498,8.10531880951074,8.16584371334747,8.17711939105952,8.20268197224925,8.23694797614721,8.28065248198858,8.28097442136898,8.31122538290584,8.33105913650118,8.36538297185669,8.39058995919552,8.40858639967023,8.43662207669305,8.45632212459985,8.47124417547533,8.50428129423902,8.51183049933178,8.55847095529333,8.58026176063984,8.59888898019918,8.63944272350981,8.64586063877615,8.65268652558212,8.70609117388301,8.73653614294284,8.74696121113115,8.76905964348077,8.7836511726987,8.80616217256478,8.82809140450415,8.87015429782843,8.90750267312509,8.91417158107715,8.94952703787322,9.00294398465118,9.04158307807326,9.07663024972159,9.09450572649857,9.10934852918352,9.13083722389492,9.17363109467006,9.2282195874785,9.24225910025351,9.28915041155414,9.30361840318441,9.32707927122853,9.37849006695953,9.38908539567927,9.41758531196735,9.44952294149698,9.4710237490838,9.51090891942277,9.51730968743081,9.57556754172606,9.60708999151944,9.62570866483893,9.66652036039524,9.68929438893623,9.70982348224314,9.74076143331136,9.7597942008038,9.79818317094402,9.86308563977047,9.87004957750451,9.92216129053774,9.93619550030022,9.97510632526067,9.98766496127907,10.0245428751879,10.0541150094108,10.0781900782741,10.0947034503373,10.1558685230267,10.1748060516376,10.1976454453711,10.2257109075073,10.2333970400219,10.2627074423206,10.2887388396187,10.3307673392216,10.3510316615519,10.3996240430772,10.4173517293068,10.4489867765283,10.4838196065611,10.5385968961739,10.5694013396354,10.5991683669077,10.645728942459,10.7120165362539,10.7209074795958,10.7550811746563,10.8115241221418,10.8172023997465,10.8731407882066,10.9323718233209,10.9515785634988,11.0349018159165,11.0530069591682,11.0951832378827,11.1343811150178,11.15969177109,11.1722608849133,11.207948875732,11.20998446696,11.2678462412458,11.3405497676079,11.3937749428895,11.4079203900363,11.433449900243,11.4811186170353,11.4986323882626,11.5556915225166,11.5720022569787,11.6020296968871,11.6054250434204,11.7356009453378,11.7513615313324,11.8082412490273,11.8271236208928,11.8437432850182,11.8910856186542,11.9303930663041,11.9356133190664,12.0134146368918,12.0770482119762,12.1077588600811,12.121604482292,12.1491052903481,12.1979866091535,12.2839297107787,12.2948842245749,12.3300486276154,12.344053494963,12.3916236709092,12.4218386499988,12.4793874287729,12.5211863443652,12.5883145320603,12.6414334566546,12.6683817152996,12.6807971139865,12.7471617260488,12.7862764445109,12.8356797637194,12.8657397103196,12.8854145624294,12.938967122596,12.9683476323027,12.9905090797627,13.0326241937565,13.0734483850767,13.1060504512161,13.1619542921045,13.2268102123345,13.2504841509617,13.2702473233698,13.3639145424563,13.3987119743474,13.4294436504735,13.475062829617,13.4999683919184,13.5251469081236,13.5682139023428,13.6180106821728,13.6403230562369,13.6839674883868,13.7243980449821,13.7575116539615,13.799293174543,13.843015985758,13.9018332992772,13.9304397836897,13.9897430637698,14.0138343090726,14.1242947440981,14.1765847226876,14.1983826473066,14.2367568627744,14.2612475245546,14.3589902957307,14.4137081436871,14.4344497138239,14.4787837304465,14.5154113295819,14.5601728053865,14.611605544642,14.6377324749124,14.7033805569324,14.720707436365,14.8288555203048,14.9050944667686,15.0025209184991,15.0389467866191,15.1212693917715,15.2000588631421,15.2244587324709,15.353945108252,15.3617934937124,15.4184978331078,15.4668974470441,15.4887701674568,15.5523050121443,15.7081781764692,15.7418690561788,15.8118474005906,15.8556451602379,15.9734706799398,16.0822349410041,16.0918761366374,16.2339416851943,16.2632463233659,16.4101406911007,16.5090616996912,16.5218685015259,16.6356296519994,16.7369158414214,16.8150805485176,16.9165840460647,17.0130056026453,17.2486420860855,17.4049040308785,17.5959960001826,17.7897244602639,17.9678224885896,18.0874835853482,18.1269015462609,18.32241634192,18.4224504097117,18.7146818477631,18.8364319914168,18.9760922683429,19.1827751132466,19.4046260454411,19.700404785019,19.9939427530507,20.1312663194918,20.2405176285227,20.6219653821633,21.1787172887574,21.5133570497122,23.3466064250987,NA,NA,NA,NA,NA,NA,NA,NA,NA,NA,NA,NA,NA,NA,NA,NA,NA,NA,NA,NA,NA,NA,NA,NA,NA,NA,NA,NA,NA,NA,NA,NA,NA,NA,NA,NA,NA,NA,NA
0.535347805994956,0.600043990476218,0.718322574521694,0.994659006442158,1.07660454444882,1.27355038557182,1.41318030168279,1.50456114624353,1.52317612271472,1.75666054463568,1.7976422277967,1.80995499064714,1.88310652900523,1.94118371179728,2.19004640717344,2.20302083263084,2.28629743384636,2.42825644927023,2.52765120447611,2.53839538536986,2.61244172632687,2.68124807628617,2.72610537387649,2.78031382098352,2.88759595380696,2.96111215574675,2.99934267875158,3.06158571313214,3.13175778227276,3.16901355288221,3.22761345836655,3.30939403689668,3.38765030444131,3.44860676856422,3.45822433265552,3.4943823334794,3.57713207788775,3.61255458042392,3.70681607584098,3.75736940133087,3.78876326064784,3.82838985416491,3.86585309757563,3.90793223942677,3.93827970588706,4.03986346441936,4.09766166099759,4.13527253359392,4.20633503094681,4.24957222438117,4.26826000082852,4.28458804068541,4.32543817588221,4.39207237500087,4.4105405444064,4.446443860252,4.50855548673894,4.54912570623912,4.61159611597585,4.64502201503552,4.65902677536125,4.7329719180815,4.79843539476282,4.82574172865124,4.85373055135578,4.90613220047497,4.9270527859986,4.97027696321178,5.00458291928422,5.06822929626611,5.08433198074947,5.08873475442274,5.13668491816875,5.15519853850194,5.17517987001164,5.19363561795038,5.21041668695139,5.27249562383754,5.31020176185005,5.33391603205289,5.34685074123351,5.39363750666266,5.43231299335726,5.44959479425057,5.4919414161175,5.52390627913036,5.57778905552943,5.6157362725745,5.63303023147045,5.68283435983198,5.71435912356264,5.72218582320322,5.74106372103394,5.79421640719839,5.84519272785887,5.87563787479613,5.88267554603451,5.91586103199506,5.93113291931898,5.94883500138991,5.96215035103189,5.99843996488387,6.02413401683724,6.04586562670739,6.06787675259358,6.06998416566439,6.13317697352571,6.13631504150696,6.15846908008812,6.20736086514586,6.24724423969593,6.26920477988021,6.32144414499656,6.3340136838322,6.3522579080839,6.36071111246862,6.40038675536751,6.41141271540368,6.43485667924665,6.43685366906276,6.48631414571578,6.50189973153337,6.56438727804804,6.59748475145434,6.60601667180111,6.65461959450255,6.69926847235466,6.72395526873232,6.75325851473609,6.76786721403879,6.81388516223769,6.82739148222962,6.84723765526373,6.87230153468308,6.88060983370392,6.91849106371582,6.93579035692631,6.95802011081823,6.97144247823116,6.99716907430422,7.01812513013277,7.02139117633384,7.05922830662296,7.10950627678896,7.12741139368838,7.15265744764468,7.17335234692334,7.21284246957487,7.21584055424116,7.24371662000068,7.25762572844988,7.28963925491986,7.30336170927804,7.32241263584075,7.35576887334011,7.37771843105325,7.39507398306365,7.43272195404315,7.45117483514874,7.4587493121291,7.4805245758848,7.51165508709814,7.53100461880958,7.55444938135821,7.57392065247301,7.61960563245275,7.6240789793988,7.66126109717086,7.6781184995091,7.69750826779503,7.70968481355785,7.7306002271112,7.77521789686939,7.78513887112975,7.81205907673448,7.85491632303137,7.86109578055967,7.87249116939806,7.88981666296821,7.93786898818999,7.94391271132801,7.96338442608792,8.02597861938211,8.03336635998419,8.07832536141499,8.09013578520871,8.10295863325498,8.10531880951074,8.16584371334747,8.17711939105952,8.20268197224925,8.23694797614721,8.28065248198858,8.28097442136898,8.31122538290584,8.33105913650118,8.36538297185669,8.39058995919552,8.40858639967023,8.43662207669305,8.45632212459985,8.47124417547533,8.50428129423902,8.51183049933178,8.55847095529333,8.58026176063984,8.59888898019918,8.63944272350981,8.64586063877615,8.65268652558212,8.70609117388301,8.73653614294284,8.74696121113115,8.76905964348077,8.7836511726987,8.80616217256478,8.82809140450415,8.87015429782843,8.90750267312509,8.91417158107715,8.94952703787322,9.00294398465118,9.04158307807326,9.07663024972159,9.09450572649857,9.10934852918352,9.13083722389492,9.17363109467006,9.2282195874785,9.24225910025351,9.28915041155414,9.30361840318441,9.32707927122853,9.37849006695953,9.38908539567927,9.41758531196735,9.44952294149698,9.4710237490838,9.51090891942277,9.51730968743081,9.57556754172606,9.60708999151944,9.62570866483893,9.66652036039524,9.68929438893623,9.70982348224314,9.74076143331136,9.7597942008038,9.79818317094402,9.86308563977047,9.87004957750451,9.92216129053774,9.93619550030022,9.97510632526067,9.98766496127907,10.0245428751879,10.0541150094108,10.0781900782741,10.0947034503373,10.1558685230267,10.1748060516376,10.1976454453711,10.2257109075073,10.2333970400219,10.2627074423206,10.2887388396187,10.3307673392216,10.3510316615519,10.3996240430772,10.4173517293068,10.4489867765283,10.4838196065611,10.5385968961739,10.5694013396354,10.5991683669077,10.645728942459,10.7120165362539,10.7209074795958,10.7550811746563,10.8115241221418,10.8172023997465,10.8731407882066,10.9323718233209,10.9515785634988,11.0349018159165,11.0530069591682,11.0951832378827,11.1343811150178,11.15969177109,11.1722608849133,11.207948875732,11.20998446696,11.2678462412458,11.3405497676079,11.3937749428895,11.4079203900363,11.433449900243,11.4811186170353,11.4986323882626,11.5556915225166,11.5720022569787,11.6020296968871,11.6054250434204,11.7356009453378,11.7513615313324,11.8082412490273,11.8271236208928,11.8437432850182,11.8910856186542,11.9303930663041,11.9356133190664,12.0134146368918,12.0770482119762,12.1077588600811,12.121604482292,12.1491052903481,12.1979866091535,12.2839297107787,12.2948842245749,12.3300486276154,12.344053494963,12.3916236709092,12.4218386499988,12.4793874287729,12.5211863443652,12.5883145320603,12.6414334566546,12.6683817152996,12.6807971139865,12.7471617260488,12.7862764445109,12.8356797637194,12.8657397103196,12.8854145624294,12.938967122596,12.9683476323027,12.9905090797627,13.0326241937565,13.0734483850767,13.1060504512161,13.1619542921045,13.2268102123345,13.2504841509617,13.2702473233698,13.3639145424563,13.3987119743474,13.4294436504735,13.475062829617,13.4999683919184,13.5251469081236,13.5682139023428,13.6180106821728,13.6403230562369,13.6839674883868,13.7243980449821,13.7575116539615,13.799293174543,13.843015985758,13.9018332992772,13.9304397836897,13.9897430637698,14.0138343090726,14.1242947440981,14.1765847226876,14.1983826473066,14.2367568627744,14.2612475245546,14.3589902957307,14.4137081436871,14.4344497138239,14.4787837304465,14.5154113295819,14.5601728053865,14.611605544642,14.6377324749124,14.7033805569324,14.720707436365,14.8288555203048,14.9050944667686,15.0025209184991,15.0389467866191,15.1212693917715,15.2000588631421,15.2244587324709,15.353945108252,15.3617934937124,15.4184978331078,15.4668974470441,15.4887701674568,15.5523050121443,15.7081781764692,15.7418690561788,15.8118474005906,15.8556451602379,15.9734706799398,16.0822349410041,16.0918761366374,16.2339416851943,16.2632463233659,16.4101406911007,16.5090616996912,16.5218685015259,16.6356296519994,16.7369158414214,16.8150805485176,16.9165840460647,17.0130056026453,17.2486420860855,17.4049040308785,17.5959960001826,17.7897244602639,17.9678224885896,18.0874835853482,18.1269015462609,18.32241634192,18.4224504097117,18.7146818477631,18.8364319914168,18.9760922683429,19.1827751132466,19.4046260454411,19.700404785019,19.9939427530507,20.1312663194918,20.2405176285227,20.6219653821633,21.1787172887574,21.5133570497122,23.3466064250987,NA,NA,NA,NA,NA,NA,NA,NA,NA,NA,NA,NA,NA,NA,NA,NA,NA,NA,NA,NA,NA,NA,NA,NA,NA,NA,NA,NA,NA,NA,NA,NA,NA,NA,NA,NA,NA,NA,NA
0.535347805994956,0.600043990476218,0.718322574521694,0.994659006442158,1.07660454444882,1.27355038557182,1.41318030168279,1.50456114624353,1.52317612271472,1.75666054463568,1.7976422277967,1.80995499064714,1.88310652900523,1.94118371179728,2.19004640717344,2.20302083263084,2.28629743384636,2.42825644927023,2.52765120447611,2.53839538536986,2.61244172632687,2.68124807628617,2.72610537387649,2.78031382098352,2.88759595380696,2.96111215574675,2.99934267875158,3.06158571313214,3.13175778227276,3.16901355288221,3.22761345836655,3.30939403689668,3.38765030444131,3.44860676856422,3.45822433265552,3.4943823334794,3.57713207788775,3.61255458042392,3.70681607584098,3.75736940133087,3.78876326064784,3.82838985416491,3.86585309757563,3.90793223942677,3.93827970588706,4.03986346441936,4.09766166099759,4.13527253359392,4.20633503094681,4.24957222438117,4.26826000082852,4.28458804068541,4.32543817588221,4.39207237500087,4.4105405444064,4.446443860252,4.50855548673894,4.54912570623912,4.61159611597585,4.64502201503552,4.65902677536125,4.7329719180815,4.79843539476282,4.82574172865124,4.85373055135578,4.90613220047497,4.9270527859986,4.97027696321178,5.00458291928422,5.06822929626611,5.08433198074947,5.08873475442274,5.13668491816875,5.15519853850194,5.17517987001164,5.19363561795038,5.21041668695139,5.27249562383754,5.31020176185005,5.33391603205289,5.34685074123351,5.39363750666266,5.43231299335726,5.44959479425057,5.4919414161175,5.52390627913036,5.57778905552943,5.6157362725745,5.63303023147045,5.68283435983198,5.71435912356264,5.72218582320322,5.74106372103394,5.79421640719839,5.84519272785887,5.87563787479613,5.88267554603451,5.91586103199506,5.93113291931898,5.94883500138991,5.96215035103189,5.99843996488387,6.02413401683724,6.04586562670739,6.06787675259358,6.06998416566439,6.13317697352571,6.13631504150696,6.15846908008812,6.20736086514586,6.24724423969593,6.26920477988021,6.32144414499656,6.3340136838322,6.3522579080839,6.36071111246862,6.40038675536751,6.41141271540368,6.43485667924665,6.43685366906276,6.48631414571578,6.50189973153337,6.56438727804804,6.59748475145434,6.60601667180111,6.65461959450255,6.69926847235466,6.72395526873232,6.75325851473609,6.76786721403879,6.81388516223769,6.82739148222962,6.84723765526373,6.87230153468308,6.88060983370392,6.91849106371582,6.93579035692631,6.95802011081823,6.97144247823116,6.99716907430422,7.01812513013277,7.02139117633384,7.05922830662296,7.10950627678896,7.12741139368838,7.15265744764468,7.17335234692334,7.21284246957487,7.21584055424116,7.24371662000068,7.25762572844988,7.28963925491986,7.30336170927804,7.32241263584075,7.35576887334011,7.37771843105325,7.39507398306365,7.43272195404315,7.45117483514874,7.4587493121291,7.4805245758848,7.51165508709814,7.53100461880958,7.55444938135821,7.57392065247301,7.61960563245275,7.6240789793988,7.66126109717086,7.6781184995091,7.69750826779503,7.70968481355785,7.7306002271112,7.77521789686939,7.78513887112975,7.81205907673448,7.85491632303137,7.86109578055967,7.87249116939806,7.88981666296821,7.93786898818999,7.94391271132801,7.96338442608792,8.02597861938211,8.03336635998419,8.07832536141499,8.09013578520871,8.10295863325498,8.10531880951074,8.16584371334747,8.17711939105952,8.20268197224925,8.23694797614721,8.28065248198858,8.28097442136898,8.31122538290584,8.33105913650118,8.36538297185669,8.39058995919552,8.40858639967023,8.43662207669305,8.45632212459985,8.47124417547533,8.50428129423902,8.51183049933178,8.55847095529333,8.58026176063984,8.59888898019918,8.63944272350981,8.64586063877615,8.65268652558212,8.70609117388301,8.73653614294284,8.74696121113115,8.76905964348077,8.7836511726987,8.80616217256478,8.82809140450415,8.87015429782843,8.90750267312509,8.91417158107715,8.94952703787322,9.00294398465118,9.04158307807326,9.07663024972159,9.09450572649857,9.10934852918352,9.13083722389492,9.17363109467006,9.2282195874785,9.24225910025351,9.28915041155414,9.30361840318441,9.32707927122853,9.37849006695953,9.38908539567927,9.41758531196735,9.44952294149698,9.4710237490838,9.51090891942277,9.51730968743081,9.57556754172606,9.60708999151944,9.62570866483893,9.66652036039524,9.68929438893623,9.70982348224314,9.74076143331136,9.7597942008038,9.79818317094402,9.86308563977047,9.87004957750451,9.92216129053774,9.93619550030022,9.97510632526067,9.98766496127907,10.0245428751879,10.0541150094108,10.0781900782741,10.0947034503373,10.1558685230267,10.1748060516376,10.1976454453711,10.2257109075073,10.2333970400219,10.2627074423206,10.2887388396187,10.3307673392216,10.3510316615519,10.3996240430772,10.4173517293068,10.4489867765283,10.4838196065611,10.5385968961739,10.5694013396354,10.5991683669077,10.645728942459,10.7120165362539,10.7209074795958,10.7550811746563,10.8115241221418,10.8172023997465,10.8731407882066,10.9323718233209,10.9515785634988,11.0349018159165,11.0530069591682,11.0951832378827,11.1343811150178,11.15969177109,11.1722608849133,11.207948875732,11.20998446696,11.2678462412458,11.3405497676079,11.3937749428895,11.4079203900363,11.433449900243,11.4811186170353,11.4986323882626,11.5556915225166,11.5720022569787,11.6020296968871,11.6054250434204,11.7356009453378,11.7513615313324,11.8082412490273,11.8271236208928,11.8437432850182,11.8910856186542,11.9303930663041,11.9356133190664,12.0134146368918,12.0770482119762,12.1077588600811,12.121604482292,12.1491052903481,12.1979866091535,12.2839297107787,12.2948842245749,12.3300486276154,12.344053494963,12.3916236709092,12.4218386499988,12.4793874287729,12.5211863443652,12.5883145320603,12.6414334566546,12.6683817152996,12.6807971139865,12.7471617260488,12.7862764445109,12.8356797637194,12.8657397103196,12.8854145624294,12.938967122596,12.9683476323027,12.9905090797627,13.0326241937565,13.0734483850767,13.1060504512161,13.1619542921045,13.2268102123345,13.2504841509617,13.2702473233698,13.3639145424563,13.3987119743474,13.4294436504735,13.475062829617,13.4999683919184,13.5251469081236,13.5682139023428,13.6180106821728,13.6403230562369,13.6839674883868,13.7243980449821,13.7575116539615,13.799293174543,13.843015985758,13.9018332992772,13.9304397836897,13.9897430637698,14.0138343090726,14.1242947440981,14.1765847226876,14.1983826473066,14.2367568627744,14.2612475245546,14.3589902957307,14.4137081436871,14.4344497138239,14.4787837304465,14.5154113295819,14.5601728053865,14.611605544642,14.6377324749124,14.7033805569324,14.720707436365,14.8288555203048,14.9050944667686,15.0025209184991,15.0389467866191,15.1212693917715,15.2000588631421,15.2244587324709,15.353945108252,15.3617934937124,15.4184978331078,15.4668974470441,15.4887701674568,15.5523050121443,15.7081781764692,15.7418690561788,15.8118474005906,15.8556451602379,15.9734706799398,16.0822349410041,16.0918761366374,16.2339416851943,16.2632463233659,16.4101406911007,16.5090616996912,16.5218685015259,16.6356296519994,16.7369158414214,16.8150805485176,16.9165840460647,17.0130056026453,17.2486420860855,17.4049040308785,17.5959960001826,17.7897244602639,17.9678224885896,18.0874835853482,18.1269015462609,18.32241634192,18.4224504097117,18.7146818477631,18.8364319914168,18.9760922683429,19.1827751132466,19.4046260454411,19.700404785019,19.9939427530507,20.1312663194918,20.2405176285227,20.6219653821633,21.1787172887574,21.5133570497122,23.3466064250987,NA,NA,NA,NA,NA,NA,NA,NA,NA,NA,NA,NA,NA,NA,NA,NA,NA,NA,NA,NA,NA,NA,NA,NA,NA,NA,NA,NA,NA,NA,NA,NA,NA,NA,NA,NA,NA,NA,NA
0.535347805994956,0.600043990476218,0.718322574521694,0.994659006442158,1.07660454444882,1.27355038557182,1.41318030168279,1.50456114624353,1.52317612271472,1.75666054463568,1.7976422277967,1.80995499064714,1.88310652900523,1.94118371179728,2.19004640717344,2.20302083263084,2.28629743384636,2.42825644927023,2.52765120447611,2.53839538536986,2.61244172632687,2.68124807628617,2.72610537387649,2.78031382098352,2.88759595380696,2.96111215574675,2.99934267875158,3.06158571313214,3.13175778227276,3.16901355288221,3.22761345836655,3.30939403689668,3.38765030444131,3.44860676856422,3.45822433265552,3.4943823334794,3.57713207788775,3.61255458042392,3.70681607584098,3.75736940133087,3.78876326064784,3.82838985416491,3.86585309757563,3.90793223942677,3.93827970588706,4.03986346441936,4.09766166099759,4.13527253359392,4.20633503094681,4.24957222438117,4.26826000082852,4.28458804068541,4.32543817588221,4.39207237500087,4.4105405444064,4.446443860252,4.50855548673894,4.54912570623912,4.61159611597585,4.64502201503552,4.65902677536125,4.7329719180815,4.79843539476282,4.82574172865124,4.85373055135578,4.90613220047497,4.9270527859986,4.97027696321178,5.00458291928422,5.06822929626611,5.08433198074947,5.08873475442274,5.13668491816875,5.15519853850194,5.17517987001164,5.19363561795038,5.21041668695139,5.27249562383754,5.31020176185005,5.33391603205289,5.34685074123351,5.39363750666266,5.43231299335726,5.44959479425057,5.4919414161175,5.52390627913036,5.57778905552943,5.6157362725745,5.63303023147045,5.68283435983198,5.71435912356264,5.72218582320322,5.74106372103394,5.79421640719839,5.84519272785887,5.87563787479613,5.88267554603451,5.91586103199506,5.93113291931898,5.94883500138991,5.96215035103189,5.99843996488387,6.02413401683724,6.04586562670739,6.06787675259358,6.06998416566439,6.13317697352571,6.13631504150696,6.15846908008812,6.20736086514586,6.24724423969593,6.26920477988021,6.32144414499656,6.3340136838322,6.3522579080839,6.36071111246862,6.40038675536751,6.41141271540368,6.43485667924665,6.43685366906276,6.48631414571578,6.50189973153337,6.56438727804804,6.59748475145434,6.60601667180111,6.65461959450255,6.69926847235466,6.72395526873232,6.75325851473609,6.76786721403879,6.81388516223769,6.82739148222962,6.84723765526373,6.87230153468308,6.88060983370392,6.91849106371582,6.93579035692631,6.95802011081823,6.97144247823116,6.99716907430422,7.01812513013277,7.02139117633384,7.05922830662296,7.10950627678896,7.12741139368838,7.15265744764468,7.17335234692334,7.21284246957487,7.21584055424116,7.24371662000068,7.25762572844988,7.28963925491986,7.30336170927804,7.32241263584075,7.35576887334011,7.37771843105325,7.39507398306365,7.43272195404315,7.45117483514874,7.4587493121291,7.4805245758848,7.51165508709814,7.53100461880958,7.55444938135821,7.57392065247301,7.61960563245275,7.6240789793988,7.66126109717086,7.6781184995091,7.69750826779503,7.70968481355785,7.7306002271112,7.77521789686939,7.78513887112975,7.81205907673448,7.85491632303137,7.86109578055967,7.87249116939806,7.88981666296821,7.93786898818999,7.94391271132801,7.96338442608792,8.02597861938211,8.03336635998419,8.07832536141499,8.09013578520871,8.10295863325498,8.10531880951074,8.16584371334747,8.17711939105952,8.20268197224925,8.23694797614721,8.28065248198858,8.28097442136898,8.31122538290584,8.33105913650118,8.36538297185669,8.39058995919552,8.40858639967023,8.43662207669305,8.45632212459985,8.47124417547533,8.50428129423902,8.51183049933178,8.55847095529333,8.58026176063984,8.59888898019918,8.63944272350981,8.64586063877615,8.65268652558212,8.70609117388301,8.73653614294284,8.74696121113115,8.76905964348077,8.7836511726987,8.80616217256478,8.82809140450415,8.87015429782843,8.90750267312509,8.91417158107715,8.94952703787322,9.00294398465118,9.04158307807326,9.07663024972159,9.09450572649857,9.10934852918352,9.13083722389492,9.17363109467006,9.2282195874785,9.24225910025351,9.28915041155414,9.30361840318441,9.32707927122853,9.37849006695953,9.38908539567927,9.41758531196735,9.44952294149698,9.4710237490838,9.51090891942277,9.51730968743081,9.57556754172606,9.60708999151944,9.62570866483893,9.66652036039524,9.68929438893623,9.70982348224314,9.74076143331136,9.7597942008038,9.79818317094402,9.86308563977047,9.87004957750451,9.92216129053774,9.93619550030022,9.97510632526067,9.98766496127907,10.0245428751879,10.0541150094108,10.0781900782741,10.0947034503373,10.1558685230267,10.1748060516376,10.1976454453711,10.2257109075073,10.2333970400219,10.2627074423206,10.2887388396187,10.3307673392216,10.3510316615519,10.3996240430772,10.4173517293068,10.4489867765283,10.4838196065611,10.5385968961739,10.5694013396354,10.5991683669077,10.645728942459,10.7120165362539,10.7209074795958,10.7550811746563,10.8115241221418,10.8172023997465,10.8731407882066,10.9323718233209,10.9515785634988,11.0349018159165,11.0530069591682,11.0951832378827,11.1343811150178,11.15969177109,11.1722608849133,11.207948875732,11.20998446696,11.2678462412458,11.3405497676079,11.3937749428895,11.4079203900363,11.433449900243,11.4811186170353,11.4986323882626,11.5556915225166,11.5720022569787,11.6020296968871,11.6054250434204,11.7356009453378,11.7513615313324,11.8082412490273,11.8271236208928,11.8437432850182,11.8910856186542,11.9303930663041,11.9356133190664,12.0134146368918,12.0770482119762,12.1077588600811,12.121604482292,12.1491052903481,12.1979866091535,12.2839297107787,12.2948842245749,12.3300486276154,12.344053494963,12.3916236709092,12.4218386499988,12.4793874287729,12.5211863443652,12.5883145320603,12.6414334566546,12.6683817152996,12.6807971139865,12.7471617260488,12.7862764445109,12.8356797637194,12.8657397103196,12.8854145624294,12.938967122596,12.9683476323027,12.9905090797627,13.0326241937565,13.0734483850767,13.1060504512161,13.1619542921045,13.2268102123345,13.2504841509617,13.2702473233698,13.3639145424563,13.3987119743474,13.4294436504735,13.475062829617,13.4999683919184,13.5251469081236,13.5682139023428,13.6180106821728,13.6403230562369,13.6839674883868,13.7243980449821,13.7575116539615,13.799293174543,13.843015985758,13.9018332992772,13.9304397836897,13.9897430637698,14.0138343090726,14.1242947440981,14.1765847226876,14.1983826473066,14.2367568627744,14.2612475245546,14.3589902957307,14.4137081436871,14.4344497138239,14.4787837304465,14.5154113295819,14.5601728053865,14.611605544642,14.6377324749124,14.7033805569324,14.720707436365,14.8288555203048,14.9050944667686,15.0025209184991,15.0389467866191,15.1212693917715,15.2000588631421,15.2244587324709,15.353945108252,15.3617934937124,15.4184978331078,15.4668974470441,15.4887701674568,15.5523050121443,15.7081781764692,15.7418690561788,15.8118474005906,15.8556451602379,15.9734706799398,16.0822349410041,16.0918761366374,16.2339416851943,16.2632463233659,16.4101406911007,16.5090616996912,16.5218685015259,16.6356296519994,16.7369158414214,16.8150805485176,16.9165840460647,17.0130056026453,17.2486420860855,17.4049040308785,17.5959960001826,17.7897244602639,17.9678224885896,18.0874835853482,18.1269015462609,18.32241634192,18.4224504097117,18.7146818477631,18.8364319914168,18.9760922683429,19.1827751132466,19.4046260454411,19.700404785019,19.9939427530507,20.1312663194918,20.2405176285227,20.6219653821633,21.1787172887574,21.5133570497122,23.3466064250987,NA,NA,NA,NA,NA,NA,NA,NA,NA,NA,NA,NA,NA,NA,NA,NA,NA,NA,NA,NA,NA,NA,NA,NA,NA,NA,NA,NA,NA,NA,NA,NA,NA,NA,NA,NA,NA,NA,NA
0.535347805994956,0.600043990476218,0.718322574521694,0.994659006442158,1.07660454444882,1.27355038557182,1.41318030168279,1.50456114624353,1.52317612271472,1.75666054463568,1.7976422277967,1.80995499064714,1.88310652900523,1.94118371179728,2.19004640717344,2.20302083263084,2.28629743384636,2.42825644927023,2.52765120447611,2.53839538536986,2.61244172632687,2.68124807628617,2.72610537387649,2.78031382098352,2.88759595380696,2.96111215574675,2.99934267875158,3.06158571313214,3.13175778227276,3.16901355288221,3.22761345836655,3.30939403689668,3.38765030444131,3.44860676856422,3.45822433265552,3.4943823334794,3.57713207788775,3.61255458042392,3.70681607584098,3.75736940133087,3.78876326064784,3.82838985416491,3.86585309757563,3.90793223942677,3.93827970588706,4.03986346441936,4.09766166099759,4.13527253359392,4.20633503094681,4.24957222438117,4.26826000082852,4.28458804068541,4.32543817588221,4.39207237500087,4.4105405444064,4.446443860252,4.50855548673894,4.54912570623912,4.61159611597585,4.64502201503552,4.65902677536125,4.7329719180815,4.79843539476282,4.82574172865124,4.85373055135578,4.90613220047497,4.9270527859986,4.97027696321178,5.00458291928422,5.06822929626611,5.08433198074947,5.08873475442274,5.13668491816875,5.15519853850194,5.17517987001164,5.19363561795038,5.21041668695139,5.27249562383754,5.31020176185005,5.33391603205289,5.34685074123351,5.39363750666266,5.43231299335726,5.44959479425057,5.4919414161175,5.52390627913036,5.57778905552943,5.6157362725745,5.63303023147045,5.68283435983198,5.71435912356264,5.72218582320322,5.74106372103394,5.79421640719839,5.84519272785887,5.87563787479613,5.88267554603451,5.91586103199506,5.93113291931898,5.94883500138991,5.96215035103189,5.99843996488387,6.02413401683724,6.04586562670739,6.06787675259358,6.06998416566439,6.13317697352571,6.13631504150696,6.15846908008812,6.20736086514586,6.24724423969593,6.26920477988021,6.32144414499656,6.3340136838322,6.3522579080839,6.36071111246862,6.40038675536751,6.41141271540368,6.43485667924665,6.43685366906276,6.48631414571578,6.50189973153337,6.56438727804804,6.59748475145434,6.60601667180111,6.65461959450255,6.69926847235466,6.72395526873232,6.75325851473609,6.76786721403879,6.81388516223769,6.82739148222962,6.84723765526373,6.87230153468308,6.88060983370392,6.91849106371582,6.93579035692631,6.95802011081823,6.97144247823116,6.99716907430422,7.01812513013277,7.02139117633384,7.05922830662296,7.10950627678896,7.12741139368838,7.15265744764468,7.17335234692334,7.21284246957487,7.21584055424116,7.24371662000068,7.25762572844988,7.28963925491986,7.30336170927804,7.32241263584075,7.35576887334011,7.37771843105325,7.39507398306365,7.43272195404315,7.45117483514874,7.4587493121291,7.4805245758848,7.51165508709814,7.53100461880958,7.55444938135821,7.57392065247301,7.61960563245275,7.6240789793988,7.66126109717086,7.6781184995091,7.69750826779503,7.70968481355785,7.7306002271112,7.77521789686939,7.78513887112975,7.81205907673448,7.85491632303137,7.86109578055967,7.87249116939806,7.88981666296821,7.93786898818999,7.94391271132801,7.96338442608792,8.02597861938211,8.03336635998419,8.07832536141499,8.09013578520871,8.10295863325498,8.10531880951074,8.16584371334747,8.17711939105952,8.20268197224925,8.23694797614721,8.28065248198858,8.28097442136898,8.31122538290584,8.33105913650118,8.36538297185669,8.39058995919552,8.40858639967023,8.43662207669305,8.45632212459985,8.47124417547533,8.50428129423902,8.51183049933178,8.55847095529333,8.58026176063984,8.59888898019918,8.63944272350981,8.64586063877615,8.65268652558212,8.70609117388301,8.73653614294284,8.74696121113115,8.76905964348077,8.7836511726987,8.80616217256478,8.82809140450415,8.87015429782843,8.90750267312509,8.91417158107715,8.94952703787322,9.00294398465118,9.04158307807326,9.07663024972159,9.09450572649857,9.10934852918352,9.13083722389492,9.17363109467006,9.2282195874785,9.24225910025351,9.28915041155414,9.30361840318441,9.32707927122853,9.37849006695953,9.38908539567927,9.41758531196735,9.44952294149698,9.4710237490838,9.51090891942277,9.51730968743081,9.57556754172606,9.60708999151944,9.62570866483893,9.66652036039524,9.68929438893623,9.70982348224314,9.74076143331136,9.7597942008038,9.79818317094402,9.86308563977047,9.87004957750451,9.92216129053774,9.93619550030022,9.97510632526067,9.98766496127907,10.0245428751879,10.0541150094108,10.0781900782741,10.0947034503373,10.1558685230267,10.1748060516376,10.1976454453711,10.2257109075073,10.2333970400219,10.2627074423206,10.2887388396187,10.3307673392216,10.3510316615519,10.3996240430772,10.4173517293068,10.4489867765283,10.4838196065611,10.5385968961739,10.5694013396354,10.5991683669077,10.645728942459,10.7120165362539,10.7209074795958,10.7550811746563,10.8115241221418,10.8172023997465,10.8731407882066,10.9323718233209,10.9515785634988,11.0349018159165,11.0530069591682,11.0951832378827,11.1343811150178,11.15969177109,11.1722608849133,11.207948875732,11.20998446696,11.2678462412458,11.3405497676079,11.3937749428895,11.4079203900363,11.433449900243,11.4811186170353,11.4986323882626,11.5556915225166,11.5720022569787,11.6020296968871,11.6054250434204,11.7356009453378,11.7513615313324,11.8082412490273,11.8271236208928,11.8437432850182,11.8910856186542,11.9303930663041,11.9356133190664,12.0134146368918,12.0770482119762,12.1077588600811,12.121604482292,12.1491052903481,12.1979866091535,12.2839297107787,12.2948842245749,12.3300486276154,12.344053494963,12.3916236709092,12.4218386499988,12.4793874287729,12.5211863443652,12.5883145320603,12.6414334566546,12.6683817152996,12.6807971139865,12.7471617260488,12.7862764445109,12.8356797637194,12.8657397103196,12.8854145624294,12.938967122596,12.9683476323027,12.9905090797627,13.0326241937565,13.0734483850767,13.1060504512161,13.1619542921045,13.2268102123345,13.2504841509617,13.2702473233698,13.3639145424563,13.3987119743474,13.4294436504735,13.475062829617,13.4999683919184,13.5251469081236,13.5682139023428,13.6180106821728,13.6403230562369,13.6839674883868,13.7243980449821,13.7575116539615,13.799293174543,13.843015985758,13.9018332992772,13.9304397836897,13.9897430637698,14.0138343090726,14.1242947440981,14.1765847226876,14.1983826473066,14.2367568627744,14.2612475245546,14.3589902957307,14.4137081436871,14.4344497138239,14.4787837304465,14.5154113295819,14.5601728053865,14.611605544642,14.6377324749124,14.7033805569324,14.720707436365,14.8288555203048,14.9050944667686,15.0025209184991,15.0389467866191,15.1212693917715,15.2000588631421,15.2244587324709,15.353945108252,15.3617934937124,15.4184978331078,15.4668974470441,15.4887701674568,15.5523050121443,15.7081781764692,15.7418690561788,15.8118474005906,15.8556451602379,15.9734706799398,16.0822349410041,16.0918761366374,16.2339416851943,16.2632463233659,16.4101406911007,16.5090616996912,16.5218685015259,16.6356296519994,16.7369158414214,16.8150805485176,16.9165840460647,17.0130056026453,17.2486420860855,17.4049040308785,17.5959960001826,17.7897244602639,17.9678224885896,18.0874835853482,18.1269015462609,18.32241634192,18.4224504097117,18.7146818477631,18.8364319914168,18.9760922683429,19.1827751132466,19.4046260454411,19.700404785019,19.9939427530507,20.1312663194918,20.2405176285227,20.6219653821633,21.1787172887574,21.5133570497122,23.3466064250987,NA,NA,NA,NA,NA,NA,NA,NA,NA,NA,NA,NA,NA,NA,NA,NA,NA,NA,NA,NA,NA,NA,NA,NA,NA,NA,NA,NA,NA,NA,NA,NA,NA,NA,NA,NA,NA,NA,NA
0.535347805994956,0.600043990476218,0.718322574521694,0.994659006442158,1.07660454444882,1.27355038557182,1.41318030168279,1.50456114624353,1.52317612271472,1.75666054463568,1.7976422277967,1.80995499064714,1.88310652900523,1.94118371179728,2.19004640717344,2.20302083263084,2.28629743384636,2.42825644927023,2.52765120447611,2.53839538536986,2.61244172632687,2.68124807628617,2.72610537387649,2.78031382098352,2.88759595380696,2.96111215574675,2.99934267875158,3.06158571313214,3.13175778227276,3.16901355288221,3.22761345836655,3.30939403689668,3.38765030444131,3.44860676856422,3.45822433265552,3.4943823334794,3.57713207788775,3.61255458042392,3.70681607584098,3.75736940133087,3.78876326064784,3.82838985416491,3.86585309757563,3.90793223942677,3.93827970588706,4.03986346441936,4.09766166099759,4.13527253359392,4.20633503094681,4.24957222438117,4.26826000082852,4.28458804068541,4.32543817588221,4.39207237500087,4.4105405444064,4.446443860252,4.50855548673894,4.54912570623912,4.61159611597585,4.64502201503552,4.65902677536125,4.7329719180815,4.79843539476282,4.82574172865124,4.85373055135578,4.90613220047497,4.9270527859986,4.97027696321178,5.00458291928422,5.06822929626611,5.08433198074947,5.08873475442274,5.13668491816875,5.15519853850194,5.17517987001164,5.19363561795038,5.21041668695139,5.27249562383754,5.31020176185005,5.33391603205289,5.34685074123351,5.39363750666266,5.43231299335726,5.44959479425057,5.4919414161175,5.52390627913036,5.57778905552943,5.6157362725745,5.63303023147045,5.68283435983198,5.71435912356264,5.72218582320322,5.74106372103394,5.79421640719839,5.84519272785887,5.87563787479613,5.88267554603451,5.91586103199506,5.93113291931898,5.94883500138991,5.96215035103189,5.99843996488387,6.02413401683724,6.04586562670739,6.06787675259358,6.06998416566439,6.13317697352571,6.13631504150696,6.15846908008812,6.20736086514586,6.24724423969593,6.26920477988021,6.32144414499656,6.3340136838322,6.3522579080839,6.36071111246862,6.40038675536751,6.41141271540368,6.43485667924665,6.43685366906276,6.48631414571578,6.50189973153337,6.56438727804804,6.59748475145434,6.60601667180111,6.65461959450255,6.69926847235466,6.72395526873232,6.75325851473609,6.76786721403879,6.81388516223769,6.82739148222962,6.84723765526373,6.87230153468308,6.88060983370392,6.91849106371582,6.93579035692631,6.95802011081823,6.97144247823116,6.99716907430422,7.01812513013277,7.02139117633384,7.05922830662296,7.10950627678896,7.12741139368838,7.15265744764468,7.17335234692334,7.21284246957487,7.21584055424116,7.24371662000068,7.25762572844988,7.28963925491986,7.30336170927804,7.32241263584075,7.35576887334011,7.37771843105325,7.39507398306365,7.43272195404315,7.45117483514874,7.4587493121291,7.4805245758848,7.51165508709814,7.53100461880958,7.55444938135821,7.57392065247301,7.61960563245275,7.6240789793988,7.66126109717086,7.6781184995091,7.69750826779503,7.70968481355785,7.7306002271112,7.77521789686939,7.78513887112975,7.81205907673448,7.85491632303137,7.86109578055967,7.87249116939806,7.88981666296821,7.93786898818999,7.94391271132801,7.96338442608792,8.02597861938211,8.03336635998419,8.07832536141499,8.09013578520871,8.10295863325498,8.10531880951074,8.16584371334747,8.17711939105952,8.20268197224925,8.23694797614721,8.28065248198858,8.28097442136898,8.31122538290584,8.33105913650118,8.36538297185669,8.39058995919552,8.40858639967023,8.43662207669305,8.45632212459985,8.47124417547533,8.50428129423902,8.51183049933178,8.55847095529333,8.58026176063984,8.59888898019918,8.63944272350981,8.64586063877615,8.65268652558212,8.70609117388301,8.73653614294284,8.74696121113115,8.76905964348077,8.7836511726987,8.80616217256478,8.82809140450415,8.87015429782843,8.90750267312509,8.91417158107715,8.94952703787322,9.00294398465118,9.04158307807326,9.07663024972159,9.09450572649857,9.10934852918352,9.13083722389492,9.17363109467006,9.2282195874785,9.24225910025351,9.28915041155414,9.30361840318441,9.32707927122853,9.37849006695953,9.38908539567927,9.41758531196735,9.44952294149698,9.4710237490838,9.51090891942277,9.51730968743081,9.57556754172606,9.60708999151944,9.62570866483893,9.66652036039524,9.68929438893623,9.70982348224314,9.74076143331136,9.7597942008038,9.79818317094402,9.86308563977047,9.87004957750451,9.92216129053774,9.93619550030022,9.97510632526067,9.98766496127907,10.0245428751879,10.0541150094108,10.0781900782741,10.0947034503373,10.1558685230267,10.1748060516376,10.1976454453711,10.2257109075073,10.2333970400219,10.2627074423206,10.2887388396187,10.3307673392216,10.3510316615519,10.3996240430772,10.4173517293068,10.4489867765283,10.4838196065611,10.5385968961739,10.5694013396354,10.5991683669077,10.645728942459,10.7120165362539,10.7209074795958,10.7550811746563,10.8115241221418,10.8172023997465,10.8731407882066,10.9323718233209,10.9515785634988,11.0349018159165,11.0530069591682,11.0951832378827,11.1343811150178,11.15969177109,11.1722608849133,11.207948875732,11.20998446696,11.2678462412458,11.3405497676079,11.3937749428895,11.4079203900363,11.433449900243,11.4811186170353,11.4986323882626,11.5556915225166,11.5720022569787,11.6020296968871,11.6054250434204,11.7356009453378,11.7513615313324,11.8082412490273,11.8271236208928,11.8437432850182,11.8910856186542,11.9303930663041,11.9356133190664,12.0134146368918,12.0770482119762,12.1077588600811,12.121604482292,12.1491052903481,12.1979866091535,12.2839297107787,12.2948842245749,12.3300486276154,12.344053494963,12.3916236709092,12.4218386499988,12.4793874287729,12.5211863443652,12.5883145320603,12.6414334566546,12.6683817152996,12.6807971139865,12.7471617260488,12.7862764445109,12.8356797637194,12.8657397103196,12.8854145624294,12.938967122596,12.9683476323027,12.9905090797627,13.0326241937565,13.0734483850767,13.1060504512161,13.1619542921045,13.2268102123345,13.2504841509617,13.2702473233698,13.3639145424563,13.3987119743474,13.4294436504735,13.475062829617,13.4999683919184,13.5251469081236,13.5682139023428,13.6180106821728,13.6403230562369,13.6839674883868,13.7243980449821,13.7575116539615,13.799293174543,13.843015985758,13.9018332992772,13.9304397836897,13.9897430637698,14.0138343090726,14.1242947440981,14.1765847226876,14.1983826473066,14.2367568627744,14.2612475245546,14.3589902957307,14.4137081436871,14.4344497138239,14.4787837304465,14.5154113295819,14.5601728053865,14.611605544642,14.6377324749124,14.7033805569324,14.720707436365,14.8288555203048,14.9050944667686,15.0025209184991,15.0389467866191,15.1212693917715,15.2000588631421,15.2244587324709,15.353945108252,15.3617934937124,15.4184978331078,15.4668974470441,15.4887701674568,15.5523050121443,15.7081781764692,15.7418690561788,15.8118474005906,15.8556451602379,15.9734706799398,16.0822349410041,16.0918761366374,16.2339416851943,16.2632463233659,16.4101406911007,16.5090616996912,16.5218685015259,16.6356296519994,16.7369158414214,16.8150805485176,16.9165840460647,17.0130056026453,17.2486420860855,17.4049040308785,17.5959960001826,17.7897244602639,17.9678224885896,18.0874835853482,18.1269015462609,18.32241634192,18.4224504097117,18.7146818477631,18.8364319914168,18.9760922683429,19.1827751132466,19.4046260454411,19.700404785019,19.9939427530507,20.1312663194918,20.2405176285227,20.6219653821633,21.1787172887574,21.5133570497122,23.3466064250987,NA,NA,NA,NA,NA,NA,NA,NA,NA,NA,NA,NA,NA,NA,NA,NA,NA,NA,NA,NA,NA,NA,NA,NA,NA,NA,NA,NA,NA,NA,NA,NA,NA,NA,NA,NA,NA,NA,NA
0.535347805994956,0.600043990476218,0.718322574521694,0.994659006442158,1.07660454444882,1.27355038557182,1.41318030168279,1.50456114624353,1.52317612271472,1.75666054463568,1.7976422277967,1.80995499064714,1.88310652900523,1.94118371179728,2.19004640717344,2.20302083263084,2.28629743384636,2.42825644927023,2.52765120447611,2.53839538536986,2.61244172632687,2.68124807628617,2.72610537387649,2.78031382098352,2.88759595380696,2.96111215574675,2.99934267875158,3.06158571313214,3.13175778227276,3.16901355288221,3.22761345836655,3.30939403689668,3.38765030444131,3.44860676856422,3.45822433265552,3.4943823334794,3.57713207788775,3.61255458042392,3.70681607584098,3.75736940133087,3.78876326064784,3.82838985416491,3.86585309757563,3.90793223942677,3.93827970588706,4.03986346441936,4.09766166099759,4.13527253359392,4.20633503094681,4.24957222438117,4.26826000082852,4.28458804068541,4.32543817588221,4.39207237500087,4.4105405444064,4.446443860252,4.50855548673894,4.54912570623912,4.61159611597585,4.64502201503552,4.65902677536125,4.7329719180815,4.79843539476282,4.82574172865124,4.85373055135578,4.90613220047497,4.9270527859986,4.97027696321178,5.00458291928422,5.06822929626611,5.08433198074947,5.08873475442274,5.13668491816875,5.15519853850194,5.17517987001164,5.19363561795038,5.21041668695139,5.27249562383754,5.31020176185005,5.33391603205289,5.34685074123351,5.39363750666266,5.43231299335726,5.44959479425057,5.4919414161175,5.52390627913036,5.57778905552943,5.6157362725745,5.63303023147045,5.68283435983198,5.71435912356264,5.72218582320322,5.74106372103394,5.79421640719839,5.84519272785887,5.87563787479613,5.88267554603451,5.91586103199506,5.93113291931898,5.94883500138991,5.96215035103189,5.99843996488387,6.02413401683724,6.04586562670739,6.06787675259358,6.06998416566439,6.13317697352571,6.13631504150696,6.15846908008812,6.20736086514586,6.24724423969593,6.26920477988021,6.32144414499656,6.3340136838322,6.3522579080839,6.36071111246862,6.40038675536751,6.41141271540368,6.43485667924665,6.43685366906276,6.48631414571578,6.50189973153337,6.56438727804804,6.59748475145434,6.60601667180111,6.65461959450255,6.69926847235466,6.72395526873232,6.75325851473609,6.76786721403879,6.81388516223769,6.82739148222962,6.84723765526373,6.87230153468308,6.88060983370392,6.91849106371582,6.93579035692631,6.95802011081823,6.97144247823116,6.99716907430422,7.01812513013277,7.02139117633384,7.05922830662296,7.10950627678896,7.12741139368838,7.15265744764468,7.17335234692334,7.21284246957487,7.21584055424116,7.24371662000068,7.25762572844988,7.28963925491986,7.30336170927804,7.32241263584075,7.35576887334011,7.37771843105325,7.39507398306365,7.43272195404315,7.45117483514874,7.4587493121291,7.4805245758848,7.51165508709814,7.53100461880958,7.55444938135821,7.57392065247301,7.61960563245275,7.6240789793988,7.66126109717086,7.6781184995091,7.69750826779503,7.70968481355785,7.7306002271112,7.77521789686939,7.78513887112975,7.81205907673448,7.85491632303137,7.86109578055967,7.87249116939806,7.88981666296821,7.93786898818999,7.94391271132801,7.96338442608792,8.02597861938211,8.03336635998419,8.07832536141499,8.09013578520871,8.10295863325498,8.10531880951074,8.16584371334747,8.17711939105952,8.20268197224925,8.23694797614721,8.28065248198858,8.28097442136898,8.31122538290584,8.33105913650118,8.36538297185669,8.39058995919552,8.40858639967023,8.43662207669305,8.45632212459985,8.47124417547533,8.50428129423902,8.51183049933178,8.55847095529333,8.58026176063984,8.59888898019918,8.63944272350981,8.64586063877615,8.65268652558212,8.70609117388301,8.73653614294284,8.74696121113115,8.76905964348077,8.7836511726987,8.80616217256478,8.82809140450415,8.87015429782843,8.90750267312509,8.91417158107715,8.94952703787322,9.00294398465118,9.04158307807326,9.07663024972159,9.09450572649857,9.10934852918352,9.13083722389492,9.17363109467006,9.2282195874785,9.24225910025351,9.28915041155414,9.30361840318441,9.32707927122853,9.37849006695953,9.38908539567927,9.41758531196735,9.44952294149698,9.4710237490838,9.51090891942277,9.51730968743081,9.57556754172606,9.60708999151944,9.62570866483893,9.66652036039524,9.68929438893623,9.70982348224314,9.74076143331136,9.7597942008038,9.79818317094402,9.86308563977047,9.87004957750451,9.92216129053774,9.93619550030022,9.97510632526067,9.98766496127907,10.0245428751879,10.0541150094108,10.0781900782741,10.0947034503373,10.1558685230267,10.1748060516376,10.1976454453711,10.2257109075073,10.2333970400219,10.2627074423206,10.2887388396187,10.3307673392216,10.3510316615519,10.3996240430772,10.4173517293068,10.4489867765283,10.4838196065611,10.5385968961739,10.5694013396354,10.5991683669077,10.645728942459,10.7120165362539,10.7209074795958,10.7550811746563,10.8115241221418,10.8172023997465,10.8731407882066,10.9323718233209,10.9515785634988,11.0349018159165,11.0530069591682,11.0951832378827,11.1343811150178,11.15969177109,11.1722608849133,11.207948875732,11.20998446696,11.2678462412458,11.3405497676079,11.3937749428895,11.4079203900363,11.433449900243,11.4811186170353,11.4986323882626,11.5556915225166,11.5720022569787,11.6020296968871,11.6054250434204,11.7356009453378,11.7513615313324,11.8082412490273,11.8271236208928,11.8437432850182,11.8910856186542,11.9303930663041,11.9356133190664,12.0134146368918,12.0770482119762,12.1077588600811,12.121604482292,12.1491052903481,12.1979866091535,12.2839297107787,12.2948842245749,12.3300486276154,12.344053494963,12.3916236709092,12.4218386499988,12.4793874287729,12.5211863443652,12.5883145320603,12.6414334566546,12.6683817152996,12.6807971139865,12.7471617260488,12.7862764445109,12.8356797637194,12.8657397103196,12.8854145624294,12.938967122596,12.9683476323027,12.9905090797627,13.0326241937565,13.0734483850767,13.1060504512161,13.1619542921045,13.2268102123345,13.2504841509617,13.2702473233698,13.3639145424563,13.3987119743474,13.4294436504735,13.475062829617,13.4999683919184,13.5251469081236,13.5682139023428,13.6180106821728,13.6403230562369,13.6839674883868,13.7243980449821,13.7575116539615,13.799293174543,13.843015985758,13.9018332992772,13.9304397836897,13.9897430637698,14.0138343090726,14.1242947440981,14.1765847226876,14.1983826473066,14.2367568627744,14.2612475245546,14.3589902957307,14.4137081436871,14.4344497138239,14.4787837304465,14.5154113295819,14.5601728053865,14.611605544642,14.6377324749124,14.7033805569324,14.720707436365,14.8288555203048,14.9050944667686,15.0025209184991,15.0389467866191,15.1212693917715,15.2000588631421,15.2244587324709,15.353945108252,15.3617934937124,15.4184978331078,15.4668974470441,15.4887701674568,15.5523050121443,15.7081781764692,15.7418690561788,15.8118474005906,15.8556451602379,15.9734706799398,16.0822349410041,16.0918761366374,16.2339416851943,16.2632463233659,16.4101406911007,16.5090616996912,16.5218685015259,16.6356296519994,16.7369158414214,16.8150805485176,16.9165840460647,17.0130056026453,17.2486420860855,17.4049040308785,17.5959960001826,17.7897244602639,17.9678224885896,18.0874835853482,18.1269015462609,18.32241634192,18.4224504097117,18.7146818477631,18.8364319914168,18.9760922683429,19.1827751132466,19.4046260454411,19.700404785019,19.9939427530507,20.1312663194918,20.2405176285227,20.6219653821633,21.1787172887574,21.5133570497122,23.3466064250987,NA,NA,NA,NA,NA,NA,NA,NA,NA,NA,NA,NA,NA,NA,NA,NA,NA,NA,NA,NA,NA,NA,NA,NA,NA,NA,NA,NA,NA,NA,NA,NA,NA,NA,NA,NA,NA,NA,NA
0.535347805994956,0.600043990476218,0.718322574521694,0.994659006442158,1.07660454444882,1.27355038557182,1.41318030168279,1.50456114624353,1.52317612271472,1.75666054463568,1.7976422277967,1.80995499064714,1.88310652900523,1.94118371179728,2.19004640717344,2.20302083263084,2.28629743384636,2.42825644927023,2.52765120447611,2.53839538536986,2.61244172632687,2.68124807628617,2.72610537387649,2.78031382098352,2.88759595380696,2.96111215574675,2.99934267875158,3.06158571313214,3.13175778227276,3.16901355288221,3.22761345836655,3.30939403689668,3.38765030444131,3.44860676856422,3.45822433265552,3.4943823334794,3.57713207788775,3.61255458042392,3.70681607584098,3.75736940133087,3.78876326064784,3.82838985416491,3.86585309757563,3.90793223942677,3.93827970588706,4.03986346441936,4.09766166099759,4.13527253359392,4.20633503094681,4.24957222438117,4.26826000082852,4.28458804068541,4.32543817588221,4.39207237500087,4.4105405444064,4.446443860252,4.50855548673894,4.54912570623912,4.61159611597585,4.64502201503552,4.65902677536125,4.7329719180815,4.79843539476282,4.82574172865124,4.85373055135578,4.90613220047497,4.9270527859986,4.97027696321178,5.00458291928422,5.06822929626611,5.08433198074947,5.08873475442274,5.13668491816875,5.15519853850194,5.17517987001164,5.19363561795038,5.21041668695139,5.27249562383754,5.31020176185005,5.33391603205289,5.34685074123351,5.39363750666266,5.43231299335726,5.44959479425057,5.4919414161175,5.52390627913036,5.57778905552943,5.6157362725745,5.63303023147045,5.68283435983198,5.71435912356264,5.72218582320322,5.74106372103394,5.79421640719839,5.84519272785887,5.87563787479613,5.88267554603451,5.91586103199506,5.93113291931898,5.94883500138991,5.96215035103189,5.99843996488387,6.02413401683724,6.04586562670739,6.06787675259358,6.06998416566439,6.13317697352571,6.13631504150696,6.15846908008812,6.20736086514586,6.24724423969593,6.26920477988021,6.32144414499656,6.3340136838322,6.3522579080839,6.36071111246862,6.40038675536751,6.41141271540368,6.43485667924665,6.43685366906276,6.48631414571578,6.50189973153337,6.56438727804804,6.59748475145434,6.60601667180111,6.65461959450255,6.69926847235466,6.72395526873232,6.75325851473609,6.76786721403879,6.81388516223769,6.82739148222962,6.84723765526373,6.87230153468308,6.88060983370392,6.91849106371582,6.93579035692631,6.95802011081823,6.97144247823116,6.99716907430422,7.01812513013277,7.02139117633384,7.05922830662296,7.10950627678896,7.12741139368838,7.15265744764468,7.17335234692334,7.21284246957487,7.21584055424116,7.24371662000068,7.25762572844988,7.28963925491986,7.30336170927804,7.32241263584075,7.35576887334011,7.37771843105325,7.39507398306365,7.43272195404315,7.45117483514874,7.4587493121291,7.4805245758848,7.51165508709814,7.53100461880958,7.55444938135821,7.57392065247301,7.61960563245275,7.6240789793988,7.66126109717086,7.6781184995091,7.69750826779503,7.70968481355785,7.7306002271112,7.77521789686939,7.78513887112975,7.81205907673448,7.85491632303137,7.86109578055967,7.87249116939806,7.88981666296821,7.93786898818999,7.94391271132801,7.96338442608792,8.02597861938211,8.03336635998419,8.07832536141499,8.09013578520871,8.10295863325498,8.10531880951074,8.16584371334747,8.17711939105952,8.20268197224925,8.23694797614721,8.28065248198858,8.28097442136898,8.31122538290584,8.33105913650118,8.36538297185669,8.39058995919552,8.40858639967023,8.43662207669305,8.45632212459985,8.47124417547533,8.50428129423902,8.51183049933178,8.55847095529333,8.58026176063984,8.59888898019918,8.63944272350981,8.64586063877615,8.65268652558212,8.70609117388301,8.73653614294284,8.74696121113115,8.76905964348077,8.7836511726987,8.80616217256478,8.82809140450415,8.87015429782843,8.90750267312509,8.91417158107715,8.94952703787322,9.00294398465118,9.04158307807326,9.07663024972159,9.09450572649857,9.10934852918352,9.13083722389492,9.17363109467006,9.2282195874785,9.24225910025351,9.28915041155414,9.30361840318441,9.32707927122853,9.37849006695953,9.38908539567927,9.41758531196735,9.44952294149698,9.4710237490838,9.51090891942277,9.51730968743081,9.57556754172606,9.60708999151944,9.62570866483893,9.66652036039524,9.68929438893623,9.70982348224314,9.74076143331136,9.7597942008038,9.79818317094402,9.86308563977047,9.87004957750451,9.92216129053774,9.93619550030022,9.97510632526067,9.98766496127907,10.0245428751879,10.0541150094108,10.0781900782741,10.0947034503373,10.1558685230267,10.1748060516376,10.1976454453711,10.2257109075073,10.2333970400219,10.2627074423206,10.2887388396187,10.3307673392216,10.3510316615519,10.3996240430772,10.4173517293068,10.4489867765283,10.4838196065611,10.5385968961739,10.5694013396354,10.5991683669077,10.645728942459,10.7120165362539,10.7209074795958,10.7550811746563,10.8115241221418,10.8172023997465,10.8731407882066,10.9323718233209,10.9515785634988,11.0349018159165,11.0530069591682,11.0951832378827,11.1343811150178,11.15969177109,11.1722608849133,11.207948875732,11.20998446696,11.2678462412458,11.3405497676079,11.3937749428895,11.4079203900363,11.433449900243,11.4811186170353,11.4986323882626,11.5556915225166,11.5720022569787,11.6020296968871,11.6054250434204,11.7356009453378,11.7513615313324,11.8082412490273,11.8271236208928,11.8437432850182,11.8910856186542,11.9303930663041,11.9356133190664,12.0134146368918,12.0770482119762,12.1077588600811,12.121604482292,12.1491052903481,12.1979866091535,12.2839297107787,12.2948842245749,12.3300486276154,12.344053494963,12.3916236709092,12.4218386499988,12.4793874287729,12.5211863443652,12.5883145320603,12.6414334566546,12.6683817152996,12.6807971139865,12.7471617260488,12.7862764445109,12.8356797637194,12.8657397103196,12.8854145624294,12.938967122596,12.9683476323027,12.9905090797627,13.0326241937565,13.0734483850767,13.1060504512161,13.1619542921045,13.2268102123345,13.2504841509617,13.2702473233698,13.3639145424563,13.3987119743474,13.4294436504735,13.475062829617,13.4999683919184,13.5251469081236,13.5682139023428,13.6180106821728,13.6403230562369,13.6839674883868,13.7243980449821,13.7575116539615,13.799293174543,13.843015985758,13.9018332992772,13.9304397836897,13.9897430637698,14.0138343090726,14.1242947440981,14.1765847226876,14.1983826473066,14.2367568627744,14.2612475245546,14.3589902957307,14.4137081436871,14.4344497138239,14.4787837304465,14.5154113295819,14.5601728053865,14.611605544642,14.6377324749124,14.7033805569324,14.720707436365,14.8288555203048,14.9050944667686,15.0025209184991,15.0389467866191,15.1212693917715,15.2000588631421,15.2244587324709,15.353945108252,15.3617934937124,15.4184978331078,15.4668974470441,15.4887701674568,15.5523050121443,15.7081781764692,15.7418690561788,15.8118474005906,15.8556451602379,15.9734706799398,16.0822349410041,16.0918761366374,16.2339416851943,16.2632463233659,16.4101406911007,16.5090616996912,16.5218685015259,16.6356296519994,16.7369158414214,16.8150805485176,16.9165840460647,17.0130056026453,17.2486420860855,17.4049040308785,17.5959960001826,17.7897244602639,17.9678224885896,18.0874835853482,18.1269015462609,18.32241634192,18.4224504097117,18.7146818477631,18.8364319914168,18.9760922683429,19.1827751132466,19.4046260454411,19.700404785019,19.9939427530507,20.1312663194918,20.2405176285227,20.6219653821633,21.1787172887574,21.5133570497122,23.3466064250987,NA,NA,NA,NA,NA,NA,NA,NA,NA,NA,NA,NA,NA,NA,NA,NA,NA,NA,NA,NA,NA,NA,NA,NA,NA,NA,NA,NA,NA,NA,NA,NA,NA,NA,NA,NA,NA,NA,NA
0.535347805994956,0.600043990476218,0.718322574521694,0.994659006442158,1.07660454444882,1.27355038557182,1.41318030168279,1.50456114624353,1.52317612271472,1.75666054463568,1.7976422277967,1.80995499064714,1.88310652900523,1.94118371179728,2.19004640717344,2.20302083263084,2.28629743384636,2.42825644927023,2.52765120447611,2.53839538536986,2.61244172632687,2.68124807628617,2.72610537387649,2.78031382098352,2.88759595380696,2.96111215574675,2.99934267875158,3.06158571313214,3.13175778227276,3.16901355288221,3.22761345836655,3.30939403689668,3.38765030444131,3.44860676856422,3.45822433265552,3.4943823334794,3.57713207788775,3.61255458042392,3.70681607584098,3.75736940133087,3.78876326064784,3.82838985416491,3.86585309757563,3.90793223942677,3.93827970588706,4.03986346441936,4.09766166099759,4.13527253359392,4.20633503094681,4.24957222438117,4.26826000082852,4.28458804068541,4.32543817588221,4.39207237500087,4.4105405444064,4.446443860252,4.50855548673894,4.54912570623912,4.61159611597585,4.64502201503552,4.65902677536125,4.7329719180815,4.79843539476282,4.82574172865124,4.85373055135578,4.90613220047497,4.9270527859986,4.97027696321178,5.00458291928422,5.06822929626611,5.08433198074947,5.08873475442274,5.13668491816875,5.15519853850194,5.17517987001164,5.19363561795038,5.21041668695139,5.27249562383754,5.31020176185005,5.33391603205289,5.34685074123351,5.39363750666266,5.43231299335726,5.44959479425057,5.4919414161175,5.52390627913036,5.57778905552943,5.6157362725745,5.63303023147045,5.68283435983198,5.71435912356264,5.72218582320322,5.74106372103394,5.79421640719839,5.84519272785887,5.87563787479613,5.88267554603451,5.91586103199506,5.93113291931898,5.94883500138991,5.96215035103189,5.99843996488387,6.02413401683724,6.04586562670739,6.06787675259358,6.06998416566439,6.13317697352571,6.13631504150696,6.15846908008812,6.20736086514586,6.24724423969593,6.26920477988021,6.32144414499656,6.3340136838322,6.3522579080839,6.36071111246862,6.40038675536751,6.41141271540368,6.43485667924665,6.43685366906276,6.48631414571578,6.50189973153337,6.56438727804804,6.59748475145434,6.60601667180111,6.65461959450255,6.69926847235466,6.72395526873232,6.75325851473609,6.76786721403879,6.81388516223769,6.82739148222962,6.84723765526373,6.87230153468308,6.88060983370392,6.91849106371582,6.93579035692631,6.95802011081823,6.97144247823116,6.99716907430422,7.01812513013277,7.02139117633384,7.05922830662296,7.10950627678896,7.12741139368838,7.15265744764468,7.17335234692334,7.21284246957487,7.21584055424116,7.24371662000068,7.25762572844988,7.28963925491986,7.30336170927804,7.32241263584075,7.35576887334011,7.37771843105325,7.39507398306365,7.43272195404315,7.45117483514874,7.4587493121291,7.4805245758848,7.51165508709814,7.53100461880958,7.55444938135821,7.57392065247301,7.61960563245275,7.6240789793988,7.66126109717086,7.6781184995091,7.69750826779503,7.70968481355785,7.7306002271112,7.77521789686939,7.78513887112975,7.81205907673448,7.85491632303137,7.86109578055967,7.87249116939806,7.88981666296821,7.93786898818999,7.94391271132801,7.96338442608792,8.02597861938211,8.03336635998419,8.07832536141499,8.09013578520871,8.10295863325498,8.10531880951074,8.16584371334747,8.17711939105952,8.20268197224925,8.23694797614721,8.28065248198858,8.28097442136898,8.31122538290584,8.33105913650118,8.36538297185669,8.39058995919552,8.40858639967023,8.43662207669305,8.45632212459985,8.47124417547533,8.50428129423902,8.51183049933178,8.55847095529333,8.58026176063984,8.59888898019918,8.63944272350981,8.64586063877615,8.65268652558212,8.70609117388301,8.73653614294284,8.74696121113115,8.76905964348077,8.7836511726987,8.80616217256478,8.82809140450415,8.87015429782843,8.90750267312509,8.91417158107715,8.94952703787322,9.00294398465118,9.04158307807326,9.07663024972159,9.09450572649857,9.10934852918352,9.13083722389492,9.17363109467006,9.2282195874785,9.24225910025351,9.28915041155414,9.30361840318441,9.32707927122853,9.37849006695953,9.38908539567927,9.41758531196735,9.44952294149698,9.4710237490838,9.51090891942277,9.51730968743081,9.57556754172606,9.60708999151944,9.62570866483893,9.66652036039524,9.68929438893623,9.70982348224314,9.74076143331136,9.7597942008038,9.79818317094402,9.86308563977047,9.87004957750451,9.92216129053774,9.93619550030022,9.97510632526067,9.98766496127907,10.0245428751879,10.0541150094108,10.0781900782741,10.0947034503373,10.1558685230267,10.1748060516376,10.1976454453711,10.2257109075073,10.2333970400219,10.2627074423206,10.2887388396187,10.3307673392216,10.3510316615519,10.3996240430772,10.4173517293068,10.4489867765283,10.4838196065611,10.5385968961739,10.5694013396354,10.5991683669077,10.645728942459,10.7120165362539,10.7209074795958,10.7550811746563,10.8115241221418,10.8172023997465,10.8731407882066,10.9323718233209,10.9515785634988,11.0349018159165,11.0530069591682,11.0951832378827,11.1343811150178,11.15969177109,11.1722608849133,11.207948875732,11.20998446696,11.2678462412458,11.3405497676079,11.3937749428895,11.4079203900363,11.433449900243,11.4811186170353,11.4986323882626,11.5556915225166,11.5720022569787,11.6020296968871,11.6054250434204,11.7356009453378,11.7513615313324,11.8082412490273,11.8271236208928,11.8437432850182,11.8910856186542,11.9303930663041,11.9356133190664,12.0134146368918,12.0770482119762,12.1077588600811,12.121604482292,12.1491052903481,12.1979866091535,12.2839297107787,12.2948842245749,12.3300486276154,12.344053494963,12.3916236709092,12.4218386499988,12.4793874287729,12.5211863443652,12.5883145320603,12.6414334566546,12.6683817152996,12.6807971139865,12.7471617260488,12.7862764445109,12.8356797637194,12.8657397103196,12.8854145624294,12.938967122596,12.9683476323027,12.9905090797627,13.0326241937565,13.0734483850767,13.1060504512161,13.1619542921045,13.2268102123345,13.2504841509617,13.2702473233698,13.3639145424563,13.3987119743474,13.4294436504735,13.475062829617,13.4999683919184,13.5251469081236,13.5682139023428,13.6180106821728,13.6403230562369,13.6839674883868,13.7243980449821,13.7575116539615,13.799293174543,13.843015985758,13.9018332992772,13.9304397836897,13.9897430637698,14.0138343090726,14.1242947440981,14.1765847226876,14.1983826473066,14.2367568627744,14.2612475245546,14.3589902957307,14.4137081436871,14.4344497138239,14.4787837304465,14.5154113295819,14.5601728053865,14.611605544642,14.6377324749124,14.7033805569324,14.720707436365,14.8288555203048,14.9050944667686,15.0025209184991,15.0389467866191,15.1212693917715,15.2000588631421,15.2244587324709,15.353945108252,15.3617934937124,15.4184978331078,15.4668974470441,15.4887701674568,15.5523050121443,15.7081781764692,15.7418690561788,15.8118474005906,15.8556451602379,15.9734706799398,16.0822349410041,16.0918761366374,16.2339416851943,16.2632463233659,16.4101406911007,16.5090616996912,16.5218685015259,16.6356296519994,16.7369158414214,16.8150805485176,16.9165840460647,17.0130056026453,17.2486420860855,17.4049040308785,17.5959960001826,17.7897244602639,17.9678224885896,18.0874835853482,18.1269015462609,18.32241634192,18.4224504097117,18.7146818477631,18.8364319914168,18.9760922683429,19.1827751132466,19.4046260454411,19.700404785019,19.9939427530507,20.1312663194918,20.2405176285227,20.6219653821633,21.1787172887574,21.5133570497122,23.3466064250987,NA,NA,NA,NA,NA,NA,NA,NA,NA,NA,NA,NA,NA,NA,NA,NA,NA,NA,NA,NA,NA,NA,NA,NA,NA,NA,NA,NA,NA,NA,NA,NA,NA,NA,NA,NA,NA,NA,NA
0.535347805994956,0.600043990476218,0.718322574521694,0.994659006442158,1.07660454444882,1.27355038557182,1.41318030168279,1.50456114624353,1.52317612271472,1.75666054463568,1.7976422277967,1.80995499064714,1.88310652900523,1.94118371179728,2.19004640717344,2.20302083263084,2.28629743384636,2.42825644927023,2.52765120447611,2.53839538536986,2.61244172632687,2.68124807628617,2.72610537387649,2.78031382098352,2.88759595380696,2.96111215574675,2.99934267875158,3.06158571313214,3.13175778227276,3.16901355288221,3.22761345836655,3.30939403689668,3.38765030444131,3.44860676856422,3.45822433265552,3.4943823334794,3.57713207788775,3.61255458042392,3.70681607584098,3.75736940133087,3.78876326064784,3.82838985416491,3.86585309757563,3.90793223942677,3.93827970588706,4.03986346441936,4.09766166099759,4.13527253359392,4.20633503094681,4.24957222438117,4.26826000082852,4.28458804068541,4.32543817588221,4.39207237500087,4.4105405444064,4.446443860252,4.50855548673894,4.54912570623912,4.61159611597585,4.64502201503552,4.65902677536125,4.7329719180815,4.79843539476282,4.82574172865124,4.85373055135578,4.90613220047497,4.9270527859986,4.97027696321178,5.00458291928422,5.06822929626611,5.08433198074947,5.08873475442274,5.13668491816875,5.15519853850194,5.17517987001164,5.19363561795038,5.21041668695139,5.27249562383754,5.31020176185005,5.33391603205289,5.34685074123351,5.39363750666266,5.43231299335726,5.44959479425057,5.4919414161175,5.52390627913036,5.57778905552943,5.6157362725745,5.63303023147045,5.68283435983198,5.71435912356264,5.72218582320322,5.74106372103394,5.79421640719839,5.84519272785887,5.87563787479613,5.88267554603451,5.91586103199506,5.93113291931898,5.94883500138991,5.96215035103189,5.99843996488387,6.02413401683724,6.04586562670739,6.06787675259358,6.06998416566439,6.13317697352571,6.13631504150696,6.15846908008812,6.20736086514586,6.24724423969593,6.26920477988021,6.32144414499656,6.3340136838322,6.3522579080839,6.36071111246862,6.40038675536751,6.41141271540368,6.43485667924665,6.43685366906276,6.48631414571578,6.50189973153337,6.56438727804804,6.59748475145434,6.60601667180111,6.65461959450255,6.69926847235466,6.72395526873232,6.75325851473609,6.76786721403879,6.81388516223769,6.82739148222962,6.84723765526373,6.87230153468308,6.88060983370392,6.91849106371582,6.93579035692631,6.95802011081823,6.97144247823116,6.99716907430422,7.01812513013277,7.02139117633384,7.05922830662296,7.10950627678896,7.12741139368838,7.15265744764468,7.17335234692334,7.21284246957487,7.21584055424116,7.24371662000068,7.25762572844988,7.28963925491986,7.30336170927804,7.32241263584075,7.35576887334011,7.37771843105325,7.39507398306365,7.43272195404315,7.45117483514874,7.4587493121291,7.4805245758848,7.51165508709814,7.53100461880958,7.55444938135821,7.57392065247301,7.61960563245275,7.6240789793988,7.66126109717086,7.6781184995091,7.69750826779503,7.70968481355785,7.7306002271112,7.77521789686939,7.78513887112975,7.81205907673448,7.85491632303137,7.86109578055967,7.87249116939806,7.88981666296821,7.93786898818999,7.94391271132801,7.96338442608792,8.02597861938211,8.03336635998419,8.07832536141499,8.09013578520871,8.10295863325498,8.10531880951074,8.16584371334747,8.17711939105952,8.20268197224925,8.23694797614721,8.28065248198858,8.28097442136898,8.31122538290584,8.33105913650118,8.36538297185669,8.39058995919552,8.40858639967023,8.43662207669305,8.45632212459985,8.47124417547533,8.50428129423902,8.51183049933178,8.55847095529333,8.58026176063984,8.59888898019918,8.63944272350981,8.64586063877615,8.65268652558212,8.70609117388301,8.73653614294284,8.74696121113115,8.76905964348077,8.7836511726987,8.80616217256478,8.82809140450415,8.87015429782843,8.90750267312509,8.91417158107715,8.94952703787322,9.00294398465118,9.04158307807326,9.07663024972159,9.09450572649857,9.10934852918352,9.13083722389492,9.17363109467006,9.2282195874785,9.24225910025351,9.28915041155414,9.30361840318441,9.32707927122853,9.37849006695953,9.38908539567927,9.41758531196735,9.44952294149698,9.4710237490838,9.51090891942277,9.51730968743081,9.57556754172606,9.60708999151944,9.62570866483893,9.66652036039524,9.68929438893623,9.70982348224314,9.74076143331136,9.7597942008038,9.79818317094402,9.86308563977047,9.87004957750451,9.92216129053774,9.93619550030022,9.97510632526067,9.98766496127907,10.0245428751879,10.0541150094108,10.0781900782741,10.0947034503373,10.1558685230267,10.1748060516376,10.1976454453711,10.2257109075073,10.2333970400219,10.2627074423206,10.2887388396187,10.3307673392216,10.3510316615519,10.3996240430772,10.4173517293068,10.4489867765283,10.4838196065611,10.5385968961739,10.5694013396354,10.5991683669077,10.645728942459,10.7120165362539,10.7209074795958,10.7550811746563,10.8115241221418,10.8172023997465,10.8731407882066,10.9323718233209,10.9515785634988,11.0349018159165,11.0530069591682,11.0951832378827,11.1343811150178,11.15969177109,11.1722608849133,11.207948875732,11.20998446696,11.2678462412458,11.3405497676079,11.3937749428895,11.4079203900363,11.433449900243,11.4811186170353,11.4986323882626,11.5556915225166,11.5720022569787,11.6020296968871,11.6054250434204,11.7356009453378,11.7513615313324,11.8082412490273,11.8271236208928,11.8437432850182,11.8910856186542,11.9303930663041,11.9356133190664,12.0134146368918,12.0770482119762,12.1077588600811,12.121604482292,12.1491052903481,12.1979866091535,12.2839297107787,12.2948842245749,12.3300486276154,12.344053494963,12.3916236709092,12.4218386499988,12.4793874287729,12.5211863443652,12.5883145320603,12.6414334566546,12.6683817152996,12.6807971139865,12.7471617260488,12.7862764445109,12.8356797637194,12.8657397103196,12.8854145624294,12.938967122596,12.9683476323027,12.9905090797627,13.0326241937565,13.0734483850767,13.1060504512161,13.1619542921045,13.2268102123345,13.2504841509617,13.2702473233698,13.3639145424563,13.3987119743474,13.4294436504735,13.475062829617,13.4999683919184,13.5251469081236,13.5682139023428,13.6180106821728,13.6403230562369,13.6839674883868,13.7243980449821,13.7575116539615,13.799293174543,13.843015985758,13.9018332992772,13.9304397836897,13.9897430637698,14.0138343090726,14.1242947440981,14.1765847226876,14.1983826473066,14.2367568627744,14.2612475245546,14.3589902957307,14.4137081436871,14.4344497138239,14.4787837304465,14.5154113295819,14.5601728053865,14.611605544642,14.6377324749124,14.7033805569324,14.720707436365,14.8288555203048,14.9050944667686,15.0025209184991,15.0389467866191,15.1212693917715,15.2000588631421,15.2244587324709,15.353945108252,15.3617934937124,15.4184978331078,15.4668974470441,15.4887701674568,15.5523050121443,15.7081781764692,15.7418690561788,15.8118474005906,15.8556451602379,15.9734706799398,16.0822349410041,16.0918761366374,16.2339416851943,16.2632463233659,16.4101406911007,16.5090616996912,16.5218685015259,16.6356296519994,16.7369158414214,16.8150805485176,16.9165840460647,17.0130056026453,17.2486420860855,17.4049040308785,17.5959960001826,17.7897244602639,17.9678224885896,18.0874835853482,18.1269015462609,18.32241634192,18.4224504097117,18.7146818477631,18.8364319914168,18.9760922683429,19.1827751132466,19.4046260454411,19.700404785019,19.9939427530507,20.1312663194918,20.2405176285227,20.6219653821633,21.1787172887574,21.5133570497122,23.3466064250987,NA,NA,NA,NA,NA,NA,NA,NA,NA,NA,NA,NA,NA,NA,NA,NA,NA,NA,NA,NA,NA,NA,NA,NA,NA,NA,NA,NA,NA,NA,NA,NA,NA,NA,NA,NA,NA,NA,NA
0.535347805994956,0.600043990476218,0.718322574521694,0.994659006442158,1.07660454444882,1.27355038557182,1.41318030168279,1.50456114624353,1.52317612271472,1.75666054463568,1.7976422277967,1.80995499064714,1.88310652900523,1.94118371179728,2.19004640717344,2.20302083263084,2.28629743384636,2.42825644927023,2.52765120447611,2.53839538536986,2.61244172632687,2.68124807628617,2.72610537387649,2.78031382098352,2.88759595380696,2.96111215574675,2.99934267875158,3.06158571313214,3.13175778227276,3.16901355288221,3.22761345836655,3.30939403689668,3.38765030444131,3.44860676856422,3.45822433265552,3.4943823334794,3.57713207788775,3.61255458042392,3.70681607584098,3.75736940133087,3.78876326064784,3.82838985416491,3.86585309757563,3.90793223942677,3.93827970588706,4.03986346441936,4.09766166099759,4.13527253359392,4.20633503094681,4.24957222438117,4.26826000082852,4.28458804068541,4.32543817588221,4.39207237500087,4.4105405444064,4.446443860252,4.50855548673894,4.54912570623912,4.61159611597585,4.64502201503552,4.65902677536125,4.7329719180815,4.79843539476282,4.82574172865124,4.85373055135578,4.90613220047497,4.9270527859986,4.97027696321178,5.00458291928422,5.06822929626611,5.08433198074947,5.08873475442274,5.13668491816875,5.15519853850194,5.17517987001164,5.19363561795038,5.21041668695139,5.27249562383754,5.31020176185005,5.33391603205289,5.34685074123351,5.39363750666266,5.43231299335726,5.44959479425057,5.4919414161175,5.52390627913036,5.57778905552943,5.6157362725745,5.63303023147045,5.68283435983198,5.71435912356264,5.72218582320322,5.74106372103394,5.79421640719839,5.84519272785887,5.87563787479613,5.88267554603451,5.91586103199506,5.93113291931898,5.94883500138991,5.96215035103189,5.99843996488387,6.02413401683724,6.04586562670739,6.06787675259358,6.06998416566439,6.13317697352571,6.13631504150696,6.15846908008812,6.20736086514586,6.24724423969593,6.26920477988021,6.32144414499656,6.3340136838322,6.3522579080839,6.36071111246862,6.40038675536751,6.41141271540368,6.43485667924665,6.43685366906276,6.48631414571578,6.50189973153337,6.56438727804804,6.59748475145434,6.60601667180111,6.65461959450255,6.69926847235466,6.72395526873232,6.75325851473609,6.76786721403879,6.81388516223769,6.82739148222962,6.84723765526373,6.87230153468308,6.88060983370392,6.91849106371582,6.93579035692631,6.95802011081823,6.97144247823116,6.99716907430422,7.01812513013277,7.02139117633384,7.05922830662296,7.10950627678896,7.12741139368838,7.15265744764468,7.17335234692334,7.21284246957487,7.21584055424116,7.24371662000068,7.25762572844988,7.28963925491986,7.30336170927804,7.32241263584075,7.35576887334011,7.37771843105325,7.39507398306365,7.43272195404315,7.45117483514874,7.4587493121291,7.4805245758848,7.51165508709814,7.53100461880958,7.55444938135821,7.57392065247301,7.61960563245275,7.6240789793988,7.66126109717086,7.6781184995091,7.69750826779503,7.70968481355785,7.7306002271112,7.77521789686939,7.78513887112975,7.81205907673448,7.85491632303137,7.86109578055967,7.87249116939806,7.88981666296821,7.93786898818999,7.94391271132801,7.96338442608792,8.02597861938211,8.03336635998419,8.07832536141499,8.09013578520871,8.10295863325498,8.10531880951074,8.16584371334747,8.17711939105952,8.20268197224925,8.23694797614721,8.28065248198858,8.28097442136898,8.31122538290584,8.33105913650118,8.36538297185669,8.39058995919552,8.40858639967023,8.43662207669305,8.45632212459985,8.47124417547533,8.50428129423902,8.51183049933178,8.55847095529333,8.58026176063984,8.59888898019918,8.63944272350981,8.64586063877615,8.65268652558212,8.70609117388301,8.73653614294284,8.74696121113115,8.76905964348077,8.7836511726987,8.80616217256478,8.82809140450415,8.87015429782843,8.90750267312509,8.91417158107715,8.94952703787322,9.00294398465118,9.04158307807326,9.07663024972159,9.09450572649857,9.10934852918352,9.13083722389492,9.17363109467006,9.2282195874785,9.24225910025351,9.28915041155414,9.30361840318441,9.32707927122853,9.37849006695953,9.38908539567927,9.41758531196735,9.44952294149698,9.4710237490838,9.51090891942277,9.51730968743081,9.57556754172606,9.60708999151944,9.62570866483893,9.66652036039524,9.68929438893623,9.70982348224314,9.74076143331136,9.7597942008038,9.79818317094402,9.86308563977047,9.87004957750451,9.92216129053774,9.93619550030022,9.97510632526067,9.98766496127907,10.0245428751879,10.0541150094108,10.0781900782741,10.0947034503373,10.1558685230267,10.1748060516376,10.1976454453711,10.2257109075073,10.2333970400219,10.2627074423206,10.2887388396187,10.3307673392216,10.3510316615519,10.3996240430772,10.4173517293068,10.4489867765283,10.4838196065611,10.5385968961739,10.5694013396354,10.5991683669077,10.645728942459,10.7120165362539,10.7209074795958,10.7550811746563,10.8115241221418,10.8172023997465,10.8731407882066,10.9323718233209,10.9515785634988,11.0349018159165,11.0530069591682,11.0951832378827,11.1343811150178,11.15969177109,11.1722608849133,11.207948875732,11.20998446696,11.2678462412458,11.3405497676079,11.3937749428895,11.4079203900363,11.433449900243,11.4811186170353,11.4986323882626,11.5556915225166,11.5720022569787,11.6020296968871,11.6054250434204,11.7356009453378,11.7513615313324,11.8082412490273,11.8271236208928,11.8437432850182,11.8910856186542,11.9303930663041,11.9356133190664,12.0134146368918,12.0770482119762,12.1077588600811,12.121604482292,12.1491052903481,12.1979866091535,12.2839297107787,12.2948842245749,12.3300486276154,12.344053494963,12.3916236709092,12.4218386499988,12.4793874287729,12.5211863443652,12.5883145320603,12.6414334566546,12.6683817152996,12.6807971139865,12.7471617260488,12.7862764445109,12.8356797637194,12.8657397103196,12.8854145624294,12.938967122596,12.9683476323027,12.9905090797627,13.0326241937565,13.0734483850767,13.1060504512161,13.1619542921045,13.2268102123345,13.2504841509617,13.2702473233698,13.3639145424563,13.3987119743474,13.4294436504735,13.475062829617,13.4999683919184,13.5251469081236,13.5682139023428,13.6180106821728,13.6403230562369,13.6839674883868,13.7243980449821,13.7575116539615,13.799293174543,13.843015985758,13.9018332992772,13.9304397836897,13.9897430637698,14.0138343090726,14.1242947440981,14.1765847226876,14.1983826473066,14.2367568627744,14.2612475245546,14.3589902957307,14.4137081436871,14.4344497138239,14.4787837304465,14.5154113295819,14.5601728053865,14.611605544642,14.6377324749124,14.7033805569324,14.720707436365,14.8288555203048,14.9050944667686,15.0025209184991,15.0389467866191,15.1212693917715,15.2000588631421,15.2244587324709,15.353945108252,15.3617934937124,15.4184978331078,15.4668974470441,15.4887701674568,15.5523050121443,15.7081781764692,15.7418690561788,15.8118474005906,15.8556451602379,15.9734706799398,16.0822349410041,16.0918761366374,16.2339416851943,16.2632463233659,16.4101406911007,16.5090616996912,16.5218685015259,16.6356296519994,16.7369158414214,16.8150805485176,16.9165840460647,17.0130056026453,17.2486420860855,17.4049040308785,17.5959960001826,17.7897244602639,17.9678224885896,18.0874835853482,18.1269015462609,18.32241634192,18.4224504097117,18.7146818477631,18.8364319914168,18.9760922683429,19.1827751132466,19.4046260454411,19.700404785019,19.9939427530507,20.1312663194918,20.2405176285227,20.6219653821633,21.1787172887574,21.5133570497122,23.3466064250987,NA,NA,NA,NA,NA,NA,NA,NA,NA,NA,NA,NA,NA,NA,NA,NA,NA,NA,NA,NA,NA,NA,NA,NA,NA,NA,NA,NA,NA,NA,NA,NA,NA,NA,NA,NA,NA,NA,NA
0.535347805994956,0.600043990476218,0.718322574521694,0.994659006442158,1.07660454444882,1.27355038557182,1.41318030168279,1.50456114624353,1.52317612271472,1.75666054463568,1.7976422277967,1.80995499064714,1.88310652900523,1.94118371179728,2.19004640717344,2.20302083263084,2.28629743384636,2.42825644927023,2.52765120447611,2.53839538536986,2.61244172632687,2.68124807628617,2.72610537387649,2.78031382098352,2.88759595380696,2.96111215574675,2.99934267875158,3.06158571313214,3.13175778227276,3.16901355288221,3.22761345836655,3.30939403689668,3.38765030444131,3.44860676856422,3.45822433265552,3.4943823334794,3.57713207788775,3.61255458042392,3.70681607584098,3.75736940133087,3.78876326064784,3.82838985416491,3.86585309757563,3.90793223942677,3.93827970588706,4.03986346441936,4.09766166099759,4.13527253359392,4.20633503094681,4.24957222438117,4.26826000082852,4.28458804068541,4.32543817588221,4.39207237500087,4.4105405444064,4.446443860252,4.50855548673894,4.54912570623912,4.61159611597585,4.64502201503552,4.65902677536125,4.7329719180815,4.79843539476282,4.82574172865124,4.85373055135578,4.90613220047497,4.9270527859986,4.97027696321178,5.00458291928422,5.06822929626611,5.08433198074947,5.08873475442274,5.13668491816875,5.15519853850194,5.17517987001164,5.19363561795038,5.21041668695139,5.27249562383754,5.31020176185005,5.33391603205289,5.34685074123351,5.39363750666266,5.43231299335726,5.44959479425057,5.4919414161175,5.52390627913036,5.57778905552943,5.6157362725745,5.63303023147045,5.68283435983198,5.71435912356264,5.72218582320322,5.74106372103394,5.79421640719839,5.84519272785887,5.87563787479613,5.88267554603451,5.91586103199506,5.93113291931898,5.94883500138991,5.96215035103189,5.99843996488387,6.02413401683724,6.04586562670739,6.06787675259358,6.06998416566439,6.13317697352571,6.13631504150696,6.15846908008812,6.20736086514586,6.24724423969593,6.26920477988021,6.32144414499656,6.3340136838322,6.3522579080839,6.36071111246862,6.40038675536751,6.41141271540368,6.43485667924665,6.43685366906276,6.48631414571578,6.50189973153337,6.56438727804804,6.59748475145434,6.60601667180111,6.65461959450255,6.69926847235466,6.72395526873232,6.75325851473609,6.76786721403879,6.81388516223769,6.82739148222962,6.84723765526373,6.87230153468308,6.88060983370392,6.91849106371582,6.93579035692631,6.95802011081823,6.97144247823116,6.99716907430422,7.01812513013277,7.02139117633384,7.05922830662296,7.10950627678896,7.12741139368838,7.15265744764468,7.17335234692334,7.21284246957487,7.21584055424116,7.24371662000068,7.25762572844988,7.28963925491986,7.30336170927804,7.32241263584075,7.35576887334011,7.37771843105325,7.39507398306365,7.43272195404315,7.45117483514874,7.4587493121291,7.4805245758848,7.51165508709814,7.53100461880958,7.55444938135821,7.57392065247301,7.61960563245275,7.6240789793988,7.66126109717086,7.6781184995091,7.69750826779503,7.70968481355785,7.7306002271112,7.77521789686939,7.78513887112975,7.81205907673448,7.85491632303137,7.86109578055967,7.87249116939806,7.88981666296821,7.93786898818999,7.94391271132801,7.96338442608792,8.02597861938211,8.03336635998419,8.07832536141499,8.09013578520871,8.10295863325498,8.10531880951074,8.16584371334747,8.17711939105952,8.20268197224925,8.23694797614721,8.28065248198858,8.28097442136898,8.31122538290584,8.33105913650118,8.36538297185669,8.39058995919552,8.40858639967023,8.43662207669305,8.45632212459985,8.47124417547533,8.50428129423902,8.51183049933178,8.55847095529333,8.58026176063984,8.59888898019918,8.63944272350981,8.64586063877615,8.65268652558212,8.70609117388301,8.73653614294284,8.74696121113115,8.76905964348077,8.7836511726987,8.80616217256478,8.82809140450415,8.87015429782843,8.90750267312509,8.91417158107715,8.94952703787322,9.00294398465118,9.04158307807326,9.07663024972159,9.09450572649857,9.10934852918352,9.13083722389492,9.17363109467006,9.2282195874785,9.24225910025351,9.28915041155414,9.30361840318441,9.32707927122853,9.37849006695953,9.38908539567927,9.41758531196735,9.44952294149698,9.4710237490838,9.51090891942277,9.51730968743081,9.57556754172606,9.60708999151944,9.62570866483893,9.66652036039524,9.68929438893623,9.70982348224314,9.74076143331136,9.7597942008038,9.79818317094402,9.86308563977047,9.87004957750451,9.92216129053774,9.93619550030022,9.97510632526067,9.98766496127907,10.0245428751879,10.0541150094108,10.0781900782741,10.0947034503373,10.1558685230267,10.1748060516376,10.1976454453711,10.2257109075073,10.2333970400219,10.2627074423206,10.2887388396187,10.3307673392216,10.3510316615519,10.3996240430772,10.4173517293068,10.4489867765283,10.4838196065611,10.5385968961739,10.5694013396354,10.5991683669077,10.645728942459,10.7120165362539,10.7209074795958,10.7550811746563,10.8115241221418,10.8172023997465,10.8731407882066,10.9323718233209,10.9515785634988,11.0349018159165,11.0530069591682,11.0951832378827,11.1343811150178,11.15969177109,11.1722608849133,11.207948875732,11.20998446696,11.2678462412458,11.3405497676079,11.3937749428895,11.4079203900363,11.433449900243,11.4811186170353,11.4986323882626,11.5556915225166,11.5720022569787,11.6020296968871,11.6054250434204,11.7356009453378,11.7513615313324,11.8082412490273,11.8271236208928,11.8437432850182,11.8910856186542,11.9303930663041,11.9356133190664,12.0134146368918,12.0770482119762,12.1077588600811,12.121604482292,12.1491052903481,12.1979866091535,12.2839297107787,12.2948842245749,12.3300486276154,12.344053494963,12.3916236709092,12.4218386499988,12.4793874287729,12.5211863443652,12.5883145320603,12.6414334566546,12.6683817152996,12.6807971139865,12.7471617260488,12.7862764445109,12.8356797637194,12.8657397103196,12.8854145624294,12.938967122596,12.9683476323027,12.9905090797627,13.0326241937565,13.0734483850767,13.1060504512161,13.1619542921045,13.2268102123345,13.2504841509617,13.2702473233698,13.3639145424563,13.3987119743474,13.4294436504735,13.475062829617,13.4999683919184,13.5251469081236,13.5682139023428,13.6180106821728,13.6403230562369,13.6839674883868,13.7243980449821,13.7575116539615,13.799293174543,13.843015985758,13.9018332992772,13.9304397836897,13.9897430637698,14.0138343090726,14.1242947440981,14.1765847226876,14.1983826473066,14.2367568627744,14.2612475245546,14.3589902957307,14.4137081436871,14.4344497138239,14.4787837304465,14.5154113295819,14.5601728053865,14.611605544642,14.6377324749124,14.7033805569324,14.720707436365,14.8288555203048,14.9050944667686,15.0025209184991,15.0389467866191,15.1212693917715,15.2000588631421,15.2244587324709,15.353945108252,15.3617934937124,15.4184978331078,15.4668974470441,15.4887701674568,15.5523050121443,15.7081781764692,15.7418690561788,15.8118474005906,15.8556451602379,15.9734706799398,16.0822349410041,16.0918761366374,16.2339416851943,16.2632463233659,16.4101406911007,16.5090616996912,16.5218685015259,16.6356296519994,16.7369158414214,16.8150805485176,16.9165840460647,17.0130056026453,17.2486420860855,17.4049040308785,17.5959960001826,17.7897244602639,17.9678224885896,18.0874835853482,18.1269015462609,18.32241634192,18.4224504097117,18.7146818477631,18.8364319914168,18.9760922683429,19.1827751132466,19.4046260454411,19.700404785019,19.9939427530507,20.1312663194918,20.2405176285227,20.6219653821633,21.1787172887574,21.5133570497122,23.3466064250987,NA,NA,NA,NA,NA,NA,NA,NA,NA,NA,NA,NA,NA,NA,NA,NA,NA,NA,NA,NA,NA,NA,NA,NA,NA,NA,NA,NA,NA,NA,NA,NA,NA,NA,NA,NA,NA,NA,NA
0.535347805994956,0.600043990476218,0.718322574521694,0.994659006442158,1.07660454444882,1.27355038557182,1.41318030168279,1.50456114624353,1.52317612271472,1.75666054463568,1.7976422277967,1.80995499064714,1.88310652900523,1.94118371179728,2.19004640717344,2.20302083263084,2.28629743384636,2.42825644927023,2.52765120447611,2.53839538536986,2.61244172632687,2.68124807628617,2.72610537387649,2.78031382098352,2.88759595380696,2.96111215574675,2.99934267875158,3.06158571313214,3.13175778227276,3.16901355288221,3.22761345836655,3.30939403689668,3.38765030444131,3.44860676856422,3.45822433265552,3.4943823334794,3.57713207788775,3.61255458042392,3.70681607584098,3.75736940133087,3.78876326064784,3.82838985416491,3.86585309757563,3.90793223942677,3.93827970588706,4.03986346441936,4.09766166099759,4.13527253359392,4.20633503094681,4.24957222438117,4.26826000082852,4.28458804068541,4.32543817588221,4.39207237500087,4.4105405444064,4.446443860252,4.50855548673894,4.54912570623912,4.61159611597585,4.64502201503552,4.65902677536125,4.7329719180815,4.79843539476282,4.82574172865124,4.85373055135578,4.90613220047497,4.9270527859986,4.97027696321178,5.00458291928422,5.06822929626611,5.08433198074947,5.08873475442274,5.13668491816875,5.15519853850194,5.17517987001164,5.19363561795038,5.21041668695139,5.27249562383754,5.31020176185005,5.33391603205289,5.34685074123351,5.39363750666266,5.43231299335726,5.44959479425057,5.4919414161175,5.52390627913036,5.57778905552943,5.6157362725745,5.63303023147045,5.68283435983198,5.71435912356264,5.72218582320322,5.74106372103394,5.79421640719839,5.84519272785887,5.87563787479613,5.88267554603451,5.91586103199506,5.93113291931898,5.94883500138991,5.96215035103189,5.99843996488387,6.02413401683724,6.04586562670739,6.06787675259358,6.06998416566439,6.13317697352571,6.13631504150696,6.15846908008812,6.20736086514586,6.24724423969593,6.26920477988021,6.32144414499656,6.3340136838322,6.3522579080839,6.36071111246862,6.40038675536751,6.41141271540368,6.43485667924665,6.43685366906276,6.48631414571578,6.50189973153337,6.56438727804804,6.59748475145434,6.60601667180111,6.65461959450255,6.69926847235466,6.72395526873232,6.75325851473609,6.76786721403879,6.81388516223769,6.82739148222962,6.84723765526373,6.87230153468308,6.88060983370392,6.91849106371582,6.93579035692631,6.95802011081823,6.97144247823116,6.99716907430422,7.01812513013277,7.02139117633384,7.05922830662296,7.10950627678896,7.12741139368838,7.15265744764468,7.17335234692334,7.21284246957487,7.21584055424116,7.24371662000068,7.25762572844988,7.28963925491986,7.30336170927804,7.32241263584075,7.35576887334011,7.37771843105325,7.39507398306365,7.43272195404315,7.45117483514874,7.4587493121291,7.4805245758848,7.51165508709814,7.53100461880958,7.55444938135821,7.57392065247301,7.61960563245275,7.6240789793988,7.66126109717086,7.6781184995091,7.69750826779503,7.70968481355785,7.7306002271112,7.77521789686939,7.78513887112975,7.81205907673448,7.85491632303137,7.86109578055967,7.87249116939806,7.88981666296821,7.93786898818999,7.94391271132801,7.96338442608792,8.02597861938211,8.03336635998419,8.07832536141499,8.09013578520871,8.10295863325498,8.10531880951074,8.16584371334747,8.17711939105952,8.20268197224925,8.23694797614721,8.28065248198858,8.28097442136898,8.31122538290584,8.33105913650118,8.36538297185669,8.39058995919552,8.40858639967023,8.43662207669305,8.45632212459985,8.47124417547533,8.50428129423902,8.51183049933178,8.55847095529333,8.58026176063984,8.59888898019918,8.63944272350981,8.64586063877615,8.65268652558212,8.70609117388301,8.73653614294284,8.74696121113115,8.76905964348077,8.7836511726987,8.80616217256478,8.82809140450415,8.87015429782843,8.90750267312509,8.91417158107715,8.94952703787322,9.00294398465118,9.04158307807326,9.07663024972159,9.09450572649857,9.10934852918352,9.13083722389492,9.17363109467006,9.2282195874785,9.24225910025351,9.28915041155414,9.30361840318441,9.32707927122853,9.37849006695953,9.38908539567927,9.41758531196735,9.44952294149698,9.4710237490838,9.51090891942277,9.51730968743081,9.57556754172606,9.60708999151944,9.62570866483893,9.66652036039524,9.68929438893623,9.70982348224314,9.74076143331136,9.7597942008038,9.79818317094402,9.86308563977047,9.87004957750451,9.92216129053774,9.93619550030022,9.97510632526067,9.98766496127907,10.0245428751879,10.0541150094108,10.0781900782741,10.0947034503373,10.1558685230267,10.1748060516376,10.1976454453711,10.2257109075073,10.2333970400219,10.2627074423206,10.2887388396187,10.3307673392216,10.3510316615519,10.3996240430772,10.4173517293068,10.4489867765283,10.4838196065611,10.5385968961739,10.5694013396354,10.5991683669077,10.645728942459,10.7120165362539,10.7209074795958,10.7550811746563,10.8115241221418,10.8172023997465,10.8731407882066,10.9323718233209,10.9515785634988,11.0349018159165,11.0530069591682,11.0951832378827,11.1343811150178,11.15969177109,11.1722608849133,11.207948875732,11.20998446696,11.2678462412458,11.3405497676079,11.3937749428895,11.4079203900363,11.433449900243,11.4811186170353,11.4986323882626,11.5556915225166,11.5720022569787,11.6020296968871,11.6054250434204,11.7356009453378,11.7513615313324,11.8082412490273,11.8271236208928,11.8437432850182,11.8910856186542,11.9303930663041,11.9356133190664,12.0134146368918,12.0770482119762,12.1077588600811,12.121604482292,12.1491052903481,12.1979866091535,12.2839297107787,12.2948842245749,12.3300486276154,12.344053494963,12.3916236709092,12.4218386499988,12.4793874287729,12.5211863443652,12.5883145320603,12.6414334566546,12.6683817152996,12.6807971139865,12.7471617260488,12.7862764445109,12.8356797637194,12.8657397103196,12.8854145624294,12.938967122596,12.9683476323027,12.9905090797627,13.0326241937565,13.0734483850767,13.1060504512161,13.1619542921045,13.2268102123345,13.2504841509617,13.2702473233698,13.3639145424563,13.3987119743474,13.4294436504735,13.475062829617,13.4999683919184,13.5251469081236,13.5682139023428,13.6180106821728,13.6403230562369,13.6839674883868,13.7243980449821,13.7575116539615,13.799293174543,13.843015985758,13.9018332992772,13.9304397836897,13.9897430637698,14.0138343090726,14.1242947440981,14.1765847226876,14.1983826473066,14.2367568627744,14.2612475245546,14.3589902957307,14.4137081436871,14.4344497138239,14.4787837304465,14.5154113295819,14.5601728053865,14.611605544642,14.6377324749124,14.7033805569324,14.720707436365,14.8288555203048,14.9050944667686,15.0025209184991,15.0389467866191,15.1212693917715,15.2000588631421,15.2244587324709,15.353945108252,15.3617934937124,15.4184978331078,15.4668974470441,15.4887701674568,15.5523050121443,15.7081781764692,15.7418690561788,15.8118474005906,15.8556451602379,15.9734706799398,16.0822349410041,16.0918761366374,16.2339416851943,16.2632463233659,16.4101406911007,16.5090616996912,16.5218685015259,16.6356296519994,16.7369158414214,16.8150805485176,16.9165840460647,17.0130056026453,17.2486420860855,17.4049040308785,17.5959960001826,17.7897244602639,17.9678224885896,18.0874835853482,18.1269015462609,18.32241634192,18.4224504097117,18.7146818477631,18.8364319914168,18.9760922683429,19.1827751132466,19.4046260454411,19.700404785019,19.9939427530507,20.1312663194918,20.2405176285227,20.6219653821633,21.1787172887574,21.5133570497122,23.3466064250987,NA,NA,NA,NA,NA,NA,NA,NA,NA,NA,NA,NA,NA,NA,NA,NA,NA,NA,NA,NA,NA,NA,NA,NA,NA,NA,NA,NA,NA,NA,NA,NA,NA,NA,NA,NA,NA,NA,NA
0.535347805994956,0.600043990476218,0.718322574521694,0.994659006442158,1.07660454444882,1.27355038557182,1.41318030168279,1.50456114624353,1.52317612271472,1.75666054463568,1.7976422277967,1.80995499064714,1.88310652900523,1.94118371179728,2.19004640717344,2.20302083263084,2.28629743384636,2.42825644927023,2.52765120447611,2.53839538536986,2.61244172632687,2.68124807628617,2.72610537387649,2.78031382098352,2.88759595380696,2.96111215574675,2.99934267875158,3.06158571313214,3.13175778227276,3.16901355288221,3.22761345836655,3.30939403689668,3.38765030444131,3.44860676856422,3.45822433265552,3.4943823334794,3.57713207788775,3.61255458042392,3.70681607584098,3.75736940133087,3.78876326064784,3.82838985416491,3.86585309757563,3.90793223942677,3.93827970588706,4.03986346441936,4.09766166099759,4.13527253359392,4.20633503094681,4.24957222438117,4.26826000082852,4.28458804068541,4.32543817588221,4.39207237500087,4.4105405444064,4.446443860252,4.50855548673894,4.54912570623912,4.61159611597585,4.64502201503552,4.65902677536125,4.7329719180815,4.79843539476282,4.82574172865124,4.85373055135578,4.90613220047497,4.9270527859986,4.97027696321178,5.00458291928422,5.06822929626611,5.08433198074947,5.08873475442274,5.13668491816875,5.15519853850194,5.17517987001164,5.19363561795038,5.21041668695139,5.27249562383754,5.31020176185005,5.33391603205289,5.34685074123351,5.39363750666266,5.43231299335726,5.44959479425057,5.4919414161175,5.52390627913036,5.57778905552943,5.6157362725745,5.63303023147045,5.68283435983198,5.71435912356264,5.72218582320322,5.74106372103394,5.79421640719839,5.84519272785887,5.87563787479613,5.88267554603451,5.91586103199506,5.93113291931898,5.94883500138991,5.96215035103189,5.99843996488387,6.02413401683724,6.04586562670739,6.06787675259358,6.06998416566439,6.13317697352571,6.13631504150696,6.15846908008812,6.20736086514586,6.24724423969593,6.26920477988021,6.32144414499656,6.3340136838322,6.3522579080839,6.36071111246862,6.40038675536751,6.41141271540368,6.43485667924665,6.43685366906276,6.48631414571578,6.50189973153337,6.56438727804804,6.59748475145434,6.60601667180111,6.65461959450255,6.69926847235466,6.72395526873232,6.75325851473609,6.76786721403879,6.81388516223769,6.82739148222962,6.84723765526373,6.87230153468308,6.88060983370392,6.91849106371582,6.93579035692631,6.95802011081823,6.97144247823116,6.99716907430422,7.01812513013277,7.02139117633384,7.05922830662296,7.10950627678896,7.12741139368838,7.15265744764468,7.17335234692334,7.21284246957487,7.21584055424116,7.24371662000068,7.25762572844988,7.28963925491986,7.30336170927804,7.32241263584075,7.35576887334011,7.37771843105325,7.39507398306365,7.43272195404315,7.45117483514874,7.4587493121291,7.4805245758848,7.51165508709814,7.53100461880958,7.55444938135821,7.57392065247301,7.61960563245275,7.6240789793988,7.66126109717086,7.6781184995091,7.69750826779503,7.70968481355785,7.7306002271112,7.77521789686939,7.78513887112975,7.81205907673448,7.85491632303137,7.86109578055967,7.87249116939806,7.88981666296821,7.93786898818999,7.94391271132801,7.96338442608792,8.02597861938211,8.03336635998419,8.07832536141499,8.09013578520871,8.10295863325498,8.10531880951074,8.16584371334747,8.17711939105952,8.20268197224925,8.23694797614721,8.28065248198858,8.28097442136898,8.31122538290584,8.33105913650118,8.36538297185669,8.39058995919552,8.40858639967023,8.43662207669305,8.45632212459985,8.47124417547533,8.50428129423902,8.51183049933178,8.55847095529333,8.58026176063984,8.59888898019918,8.63944272350981,8.64586063877615,8.65268652558212,8.70609117388301,8.73653614294284,8.74696121113115,8.76905964348077,8.7836511726987,8.80616217256478,8.82809140450415,8.87015429782843,8.90750267312509,8.91417158107715,8.94952703787322,9.00294398465118,9.04158307807326,9.07663024972159,9.09450572649857,9.10934852918352,9.13083722389492,9.17363109467006,9.2282195874785,9.24225910025351,9.28915041155414,9.30361840318441,9.32707927122853,9.37849006695953,9.38908539567927,9.41758531196735,9.44952294149698,9.4710237490838,9.51090891942277,9.51730968743081,9.57556754172606,9.60708999151944,9.62570866483893,9.66652036039524,9.68929438893623,9.70982348224314,9.74076143331136,9.7597942008038,9.79818317094402,9.86308563977047,9.87004957750451,9.92216129053774,9.93619550030022,9.97510632526067,9.98766496127907,10.0245428751879,10.0541150094108,10.0781900782741,10.0947034503373,10.1558685230267,10.1748060516376,10.1976454453711,10.2257109075073,10.2333970400219,10.2627074423206,10.2887388396187,10.3307673392216,10.3510316615519,10.3996240430772,10.4173517293068,10.4489867765283,10.4838196065611,10.5385968961739,10.5694013396354,10.5991683669077,10.645728942459,10.7120165362539,10.7209074795958,10.7550811746563,10.8115241221418,10.8172023997465,10.8731407882066,10.9323718233209,10.9515785634988,11.0349018159165,11.0530069591682,11.0951832378827,11.1343811150178,11.15969177109,11.1722608849133,11.207948875732,11.20998446696,11.2678462412458,11.3405497676079,11.3937749428895,11.4079203900363,11.433449900243,11.4811186170353,11.4986323882626,11.5556915225166,11.5720022569787,11.6020296968871,11.6054250434204,11.7356009453378,11.7513615313324,11.8082412490273,11.8271236208928,11.8437432850182,11.8910856186542,11.9303930663041,11.9356133190664,12.0134146368918,12.0770482119762,12.1077588600811,12.121604482292,12.1491052903481,12.1979866091535,12.2839297107787,12.2948842245749,12.3300486276154,12.344053494963,12.3916236709092,12.4218386499988,12.4793874287729,12.5211863443652,12.5883145320603,12.6414334566546,12.6683817152996,12.6807971139865,12.7471617260488,12.7862764445109,12.8356797637194,12.8657397103196,12.8854145624294,12.938967122596,12.9683476323027,12.9905090797627,13.0326241937565,13.0734483850767,13.1060504512161,13.1619542921045,13.2268102123345,13.2504841509617,13.2702473233698,13.3639145424563,13.3987119743474,13.4294436504735,13.475062829617,13.4999683919184,13.5251469081236,13.5682139023428,13.6180106821728,13.6403230562369,13.6839674883868,13.7243980449821,13.7575116539615,13.799293174543,13.843015985758,13.9018332992772,13.9304397836897,13.9897430637698,14.0138343090726,14.1242947440981,14.1765847226876,14.1983826473066,14.2367568627744,14.2612475245546,14.3589902957307,14.4137081436871,14.4344497138239,14.4787837304465,14.5154113295819,14.5601728053865,14.611605544642,14.6377324749124,14.7033805569324,14.720707436365,14.8288555203048,14.9050944667686,15.0025209184991,15.0389467866191,15.1212693917715,15.2000588631421,15.2244587324709,15.353945108252,15.3617934937124,15.4184978331078,15.4668974470441,15.4887701674568,15.5523050121443,15.7081781764692,15.7418690561788,15.8118474005906,15.8556451602379,15.9734706799398,16.0822349410041,16.0918761366374,16.2339416851943,16.2632463233659,16.4101406911007,16.5090616996912,16.5218685015259,16.6356296519994,16.7369158414214,16.8150805485176,16.9165840460647,17.0130056026453,17.2486420860855,17.4049040308785,17.5959960001826,17.7897244602639,17.9678224885896,18.0874835853482,18.1269015462609,18.32241634192,18.4224504097117,18.7146818477631,18.8364319914168,18.9760922683429,19.1827751132466,19.4046260454411,19.700404785019,19.9939427530507,20.1312663194918,20.2405176285227,20.6219653821633,21.1787172887574,21.5133570497122,23.3466064250987,NA,NA,NA,NA,NA,NA,NA,NA,NA,NA,NA,NA,NA,NA,NA,NA,NA,NA,NA,NA,NA,NA,NA,NA,NA,NA,NA,NA,NA,NA,NA,NA,NA,NA,NA,NA,NA,NA,NA
0.535347805994956,0.600043990476218,0.718322574521694,0.994659006442158,1.07660454444882,1.27355038557182,1.41318030168279,1.50456114624353,1.52317612271472,1.75666054463568,1.7976422277967,1.80995499064714,1.88310652900523,1.94118371179728,2.19004640717344,2.20302083263084,2.28629743384636,2.42825644927023,2.52765120447611,2.53839538536986,2.61244172632687,2.68124807628617,2.72610537387649,2.78031382098352,2.88759595380696,2.96111215574675,2.99934267875158,3.06158571313214,3.13175778227276,3.16901355288221,3.22761345836655,3.30939403689668,3.38765030444131,3.44860676856422,3.45822433265552,3.4943823334794,3.57713207788775,3.61255458042392,3.70681607584098,3.75736940133087,3.78876326064784,3.82838985416491,3.86585309757563,3.90793223942677,3.93827970588706,4.03986346441936,4.09766166099759,4.13527253359392,4.20633503094681,4.24957222438117,4.26826000082852,4.28458804068541,4.32543817588221,4.39207237500087,4.4105405444064,4.446443860252,4.50855548673894,4.54912570623912,4.61159611597585,4.64502201503552,4.65902677536125,4.7329719180815,4.79843539476282,4.82574172865124,4.85373055135578,4.90613220047497,4.9270527859986,4.97027696321178,5.00458291928422,5.06822929626611,5.08433198074947,5.08873475442274,5.13668491816875,5.15519853850194,5.17517987001164,5.19363561795038,5.21041668695139,5.27249562383754,5.31020176185005,5.33391603205289,5.34685074123351,5.39363750666266,5.43231299335726,5.44959479425057,5.4919414161175,5.52390627913036,5.57778905552943,5.6157362725745,5.63303023147045,5.68283435983198,5.71435912356264,5.72218582320322,5.74106372103394,5.79421640719839,5.84519272785887,5.87563787479613,5.88267554603451,5.91586103199506,5.93113291931898,5.94883500138991,5.96215035103189,5.99843996488387,6.02413401683724,6.04586562670739,6.06787675259358,6.06998416566439,6.13317697352571,6.13631504150696,6.15846908008812,6.20736086514586,6.24724423969593,6.26920477988021,6.32144414499656,6.3340136838322,6.3522579080839,6.36071111246862,6.40038675536751,6.41141271540368,6.43485667924665,6.43685366906276,6.48631414571578,6.50189973153337,6.56438727804804,6.59748475145434,6.60601667180111,6.65461959450255,6.69926847235466,6.72395526873232,6.75325851473609,6.76786721403879,6.81388516223769,6.82739148222962,6.84723765526373,6.87230153468308,6.88060983370392,6.91849106371582,6.93579035692631,6.95802011081823,6.97144247823116,6.99716907430422,7.01812513013277,7.02139117633384,7.05922830662296,7.10950627678896,7.12741139368838,7.15265744764468,7.17335234692334,7.21284246957487,7.21584055424116,7.24371662000068,7.25762572844988,7.28963925491986,7.30336170927804,7.32241263584075,7.35576887334011,7.37771843105325,7.39507398306365,7.43272195404315,7.45117483514874,7.4587493121291,7.4805245758848,7.51165508709814,7.53100461880958,7.55444938135821,7.57392065247301,7.61960563245275,7.6240789793988,7.66126109717086,7.6781184995091,7.69750826779503,7.70968481355785,7.7306002271112,7.77521789686939,7.78513887112975,7.81205907673448,7.85491632303137,7.86109578055967,7.87249116939806,7.88981666296821,7.93786898818999,7.94391271132801,7.96338442608792,8.02597861938211,8.03336635998419,8.07832536141499,8.09013578520871,8.10295863325498,8.10531880951074,8.16584371334747,8.17711939105952,8.20268197224925,8.23694797614721,8.28065248198858,8.28097442136898,8.31122538290584,8.33105913650118,8.36538297185669,8.39058995919552,8.40858639967023,8.43662207669305,8.45632212459985,8.47124417547533,8.50428129423902,8.51183049933178,8.55847095529333,8.58026176063984,8.59888898019918,8.63944272350981,8.64586063877615,8.65268652558212,8.70609117388301,8.73653614294284,8.74696121113115,8.76905964348077,8.7836511726987,8.80616217256478,8.82809140450415,8.87015429782843,8.90750267312509,8.91417158107715,8.94952703787322,9.00294398465118,9.04158307807326,9.07663024972159,9.09450572649857,9.10934852918352,9.13083722389492,9.17363109467006,9.2282195874785,9.24225910025351,9.28915041155414,9.30361840318441,9.32707927122853,9.37849006695953,9.38908539567927,9.41758531196735,9.44952294149698,9.4710237490838,9.51090891942277,9.51730968743081,9.57556754172606,9.60708999151944,9.62570866483893,9.66652036039524,9.68929438893623,9.70982348224314,9.74076143331136,9.7597942008038,9.79818317094402,9.86308563977047,9.87004957750451,9.92216129053774,9.93619550030022,9.97510632526067,9.98766496127907,10.0245428751879,10.0541150094108,10.0781900782741,10.0947034503373,10.1558685230267,10.1748060516376,10.1976454453711,10.2257109075073,10.2333970400219,10.2627074423206,10.2887388396187,10.3307673392216,10.3510316615519,10.3996240430772,10.4173517293068,10.4489867765283,10.4838196065611,10.5385968961739,10.5694013396354,10.5991683669077,10.645728942459,10.7120165362539,10.7209074795958,10.7550811746563,10.8115241221418,10.8172023997465,10.8731407882066,10.9323718233209,10.9515785634988,11.0349018159165,11.0530069591682,11.0951832378827,11.1343811150178,11.15969177109,11.1722608849133,11.207948875732,11.20998446696,11.2678462412458,11.3405497676079,11.3937749428895,11.4079203900363,11.433449900243,11.4811186170353,11.4986323882626,11.5556915225166,11.5720022569787,11.6020296968871,11.6054250434204,11.7356009453378,11.7513615313324,11.8082412490273,11.8271236208928,11.8437432850182,11.8910856186542,11.9303930663041,11.9356133190664,12.0134146368918,12.0770482119762,12.1077588600811,12.121604482292,12.1491052903481,12.1979866091535,12.2839297107787,12.2948842245749,12.3300486276154,12.344053494963,12.3916236709092,12.4218386499988,12.4793874287729,12.5211863443652,12.5883145320603,12.6414334566546,12.6683817152996,12.6807971139865,12.7471617260488,12.7862764445109,12.8356797637194,12.8657397103196,12.8854145624294,12.938967122596,12.9683476323027,12.9905090797627,13.0326241937565,13.0734483850767,13.1060504512161,13.1619542921045,13.2268102123345,13.2504841509617,13.2702473233698,13.3639145424563,13.3987119743474,13.4294436504735,13.475062829617,13.4999683919184,13.5251469081236,13.5682139023428,13.6180106821728,13.6403230562369,13.6839674883868,13.7243980449821,13.7575116539615,13.799293174543,13.843015985758,13.9018332992772,13.9304397836897,13.9897430637698,14.0138343090726,14.1242947440981,14.1765847226876,14.1983826473066,14.2367568627744,14.2612475245546,14.3589902957307,14.4137081436871,14.4344497138239,14.4787837304465,14.5154113295819,14.5601728053865,14.611605544642,14.6377324749124,14.7033805569324,14.720707436365,14.8288555203048,14.9050944667686,15.0025209184991,15.0389467866191,15.1212693917715,15.2000588631421,15.2244587324709,15.353945108252,15.3617934937124,15.4184978331078,15.4668974470441,15.4887701674568,15.5523050121443,15.7081781764692,15.7418690561788,15.8118474005906,15.8556451602379,15.9734706799398,16.0822349410041,16.0918761366374,16.2339416851943,16.2632463233659,16.4101406911007,16.5090616996912,16.5218685015259,16.6356296519994,16.7369158414214,16.8150805485176,16.9165840460647,17.0130056026453,17.2486420860855,17.4049040308785,17.5959960001826,17.7897244602639,17.9678224885896,18.0874835853482,18.1269015462609,18.32241634192,18.4224504097117,18.7146818477631,18.8364319914168,18.9760922683429,19.1827751132466,19.4046260454411,19.700404785019,19.9939427530507,20.1312663194918,20.2405176285227,20.6219653821633,21.1787172887574,21.5133570497122,23.3466064250987,NA,NA,NA,NA,NA,NA,NA,NA,NA,NA,NA,NA,NA,NA,NA,NA,NA,NA,NA,NA,NA,NA,NA,NA,NA,NA,NA,NA,NA,NA,NA,NA,NA,NA,NA,NA,NA,NA,NA
0.535347805994956,0.600043990476218,0.718322574521694,0.994659006442158,1.07660454444882,1.27355038557182,1.41318030168279,1.50456114624353,1.52317612271472,1.75666054463568,1.7976422277967,1.80995499064714,1.88310652900523,1.94118371179728,2.19004640717344,2.20302083263084,2.28629743384636,2.42825644927023,2.52765120447611,2.53839538536986,2.61244172632687,2.68124807628617,2.72610537387649,2.78031382098352,2.88759595380696,2.96111215574675,2.99934267875158,3.06158571313214,3.13175778227276,3.16901355288221,3.22761345836655,3.30939403689668,3.38765030444131,3.44860676856422,3.45822433265552,3.4943823334794,3.57713207788775,3.61255458042392,3.70681607584098,3.75736940133087,3.78876326064784,3.82838985416491,3.86585309757563,3.90793223942677,3.93827970588706,4.03986346441936,4.09766166099759,4.13527253359392,4.20633503094681,4.24957222438117,4.26826000082852,4.28458804068541,4.32543817588221,4.39207237500087,4.4105405444064,4.446443860252,4.50855548673894,4.54912570623912,4.61159611597585,4.64502201503552,4.65902677536125,4.7329719180815,4.79843539476282,4.82574172865124,4.85373055135578,4.90613220047497,4.9270527859986,4.97027696321178,5.00458291928422,5.06822929626611,5.08433198074947,5.08873475442274,5.13668491816875,5.15519853850194,5.17517987001164,5.19363561795038,5.21041668695139,5.27249562383754,5.31020176185005,5.33391603205289,5.34685074123351,5.39363750666266,5.43231299335726,5.44959479425057,5.4919414161175,5.52390627913036,5.57778905552943,5.6157362725745,5.63303023147045,5.68283435983198,5.71435912356264,5.72218582320322,5.74106372103394,5.79421640719839,5.84519272785887,5.87563787479613,5.88267554603451,5.91586103199506,5.93113291931898,5.94883500138991,5.96215035103189,5.99843996488387,6.02413401683724,6.04586562670739,6.06787675259358,6.06998416566439,6.13317697352571,6.13631504150696,6.15846908008812,6.20736086514586,6.24724423969593,6.26920477988021,6.32144414499656,6.3340136838322,6.3522579080839,6.36071111246862,6.40038675536751,6.41141271540368,6.43485667924665,6.43685366906276,6.48631414571578,6.50189973153337,6.56438727804804,6.59748475145434,6.60601667180111,6.65461959450255,6.69926847235466,6.72395526873232,6.75325851473609,6.76786721403879,6.81388516223769,6.82739148222962,6.84723765526373,6.87230153468308,6.88060983370392,6.91849106371582,6.93579035692631,6.95802011081823,6.97144247823116,6.99716907430422,7.01812513013277,7.02139117633384,7.05922830662296,7.10950627678896,7.12741139368838,7.15265744764468,7.17335234692334,7.21284246957487,7.21584055424116,7.24371662000068,7.25762572844988,7.28963925491986,7.30336170927804,7.32241263584075,7.35576887334011,7.37771843105325,7.39507398306365,7.43272195404315,7.45117483514874,7.4587493121291,7.4805245758848,7.51165508709814,7.53100461880958,7.55444938135821,7.57392065247301,7.61960563245275,7.6240789793988,7.66126109717086,7.6781184995091,7.69750826779503,7.70968481355785,7.7306002271112,7.77521789686939,7.78513887112975,7.81205907673448,7.85491632303137,7.86109578055967,7.87249116939806,7.88981666296821,7.93786898818999,7.94391271132801,7.96338442608792,8.02597861938211,8.03336635998419,8.07832536141499,8.09013578520871,8.10295863325498,8.10531880951074,8.16584371334747,8.17711939105952,8.20268197224925,8.23694797614721,8.28065248198858,8.28097442136898,8.31122538290584,8.33105913650118,8.36538297185669,8.39058995919552,8.40858639967023,8.43662207669305,8.45632212459985,8.47124417547533,8.50428129423902,8.51183049933178,8.55847095529333,8.58026176063984,8.59888898019918,8.63944272350981,8.64586063877615,8.65268652558212,8.70609117388301,8.73653614294284,8.74696121113115,8.76905964348077,8.7836511726987,8.80616217256478,8.82809140450415,8.87015429782843,8.90750267312509,8.91417158107715,8.94952703787322,9.00294398465118,9.04158307807326,9.07663024972159,9.09450572649857,9.10934852918352,9.13083722389492,9.17363109467006,9.2282195874785,9.24225910025351,9.28915041155414,9.30361840318441,9.32707927122853,9.37849006695953,9.38908539567927,9.41758531196735,9.44952294149698,9.4710237490838,9.51090891942277,9.51730968743081,9.57556754172606,9.60708999151944,9.62570866483893,9.66652036039524,9.68929438893623,9.70982348224314,9.74076143331136,9.7597942008038,9.79818317094402,9.86308563977047,9.87004957750451,9.92216129053774,9.93619550030022,9.97510632526067,9.98766496127907,10.0245428751879,10.0541150094108,10.0781900782741,10.0947034503373,10.1558685230267,10.1748060516376,10.1976454453711,10.2257109075073,10.2333970400219,10.2627074423206,10.2887388396187,10.3307673392216,10.3510316615519,10.3996240430772,10.4173517293068,10.4489867765283,10.4838196065611,10.5385968961739,10.5694013396354,10.5991683669077,10.645728942459,10.7120165362539,10.7209074795958,10.7550811746563,10.8115241221418,10.8172023997465,10.8731407882066,10.9323718233209,10.9515785634988,11.0349018159165,11.0530069591682,11.0951832378827,11.1343811150178,11.15969177109,11.1722608849133,11.207948875732,11.20998446696,11.2678462412458,11.3405497676079,11.3937749428895,11.4079203900363,11.433449900243,11.4811186170353,11.4986323882626,11.5556915225166,11.5720022569787,11.6020296968871,11.6054250434204,11.7356009453378,11.7513615313324,11.8082412490273,11.8271236208928,11.8437432850182,11.8910856186542,11.9303930663041,11.9356133190664,12.0134146368918,12.0770482119762,12.1077588600811,12.121604482292,12.1491052903481,12.1979866091535,12.2839297107787,12.2948842245749,12.3300486276154,12.344053494963,12.3916236709092,12.4218386499988,12.4793874287729,12.5211863443652,12.5883145320603,12.6414334566546,12.6683817152996,12.6807971139865,12.7471617260488,12.7862764445109,12.8356797637194,12.8657397103196,12.8854145624294,12.938967122596,12.9683476323027,12.9905090797627,13.0326241937565,13.0734483850767,13.1060504512161,13.1619542921045,13.2268102123345,13.2504841509617,13.2702473233698,13.3639145424563,13.3987119743474,13.4294436504735,13.475062829617,13.4999683919184,13.5251469081236,13.5682139023428,13.6180106821728,13.6403230562369,13.6839674883868,13.7243980449821,13.7575116539615,13.799293174543,13.843015985758,13.9018332992772,13.9304397836897,13.9897430637698,14.0138343090726,14.1242947440981,14.1765847226876,14.1983826473066,14.2367568627744,14.2612475245546,14.3589902957307,14.4137081436871,14.4344497138239,14.4787837304465,14.5154113295819,14.5601728053865,14.611605544642,14.6377324749124,14.7033805569324,14.720707436365,14.8288555203048,14.9050944667686,15.0025209184991,15.0389467866191,15.1212693917715,15.2000588631421,15.2244587324709,15.353945108252,15.3617934937124,15.4184978331078,15.4668974470441,15.4887701674568,15.5523050121443,15.7081781764692,15.7418690561788,15.8118474005906,15.8556451602379,15.9734706799398,16.0822349410041,16.0918761366374,16.2339416851943,16.2632463233659,16.4101406911007,16.5090616996912,16.5218685015259,16.6356296519994,16.7369158414214,16.8150805485176,16.9165840460647,17.0130056026453,17.2486420860855,17.4049040308785,17.5959960001826,17.7897244602639,17.9678224885896,18.0874835853482,18.1269015462609,18.32241634192,18.4224504097117,18.7146818477631,18.8364319914168,18.9760922683429,19.1827751132466,19.4046260454411,19.700404785019,19.9939427530507,20.1312663194918,20.2405176285227,20.6219653821633,21.1787172887574,21.5133570497122,23.3466064250987,NA,NA,NA,NA,NA,NA,NA,NA,NA,NA,NA,NA,NA,NA,NA,NA,NA,NA,NA,NA,NA,NA,NA,NA,NA,NA,NA,NA,NA,NA,NA,NA,NA,NA,NA,NA,NA,NA,NA
0.535347805994956,0.600043990476218,0.718322574521694,0.994659006442158,1.07660454444882,1.27355038557182,1.41318030168279,1.50456114624353,1.52317612271472,1.75666054463568,1.7976422277967,1.80995499064714,1.88310652900523,1.94118371179728,2.19004640717344,2.20302083263084,2.28629743384636,2.42825644927023,2.52765120447611,2.53839538536986,2.61244172632687,2.68124807628617,2.72610537387649,2.78031382098352,2.88759595380696,2.96111215574675,2.99934267875158,3.06158571313214,3.13175778227276,3.16901355288221,3.22761345836655,3.30939403689668,3.38765030444131,3.44860676856422,3.45822433265552,3.4943823334794,3.57713207788775,3.61255458042392,3.70681607584098,3.75736940133087,3.78876326064784,3.82838985416491,3.86585309757563,3.90793223942677,3.93827970588706,4.03986346441936,4.09766166099759,4.13527253359392,4.20633503094681,4.24957222438117,4.26826000082852,4.28458804068541,4.32543817588221,4.39207237500087,4.4105405444064,4.446443860252,4.50855548673894,4.54912570623912,4.61159611597585,4.64502201503552,4.65902677536125,4.7329719180815,4.79843539476282,4.82574172865124,4.85373055135578,4.90613220047497,4.9270527859986,4.97027696321178,5.00458291928422,5.06822929626611,5.08433198074947,5.08873475442274,5.13668491816875,5.15519853850194,5.17517987001164,5.19363561795038,5.21041668695139,5.27249562383754,5.31020176185005,5.33391603205289,5.34685074123351,5.39363750666266,5.43231299335726,5.44959479425057,5.4919414161175,5.52390627913036,5.57778905552943,5.6157362725745,5.63303023147045,5.68283435983198,5.71435912356264,5.72218582320322,5.74106372103394,5.79421640719839,5.84519272785887,5.87563787479613,5.88267554603451,5.91586103199506,5.93113291931898,5.94883500138991,5.96215035103189,5.99843996488387,6.02413401683724,6.04586562670739,6.06787675259358,6.06998416566439,6.13317697352571,6.13631504150696,6.15846908008812,6.20736086514586,6.24724423969593,6.26920477988021,6.32144414499656,6.3340136838322,6.3522579080839,6.36071111246862,6.40038675536751,6.41141271540368,6.43485667924665,6.43685366906276,6.48631414571578,6.50189973153337,6.56438727804804,6.59748475145434,6.60601667180111,6.65461959450255,6.69926847235466,6.72395526873232,6.75325851473609,6.76786721403879,6.81388516223769,6.82739148222962,6.84723765526373,6.87230153468308,6.88060983370392,6.91849106371582,6.93579035692631,6.95802011081823,6.97144247823116,6.99716907430422,7.01812513013277,7.02139117633384,7.05922830662296,7.10950627678896,7.12741139368838,7.15265744764468,7.17335234692334,7.21284246957487,7.21584055424116,7.24371662000068,7.25762572844988,7.28963925491986,7.30336170927804,7.32241263584075,7.35576887334011,7.37771843105325,7.39507398306365,7.43272195404315,7.45117483514874,7.4587493121291,7.4805245758848,7.51165508709814,7.53100461880958,7.55444938135821,7.57392065247301,7.61960563245275,7.6240789793988,7.66126109717086,7.6781184995091,7.69750826779503,7.70968481355785,7.7306002271112,7.77521789686939,7.78513887112975,7.81205907673448,7.85491632303137,7.86109578055967,7.87249116939806,7.88981666296821,7.93786898818999,7.94391271132801,7.96338442608792,8.02597861938211,8.03336635998419,8.07832536141499,8.09013578520871,8.10295863325498,8.10531880951074,8.16584371334747,8.17711939105952,8.20268197224925,8.23694797614721,8.28065248198858,8.28097442136898,8.31122538290584,8.33105913650118,8.36538297185669,8.39058995919552,8.40858639967023,8.43662207669305,8.45632212459985,8.47124417547533,8.50428129423902,8.51183049933178,8.55847095529333,8.58026176063984,8.59888898019918,8.63944272350981,8.64586063877615,8.65268652558212,8.70609117388301,8.73653614294284,8.74696121113115,8.76905964348077,8.7836511726987,8.80616217256478,8.82809140450415,8.87015429782843,8.90750267312509,8.91417158107715,8.94952703787322,9.00294398465118,9.04158307807326,9.07663024972159,9.09450572649857,9.10934852918352,9.13083722389492,9.17363109467006,9.2282195874785,9.24225910025351,9.28915041155414,9.30361840318441,9.32707927122853,9.37849006695953,9.38908539567927,9.41758531196735,9.44952294149698,9.4710237490838,9.51090891942277,9.51730968743081,9.57556754172606,9.60708999151944,9.62570866483893,9.66652036039524,9.68929438893623,9.70982348224314,9.74076143331136,9.7597942008038,9.79818317094402,9.86308563977047,9.87004957750451,9.92216129053774,9.93619550030022,9.97510632526067,9.98766496127907,10.0245428751879,10.0541150094108,10.0781900782741,10.0947034503373,10.1558685230267,10.1748060516376,10.1976454453711,10.2257109075073,10.2333970400219,10.2627074423206,10.2887388396187,10.3307673392216,10.3510316615519,10.3996240430772,10.4173517293068,10.4489867765283,10.4838196065611,10.5385968961739,10.5694013396354,10.5991683669077,10.645728942459,10.7120165362539,10.7209074795958,10.7550811746563,10.8115241221418,10.8172023997465,10.8731407882066,10.9323718233209,10.9515785634988,11.0349018159165,11.0530069591682,11.0951832378827,11.1343811150178,11.15969177109,11.1722608849133,11.207948875732,11.20998446696,11.2678462412458,11.3405497676079,11.3937749428895,11.4079203900363,11.433449900243,11.4811186170353,11.4986323882626,11.5556915225166,11.5720022569787,11.6020296968871,11.6054250434204,11.7356009453378,11.7513615313324,11.8082412490273,11.8271236208928,11.8437432850182,11.8910856186542,11.9303930663041,11.9356133190664,12.0134146368918,12.0770482119762,12.1077588600811,12.121604482292,12.1491052903481,12.1979866091535,12.2839297107787,12.2948842245749,12.3300486276154,12.344053494963,12.3916236709092,12.4218386499988,12.4793874287729,12.5211863443652,12.5883145320603,12.6414334566546,12.6683817152996,12.6807971139865,12.7471617260488,12.7862764445109,12.8356797637194,12.8657397103196,12.8854145624294,12.938967122596,12.9683476323027,12.9905090797627,13.0326241937565,13.0734483850767,13.1060504512161,13.1619542921045,13.2268102123345,13.2504841509617,13.2702473233698,13.3639145424563,13.3987119743474,13.4294436504735,13.475062829617,13.4999683919184,13.5251469081236,13.5682139023428,13.6180106821728,13.6403230562369,13.6839674883868,13.7243980449821,13.7575116539615,13.799293174543,13.843015985758,13.9018332992772,13.9304397836897,13.9897430637698,14.0138343090726,14.1242947440981,14.1765847226876,14.1983826473066,14.2367568627744,14.2612475245546,14.3589902957307,14.4137081436871,14.4344497138239,14.4787837304465,14.5154113295819,14.5601728053865,14.611605544642,14.6377324749124,14.7033805569324,14.720707436365,14.8288555203048,14.9050944667686,15.0025209184991,15.0389467866191,15.1212693917715,15.2000588631421,15.2244587324709,15.353945108252,15.3617934937124,15.4184978331078,15.4668974470441,15.4887701674568,15.5523050121443,15.7081781764692,15.7418690561788,15.8118474005906,15.8556451602379,15.9734706799398,16.0822349410041,16.0918761366374,16.2339416851943,16.2632463233659,16.4101406911007,16.5090616996912,16.5218685015259,16.6356296519994,16.7369158414214,16.8150805485176,16.9165840460647,17.0130056026453,17.2486420860855,17.4049040308785,17.5959960001826,17.7897244602639,17.9678224885896,18.0874835853482,18.1269015462609,18.32241634192,18.4224504097117,18.7146818477631,18.8364319914168,18.9760922683429,19.1827751132466,19.4046260454411,19.700404785019,19.9939427530507,20.1312663194918,20.2405176285227,20.6219653821633,21.1787172887574,21.5133570497122,23.3466064250987,NA,NA,NA,NA,NA,NA,NA,NA,NA,NA,NA,NA,NA,NA,NA,NA,NA,NA,NA,NA,NA,NA,NA,NA,NA,NA,NA,NA,NA,NA,NA,NA,NA,NA,NA,NA,NA,NA,NA
0.535347805994956,0.600043990476218,0.718322574521694,0.994659006442158,1.07660454444882,1.27355038557182,1.41318030168279,1.50456114624353,1.52317612271472,1.75666054463568,1.7976422277967,1.80995499064714,1.88310652900523,1.94118371179728,2.19004640717344,2.20302083263084,2.28629743384636,2.42825644927023,2.52765120447611,2.53839538536986,2.61244172632687,2.68124807628617,2.72610537387649,2.78031382098352,2.88759595380696,2.96111215574675,2.99934267875158,3.06158571313214,3.13175778227276,3.16901355288221,3.22761345836655,3.30939403689668,3.38765030444131,3.44860676856422,3.45822433265552,3.4943823334794,3.57713207788775,3.61255458042392,3.70681607584098,3.75736940133087,3.78876326064784,3.82838985416491,3.86585309757563,3.90793223942677,3.93827970588706,4.03986346441936,4.09766166099759,4.13527253359392,4.20633503094681,4.24957222438117,4.26826000082852,4.28458804068541,4.32543817588221,4.39207237500087,4.4105405444064,4.446443860252,4.50855548673894,4.54912570623912,4.61159611597585,4.64502201503552,4.65902677536125,4.7329719180815,4.79843539476282,4.82574172865124,4.85373055135578,4.90613220047497,4.9270527859986,4.97027696321178,5.00458291928422,5.06822929626611,5.08433198074947,5.08873475442274,5.13668491816875,5.15519853850194,5.17517987001164,5.19363561795038,5.21041668695139,5.27249562383754,5.31020176185005,5.33391603205289,5.34685074123351,5.39363750666266,5.43231299335726,5.44959479425057,5.4919414161175,5.52390627913036,5.57778905552943,5.6157362725745,5.63303023147045,5.68283435983198,5.71435912356264,5.72218582320322,5.74106372103394,5.79421640719839,5.84519272785887,5.87563787479613,5.88267554603451,5.91586103199506,5.93113291931898,5.94883500138991,5.96215035103189,5.99843996488387,6.02413401683724,6.04586562670739,6.06787675259358,6.06998416566439,6.13317697352571,6.13631504150696,6.15846908008812,6.20736086514586,6.24724423969593,6.26920477988021,6.32144414499656,6.3340136838322,6.3522579080839,6.36071111246862,6.40038675536751,6.41141271540368,6.43485667924665,6.43685366906276,6.48631414571578,6.50189973153337,6.56438727804804,6.59748475145434,6.60601667180111,6.65461959450255,6.69926847235466,6.72395526873232,6.75325851473609,6.76786721403879,6.81388516223769,6.82739148222962,6.84723765526373,6.87230153468308,6.88060983370392,6.91849106371582,6.93579035692631,6.95802011081823,6.97144247823116,6.99716907430422,7.01812513013277,7.02139117633384,7.05922830662296,7.10950627678896,7.12741139368838,7.15265744764468,7.17335234692334,7.21284246957487,7.21584055424116,7.24371662000068,7.25762572844988,7.28963925491986,7.30336170927804,7.32241263584075,7.35576887334011,7.37771843105325,7.39507398306365,7.43272195404315,7.45117483514874,7.4587493121291,7.4805245758848,7.51165508709814,7.53100461880958,7.55444938135821,7.57392065247301,7.61960563245275,7.6240789793988,7.66126109717086,7.6781184995091,7.69750826779503,7.70968481355785,7.7306002271112,7.77521789686939,7.78513887112975,7.81205907673448,7.85491632303137,7.86109578055967,7.87249116939806,7.88981666296821,7.93786898818999,7.94391271132801,7.96338442608792,8.02597861938211,8.03336635998419,8.07832536141499,8.09013578520871,8.10295863325498,8.10531880951074,8.16584371334747,8.17711939105952,8.20268197224925,8.23694797614721,8.28065248198858,8.28097442136898,8.31122538290584,8.33105913650118,8.36538297185669,8.39058995919552,8.40858639967023,8.43662207669305,8.45632212459985,8.47124417547533,8.50428129423902,8.51183049933178,8.55847095529333,8.58026176063984,8.59888898019918,8.63944272350981,8.64586063877615,8.65268652558212,8.70609117388301,8.73653614294284,8.74696121113115,8.76905964348077,8.7836511726987,8.80616217256478,8.82809140450415,8.87015429782843,8.90750267312509,8.91417158107715,8.94952703787322,9.00294398465118,9.04158307807326,9.07663024972159,9.09450572649857,9.10934852918352,9.13083722389492,9.17363109467006,9.2282195874785,9.24225910025351,9.28915041155414,9.30361840318441,9.32707927122853,9.37849006695953,9.38908539567927,9.41758531196735,9.44952294149698,9.4710237490838,9.51090891942277,9.51730968743081,9.57556754172606,9.60708999151944,9.62570866483893,9.66652036039524,9.68929438893623,9.70982348224314,9.74076143331136,9.7597942008038,9.79818317094402,9.86308563977047,9.87004957750451,9.92216129053774,9.93619550030022,9.97510632526067,9.98766496127907,10.0245428751879,10.0541150094108,10.0781900782741,10.0947034503373,10.1558685230267,10.1748060516376,10.1976454453711,10.2257109075073,10.2333970400219,10.2627074423206,10.2887388396187,10.3307673392216,10.3510316615519,10.3996240430772,10.4173517293068,10.4489867765283,10.4838196065611,10.5385968961739,10.5694013396354,10.5991683669077,10.645728942459,10.7120165362539,10.7209074795958,10.7550811746563,10.8115241221418,10.8172023997465,10.8731407882066,10.9323718233209,10.9515785634988,11.0349018159165,11.0530069591682,11.0951832378827,11.1343811150178,11.15969177109,11.1722608849133,11.207948875732,11.20998446696,11.2678462412458,11.3405497676079,11.3937749428895,11.4079203900363,11.433449900243,11.4811186170353,11.4986323882626,11.5556915225166,11.5720022569787,11.6020296968871,11.6054250434204,11.7356009453378,11.7513615313324,11.8082412490273,11.8271236208928,11.8437432850182,11.8910856186542,11.9303930663041,11.9356133190664,12.0134146368918,12.0770482119762,12.1077588600811,12.121604482292,12.1491052903481,12.1979866091535,12.2839297107787,12.2948842245749,12.3300486276154,12.344053494963,12.3916236709092,12.4218386499988,12.4793874287729,12.5211863443652,12.5883145320603,12.6414334566546,12.6683817152996,12.6807971139865,12.7471617260488,12.7862764445109,12.8356797637194,12.8657397103196,12.8854145624294,12.938967122596,12.9683476323027,12.9905090797627,13.0326241937565,13.0734483850767,13.1060504512161,13.1619542921045,13.2268102123345,13.2504841509617,13.2702473233698,13.3639145424563,13.3987119743474,13.4294436504735,13.475062829617,13.4999683919184,13.5251469081236,13.5682139023428,13.6180106821728,13.6403230562369,13.6839674883868,13.7243980449821,13.7575116539615,13.799293174543,13.843015985758,13.9018332992772,13.9304397836897,13.9897430637698,14.0138343090726,14.1242947440981,14.1765847226876,14.1983826473066,14.2367568627744,14.2612475245546,14.3589902957307,14.4137081436871,14.4344497138239,14.4787837304465,14.5154113295819,14.5601728053865,14.611605544642,14.6377324749124,14.7033805569324,14.720707436365,14.8288555203048,14.9050944667686,15.0025209184991,15.0389467866191,15.1212693917715,15.2000588631421,15.2244587324709,15.353945108252,15.3617934937124,15.4184978331078,15.4668974470441,15.4887701674568,15.5523050121443,15.7081781764692,15.7418690561788,15.8118474005906,15.8556451602379,15.9734706799398,16.0822349410041,16.0918761366374,16.2339416851943,16.2632463233659,16.4101406911007,16.5090616996912,16.5218685015259,16.6356296519994,16.7369158414214,16.8150805485176,16.9165840460647,17.0130056026453,17.2486420860855,17.4049040308785,17.5959960001826,17.7897244602639,17.9678224885896,18.0874835853482,18.1269015462609,18.32241634192,18.4224504097117,18.7146818477631,18.8364319914168,18.9760922683429,19.1827751132466,19.4046260454411,19.700404785019,19.9939427530507,20.1312663194918,20.2405176285227,20.6219653821633,21.1787172887574,21.5133570497122,23.3466064250987,NA,NA,NA,NA,NA,NA,NA,NA,NA,NA,NA,NA,NA,NA,NA,NA,NA,NA,NA,NA,NA,NA,NA,NA,NA,NA,NA,NA,NA,NA,NA,NA,NA,NA,NA,NA,NA,NA,NA
0.535347805994956,0.600043990476218,0.718322574521694,0.994659006442158,1.07660454444882,1.27355038557182,1.41318030168279,1.50456114624353,1.52317612271472,1.75666054463568,1.7976422277967,1.80995499064714,1.88310652900523,1.94118371179728,2.19004640717344,2.20302083263084,2.28629743384636,2.42825644927023,2.52765120447611,2.53839538536986,2.61244172632687,2.68124807628617,2.72610537387649,2.78031382098352,2.88759595380696,2.96111215574675,2.99934267875158,3.06158571313214,3.13175778227276,3.16901355288221,3.22761345836655,3.30939403689668,3.38765030444131,3.44860676856422,3.45822433265552,3.4943823334794,3.57713207788775,3.61255458042392,3.70681607584098,3.75736940133087,3.78876326064784,3.82838985416491,3.86585309757563,3.90793223942677,3.93827970588706,4.03986346441936,4.09766166099759,4.13527253359392,4.20633503094681,4.24957222438117,4.26826000082852,4.28458804068541,4.32543817588221,4.39207237500087,4.4105405444064,4.446443860252,4.50855548673894,4.54912570623912,4.61159611597585,4.64502201503552,4.65902677536125,4.7329719180815,4.79843539476282,4.82574172865124,4.85373055135578,4.90613220047497,4.9270527859986,4.97027696321178,5.00458291928422,5.06822929626611,5.08433198074947,5.08873475442274,5.13668491816875,5.15519853850194,5.17517987001164,5.19363561795038,5.21041668695139,5.27249562383754,5.31020176185005,5.33391603205289,5.34685074123351,5.39363750666266,5.43231299335726,5.44959479425057,5.4919414161175,5.52390627913036,5.57778905552943,5.6157362725745,5.63303023147045,5.68283435983198,5.71435912356264,5.72218582320322,5.74106372103394,5.79421640719839,5.84519272785887,5.87563787479613,5.88267554603451,5.91586103199506,5.93113291931898,5.94883500138991,5.96215035103189,5.99843996488387,6.02413401683724,6.04586562670739,6.06787675259358,6.06998416566439,6.13317697352571,6.13631504150696,6.15846908008812,6.20736086514586,6.24724423969593,6.26920477988021,6.32144414499656,6.3340136838322,6.3522579080839,6.36071111246862,6.40038675536751,6.41141271540368,6.43485667924665,6.43685366906276,6.48631414571578,6.50189973153337,6.56438727804804,6.59748475145434,6.60601667180111,6.65461959450255,6.69926847235466,6.72395526873232,6.75325851473609,6.76786721403879,6.81388516223769,6.82739148222962,6.84723765526373,6.87230153468308,6.88060983370392,6.91849106371582,6.93579035692631,6.95802011081823,6.97144247823116,6.99716907430422,7.01812513013277,7.02139117633384,7.05922830662296,7.10950627678896,7.12741139368838,7.15265744764468,7.17335234692334,7.21284246957487,7.21584055424116,7.24371662000068,7.25762572844988,7.28963925491986,7.30336170927804,7.32241263584075,7.35576887334011,7.37771843105325,7.39507398306365,7.43272195404315,7.45117483514874,7.4587493121291,7.4805245758848,7.51165508709814,7.53100461880958,7.55444938135821,7.57392065247301,7.61960563245275,7.6240789793988,7.66126109717086,7.6781184995091,7.69750826779503,7.70968481355785,7.7306002271112,7.77521789686939,7.78513887112975,7.81205907673448,7.85491632303137,7.86109578055967,7.87249116939806,7.88981666296821,7.93786898818999,7.94391271132801,7.96338442608792,8.02597861938211,8.03336635998419,8.07832536141499,8.09013578520871,8.10295863325498,8.10531880951074,8.16584371334747,8.17711939105952,8.20268197224925,8.23694797614721,8.28065248198858,8.28097442136898,8.31122538290584,8.33105913650118,8.36538297185669,8.39058995919552,8.40858639967023,8.43662207669305,8.45632212459985,8.47124417547533,8.50428129423902,8.51183049933178,8.55847095529333,8.58026176063984,8.59888898019918,8.63944272350981,8.64586063877615,8.65268652558212,8.70609117388301,8.73653614294284,8.74696121113115,8.76905964348077,8.7836511726987,8.80616217256478,8.82809140450415,8.87015429782843,8.90750267312509,8.91417158107715,8.94952703787322,9.00294398465118,9.04158307807326,9.07663024972159,9.09450572649857,9.10934852918352,9.13083722389492,9.17363109467006,9.2282195874785,9.24225910025351,9.28915041155414,9.30361840318441,9.32707927122853,9.37849006695953,9.38908539567927,9.41758531196735,9.44952294149698,9.4710237490838,9.51090891942277,9.51730968743081,9.57556754172606,9.60708999151944,9.62570866483893,9.66652036039524,9.68929438893623,9.70982348224314,9.74076143331136,9.7597942008038,9.79818317094402,9.86308563977047,9.87004957750451,9.92216129053774,9.93619550030022,9.97510632526067,9.98766496127907,10.0245428751879,10.0541150094108,10.0781900782741,10.0947034503373,10.1558685230267,10.1748060516376,10.1976454453711,10.2257109075073,10.2333970400219,10.2627074423206,10.2887388396187,10.3307673392216,10.3510316615519,10.3996240430772,10.4173517293068,10.4489867765283,10.4838196065611,10.5385968961739,10.5694013396354,10.5991683669077,10.645728942459,10.7120165362539,10.7209074795958,10.7550811746563,10.8115241221418,10.8172023997465,10.8731407882066,10.9323718233209,10.9515785634988,11.0349018159165,11.0530069591682,11.0951832378827,11.1343811150178,11.15969177109,11.1722608849133,11.207948875732,11.20998446696,11.2678462412458,11.3405497676079,11.3937749428895,11.4079203900363,11.433449900243,11.4811186170353,11.4986323882626,11.5556915225166,11.5720022569787,11.6020296968871,11.6054250434204,11.7356009453378,11.7513615313324,11.8082412490273,11.8271236208928,11.8437432850182,11.8910856186542,11.9303930663041,11.9356133190664,12.0134146368918,12.0770482119762,12.1077588600811,12.121604482292,12.1491052903481,12.1979866091535,12.2839297107787,12.2948842245749,12.3300486276154,12.344053494963,12.3916236709092,12.4218386499988,12.4793874287729,12.5211863443652,12.5883145320603,12.6414334566546,12.6683817152996,12.6807971139865,12.7471617260488,12.7862764445109,12.8356797637194,12.8657397103196,12.8854145624294,12.938967122596,12.9683476323027,12.9905090797627,13.0326241937565,13.0734483850767,13.1060504512161,13.1619542921045,13.2268102123345,13.2504841509617,13.2702473233698,13.3639145424563,13.3987119743474,13.4294436504735,13.475062829617,13.4999683919184,13.5251469081236,13.5682139023428,13.6180106821728,13.6403230562369,13.6839674883868,13.7243980449821,13.7575116539615,13.799293174543,13.843015985758,13.9018332992772,13.9304397836897,13.9897430637698,14.0138343090726,14.1242947440981,14.1765847226876,14.1983826473066,14.2367568627744,14.2612475245546,14.3589902957307,14.4137081436871,14.4344497138239,14.4787837304465,14.5154113295819,14.5601728053865,14.611605544642,14.6377324749124,14.7033805569324,14.720707436365,14.8288555203048,14.9050944667686,15.0025209184991,15.0389467866191,15.1212693917715,15.2000588631421,15.2244587324709,15.353945108252,15.3617934937124,15.4184978331078,15.4668974470441,15.4887701674568,15.5523050121443,15.7081781764692,15.7418690561788,15.8118474005906,15.8556451602379,15.9734706799398,16.0822349410041,16.0918761366374,16.2339416851943,16.2632463233659,16.4101406911007,16.5090616996912,16.5218685015259,16.6356296519994,16.7369158414214,16.8150805485176,16.9165840460647,17.0130056026453,17.2486420860855,17.4049040308785,17.5959960001826,17.7897244602639,17.9678224885896,18.0874835853482,18.1269015462609,18.32241634192,18.4224504097117,18.7146818477631,18.8364319914168,18.9760922683429,19.1827751132466,19.4046260454411,19.700404785019,19.9939427530507,20.1312663194918,20.2405176285227,20.6219653821633,21.1787172887574,21.5133570497122,23.3466064250987,NA,NA,NA,NA,NA,NA,NA,NA,NA,NA,NA,NA,NA,NA,NA,NA,NA,NA,NA,NA,NA,NA,NA,NA,NA,NA,NA,NA,NA,NA,NA,NA,NA,NA,NA,NA,NA,NA,NA
0.535347805994956,0.600043990476218,0.718322574521694,0.994659006442158,1.07660454444882,1.27355038557182,1.41318030168279,1.50456114624353,1.52317612271472,1.75666054463568,1.7976422277967,1.80995499064714,1.88310652900523,1.94118371179728,2.19004640717344,2.20302083263084,2.28629743384636,2.42825644927023,2.52765120447611,2.53839538536986,2.61244172632687,2.68124807628617,2.72610537387649,2.78031382098352,2.88759595380696,2.96111215574675,2.99934267875158,3.06158571313214,3.13175778227276,3.16901355288221,3.22761345836655,3.30939403689668,3.38765030444131,3.44860676856422,3.45822433265552,3.4943823334794,3.57713207788775,3.61255458042392,3.70681607584098,3.75736940133087,3.78876326064784,3.82838985416491,3.86585309757563,3.90793223942677,3.93827970588706,4.03986346441936,4.09766166099759,4.13527253359392,4.20633503094681,4.24957222438117,4.26826000082852,4.28458804068541,4.32543817588221,4.39207237500087,4.4105405444064,4.446443860252,4.50855548673894,4.54912570623912,4.61159611597585,4.64502201503552,4.65902677536125,4.7329719180815,4.79843539476282,4.82574172865124,4.85373055135578,4.90613220047497,4.9270527859986,4.97027696321178,5.00458291928422,5.06822929626611,5.08433198074947,5.08873475442274,5.13668491816875,5.15519853850194,5.17517987001164,5.19363561795038,5.21041668695139,5.27249562383754,5.31020176185005,5.33391603205289,5.34685074123351,5.39363750666266,5.43231299335726,5.44959479425057,5.4919414161175,5.52390627913036,5.57778905552943,5.6157362725745,5.63303023147045,5.68283435983198,5.71435912356264,5.72218582320322,5.74106372103394,5.79421640719839,5.84519272785887,5.87563787479613,5.88267554603451,5.91586103199506,5.93113291931898,5.94883500138991,5.96215035103189,5.99843996488387,6.02413401683724,6.04586562670739,6.06787675259358,6.06998416566439,6.13317697352571,6.13631504150696,6.15846908008812,6.20736086514586,6.24724423969593,6.26920477988021,6.32144414499656,6.3340136838322,6.3522579080839,6.36071111246862,6.40038675536751,6.41141271540368,6.43485667924665,6.43685366906276,6.48631414571578,6.50189973153337,6.56438727804804,6.59748475145434,6.60601667180111,6.65461959450255,6.69926847235466,6.72395526873232,6.75325851473609,6.76786721403879,6.81388516223769,6.82739148222962,6.84723765526373,6.87230153468308,6.88060983370392,6.91849106371582,6.93579035692631,6.95802011081823,6.97144247823116,6.99716907430422,7.01812513013277,7.02139117633384,7.05922830662296,7.10950627678896,7.12741139368838,7.15265744764468,7.17335234692334,7.21284246957487,7.21584055424116,7.24371662000068,7.25762572844988,7.28963925491986,7.30336170927804,7.32241263584075,7.35576887334011,7.37771843105325,7.39507398306365,7.43272195404315,7.45117483514874,7.4587493121291,7.4805245758848,7.51165508709814,7.53100461880958,7.55444938135821,7.57392065247301,7.61960563245275,7.6240789793988,7.66126109717086,7.6781184995091,7.69750826779503,7.70968481355785,7.7306002271112,7.77521789686939,7.78513887112975,7.81205907673448,7.85491632303137,7.86109578055967,7.87249116939806,7.88981666296821,7.93786898818999,7.94391271132801,7.96338442608792,8.02597861938211,8.03336635998419,8.07832536141499,8.09013578520871,8.10295863325498,8.10531880951074,8.16584371334747,8.17711939105952,8.20268197224925,8.23694797614721,8.28065248198858,8.28097442136898,8.31122538290584,8.33105913650118,8.36538297185669,8.39058995919552,8.40858639967023,8.43662207669305,8.45632212459985,8.47124417547533,8.50428129423902,8.51183049933178,8.55847095529333,8.58026176063984,8.59888898019918,8.63944272350981,8.64586063877615,8.65268652558212,8.70609117388301,8.73653614294284,8.74696121113115,8.76905964348077,8.7836511726987,8.80616217256478,8.82809140450415,8.87015429782843,8.90750267312509,8.91417158107715,8.94952703787322,9.00294398465118,9.04158307807326,9.07663024972159,9.09450572649857,9.10934852918352,9.13083722389492,9.17363109467006,9.2282195874785,9.24225910025351,9.28915041155414,9.30361840318441,9.32707927122853,9.37849006695953,9.38908539567927,9.41758531196735,9.44952294149698,9.4710237490838,9.51090891942277,9.51730968743081,9.57556754172606,9.60708999151944,9.62570866483893,9.66652036039524,9.68929438893623,9.70982348224314,9.74076143331136,9.7597942008038,9.79818317094402,9.86308563977047,9.87004957750451,9.92216129053774,9.93619550030022,9.97510632526067,9.98766496127907,10.0245428751879,10.0541150094108,10.0781900782741,10.0947034503373,10.1558685230267,10.1748060516376,10.1976454453711,10.2257109075073,10.2333970400219,10.2627074423206,10.2887388396187,10.3307673392216,10.3510316615519,10.3996240430772,10.4173517293068,10.4489867765283,10.4838196065611,10.5385968961739,10.5694013396354,10.5991683669077,10.645728942459,10.7120165362539,10.7209074795958,10.7550811746563,10.8115241221418,10.8172023997465,10.8731407882066,10.9323718233209,10.9515785634988,11.0349018159165,11.0530069591682,11.0951832378827,11.1343811150178,11.15969177109,11.1722608849133,11.207948875732,11.20998446696,11.2678462412458,11.3405497676079,11.3937749428895,11.4079203900363,11.433449900243,11.4811186170353,11.4986323882626,11.5556915225166,11.5720022569787,11.6020296968871,11.6054250434204,11.7356009453378,11.7513615313324,11.8082412490273,11.8271236208928,11.8437432850182,11.8910856186542,11.9303930663041,11.9356133190664,12.0134146368918,12.0770482119762,12.1077588600811,12.121604482292,12.1491052903481,12.1979866091535,12.2839297107787,12.2948842245749,12.3300486276154,12.344053494963,12.3916236709092,12.4218386499988,12.4793874287729,12.5211863443652,12.5883145320603,12.6414334566546,12.6683817152996,12.6807971139865,12.7471617260488,12.7862764445109,12.8356797637194,12.8657397103196,12.8854145624294,12.938967122596,12.9683476323027,12.9905090797627,13.0326241937565,13.0734483850767,13.1060504512161,13.1619542921045,13.2268102123345,13.2504841509617,13.2702473233698,13.3639145424563,13.3987119743474,13.4294436504735,13.475062829617,13.4999683919184,13.5251469081236,13.5682139023428,13.6180106821728,13.6403230562369,13.6839674883868,13.7243980449821,13.7575116539615,13.799293174543,13.843015985758,13.9018332992772,13.9304397836897,13.9897430637698,14.0138343090726,14.1242947440981,14.1765847226876,14.1983826473066,14.2367568627744,14.2612475245546,14.3589902957307,14.4137081436871,14.4344497138239,14.4787837304465,14.5154113295819,14.5601728053865,14.611605544642,14.6377324749124,14.7033805569324,14.720707436365,14.8288555203048,14.9050944667686,15.0025209184991,15.0389467866191,15.1212693917715,15.2000588631421,15.2244587324709,15.353945108252,15.3617934937124,15.4184978331078,15.4668974470441,15.4887701674568,15.5523050121443,15.7081781764692,15.7418690561788,15.8118474005906,15.8556451602379,15.9734706799398,16.0822349410041,16.0918761366374,16.2339416851943,16.2632463233659,16.4101406911007,16.5090616996912,16.5218685015259,16.6356296519994,16.7369158414214,16.8150805485176,16.9165840460647,17.0130056026453,17.2486420860855,17.4049040308785,17.5959960001826,17.7897244602639,17.9678224885896,18.0874835853482,18.1269015462609,18.32241634192,18.4224504097117,18.7146818477631,18.8364319914168,18.9760922683429,19.1827751132466,19.4046260454411,19.700404785019,19.9939427530507,20.1312663194918,20.2405176285227,20.6219653821633,21.1787172887574,21.5133570497122,23.3466064250987,NA,NA,NA,NA,NA,NA,NA,NA,NA,NA,NA,NA,NA,NA,NA,NA,NA,NA,NA,NA,NA,NA,NA,NA,NA,NA,NA,NA,NA,NA,NA,NA,NA,NA,NA,NA,NA,NA,NA
0.535347805994956,0.600043990476218,0.718322574521694,0.994659006442158,1.07660454444882,1.27355038557182,1.41318030168279,1.50456114624353,1.52317612271472,1.75666054463568,1.7976422277967,1.80995499064714,1.88310652900523,1.94118371179728,2.19004640717344,2.20302083263084,2.28629743384636,2.42825644927023,2.52765120447611,2.53839538536986,2.61244172632687,2.68124807628617,2.72610537387649,2.78031382098352,2.88759595380696,2.96111215574675,2.99934267875158,3.06158571313214,3.13175778227276,3.16901355288221,3.22761345836655,3.30939403689668,3.38765030444131,3.44860676856422,3.45822433265552,3.4943823334794,3.57713207788775,3.61255458042392,3.70681607584098,3.75736940133087,3.78876326064784,3.82838985416491,3.86585309757563,3.90793223942677,3.93827970588706,4.03986346441936,4.09766166099759,4.13527253359392,4.20633503094681,4.24957222438117,4.26826000082852,4.28458804068541,4.32543817588221,4.39207237500087,4.4105405444064,4.446443860252,4.50855548673894,4.54912570623912,4.61159611597585,4.64502201503552,4.65902677536125,4.7329719180815,4.79843539476282,4.82574172865124,4.85373055135578,4.90613220047497,4.9270527859986,4.97027696321178,5.00458291928422,5.06822929626611,5.08433198074947,5.08873475442274,5.13668491816875,5.15519853850194,5.17517987001164,5.19363561795038,5.21041668695139,5.27249562383754,5.31020176185005,5.33391603205289,5.34685074123351,5.39363750666266,5.43231299335726,5.44959479425057,5.4919414161175,5.52390627913036,5.57778905552943,5.6157362725745,5.63303023147045,5.68283435983198,5.71435912356264,5.72218582320322,5.74106372103394,5.79421640719839,5.84519272785887,5.87563787479613,5.88267554603451,5.91586103199506,5.93113291931898,5.94883500138991,5.96215035103189,5.99843996488387,6.02413401683724,6.04586562670739,6.06787675259358,6.06998416566439,6.13317697352571,6.13631504150696,6.15846908008812,6.20736086514586,6.24724423969593,6.26920477988021,6.32144414499656,6.3340136838322,6.3522579080839,6.36071111246862,6.40038675536751,6.41141271540368,6.43485667924665,6.43685366906276,6.48631414571578,6.50189973153337,6.56438727804804,6.59748475145434,6.60601667180111,6.65461959450255,6.69926847235466,6.72395526873232,6.75325851473609,6.76786721403879,6.81388516223769,6.82739148222962,6.84723765526373,6.87230153468308,6.88060983370392,6.91849106371582,6.93579035692631,6.95802011081823,6.97144247823116,6.99716907430422,7.01812513013277,7.02139117633384,7.05922830662296,7.10950627678896,7.12741139368838,7.15265744764468,7.17335234692334,7.21284246957487,7.21584055424116,7.24371662000068,7.25762572844988,7.28963925491986,7.30336170927804,7.32241263584075,7.35576887334011,7.37771843105325,7.39507398306365,7.43272195404315,7.45117483514874,7.4587493121291,7.4805245758848,7.51165508709814,7.53100461880958,7.55444938135821,7.57392065247301,7.61960563245275,7.6240789793988,7.66126109717086,7.6781184995091,7.69750826779503,7.70968481355785,7.7306002271112,7.77521789686939,7.78513887112975,7.81205907673448,7.85491632303137,7.86109578055967,7.87249116939806,7.88981666296821,7.93786898818999,7.94391271132801,7.96338442608792,8.02597861938211,8.03336635998419,8.07832536141499,8.09013578520871,8.10295863325498,8.10531880951074,8.16584371334747,8.17711939105952,8.20268197224925,8.23694797614721,8.28065248198858,8.28097442136898,8.31122538290584,8.33105913650118,8.36538297185669,8.39058995919552,8.40858639967023,8.43662207669305,8.45632212459985,8.47124417547533,8.50428129423902,8.51183049933178,8.55847095529333,8.58026176063984,8.59888898019918,8.63944272350981,8.64586063877615,8.65268652558212,8.70609117388301,8.73653614294284,8.74696121113115,8.76905964348077,8.7836511726987,8.80616217256478,8.82809140450415,8.87015429782843,8.90750267312509,8.91417158107715,8.94952703787322,9.00294398465118,9.04158307807326,9.07663024972159,9.09450572649857,9.10934852918352,9.13083722389492,9.17363109467006,9.2282195874785,9.24225910025351,9.28915041155414,9.30361840318441,9.32707927122853,9.37849006695953,9.38908539567927,9.41758531196735,9.44952294149698,9.4710237490838,9.51090891942277,9.51730968743081,9.57556754172606,9.60708999151944,9.62570866483893,9.66652036039524,9.68929438893623,9.70982348224314,9.74076143331136,9.7597942008038,9.79818317094402,9.86308563977047,9.87004957750451,9.92216129053774,9.93619550030022,9.97510632526067,9.98766496127907,10.0245428751879,10.0541150094108,10.0781900782741,10.0947034503373,10.1558685230267,10.1748060516376,10.1976454453711,10.2257109075073,10.2333970400219,10.2627074423206,10.2887388396187,10.3307673392216,10.3510316615519,10.3996240430772,10.4173517293068,10.4489867765283,10.4838196065611,10.5385968961739,10.5694013396354,10.5991683669077,10.645728942459,10.7120165362539,10.7209074795958,10.7550811746563,10.8115241221418,10.8172023997465,10.8731407882066,10.9323718233209,10.9515785634988,11.0349018159165,11.0530069591682,11.0951832378827,11.1343811150178,11.15969177109,11.1722608849133,11.207948875732,11.20998446696,11.2678462412458,11.3405497676079,11.3937749428895,11.4079203900363,11.433449900243,11.4811186170353,11.4986323882626,11.5556915225166,11.5720022569787,11.6020296968871,11.6054250434204,11.7356009453378,11.7513615313324,11.8082412490273,11.8271236208928,11.8437432850182,11.8910856186542,11.9303930663041,11.9356133190664,12.0134146368918,12.0770482119762,12.1077588600811,12.121604482292,12.1491052903481,12.1979866091535,12.2839297107787,12.2948842245749,12.3300486276154,12.344053494963,12.3916236709092,12.4218386499988,12.4793874287729,12.5211863443652,12.5883145320603,12.6414334566546,12.6683817152996,12.6807971139865,12.7471617260488,12.7862764445109,12.8356797637194,12.8657397103196,12.8854145624294,12.938967122596,12.9683476323027,12.9905090797627,13.0326241937565,13.0734483850767,13.1060504512161,13.1619542921045,13.2268102123345,13.2504841509617,13.2702473233698,13.3639145424563,13.3987119743474,13.4294436504735,13.475062829617,13.4999683919184,13.5251469081236,13.5682139023428,13.6180106821728,13.6403230562369,13.6839674883868,13.7243980449821,13.7575116539615,13.799293174543,13.843015985758,13.9018332992772,13.9304397836897,13.9897430637698,14.0138343090726,14.1242947440981,14.1765847226876,14.1983826473066,14.2367568627744,14.2612475245546,14.3589902957307,14.4137081436871,14.4344497138239,14.4787837304465,14.5154113295819,14.5601728053865,14.611605544642,14.6377324749124,14.7033805569324,14.720707436365,14.8288555203048,14.9050944667686,15.0025209184991,15.0389467866191,15.1212693917715,15.2000588631421,15.2244587324709,15.353945108252,15.3617934937124,15.4184978331078,15.4668974470441,15.4887701674568,15.5523050121443,15.7081781764692,15.7418690561788,15.8118474005906,15.8556451602379,15.9734706799398,16.0822349410041,16.0918761366374,16.2339416851943,16.2632463233659,16.4101406911007,16.5090616996912,16.5218685015259,16.6356296519994,16.7369158414214,16.8150805485176,16.9165840460647,17.0130056026453,17.2486420860855,17.4049040308785,17.5959960001826,17.7897244602639,17.9678224885896,18.0874835853482,18.1269015462609,18.32241634192,18.4224504097117,18.7146818477631,18.8364319914168,18.9760922683429,19.1827751132466,19.4046260454411,19.700404785019,19.9939427530507,20.1312663194918,20.2405176285227,20.6219653821633,21.1787172887574,21.5133570497122,23.3466064250987,NA,NA,NA,NA,NA,NA,NA,NA,NA,NA,NA,NA,NA,NA,NA,NA,NA,NA,NA,NA,NA,NA,NA,NA,NA,NA,NA,NA,NA,NA,NA,NA,NA,NA,NA,NA,NA,NA,NA
0.535347805994956,0.600043990476218,0.718322574521694,0.994659006442158,1.07660454444882,1.27355038557182,1.41318030168279,1.50456114624353,1.52317612271472,1.75666054463568,1.7976422277967,1.80995499064714,1.88310652900523,1.94118371179728,2.19004640717344,2.20302083263084,2.28629743384636,2.42825644927023,2.52765120447611,2.53839538536986,2.61244172632687,2.68124807628617,2.72610537387649,2.78031382098352,2.88759595380696,2.96111215574675,2.99934267875158,3.06158571313214,3.13175778227276,3.16901355288221,3.22761345836655,3.30939403689668,3.38765030444131,3.44860676856422,3.45822433265552,3.4943823334794,3.57713207788775,3.61255458042392,3.70681607584098,3.75736940133087,3.78876326064784,3.82838985416491,3.86585309757563,3.90793223942677,3.93827970588706,4.03986346441936,4.09766166099759,4.13527253359392,4.20633503094681,4.24957222438117,4.26826000082852,4.28458804068541,4.32543817588221,4.39207237500087,4.4105405444064,4.446443860252,4.50855548673894,4.54912570623912,4.61159611597585,4.64502201503552,4.65902677536125,4.7329719180815,4.79843539476282,4.82574172865124,4.85373055135578,4.90613220047497,4.9270527859986,4.97027696321178,5.00458291928422,5.06822929626611,5.08433198074947,5.08873475442274,5.13668491816875,5.15519853850194,5.17517987001164,5.19363561795038,5.21041668695139,5.27249562383754,5.31020176185005,5.33391603205289,5.34685074123351,5.39363750666266,5.43231299335726,5.44959479425057,5.4919414161175,5.52390627913036,5.57778905552943,5.6157362725745,5.63303023147045,5.68283435983198,5.71435912356264,5.72218582320322,5.74106372103394,5.79421640719839,5.84519272785887,5.87563787479613,5.88267554603451,5.91586103199506,5.93113291931898,5.94883500138991,5.96215035103189,5.99843996488387,6.02413401683724,6.04586562670739,6.06787675259358,6.06998416566439,6.13317697352571,6.13631504150696,6.15846908008812,6.20736086514586,6.24724423969593,6.26920477988021,6.32144414499656,6.3340136838322,6.3522579080839,6.36071111246862,6.40038675536751,6.41141271540368,6.43485667924665,6.43685366906276,6.48631414571578,6.50189973153337,6.56438727804804,6.59748475145434,6.60601667180111,6.65461959450255,6.69926847235466,6.72395526873232,6.75325851473609,6.76786721403879,6.81388516223769,6.82739148222962,6.84723765526373,6.87230153468308,6.88060983370392,6.91849106371582,6.93579035692631,6.95802011081823,6.97144247823116,6.99716907430422,7.01812513013277,7.02139117633384,7.05922830662296,7.10950627678896,7.12741139368838,7.15265744764468,7.17335234692334,7.21284246957487,7.21584055424116,7.24371662000068,7.25762572844988,7.28963925491986,7.30336170927804,7.32241263584075,7.35576887334011,7.37771843105325,7.39507398306365,7.43272195404315,7.45117483514874,7.4587493121291,7.4805245758848,7.51165508709814,7.53100461880958,7.55444938135821,7.57392065247301,7.61960563245275,7.6240789793988,7.66126109717086,7.6781184995091,7.69750826779503,7.70968481355785,7.7306002271112,7.77521789686939,7.78513887112975,7.81205907673448,7.85491632303137,7.86109578055967,7.87249116939806,7.88981666296821,7.93786898818999,7.94391271132801,7.96338442608792,8.02597861938211,8.03336635998419,8.07832536141499,8.09013578520871,8.10295863325498,8.10531880951074,8.16584371334747,8.17711939105952,8.20268197224925,8.23694797614721,8.28065248198858,8.28097442136898,8.31122538290584,8.33105913650118,8.36538297185669,8.39058995919552,8.40858639967023,8.43662207669305,8.45632212459985,8.47124417547533,8.50428129423902,8.51183049933178,8.55847095529333,8.58026176063984,8.59888898019918,8.63944272350981,8.64586063877615,8.65268652558212,8.70609117388301,8.73653614294284,8.74696121113115,8.76905964348077,8.7836511726987,8.80616217256478,8.82809140450415,8.87015429782843,8.90750267312509,8.91417158107715,8.94952703787322,9.00294398465118,9.04158307807326,9.07663024972159,9.09450572649857,9.10934852918352,9.13083722389492,9.17363109467006,9.2282195874785,9.24225910025351,9.28915041155414,9.30361840318441,9.32707927122853,9.37849006695953,9.38908539567927,9.41758531196735,9.44952294149698,9.4710237490838,9.51090891942277,9.51730968743081,9.57556754172606,9.60708999151944,9.62570866483893,9.66652036039524,9.68929438893623,9.70982348224314,9.74076143331136,9.7597942008038,9.79818317094402,9.86308563977047,9.87004957750451,9.92216129053774,9.93619550030022,9.97510632526067,9.98766496127907,10.0245428751879,10.0541150094108,10.0781900782741,10.0947034503373,10.1558685230267,10.1748060516376,10.1976454453711,10.2257109075073,10.2333970400219,10.2627074423206,10.2887388396187,10.3307673392216,10.3510316615519,10.3996240430772,10.4173517293068,10.4489867765283,10.4838196065611,10.5385968961739,10.5694013396354,10.5991683669077,10.645728942459,10.7120165362539,10.7209074795958,10.7550811746563,10.8115241221418,10.8172023997465,10.8731407882066,10.9323718233209,10.9515785634988,11.0349018159165,11.0530069591682,11.0951832378827,11.1343811150178,11.15969177109,11.1722608849133,11.207948875732,11.20998446696,11.2678462412458,11.3405497676079,11.3937749428895,11.4079203900363,11.433449900243,11.4811186170353,11.4986323882626,11.5556915225166,11.5720022569787,11.6020296968871,11.6054250434204,11.7356009453378,11.7513615313324,11.8082412490273,11.8271236208928,11.8437432850182,11.8910856186542,11.9303930663041,11.9356133190664,12.0134146368918,12.0770482119762,12.1077588600811,12.121604482292,12.1491052903481,12.1979866091535,12.2839297107787,12.2948842245749,12.3300486276154,12.344053494963,12.3916236709092,12.4218386499988,12.4793874287729,12.5211863443652,12.5883145320603,12.6414334566546,12.6683817152996,12.6807971139865,12.7471617260488,12.7862764445109,12.8356797637194,12.8657397103196,12.8854145624294,12.938967122596,12.9683476323027,12.9905090797627,13.0326241937565,13.0734483850767,13.1060504512161,13.1619542921045,13.2268102123345,13.2504841509617,13.2702473233698,13.3639145424563,13.3987119743474,13.4294436504735,13.475062829617,13.4999683919184,13.5251469081236,13.5682139023428,13.6180106821728,13.6403230562369,13.6839674883868,13.7243980449821,13.7575116539615,13.799293174543,13.843015985758,13.9018332992772,13.9304397836897,13.9897430637698,14.0138343090726,14.1242947440981,14.1765847226876,14.1983826473066,14.2367568627744,14.2612475245546,14.3589902957307,14.4137081436871,14.4344497138239,14.4787837304465,14.5154113295819,14.5601728053865,14.611605544642,14.6377324749124,14.7033805569324,14.720707436365,14.8288555203048,14.9050944667686,15.0025209184991,15.0389467866191,15.1212693917715,15.2000588631421,15.2244587324709,15.353945108252,15.3617934937124,15.4184978331078,15.4668974470441,15.4887701674568,15.5523050121443,15.7081781764692,15.7418690561788,15.8118474005906,15.8556451602379,15.9734706799398,16.0822349410041,16.0918761366374,16.2339416851943,16.2632463233659,16.4101406911007,16.5090616996912,16.5218685015259,16.6356296519994,16.7369158414214,16.8150805485176,16.9165840460647,17.0130056026453,17.2486420860855,17.4049040308785,17.5959960001826,17.7897244602639,17.9678224885896,18.0874835853482,18.1269015462609,18.32241634192,18.4224504097117,18.7146818477631,18.8364319914168,18.9760922683429,19.1827751132466,19.4046260454411,19.700404785019,19.9939427530507,20.1312663194918,20.2405176285227,20.6219653821633,21.1787172887574,21.5133570497122,23.3466064250987,NA,NA,NA,NA,NA,NA,NA,NA,NA,NA,NA,NA,NA,NA,NA,NA,NA,NA,NA,NA,NA,NA,NA,NA,NA,NA,NA,NA,NA,NA,NA,NA,NA,NA,NA,NA,NA,NA,NA
0.535347805994956,0.600043990476218,0.718322574521694,0.994659006442158,1.07660454444882,1.27355038557182,1.41318030168279,1.50456114624353,1.52317612271472,1.75666054463568,1.7976422277967,1.80995499064714,1.88310652900523,1.94118371179728,2.19004640717344,2.20302083263084,2.28629743384636,2.42825644927023,2.52765120447611,2.53839538536986,2.61244172632687,2.68124807628617,2.72610537387649,2.78031382098352,2.88759595380696,2.96111215574675,2.99934267875158,3.06158571313214,3.13175778227276,3.16901355288221,3.22761345836655,3.30939403689668,3.38765030444131,3.44860676856422,3.45822433265552,3.4943823334794,3.57713207788775,3.61255458042392,3.70681607584098,3.75736940133087,3.78876326064784,3.82838985416491,3.86585309757563,3.90793223942677,3.93827970588706,4.03986346441936,4.09766166099759,4.13527253359392,4.20633503094681,4.24957222438117,4.26826000082852,4.28458804068541,4.32543817588221,4.39207237500087,4.4105405444064,4.446443860252,4.50855548673894,4.54912570623912,4.61159611597585,4.64502201503552,4.65902677536125,4.7329719180815,4.79843539476282,4.82574172865124,4.85373055135578,4.90613220047497,4.9270527859986,4.97027696321178,5.00458291928422,5.06822929626611,5.08433198074947,5.08873475442274,5.13668491816875,5.15519853850194,5.17517987001164,5.19363561795038,5.21041668695139,5.27249562383754,5.31020176185005,5.33391603205289,5.34685074123351,5.39363750666266,5.43231299335726,5.44959479425057,5.4919414161175,5.52390627913036,5.57778905552943,5.6157362725745,5.63303023147045,5.68283435983198,5.71435912356264,5.72218582320322,5.74106372103394,5.79421640719839,5.84519272785887,5.87563787479613,5.88267554603451,5.91586103199506,5.93113291931898,5.94883500138991,5.96215035103189,5.99843996488387,6.02413401683724,6.04586562670739,6.06787675259358,6.06998416566439,6.13317697352571,6.13631504150696,6.15846908008812,6.20736086514586,6.24724423969593,6.26920477988021,6.32144414499656,6.3340136838322,6.3522579080839,6.36071111246862,6.40038675536751,6.41141271540368,6.43485667924665,6.43685366906276,6.48631414571578,6.50189973153337,6.56438727804804,6.59748475145434,6.60601667180111,6.65461959450255,6.69926847235466,6.72395526873232,6.75325851473609,6.76786721403879,6.81388516223769,6.82739148222962,6.84723765526373,6.87230153468308,6.88060983370392,6.91849106371582,6.93579035692631,6.95802011081823,6.97144247823116,6.99716907430422,7.01812513013277,7.02139117633384,7.05922830662296,7.10950627678896,7.12741139368838,7.15265744764468,7.17335234692334,7.21284246957487,7.21584055424116,7.24371662000068,7.25762572844988,7.28963925491986,7.30336170927804,7.32241263584075,7.35576887334011,7.37771843105325,7.39507398306365,7.43272195404315,7.45117483514874,7.4587493121291,7.4805245758848,7.51165508709814,7.53100461880958,7.55444938135821,7.57392065247301,7.61960563245275,7.6240789793988,7.66126109717086,7.6781184995091,7.69750826779503,7.70968481355785,7.7306002271112,7.77521789686939,7.78513887112975,7.81205907673448,7.85491632303137,7.86109578055967,7.87249116939806,7.88981666296821,7.93786898818999,7.94391271132801,7.96338442608792,8.02597861938211,8.03336635998419,8.07832536141499,8.09013578520871,8.10295863325498,8.10531880951074,8.16584371334747,8.17711939105952,8.20268197224925,8.23694797614721,8.28065248198858,8.28097442136898,8.31122538290584,8.33105913650118,8.36538297185669,8.39058995919552,8.40858639967023,8.43662207669305,8.45632212459985,8.47124417547533,8.50428129423902,8.51183049933178,8.55847095529333,8.58026176063984,8.59888898019918,8.63944272350981,8.64586063877615,8.65268652558212,8.70609117388301,8.73653614294284,8.74696121113115,8.76905964348077,8.7836511726987,8.80616217256478,8.82809140450415,8.87015429782843,8.90750267312509,8.91417158107715,8.94952703787322,9.00294398465118,9.04158307807326,9.07663024972159,9.09450572649857,9.10934852918352,9.13083722389492,9.17363109467006,9.2282195874785,9.24225910025351,9.28915041155414,9.30361840318441,9.32707927122853,9.37849006695953,9.38908539567927,9.41758531196735,9.44952294149698,9.4710237490838,9.51090891942277,9.51730968743081,9.57556754172606,9.60708999151944,9.62570866483893,9.66652036039524,9.68929438893623,9.70982348224314,9.74076143331136,9.7597942008038,9.79818317094402,9.86308563977047,9.87004957750451,9.92216129053774,9.93619550030022,9.97510632526067,9.98766496127907,10.0245428751879,10.0541150094108,10.0781900782741,10.0947034503373,10.1558685230267,10.1748060516376,10.1976454453711,10.2257109075073,10.2333970400219,10.2627074423206,10.2887388396187,10.3307673392216,10.3510316615519,10.3996240430772,10.4173517293068,10.4489867765283,10.4838196065611,10.5385968961739,10.5694013396354,10.5991683669077,10.645728942459,10.7120165362539,10.7209074795958,10.7550811746563,10.8115241221418,10.8172023997465,10.8731407882066,10.9323718233209,10.9515785634988,11.0349018159165,11.0530069591682,11.0951832378827,11.1343811150178,11.15969177109,11.1722608849133,11.207948875732,11.20998446696,11.2678462412458,11.3405497676079,11.3937749428895,11.4079203900363,11.433449900243,11.4811186170353,11.4986323882626,11.5556915225166,11.5720022569787,11.6020296968871,11.6054250434204,11.7356009453378,11.7513615313324,11.8082412490273,11.8271236208928,11.8437432850182,11.8910856186542,11.9303930663041,11.9356133190664,12.0134146368918,12.0770482119762,12.1077588600811,12.121604482292,12.1491052903481,12.1979866091535,12.2839297107787,12.2948842245749,12.3300486276154,12.344053494963,12.3916236709092,12.4218386499988,12.4793874287729,12.5211863443652,12.5883145320603,12.6414334566546,12.6683817152996,12.6807971139865,12.7471617260488,12.7862764445109,12.8356797637194,12.8657397103196,12.8854145624294,12.938967122596,12.9683476323027,12.9905090797627,13.0326241937565,13.0734483850767,13.1060504512161,13.1619542921045,13.2268102123345,13.2504841509617,13.2702473233698,13.3639145424563,13.3987119743474,13.4294436504735,13.475062829617,13.4999683919184,13.5251469081236,13.5682139023428,13.6180106821728,13.6403230562369,13.6839674883868,13.7243980449821,13.7575116539615,13.799293174543,13.843015985758,13.9018332992772,13.9304397836897,13.9897430637698,14.0138343090726,14.1242947440981,14.1765847226876,14.1983826473066,14.2367568627744,14.2612475245546,14.3589902957307,14.4137081436871,14.4344497138239,14.4787837304465,14.5154113295819,14.5601728053865,14.611605544642,14.6377324749124,14.7033805569324,14.720707436365,14.8288555203048,14.9050944667686,15.0025209184991,15.0389467866191,15.1212693917715,15.2000588631421,15.2244587324709,15.353945108252,15.3617934937124,15.4184978331078,15.4668974470441,15.4887701674568,15.5523050121443,15.7081781764692,15.7418690561788,15.8118474005906,15.8556451602379,15.9734706799398,16.0822349410041,16.0918761366374,16.2339416851943,16.2632463233659,16.4101406911007,16.5090616996912,16.5218685015259,16.6356296519994,16.7369158414214,16.8150805485176,16.9165840460647,17.0130056026453,17.2486420860855,17.4049040308785,17.5959960001826,17.7897244602639,17.9678224885896,18.0874835853482,18.1269015462609,18.32241634192,18.4224504097117,18.7146818477631,18.8364319914168,18.9760922683429,19.1827751132466,19.4046260454411,19.700404785019,19.9939427530507,20.1312663194918,20.2405176285227,20.6219653821633,21.1787172887574,21.5133570497122,23.3466064250987,NA,NA,NA,NA,NA,NA,NA,NA,NA,NA,NA,NA,NA,NA,NA,NA,NA,NA,NA,NA,NA,NA,NA,NA,NA,NA,NA,NA,NA,NA,NA,NA,NA,NA,NA,NA,NA,NA,NA
0.535347805994956,0.600043990476218,0.718322574521694,0.994659006442158,1.07660454444882,1.27355038557182,1.41318030168279,1.50456114624353,1.52317612271472,1.75666054463568,1.7976422277967,1.80995499064714,1.88310652900523,1.94118371179728,2.19004640717344,2.20302083263084,2.28629743384636,2.42825644927023,2.52765120447611,2.53839538536986,2.61244172632687,2.68124807628617,2.72610537387649,2.78031382098352,2.88759595380696,2.96111215574675,2.99934267875158,3.06158571313214,3.13175778227276,3.16901355288221,3.22761345836655,3.30939403689668,3.38765030444131,3.44860676856422,3.45822433265552,3.4943823334794,3.57713207788775,3.61255458042392,3.70681607584098,3.75736940133087,3.78876326064784,3.82838985416491,3.86585309757563,3.90793223942677,3.93827970588706,4.03986346441936,4.09766166099759,4.13527253359392,4.20633503094681,4.24957222438117,4.26826000082852,4.28458804068541,4.32543817588221,4.39207237500087,4.4105405444064,4.446443860252,4.50855548673894,4.54912570623912,4.61159611597585,4.64502201503552,4.65902677536125,4.7329719180815,4.79843539476282,4.82574172865124,4.85373055135578,4.90613220047497,4.9270527859986,4.97027696321178,5.00458291928422,5.06822929626611,5.08433198074947,5.08873475442274,5.13668491816875,5.15519853850194,5.17517987001164,5.19363561795038,5.21041668695139,5.27249562383754,5.31020176185005,5.33391603205289,5.34685074123351,5.39363750666266,5.43231299335726,5.44959479425057,5.4919414161175,5.52390627913036,5.57778905552943,5.6157362725745,5.63303023147045,5.68283435983198,5.71435912356264,5.72218582320322,5.74106372103394,5.79421640719839,5.84519272785887,5.87563787479613,5.88267554603451,5.91586103199506,5.93113291931898,5.94883500138991,5.96215035103189,5.99843996488387,6.02413401683724,6.04586562670739,6.06787675259358,6.06998416566439,6.13317697352571,6.13631504150696,6.15846908008812,6.20736086514586,6.24724423969593,6.26920477988021,6.32144414499656,6.3340136838322,6.3522579080839,6.36071111246862,6.40038675536751,6.41141271540368,6.43485667924665,6.43685366906276,6.48631414571578,6.50189973153337,6.56438727804804,6.59748475145434,6.60601667180111,6.65461959450255,6.69926847235466,6.72395526873232,6.75325851473609,6.76786721403879,6.81388516223769,6.82739148222962,6.84723765526373,6.87230153468308,6.88060983370392,6.91849106371582,6.93579035692631,6.95802011081823,6.97144247823116,6.99716907430422,7.01812513013277,7.02139117633384,7.05922830662296,7.10950627678896,7.12741139368838,7.15265744764468,7.17335234692334,7.21284246957487,7.21584055424116,7.24371662000068,7.25762572844988,7.28963925491986,7.30336170927804,7.32241263584075,7.35576887334011,7.37771843105325,7.39507398306365,7.43272195404315,7.45117483514874,7.4587493121291,7.4805245758848,7.51165508709814,7.53100461880958,7.55444938135821,7.57392065247301,7.61960563245275,7.6240789793988,7.66126109717086,7.6781184995091,7.69750826779503,7.70968481355785,7.7306002271112,7.77521789686939,7.78513887112975,7.81205907673448,7.85491632303137,7.86109578055967,7.87249116939806,7.88981666296821,7.93786898818999,7.94391271132801,7.96338442608792,8.02597861938211,8.03336635998419,8.07832536141499,8.09013578520871,8.10295863325498,8.10531880951074,8.16584371334747,8.17711939105952,8.20268197224925,8.23694797614721,8.28065248198858,8.28097442136898,8.31122538290584,8.33105913650118,8.36538297185669,8.39058995919552,8.40858639967023,8.43662207669305,8.45632212459985,8.47124417547533,8.50428129423902,8.51183049933178,8.55847095529333,8.58026176063984,8.59888898019918,8.63944272350981,8.64586063877615,8.65268652558212,8.70609117388301,8.73653614294284,8.74696121113115,8.76905964348077,8.7836511726987,8.80616217256478,8.82809140450415,8.87015429782843,8.90750267312509,8.91417158107715,8.94952703787322,9.00294398465118,9.04158307807326,9.07663024972159,9.09450572649857,9.10934852918352,9.13083722389492,9.17363109467006,9.2282195874785,9.24225910025351,9.28915041155414,9.30361840318441,9.32707927122853,9.37849006695953,9.38908539567927,9.41758531196735,9.44952294149698,9.4710237490838,9.51090891942277,9.51730968743081,9.57556754172606,9.60708999151944,9.62570866483893,9.66652036039524,9.68929438893623,9.70982348224314,9.74076143331136,9.7597942008038,9.79818317094402,9.86308563977047,9.87004957750451,9.92216129053774,9.93619550030022,9.97510632526067,9.98766496127907,10.0245428751879,10.0541150094108,10.0781900782741,10.0947034503373,10.1558685230267,10.1748060516376,10.1976454453711,10.2257109075073,10.2333970400219,10.2627074423206,10.2887388396187,10.3307673392216,10.3510316615519,10.3996240430772,10.4173517293068,10.4489867765283,10.4838196065611,10.5385968961739,10.5694013396354,10.5991683669077,10.645728942459,10.7120165362539,10.7209074795958,10.7550811746563,10.8115241221418,10.8172023997465,10.8731407882066,10.9323718233209,10.9515785634988,11.0349018159165,11.0530069591682,11.0951832378827,11.1343811150178,11.15969177109,11.1722608849133,11.207948875732,11.20998446696,11.2678462412458,11.3405497676079,11.3937749428895,11.4079203900363,11.433449900243,11.4811186170353,11.4986323882626,11.5556915225166,11.5720022569787,11.6020296968871,11.6054250434204,11.7356009453378,11.7513615313324,11.8082412490273,11.8271236208928,11.8437432850182,11.8910856186542,11.9303930663041,11.9356133190664,12.0134146368918,12.0770482119762,12.1077588600811,12.121604482292,12.1491052903481,12.1979866091535,12.2839297107787,12.2948842245749,12.3300486276154,12.344053494963,12.3916236709092,12.4218386499988,12.4793874287729,12.5211863443652,12.5883145320603,12.6414334566546,12.6683817152996,12.6807971139865,12.7471617260488,12.7862764445109,12.8356797637194,12.8657397103196,12.8854145624294,12.938967122596,12.9683476323027,12.9905090797627,13.0326241937565,13.0734483850767,13.1060504512161,13.1619542921045,13.2268102123345,13.2504841509617,13.2702473233698,13.3639145424563,13.3987119743474,13.4294436504735,13.475062829617,13.4999683919184,13.5251469081236,13.5682139023428,13.6180106821728,13.6403230562369,13.6839674883868,13.7243980449821,13.7575116539615,13.799293174543,13.843015985758,13.9018332992772,13.9304397836897,13.9897430637698,14.0138343090726,14.1242947440981,14.1765847226876,14.1983826473066,14.2367568627744,14.2612475245546,14.3589902957307,14.4137081436871,14.4344497138239,14.4787837304465,14.5154113295819,14.5601728053865,14.611605544642,14.6377324749124,14.7033805569324,14.720707436365,14.8288555203048,14.9050944667686,15.0025209184991,15.0389467866191,15.1212693917715,15.2000588631421,15.2244587324709,15.353945108252,15.3617934937124,15.4184978331078,15.4668974470441,15.4887701674568,15.5523050121443,15.7081781764692,15.7418690561788,15.8118474005906,15.8556451602379,15.9734706799398,16.0822349410041,16.0918761366374,16.2339416851943,16.2632463233659,16.4101406911007,16.5090616996912,16.5218685015259,16.6356296519994,16.7369158414214,16.8150805485176,16.9165840460647,17.0130056026453,17.2486420860855,17.4049040308785,17.5959960001826,17.7897244602639,17.9678224885896,18.0874835853482,18.1269015462609,18.32241634192,18.4224504097117,18.7146818477631,18.8364319914168,18.9760922683429,19.1827751132466,19.4046260454411,19.700404785019,19.9939427530507,20.1312663194918,20.2405176285227,20.6219653821633,21.1787172887574,21.5133570497122,23.3466064250987,NA,NA,NA,NA,NA,NA,NA,NA,NA,NA,NA,NA,NA,NA,NA,NA,NA,NA,NA,NA,NA,NA,NA,NA,NA,NA,NA,NA,NA,NA,NA,NA,NA,NA,NA,NA,NA,NA,NA
0.535347805994956,0.600043990476218,0.718322574521694,0.994659006442158,1.07660454444882,1.27355038557182,1.41318030168279,1.50456114624353,1.52317612271472,1.75666054463568,1.7976422277967,1.80995499064714,1.88310652900523,1.94118371179728,2.19004640717344,2.20302083263084,2.28629743384636,2.42825644927023,2.52765120447611,2.53839538536986,2.61244172632687,2.68124807628617,2.72610537387649,2.78031382098352,2.88759595380696,2.96111215574675,2.99934267875158,3.06158571313214,3.13175778227276,3.16901355288221,3.22761345836655,3.30939403689668,3.38765030444131,3.44860676856422,3.45822433265552,3.4943823334794,3.57713207788775,3.61255458042392,3.70681607584098,3.75736940133087,3.78876326064784,3.82838985416491,3.86585309757563,3.90793223942677,3.93827970588706,4.03986346441936,4.09766166099759,4.13527253359392,4.20633503094681,4.24957222438117,4.26826000082852,4.28458804068541,4.32543817588221,4.39207237500087,4.4105405444064,4.446443860252,4.50855548673894,4.54912570623912,4.61159611597585,4.64502201503552,4.65902677536125,4.7329719180815,4.79843539476282,4.82574172865124,4.85373055135578,4.90613220047497,4.9270527859986,4.97027696321178,5.00458291928422,5.06822929626611,5.08433198074947,5.08873475442274,5.13668491816875,5.15519853850194,5.17517987001164,5.19363561795038,5.21041668695139,5.27249562383754,5.31020176185005,5.33391603205289,5.34685074123351,5.39363750666266,5.43231299335726,5.44959479425057,5.4919414161175,5.52390627913036,5.57778905552943,5.6157362725745,5.63303023147045,5.68283435983198,5.71435912356264,5.72218582320322,5.74106372103394,5.79421640719839,5.84519272785887,5.87563787479613,5.88267554603451,5.91586103199506,5.93113291931898,5.94883500138991,5.96215035103189,5.99843996488387,6.02413401683724,6.04586562670739,6.06787675259358,6.06998416566439,6.13317697352571,6.13631504150696,6.15846908008812,6.20736086514586,6.24724423969593,6.26920477988021,6.32144414499656,6.3340136838322,6.3522579080839,6.36071111246862,6.40038675536751,6.41141271540368,6.43485667924665,6.43685366906276,6.48631414571578,6.50189973153337,6.56438727804804,6.59748475145434,6.60601667180111,6.65461959450255,6.69926847235466,6.72395526873232,6.75325851473609,6.76786721403879,6.81388516223769,6.82739148222962,6.84723765526373,6.87230153468308,6.88060983370392,6.91849106371582,6.93579035692631,6.95802011081823,6.97144247823116,6.99716907430422,7.01812513013277,7.02139117633384,7.05922830662296,7.10950627678896,7.12741139368838,7.15265744764468,7.17335234692334,7.21284246957487,7.21584055424116,7.24371662000068,7.25762572844988,7.28963925491986,7.30336170927804,7.32241263584075,7.35576887334011,7.37771843105325,7.39507398306365,7.43272195404315,7.45117483514874,7.4587493121291,7.4805245758848,7.51165508709814,7.53100461880958,7.55444938135821,7.57392065247301,7.61960563245275,7.6240789793988,7.66126109717086,7.6781184995091,7.69750826779503,7.70968481355785,7.7306002271112,7.77521789686939,7.78513887112975,7.81205907673448,7.85491632303137,7.86109578055967,7.87249116939806,7.88981666296821,7.93786898818999,7.94391271132801,7.96338442608792,8.02597861938211,8.03336635998419,8.07832536141499,8.09013578520871,8.10295863325498,8.10531880951074,8.16584371334747,8.17711939105952,8.20268197224925,8.23694797614721,8.28065248198858,8.28097442136898,8.31122538290584,8.33105913650118,8.36538297185669,8.39058995919552,8.40858639967023,8.43662207669305,8.45632212459985,8.47124417547533,8.50428129423902,8.51183049933178,8.55847095529333,8.58026176063984,8.59888898019918,8.63944272350981,8.64586063877615,8.65268652558212,8.70609117388301,8.73653614294284,8.74696121113115,8.76905964348077,8.7836511726987,8.80616217256478,8.82809140450415,8.87015429782843,8.90750267312509,8.91417158107715,8.94952703787322,9.00294398465118,9.04158307807326,9.07663024972159,9.09450572649857,9.10934852918352,9.13083722389492,9.17363109467006,9.2282195874785,9.24225910025351,9.28915041155414,9.30361840318441,9.32707927122853,9.37849006695953,9.38908539567927,9.41758531196735,9.44952294149698,9.4710237490838,9.51090891942277,9.51730968743081,9.57556754172606,9.60708999151944,9.62570866483893,9.66652036039524,9.68929438893623,9.70982348224314,9.74076143331136,9.7597942008038,9.79818317094402,9.86308563977047,9.87004957750451,9.92216129053774,9.93619550030022,9.97510632526067,9.98766496127907,10.0245428751879,10.0541150094108,10.0781900782741,10.0947034503373,10.1558685230267,10.1748060516376,10.1976454453711,10.2257109075073,10.2333970400219,10.2627074423206,10.2887388396187,10.3307673392216,10.3510316615519,10.3996240430772,10.4173517293068,10.4489867765283,10.4838196065611,10.5385968961739,10.5694013396354,10.5991683669077,10.645728942459,10.7120165362539,10.7209074795958,10.7550811746563,10.8115241221418,10.8172023997465,10.8731407882066,10.9323718233209,10.9515785634988,11.0349018159165,11.0530069591682,11.0951832378827,11.1343811150178,11.15969177109,11.1722608849133,11.207948875732,11.20998446696,11.2678462412458,11.3405497676079,11.3937749428895,11.4079203900363,11.433449900243,11.4811186170353,11.4986323882626,11.5556915225166,11.5720022569787,11.6020296968871,11.6054250434204,11.7356009453378,11.7513615313324,11.8082412490273,11.8271236208928,11.8437432850182,11.8910856186542,11.9303930663041,11.9356133190664,12.0134146368918,12.0770482119762,12.1077588600811,12.121604482292,12.1491052903481,12.1979866091535,12.2839297107787,12.2948842245749,12.3300486276154,12.344053494963,12.3916236709092,12.4218386499988,12.4793874287729,12.5211863443652,12.5883145320603,12.6414334566546,12.6683817152996,12.6807971139865,12.7471617260488,12.7862764445109,12.8356797637194,12.8657397103196,12.8854145624294,12.938967122596,12.9683476323027,12.9905090797627,13.0326241937565,13.0734483850767,13.1060504512161,13.1619542921045,13.2268102123345,13.2504841509617,13.2702473233698,13.3639145424563,13.3987119743474,13.4294436504735,13.475062829617,13.4999683919184,13.5251469081236,13.5682139023428,13.6180106821728,13.6403230562369,13.6839674883868,13.7243980449821,13.7575116539615,13.799293174543,13.843015985758,13.9018332992772,13.9304397836897,13.9897430637698,14.0138343090726,14.1242947440981,14.1765847226876,14.1983826473066,14.2367568627744,14.2612475245546,14.3589902957307,14.4137081436871,14.4344497138239,14.4787837304465,14.5154113295819,14.5601728053865,14.611605544642,14.6377324749124,14.7033805569324,14.720707436365,14.8288555203048,14.9050944667686,15.0025209184991,15.0389467866191,15.1212693917715,15.2000588631421,15.2244587324709,15.353945108252,15.3617934937124,15.4184978331078,15.4668974470441,15.4887701674568,15.5523050121443,15.7081781764692,15.7418690561788,15.8118474005906,15.8556451602379,15.9734706799398,16.0822349410041,16.0918761366374,16.2339416851943,16.2632463233659,16.4101406911007,16.5090616996912,16.5218685015259,16.6356296519994,16.7369158414214,16.8150805485176,16.9165840460647,17.0130056026453,17.2486420860855,17.4049040308785,17.5959960001826,17.7897244602639,17.9678224885896,18.0874835853482,18.1269015462609,18.32241634192,18.4224504097117,18.7146818477631,18.8364319914168,18.9760922683429,19.1827751132466,19.4046260454411,19.700404785019,19.9939427530507,20.1312663194918,20.2405176285227,20.6219653821633,21.1787172887574,21.5133570497122,23.3466064250987,NA,NA,NA,NA,NA,NA,NA,NA,NA,NA,NA,NA,NA,NA,NA,NA,NA,NA,NA,NA,NA,NA,NA,NA,NA,NA,NA,NA,NA,NA,NA,NA,NA,NA,NA,NA,NA,NA,NA
0.535347805994956,0.600043990476218,0.718322574521694,0.994659006442158,1.07660454444882,1.27355038557182,1.41318030168279,1.50456114624353,1.52317612271472,1.75666054463568,1.7976422277967,1.80995499064714,1.88310652900523,1.94118371179728,2.19004640717344,2.20302083263084,2.28629743384636,2.42825644927023,2.52765120447611,2.53839538536986,2.61244172632687,2.68124807628617,2.72610537387649,2.78031382098352,2.88759595380696,2.96111215574675,2.99934267875158,3.06158571313214,3.13175778227276,3.16901355288221,3.22761345836655,3.30939403689668,3.38765030444131,3.44860676856422,3.45822433265552,3.4943823334794,3.57713207788775,3.61255458042392,3.70681607584098,3.75736940133087,3.78876326064784,3.82838985416491,3.86585309757563,3.90793223942677,3.93827970588706,4.03986346441936,4.09766166099759,4.13527253359392,4.20633503094681,4.24957222438117,4.26826000082852,4.28458804068541,4.32543817588221,4.39207237500087,4.4105405444064,4.446443860252,4.50855548673894,4.54912570623912,4.61159611597585,4.64502201503552,4.65902677536125,4.7329719180815,4.79843539476282,4.82574172865124,4.85373055135578,4.90613220047497,4.9270527859986,4.97027696321178,5.00458291928422,5.06822929626611,5.08433198074947,5.08873475442274,5.13668491816875,5.15519853850194,5.17517987001164,5.19363561795038,5.21041668695139,5.27249562383754,5.31020176185005,5.33391603205289,5.34685074123351,5.39363750666266,5.43231299335726,5.44959479425057,5.4919414161175,5.52390627913036,5.57778905552943,5.6157362725745,5.63303023147045,5.68283435983198,5.71435912356264,5.72218582320322,5.74106372103394,5.79421640719839,5.84519272785887,5.87563787479613,5.88267554603451,5.91586103199506,5.93113291931898,5.94883500138991,5.96215035103189,5.99843996488387,6.02413401683724,6.04586562670739,6.06787675259358,6.06998416566439,6.13317697352571,6.13631504150696,6.15846908008812,6.20736086514586,6.24724423969593,6.26920477988021,6.32144414499656,6.3340136838322,6.3522579080839,6.36071111246862,6.40038675536751,6.41141271540368,6.43485667924665,6.43685366906276,6.48631414571578,6.50189973153337,6.56438727804804,6.59748475145434,6.60601667180111,6.65461959450255,6.69926847235466,6.72395526873232,6.75325851473609,6.76786721403879,6.81388516223769,6.82739148222962,6.84723765526373,6.87230153468308,6.88060983370392,6.91849106371582,6.93579035692631,6.95802011081823,6.97144247823116,6.99716907430422,7.01812513013277,7.02139117633384,7.05922830662296,7.10950627678896,7.12741139368838,7.15265744764468,7.17335234692334,7.21284246957487,7.21584055424116,7.24371662000068,7.25762572844988,7.28963925491986,7.30336170927804,7.32241263584075,7.35576887334011,7.37771843105325,7.39507398306365,7.43272195404315,7.45117483514874,7.4587493121291,7.4805245758848,7.51165508709814,7.53100461880958,7.55444938135821,7.57392065247301,7.61960563245275,7.6240789793988,7.66126109717086,7.6781184995091,7.69750826779503,7.70968481355785,7.7306002271112,7.77521789686939,7.78513887112975,7.81205907673448,7.85491632303137,7.86109578055967,7.87249116939806,7.88981666296821,7.93786898818999,7.94391271132801,7.96338442608792,8.02597861938211,8.03336635998419,8.07832536141499,8.09013578520871,8.10295863325498,8.10531880951074,8.16584371334747,8.17711939105952,8.20268197224925,8.23694797614721,8.28065248198858,8.28097442136898,8.31122538290584,8.33105913650118,8.36538297185669,8.39058995919552,8.40858639967023,8.43662207669305,8.45632212459985,8.47124417547533,8.50428129423902,8.51183049933178,8.55847095529333,8.58026176063984,8.59888898019918,8.63944272350981,8.64586063877615,8.65268652558212,8.70609117388301,8.73653614294284,8.74696121113115,8.76905964348077,8.7836511726987,8.80616217256478,8.82809140450415,8.87015429782843,8.90750267312509,8.91417158107715,8.94952703787322,9.00294398465118,9.04158307807326,9.07663024972159,9.09450572649857,9.10934852918352,9.13083722389492,9.17363109467006,9.2282195874785,9.24225910025351,9.28915041155414,9.30361840318441,9.32707927122853,9.37849006695953,9.38908539567927,9.41758531196735,9.44952294149698,9.4710237490838,9.51090891942277,9.51730968743081,9.57556754172606,9.60708999151944,9.62570866483893,9.66652036039524,9.68929438893623,9.70982348224314,9.74076143331136,9.7597942008038,9.79818317094402,9.86308563977047,9.87004957750451,9.92216129053774,9.93619550030022,9.97510632526067,9.98766496127907,10.0245428751879,10.0541150094108,10.0781900782741,10.0947034503373,10.1558685230267,10.1748060516376,10.1976454453711,10.2257109075073,10.2333970400219,10.2627074423206,10.2887388396187,10.3307673392216,10.3510316615519,10.3996240430772,10.4173517293068,10.4489867765283,10.4838196065611,10.5385968961739,10.5694013396354,10.5991683669077,10.645728942459,10.7120165362539,10.7209074795958,10.7550811746563,10.8115241221418,10.8172023997465,10.8731407882066,10.9323718233209,10.9515785634988,11.0349018159165,11.0530069591682,11.0951832378827,11.1343811150178,11.15969177109,11.1722608849133,11.207948875732,11.20998446696,11.2678462412458,11.3405497676079,11.3937749428895,11.4079203900363,11.433449900243,11.4811186170353,11.4986323882626,11.5556915225166,11.5720022569787,11.6020296968871,11.6054250434204,11.7356009453378,11.7513615313324,11.8082412490273,11.8271236208928,11.8437432850182,11.8910856186542,11.9303930663041,11.9356133190664,12.0134146368918,12.0770482119762,12.1077588600811,12.121604482292,12.1491052903481,12.1979866091535,12.2839297107787,12.2948842245749,12.3300486276154,12.344053494963,12.3916236709092,12.4218386499988,12.4793874287729,12.5211863443652,12.5883145320603,12.6414334566546,12.6683817152996,12.6807971139865,12.7471617260488,12.7862764445109,12.8356797637194,12.8657397103196,12.8854145624294,12.938967122596,12.9683476323027,12.9905090797627,13.0326241937565,13.0734483850767,13.1060504512161,13.1619542921045,13.2268102123345,13.2504841509617,13.2702473233698,13.3639145424563,13.3987119743474,13.4294436504735,13.475062829617,13.4999683919184,13.5251469081236,13.5682139023428,13.6180106821728,13.6403230562369,13.6839674883868,13.7243980449821,13.7575116539615,13.799293174543,13.843015985758,13.9018332992772,13.9304397836897,13.9897430637698,14.0138343090726,14.1242947440981,14.1765847226876,14.1983826473066,14.2367568627744,14.2612475245546,14.3589902957307,14.4137081436871,14.4344497138239,14.4787837304465,14.5154113295819,14.5601728053865,14.611605544642,14.6377324749124,14.7033805569324,14.720707436365,14.8288555203048,14.9050944667686,15.0025209184991,15.0389467866191,15.1212693917715,15.2000588631421,15.2244587324709,15.353945108252,15.3617934937124,15.4184978331078,15.4668974470441,15.4887701674568,15.5523050121443,15.7081781764692,15.7418690561788,15.8118474005906,15.8556451602379,15.9734706799398,16.0822349410041,16.0918761366374,16.2339416851943,16.2632463233659,16.4101406911007,16.5090616996912,16.5218685015259,16.6356296519994,16.7369158414214,16.8150805485176,16.9165840460647,17.0130056026453,17.2486420860855,17.4049040308785,17.5959960001826,17.7897244602639,17.9678224885896,18.0874835853482,18.1269015462609,18.32241634192,18.4224504097117,18.7146818477631,18.8364319914168,18.9760922683429,19.1827751132466,19.4046260454411,19.700404785019,19.9939427530507,20.1312663194918,20.2405176285227,20.6219653821633,21.1787172887574,21.5133570497122,23.3466064250987,NA,NA,NA,NA,NA,NA,NA,NA,NA,NA,NA,NA,NA,NA,NA,NA,NA,NA,NA,NA,NA,NA,NA,NA,NA,NA,NA,NA,NA,NA,NA,NA,NA,NA,NA,NA,NA,NA,NA
0.535347805994956,0.600043990476218,0.718322574521694,0.994659006442158,1.07660454444882,1.27355038557182,1.41318030168279,1.50456114624353,1.52317612271472,1.75666054463568,1.7976422277967,1.80995499064714,1.88310652900523,1.94118371179728,2.19004640717344,2.20302083263084,2.28629743384636,2.42825644927023,2.52765120447611,2.53839538536986,2.61244172632687,2.68124807628617,2.72610537387649,2.78031382098352,2.88759595380696,2.96111215574675,2.99934267875158,3.06158571313214,3.13175778227276,3.16901355288221,3.22761345836655,3.30939403689668,3.38765030444131,3.44860676856422,3.45822433265552,3.4943823334794,3.57713207788775,3.61255458042392,3.70681607584098,3.75736940133087,3.78876326064784,3.82838985416491,3.86585309757563,3.90793223942677,3.93827970588706,4.03986346441936,4.09766166099759,4.13527253359392,4.20633503094681,4.24957222438117,4.26826000082852,4.28458804068541,4.32543817588221,4.39207237500087,4.4105405444064,4.446443860252,4.50855548673894,4.54912570623912,4.61159611597585,4.64502201503552,4.65902677536125,4.7329719180815,4.79843539476282,4.82574172865124,4.85373055135578,4.90613220047497,4.9270527859986,4.97027696321178,5.00458291928422,5.06822929626611,5.08433198074947,5.08873475442274,5.13668491816875,5.15519853850194,5.17517987001164,5.19363561795038,5.21041668695139,5.27249562383754,5.31020176185005,5.33391603205289,5.34685074123351,5.39363750666266,5.43231299335726,5.44959479425057,5.4919414161175,5.52390627913036,5.57778905552943,5.6157362725745,5.63303023147045,5.68283435983198,5.71435912356264,5.72218582320322,5.74106372103394,5.79421640719839,5.84519272785887,5.87563787479613,5.88267554603451,5.91586103199506,5.93113291931898,5.94883500138991,5.96215035103189,5.99843996488387,6.02413401683724,6.04586562670739,6.06787675259358,6.06998416566439,6.13317697352571,6.13631504150696,6.15846908008812,6.20736086514586,6.24724423969593,6.26920477988021,6.32144414499656,6.3340136838322,6.3522579080839,6.36071111246862,6.40038675536751,6.41141271540368,6.43485667924665,6.43685366906276,6.48631414571578,6.50189973153337,6.56438727804804,6.59748475145434,6.60601667180111,6.65461959450255,6.69926847235466,6.72395526873232,6.75325851473609,6.76786721403879,6.81388516223769,6.82739148222962,6.84723765526373,6.87230153468308,6.88060983370392,6.91849106371582,6.93579035692631,6.95802011081823,6.97144247823116,6.99716907430422,7.01812513013277,7.02139117633384,7.05922830662296,7.10950627678896,7.12741139368838,7.15265744764468,7.17335234692334,7.21284246957487,7.21584055424116,7.24371662000068,7.25762572844988,7.28963925491986,7.30336170927804,7.32241263584075,7.35576887334011,7.37771843105325,7.39507398306365,7.43272195404315,7.45117483514874,7.4587493121291,7.4805245758848,7.51165508709814,7.53100461880958,7.55444938135821,7.57392065247301,7.61960563245275,7.6240789793988,7.66126109717086,7.6781184995091,7.69750826779503,7.70968481355785,7.7306002271112,7.77521789686939,7.78513887112975,7.81205907673448,7.85491632303137,7.86109578055967,7.87249116939806,7.88981666296821,7.93786898818999,7.94391271132801,7.96338442608792,8.02597861938211,8.03336635998419,8.07832536141499,8.09013578520871,8.10295863325498,8.10531880951074,8.16584371334747,8.17711939105952,8.20268197224925,8.23694797614721,8.28065248198858,8.28097442136898,8.31122538290584,8.33105913650118,8.36538297185669,8.39058995919552,8.40858639967023,8.43662207669305,8.45632212459985,8.47124417547533,8.50428129423902,8.51183049933178,8.55847095529333,8.58026176063984,8.59888898019918,8.63944272350981,8.64586063877615,8.65268652558212,8.70609117388301,8.73653614294284,8.74696121113115,8.76905964348077,8.7836511726987,8.80616217256478,8.82809140450415,8.87015429782843,8.90750267312509,8.91417158107715,8.94952703787322,9.00294398465118,9.04158307807326,9.07663024972159,9.09450572649857,9.10934852918352,9.13083722389492,9.17363109467006,9.2282195874785,9.24225910025351,9.28915041155414,9.30361840318441,9.32707927122853,9.37849006695953,9.38908539567927,9.41758531196735,9.44952294149698,9.4710237490838,9.51090891942277,9.51730968743081,9.57556754172606,9.60708999151944,9.62570866483893,9.66652036039524,9.68929438893623,9.70982348224314,9.74076143331136,9.7597942008038,9.79818317094402,9.86308563977047,9.87004957750451,9.92216129053774,9.93619550030022,9.97510632526067,9.98766496127907,10.0245428751879,10.0541150094108,10.0781900782741,10.0947034503373,10.1558685230267,10.1748060516376,10.1976454453711,10.2257109075073,10.2333970400219,10.2627074423206,10.2887388396187,10.3307673392216,10.3510316615519,10.3996240430772,10.4173517293068,10.4489867765283,10.4838196065611,10.5385968961739,10.5694013396354,10.5991683669077,10.645728942459,10.7120165362539,10.7209074795958,10.7550811746563,10.8115241221418,10.8172023997465,10.8731407882066,10.9323718233209,10.9515785634988,11.0349018159165,11.0530069591682,11.0951832378827,11.1343811150178,11.15969177109,11.1722608849133,11.207948875732,11.20998446696,11.2678462412458,11.3405497676079,11.3937749428895,11.4079203900363,11.433449900243,11.4811186170353,11.4986323882626,11.5556915225166,11.5720022569787,11.6020296968871,11.6054250434204,11.7356009453378,11.7513615313324,11.8082412490273,11.8271236208928,11.8437432850182,11.8910856186542,11.9303930663041,11.9356133190664,12.0134146368918,12.0770482119762,12.1077588600811,12.121604482292,12.1491052903481,12.1979866091535,12.2839297107787,12.2948842245749,12.3300486276154,12.344053494963,12.3916236709092,12.4218386499988,12.4793874287729,12.5211863443652,12.5883145320603,12.6414334566546,12.6683817152996,12.6807971139865,12.7471617260488,12.7862764445109,12.8356797637194,12.8657397103196,12.8854145624294,12.938967122596,12.9683476323027,12.9905090797627,13.0326241937565,13.0734483850767,13.1060504512161,13.1619542921045,13.2268102123345,13.2504841509617,13.2702473233698,13.3639145424563,13.3987119743474,13.4294436504735,13.475062829617,13.4999683919184,13.5251469081236,13.5682139023428,13.6180106821728,13.6403230562369,13.6839674883868,13.7243980449821,13.7575116539615,13.799293174543,13.843015985758,13.9018332992772,13.9304397836897,13.9897430637698,14.0138343090726,14.1242947440981,14.1765847226876,14.1983826473066,14.2367568627744,14.2612475245546,14.3589902957307,14.4137081436871,14.4344497138239,14.4787837304465,14.5154113295819,14.5601728053865,14.611605544642,14.6377324749124,14.7033805569324,14.720707436365,14.8288555203048,14.9050944667686,15.0025209184991,15.0389467866191,15.1212693917715,15.2000588631421,15.2244587324709,15.353945108252,15.3617934937124,15.4184978331078,15.4668974470441,15.4887701674568,15.5523050121443,15.7081781764692,15.7418690561788,15.8118474005906,15.8556451602379,15.9734706799398,16.0822349410041,16.0918761366374,16.2339416851943,16.2632463233659,16.4101406911007,16.5090616996912,16.5218685015259,16.6356296519994,16.7369158414214,16.8150805485176,16.9165840460647,17.0130056026453,17.2486420860855,17.4049040308785,17.5959960001826,17.7897244602639,17.9678224885896,18.0874835853482,18.1269015462609,18.32241634192,18.4224504097117,18.7146818477631,18.8364319914168,18.9760922683429,19.1827751132466,19.4046260454411,19.700404785019,19.9939427530507,20.1312663194918,20.2405176285227,20.6219653821633,21.1787172887574,21.5133570497122,23.3466064250987,NA,NA,NA,NA,NA,NA,NA,NA,NA,NA,NA,NA,NA,NA,NA,NA,NA,NA,NA,NA,NA,NA,NA,NA,NA,NA,NA,NA,NA,NA,NA,NA,NA,NA,NA,NA,NA,NA,NA
0.535347805994956,0.600043990476218,0.718322574521694,0.994659006442158,1.07660454444882,1.27355038557182,1.41318030168279,1.50456114624353,1.52317612271472,1.75666054463568,1.7976422277967,1.80995499064714,1.88310652900523,1.94118371179728,2.19004640717344,2.20302083263084,2.28629743384636,2.42825644927023,2.52765120447611,2.53839538536986,2.61244172632687,2.68124807628617,2.72610537387649,2.78031382098352,2.88759595380696,2.96111215574675,2.99934267875158,3.06158571313214,3.13175778227276,3.16901355288221,3.22761345836655,3.30939403689668,3.38765030444131,3.44860676856422,3.45822433265552,3.4943823334794,3.57713207788775,3.61255458042392,3.70681607584098,3.75736940133087,3.78876326064784,3.82838985416491,3.86585309757563,3.90793223942677,3.93827970588706,4.03986346441936,4.09766166099759,4.13527253359392,4.20633503094681,4.24957222438117,4.26826000082852,4.28458804068541,4.32543817588221,4.39207237500087,4.4105405444064,4.446443860252,4.50855548673894,4.54912570623912,4.61159611597585,4.64502201503552,4.65902677536125,4.7329719180815,4.79843539476282,4.82574172865124,4.85373055135578,4.90613220047497,4.9270527859986,4.97027696321178,5.00458291928422,5.06822929626611,5.08433198074947,5.08873475442274,5.13668491816875,5.15519853850194,5.17517987001164,5.19363561795038,5.21041668695139,5.27249562383754,5.31020176185005,5.33391603205289,5.34685074123351,5.39363750666266,5.43231299335726,5.44959479425057,5.4919414161175,5.52390627913036,5.57778905552943,5.6157362725745,5.63303023147045,5.68283435983198,5.71435912356264,5.72218582320322,5.74106372103394,5.79421640719839,5.84519272785887,5.87563787479613,5.88267554603451,5.91586103199506,5.93113291931898,5.94883500138991,5.96215035103189,5.99843996488387,6.02413401683724,6.04586562670739,6.06787675259358,6.06998416566439,6.13317697352571,6.13631504150696,6.15846908008812,6.20736086514586,6.24724423969593,6.26920477988021,6.32144414499656,6.3340136838322,6.3522579080839,6.36071111246862,6.40038675536751,6.41141271540368,6.43485667924665,6.43685366906276,6.48631414571578,6.50189973153337,6.56438727804804,6.59748475145434,6.60601667180111,6.65461959450255,6.69926847235466,6.72395526873232,6.75325851473609,6.76786721403879,6.81388516223769,6.82739148222962,6.84723765526373,6.87230153468308,6.88060983370392,6.91849106371582,6.93579035692631,6.95802011081823,6.97144247823116,6.99716907430422,7.01812513013277,7.02139117633384,7.05922830662296,7.10950627678896,7.12741139368838,7.15265744764468,7.17335234692334,7.21284246957487,7.21584055424116,7.24371662000068,7.25762572844988,7.28963925491986,7.30336170927804,7.32241263584075,7.35576887334011,7.37771843105325,7.39507398306365,7.43272195404315,7.45117483514874,7.4587493121291,7.4805245758848,7.51165508709814,7.53100461880958,7.55444938135821,7.57392065247301,7.61960563245275,7.6240789793988,7.66126109717086,7.6781184995091,7.69750826779503,7.70968481355785,7.7306002271112,7.77521789686939,7.78513887112975,7.81205907673448,7.85491632303137,7.86109578055967,7.87249116939806,7.88981666296821,7.93786898818999,7.94391271132801,7.96338442608792,8.02597861938211,8.03336635998419,8.07832536141499,8.09013578520871,8.10295863325498,8.10531880951074,8.16584371334747,8.17711939105952,8.20268197224925,8.23694797614721,8.28065248198858,8.28097442136898,8.31122538290584,8.33105913650118,8.36538297185669,8.39058995919552,8.40858639967023,8.43662207669305,8.45632212459985,8.47124417547533,8.50428129423902,8.51183049933178,8.55847095529333,8.58026176063984,8.59888898019918,8.63944272350981,8.64586063877615,8.65268652558212,8.70609117388301,8.73653614294284,8.74696121113115,8.76905964348077,8.7836511726987,8.80616217256478,8.82809140450415,8.87015429782843,8.90750267312509,8.91417158107715,8.94952703787322,9.00294398465118,9.04158307807326,9.07663024972159,9.09450572649857,9.10934852918352,9.13083722389492,9.17363109467006,9.2282195874785,9.24225910025351,9.28915041155414,9.30361840318441,9.32707927122853,9.37849006695953,9.38908539567927,9.41758531196735,9.44952294149698,9.4710237490838,9.51090891942277,9.51730968743081,9.57556754172606,9.60708999151944,9.62570866483893,9.66652036039524,9.68929438893623,9.70982348224314,9.74076143331136,9.7597942008038,9.79818317094402,9.86308563977047,9.87004957750451,9.92216129053774,9.93619550030022,9.97510632526067,9.98766496127907,10.0245428751879,10.0541150094108,10.0781900782741,10.0947034503373,10.1558685230267,10.1748060516376,10.1976454453711,10.2257109075073,10.2333970400219,10.2627074423206,10.2887388396187,10.3307673392216,10.3510316615519,10.3996240430772,10.4173517293068,10.4489867765283,10.4838196065611,10.5385968961739,10.5694013396354,10.5991683669077,10.645728942459,10.7120165362539,10.7209074795958,10.7550811746563,10.8115241221418,10.8172023997465,10.8731407882066,10.9323718233209,10.9515785634988,11.0349018159165,11.0530069591682,11.0951832378827,11.1343811150178,11.15969177109,11.1722608849133,11.207948875732,11.20998446696,11.2678462412458,11.3405497676079,11.3937749428895,11.4079203900363,11.433449900243,11.4811186170353,11.4986323882626,11.5556915225166,11.5720022569787,11.6020296968871,11.6054250434204,11.7356009453378,11.7513615313324,11.8082412490273,11.8271236208928,11.8437432850182,11.8910856186542,11.9303930663041,11.9356133190664,12.0134146368918,12.0770482119762,12.1077588600811,12.121604482292,12.1491052903481,12.1979866091535,12.2839297107787,12.2948842245749,12.3300486276154,12.344053494963,12.3916236709092,12.4218386499988,12.4793874287729,12.5211863443652,12.5883145320603,12.6414334566546,12.6683817152996,12.6807971139865,12.7471617260488,12.7862764445109,12.8356797637194,12.8657397103196,12.8854145624294,12.938967122596,12.9683476323027,12.9905090797627,13.0326241937565,13.0734483850767,13.1060504512161,13.1619542921045,13.2268102123345,13.2504841509617,13.2702473233698,13.3639145424563,13.3987119743474,13.4294436504735,13.475062829617,13.4999683919184,13.5251469081236,13.5682139023428,13.6180106821728,13.6403230562369,13.6839674883868,13.7243980449821,13.7575116539615,13.799293174543,13.843015985758,13.9018332992772,13.9304397836897,13.9897430637698,14.0138343090726,14.1242947440981,14.1765847226876,14.1983826473066,14.2367568627744,14.2612475245546,14.3589902957307,14.4137081436871,14.4344497138239,14.4787837304465,14.5154113295819,14.5601728053865,14.611605544642,14.6377324749124,14.7033805569324,14.720707436365,14.8288555203048,14.9050944667686,15.0025209184991,15.0389467866191,15.1212693917715,15.2000588631421,15.2244587324709,15.353945108252,15.3617934937124,15.4184978331078,15.4668974470441,15.4887701674568,15.5523050121443,15.7081781764692,15.7418690561788,15.8118474005906,15.8556451602379,15.9734706799398,16.0822349410041,16.0918761366374,16.2339416851943,16.2632463233659,16.4101406911007,16.5090616996912,16.5218685015259,16.6356296519994,16.7369158414214,16.8150805485176,16.9165840460647,17.0130056026453,17.2486420860855,17.4049040308785,17.5959960001826,17.7897244602639,17.9678224885896,18.0874835853482,18.1269015462609,18.32241634192,18.4224504097117,18.7146818477631,18.8364319914168,18.9760922683429,19.1827751132466,19.4046260454411,19.700404785019,19.9939427530507,20.1312663194918,20.2405176285227,20.6219653821633,21.1787172887574,21.5133570497122,23.3466064250987,NA,NA,NA,NA,NA,NA,NA,NA,NA,NA,NA,NA,NA,NA,NA,NA,NA,NA,NA,NA,NA,NA,NA,NA,NA,NA,NA,NA,NA,NA,NA,NA,NA,NA,NA,NA,NA,NA,NA
0.535347805994956,0.600043990476218,0.718322574521694,0.994659006442158,1.07660454444882,1.27355038557182,1.41318030168279,1.50456114624353,1.52317612271472,1.75666054463568,1.7976422277967,1.80995499064714,1.88310652900523,1.94118371179728,2.19004640717344,2.20302083263084,2.28629743384636,2.42825644927023,2.52765120447611,2.53839538536986,2.61244172632687,2.68124807628617,2.72610537387649,2.78031382098352,2.88759595380696,2.96111215574675,2.99934267875158,3.06158571313214,3.13175778227276,3.16901355288221,3.22761345836655,3.30939403689668,3.38765030444131,3.44860676856422,3.45822433265552,3.4943823334794,3.57713207788775,3.61255458042392,3.70681607584098,3.75736940133087,3.78876326064784,3.82838985416491,3.86585309757563,3.90793223942677,3.93827970588706,4.03986346441936,4.09766166099759,4.13527253359392,4.20633503094681,4.24957222438117,4.26826000082852,4.28458804068541,4.32543817588221,4.39207237500087,4.4105405444064,4.446443860252,4.50855548673894,4.54912570623912,4.61159611597585,4.64502201503552,4.65902677536125,4.7329719180815,4.79843539476282,4.82574172865124,4.85373055135578,4.90613220047497,4.9270527859986,4.97027696321178,5.00458291928422,5.06822929626611,5.08433198074947,5.08873475442274,5.13668491816875,5.15519853850194,5.17517987001164,5.19363561795038,5.21041668695139,5.27249562383754,5.31020176185005,5.33391603205289,5.34685074123351,5.39363750666266,5.43231299335726,5.44959479425057,5.4919414161175,5.52390627913036,5.57778905552943,5.6157362725745,5.63303023147045,5.68283435983198,5.71435912356264,5.72218582320322,5.74106372103394,5.79421640719839,5.84519272785887,5.87563787479613,5.88267554603451,5.91586103199506,5.93113291931898,5.94883500138991,5.96215035103189,5.99843996488387,6.02413401683724,6.04586562670739,6.06787675259358,6.06998416566439,6.13317697352571,6.13631504150696,6.15846908008812,6.20736086514586,6.24724423969593,6.26920477988021,6.32144414499656,6.3340136838322,6.3522579080839,6.36071111246862,6.40038675536751,6.41141271540368,6.43485667924665,6.43685366906276,6.48631414571578,6.50189973153337,6.56438727804804,6.59748475145434,6.60601667180111,6.65461959450255,6.69926847235466,6.72395526873232,6.75325851473609,6.76786721403879,6.81388516223769,6.82739148222962,6.84723765526373,6.87230153468308,6.88060983370392,6.91849106371582,6.93579035692631,6.95802011081823,6.97144247823116,6.99716907430422,7.01812513013277,7.02139117633384,7.05922830662296,7.10950627678896,7.12741139368838,7.15265744764468,7.17335234692334,7.21284246957487,7.21584055424116,7.24371662000068,7.25762572844988,7.28963925491986,7.30336170927804,7.32241263584075,7.35576887334011,7.37771843105325,7.39507398306365,7.43272195404315,7.45117483514874,7.4587493121291,7.4805245758848,7.51165508709814,7.53100461880958,7.55444938135821,7.57392065247301,7.61960563245275,7.6240789793988,7.66126109717086,7.6781184995091,7.69750826779503,7.70968481355785,7.7306002271112,7.77521789686939,7.78513887112975,7.81205907673448,7.85491632303137,7.86109578055967,7.87249116939806,7.88981666296821,7.93786898818999,7.94391271132801,7.96338442608792,8.02597861938211,8.03336635998419,8.07832536141499,8.09013578520871,8.10295863325498,8.10531880951074,8.16584371334747,8.17711939105952,8.20268197224925,8.23694797614721,8.28065248198858,8.28097442136898,8.31122538290584,8.33105913650118,8.36538297185669,8.39058995919552,8.40858639967023,8.43662207669305,8.45632212459985,8.47124417547533,8.50428129423902,8.51183049933178,8.55847095529333,8.58026176063984,8.59888898019918,8.63944272350981,8.64586063877615,8.65268652558212,8.70609117388301,8.73653614294284,8.74696121113115,8.76905964348077,8.7836511726987,8.80616217256478,8.82809140450415,8.87015429782843,8.90750267312509,8.91417158107715,8.94952703787322,9.00294398465118,9.04158307807326,9.07663024972159,9.09450572649857,9.10934852918352,9.13083722389492,9.17363109467006,9.2282195874785,9.24225910025351,9.28915041155414,9.30361840318441,9.32707927122853,9.37849006695953,9.38908539567927,9.41758531196735,9.44952294149698,9.4710237490838,9.51090891942277,9.51730968743081,9.57556754172606,9.60708999151944,9.62570866483893,9.66652036039524,9.68929438893623,9.70982348224314,9.74076143331136,9.7597942008038,9.79818317094402,9.86308563977047,9.87004957750451,9.92216129053774,9.93619550030022,9.97510632526067,9.98766496127907,10.0245428751879,10.0541150094108,10.0781900782741,10.0947034503373,10.1558685230267,10.1748060516376,10.1976454453711,10.2257109075073,10.2333970400219,10.2627074423206,10.2887388396187,10.3307673392216,10.3510316615519,10.3996240430772,10.4173517293068,10.4489867765283,10.4838196065611,10.5385968961739,10.5694013396354,10.5991683669077,10.645728942459,10.7120165362539,10.7209074795958,10.7550811746563,10.8115241221418,10.8172023997465,10.8731407882066,10.9323718233209,10.9515785634988,11.0349018159165,11.0530069591682,11.0951832378827,11.1343811150178,11.15969177109,11.1722608849133,11.207948875732,11.20998446696,11.2678462412458,11.3405497676079,11.3937749428895,11.4079203900363,11.433449900243,11.4811186170353,11.4986323882626,11.5556915225166,11.5720022569787,11.6020296968871,11.6054250434204,11.7356009453378,11.7513615313324,11.8082412490273,11.8271236208928,11.8437432850182,11.8910856186542,11.9303930663041,11.9356133190664,12.0134146368918,12.0770482119762,12.1077588600811,12.121604482292,12.1491052903481,12.1979866091535,12.2839297107787,12.2948842245749,12.3300486276154,12.344053494963,12.3916236709092,12.4218386499988,12.4793874287729,12.5211863443652,12.5883145320603,12.6414334566546,12.6683817152996,12.6807971139865,12.7471617260488,12.7862764445109,12.8356797637194,12.8657397103196,12.8854145624294,12.938967122596,12.9683476323027,12.9905090797627,13.0326241937565,13.0734483850767,13.1060504512161,13.1619542921045,13.2268102123345,13.2504841509617,13.2702473233698,13.3639145424563,13.3987119743474,13.4294436504735,13.475062829617,13.4999683919184,13.5251469081236,13.5682139023428,13.6180106821728,13.6403230562369,13.6839674883868,13.7243980449821,13.7575116539615,13.799293174543,13.843015985758,13.9018332992772,13.9304397836897,13.9897430637698,14.0138343090726,14.1242947440981,14.1765847226876,14.1983826473066,14.2367568627744,14.2612475245546,14.3589902957307,14.4137081436871,14.4344497138239,14.4787837304465,14.5154113295819,14.5601728053865,14.611605544642,14.6377324749124,14.7033805569324,14.720707436365,14.8288555203048,14.9050944667686,15.0025209184991,15.0389467866191,15.1212693917715,15.2000588631421,15.2244587324709,15.353945108252,15.3617934937124,15.4184978331078,15.4668974470441,15.4887701674568,15.5523050121443,15.7081781764692,15.7418690561788,15.8118474005906,15.8556451602379,15.9734706799398,16.0822349410041,16.0918761366374,16.2339416851943,16.2632463233659,16.4101406911007,16.5090616996912,16.5218685015259,16.6356296519994,16.7369158414214,16.8150805485176,16.9165840460647,17.0130056026453,17.2486420860855,17.4049040308785,17.5959960001826,17.7897244602639,17.9678224885896,18.0874835853482,18.1269015462609,18.32241634192,18.4224504097117,18.7146818477631,18.8364319914168,18.9760922683429,19.1827751132466,19.4046260454411,19.700404785019,19.9939427530507,20.1312663194918,20.2405176285227,20.6219653821633,21.1787172887574,21.5133570497122,23.3466064250987,NA,NA,NA,NA,NA,NA,NA,NA,NA,NA,NA,NA,NA,NA,NA,NA,NA,NA,NA,NA,NA,NA,NA,NA,NA,NA,NA,NA,NA,NA,NA,NA,NA,NA,NA,NA,NA,NA,NA
0.535347805994956,0.600043990476218,0.718322574521694,0.994659006442158,1.07660454444882,1.27355038557182,1.41318030168279,1.50456114624353,1.52317612271472,1.75666054463568,1.7976422277967,1.80995499064714,1.88310652900523,1.94118371179728,2.19004640717344,2.20302083263084,2.28629743384636,2.42825644927023,2.52765120447611,2.53839538536986,2.61244172632687,2.68124807628617,2.72610537387649,2.78031382098352,2.88759595380696,2.96111215574675,2.99934267875158,3.06158571313214,3.13175778227276,3.16901355288221,3.22761345836655,3.30939403689668,3.38765030444131,3.44860676856422,3.45822433265552,3.4943823334794,3.57713207788775,3.61255458042392,3.70681607584098,3.75736940133087,3.78876326064784,3.82838985416491,3.86585309757563,3.90793223942677,3.93827970588706,4.03986346441936,4.09766166099759,4.13527253359392,4.20633503094681,4.24957222438117,4.26826000082852,4.28458804068541,4.32543817588221,4.39207237500087,4.4105405444064,4.446443860252,4.50855548673894,4.54912570623912,4.61159611597585,4.64502201503552,4.65902677536125,4.7329719180815,4.79843539476282,4.82574172865124,4.85373055135578,4.90613220047497,4.9270527859986,4.97027696321178,5.00458291928422,5.06822929626611,5.08433198074947,5.08873475442274,5.13668491816875,5.15519853850194,5.17517987001164,5.19363561795038,5.21041668695139,5.27249562383754,5.31020176185005,5.33391603205289,5.34685074123351,5.39363750666266,5.43231299335726,5.44959479425057,5.4919414161175,5.52390627913036,5.57778905552943,5.6157362725745,5.63303023147045,5.68283435983198,5.71435912356264,5.72218582320322,5.74106372103394,5.79421640719839,5.84519272785887,5.87563787479613,5.88267554603451,5.91586103199506,5.93113291931898,5.94883500138991,5.96215035103189,5.99843996488387,6.02413401683724,6.04586562670739,6.06787675259358,6.06998416566439,6.13317697352571,6.13631504150696,6.15846908008812,6.20736086514586,6.24724423969593,6.26920477988021,6.32144414499656,6.3340136838322,6.3522579080839,6.36071111246862,6.40038675536751,6.41141271540368,6.43485667924665,6.43685366906276,6.48631414571578,6.50189973153337,6.56438727804804,6.59748475145434,6.60601667180111,6.65461959450255,6.69926847235466,6.72395526873232,6.75325851473609,6.76786721403879,6.81388516223769,6.82739148222962,6.84723765526373,6.87230153468308,6.88060983370392,6.91849106371582,6.93579035692631,6.95802011081823,6.97144247823116,6.99716907430422,7.01812513013277,7.02139117633384,7.05922830662296,7.10950627678896,7.12741139368838,7.15265744764468,7.17335234692334,7.21284246957487,7.21584055424116,7.24371662000068,7.25762572844988,7.28963925491986,7.30336170927804,7.32241263584075,7.35576887334011,7.37771843105325,7.39507398306365,7.43272195404315,7.45117483514874,7.4587493121291,7.4805245758848,7.51165508709814,7.53100461880958,7.55444938135821,7.57392065247301,7.61960563245275,7.6240789793988,7.66126109717086,7.6781184995091,7.69750826779503,7.70968481355785,7.7306002271112,7.77521789686939,7.78513887112975,7.81205907673448,7.85491632303137,7.86109578055967,7.87249116939806,7.88981666296821,7.93786898818999,7.94391271132801,7.96338442608792,8.02597861938211,8.03336635998419,8.07832536141499,8.09013578520871,8.10295863325498,8.10531880951074,8.16584371334747,8.17711939105952,8.20268197224925,8.23694797614721,8.28065248198858,8.28097442136898,8.31122538290584,8.33105913650118,8.36538297185669,8.39058995919552,8.40858639967023,8.43662207669305,8.45632212459985,8.47124417547533,8.50428129423902,8.51183049933178,8.55847095529333,8.58026176063984,8.59888898019918,8.63944272350981,8.64586063877615,8.65268652558212,8.70609117388301,8.73653614294284,8.74696121113115,8.76905964348077,8.7836511726987,8.80616217256478,8.82809140450415,8.87015429782843,8.90750267312509,8.91417158107715,8.94952703787322,9.00294398465118,9.04158307807326,9.07663024972159,9.09450572649857,9.10934852918352,9.13083722389492,9.17363109467006,9.2282195874785,9.24225910025351,9.28915041155414,9.30361840318441,9.32707927122853,9.37849006695953,9.38908539567927,9.41758531196735,9.44952294149698,9.4710237490838,9.51090891942277,9.51730968743081,9.57556754172606,9.60708999151944,9.62570866483893,9.66652036039524,9.68929438893623,9.70982348224314,9.74076143331136,9.7597942008038,9.79818317094402,9.86308563977047,9.87004957750451,9.92216129053774,9.93619550030022,9.97510632526067,9.98766496127907,10.0245428751879,10.0541150094108,10.0781900782741,10.0947034503373,10.1558685230267,10.1748060516376,10.1976454453711,10.2257109075073,10.2333970400219,10.2627074423206,10.2887388396187,10.3307673392216,10.3510316615519,10.3996240430772,10.4173517293068,10.4489867765283,10.4838196065611,10.5385968961739,10.5694013396354,10.5991683669077,10.645728942459,10.7120165362539,10.7209074795958,10.7550811746563,10.8115241221418,10.8172023997465,10.8731407882066,10.9323718233209,10.9515785634988,11.0349018159165,11.0530069591682,11.0951832378827,11.1343811150178,11.15969177109,11.1722608849133,11.207948875732,11.20998446696,11.2678462412458,11.3405497676079,11.3937749428895,11.4079203900363,11.433449900243,11.4811186170353,11.4986323882626,11.5556915225166,11.5720022569787,11.6020296968871,11.6054250434204,11.7356009453378,11.7513615313324,11.8082412490273,11.8271236208928,11.8437432850182,11.8910856186542,11.9303930663041,11.9356133190664,12.0134146368918,12.0770482119762,12.1077588600811,12.121604482292,12.1491052903481,12.1979866091535,12.2839297107787,12.2948842245749,12.3300486276154,12.344053494963,12.3916236709092,12.4218386499988,12.4793874287729,12.5211863443652,12.5883145320603,12.6414334566546,12.6683817152996,12.6807971139865,12.7471617260488,12.7862764445109,12.8356797637194,12.8657397103196,12.8854145624294,12.938967122596,12.9683476323027,12.9905090797627,13.0326241937565,13.0734483850767,13.1060504512161,13.1619542921045,13.2268102123345,13.2504841509617,13.2702473233698,13.3639145424563,13.3987119743474,13.4294436504735,13.475062829617,13.4999683919184,13.5251469081236,13.5682139023428,13.6180106821728,13.6403230562369,13.6839674883868,13.7243980449821,13.7575116539615,13.799293174543,13.843015985758,13.9018332992772,13.9304397836897,13.9897430637698,14.0138343090726,14.1242947440981,14.1765847226876,14.1983826473066,14.2367568627744,14.2612475245546,14.3589902957307,14.4137081436871,14.4344497138239,14.4787837304465,14.5154113295819,14.5601728053865,14.611605544642,14.6377324749124,14.7033805569324,14.720707436365,14.8288555203048,14.9050944667686,15.0025209184991,15.0389467866191,15.1212693917715,15.2000588631421,15.2244587324709,15.353945108252,15.3617934937124,15.4184978331078,15.4668974470441,15.4887701674568,15.5523050121443,15.7081781764692,15.7418690561788,15.8118474005906,15.8556451602379,15.9734706799398,16.0822349410041,16.0918761366374,16.2339416851943,16.2632463233659,16.4101406911007,16.5090616996912,16.5218685015259,16.6356296519994,16.7369158414214,16.8150805485176,16.9165840460647,17.0130056026453,17.2486420860855,17.4049040308785,17.5959960001826,17.7897244602639,17.9678224885896,18.0874835853482,18.1269015462609,18.32241634192,18.4224504097117,18.7146818477631,18.8364319914168,18.9760922683429,19.1827751132466,19.4046260454411,19.700404785019,19.9939427530507,20.1312663194918,20.2405176285227,20.6219653821633,21.1787172887574,21.5133570497122,23.3466064250987,NA,NA,NA,NA,NA,NA,NA,NA,NA,NA,NA,NA,NA,NA,NA,NA,NA,NA,NA,NA,NA,NA,NA,NA,NA,NA,NA,NA,NA,NA,NA,NA,NA,NA,NA,NA,NA,NA,NA
0.535347805994956,0.600043990476218,0.718322574521694,0.994659006442158,1.07660454444882,1.27355038557182,1.41318030168279,1.50456114624353,1.52317612271472,1.75666054463568,1.7976422277967,1.80995499064714,1.88310652900523,1.94118371179728,2.19004640717344,2.20302083263084,2.28629743384636,2.42825644927023,2.52765120447611,2.53839538536986,2.61244172632687,2.68124807628617,2.72610537387649,2.78031382098352,2.88759595380696,2.96111215574675,2.99934267875158,3.06158571313214,3.13175778227276,3.16901355288221,3.22761345836655,3.30939403689668,3.38765030444131,3.44860676856422,3.45822433265552,3.4943823334794,3.57713207788775,3.61255458042392,3.70681607584098,3.75736940133087,3.78876326064784,3.82838985416491,3.86585309757563,3.90793223942677,3.93827970588706,4.03986346441936,4.09766166099759,4.13527253359392,4.20633503094681,4.24957222438117,4.26826000082852,4.28458804068541,4.32543817588221,4.39207237500087,4.4105405444064,4.446443860252,4.50855548673894,4.54912570623912,4.61159611597585,4.64502201503552,4.65902677536125,4.7329719180815,4.79843539476282,4.82574172865124,4.85373055135578,4.90613220047497,4.9270527859986,4.97027696321178,5.00458291928422,5.06822929626611,5.08433198074947,5.08873475442274,5.13668491816875,5.15519853850194,5.17517987001164,5.19363561795038,5.21041668695139,5.27249562383754,5.31020176185005,5.33391603205289,5.34685074123351,5.39363750666266,5.43231299335726,5.44959479425057,5.4919414161175,5.52390627913036,5.57778905552943,5.6157362725745,5.63303023147045,5.68283435983198,5.71435912356264,5.72218582320322,5.74106372103394,5.79421640719839,5.84519272785887,5.87563787479613,5.88267554603451,5.91586103199506,5.93113291931898,5.94883500138991,5.96215035103189,5.99843996488387,6.02413401683724,6.04586562670739,6.06787675259358,6.06998416566439,6.13317697352571,6.13631504150696,6.15846908008812,6.20736086514586,6.24724423969593,6.26920477988021,6.32144414499656,6.3340136838322,6.3522579080839,6.36071111246862,6.40038675536751,6.41141271540368,6.43485667924665,6.43685366906276,6.48631414571578,6.50189973153337,6.56438727804804,6.59748475145434,6.60601667180111,6.65461959450255,6.69926847235466,6.72395526873232,6.75325851473609,6.76786721403879,6.81388516223769,6.82739148222962,6.84723765526373,6.87230153468308,6.88060983370392,6.91849106371582,6.93579035692631,6.95802011081823,6.97144247823116,6.99716907430422,7.01812513013277,7.02139117633384,7.05922830662296,7.10950627678896,7.12741139368838,7.15265744764468,7.17335234692334,7.21284246957487,7.21584055424116,7.24371662000068,7.25762572844988,7.28963925491986,7.30336170927804,7.32241263584075,7.35576887334011,7.37771843105325,7.39507398306365,7.43272195404315,7.45117483514874,7.4587493121291,7.4805245758848,7.51165508709814,7.53100461880958,7.55444938135821,7.57392065247301,7.61960563245275,7.6240789793988,7.66126109717086,7.6781184995091,7.69750826779503,7.70968481355785,7.7306002271112,7.77521789686939,7.78513887112975,7.81205907673448,7.85491632303137,7.86109578055967,7.87249116939806,7.88981666296821,7.93786898818999,7.94391271132801,7.96338442608792,8.02597861938211,8.03336635998419,8.07832536141499,8.09013578520871,8.10295863325498,8.10531880951074,8.16584371334747,8.17711939105952,8.20268197224925,8.23694797614721,8.28065248198858,8.28097442136898,8.31122538290584,8.33105913650118,8.36538297185669,8.39058995919552,8.40858639967023,8.43662207669305,8.45632212459985,8.47124417547533,8.50428129423902,8.51183049933178,8.55847095529333,8.58026176063984,8.59888898019918,8.63944272350981,8.64586063877615,8.65268652558212,8.70609117388301,8.73653614294284,8.74696121113115,8.76905964348077,8.7836511726987,8.80616217256478,8.82809140450415,8.87015429782843,8.90750267312509,8.91417158107715,8.94952703787322,9.00294398465118,9.04158307807326,9.07663024972159,9.09450572649857,9.10934852918352,9.13083722389492,9.17363109467006,9.2282195874785,9.24225910025351,9.28915041155414,9.30361840318441,9.32707927122853,9.37849006695953,9.38908539567927,9.41758531196735,9.44952294149698,9.4710237490838,9.51090891942277,9.51730968743081,9.57556754172606,9.60708999151944,9.62570866483893,9.66652036039524,9.68929438893623,9.70982348224314,9.74076143331136,9.7597942008038,9.79818317094402,9.86308563977047,9.87004957750451,9.92216129053774,9.93619550030022,9.97510632526067,9.98766496127907,10.0245428751879,10.0541150094108,10.0781900782741,10.0947034503373,10.1558685230267,10.1748060516376,10.1976454453711,10.2257109075073,10.2333970400219,10.2627074423206,10.2887388396187,10.3307673392216,10.3510316615519,10.3996240430772,10.4173517293068,10.4489867765283,10.4838196065611,10.5385968961739,10.5694013396354,10.5991683669077,10.645728942459,10.7120165362539,10.7209074795958,10.7550811746563,10.8115241221418,10.8172023997465,10.8731407882066,10.9323718233209,10.9515785634988,11.0349018159165,11.0530069591682,11.0951832378827,11.1343811150178,11.15969177109,11.1722608849133,11.207948875732,11.20998446696,11.2678462412458,11.3405497676079,11.3937749428895,11.4079203900363,11.433449900243,11.4811186170353,11.4986323882626,11.5556915225166,11.5720022569787,11.6020296968871,11.6054250434204,11.7356009453378,11.7513615313324,11.8082412490273,11.8271236208928,11.8437432850182,11.8910856186542,11.9303930663041,11.9356133190664,12.0134146368918,12.0770482119762,12.1077588600811,12.121604482292,12.1491052903481,12.1979866091535,12.2839297107787,12.2948842245749,12.3300486276154,12.344053494963,12.3916236709092,12.4218386499988,12.4793874287729,12.5211863443652,12.5883145320603,12.6414334566546,12.6683817152996,12.6807971139865,12.7471617260488,12.7862764445109,12.8356797637194,12.8657397103196,12.8854145624294,12.938967122596,12.9683476323027,12.9905090797627,13.0326241937565,13.0734483850767,13.1060504512161,13.1619542921045,13.2268102123345,13.2504841509617,13.2702473233698,13.3639145424563,13.3987119743474,13.4294436504735,13.475062829617,13.4999683919184,13.5251469081236,13.5682139023428,13.6180106821728,13.6403230562369,13.6839674883868,13.7243980449821,13.7575116539615,13.799293174543,13.843015985758,13.9018332992772,13.9304397836897,13.9897430637698,14.0138343090726,14.1242947440981,14.1765847226876,14.1983826473066,14.2367568627744,14.2612475245546,14.3589902957307,14.4137081436871,14.4344497138239,14.4787837304465,14.5154113295819,14.5601728053865,14.611605544642,14.6377324749124,14.7033805569324,14.720707436365,14.8288555203048,14.9050944667686,15.0025209184991,15.0389467866191,15.1212693917715,15.2000588631421,15.2244587324709,15.353945108252,15.3617934937124,15.4184978331078,15.4668974470441,15.4887701674568,15.5523050121443,15.7081781764692,15.7418690561788,15.8118474005906,15.8556451602379,15.9734706799398,16.0822349410041,16.0918761366374,16.2339416851943,16.2632463233659,16.4101406911007,16.5090616996912,16.5218685015259,16.6356296519994,16.7369158414214,16.8150805485176,16.9165840460647,17.0130056026453,17.2486420860855,17.4049040308785,17.5959960001826,17.7897244602639,17.9678224885896,18.0874835853482,18.1269015462609,18.32241634192,18.4224504097117,18.7146818477631,18.8364319914168,18.9760922683429,19.1827751132466,19.4046260454411,19.700404785019,19.9939427530507,20.1312663194918,20.2405176285227,20.6219653821633,21.1787172887574,21.5133570497122,23.3466064250987,NA,NA,NA,NA,NA,NA,NA,NA,NA,NA,NA,NA,NA,NA,NA,NA,NA,NA,NA,NA,NA,NA,NA,NA,NA,NA,NA,NA,NA,NA,NA,NA,NA,NA,NA,NA,NA,NA,NA
0.535347805994956,0.600043990476218,0.718322574521694,0.994659006442158,1.07660454444882,1.27355038557182,1.41318030168279,1.50456114624353,1.52317612271472,1.75666054463568,1.7976422277967,1.80995499064714,1.88310652900523,1.94118371179728,2.19004640717344,2.20302083263084,2.28629743384636,2.42825644927023,2.52765120447611,2.53839538536986,2.61244172632687,2.68124807628617,2.72610537387649,2.78031382098352,2.88759595380696,2.96111215574675,2.99934267875158,3.06158571313214,3.13175778227276,3.16901355288221,3.22761345836655,3.30939403689668,3.38765030444131,3.44860676856422,3.45822433265552,3.4943823334794,3.57713207788775,3.61255458042392,3.70681607584098,3.75736940133087,3.78876326064784,3.82838985416491,3.86585309757563,3.90793223942677,3.93827970588706,4.03986346441936,4.09766166099759,4.13527253359392,4.20633503094681,4.24957222438117,4.26826000082852,4.28458804068541,4.32543817588221,4.39207237500087,4.4105405444064,4.446443860252,4.50855548673894,4.54912570623912,4.61159611597585,4.64502201503552,4.65902677536125,4.7329719180815,4.79843539476282,4.82574172865124,4.85373055135578,4.90613220047497,4.9270527859986,4.97027696321178,5.00458291928422,5.06822929626611,5.08433198074947,5.08873475442274,5.13668491816875,5.15519853850194,5.17517987001164,5.19363561795038,5.21041668695139,5.27249562383754,5.31020176185005,5.33391603205289,5.34685074123351,5.39363750666266,5.43231299335726,5.44959479425057,5.4919414161175,5.52390627913036,5.57778905552943,5.6157362725745,5.63303023147045,5.68283435983198,5.71435912356264,5.72218582320322,5.74106372103394,5.79421640719839,5.84519272785887,5.87563787479613,5.88267554603451,5.91586103199506,5.93113291931898,5.94883500138991,5.96215035103189,5.99843996488387,6.02413401683724,6.04586562670739,6.06787675259358,6.06998416566439,6.13317697352571,6.13631504150696,6.15846908008812,6.20736086514586,6.24724423969593,6.26920477988021,6.32144414499656,6.3340136838322,6.3522579080839,6.36071111246862,6.40038675536751,6.41141271540368,6.43485667924665,6.43685366906276,6.48631414571578,6.50189973153337,6.56438727804804,6.59748475145434,6.60601667180111,6.65461959450255,6.69926847235466,6.72395526873232,6.75325851473609,6.76786721403879,6.81388516223769,6.82739148222962,6.84723765526373,6.87230153468308,6.88060983370392,6.91849106371582,6.93579035692631,6.95802011081823,6.97144247823116,6.99716907430422,7.01812513013277,7.02139117633384,7.05922830662296,7.10950627678896,7.12741139368838,7.15265744764468,7.17335234692334,7.21284246957487,7.21584055424116,7.24371662000068,7.25762572844988,7.28963925491986,7.30336170927804,7.32241263584075,7.35576887334011,7.37771843105325,7.39507398306365,7.43272195404315,7.45117483514874,7.4587493121291,7.4805245758848,7.51165508709814,7.53100461880958,7.55444938135821,7.57392065247301,7.61960563245275,7.6240789793988,7.66126109717086,7.6781184995091,7.69750826779503,7.70968481355785,7.7306002271112,7.77521789686939,7.78513887112975,7.81205907673448,7.85491632303137,7.86109578055967,7.87249116939806,7.88981666296821,7.93786898818999,7.94391271132801,7.96338442608792,8.02597861938211,8.03336635998419,8.07832536141499,8.09013578520871,8.10295863325498,8.10531880951074,8.16584371334747,8.17711939105952,8.20268197224925,8.23694797614721,8.28065248198858,8.28097442136898,8.31122538290584,8.33105913650118,8.36538297185669,8.39058995919552,8.40858639967023,8.43662207669305,8.45632212459985,8.47124417547533,8.50428129423902,8.51183049933178,8.55847095529333,8.58026176063984,8.59888898019918,8.63944272350981,8.64586063877615,8.65268652558212,8.70609117388301,8.73653614294284,8.74696121113115,8.76905964348077,8.7836511726987,8.80616217256478,8.82809140450415,8.87015429782843,8.90750267312509,8.91417158107715,8.94952703787322,9.00294398465118,9.04158307807326,9.07663024972159,9.09450572649857,9.10934852918352,9.13083722389492,9.17363109467006,9.2282195874785,9.24225910025351,9.28915041155414,9.30361840318441,9.32707927122853,9.37849006695953,9.38908539567927,9.41758531196735,9.44952294149698,9.4710237490838,9.51090891942277,9.51730968743081,9.57556754172606,9.60708999151944,9.62570866483893,9.66652036039524,9.68929438893623,9.70982348224314,9.74076143331136,9.7597942008038,9.79818317094402,9.86308563977047,9.87004957750451,9.92216129053774,9.93619550030022,9.97510632526067,9.98766496127907,10.0245428751879,10.0541150094108,10.0781900782741,10.0947034503373,10.1558685230267,10.1748060516376,10.1976454453711,10.2257109075073,10.2333970400219,10.2627074423206,10.2887388396187,10.3307673392216,10.3510316615519,10.3996240430772,10.4173517293068,10.4489867765283,10.4838196065611,10.5385968961739,10.5694013396354,10.5991683669077,10.645728942459,10.7120165362539,10.7209074795958,10.7550811746563,10.8115241221418,10.8172023997465,10.8731407882066,10.9323718233209,10.9515785634988,11.0349018159165,11.0530069591682,11.0951832378827,11.1343811150178,11.15969177109,11.1722608849133,11.207948875732,11.20998446696,11.2678462412458,11.3405497676079,11.3937749428895,11.4079203900363,11.433449900243,11.4811186170353,11.4986323882626,11.5556915225166,11.5720022569787,11.6020296968871,11.6054250434204,11.7356009453378,11.7513615313324,11.8082412490273,11.8271236208928,11.8437432850182,11.8910856186542,11.9303930663041,11.9356133190664,12.0134146368918,12.0770482119762,12.1077588600811,12.121604482292,12.1491052903481,12.1979866091535,12.2839297107787,12.2948842245749,12.3300486276154,12.344053494963,12.3916236709092,12.4218386499988,12.4793874287729,12.5211863443652,12.5883145320603,12.6414334566546,12.6683817152996,12.6807971139865,12.7471617260488,12.7862764445109,12.8356797637194,12.8657397103196,12.8854145624294,12.938967122596,12.9683476323027,12.9905090797627,13.0326241937565,13.0734483850767,13.1060504512161,13.1619542921045,13.2268102123345,13.2504841509617,13.2702473233698,13.3639145424563,13.3987119743474,13.4294436504735,13.475062829617,13.4999683919184,13.5251469081236,13.5682139023428,13.6180106821728,13.6403230562369,13.6839674883868,13.7243980449821,13.7575116539615,13.799293174543,13.843015985758,13.9018332992772,13.9304397836897,13.9897430637698,14.0138343090726,14.1242947440981,14.1765847226876,14.1983826473066,14.2367568627744,14.2612475245546,14.3589902957307,14.4137081436871,14.4344497138239,14.4787837304465,14.5154113295819,14.5601728053865,14.611605544642,14.6377324749124,14.7033805569324,14.720707436365,14.8288555203048,14.9050944667686,15.0025209184991,15.0389467866191,15.1212693917715,15.2000588631421,15.2244587324709,15.353945108252,15.3617934937124,15.4184978331078,15.4668974470441,15.4887701674568,15.5523050121443,15.7081781764692,15.7418690561788,15.8118474005906,15.8556451602379,15.9734706799398,16.0822349410041,16.0918761366374,16.2339416851943,16.2632463233659,16.4101406911007,16.5090616996912,16.5218685015259,16.6356296519994,16.7369158414214,16.8150805485176,16.9165840460647,17.0130056026453,17.2486420860855,17.4049040308785,17.5959960001826,17.7897244602639,17.9678224885896,18.0874835853482,18.1269015462609,18.32241634192,18.4224504097117,18.7146818477631,18.8364319914168,18.9760922683429,19.1827751132466,19.4046260454411,19.700404785019,19.9939427530507,20.1312663194918,20.2405176285227,20.6219653821633,21.1787172887574,21.5133570497122,23.3466064250987,NA,NA,NA,NA,NA,NA,NA,NA,NA,NA,NA,NA,NA,NA,NA,NA,NA,NA,NA,NA,NA,NA,NA,NA,NA,NA,NA,NA,NA,NA,NA,NA,NA,NA,NA,NA,NA,NA,NA
0.535347805994956,0.600043990476218,0.718322574521694,0.994659006442158,1.07660454444882,1.27355038557182,1.41318030168279,1.50456114624353,1.52317612271472,1.75666054463568,1.7976422277967,1.80995499064714,1.88310652900523,1.94118371179728,2.19004640717344,2.20302083263084,2.28629743384636,2.42825644927023,2.52765120447611,2.53839538536986,2.61244172632687,2.68124807628617,2.72610537387649,2.78031382098352,2.88759595380696,2.96111215574675,2.99934267875158,3.06158571313214,3.13175778227276,3.16901355288221,3.22761345836655,3.30939403689668,3.38765030444131,3.44860676856422,3.45822433265552,3.4943823334794,3.57713207788775,3.61255458042392,3.70681607584098,3.75736940133087,3.78876326064784,3.82838985416491,3.86585309757563,3.90793223942677,3.93827970588706,4.03986346441936,4.09766166099759,4.13527253359392,4.20633503094681,4.24957222438117,4.26826000082852,4.28458804068541,4.32543817588221,4.39207237500087,4.4105405444064,4.446443860252,4.50855548673894,4.54912570623912,4.61159611597585,4.64502201503552,4.65902677536125,4.7329719180815,4.79843539476282,4.82574172865124,4.85373055135578,4.90613220047497,4.9270527859986,4.97027696321178,5.00458291928422,5.06822929626611,5.08433198074947,5.08873475442274,5.13668491816875,5.15519853850194,5.17517987001164,5.19363561795038,5.21041668695139,5.27249562383754,5.31020176185005,5.33391603205289,5.34685074123351,5.39363750666266,5.43231299335726,5.44959479425057,5.4919414161175,5.52390627913036,5.57778905552943,5.6157362725745,5.63303023147045,5.68283435983198,5.71435912356264,5.72218582320322,5.74106372103394,5.79421640719839,5.84519272785887,5.87563787479613,5.88267554603451,5.91586103199506,5.93113291931898,5.94883500138991,5.96215035103189,5.99843996488387,6.02413401683724,6.04586562670739,6.06787675259358,6.06998416566439,6.13317697352571,6.13631504150696,6.15846908008812,6.20736086514586,6.24724423969593,6.26920477988021,6.32144414499656,6.3340136838322,6.3522579080839,6.36071111246862,6.40038675536751,6.41141271540368,6.43485667924665,6.43685366906276,6.48631414571578,6.50189973153337,6.56438727804804,6.59748475145434,6.60601667180111,6.65461959450255,6.69926847235466,6.72395526873232,6.75325851473609,6.76786721403879,6.81388516223769,6.82739148222962,6.84723765526373,6.87230153468308,6.88060983370392,6.91849106371582,6.93579035692631,6.95802011081823,6.97144247823116,6.99716907430422,7.01812513013277,7.02139117633384,7.05922830662296,7.10950627678896,7.12741139368838,7.15265744764468,7.17335234692334,7.21284246957487,7.21584055424116,7.24371662000068,7.25762572844988,7.28963925491986,7.30336170927804,7.32241263584075,7.35576887334011,7.37771843105325,7.39507398306365,7.43272195404315,7.45117483514874,7.4587493121291,7.4805245758848,7.51165508709814,7.53100461880958,7.55444938135821,7.57392065247301,7.61960563245275,7.6240789793988,7.66126109717086,7.6781184995091,7.69750826779503,7.70968481355785,7.7306002271112,7.77521789686939,7.78513887112975,7.81205907673448,7.85491632303137,7.86109578055967,7.87249116939806,7.88981666296821,7.93786898818999,7.94391271132801,7.96338442608792,8.02597861938211,8.03336635998419,8.07832536141499,8.09013578520871,8.10295863325498,8.10531880951074,8.16584371334747,8.17711939105952,8.20268197224925,8.23694797614721,8.28065248198858,8.28097442136898,8.31122538290584,8.33105913650118,8.36538297185669,8.39058995919552,8.40858639967023,8.43662207669305,8.45632212459985,8.47124417547533,8.50428129423902,8.51183049933178,8.55847095529333,8.58026176063984,8.59888898019918,8.63944272350981,8.64586063877615,8.65268652558212,8.70609117388301,8.73653614294284,8.74696121113115,8.76905964348077,8.7836511726987,8.80616217256478,8.82809140450415,8.87015429782843,8.90750267312509,8.91417158107715,8.94952703787322,9.00294398465118,9.04158307807326,9.07663024972159,9.09450572649857,9.10934852918352,9.13083722389492,9.17363109467006,9.2282195874785,9.24225910025351,9.28915041155414,9.30361840318441,9.32707927122853,9.37849006695953,9.38908539567927,9.41758531196735,9.44952294149698,9.4710237490838,9.51090891942277,9.51730968743081,9.57556754172606,9.60708999151944,9.62570866483893,9.66652036039524,9.68929438893623,9.70982348224314,9.74076143331136,9.7597942008038,9.79818317094402,9.86308563977047,9.87004957750451,9.92216129053774,9.93619550030022,9.97510632526067,9.98766496127907,10.0245428751879,10.0541150094108,10.0781900782741,10.0947034503373,10.1558685230267,10.1748060516376,10.1976454453711,10.2257109075073,10.2333970400219,10.2627074423206,10.2887388396187,10.3307673392216,10.3510316615519,10.3996240430772,10.4173517293068,10.4489867765283,10.4838196065611,10.5385968961739,10.5694013396354,10.5991683669077,10.645728942459,10.7120165362539,10.7209074795958,10.7550811746563,10.8115241221418,10.8172023997465,10.8731407882066,10.9323718233209,10.9515785634988,11.0349018159165,11.0530069591682,11.0951832378827,11.1343811150178,11.15969177109,11.1722608849133,11.207948875732,11.20998446696,11.2678462412458,11.3405497676079,11.3937749428895,11.4079203900363,11.433449900243,11.4811186170353,11.4986323882626,11.5556915225166,11.5720022569787,11.6020296968871,11.6054250434204,11.7356009453378,11.7513615313324,11.8082412490273,11.8271236208928,11.8437432850182,11.8910856186542,11.9303930663041,11.9356133190664,12.0134146368918,12.0770482119762,12.1077588600811,12.121604482292,12.1491052903481,12.1979866091535,12.2839297107787,12.2948842245749,12.3300486276154,12.344053494963,12.3916236709092,12.4218386499988,12.4793874287729,12.5211863443652,12.5883145320603,12.6414334566546,12.6683817152996,12.6807971139865,12.7471617260488,12.7862764445109,12.8356797637194,12.8657397103196,12.8854145624294,12.938967122596,12.9683476323027,12.9905090797627,13.0326241937565,13.0734483850767,13.1060504512161,13.1619542921045,13.2268102123345,13.2504841509617,13.2702473233698,13.3639145424563,13.3987119743474,13.4294436504735,13.475062829617,13.4999683919184,13.5251469081236,13.5682139023428,13.6180106821728,13.6403230562369,13.6839674883868,13.7243980449821,13.7575116539615,13.799293174543,13.843015985758,13.9018332992772,13.9304397836897,13.9897430637698,14.0138343090726,14.1242947440981,14.1765847226876,14.1983826473066,14.2367568627744,14.2612475245546,14.3589902957307,14.4137081436871,14.4344497138239,14.4787837304465,14.5154113295819,14.5601728053865,14.611605544642,14.6377324749124,14.7033805569324,14.720707436365,14.8288555203048,14.9050944667686,15.0025209184991,15.0389467866191,15.1212693917715,15.2000588631421,15.2244587324709,15.353945108252,15.3617934937124,15.4184978331078,15.4668974470441,15.4887701674568,15.5523050121443,15.7081781764692,15.7418690561788,15.8118474005906,15.8556451602379,15.9734706799398,16.0822349410041,16.0918761366374,16.2339416851943,16.2632463233659,16.4101406911007,16.5090616996912,16.5218685015259,16.6356296519994,16.7369158414214,16.8150805485176,16.9165840460647,17.0130056026453,17.2486420860855,17.4049040308785,17.5959960001826,17.7897244602639,17.9678224885896,18.0874835853482,18.1269015462609,18.32241634192,18.4224504097117,18.7146818477631,18.8364319914168,18.9760922683429,19.1827751132466,19.4046260454411,19.700404785019,19.9939427530507,20.1312663194918,20.2405176285227,20.6219653821633,21.1787172887574,21.5133570497122,23.3466064250987,NA,NA,NA,NA,NA,NA,NA,NA,NA,NA,NA,NA,NA,NA,NA,NA,NA,NA,NA,NA,NA,NA,NA,NA,NA,NA,NA,NA,NA,NA,NA,NA,NA,NA,NA,NA,NA,NA,NA
0.535347805994956,0.600043990476218,0.718322574521694,0.994659006442158,1.07660454444882,1.27355038557182,1.41318030168279,1.50456114624353,1.52317612271472,1.75666054463568,1.7976422277967,1.80995499064714,1.88310652900523,1.94118371179728,2.19004640717344,2.20302083263084,2.28629743384636,2.42825644927023,2.52765120447611,2.53839538536986,2.61244172632687,2.68124807628617,2.72610537387649,2.78031382098352,2.88759595380696,2.96111215574675,2.99934267875158,3.06158571313214,3.13175778227276,3.16901355288221,3.22761345836655,3.30939403689668,3.38765030444131,3.44860676856422,3.45822433265552,3.4943823334794,3.57713207788775,3.61255458042392,3.70681607584098,3.75736940133087,3.78876326064784,3.82838985416491,3.86585309757563,3.90793223942677,3.93827970588706,4.03986346441936,4.09766166099759,4.13527253359392,4.20633503094681,4.24957222438117,4.26826000082852,4.28458804068541,4.32543817588221,4.39207237500087,4.4105405444064,4.446443860252,4.50855548673894,4.54912570623912,4.61159611597585,4.64502201503552,4.65902677536125,4.7329719180815,4.79843539476282,4.82574172865124,4.85373055135578,4.90613220047497,4.9270527859986,4.97027696321178,5.00458291928422,5.06822929626611,5.08433198074947,5.08873475442274,5.13668491816875,5.15519853850194,5.17517987001164,5.19363561795038,5.21041668695139,5.27249562383754,5.31020176185005,5.33391603205289,5.34685074123351,5.39363750666266,5.43231299335726,5.44959479425057,5.4919414161175,5.52390627913036,5.57778905552943,5.6157362725745,5.63303023147045,5.68283435983198,5.71435912356264,5.72218582320322,5.74106372103394,5.79421640719839,5.84519272785887,5.87563787479613,5.88267554603451,5.91586103199506,5.93113291931898,5.94883500138991,5.96215035103189,5.99843996488387,6.02413401683724,6.04586562670739,6.06787675259358,6.06998416566439,6.13317697352571,6.13631504150696,6.15846908008812,6.20736086514586,6.24724423969593,6.26920477988021,6.32144414499656,6.3340136838322,6.3522579080839,6.36071111246862,6.40038675536751,6.41141271540368,6.43485667924665,6.43685366906276,6.48631414571578,6.50189973153337,6.56438727804804,6.59748475145434,6.60601667180111,6.65461959450255,6.69926847235466,6.72395526873232,6.75325851473609,6.76786721403879,6.81388516223769,6.82739148222962,6.84723765526373,6.87230153468308,6.88060983370392,6.91849106371582,6.93579035692631,6.95802011081823,6.97144247823116,6.99716907430422,7.01812513013277,7.02139117633384,7.05922830662296,7.10950627678896,7.12741139368838,7.15265744764468,7.17335234692334,7.21284246957487,7.21584055424116,7.24371662000068,7.25762572844988,7.28963925491986,7.30336170927804,7.32241263584075,7.35576887334011,7.37771843105325,7.39507398306365,7.43272195404315,7.45117483514874,7.4587493121291,7.4805245758848,7.51165508709814,7.53100461880958,7.55444938135821,7.57392065247301,7.61960563245275,7.6240789793988,7.66126109717086,7.6781184995091,7.69750826779503,7.70968481355785,7.7306002271112,7.77521789686939,7.78513887112975,7.81205907673448,7.85491632303137,7.86109578055967,7.87249116939806,7.88981666296821,7.93786898818999,7.94391271132801,7.96338442608792,8.02597861938211,8.03336635998419,8.07832536141499,8.09013578520871,8.10295863325498,8.10531880951074,8.16584371334747,8.17711939105952,8.20268197224925,8.23694797614721,8.28065248198858,8.28097442136898,8.31122538290584,8.33105913650118,8.36538297185669,8.39058995919552,8.40858639967023,8.43662207669305,8.45632212459985,8.47124417547533,8.50428129423902,8.51183049933178,8.55847095529333,8.58026176063984,8.59888898019918,8.63944272350981,8.64586063877615,8.65268652558212,8.70609117388301,8.73653614294284,8.74696121113115,8.76905964348077,8.7836511726987,8.80616217256478,8.82809140450415,8.87015429782843,8.90750267312509,8.91417158107715,8.94952703787322,9.00294398465118,9.04158307807326,9.07663024972159,9.09450572649857,9.10934852918352,9.13083722389492,9.17363109467006,9.2282195874785,9.24225910025351,9.28915041155414,9.30361840318441,9.32707927122853,9.37849006695953,9.38908539567927,9.41758531196735,9.44952294149698,9.4710237490838,9.51090891942277,9.51730968743081,9.57556754172606,9.60708999151944,9.62570866483893,9.66652036039524,9.68929438893623,9.70982348224314,9.74076143331136,9.7597942008038,9.79818317094402,9.86308563977047,9.87004957750451,9.92216129053774,9.93619550030022,9.97510632526067,9.98766496127907,10.0245428751879,10.0541150094108,10.0781900782741,10.0947034503373,10.1558685230267,10.1748060516376,10.1976454453711,10.2257109075073,10.2333970400219,10.2627074423206,10.2887388396187,10.3307673392216,10.3510316615519,10.3996240430772,10.4173517293068,10.4489867765283,10.4838196065611,10.5385968961739,10.5694013396354,10.5991683669077,10.645728942459,10.7120165362539,10.7209074795958,10.7550811746563,10.8115241221418,10.8172023997465,10.8731407882066,10.9323718233209,10.9515785634988,11.0349018159165,11.0530069591682,11.0951832378827,11.1343811150178,11.15969177109,11.1722608849133,11.207948875732,11.20998446696,11.2678462412458,11.3405497676079,11.3937749428895,11.4079203900363,11.433449900243,11.4811186170353,11.4986323882626,11.5556915225166,11.5720022569787,11.6020296968871,11.6054250434204,11.7356009453378,11.7513615313324,11.8082412490273,11.8271236208928,11.8437432850182,11.8910856186542,11.9303930663041,11.9356133190664,12.0134146368918,12.0770482119762,12.1077588600811,12.121604482292,12.1491052903481,12.1979866091535,12.2839297107787,12.2948842245749,12.3300486276154,12.344053494963,12.3916236709092,12.4218386499988,12.4793874287729,12.5211863443652,12.5883145320603,12.6414334566546,12.6683817152996,12.6807971139865,12.7471617260488,12.7862764445109,12.8356797637194,12.8657397103196,12.8854145624294,12.938967122596,12.9683476323027,12.9905090797627,13.0326241937565,13.0734483850767,13.1060504512161,13.1619542921045,13.2268102123345,13.2504841509617,13.2702473233698,13.3639145424563,13.3987119743474,13.4294436504735,13.475062829617,13.4999683919184,13.5251469081236,13.5682139023428,13.6180106821728,13.6403230562369,13.6839674883868,13.7243980449821,13.7575116539615,13.799293174543,13.843015985758,13.9018332992772,13.9304397836897,13.9897430637698,14.0138343090726,14.1242947440981,14.1765847226876,14.1983826473066,14.2367568627744,14.2612475245546,14.3589902957307,14.4137081436871,14.4344497138239,14.4787837304465,14.5154113295819,14.5601728053865,14.611605544642,14.6377324749124,14.7033805569324,14.720707436365,14.8288555203048,14.9050944667686,15.0025209184991,15.0389467866191,15.1212693917715,15.2000588631421,15.2244587324709,15.353945108252,15.3617934937124,15.4184978331078,15.4668974470441,15.4887701674568,15.5523050121443,15.7081781764692,15.7418690561788,15.8118474005906,15.8556451602379,15.9734706799398,16.0822349410041,16.0918761366374,16.2339416851943,16.2632463233659,16.4101406911007,16.5090616996912,16.5218685015259,16.6356296519994,16.7369158414214,16.8150805485176,16.9165840460647,17.0130056026453,17.2486420860855,17.4049040308785,17.5959960001826,17.7897244602639,17.9678224885896,18.0874835853482,18.1269015462609,18.32241634192,18.4224504097117,18.7146818477631,18.8364319914168,18.9760922683429,19.1827751132466,19.4046260454411,19.700404785019,19.9939427530507,20.1312663194918,20.2405176285227,20.6219653821633,21.1787172887574,21.5133570497122,23.3466064250987,NA,NA,NA,NA,NA,NA,NA,NA,NA,NA,NA,NA,NA,NA,NA,NA,NA,NA,NA,NA,NA,NA,NA,NA,NA,NA,NA,NA,NA,NA,NA,NA,NA,NA,NA,NA,NA,NA,NA
0.535347805994956,0.600043990476218,0.718322574521694,0.994659006442158,1.07660454444882,1.27355038557182,1.41318030168279,1.50456114624353,1.52317612271472,1.75666054463568,1.7976422277967,1.80995499064714,1.88310652900523,1.94118371179728,2.19004640717344,2.20302083263084,2.28629743384636,2.42825644927023,2.52765120447611,2.53839538536986,2.61244172632687,2.68124807628617,2.72610537387649,2.78031382098352,2.88759595380696,2.96111215574675,2.99934267875158,3.06158571313214,3.13175778227276,3.16901355288221,3.22761345836655,3.30939403689668,3.38765030444131,3.44860676856422,3.45822433265552,3.4943823334794,3.57713207788775,3.61255458042392,3.70681607584098,3.75736940133087,3.78876326064784,3.82838985416491,3.86585309757563,3.90793223942677,3.93827970588706,4.03986346441936,4.09766166099759,4.13527253359392,4.20633503094681,4.24957222438117,4.26826000082852,4.28458804068541,4.32543817588221,4.39207237500087,4.4105405444064,4.446443860252,4.50855548673894,4.54912570623912,4.61159611597585,4.64502201503552,4.65902677536125,4.7329719180815,4.79843539476282,4.82574172865124,4.85373055135578,4.90613220047497,4.9270527859986,4.97027696321178,5.00458291928422,5.06822929626611,5.08433198074947,5.08873475442274,5.13668491816875,5.15519853850194,5.17517987001164,5.19363561795038,5.21041668695139,5.27249562383754,5.31020176185005,5.33391603205289,5.34685074123351,5.39363750666266,5.43231299335726,5.44959479425057,5.4919414161175,5.52390627913036,5.57778905552943,5.6157362725745,5.63303023147045,5.68283435983198,5.71435912356264,5.72218582320322,5.74106372103394,5.79421640719839,5.84519272785887,5.87563787479613,5.88267554603451,5.91586103199506,5.93113291931898,5.94883500138991,5.96215035103189,5.99843996488387,6.02413401683724,6.04586562670739,6.06787675259358,6.06998416566439,6.13317697352571,6.13631504150696,6.15846908008812,6.20736086514586,6.24724423969593,6.26920477988021,6.32144414499656,6.3340136838322,6.3522579080839,6.36071111246862,6.40038675536751,6.41141271540368,6.43485667924665,6.43685366906276,6.48631414571578,6.50189973153337,6.56438727804804,6.59748475145434,6.60601667180111,6.65461959450255,6.69926847235466,6.72395526873232,6.75325851473609,6.76786721403879,6.81388516223769,6.82739148222962,6.84723765526373,6.87230153468308,6.88060983370392,6.91849106371582,6.93579035692631,6.95802011081823,6.97144247823116,6.99716907430422,7.01812513013277,7.02139117633384,7.05922830662296,7.10950627678896,7.12741139368838,7.15265744764468,7.17335234692334,7.21284246957487,7.21584055424116,7.24371662000068,7.25762572844988,7.28963925491986,7.30336170927804,7.32241263584075,7.35576887334011,7.37771843105325,7.39507398306365,7.43272195404315,7.45117483514874,7.4587493121291,7.4805245758848,7.51165508709814,7.53100461880958,7.55444938135821,7.57392065247301,7.61960563245275,7.6240789793988,7.66126109717086,7.6781184995091,7.69750826779503,7.70968481355785,7.7306002271112,7.77521789686939,7.78513887112975,7.81205907673448,7.85491632303137,7.86109578055967,7.87249116939806,7.88981666296821,7.93786898818999,7.94391271132801,7.96338442608792,8.02597861938211,8.03336635998419,8.07832536141499,8.09013578520871,8.10295863325498,8.10531880951074,8.16584371334747,8.17711939105952,8.20268197224925,8.23694797614721,8.28065248198858,8.28097442136898,8.31122538290584,8.33105913650118,8.36538297185669,8.39058995919552,8.40858639967023,8.43662207669305,8.45632212459985,8.47124417547533,8.50428129423902,8.51183049933178,8.55847095529333,8.58026176063984,8.59888898019918,8.63944272350981,8.64586063877615,8.65268652558212,8.70609117388301,8.73653614294284,8.74696121113115,8.76905964348077,8.7836511726987,8.80616217256478,8.82809140450415,8.87015429782843,8.90750267312509,8.91417158107715,8.94952703787322,9.00294398465118,9.04158307807326,9.07663024972159,9.09450572649857,9.10934852918352,9.13083722389492,9.17363109467006,9.2282195874785,9.24225910025351,9.28915041155414,9.30361840318441,9.32707927122853,9.37849006695953,9.38908539567927,9.41758531196735,9.44952294149698,9.4710237490838,9.51090891942277,9.51730968743081,9.57556754172606,9.60708999151944,9.62570866483893,9.66652036039524,9.68929438893623,9.70982348224314,9.74076143331136,9.7597942008038,9.79818317094402,9.86308563977047,9.87004957750451,9.92216129053774,9.93619550030022,9.97510632526067,9.98766496127907,10.0245428751879,10.0541150094108,10.0781900782741,10.0947034503373,10.1558685230267,10.1748060516376,10.1976454453711,10.2257109075073,10.2333970400219,10.2627074423206,10.2887388396187,10.3307673392216,10.3510316615519,10.3996240430772,10.4173517293068,10.4489867765283,10.4838196065611,10.5385968961739,10.5694013396354,10.5991683669077,10.645728942459,10.7120165362539,10.7209074795958,10.7550811746563,10.8115241221418,10.8172023997465,10.8731407882066,10.9323718233209,10.9515785634988,11.0349018159165,11.0530069591682,11.0951832378827,11.1343811150178,11.15969177109,11.1722608849133,11.207948875732,11.20998446696,11.2678462412458,11.3405497676079,11.3937749428895,11.4079203900363,11.433449900243,11.4811186170353,11.4986323882626,11.5556915225166,11.5720022569787,11.6020296968871,11.6054250434204,11.7356009453378,11.7513615313324,11.8082412490273,11.8271236208928,11.8437432850182,11.8910856186542,11.9303930663041,11.9356133190664,12.0134146368918,12.0770482119762,12.1077588600811,12.121604482292,12.1491052903481,12.1979866091535,12.2839297107787,12.2948842245749,12.3300486276154,12.344053494963,12.3916236709092,12.4218386499988,12.4793874287729,12.5211863443652,12.5883145320603,12.6414334566546,12.6683817152996,12.6807971139865,12.7471617260488,12.7862764445109,12.8356797637194,12.8657397103196,12.8854145624294,12.938967122596,12.9683476323027,12.9905090797627,13.0326241937565,13.0734483850767,13.1060504512161,13.1619542921045,13.2268102123345,13.2504841509617,13.2702473233698,13.3639145424563,13.3987119743474,13.4294436504735,13.475062829617,13.4999683919184,13.5251469081236,13.5682139023428,13.6180106821728,13.6403230562369,13.6839674883868,13.7243980449821,13.7575116539615,13.799293174543,13.843015985758,13.9018332992772,13.9304397836897,13.9897430637698,14.0138343090726,14.1242947440981,14.1765847226876,14.1983826473066,14.2367568627744,14.2612475245546,14.3589902957307,14.4137081436871,14.4344497138239,14.4787837304465,14.5154113295819,14.5601728053865,14.611605544642,14.6377324749124,14.7033805569324,14.720707436365,14.8288555203048,14.9050944667686,15.0025209184991,15.0389467866191,15.1212693917715,15.2000588631421,15.2244587324709,15.353945108252,15.3617934937124,15.4184978331078,15.4668974470441,15.4887701674568,15.5523050121443,15.7081781764692,15.7418690561788,15.8118474005906,15.8556451602379,15.9734706799398,16.0822349410041,16.0918761366374,16.2339416851943,16.2632463233659,16.4101406911007,16.5090616996912,16.5218685015259,16.6356296519994,16.7369158414214,16.8150805485176,16.9165840460647,17.0130056026453,17.2486420860855,17.4049040308785,17.5959960001826,17.7897244602639,17.9678224885896,18.0874835853482,18.1269015462609,18.32241634192,18.4224504097117,18.7146818477631,18.8364319914168,18.9760922683429,19.1827751132466,19.4046260454411,19.700404785019,19.9939427530507,20.1312663194918,20.2405176285227,20.6219653821633,21.1787172887574,21.5133570497122,23.3466064250987,NA,NA,NA,NA,NA,NA,NA,NA,NA,NA,NA,NA,NA,NA,NA,NA,NA,NA,NA,NA,NA,NA,NA,NA,NA,NA,NA,NA,NA,NA,NA,NA,NA,NA,NA,NA,NA,NA,NA
0.535347805994956,0.600043990476218,0.718322574521694,0.994659006442158,1.07660454444882,1.27355038557182,1.41318030168279,1.50456114624353,1.52317612271472,1.75666054463568,1.7976422277967,1.80995499064714,1.88310652900523,1.94118371179728,2.19004640717344,2.20302083263084,2.28629743384636,2.42825644927023,2.52765120447611,2.53839538536986,2.61244172632687,2.68124807628617,2.72610537387649,2.78031382098352,2.88759595380696,2.96111215574675,2.99934267875158,3.06158571313214,3.13175778227276,3.16901355288221,3.22761345836655,3.30939403689668,3.38765030444131,3.44860676856422,3.45822433265552,3.4943823334794,3.57713207788775,3.61255458042392,3.70681607584098,3.75736940133087,3.78876326064784,3.82838985416491,3.86585309757563,3.90793223942677,3.93827970588706,4.03986346441936,4.09766166099759,4.13527253359392,4.20633503094681,4.24957222438117,4.26826000082852,4.28458804068541,4.32543817588221,4.39207237500087,4.4105405444064,4.446443860252,4.50855548673894,4.54912570623912,4.61159611597585,4.64502201503552,4.65902677536125,4.7329719180815,4.79843539476282,4.82574172865124,4.85373055135578,4.90613220047497,4.9270527859986,4.97027696321178,5.00458291928422,5.06822929626611,5.08433198074947,5.08873475442274,5.13668491816875,5.15519853850194,5.17517987001164,5.19363561795038,5.21041668695139,5.27249562383754,5.31020176185005,5.33391603205289,5.34685074123351,5.39363750666266,5.43231299335726,5.44959479425057,5.4919414161175,5.52390627913036,5.57778905552943,5.6157362725745,5.63303023147045,5.68283435983198,5.71435912356264,5.72218582320322,5.74106372103394,5.79421640719839,5.84519272785887,5.87563787479613,5.88267554603451,5.91586103199506,5.93113291931898,5.94883500138991,5.96215035103189,5.99843996488387,6.02413401683724,6.04586562670739,6.06787675259358,6.06998416566439,6.13317697352571,6.13631504150696,6.15846908008812,6.20736086514586,6.24724423969593,6.26920477988021,6.32144414499656,6.3340136838322,6.3522579080839,6.36071111246862,6.40038675536751,6.41141271540368,6.43485667924665,6.43685366906276,6.48631414571578,6.50189973153337,6.56438727804804,6.59748475145434,6.60601667180111,6.65461959450255,6.69926847235466,6.72395526873232,6.75325851473609,6.76786721403879,6.81388516223769,6.82739148222962,6.84723765526373,6.87230153468308,6.88060983370392,6.91849106371582,6.93579035692631,6.95802011081823,6.97144247823116,6.99716907430422,7.01812513013277,7.02139117633384,7.05922830662296,7.10950627678896,7.12741139368838,7.15265744764468,7.17335234692334,7.21284246957487,7.21584055424116,7.24371662000068,7.25762572844988,7.28963925491986,7.30336170927804,7.32241263584075,7.35576887334011,7.37771843105325,7.39507398306365,7.43272195404315,7.45117483514874,7.4587493121291,7.4805245758848,7.51165508709814,7.53100461880958,7.55444938135821,7.57392065247301,7.61960563245275,7.6240789793988,7.66126109717086,7.6781184995091,7.69750826779503,7.70968481355785,7.7306002271112,7.77521789686939,7.78513887112975,7.81205907673448,7.85491632303137,7.86109578055967,7.87249116939806,7.88981666296821,7.93786898818999,7.94391271132801,7.96338442608792,8.02597861938211,8.03336635998419,8.07832536141499,8.09013578520871,8.10295863325498,8.10531880951074,8.16584371334747,8.17711939105952,8.20268197224925,8.23694797614721,8.28065248198858,8.28097442136898,8.31122538290584,8.33105913650118,8.36538297185669,8.39058995919552,8.40858639967023,8.43662207669305,8.45632212459985,8.47124417547533,8.50428129423902,8.51183049933178,8.55847095529333,8.58026176063984,8.59888898019918,8.63944272350981,8.64586063877615,8.65268652558212,8.70609117388301,8.73653614294284,8.74696121113115,8.76905964348077,8.7836511726987,8.80616217256478,8.82809140450415,8.87015429782843,8.90750267312509,8.91417158107715,8.94952703787322,9.00294398465118,9.04158307807326,9.07663024972159,9.09450572649857,9.10934852918352,9.13083722389492,9.17363109467006,9.2282195874785,9.24225910025351,9.28915041155414,9.30361840318441,9.32707927122853,9.37849006695953,9.38908539567927,9.41758531196735,9.44952294149698,9.4710237490838,9.51090891942277,9.51730968743081,9.57556754172606,9.60708999151944,9.62570866483893,9.66652036039524,9.68929438893623,9.70982348224314,9.74076143331136,9.7597942008038,9.79818317094402,9.86308563977047,9.87004957750451,9.92216129053774,9.93619550030022,9.97510632526067,9.98766496127907,10.0245428751879,10.0541150094108,10.0781900782741,10.0947034503373,10.1558685230267,10.1748060516376,10.1976454453711,10.2257109075073,10.2333970400219,10.2627074423206,10.2887388396187,10.3307673392216,10.3510316615519,10.3996240430772,10.4173517293068,10.4489867765283,10.4838196065611,10.5385968961739,10.5694013396354,10.5991683669077,10.645728942459,10.7120165362539,10.7209074795958,10.7550811746563,10.8115241221418,10.8172023997465,10.8731407882066,10.9323718233209,10.9515785634988,11.0349018159165,11.0530069591682,11.0951832378827,11.1343811150178,11.15969177109,11.1722608849133,11.207948875732,11.20998446696,11.2678462412458,11.3405497676079,11.3937749428895,11.4079203900363,11.433449900243,11.4811186170353,11.4986323882626,11.5556915225166,11.5720022569787,11.6020296968871,11.6054250434204,11.7356009453378,11.7513615313324,11.8082412490273,11.8271236208928,11.8437432850182,11.8910856186542,11.9303930663041,11.9356133190664,12.0134146368918,12.0770482119762,12.1077588600811,12.121604482292,12.1491052903481,12.1979866091535,12.2839297107787,12.2948842245749,12.3300486276154,12.344053494963,12.3916236709092,12.4218386499988,12.4793874287729,12.5211863443652,12.5883145320603,12.6414334566546,12.6683817152996,12.6807971139865,12.7471617260488,12.7862764445109,12.8356797637194,12.8657397103196,12.8854145624294,12.938967122596,12.9683476323027,12.9905090797627,13.0326241937565,13.0734483850767,13.1060504512161,13.1619542921045,13.2268102123345,13.2504841509617,13.2702473233698,13.3639145424563,13.3987119743474,13.4294436504735,13.475062829617,13.4999683919184,13.5251469081236,13.5682139023428,13.6180106821728,13.6403230562369,13.6839674883868,13.7243980449821,13.7575116539615,13.799293174543,13.843015985758,13.9018332992772,13.9304397836897,13.9897430637698,14.0138343090726,14.1242947440981,14.1765847226876,14.1983826473066,14.2367568627744,14.2612475245546,14.3589902957307,14.4137081436871,14.4344497138239,14.4787837304465,14.5154113295819,14.5601728053865,14.611605544642,14.6377324749124,14.7033805569324,14.720707436365,14.8288555203048,14.9050944667686,15.0025209184991,15.0389467866191,15.1212693917715,15.2000588631421,15.2244587324709,15.353945108252,15.3617934937124,15.4184978331078,15.4668974470441,15.4887701674568,15.5523050121443,15.7081781764692,15.7418690561788,15.8118474005906,15.8556451602379,15.9734706799398,16.0822349410041,16.0918761366374,16.2339416851943,16.2632463233659,16.4101406911007,16.5090616996912,16.5218685015259,16.6356296519994,16.7369158414214,16.8150805485176,16.9165840460647,17.0130056026453,17.2486420860855,17.4049040308785,17.5959960001826,17.7897244602639,17.9678224885896,18.0874835853482,18.1269015462609,18.32241634192,18.4224504097117,18.7146818477631,18.8364319914168,18.9760922683429,19.1827751132466,19.4046260454411,19.700404785019,19.9939427530507,20.1312663194918,20.2405176285227,20.6219653821633,21.1787172887574,21.5133570497122,23.3466064250987,NA,NA,NA,NA,NA,NA,NA,NA,NA,NA,NA,NA,NA,NA,NA,NA,NA,NA,NA,NA,NA,NA,NA,NA,NA,NA,NA,NA,NA,NA,NA,NA,NA,NA,NA,NA,NA,NA,NA
0.535347805994956,0.600043990476218,0.718322574521694,0.994659006442158,1.07660454444882,1.27355038557182,1.41318030168279,1.50456114624353,1.52317612271472,1.75666054463568,1.7976422277967,1.80995499064714,1.88310652900523,1.94118371179728,2.19004640717344,2.20302083263084,2.28629743384636,2.42825644927023,2.52765120447611,2.53839538536986,2.61244172632687,2.68124807628617,2.72610537387649,2.78031382098352,2.88759595380696,2.96111215574675,2.99934267875158,3.06158571313214,3.13175778227276,3.16901355288221,3.22761345836655,3.30939403689668,3.38765030444131,3.44860676856422,3.45822433265552,3.4943823334794,3.57713207788775,3.61255458042392,3.70681607584098,3.75736940133087,3.78876326064784,3.82838985416491,3.86585309757563,3.90793223942677,3.93827970588706,4.03986346441936,4.09766166099759,4.13527253359392,4.20633503094681,4.24957222438117,4.26826000082852,4.28458804068541,4.32543817588221,4.39207237500087,4.4105405444064,4.446443860252,4.50855548673894,4.54912570623912,4.61159611597585,4.64502201503552,4.65902677536125,4.7329719180815,4.79843539476282,4.82574172865124,4.85373055135578,4.90613220047497,4.9270527859986,4.97027696321178,5.00458291928422,5.06822929626611,5.08433198074947,5.08873475442274,5.13668491816875,5.15519853850194,5.17517987001164,5.19363561795038,5.21041668695139,5.27249562383754,5.31020176185005,5.33391603205289,5.34685074123351,5.39363750666266,5.43231299335726,5.44959479425057,5.4919414161175,5.52390627913036,5.57778905552943,5.6157362725745,5.63303023147045,5.68283435983198,5.71435912356264,5.72218582320322,5.74106372103394,5.79421640719839,5.84519272785887,5.87563787479613,5.88267554603451,5.91586103199506,5.93113291931898,5.94883500138991,5.96215035103189,5.99843996488387,6.02413401683724,6.04586562670739,6.06787675259358,6.06998416566439,6.13317697352571,6.13631504150696,6.15846908008812,6.20736086514586,6.24724423969593,6.26920477988021,6.32144414499656,6.3340136838322,6.3522579080839,6.36071111246862,6.40038675536751,6.41141271540368,6.43485667924665,6.43685366906276,6.48631414571578,6.50189973153337,6.56438727804804,6.59748475145434,6.60601667180111,6.65461959450255,6.69926847235466,6.72395526873232,6.75325851473609,6.76786721403879,6.81388516223769,6.82739148222962,6.84723765526373,6.87230153468308,6.88060983370392,6.91849106371582,6.93579035692631,6.95802011081823,6.97144247823116,6.99716907430422,7.01812513013277,7.02139117633384,7.05922830662296,7.10950627678896,7.12741139368838,7.15265744764468,7.17335234692334,7.21284246957487,7.21584055424116,7.24371662000068,7.25762572844988,7.28963925491986,7.30336170927804,7.32241263584075,7.35576887334011,7.37771843105325,7.39507398306365,7.43272195404315,7.45117483514874,7.4587493121291,7.4805245758848,7.51165508709814,7.53100461880958,7.55444938135821,7.57392065247301,7.61960563245275,7.6240789793988,7.66126109717086,7.6781184995091,7.69750826779503,7.70968481355785,7.7306002271112,7.77521789686939,7.78513887112975,7.81205907673448,7.85491632303137,7.86109578055967,7.87249116939806,7.88981666296821,7.93786898818999,7.94391271132801,7.96338442608792,8.02597861938211,8.03336635998419,8.07832536141499,8.09013578520871,8.10295863325498,8.10531880951074,8.16584371334747,8.17711939105952,8.20268197224925,8.23694797614721,8.28065248198858,8.28097442136898,8.31122538290584,8.33105913650118,8.36538297185669,8.39058995919552,8.40858639967023,8.43662207669305,8.45632212459985,8.47124417547533,8.50428129423902,8.51183049933178,8.55847095529333,8.58026176063984,8.59888898019918,8.63944272350981,8.64586063877615,8.65268652558212,8.70609117388301,8.73653614294284,8.74696121113115,8.76905964348077,8.7836511726987,8.80616217256478,8.82809140450415,8.87015429782843,8.90750267312509,8.91417158107715,8.94952703787322,9.00294398465118,9.04158307807326,9.07663024972159,9.09450572649857,9.10934852918352,9.13083722389492,9.17363109467006,9.2282195874785,9.24225910025351,9.28915041155414,9.30361840318441,9.32707927122853,9.37849006695953,9.38908539567927,9.41758531196735,9.44952294149698,9.4710237490838,9.51090891942277,9.51730968743081,9.57556754172606,9.60708999151944,9.62570866483893,9.66652036039524,9.68929438893623,9.70982348224314,9.74076143331136,9.7597942008038,9.79818317094402,9.86308563977047,9.87004957750451,9.92216129053774,9.93619550030022,9.97510632526067,9.98766496127907,10.0245428751879,10.0541150094108,10.0781900782741,10.0947034503373,10.1558685230267,10.1748060516376,10.1976454453711,10.2257109075073,10.2333970400219,10.2627074423206,10.2887388396187,10.3307673392216,10.3510316615519,10.3996240430772,10.4173517293068,10.4489867765283,10.4838196065611,10.5385968961739,10.5694013396354,10.5991683669077,10.645728942459,10.7120165362539,10.7209074795958,10.7550811746563,10.8115241221418,10.8172023997465,10.8731407882066,10.9323718233209,10.9515785634988,11.0349018159165,11.0530069591682,11.0951832378827,11.1343811150178,11.15969177109,11.1722608849133,11.207948875732,11.20998446696,11.2678462412458,11.3405497676079,11.3937749428895,11.4079203900363,11.433449900243,11.4811186170353,11.4986323882626,11.5556915225166,11.5720022569787,11.6020296968871,11.6054250434204,11.7356009453378,11.7513615313324,11.8082412490273,11.8271236208928,11.8437432850182,11.8910856186542,11.9303930663041,11.9356133190664,12.0134146368918,12.0770482119762,12.1077588600811,12.121604482292,12.1491052903481,12.1979866091535,12.2839297107787,12.2948842245749,12.3300486276154,12.344053494963,12.3916236709092,12.4218386499988,12.4793874287729,12.5211863443652,12.5883145320603,12.6414334566546,12.6683817152996,12.6807971139865,12.7471617260488,12.7862764445109,12.8356797637194,12.8657397103196,12.8854145624294,12.938967122596,12.9683476323027,12.9905090797627,13.0326241937565,13.0734483850767,13.1060504512161,13.1619542921045,13.2268102123345,13.2504841509617,13.2702473233698,13.3639145424563,13.3987119743474,13.4294436504735,13.475062829617,13.4999683919184,13.5251469081236,13.5682139023428,13.6180106821728,13.6403230562369,13.6839674883868,13.7243980449821,13.7575116539615,13.799293174543,13.843015985758,13.9018332992772,13.9304397836897,13.9897430637698,14.0138343090726,14.1242947440981,14.1765847226876,14.1983826473066,14.2367568627744,14.2612475245546,14.3589902957307,14.4137081436871,14.4344497138239,14.4787837304465,14.5154113295819,14.5601728053865,14.611605544642,14.6377324749124,14.7033805569324,14.720707436365,14.8288555203048,14.9050944667686,15.0025209184991,15.0389467866191,15.1212693917715,15.2000588631421,15.2244587324709,15.353945108252,15.3617934937124,15.4184978331078,15.4668974470441,15.4887701674568,15.5523050121443,15.7081781764692,15.7418690561788,15.8118474005906,15.8556451602379,15.9734706799398,16.0822349410041,16.0918761366374,16.2339416851943,16.2632463233659,16.4101406911007,16.5090616996912,16.5218685015259,16.6356296519994,16.7369158414214,16.8150805485176,16.9165840460647,17.0130056026453,17.2486420860855,17.4049040308785,17.5959960001826,17.7897244602639,17.9678224885896,18.0874835853482,18.1269015462609,18.32241634192,18.4224504097117,18.7146818477631,18.8364319914168,18.9760922683429,19.1827751132466,19.4046260454411,19.700404785019,19.9939427530507,20.1312663194918,20.2405176285227,20.6219653821633,21.1787172887574,21.5133570497122,23.3466064250987,NA,NA,NA,NA,NA,NA,NA,NA,NA,NA,NA,NA,NA,NA,NA,NA,NA,NA,NA,NA,NA,NA,NA,NA,NA,NA,NA,NA,NA,NA,NA,NA,NA,NA,NA,NA,NA,NA,NA
0.535347805994956,0.600043990476218,0.718322574521694,0.994659006442158,1.07660454444882,1.27355038557182,1.41318030168279,1.50456114624353,1.52317612271472,1.75666054463568,1.7976422277967,1.80995499064714,1.88310652900523,1.94118371179728,2.19004640717344,2.20302083263084,2.28629743384636,2.42825644927023,2.52765120447611,2.53839538536986,2.61244172632687,2.68124807628617,2.72610537387649,2.78031382098352,2.88759595380696,2.96111215574675,2.99934267875158,3.06158571313214,3.13175778227276,3.16901355288221,3.22761345836655,3.30939403689668,3.38765030444131,3.44860676856422,3.45822433265552,3.4943823334794,3.57713207788775,3.61255458042392,3.70681607584098,3.75736940133087,3.78876326064784,3.82838985416491,3.86585309757563,3.90793223942677,3.93827970588706,4.03986346441936,4.09766166099759,4.13527253359392,4.20633503094681,4.24957222438117,4.26826000082852,4.28458804068541,4.32543817588221,4.39207237500087,4.4105405444064,4.446443860252,4.50855548673894,4.54912570623912,4.61159611597585,4.64502201503552,4.65902677536125,4.7329719180815,4.79843539476282,4.82574172865124,4.85373055135578,4.90613220047497,4.9270527859986,4.97027696321178,5.00458291928422,5.06822929626611,5.08433198074947,5.08873475442274,5.13668491816875,5.15519853850194,5.17517987001164,5.19363561795038,5.21041668695139,5.27249562383754,5.31020176185005,5.33391603205289,5.34685074123351,5.39363750666266,5.43231299335726,5.44959479425057,5.4919414161175,5.52390627913036,5.57778905552943,5.6157362725745,5.63303023147045,5.68283435983198,5.71435912356264,5.72218582320322,5.74106372103394,5.79421640719839,5.84519272785887,5.87563787479613,5.88267554603451,5.91586103199506,5.93113291931898,5.94883500138991,5.96215035103189,5.99843996488387,6.02413401683724,6.04586562670739,6.06787675259358,6.06998416566439,6.13317697352571,6.13631504150696,6.15846908008812,6.20736086514586,6.24724423969593,6.26920477988021,6.32144414499656,6.3340136838322,6.3522579080839,6.36071111246862,6.40038675536751,6.41141271540368,6.43485667924665,6.43685366906276,6.48631414571578,6.50189973153337,6.56438727804804,6.59748475145434,6.60601667180111,6.65461959450255,6.69926847235466,6.72395526873232,6.75325851473609,6.76786721403879,6.81388516223769,6.82739148222962,6.84723765526373,6.87230153468308,6.88060983370392,6.91849106371582,6.93579035692631,6.95802011081823,6.97144247823116,6.99716907430422,7.01812513013277,7.02139117633384,7.05922830662296,7.10950627678896,7.12741139368838,7.15265744764468,7.17335234692334,7.21284246957487,7.21584055424116,7.24371662000068,7.25762572844988,7.28963925491986,7.30336170927804,7.32241263584075,7.35576887334011,7.37771843105325,7.39507398306365,7.43272195404315,7.45117483514874,7.4587493121291,7.4805245758848,7.51165508709814,7.53100461880958,7.55444938135821,7.57392065247301,7.61960563245275,7.6240789793988,7.66126109717086,7.6781184995091,7.69750826779503,7.70968481355785,7.7306002271112,7.77521789686939,7.78513887112975,7.81205907673448,7.85491632303137,7.86109578055967,7.87249116939806,7.88981666296821,7.93786898818999,7.94391271132801,7.96338442608792,8.02597861938211,8.03336635998419,8.07832536141499,8.09013578520871,8.10295863325498,8.10531880951074,8.16584371334747,8.17711939105952,8.20268197224925,8.23694797614721,8.28065248198858,8.28097442136898,8.31122538290584,8.33105913650118,8.36538297185669,8.39058995919552,8.40858639967023,8.43662207669305,8.45632212459985,8.47124417547533,8.50428129423902,8.51183049933178,8.55847095529333,8.58026176063984,8.59888898019918,8.63944272350981,8.64586063877615,8.65268652558212,8.70609117388301,8.73653614294284,8.74696121113115,8.76905964348077,8.7836511726987,8.80616217256478,8.82809140450415,8.87015429782843,8.90750267312509,8.91417158107715,8.94952703787322,9.00294398465118,9.04158307807326,9.07663024972159,9.09450572649857,9.10934852918352,9.13083722389492,9.17363109467006,9.2282195874785,9.24225910025351,9.28915041155414,9.30361840318441,9.32707927122853,9.37849006695953,9.38908539567927,9.41758531196735,9.44952294149698,9.4710237490838,9.51090891942277,9.51730968743081,9.57556754172606,9.60708999151944,9.62570866483893,9.66652036039524,9.68929438893623,9.70982348224314,9.74076143331136,9.7597942008038,9.79818317094402,9.86308563977047,9.87004957750451,9.92216129053774,9.93619550030022,9.97510632526067,9.98766496127907,10.0245428751879,10.0541150094108,10.0781900782741,10.0947034503373,10.1558685230267,10.1748060516376,10.1976454453711,10.2257109075073,10.2333970400219,10.2627074423206,10.2887388396187,10.3307673392216,10.3510316615519,10.3996240430772,10.4173517293068,10.4489867765283,10.4838196065611,10.5385968961739,10.5694013396354,10.5991683669077,10.645728942459,10.7120165362539,10.7209074795958,10.7550811746563,10.8115241221418,10.8172023997465,10.8731407882066,10.9323718233209,10.9515785634988,11.0349018159165,11.0530069591682,11.0951832378827,11.1343811150178,11.15969177109,11.1722608849133,11.207948875732,11.20998446696,11.2678462412458,11.3405497676079,11.3937749428895,11.4079203900363,11.433449900243,11.4811186170353,11.4986323882626,11.5556915225166,11.5720022569787,11.6020296968871,11.6054250434204,11.7356009453378,11.7513615313324,11.8082412490273,11.8271236208928,11.8437432850182,11.8910856186542,11.9303930663041,11.9356133190664,12.0134146368918,12.0770482119762,12.1077588600811,12.121604482292,12.1491052903481,12.1979866091535,12.2839297107787,12.2948842245749,12.3300486276154,12.344053494963,12.3916236709092,12.4218386499988,12.4793874287729,12.5211863443652,12.5883145320603,12.6414334566546,12.6683817152996,12.6807971139865,12.7471617260488,12.7862764445109,12.8356797637194,12.8657397103196,12.8854145624294,12.938967122596,12.9683476323027,12.9905090797627,13.0326241937565,13.0734483850767,13.1060504512161,13.1619542921045,13.2268102123345,13.2504841509617,13.2702473233698,13.3639145424563,13.3987119743474,13.4294436504735,13.475062829617,13.4999683919184,13.5251469081236,13.5682139023428,13.6180106821728,13.6403230562369,13.6839674883868,13.7243980449821,13.7575116539615,13.799293174543,13.843015985758,13.9018332992772,13.9304397836897,13.9897430637698,14.0138343090726,14.1242947440981,14.1765847226876,14.1983826473066,14.2367568627744,14.2612475245546,14.3589902957307,14.4137081436871,14.4344497138239,14.4787837304465,14.5154113295819,14.5601728053865,14.611605544642,14.6377324749124,14.7033805569324,14.720707436365,14.8288555203048,14.9050944667686,15.0025209184991,15.0389467866191,15.1212693917715,15.2000588631421,15.2244587324709,15.353945108252,15.3617934937124,15.4184978331078,15.4668974470441,15.4887701674568,15.5523050121443,15.7081781764692,15.7418690561788,15.8118474005906,15.8556451602379,15.9734706799398,16.0822349410041,16.0918761366374,16.2339416851943,16.2632463233659,16.4101406911007,16.5090616996912,16.5218685015259,16.6356296519994,16.7369158414214,16.8150805485176,16.9165840460647,17.0130056026453,17.2486420860855,17.4049040308785,17.5959960001826,17.7897244602639,17.9678224885896,18.0874835853482,18.1269015462609,18.32241634192,18.4224504097117,18.7146818477631,18.8364319914168,18.9760922683429,19.1827751132466,19.4046260454411,19.700404785019,19.9939427530507,20.1312663194918,20.2405176285227,20.6219653821633,21.1787172887574,21.5133570497122,23.3466064250987,NA,NA,NA,NA,NA,NA,NA,NA,NA,NA,NA,NA,NA,NA,NA,NA,NA,NA,NA,NA,NA,NA,NA,NA,NA,NA,NA,NA,NA,NA,NA,NA,NA,NA,NA,NA,NA,NA,NA
0.535347805994956,0.600043990476218,0.718322574521694,0.994659006442158,1.07660454444882,1.27355038557182,1.41318030168279,1.50456114624353,1.52317612271472,1.75666054463568,1.7976422277967,1.80995499064714,1.88310652900523,1.94118371179728,2.19004640717344,2.20302083263084,2.28629743384636,2.42825644927023,2.52765120447611,2.53839538536986,2.61244172632687,2.68124807628617,2.72610537387649,2.78031382098352,2.88759595380696,2.96111215574675,2.99934267875158,3.06158571313214,3.13175778227276,3.16901355288221,3.22761345836655,3.30939403689668,3.38765030444131,3.44860676856422,3.45822433265552,3.4943823334794,3.57713207788775,3.61255458042392,3.70681607584098,3.75736940133087,3.78876326064784,3.82838985416491,3.86585309757563,3.90793223942677,3.93827970588706,4.03986346441936,4.09766166099759,4.13527253359392,4.20633503094681,4.24957222438117,4.26826000082852,4.28458804068541,4.32543817588221,4.39207237500087,4.4105405444064,4.446443860252,4.50855548673894,4.54912570623912,4.61159611597585,4.64502201503552,4.65902677536125,4.7329719180815,4.79843539476282,4.82574172865124,4.85373055135578,4.90613220047497,4.9270527859986,4.97027696321178,5.00458291928422,5.06822929626611,5.08433198074947,5.08873475442274,5.13668491816875,5.15519853850194,5.17517987001164,5.19363561795038,5.21041668695139,5.27249562383754,5.31020176185005,5.33391603205289,5.34685074123351,5.39363750666266,5.43231299335726,5.44959479425057,5.4919414161175,5.52390627913036,5.57778905552943,5.6157362725745,5.63303023147045,5.68283435983198,5.71435912356264,5.72218582320322,5.74106372103394,5.79421640719839,5.84519272785887,5.87563787479613,5.88267554603451,5.91586103199506,5.93113291931898,5.94883500138991,5.96215035103189,5.99843996488387,6.02413401683724,6.04586562670739,6.06787675259358,6.06998416566439,6.13317697352571,6.13631504150696,6.15846908008812,6.20736086514586,6.24724423969593,6.26920477988021,6.32144414499656,6.3340136838322,6.3522579080839,6.36071111246862,6.40038675536751,6.41141271540368,6.43485667924665,6.43685366906276,6.48631414571578,6.50189973153337,6.56438727804804,6.59748475145434,6.60601667180111,6.65461959450255,6.69926847235466,6.72395526873232,6.75325851473609,6.76786721403879,6.81388516223769,6.82739148222962,6.84723765526373,6.87230153468308,6.88060983370392,6.91849106371582,6.93579035692631,6.95802011081823,6.97144247823116,6.99716907430422,7.01812513013277,7.02139117633384,7.05922830662296,7.10950627678896,7.12741139368838,7.15265744764468,7.17335234692334,7.21284246957487,7.21584055424116,7.24371662000068,7.25762572844988,7.28963925491986,7.30336170927804,7.32241263584075,7.35576887334011,7.37771843105325,7.39507398306365,7.43272195404315,7.45117483514874,7.4587493121291,7.4805245758848,7.51165508709814,7.53100461880958,7.55444938135821,7.57392065247301,7.61960563245275,7.6240789793988,7.66126109717086,7.6781184995091,7.69750826779503,7.70968481355785,7.7306002271112,7.77521789686939,7.78513887112975,7.81205907673448,7.85491632303137,7.86109578055967,7.87249116939806,7.88981666296821,7.93786898818999,7.94391271132801,7.96338442608792,8.02597861938211,8.03336635998419,8.07832536141499,8.09013578520871,8.10295863325498,8.10531880951074,8.16584371334747,8.17711939105952,8.20268197224925,8.23694797614721,8.28065248198858,8.28097442136898,8.31122538290584,8.33105913650118,8.36538297185669,8.39058995919552,8.40858639967023,8.43662207669305,8.45632212459985,8.47124417547533,8.50428129423902,8.51183049933178,8.55847095529333,8.58026176063984,8.59888898019918,8.63944272350981,8.64586063877615,8.65268652558212,8.70609117388301,8.73653614294284,8.74696121113115,8.76905964348077,8.7836511726987,8.80616217256478,8.82809140450415,8.87015429782843,8.90750267312509,8.91417158107715,8.94952703787322,9.00294398465118,9.04158307807326,9.07663024972159,9.09450572649857,9.10934852918352,9.13083722389492,9.17363109467006,9.2282195874785,9.24225910025351,9.28915041155414,9.30361840318441,9.32707927122853,9.37849006695953,9.38908539567927,9.41758531196735,9.44952294149698,9.4710237490838,9.51090891942277,9.51730968743081,9.57556754172606,9.60708999151944,9.62570866483893,9.66652036039524,9.68929438893623,9.70982348224314,9.74076143331136,9.7597942008038,9.79818317094402,9.86308563977047,9.87004957750451,9.92216129053774,9.93619550030022,9.97510632526067,9.98766496127907,10.0245428751879,10.0541150094108,10.0781900782741,10.0947034503373,10.1558685230267,10.1748060516376,10.1976454453711,10.2257109075073,10.2333970400219,10.2627074423206,10.2887388396187,10.3307673392216,10.3510316615519,10.3996240430772,10.4173517293068,10.4489867765283,10.4838196065611,10.5385968961739,10.5694013396354,10.5991683669077,10.645728942459,10.7120165362539,10.7209074795958,10.7550811746563,10.8115241221418,10.8172023997465,10.8731407882066,10.9323718233209,10.9515785634988,11.0349018159165,11.0530069591682,11.0951832378827,11.1343811150178,11.15969177109,11.1722608849133,11.207948875732,11.20998446696,11.2678462412458,11.3405497676079,11.3937749428895,11.4079203900363,11.433449900243,11.4811186170353,11.4986323882626,11.5556915225166,11.5720022569787,11.6020296968871,11.6054250434204,11.7356009453378,11.7513615313324,11.8082412490273,11.8271236208928,11.8437432850182,11.8910856186542,11.9303930663041,11.9356133190664,12.0134146368918,12.0770482119762,12.1077588600811,12.121604482292,12.1491052903481,12.1979866091535,12.2839297107787,12.2948842245749,12.3300486276154,12.344053494963,12.3916236709092,12.4218386499988,12.4793874287729,12.5211863443652,12.5883145320603,12.6414334566546,12.6683817152996,12.6807971139865,12.7471617260488,12.7862764445109,12.8356797637194,12.8657397103196,12.8854145624294,12.938967122596,12.9683476323027,12.9905090797627,13.0326241937565,13.0734483850767,13.1060504512161,13.1619542921045,13.2268102123345,13.2504841509617,13.2702473233698,13.3639145424563,13.3987119743474,13.4294436504735,13.475062829617,13.4999683919184,13.5251469081236,13.5682139023428,13.6180106821728,13.6403230562369,13.6839674883868,13.7243980449821,13.7575116539615,13.799293174543,13.843015985758,13.9018332992772,13.9304397836897,13.9897430637698,14.0138343090726,14.1242947440981,14.1765847226876,14.1983826473066,14.2367568627744,14.2612475245546,14.3589902957307,14.4137081436871,14.4344497138239,14.4787837304465,14.5154113295819,14.5601728053865,14.611605544642,14.6377324749124,14.7033805569324,14.720707436365,14.8288555203048,14.9050944667686,15.0025209184991,15.0389467866191,15.1212693917715,15.2000588631421,15.2244587324709,15.353945108252,15.3617934937124,15.4184978331078,15.4668974470441,15.4887701674568,15.5523050121443,15.7081781764692,15.7418690561788,15.8118474005906,15.8556451602379,15.9734706799398,16.0822349410041,16.0918761366374,16.2339416851943,16.2632463233659,16.4101406911007,16.5090616996912,16.5218685015259,16.6356296519994,16.7369158414214,16.8150805485176,16.9165840460647,17.0130056026453,17.2486420860855,17.4049040308785,17.5959960001826,17.7897244602639,17.9678224885896,18.0874835853482,18.1269015462609,18.32241634192,18.4224504097117,18.7146818477631,18.8364319914168,18.9760922683429,19.1827751132466,19.4046260454411,19.700404785019,19.9939427530507,20.1312663194918,20.2405176285227,20.6219653821633,21.1787172887574,21.5133570497122,23.3466064250987,NA,NA,NA,NA,NA,NA,NA,NA,NA,NA,NA,NA,NA,NA,NA,NA,NA,NA,NA,NA,NA,NA,NA,NA,NA,NA,NA,NA,NA,NA,NA,NA,NA,NA,NA,NA,NA,NA,NA
0.535347805994956,0.600043990476218,0.718322574521694,0.994659006442158,1.07660454444882,1.27355038557182,1.41318030168279,1.50456114624353,1.52317612271472,1.75666054463568,1.7976422277967,1.80995499064714,1.88310652900523,1.94118371179728,2.19004640717344,2.20302083263084,2.28629743384636,2.42825644927023,2.52765120447611,2.53839538536986,2.61244172632687,2.68124807628617,2.72610537387649,2.78031382098352,2.88759595380696,2.96111215574675,2.99934267875158,3.06158571313214,3.13175778227276,3.16901355288221,3.22761345836655,3.30939403689668,3.38765030444131,3.44860676856422,3.45822433265552,3.4943823334794,3.57713207788775,3.61255458042392,3.70681607584098,3.75736940133087,3.78876326064784,3.82838985416491,3.86585309757563,3.90793223942677,3.93827970588706,4.03986346441936,4.09766166099759,4.13527253359392,4.20633503094681,4.24957222438117,4.26826000082852,4.28458804068541,4.32543817588221,4.39207237500087,4.4105405444064,4.446443860252,4.50855548673894,4.54912570623912,4.61159611597585,4.64502201503552,4.65902677536125,4.7329719180815,4.79843539476282,4.82574172865124,4.85373055135578,4.90613220047497,4.9270527859986,4.97027696321178,5.00458291928422,5.06822929626611,5.08433198074947,5.08873475442274,5.13668491816875,5.15519853850194,5.17517987001164,5.19363561795038,5.21041668695139,5.27249562383754,5.31020176185005,5.33391603205289,5.34685074123351,5.39363750666266,5.43231299335726,5.44959479425057,5.4919414161175,5.52390627913036,5.57778905552943,5.6157362725745,5.63303023147045,5.68283435983198,5.71435912356264,5.72218582320322,5.74106372103394,5.79421640719839,5.84519272785887,5.87563787479613,5.88267554603451,5.91586103199506,5.93113291931898,5.94883500138991,5.96215035103189,5.99843996488387,6.02413401683724,6.04586562670739,6.06787675259358,6.06998416566439,6.13317697352571,6.13631504150696,6.15846908008812,6.20736086514586,6.24724423969593,6.26920477988021,6.32144414499656,6.3340136838322,6.3522579080839,6.36071111246862,6.40038675536751,6.41141271540368,6.43485667924665,6.43685366906276,6.48631414571578,6.50189973153337,6.56438727804804,6.59748475145434,6.60601667180111,6.65461959450255,6.69926847235466,6.72395526873232,6.75325851473609,6.76786721403879,6.81388516223769,6.82739148222962,6.84723765526373,6.87230153468308,6.88060983370392,6.91849106371582,6.93579035692631,6.95802011081823,6.97144247823116,6.99716907430422,7.01812513013277,7.02139117633384,7.05922830662296,7.10950627678896,7.12741139368838,7.15265744764468,7.17335234692334,7.21284246957487,7.21584055424116,7.24371662000068,7.25762572844988,7.28963925491986,7.30336170927804,7.32241263584075,7.35576887334011,7.37771843105325,7.39507398306365,7.43272195404315,7.45117483514874,7.4587493121291,7.4805245758848,7.51165508709814,7.53100461880958,7.55444938135821,7.57392065247301,7.61960563245275,7.6240789793988,7.66126109717086,7.6781184995091,7.69750826779503,7.70968481355785,7.7306002271112,7.77521789686939,7.78513887112975,7.81205907673448,7.85491632303137,7.86109578055967,7.87249116939806,7.88981666296821,7.93786898818999,7.94391271132801,7.96338442608792,8.02597861938211,8.03336635998419,8.07832536141499,8.09013578520871,8.10295863325498,8.10531880951074,8.16584371334747,8.17711939105952,8.20268197224925,8.23694797614721,8.28065248198858,8.28097442136898,8.31122538290584,8.33105913650118,8.36538297185669,8.39058995919552,8.40858639967023,8.43662207669305,8.45632212459985,8.47124417547533,8.50428129423902,8.51183049933178,8.55847095529333,8.58026176063984,8.59888898019918,8.63944272350981,8.64586063877615,8.65268652558212,8.70609117388301,8.73653614294284,8.74696121113115,8.76905964348077,8.7836511726987,8.80616217256478,8.82809140450415,8.87015429782843,8.90750267312509,8.91417158107715,8.94952703787322,9.00294398465118,9.04158307807326,9.07663024972159,9.09450572649857,9.10934852918352,9.13083722389492,9.17363109467006,9.2282195874785,9.24225910025351,9.28915041155414,9.30361840318441,9.32707927122853,9.37849006695953,9.38908539567927,9.41758531196735,9.44952294149698,9.4710237490838,9.51090891942277,9.51730968743081,9.57556754172606,9.60708999151944,9.62570866483893,9.66652036039524,9.68929438893623,9.70982348224314,9.74076143331136,9.7597942008038,9.79818317094402,9.86308563977047,9.87004957750451,9.92216129053774,9.93619550030022,9.97510632526067,9.98766496127907,10.0245428751879,10.0541150094108,10.0781900782741,10.0947034503373,10.1558685230267,10.1748060516376,10.1976454453711,10.2257109075073,10.2333970400219,10.2627074423206,10.2887388396187,10.3307673392216,10.3510316615519,10.3996240430772,10.4173517293068,10.4489867765283,10.4838196065611,10.5385968961739,10.5694013396354,10.5991683669077,10.645728942459,10.7120165362539,10.7209074795958,10.7550811746563,10.8115241221418,10.8172023997465,10.8731407882066,10.9323718233209,10.9515785634988,11.0349018159165,11.0530069591682,11.0951832378827,11.1343811150178,11.15969177109,11.1722608849133,11.207948875732,11.20998446696,11.2678462412458,11.3405497676079,11.3937749428895,11.4079203900363,11.433449900243,11.4811186170353,11.4986323882626,11.5556915225166,11.5720022569787,11.6020296968871,11.6054250434204,11.7356009453378,11.7513615313324,11.8082412490273,11.8271236208928,11.8437432850182,11.8910856186542,11.9303930663041,11.9356133190664,12.0134146368918,12.0770482119762,12.1077588600811,12.121604482292,12.1491052903481,12.1979866091535,12.2839297107787,12.2948842245749,12.3300486276154,12.344053494963,12.3916236709092,12.4218386499988,12.4793874287729,12.5211863443652,12.5883145320603,12.6414334566546,12.6683817152996,12.6807971139865,12.7471617260488,12.7862764445109,12.8356797637194,12.8657397103196,12.8854145624294,12.938967122596,12.9683476323027,12.9905090797627,13.0326241937565,13.0734483850767,13.1060504512161,13.1619542921045,13.2268102123345,13.2504841509617,13.2702473233698,13.3639145424563,13.3987119743474,13.4294436504735,13.475062829617,13.4999683919184,13.5251469081236,13.5682139023428,13.6180106821728,13.6403230562369,13.6839674883868,13.7243980449821,13.7575116539615,13.799293174543,13.843015985758,13.9018332992772,13.9304397836897,13.9897430637698,14.0138343090726,14.1242947440981,14.1765847226876,14.1983826473066,14.2367568627744,14.2612475245546,14.3589902957307,14.4137081436871,14.4344497138239,14.4787837304465,14.5154113295819,14.5601728053865,14.611605544642,14.6377324749124,14.7033805569324,14.720707436365,14.8288555203048,14.9050944667686,15.0025209184991,15.0389467866191,15.1212693917715,15.2000588631421,15.2244587324709,15.353945108252,15.3617934937124,15.4184978331078,15.4668974470441,15.4887701674568,15.5523050121443,15.7081781764692,15.7418690561788,15.8118474005906,15.8556451602379,15.9734706799398,16.0822349410041,16.0918761366374,16.2339416851943,16.2632463233659,16.4101406911007,16.5090616996912,16.5218685015259,16.6356296519994,16.7369158414214,16.8150805485176,16.9165840460647,17.0130056026453,17.2486420860855,17.4049040308785,17.5959960001826,17.7897244602639,17.9678224885896,18.0874835853482,18.1269015462609,18.32241634192,18.4224504097117,18.7146818477631,18.8364319914168,18.9760922683429,19.1827751132466,19.4046260454411,19.700404785019,19.9939427530507,20.1312663194918,20.2405176285227,20.6219653821633,21.1787172887574,21.5133570497122,23.3466064250987,NA,NA,NA,NA,NA,NA,NA,NA,NA,NA,NA,NA,NA,NA,NA,NA,NA,NA,NA,NA,NA,NA,NA,NA,NA,NA,NA,NA,NA,NA,NA,NA,NA,NA,NA,NA,NA,NA,NA
0.535347805994956,0.600043990476218,0.718322574521694,0.994659006442158,1.07660454444882,1.27355038557182,1.41318030168279,1.50456114624353,1.52317612271472,1.75666054463568,1.7976422277967,1.80995499064714,1.88310652900523,1.94118371179728,2.19004640717344,2.20302083263084,2.28629743384636,2.42825644927023,2.52765120447611,2.53839538536986,2.61244172632687,2.68124807628617,2.72610537387649,2.78031382098352,2.88759595380696,2.96111215574675,2.99934267875158,3.06158571313214,3.13175778227276,3.16901355288221,3.22761345836655,3.30939403689668,3.38765030444131,3.44860676856422,3.45822433265552,3.4943823334794,3.57713207788775,3.61255458042392,3.70681607584098,3.75736940133087,3.78876326064784,3.82838985416491,3.86585309757563,3.90793223942677,3.93827970588706,4.03986346441936,4.09766166099759,4.13527253359392,4.20633503094681,4.24957222438117,4.26826000082852,4.28458804068541,4.32543817588221,4.39207237500087,4.4105405444064,4.446443860252,4.50855548673894,4.54912570623912,4.61159611597585,4.64502201503552,4.65902677536125,4.7329719180815,4.79843539476282,4.82574172865124,4.85373055135578,4.90613220047497,4.9270527859986,4.97027696321178,5.00458291928422,5.06822929626611,5.08433198074947,5.08873475442274,5.13668491816875,5.15519853850194,5.17517987001164,5.19363561795038,5.21041668695139,5.27249562383754,5.31020176185005,5.33391603205289,5.34685074123351,5.39363750666266,5.43231299335726,5.44959479425057,5.4919414161175,5.52390627913036,5.57778905552943,5.6157362725745,5.63303023147045,5.68283435983198,5.71435912356264,5.72218582320322,5.74106372103394,5.79421640719839,5.84519272785887,5.87563787479613,5.88267554603451,5.91586103199506,5.93113291931898,5.94883500138991,5.96215035103189,5.99843996488387,6.02413401683724,6.04586562670739,6.06787675259358,6.06998416566439,6.13317697352571,6.13631504150696,6.15846908008812,6.20736086514586,6.24724423969593,6.26920477988021,6.32144414499656,6.3340136838322,6.3522579080839,6.36071111246862,6.40038675536751,6.41141271540368,6.43485667924665,6.43685366906276,6.48631414571578,6.50189973153337,6.56438727804804,6.59748475145434,6.60601667180111,6.65461959450255,6.69926847235466,6.72395526873232,6.75325851473609,6.76786721403879,6.81388516223769,6.82739148222962,6.84723765526373,6.87230153468308,6.88060983370392,6.91849106371582,6.93579035692631,6.95802011081823,6.97144247823116,6.99716907430422,7.01812513013277,7.02139117633384,7.05922830662296,7.10950627678896,7.12741139368838,7.15265744764468,7.17335234692334,7.21284246957487,7.21584055424116,7.24371662000068,7.25762572844988,7.28963925491986,7.30336170927804,7.32241263584075,7.35576887334011,7.37771843105325,7.39507398306365,7.43272195404315,7.45117483514874,7.4587493121291,7.4805245758848,7.51165508709814,7.53100461880958,7.55444938135821,7.57392065247301,7.61960563245275,7.6240789793988,7.66126109717086,7.6781184995091,7.69750826779503,7.70968481355785,7.7306002271112,7.77521789686939,7.78513887112975,7.81205907673448,7.85491632303137,7.86109578055967,7.87249116939806,7.88981666296821,7.93786898818999,7.94391271132801,7.96338442608792,8.02597861938211,8.03336635998419,8.07832536141499,8.09013578520871,8.10295863325498,8.10531880951074,8.16584371334747,8.17711939105952,8.20268197224925,8.23694797614721,8.28065248198858,8.28097442136898,8.31122538290584,8.33105913650118,8.36538297185669,8.39058995919552,8.40858639967023,8.43662207669305,8.45632212459985,8.47124417547533,8.50428129423902,8.51183049933178,8.55847095529333,8.58026176063984,8.59888898019918,8.63944272350981,8.64586063877615,8.65268652558212,8.70609117388301,8.73653614294284,8.74696121113115,8.76905964348077,8.7836511726987,8.80616217256478,8.82809140450415,8.87015429782843,8.90750267312509,8.91417158107715,8.94952703787322,9.00294398465118,9.04158307807326,9.07663024972159,9.09450572649857,9.10934852918352,9.13083722389492,9.17363109467006,9.2282195874785,9.24225910025351,9.28915041155414,9.30361840318441,9.32707927122853,9.37849006695953,9.38908539567927,9.41758531196735,9.44952294149698,9.4710237490838,9.51090891942277,9.51730968743081,9.57556754172606,9.60708999151944,9.62570866483893,9.66652036039524,9.68929438893623,9.70982348224314,9.74076143331136,9.7597942008038,9.79818317094402,9.86308563977047,9.87004957750451,9.92216129053774,9.93619550030022,9.97510632526067,9.98766496127907,10.0245428751879,10.0541150094108,10.0781900782741,10.0947034503373,10.1558685230267,10.1748060516376,10.1976454453711,10.2257109075073,10.2333970400219,10.2627074423206,10.2887388396187,10.3307673392216,10.3510316615519,10.3996240430772,10.4173517293068,10.4489867765283,10.4838196065611,10.5385968961739,10.5694013396354,10.5991683669077,10.645728942459,10.7120165362539,10.7209074795958,10.7550811746563,10.8115241221418,10.8172023997465,10.8731407882066,10.9323718233209,10.9515785634988,11.0349018159165,11.0530069591682,11.0951832378827,11.1343811150178,11.15969177109,11.1722608849133,11.207948875732,11.20998446696,11.2678462412458,11.3405497676079,11.3937749428895,11.4079203900363,11.433449900243,11.4811186170353,11.4986323882626,11.5556915225166,11.5720022569787,11.6020296968871,11.6054250434204,11.7356009453378,11.7513615313324,11.8082412490273,11.8271236208928,11.8437432850182,11.8910856186542,11.9303930663041,11.9356133190664,12.0134146368918,12.0770482119762,12.1077588600811,12.121604482292,12.1491052903481,12.1979866091535,12.2839297107787,12.2948842245749,12.3300486276154,12.344053494963,12.3916236709092,12.4218386499988,12.4793874287729,12.5211863443652,12.5883145320603,12.6414334566546,12.6683817152996,12.6807971139865,12.7471617260488,12.7862764445109,12.8356797637194,12.8657397103196,12.8854145624294,12.938967122596,12.9683476323027,12.9905090797627,13.0326241937565,13.0734483850767,13.1060504512161,13.1619542921045,13.2268102123345,13.2504841509617,13.2702473233698,13.3639145424563,13.3987119743474,13.4294436504735,13.475062829617,13.4999683919184,13.5251469081236,13.5682139023428,13.6180106821728,13.6403230562369,13.6839674883868,13.7243980449821,13.7575116539615,13.799293174543,13.843015985758,13.9018332992772,13.9304397836897,13.9897430637698,14.0138343090726,14.1242947440981,14.1765847226876,14.1983826473066,14.2367568627744,14.2612475245546,14.3589902957307,14.4137081436871,14.4344497138239,14.4787837304465,14.5154113295819,14.5601728053865,14.611605544642,14.6377324749124,14.7033805569324,14.720707436365,14.8288555203048,14.9050944667686,15.0025209184991,15.0389467866191,15.1212693917715,15.2000588631421,15.2244587324709,15.353945108252,15.3617934937124,15.4184978331078,15.4668974470441,15.4887701674568,15.5523050121443,15.7081781764692,15.7418690561788,15.8118474005906,15.8556451602379,15.9734706799398,16.0822349410041,16.0918761366374,16.2339416851943,16.2632463233659,16.4101406911007,16.5090616996912,16.5218685015259,16.6356296519994,16.7369158414214,16.8150805485176,16.9165840460647,17.0130056026453,17.2486420860855,17.4049040308785,17.5959960001826,17.7897244602639,17.9678224885896,18.0874835853482,18.1269015462609,18.32241634192,18.4224504097117,18.7146818477631,18.8364319914168,18.9760922683429,19.1827751132466,19.4046260454411,19.700404785019,19.9939427530507,20.1312663194918,20.2405176285227,20.6219653821633,21.1787172887574,21.5133570497122,23.3466064250987,NA,NA,NA,NA,NA,NA,NA,NA,NA,NA,NA,NA,NA,NA,NA,NA,NA,NA,NA,NA,NA,NA,NA,NA,NA,NA,NA,NA,NA,NA,NA,NA,NA,NA,NA,NA,NA,NA,NA
0.535347805994956,0.600043990476218,0.718322574521694,0.994659006442158,1.07660454444882,1.27355038557182,1.41318030168279,1.50456114624353,1.52317612271472,1.75666054463568,1.7976422277967,1.80995499064714,1.88310652900523,1.94118371179728,2.19004640717344,2.20302083263084,2.28629743384636,2.42825644927023,2.52765120447611,2.53839538536986,2.61244172632687,2.68124807628617,2.72610537387649,2.78031382098352,2.88759595380696,2.96111215574675,2.99934267875158,3.06158571313214,3.13175778227276,3.16901355288221,3.22761345836655,3.30939403689668,3.38765030444131,3.44860676856422,3.45822433265552,3.4943823334794,3.57713207788775,3.61255458042392,3.70681607584098,3.75736940133087,3.78876326064784,3.82838985416491,3.86585309757563,3.90793223942677,3.93827970588706,4.03986346441936,4.09766166099759,4.13527253359392,4.20633503094681,4.24957222438117,4.26826000082852,4.28458804068541,4.32543817588221,4.39207237500087,4.4105405444064,4.446443860252,4.50855548673894,4.54912570623912,4.61159611597585,4.64502201503552,4.65902677536125,4.7329719180815,4.79843539476282,4.82574172865124,4.85373055135578,4.90613220047497,4.9270527859986,4.97027696321178,5.00458291928422,5.06822929626611,5.08433198074947,5.08873475442274,5.13668491816875,5.15519853850194,5.17517987001164,5.19363561795038,5.21041668695139,5.27249562383754,5.31020176185005,5.33391603205289,5.34685074123351,5.39363750666266,5.43231299335726,5.44959479425057,5.4919414161175,5.52390627913036,5.57778905552943,5.6157362725745,5.63303023147045,5.68283435983198,5.71435912356264,5.72218582320322,5.74106372103394,5.79421640719839,5.84519272785887,5.87563787479613,5.88267554603451,5.91586103199506,5.93113291931898,5.94883500138991,5.96215035103189,5.99843996488387,6.02413401683724,6.04586562670739,6.06787675259358,6.06998416566439,6.13317697352571,6.13631504150696,6.15846908008812,6.20736086514586,6.24724423969593,6.26920477988021,6.32144414499656,6.3340136838322,6.3522579080839,6.36071111246862,6.40038675536751,6.41141271540368,6.43485667924665,6.43685366906276,6.48631414571578,6.50189973153337,6.56438727804804,6.59748475145434,6.60601667180111,6.65461959450255,6.69926847235466,6.72395526873232,6.75325851473609,6.76786721403879,6.81388516223769,6.82739148222962,6.84723765526373,6.87230153468308,6.88060983370392,6.91849106371582,6.93579035692631,6.95802011081823,6.97144247823116,6.99716907430422,7.01812513013277,7.02139117633384,7.05922830662296,7.10950627678896,7.12741139368838,7.15265744764468,7.17335234692334,7.21284246957487,7.21584055424116,7.24371662000068,7.25762572844988,7.28963925491986,7.30336170927804,7.32241263584075,7.35576887334011,7.37771843105325,7.39507398306365,7.43272195404315,7.45117483514874,7.4587493121291,7.4805245758848,7.51165508709814,7.53100461880958,7.55444938135821,7.57392065247301,7.61960563245275,7.6240789793988,7.66126109717086,7.6781184995091,7.69750826779503,7.70968481355785,7.7306002271112,7.77521789686939,7.78513887112975,7.81205907673448,7.85491632303137,7.86109578055967,7.87249116939806,7.88981666296821,7.93786898818999,7.94391271132801,7.96338442608792,8.02597861938211,8.03336635998419,8.07832536141499,8.09013578520871,8.10295863325498,8.10531880951074,8.16584371334747,8.17711939105952,8.20268197224925,8.23694797614721,8.28065248198858,8.28097442136898,8.31122538290584,8.33105913650118,8.36538297185669,8.39058995919552,8.40858639967023,8.43662207669305,8.45632212459985,8.47124417547533,8.50428129423902,8.51183049933178,8.55847095529333,8.58026176063984,8.59888898019918,8.63944272350981,8.64586063877615,8.65268652558212,8.70609117388301,8.73653614294284,8.74696121113115,8.76905964348077,8.7836511726987,8.80616217256478,8.82809140450415,8.87015429782843,8.90750267312509,8.91417158107715,8.94952703787322,9.00294398465118,9.04158307807326,9.07663024972159,9.09450572649857,9.10934852918352,9.13083722389492,9.17363109467006,9.2282195874785,9.24225910025351,9.28915041155414,9.30361840318441,9.32707927122853,9.37849006695953,9.38908539567927,9.41758531196735,9.44952294149698,9.4710237490838,9.51090891942277,9.51730968743081,9.57556754172606,9.60708999151944,9.62570866483893,9.66652036039524,9.68929438893623,9.70982348224314,9.74076143331136,9.7597942008038,9.79818317094402,9.86308563977047,9.87004957750451,9.92216129053774,9.93619550030022,9.97510632526067,9.98766496127907,10.0245428751879,10.0541150094108,10.0781900782741,10.0947034503373,10.1558685230267,10.1748060516376,10.1976454453711,10.2257109075073,10.2333970400219,10.2627074423206,10.2887388396187,10.3307673392216,10.3510316615519,10.3996240430772,10.4173517293068,10.4489867765283,10.4838196065611,10.5385968961739,10.5694013396354,10.5991683669077,10.645728942459,10.7120165362539,10.7209074795958,10.7550811746563,10.8115241221418,10.8172023997465,10.8731407882066,10.9323718233209,10.9515785634988,11.0349018159165,11.0530069591682,11.0951832378827,11.1343811150178,11.15969177109,11.1722608849133,11.207948875732,11.20998446696,11.2678462412458,11.3405497676079,11.3937749428895,11.4079203900363,11.433449900243,11.4811186170353,11.4986323882626,11.5556915225166,11.5720022569787,11.6020296968871,11.6054250434204,11.7356009453378,11.7513615313324,11.8082412490273,11.8271236208928,11.8437432850182,11.8910856186542,11.9303930663041,11.9356133190664,12.0134146368918,12.0770482119762,12.1077588600811,12.121604482292,12.1491052903481,12.1979866091535,12.2839297107787,12.2948842245749,12.3300486276154,12.344053494963,12.3916236709092,12.4218386499988,12.4793874287729,12.5211863443652,12.5883145320603,12.6414334566546,12.6683817152996,12.6807971139865,12.7471617260488,12.7862764445109,12.8356797637194,12.8657397103196,12.8854145624294,12.938967122596,12.9683476323027,12.9905090797627,13.0326241937565,13.0734483850767,13.1060504512161,13.1619542921045,13.2268102123345,13.2504841509617,13.2702473233698,13.3639145424563,13.3987119743474,13.4294436504735,13.475062829617,13.4999683919184,13.5251469081236,13.5682139023428,13.6180106821728,13.6403230562369,13.6839674883868,13.7243980449821,13.7575116539615,13.799293174543,13.843015985758,13.9018332992772,13.9304397836897,13.9897430637698,14.0138343090726,14.1242947440981,14.1765847226876,14.1983826473066,14.2367568627744,14.2612475245546,14.3589902957307,14.4137081436871,14.4344497138239,14.4787837304465,14.5154113295819,14.5601728053865,14.611605544642,14.6377324749124,14.7033805569324,14.720707436365,14.8288555203048,14.9050944667686,15.0025209184991,15.0389467866191,15.1212693917715,15.2000588631421,15.2244587324709,15.353945108252,15.3617934937124,15.4184978331078,15.4668974470441,15.4887701674568,15.5523050121443,15.7081781764692,15.7418690561788,15.8118474005906,15.8556451602379,15.9734706799398,16.0822349410041,16.0918761366374,16.2339416851943,16.2632463233659,16.4101406911007,16.5090616996912,16.5218685015259,16.6356296519994,16.7369158414214,16.8150805485176,16.9165840460647,17.0130056026453,17.2486420860855,17.4049040308785,17.5959960001826,17.7897244602639,17.9678224885896,18.0874835853482,18.1269015462609,18.32241634192,18.4224504097117,18.7146818477631,18.8364319914168,18.9760922683429,19.1827751132466,19.4046260454411,19.700404785019,19.9939427530507,20.1312663194918,20.2405176285227,20.6219653821633,21.1787172887574,21.5133570497122,23.3466064250987,NA,NA,NA,NA,NA,NA,NA,NA,NA,NA,NA,NA,NA,NA,NA,NA,NA,NA,NA,NA,NA,NA,NA,NA,NA,NA,NA,NA,NA,NA,NA,NA,NA,NA,NA,NA,NA,NA,NA
0.535347805994956,0.600043990476218,0.718322574521694,0.994659006442158,1.07660454444882,1.27355038557182,1.41318030168279,1.50456114624353,1.52317612271472,1.75666054463568,1.7976422277967,1.80995499064714,1.88310652900523,1.94118371179728,2.19004640717344,2.20302083263084,2.28629743384636,2.42825644927023,2.52765120447611,2.53839538536986,2.61244172632687,2.68124807628617,2.72610537387649,2.78031382098352,2.88759595380696,2.96111215574675,2.99934267875158,3.06158571313214,3.13175778227276,3.16901355288221,3.22761345836655,3.30939403689668,3.38765030444131,3.44860676856422,3.45822433265552,3.4943823334794,3.57713207788775,3.61255458042392,3.70681607584098,3.75736940133087,3.78876326064784,3.82838985416491,3.86585309757563,3.90793223942677,3.93827970588706,4.03986346441936,4.09766166099759,4.13527253359392,4.20633503094681,4.24957222438117,4.26826000082852,4.28458804068541,4.32543817588221,4.39207237500087,4.4105405444064,4.446443860252,4.50855548673894,4.54912570623912,4.61159611597585,4.64502201503552,4.65902677536125,4.7329719180815,4.79843539476282,4.82574172865124,4.85373055135578,4.90613220047497,4.9270527859986,4.97027696321178,5.00458291928422,5.06822929626611,5.08433198074947,5.08873475442274,5.13668491816875,5.15519853850194,5.17517987001164,5.19363561795038,5.21041668695139,5.27249562383754,5.31020176185005,5.33391603205289,5.34685074123351,5.39363750666266,5.43231299335726,5.44959479425057,5.4919414161175,5.52390627913036,5.57778905552943,5.6157362725745,5.63303023147045,5.68283435983198,5.71435912356264,5.72218582320322,5.74106372103394,5.79421640719839,5.84519272785887,5.87563787479613,5.88267554603451,5.91586103199506,5.93113291931898,5.94883500138991,5.96215035103189,5.99843996488387,6.02413401683724,6.04586562670739,6.06787675259358,6.06998416566439,6.13317697352571,6.13631504150696,6.15846908008812,6.20736086514586,6.24724423969593,6.26920477988021,6.32144414499656,6.3340136838322,6.3522579080839,6.36071111246862,6.40038675536751,6.41141271540368,6.43485667924665,6.43685366906276,6.48631414571578,6.50189973153337,6.56438727804804,6.59748475145434,6.60601667180111,6.65461959450255,6.69926847235466,6.72395526873232,6.75325851473609,6.76786721403879,6.81388516223769,6.82739148222962,6.84723765526373,6.87230153468308,6.88060983370392,6.91849106371582,6.93579035692631,6.95802011081823,6.97144247823116,6.99716907430422,7.01812513013277,7.02139117633384,7.05922830662296,7.10950627678896,7.12741139368838,7.15265744764468,7.17335234692334,7.21284246957487,7.21584055424116,7.24371662000068,7.25762572844988,7.28963925491986,7.30336170927804,7.32241263584075,7.35576887334011,7.37771843105325,7.39507398306365,7.43272195404315,7.45117483514874,7.4587493121291,7.4805245758848,7.51165508709814,7.53100461880958,7.55444938135821,7.57392065247301,7.61960563245275,7.6240789793988,7.66126109717086,7.6781184995091,7.69750826779503,7.70968481355785,7.7306002271112,7.77521789686939,7.78513887112975,7.81205907673448,7.85491632303137,7.86109578055967,7.87249116939806,7.88981666296821,7.93786898818999,7.94391271132801,7.96338442608792,8.02597861938211,8.03336635998419,8.07832536141499,8.09013578520871,8.10295863325498,8.10531880951074,8.16584371334747,8.17711939105952,8.20268197224925,8.23694797614721,8.28065248198858,8.28097442136898,8.31122538290584,8.33105913650118,8.36538297185669,8.39058995919552,8.40858639967023,8.43662207669305,8.45632212459985,8.47124417547533,8.50428129423902,8.51183049933178,8.55847095529333,8.58026176063984,8.59888898019918,8.63944272350981,8.64586063877615,8.65268652558212,8.70609117388301,8.73653614294284,8.74696121113115,8.76905964348077,8.7836511726987,8.80616217256478,8.82809140450415,8.87015429782843,8.90750267312509,8.91417158107715,8.94952703787322,9.00294398465118,9.04158307807326,9.07663024972159,9.09450572649857,9.10934852918352,9.13083722389492,9.17363109467006,9.2282195874785,9.24225910025351,9.28915041155414,9.30361840318441,9.32707927122853,9.37849006695953,9.38908539567927,9.41758531196735,9.44952294149698,9.4710237490838,9.51090891942277,9.51730968743081,9.57556754172606,9.60708999151944,9.62570866483893,9.66652036039524,9.68929438893623,9.70982348224314,9.74076143331136,9.7597942008038,9.79818317094402,9.86308563977047,9.87004957750451,9.92216129053774,9.93619550030022,9.97510632526067,9.98766496127907,10.0245428751879,10.0541150094108,10.0781900782741,10.0947034503373,10.1558685230267,10.1748060516376,10.1976454453711,10.2257109075073,10.2333970400219,10.2627074423206,10.2887388396187,10.3307673392216,10.3510316615519,10.3996240430772,10.4173517293068,10.4489867765283,10.4838196065611,10.5385968961739,10.5694013396354,10.5991683669077,10.645728942459,10.7120165362539,10.7209074795958,10.7550811746563,10.8115241221418,10.8172023997465,10.8731407882066,10.9323718233209,10.9515785634988,11.0349018159165,11.0530069591682,11.0951832378827,11.1343811150178,11.15969177109,11.1722608849133,11.207948875732,11.20998446696,11.2678462412458,11.3405497676079,11.3937749428895,11.4079203900363,11.433449900243,11.4811186170353,11.4986323882626,11.5556915225166,11.5720022569787,11.6020296968871,11.6054250434204,11.7356009453378,11.7513615313324,11.8082412490273,11.8271236208928,11.8437432850182,11.8910856186542,11.9303930663041,11.9356133190664,12.0134146368918,12.0770482119762,12.1077588600811,12.121604482292,12.1491052903481,12.1979866091535,12.2839297107787,12.2948842245749,12.3300486276154,12.344053494963,12.3916236709092,12.4218386499988,12.4793874287729,12.5211863443652,12.5883145320603,12.6414334566546,12.6683817152996,12.6807971139865,12.7471617260488,12.7862764445109,12.8356797637194,12.8657397103196,12.8854145624294,12.938967122596,12.9683476323027,12.9905090797627,13.0326241937565,13.0734483850767,13.1060504512161,13.1619542921045,13.2268102123345,13.2504841509617,13.2702473233698,13.3639145424563,13.3987119743474,13.4294436504735,13.475062829617,13.4999683919184,13.5251469081236,13.5682139023428,13.6180106821728,13.6403230562369,13.6839674883868,13.7243980449821,13.7575116539615,13.799293174543,13.843015985758,13.9018332992772,13.9304397836897,13.9897430637698,14.0138343090726,14.1242947440981,14.1765847226876,14.1983826473066,14.2367568627744,14.2612475245546,14.3589902957307,14.4137081436871,14.4344497138239,14.4787837304465,14.5154113295819,14.5601728053865,14.611605544642,14.6377324749124,14.7033805569324,14.720707436365,14.8288555203048,14.9050944667686,15.0025209184991,15.0389467866191,15.1212693917715,15.2000588631421,15.2244587324709,15.353945108252,15.3617934937124,15.4184978331078,15.4668974470441,15.4887701674568,15.5523050121443,15.7081781764692,15.7418690561788,15.8118474005906,15.8556451602379,15.9734706799398,16.0822349410041,16.0918761366374,16.2339416851943,16.2632463233659,16.4101406911007,16.5090616996912,16.5218685015259,16.6356296519994,16.7369158414214,16.8150805485176,16.9165840460647,17.0130056026453,17.2486420860855,17.4049040308785,17.5959960001826,17.7897244602639,17.9678224885896,18.0874835853482,18.1269015462609,18.32241634192,18.4224504097117,18.7146818477631,18.8364319914168,18.9760922683429,19.1827751132466,19.4046260454411,19.700404785019,19.9939427530507,20.1312663194918,20.2405176285227,20.6219653821633,21.1787172887574,21.5133570497122,23.3466064250987,NA,NA,NA,NA,NA,NA,NA,NA,NA,NA,NA,NA,NA,NA,NA,NA,NA,NA,NA,NA,NA,NA,NA,NA,NA,NA,NA,NA,NA,NA,NA,NA,NA,NA,NA,NA,NA,NA,NA
0.535347805994956,0.600043990476218,0.718322574521694,0.994659006442158,1.07660454444882,1.27355038557182,1.41318030168279,1.50456114624353,1.52317612271472,1.75666054463568,1.7976422277967,1.80995499064714,1.88310652900523,1.94118371179728,2.19004640717344,2.20302083263084,2.28629743384636,2.42825644927023,2.52765120447611,2.53839538536986,2.61244172632687,2.68124807628617,2.72610537387649,2.78031382098352,2.88759595380696,2.96111215574675,2.99934267875158,3.06158571313214,3.13175778227276,3.16901355288221,3.22761345836655,3.30939403689668,3.38765030444131,3.44860676856422,3.45822433265552,3.4943823334794,3.57713207788775,3.61255458042392,3.70681607584098,3.75736940133087,3.78876326064784,3.82838985416491,3.86585309757563,3.90793223942677,3.93827970588706,4.03986346441936,4.09766166099759,4.13527253359392,4.20633503094681,4.24957222438117,4.26826000082852,4.28458804068541,4.32543817588221,4.39207237500087,4.4105405444064,4.446443860252,4.50855548673894,4.54912570623912,4.61159611597585,4.64502201503552,4.65902677536125,4.7329719180815,4.79843539476282,4.82574172865124,4.85373055135578,4.90613220047497,4.9270527859986,4.97027696321178,5.00458291928422,5.06822929626611,5.08433198074947,5.08873475442274,5.13668491816875,5.15519853850194,5.17517987001164,5.19363561795038,5.21041668695139,5.27249562383754,5.31020176185005,5.33391603205289,5.34685074123351,5.39363750666266,5.43231299335726,5.44959479425057,5.4919414161175,5.52390627913036,5.57778905552943,5.6157362725745,5.63303023147045,5.68283435983198,5.71435912356264,5.72218582320322,5.74106372103394,5.79421640719839,5.84519272785887,5.87563787479613,5.88267554603451,5.91586103199506,5.93113291931898,5.94883500138991,5.96215035103189,5.99843996488387,6.02413401683724,6.04586562670739,6.06787675259358,6.06998416566439,6.13317697352571,6.13631504150696,6.15846908008812,6.20736086514586,6.24724423969593,6.26920477988021,6.32144414499656,6.3340136838322,6.3522579080839,6.36071111246862,6.40038675536751,6.41141271540368,6.43485667924665,6.43685366906276,6.48631414571578,6.50189973153337,6.56438727804804,6.59748475145434,6.60601667180111,6.65461959450255,6.69926847235466,6.72395526873232,6.75325851473609,6.76786721403879,6.81388516223769,6.82739148222962,6.84723765526373,6.87230153468308,6.88060983370392,6.91849106371582,6.93579035692631,6.95802011081823,6.97144247823116,6.99716907430422,7.01812513013277,7.02139117633384,7.05922830662296,7.10950627678896,7.12741139368838,7.15265744764468,7.17335234692334,7.21284246957487,7.21584055424116,7.24371662000068,7.25762572844988,7.28963925491986,7.30336170927804,7.32241263584075,7.35576887334011,7.37771843105325,7.39507398306365,7.43272195404315,7.45117483514874,7.4587493121291,7.4805245758848,7.51165508709814,7.53100461880958,7.55444938135821,7.57392065247301,7.61960563245275,7.6240789793988,7.66126109717086,7.6781184995091,7.69750826779503,7.70968481355785,7.7306002271112,7.77521789686939,7.78513887112975,7.81205907673448,7.85491632303137,7.86109578055967,7.87249116939806,7.88981666296821,7.93786898818999,7.94391271132801,7.96338442608792,8.02597861938211,8.03336635998419,8.07832536141499,8.09013578520871,8.10295863325498,8.10531880951074,8.16584371334747,8.17711939105952,8.20268197224925,8.23694797614721,8.28065248198858,8.28097442136898,8.31122538290584,8.33105913650118,8.36538297185669,8.39058995919552,8.40858639967023,8.43662207669305,8.45632212459985,8.47124417547533,8.50428129423902,8.51183049933178,8.55847095529333,8.58026176063984,8.59888898019918,8.63944272350981,8.64586063877615,8.65268652558212,8.70609117388301,8.73653614294284,8.74696121113115,8.76905964348077,8.7836511726987,8.80616217256478,8.82809140450415,8.87015429782843,8.90750267312509,8.91417158107715,8.94952703787322,9.00294398465118,9.04158307807326,9.07663024972159,9.09450572649857,9.10934852918352,9.13083722389492,9.17363109467006,9.2282195874785,9.24225910025351,9.28915041155414,9.30361840318441,9.32707927122853,9.37849006695953,9.38908539567927,9.41758531196735,9.44952294149698,9.4710237490838,9.51090891942277,9.51730968743081,9.57556754172606,9.60708999151944,9.62570866483893,9.66652036039524,9.68929438893623,9.70982348224314,9.74076143331136,9.7597942008038,9.79818317094402,9.86308563977047,9.87004957750451,9.92216129053774,9.93619550030022,9.97510632526067,9.98766496127907,10.0245428751879,10.0541150094108,10.0781900782741,10.0947034503373,10.1558685230267,10.1748060516376,10.1976454453711,10.2257109075073,10.2333970400219,10.2627074423206,10.2887388396187,10.3307673392216,10.3510316615519,10.3996240430772,10.4173517293068,10.4489867765283,10.4838196065611,10.5385968961739,10.5694013396354,10.5991683669077,10.645728942459,10.7120165362539,10.7209074795958,10.7550811746563,10.8115241221418,10.8172023997465,10.8731407882066,10.9323718233209,10.9515785634988,11.0349018159165,11.0530069591682,11.0951832378827,11.1343811150178,11.15969177109,11.1722608849133,11.207948875732,11.20998446696,11.2678462412458,11.3405497676079,11.3937749428895,11.4079203900363,11.433449900243,11.4811186170353,11.4986323882626,11.5556915225166,11.5720022569787,11.6020296968871,11.6054250434204,11.7356009453378,11.7513615313324,11.8082412490273,11.8271236208928,11.8437432850182,11.8910856186542,11.9303930663041,11.9356133190664,12.0134146368918,12.0770482119762,12.1077588600811,12.121604482292,12.1491052903481,12.1979866091535,12.2839297107787,12.2948842245749,12.3300486276154,12.344053494963,12.3916236709092,12.4218386499988,12.4793874287729,12.5211863443652,12.5883145320603,12.6414334566546,12.6683817152996,12.6807971139865,12.7471617260488,12.7862764445109,12.8356797637194,12.8657397103196,12.8854145624294,12.938967122596,12.9683476323027,12.9905090797627,13.0326241937565,13.0734483850767,13.1060504512161,13.1619542921045,13.2268102123345,13.2504841509617,13.2702473233698,13.3639145424563,13.3987119743474,13.4294436504735,13.475062829617,13.4999683919184,13.5251469081236,13.5682139023428,13.6180106821728,13.6403230562369,13.6839674883868,13.7243980449821,13.7575116539615,13.799293174543,13.843015985758,13.9018332992772,13.9304397836897,13.9897430637698,14.0138343090726,14.1242947440981,14.1765847226876,14.1983826473066,14.2367568627744,14.2612475245546,14.3589902957307,14.4137081436871,14.4344497138239,14.4787837304465,14.5154113295819,14.5601728053865,14.611605544642,14.6377324749124,14.7033805569324,14.720707436365,14.8288555203048,14.9050944667686,15.0025209184991,15.0389467866191,15.1212693917715,15.2000588631421,15.2244587324709,15.353945108252,15.3617934937124,15.4184978331078,15.4668974470441,15.4887701674568,15.5523050121443,15.7081781764692,15.7418690561788,15.8118474005906,15.8556451602379,15.9734706799398,16.0822349410041,16.0918761366374,16.2339416851943,16.2632463233659,16.4101406911007,16.5090616996912,16.5218685015259,16.6356296519994,16.7369158414214,16.8150805485176,16.9165840460647,17.0130056026453,17.2486420860855,17.4049040308785,17.5959960001826,17.7897244602639,17.9678224885896,18.0874835853482,18.1269015462609,18.32241634192,18.4224504097117,18.7146818477631,18.8364319914168,18.9760922683429,19.1827751132466,19.4046260454411,19.700404785019,19.9939427530507,20.1312663194918,20.2405176285227,20.6219653821633,21.1787172887574,21.5133570497122,23.3466064250987,NA,NA,NA,NA,NA,NA,NA,NA,NA,NA,NA,NA,NA,NA,NA,NA,NA,NA,NA,NA,NA,NA,NA,NA,NA,NA,NA,NA,NA,NA,NA,NA,NA,NA,NA,NA,NA,NA,NA
0.535347805994956,0.600043990476218,0.718322574521694,0.994659006442158,1.07660454444882,1.27355038557182,1.41318030168279,1.50456114624353,1.52317612271472,1.75666054463568,1.7976422277967,1.80995499064714,1.88310652900523,1.94118371179728,2.19004640717344,2.20302083263084,2.28629743384636,2.42825644927023,2.52765120447611,2.53839538536986,2.61244172632687,2.68124807628617,2.72610537387649,2.78031382098352,2.88759595380696,2.96111215574675,2.99934267875158,3.06158571313214,3.13175778227276,3.16901355288221,3.22761345836655,3.30939403689668,3.38765030444131,3.44860676856422,3.45822433265552,3.4943823334794,3.57713207788775,3.61255458042392,3.70681607584098,3.75736940133087,3.78876326064784,3.82838985416491,3.86585309757563,3.90793223942677,3.93827970588706,4.03986346441936,4.09766166099759,4.13527253359392,4.20633503094681,4.24957222438117,4.26826000082852,4.28458804068541,4.32543817588221,4.39207237500087,4.4105405444064,4.446443860252,4.50855548673894,4.54912570623912,4.61159611597585,4.64502201503552,4.65902677536125,4.7329719180815,4.79843539476282,4.82574172865124,4.85373055135578,4.90613220047497,4.9270527859986,4.97027696321178,5.00458291928422,5.06822929626611,5.08433198074947,5.08873475442274,5.13668491816875,5.15519853850194,5.17517987001164,5.19363561795038,5.21041668695139,5.27249562383754,5.31020176185005,5.33391603205289,5.34685074123351,5.39363750666266,5.43231299335726,5.44959479425057,5.4919414161175,5.52390627913036,5.57778905552943,5.6157362725745,5.63303023147045,5.68283435983198,5.71435912356264,5.72218582320322,5.74106372103394,5.79421640719839,5.84519272785887,5.87563787479613,5.88267554603451,5.91586103199506,5.93113291931898,5.94883500138991,5.96215035103189,5.99843996488387,6.02413401683724,6.04586562670739,6.06787675259358,6.06998416566439,6.13317697352571,6.13631504150696,6.15846908008812,6.20736086514586,6.24724423969593,6.26920477988021,6.32144414499656,6.3340136838322,6.3522579080839,6.36071111246862,6.40038675536751,6.41141271540368,6.43485667924665,6.43685366906276,6.48631414571578,6.50189973153337,6.56438727804804,6.59748475145434,6.60601667180111,6.65461959450255,6.69926847235466,6.72395526873232,6.75325851473609,6.76786721403879,6.81388516223769,6.82739148222962,6.84723765526373,6.87230153468308,6.88060983370392,6.91849106371582,6.93579035692631,6.95802011081823,6.97144247823116,6.99716907430422,7.01812513013277,7.02139117633384,7.05922830662296,7.10950627678896,7.12741139368838,7.15265744764468,7.17335234692334,7.21284246957487,7.21584055424116,7.24371662000068,7.25762572844988,7.28963925491986,7.30336170927804,7.32241263584075,7.35576887334011,7.37771843105325,7.39507398306365,7.43272195404315,7.45117483514874,7.4587493121291,7.4805245758848,7.51165508709814,7.53100461880958,7.55444938135821,7.57392065247301,7.61960563245275,7.6240789793988,7.66126109717086,7.6781184995091,7.69750826779503,7.70968481355785,7.7306002271112,7.77521789686939,7.78513887112975,7.81205907673448,7.85491632303137,7.86109578055967,7.87249116939806,7.88981666296821,7.93786898818999,7.94391271132801,7.96338442608792,8.02597861938211,8.03336635998419,8.07832536141499,8.09013578520871,8.10295863325498,8.10531880951074,8.16584371334747,8.17711939105952,8.20268197224925,8.23694797614721,8.28065248198858,8.28097442136898,8.31122538290584,8.33105913650118,8.36538297185669,8.39058995919552,8.40858639967023,8.43662207669305,8.45632212459985,8.47124417547533,8.50428129423902,8.51183049933178,8.55847095529333,8.58026176063984,8.59888898019918,8.63944272350981,8.64586063877615,8.65268652558212,8.70609117388301,8.73653614294284,8.74696121113115,8.76905964348077,8.7836511726987,8.80616217256478,8.82809140450415,8.87015429782843,8.90750267312509,8.91417158107715,8.94952703787322,9.00294398465118,9.04158307807326,9.07663024972159,9.09450572649857,9.10934852918352,9.13083722389492,9.17363109467006,9.2282195874785,9.24225910025351,9.28915041155414,9.30361840318441,9.32707927122853,9.37849006695953,9.38908539567927,9.41758531196735,9.44952294149698,9.4710237490838,9.51090891942277,9.51730968743081,9.57556754172606,9.60708999151944,9.62570866483893,9.66652036039524,9.68929438893623,9.70982348224314,9.74076143331136,9.7597942008038,9.79818317094402,9.86308563977047,9.87004957750451,9.92216129053774,9.93619550030022,9.97510632526067,9.98766496127907,10.0245428751879,10.0541150094108,10.0781900782741,10.0947034503373,10.1558685230267,10.1748060516376,10.1976454453711,10.2257109075073,10.2333970400219,10.2627074423206,10.2887388396187,10.3307673392216,10.3510316615519,10.3996240430772,10.4173517293068,10.4489867765283,10.4838196065611,10.5385968961739,10.5694013396354,10.5991683669077,10.645728942459,10.7120165362539,10.7209074795958,10.7550811746563,10.8115241221418,10.8172023997465,10.8731407882066,10.9323718233209,10.9515785634988,11.0349018159165,11.0530069591682,11.0951832378827,11.1343811150178,11.15969177109,11.1722608849133,11.207948875732,11.20998446696,11.2678462412458,11.3405497676079,11.3937749428895,11.4079203900363,11.433449900243,11.4811186170353,11.4986323882626,11.5556915225166,11.5720022569787,11.6020296968871,11.6054250434204,11.7356009453378,11.7513615313324,11.8082412490273,11.8271236208928,11.8437432850182,11.8910856186542,11.9303930663041,11.9356133190664,12.0134146368918,12.0770482119762,12.1077588600811,12.121604482292,12.1491052903481,12.1979866091535,12.2839297107787,12.2948842245749,12.3300486276154,12.344053494963,12.3916236709092,12.4218386499988,12.4793874287729,12.5211863443652,12.5883145320603,12.6414334566546,12.6683817152996,12.6807971139865,12.7471617260488,12.7862764445109,12.8356797637194,12.8657397103196,12.8854145624294,12.938967122596,12.9683476323027,12.9905090797627,13.0326241937565,13.0734483850767,13.1060504512161,13.1619542921045,13.2268102123345,13.2504841509617,13.2702473233698,13.3639145424563,13.3987119743474,13.4294436504735,13.475062829617,13.4999683919184,13.5251469081236,13.5682139023428,13.6180106821728,13.6403230562369,13.6839674883868,13.7243980449821,13.7575116539615,13.799293174543,13.843015985758,13.9018332992772,13.9304397836897,13.9897430637698,14.0138343090726,14.1242947440981,14.1765847226876,14.1983826473066,14.2367568627744,14.2612475245546,14.3589902957307,14.4137081436871,14.4344497138239,14.4787837304465,14.5154113295819,14.5601728053865,14.611605544642,14.6377324749124,14.7033805569324,14.720707436365,14.8288555203048,14.9050944667686,15.0025209184991,15.0389467866191,15.1212693917715,15.2000588631421,15.2244587324709,15.353945108252,15.3617934937124,15.4184978331078,15.4668974470441,15.4887701674568,15.5523050121443,15.7081781764692,15.7418690561788,15.8118474005906,15.8556451602379,15.9734706799398,16.0822349410041,16.0918761366374,16.2339416851943,16.2632463233659,16.4101406911007,16.5090616996912,16.5218685015259,16.6356296519994,16.7369158414214,16.8150805485176,16.9165840460647,17.0130056026453,17.2486420860855,17.4049040308785,17.5959960001826,17.7897244602639,17.9678224885896,18.0874835853482,18.1269015462609,18.32241634192,18.4224504097117,18.7146818477631,18.8364319914168,18.9760922683429,19.1827751132466,19.4046260454411,19.700404785019,19.9939427530507,20.1312663194918,20.2405176285227,20.6219653821633,21.1787172887574,21.5133570497122,23.3466064250987,NA,NA,NA,NA,NA,NA,NA,NA,NA,NA,NA,NA,NA,NA,NA,NA,NA,NA,NA,NA,NA,NA,NA,NA,NA,NA,NA,NA,NA,NA,NA,NA,NA,NA,NA,NA,NA,NA,NA
0.535347805994956,0.600043990476218,0.718322574521694,0.994659006442158,1.07660454444882,1.27355038557182,1.41318030168279,1.50456114624353,1.52317612271472,1.75666054463568,1.7976422277967,1.80995499064714,1.88310652900523,1.94118371179728,2.19004640717344,2.20302083263084,2.28629743384636,2.42825644927023,2.52765120447611,2.53839538536986,2.61244172632687,2.68124807628617,2.72610537387649,2.78031382098352,2.88759595380696,2.96111215574675,2.99934267875158,3.06158571313214,3.13175778227276,3.16901355288221,3.22761345836655,3.30939403689668,3.38765030444131,3.44860676856422,3.45822433265552,3.4943823334794,3.57713207788775,3.61255458042392,3.70681607584098,3.75736940133087,3.78876326064784,3.82838985416491,3.86585309757563,3.90793223942677,3.93827970588706,4.03986346441936,4.09766166099759,4.13527253359392,4.20633503094681,4.24957222438117,4.26826000082852,4.28458804068541,4.32543817588221,4.39207237500087,4.4105405444064,4.446443860252,4.50855548673894,4.54912570623912,4.61159611597585,4.64502201503552,4.65902677536125,4.7329719180815,4.79843539476282,4.82574172865124,4.85373055135578,4.90613220047497,4.9270527859986,4.97027696321178,5.00458291928422,5.06822929626611,5.08433198074947,5.08873475442274,5.13668491816875,5.15519853850194,5.17517987001164,5.19363561795038,5.21041668695139,5.27249562383754,5.31020176185005,5.33391603205289,5.34685074123351,5.39363750666266,5.43231299335726,5.44959479425057,5.4919414161175,5.52390627913036,5.57778905552943,5.6157362725745,5.63303023147045,5.68283435983198,5.71435912356264,5.72218582320322,5.74106372103394,5.79421640719839,5.84519272785887,5.87563787479613,5.88267554603451,5.91586103199506,5.93113291931898,5.94883500138991,5.96215035103189,5.99843996488387,6.02413401683724,6.04586562670739,6.06787675259358,6.06998416566439,6.13317697352571,6.13631504150696,6.15846908008812,6.20736086514586,6.24724423969593,6.26920477988021,6.32144414499656,6.3340136838322,6.3522579080839,6.36071111246862,6.40038675536751,6.41141271540368,6.43485667924665,6.43685366906276,6.48631414571578,6.50189973153337,6.56438727804804,6.59748475145434,6.60601667180111,6.65461959450255,6.69926847235466,6.72395526873232,6.75325851473609,6.76786721403879,6.81388516223769,6.82739148222962,6.84723765526373,6.87230153468308,6.88060983370392,6.91849106371582,6.93579035692631,6.95802011081823,6.97144247823116,6.99716907430422,7.01812513013277,7.02139117633384,7.05922830662296,7.10950627678896,7.12741139368838,7.15265744764468,7.17335234692334,7.21284246957487,7.21584055424116,7.24371662000068,7.25762572844988,7.28963925491986,7.30336170927804,7.32241263584075,7.35576887334011,7.37771843105325,7.39507398306365,7.43272195404315,7.45117483514874,7.4587493121291,7.4805245758848,7.51165508709814,7.53100461880958,7.55444938135821,7.57392065247301,7.61960563245275,7.6240789793988,7.66126109717086,7.6781184995091,7.69750826779503,7.70968481355785,7.7306002271112,7.77521789686939,7.78513887112975,7.81205907673448,7.85491632303137,7.86109578055967,7.87249116939806,7.88981666296821,7.93786898818999,7.94391271132801,7.96338442608792,8.02597861938211,8.03336635998419,8.07832536141499,8.09013578520871,8.10295863325498,8.10531880951074,8.16584371334747,8.17711939105952,8.20268197224925,8.23694797614721,8.28065248198858,8.28097442136898,8.31122538290584,8.33105913650118,8.36538297185669,8.39058995919552,8.40858639967023,8.43662207669305,8.45632212459985,8.47124417547533,8.50428129423902,8.51183049933178,8.55847095529333,8.58026176063984,8.59888898019918,8.63944272350981,8.64586063877615,8.65268652558212,8.70609117388301,8.73653614294284,8.74696121113115,8.76905964348077,8.7836511726987,8.80616217256478,8.82809140450415,8.87015429782843,8.90750267312509,8.91417158107715,8.94952703787322,9.00294398465118,9.04158307807326,9.07663024972159,9.09450572649857,9.10934852918352,9.13083722389492,9.17363109467006,9.2282195874785,9.24225910025351,9.28915041155414,9.30361840318441,9.32707927122853,9.37849006695953,9.38908539567927,9.41758531196735,9.44952294149698,9.4710237490838,9.51090891942277,9.51730968743081,9.57556754172606,9.60708999151944,9.62570866483893,9.66652036039524,9.68929438893623,9.70982348224314,9.74076143331136,9.7597942008038,9.79818317094402,9.86308563977047,9.87004957750451,9.92216129053774,9.93619550030022,9.97510632526067,9.98766496127907,10.0245428751879,10.0541150094108,10.0781900782741,10.0947034503373,10.1558685230267,10.1748060516376,10.1976454453711,10.2257109075073,10.2333970400219,10.2627074423206,10.2887388396187,10.3307673392216,10.3510316615519,10.3996240430772,10.4173517293068,10.4489867765283,10.4838196065611,10.5385968961739,10.5694013396354,10.5991683669077,10.645728942459,10.7120165362539,10.7209074795958,10.7550811746563,10.8115241221418,10.8172023997465,10.8731407882066,10.9323718233209,10.9515785634988,11.0349018159165,11.0530069591682,11.0951832378827,11.1343811150178,11.15969177109,11.1722608849133,11.207948875732,11.20998446696,11.2678462412458,11.3405497676079,11.3937749428895,11.4079203900363,11.433449900243,11.4811186170353,11.4986323882626,11.5556915225166,11.5720022569787,11.6020296968871,11.6054250434204,11.7356009453378,11.7513615313324,11.8082412490273,11.8271236208928,11.8437432850182,11.8910856186542,11.9303930663041,11.9356133190664,12.0134146368918,12.0770482119762,12.1077588600811,12.121604482292,12.1491052903481,12.1979866091535,12.2839297107787,12.2948842245749,12.3300486276154,12.344053494963,12.3916236709092,12.4218386499988,12.4793874287729,12.5211863443652,12.5883145320603,12.6414334566546,12.6683817152996,12.6807971139865,12.7471617260488,12.7862764445109,12.8356797637194,12.8657397103196,12.8854145624294,12.938967122596,12.9683476323027,12.9905090797627,13.0326241937565,13.0734483850767,13.1060504512161,13.1619542921045,13.2268102123345,13.2504841509617,13.2702473233698,13.3639145424563,13.3987119743474,13.4294436504735,13.475062829617,13.4999683919184,13.5251469081236,13.5682139023428,13.6180106821728,13.6403230562369,13.6839674883868,13.7243980449821,13.7575116539615,13.799293174543,13.843015985758,13.9018332992772,13.9304397836897,13.9897430637698,14.0138343090726,14.1242947440981,14.1765847226876,14.1983826473066,14.2367568627744,14.2612475245546,14.3589902957307,14.4137081436871,14.4344497138239,14.4787837304465,14.5154113295819,14.5601728053865,14.611605544642,14.6377324749124,14.7033805569324,14.720707436365,14.8288555203048,14.9050944667686,15.0025209184991,15.0389467866191,15.1212693917715,15.2000588631421,15.2244587324709,15.353945108252,15.3617934937124,15.4184978331078,15.4668974470441,15.4887701674568,15.5523050121443,15.7081781764692,15.7418690561788,15.8118474005906,15.8556451602379,15.9734706799398,16.0822349410041,16.0918761366374,16.2339416851943,16.2632463233659,16.4101406911007,16.5090616996912,16.5218685015259,16.6356296519994,16.7369158414214,16.8150805485176,16.9165840460647,17.0130056026453,17.2486420860855,17.4049040308785,17.5959960001826,17.7897244602639,17.9678224885896,18.0874835853482,18.1269015462609,18.32241634192,18.4224504097117,18.7146818477631,18.8364319914168,18.9760922683429,19.1827751132466,19.4046260454411,19.700404785019,19.9939427530507,20.1312663194918,20.2405176285227,20.6219653821633,21.1787172887574,21.5133570497122,23.3466064250987,NA,NA,NA,NA,NA,NA,NA,NA,NA,NA,NA,NA,NA,NA,NA,NA,NA,NA,NA,NA,NA,NA,NA,NA,NA,NA,NA,NA,NA,NA,NA,NA,NA,NA,NA,NA,NA,NA,NA
0.535347805994956,0.600043990476218,0.718322574521694,0.994659006442158,1.07660454444882,1.27355038557182,1.41318030168279,1.50456114624353,1.52317612271472,1.75666054463568,1.7976422277967,1.80995499064714,1.88310652900523,1.94118371179728,2.19004640717344,2.20302083263084,2.28629743384636,2.42825644927023,2.52765120447611,2.53839538536986,2.61244172632687,2.68124807628617,2.72610537387649,2.78031382098352,2.88759595380696,2.96111215574675,2.99934267875158,3.06158571313214,3.13175778227276,3.16901355288221,3.22761345836655,3.30939403689668,3.38765030444131,3.44860676856422,3.45822433265552,3.4943823334794,3.57713207788775,3.61255458042392,3.70681607584098,3.75736940133087,3.78876326064784,3.82838985416491,3.86585309757563,3.90793223942677,3.93827970588706,4.03986346441936,4.09766166099759,4.13527253359392,4.20633503094681,4.24957222438117,4.26826000082852,4.28458804068541,4.32543817588221,4.39207237500087,4.4105405444064,4.446443860252,4.50855548673894,4.54912570623912,4.61159611597585,4.64502201503552,4.65902677536125,4.7329719180815,4.79843539476282,4.82574172865124,4.85373055135578,4.90613220047497,4.9270527859986,4.97027696321178,5.00458291928422,5.06822929626611,5.08433198074947,5.08873475442274,5.13668491816875,5.15519853850194,5.17517987001164,5.19363561795038,5.21041668695139,5.27249562383754,5.31020176185005,5.33391603205289,5.34685074123351,5.39363750666266,5.43231299335726,5.44959479425057,5.4919414161175,5.52390627913036,5.57778905552943,5.6157362725745,5.63303023147045,5.68283435983198,5.71435912356264,5.72218582320322,5.74106372103394,5.79421640719839,5.84519272785887,5.87563787479613,5.88267554603451,5.91586103199506,5.93113291931898,5.94883500138991,5.96215035103189,5.99843996488387,6.02413401683724,6.04586562670739,6.06787675259358,6.06998416566439,6.13317697352571,6.13631504150696,6.15846908008812,6.20736086514586,6.24724423969593,6.26920477988021,6.32144414499656,6.3340136838322,6.3522579080839,6.36071111246862,6.40038675536751,6.41141271540368,6.43485667924665,6.43685366906276,6.48631414571578,6.50189973153337,6.56438727804804,6.59748475145434,6.60601667180111,6.65461959450255,6.69926847235466,6.72395526873232,6.75325851473609,6.76786721403879,6.81388516223769,6.82739148222962,6.84723765526373,6.87230153468308,6.88060983370392,6.91849106371582,6.93579035692631,6.95802011081823,6.97144247823116,6.99716907430422,7.01812513013277,7.02139117633384,7.05922830662296,7.10950627678896,7.12741139368838,7.15265744764468,7.17335234692334,7.21284246957487,7.21584055424116,7.24371662000068,7.25762572844988,7.28963925491986,7.30336170927804,7.32241263584075,7.35576887334011,7.37771843105325,7.39507398306365,7.43272195404315,7.45117483514874,7.4587493121291,7.4805245758848,7.51165508709814,7.53100461880958,7.55444938135821,7.57392065247301,7.61960563245275,7.6240789793988,7.66126109717086,7.6781184995091,7.69750826779503,7.70968481355785,7.7306002271112,7.77521789686939,7.78513887112975,7.81205907673448,7.85491632303137,7.86109578055967,7.87249116939806,7.88981666296821,7.93786898818999,7.94391271132801,7.96338442608792,8.02597861938211,8.03336635998419,8.07832536141499,8.09013578520871,8.10295863325498,8.10531880951074,8.16584371334747,8.17711939105952,8.20268197224925,8.23694797614721,8.28065248198858,8.28097442136898,8.31122538290584,8.33105913650118,8.36538297185669,8.39058995919552,8.40858639967023,8.43662207669305,8.45632212459985,8.47124417547533,8.50428129423902,8.51183049933178,8.55847095529333,8.58026176063984,8.59888898019918,8.63944272350981,8.64586063877615,8.65268652558212,8.70609117388301,8.73653614294284,8.74696121113115,8.76905964348077,8.7836511726987,8.80616217256478,8.82809140450415,8.87015429782843,8.90750267312509,8.91417158107715,8.94952703787322,9.00294398465118,9.04158307807326,9.07663024972159,9.09450572649857,9.10934852918352,9.13083722389492,9.17363109467006,9.2282195874785,9.24225910025351,9.28915041155414,9.30361840318441,9.32707927122853,9.37849006695953,9.38908539567927,9.41758531196735,9.44952294149698,9.4710237490838,9.51090891942277,9.51730968743081,9.57556754172606,9.60708999151944,9.62570866483893,9.66652036039524,9.68929438893623,9.70982348224314,9.74076143331136,9.7597942008038,9.79818317094402,9.86308563977047,9.87004957750451,9.92216129053774,9.93619550030022,9.97510632526067,9.98766496127907,10.0245428751879,10.0541150094108,10.0781900782741,10.0947034503373,10.1558685230267,10.1748060516376,10.1976454453711,10.2257109075073,10.2333970400219,10.2627074423206,10.2887388396187,10.3307673392216,10.3510316615519,10.3996240430772,10.4173517293068,10.4489867765283,10.4838196065611,10.5385968961739,10.5694013396354,10.5991683669077,10.645728942459,10.7120165362539,10.7209074795958,10.7550811746563,10.8115241221418,10.8172023997465,10.8731407882066,10.9323718233209,10.9515785634988,11.0349018159165,11.0530069591682,11.0951832378827,11.1343811150178,11.15969177109,11.1722608849133,11.207948875732,11.20998446696,11.2678462412458,11.3405497676079,11.3937749428895,11.4079203900363,11.433449900243,11.4811186170353,11.4986323882626,11.5556915225166,11.5720022569787,11.6020296968871,11.6054250434204,11.7356009453378,11.7513615313324,11.8082412490273,11.8271236208928,11.8437432850182,11.8910856186542,11.9303930663041,11.9356133190664,12.0134146368918,12.0770482119762,12.1077588600811,12.121604482292,12.1491052903481,12.1979866091535,12.2839297107787,12.2948842245749,12.3300486276154,12.344053494963,12.3916236709092,12.4218386499988,12.4793874287729,12.5211863443652,12.5883145320603,12.6414334566546,12.6683817152996,12.6807971139865,12.7471617260488,12.7862764445109,12.8356797637194,12.8657397103196,12.8854145624294,12.938967122596,12.9683476323027,12.9905090797627,13.0326241937565,13.0734483850767,13.1060504512161,13.1619542921045,13.2268102123345,13.2504841509617,13.2702473233698,13.3639145424563,13.3987119743474,13.4294436504735,13.475062829617,13.4999683919184,13.5251469081236,13.5682139023428,13.6180106821728,13.6403230562369,13.6839674883868,13.7243980449821,13.7575116539615,13.799293174543,13.843015985758,13.9018332992772,13.9304397836897,13.9897430637698,14.0138343090726,14.1242947440981,14.1765847226876,14.1983826473066,14.2367568627744,14.2612475245546,14.3589902957307,14.4137081436871,14.4344497138239,14.4787837304465,14.5154113295819,14.5601728053865,14.611605544642,14.6377324749124,14.7033805569324,14.720707436365,14.8288555203048,14.9050944667686,15.0025209184991,15.0389467866191,15.1212693917715,15.2000588631421,15.2244587324709,15.353945108252,15.3617934937124,15.4184978331078,15.4668974470441,15.4887701674568,15.5523050121443,15.7081781764692,15.7418690561788,15.8118474005906,15.8556451602379,15.9734706799398,16.0822349410041,16.0918761366374,16.2339416851943,16.2632463233659,16.4101406911007,16.5090616996912,16.5218685015259,16.6356296519994,16.7369158414214,16.8150805485176,16.9165840460647,17.0130056026453,17.2486420860855,17.4049040308785,17.5959960001826,17.7897244602639,17.9678224885896,18.0874835853482,18.1269015462609,18.32241634192,18.4224504097117,18.7146818477631,18.8364319914168,18.9760922683429,19.1827751132466,19.4046260454411,19.700404785019,19.9939427530507,20.1312663194918,20.2405176285227,20.6219653821633,21.1787172887574,21.5133570497122,23.3466064250987,NA,NA,NA,NA,NA,NA,NA,NA,NA,NA,NA,NA,NA,NA,NA,NA,NA,NA,NA,NA,NA,NA,NA,NA,NA,NA,NA,NA,NA,NA,NA,NA,NA,NA,NA,NA,NA,NA,NA
0.535347805994956,0.600043990476218,0.718322574521694,0.994659006442158,1.07660454444882,1.27355038557182,1.41318030168279,1.50456114624353,1.52317612271472,1.75666054463568,1.7976422277967,1.80995499064714,1.88310652900523,1.94118371179728,2.19004640717344,2.20302083263084,2.28629743384636,2.42825644927023,2.52765120447611,2.53839538536986,2.61244172632687,2.68124807628617,2.72610537387649,2.78031382098352,2.88759595380696,2.96111215574675,2.99934267875158,3.06158571313214,3.13175778227276,3.16901355288221,3.22761345836655,3.30939403689668,3.38765030444131,3.44860676856422,3.45822433265552,3.4943823334794,3.57713207788775,3.61255458042392,3.70681607584098,3.75736940133087,3.78876326064784,3.82838985416491,3.86585309757563,3.90793223942677,3.93827970588706,4.03986346441936,4.09766166099759,4.13527253359392,4.20633503094681,4.24957222438117,4.26826000082852,4.28458804068541,4.32543817588221,4.39207237500087,4.4105405444064,4.446443860252,4.50855548673894,4.54912570623912,4.61159611597585,4.64502201503552,4.65902677536125,4.7329719180815,4.79843539476282,4.82574172865124,4.85373055135578,4.90613220047497,4.9270527859986,4.97027696321178,5.00458291928422,5.06822929626611,5.08433198074947,5.08873475442274,5.13668491816875,5.15519853850194,5.17517987001164,5.19363561795038,5.21041668695139,5.27249562383754,5.31020176185005,5.33391603205289,5.34685074123351,5.39363750666266,5.43231299335726,5.44959479425057,5.4919414161175,5.52390627913036,5.57778905552943,5.6157362725745,5.63303023147045,5.68283435983198,5.71435912356264,5.72218582320322,5.74106372103394,5.79421640719839,5.84519272785887,5.87563787479613,5.88267554603451,5.91586103199506,5.93113291931898,5.94883500138991,5.96215035103189,5.99843996488387,6.02413401683724,6.04586562670739,6.06787675259358,6.06998416566439,6.13317697352571,6.13631504150696,6.15846908008812,6.20736086514586,6.24724423969593,6.26920477988021,6.32144414499656,6.3340136838322,6.3522579080839,6.36071111246862,6.40038675536751,6.41141271540368,6.43485667924665,6.43685366906276,6.48631414571578,6.50189973153337,6.56438727804804,6.59748475145434,6.60601667180111,6.65461959450255,6.69926847235466,6.72395526873232,6.75325851473609,6.76786721403879,6.81388516223769,6.82739148222962,6.84723765526373,6.87230153468308,6.88060983370392,6.91849106371582,6.93579035692631,6.95802011081823,6.97144247823116,6.99716907430422,7.01812513013277,7.02139117633384,7.05922830662296,7.10950627678896,7.12741139368838,7.15265744764468,7.17335234692334,7.21284246957487,7.21584055424116,7.24371662000068,7.25762572844988,7.28963925491986,7.30336170927804,7.32241263584075,7.35576887334011,7.37771843105325,7.39507398306365,7.43272195404315,7.45117483514874,7.4587493121291,7.4805245758848,7.51165508709814,7.53100461880958,7.55444938135821,7.57392065247301,7.61960563245275,7.6240789793988,7.66126109717086,7.6781184995091,7.69750826779503,7.70968481355785,7.7306002271112,7.77521789686939,7.78513887112975,7.81205907673448,7.85491632303137,7.86109578055967,7.87249116939806,7.88981666296821,7.93786898818999,7.94391271132801,7.96338442608792,8.02597861938211,8.03336635998419,8.07832536141499,8.09013578520871,8.10295863325498,8.10531880951074,8.16584371334747,8.17711939105952,8.20268197224925,8.23694797614721,8.28065248198858,8.28097442136898,8.31122538290584,8.33105913650118,8.36538297185669,8.39058995919552,8.40858639967023,8.43662207669305,8.45632212459985,8.47124417547533,8.50428129423902,8.51183049933178,8.55847095529333,8.58026176063984,8.59888898019918,8.63944272350981,8.64586063877615,8.65268652558212,8.70609117388301,8.73653614294284,8.74696121113115,8.76905964348077,8.7836511726987,8.80616217256478,8.82809140450415,8.87015429782843,8.90750267312509,8.91417158107715,8.94952703787322,9.00294398465118,9.04158307807326,9.07663024972159,9.09450572649857,9.10934852918352,9.13083722389492,9.17363109467006,9.2282195874785,9.24225910025351,9.28915041155414,9.30361840318441,9.32707927122853,9.37849006695953,9.38908539567927,9.41758531196735,9.44952294149698,9.4710237490838,9.51090891942277,9.51730968743081,9.57556754172606,9.60708999151944,9.62570866483893,9.66652036039524,9.68929438893623,9.70982348224314,9.74076143331136,9.7597942008038,9.79818317094402,9.86308563977047,9.87004957750451,9.92216129053774,9.93619550030022,9.97510632526067,9.98766496127907,10.0245428751879,10.0541150094108,10.0781900782741,10.0947034503373,10.1558685230267,10.1748060516376,10.1976454453711,10.2257109075073,10.2333970400219,10.2627074423206,10.2887388396187,10.3307673392216,10.3510316615519,10.3996240430772,10.4173517293068,10.4489867765283,10.4838196065611,10.5385968961739,10.5694013396354,10.5991683669077,10.645728942459,10.7120165362539,10.7209074795958,10.7550811746563,10.8115241221418,10.8172023997465,10.8731407882066,10.9323718233209,10.9515785634988,11.0349018159165,11.0530069591682,11.0951832378827,11.1343811150178,11.15969177109,11.1722608849133,11.207948875732,11.20998446696,11.2678462412458,11.3405497676079,11.3937749428895,11.4079203900363,11.433449900243,11.4811186170353,11.4986323882626,11.5556915225166,11.5720022569787,11.6020296968871,11.6054250434204,11.7356009453378,11.7513615313324,11.8082412490273,11.8271236208928,11.8437432850182,11.8910856186542,11.9303930663041,11.9356133190664,12.0134146368918,12.0770482119762,12.1077588600811,12.121604482292,12.1491052903481,12.1979866091535,12.2839297107787,12.2948842245749,12.3300486276154,12.344053494963,12.3916236709092,12.4218386499988,12.4793874287729,12.5211863443652,12.5883145320603,12.6414334566546,12.6683817152996,12.6807971139865,12.7471617260488,12.7862764445109,12.8356797637194,12.8657397103196,12.8854145624294,12.938967122596,12.9683476323027,12.9905090797627,13.0326241937565,13.0734483850767,13.1060504512161,13.1619542921045,13.2268102123345,13.2504841509617,13.2702473233698,13.3639145424563,13.3987119743474,13.4294436504735,13.475062829617,13.4999683919184,13.5251469081236,13.5682139023428,13.6180106821728,13.6403230562369,13.6839674883868,13.7243980449821,13.7575116539615,13.799293174543,13.843015985758,13.9018332992772,13.9304397836897,13.9897430637698,14.0138343090726,14.1242947440981,14.1765847226876,14.1983826473066,14.2367568627744,14.2612475245546,14.3589902957307,14.4137081436871,14.4344497138239,14.4787837304465,14.5154113295819,14.5601728053865,14.611605544642,14.6377324749124,14.7033805569324,14.720707436365,14.8288555203048,14.9050944667686,15.0025209184991,15.0389467866191,15.1212693917715,15.2000588631421,15.2244587324709,15.353945108252,15.3617934937124,15.4184978331078,15.4668974470441,15.4887701674568,15.5523050121443,15.7081781764692,15.7418690561788,15.8118474005906,15.8556451602379,15.9734706799398,16.0822349410041,16.0918761366374,16.2339416851943,16.2632463233659,16.4101406911007,16.5090616996912,16.5218685015259,16.6356296519994,16.7369158414214,16.8150805485176,16.9165840460647,17.0130056026453,17.2486420860855,17.4049040308785,17.5959960001826,17.7897244602639,17.9678224885896,18.0874835853482,18.1269015462609,18.32241634192,18.4224504097117,18.7146818477631,18.8364319914168,18.9760922683429,19.1827751132466,19.4046260454411,19.700404785019,19.9939427530507,20.1312663194918,20.2405176285227,20.6219653821633,21.1787172887574,21.5133570497122,23.3466064250987,NA,NA,NA,NA,NA,NA,NA,NA,NA,NA,NA,NA,NA,NA,NA,NA,NA,NA,NA,NA,NA,NA,NA,NA,NA,NA,NA,NA,NA,NA,NA,NA,NA,NA,NA,NA,NA,NA,NA
0.535347805994956,0.600043990476218,0.718322574521694,0.994659006442158,1.07660454444882,1.27355038557182,1.41318030168279,1.50456114624353,1.52317612271472,1.75666054463568,1.7976422277967,1.80995499064714,1.88310652900523,1.94118371179728,2.19004640717344,2.20302083263084,2.28629743384636,2.42825644927023,2.52765120447611,2.53839538536986,2.61244172632687,2.68124807628617,2.72610537387649,2.78031382098352,2.88759595380696,2.96111215574675,2.99934267875158,3.06158571313214,3.13175778227276,3.16901355288221,3.22761345836655,3.30939403689668,3.38765030444131,3.44860676856422,3.45822433265552,3.4943823334794,3.57713207788775,3.61255458042392,3.70681607584098,3.75736940133087,3.78876326064784,3.82838985416491,3.86585309757563,3.90793223942677,3.93827970588706,4.03986346441936,4.09766166099759,4.13527253359392,4.20633503094681,4.24957222438117,4.26826000082852,4.28458804068541,4.32543817588221,4.39207237500087,4.4105405444064,4.446443860252,4.50855548673894,4.54912570623912,4.61159611597585,4.64502201503552,4.65902677536125,4.7329719180815,4.79843539476282,4.82574172865124,4.85373055135578,4.90613220047497,4.9270527859986,4.97027696321178,5.00458291928422,5.06822929626611,5.08433198074947,5.08873475442274,5.13668491816875,5.15519853850194,5.17517987001164,5.19363561795038,5.21041668695139,5.27249562383754,5.31020176185005,5.33391603205289,5.34685074123351,5.39363750666266,5.43231299335726,5.44959479425057,5.4919414161175,5.52390627913036,5.57778905552943,5.6157362725745,5.63303023147045,5.68283435983198,5.71435912356264,5.72218582320322,5.74106372103394,5.79421640719839,5.84519272785887,5.87563787479613,5.88267554603451,5.91586103199506,5.93113291931898,5.94883500138991,5.96215035103189,5.99843996488387,6.02413401683724,6.04586562670739,6.06787675259358,6.06998416566439,6.13317697352571,6.13631504150696,6.15846908008812,6.20736086514586,6.24724423969593,6.26920477988021,6.32144414499656,6.3340136838322,6.3522579080839,6.36071111246862,6.40038675536751,6.41141271540368,6.43485667924665,6.43685366906276,6.48631414571578,6.50189973153337,6.56438727804804,6.59748475145434,6.60601667180111,6.65461959450255,6.69926847235466,6.72395526873232,6.75325851473609,6.76786721403879,6.81388516223769,6.82739148222962,6.84723765526373,6.87230153468308,6.88060983370392,6.91849106371582,6.93579035692631,6.95802011081823,6.97144247823116,6.99716907430422,7.01812513013277,7.02139117633384,7.05922830662296,7.10950627678896,7.12741139368838,7.15265744764468,7.17335234692334,7.21284246957487,7.21584055424116,7.24371662000068,7.25762572844988,7.28963925491986,7.30336170927804,7.32241263584075,7.35576887334011,7.37771843105325,7.39507398306365,7.43272195404315,7.45117483514874,7.4587493121291,7.4805245758848,7.51165508709814,7.53100461880958,7.55444938135821,7.57392065247301,7.61960563245275,7.6240789793988,7.66126109717086,7.6781184995091,7.69750826779503,7.70968481355785,7.7306002271112,7.77521789686939,7.78513887112975,7.81205907673448,7.85491632303137,7.86109578055967,7.87249116939806,7.88981666296821,7.93786898818999,7.94391271132801,7.96338442608792,8.02597861938211,8.03336635998419,8.07832536141499,8.09013578520871,8.10295863325498,8.10531880951074,8.16584371334747,8.17711939105952,8.20268197224925,8.23694797614721,8.28065248198858,8.28097442136898,8.31122538290584,8.33105913650118,8.36538297185669,8.39058995919552,8.40858639967023,8.43662207669305,8.45632212459985,8.47124417547533,8.50428129423902,8.51183049933178,8.55847095529333,8.58026176063984,8.59888898019918,8.63944272350981,8.64586063877615,8.65268652558212,8.70609117388301,8.73653614294284,8.74696121113115,8.76905964348077,8.7836511726987,8.80616217256478,8.82809140450415,8.87015429782843,8.90750267312509,8.91417158107715,8.94952703787322,9.00294398465118,9.04158307807326,9.07663024972159,9.09450572649857,9.10934852918352,9.13083722389492,9.17363109467006,9.2282195874785,9.24225910025351,9.28915041155414,9.30361840318441,9.32707927122853,9.37849006695953,9.38908539567927,9.41758531196735,9.44952294149698,9.4710237490838,9.51090891942277,9.51730968743081,9.57556754172606,9.60708999151944,9.62570866483893,9.66652036039524,9.68929438893623,9.70982348224314,9.74076143331136,9.7597942008038,9.79818317094402,9.86308563977047,9.87004957750451,9.92216129053774,9.93619550030022,9.97510632526067,9.98766496127907,10.0245428751879,10.0541150094108,10.0781900782741,10.0947034503373,10.1558685230267,10.1748060516376,10.1976454453711,10.2257109075073,10.2333970400219,10.2627074423206,10.2887388396187,10.3307673392216,10.3510316615519,10.3996240430772,10.4173517293068,10.4489867765283,10.4838196065611,10.5385968961739,10.5694013396354,10.5991683669077,10.645728942459,10.7120165362539,10.7209074795958,10.7550811746563,10.8115241221418,10.8172023997465,10.8731407882066,10.9323718233209,10.9515785634988,11.0349018159165,11.0530069591682,11.0951832378827,11.1343811150178,11.15969177109,11.1722608849133,11.207948875732,11.20998446696,11.2678462412458,11.3405497676079,11.3937749428895,11.4079203900363,11.433449900243,11.4811186170353,11.4986323882626,11.5556915225166,11.5720022569787,11.6020296968871,11.6054250434204,11.7356009453378,11.7513615313324,11.8082412490273,11.8271236208928,11.8437432850182,11.8910856186542,11.9303930663041,11.9356133190664,12.0134146368918,12.0770482119762,12.1077588600811,12.121604482292,12.1491052903481,12.1979866091535,12.2839297107787,12.2948842245749,12.3300486276154,12.344053494963,12.3916236709092,12.4218386499988,12.4793874287729,12.5211863443652,12.5883145320603,12.6414334566546,12.6683817152996,12.6807971139865,12.7471617260488,12.7862764445109,12.8356797637194,12.8657397103196,12.8854145624294,12.938967122596,12.9683476323027,12.9905090797627,13.0326241937565,13.0734483850767,13.1060504512161,13.1619542921045,13.2268102123345,13.2504841509617,13.2702473233698,13.3639145424563,13.3987119743474,13.4294436504735,13.475062829617,13.4999683919184,13.5251469081236,13.5682139023428,13.6180106821728,13.6403230562369,13.6839674883868,13.7243980449821,13.7575116539615,13.799293174543,13.843015985758,13.9018332992772,13.9304397836897,13.9897430637698,14.0138343090726,14.1242947440981,14.1765847226876,14.1983826473066,14.2367568627744,14.2612475245546,14.3589902957307,14.4137081436871,14.4344497138239,14.4787837304465,14.5154113295819,14.5601728053865,14.611605544642,14.6377324749124,14.7033805569324,14.720707436365,14.8288555203048,14.9050944667686,15.0025209184991,15.0389467866191,15.1212693917715,15.2000588631421,15.2244587324709,15.353945108252,15.3617934937124,15.4184978331078,15.4668974470441,15.4887701674568,15.5523050121443,15.7081781764692,15.7418690561788,15.8118474005906,15.8556451602379,15.9734706799398,16.0822349410041,16.0918761366374,16.2339416851943,16.2632463233659,16.4101406911007,16.5090616996912,16.5218685015259,16.6356296519994,16.7369158414214,16.8150805485176,16.9165840460647,17.0130056026453,17.2486420860855,17.4049040308785,17.5959960001826,17.7897244602639,17.9678224885896,18.0874835853482,18.1269015462609,18.32241634192,18.4224504097117,18.7146818477631,18.8364319914168,18.9760922683429,19.1827751132466,19.4046260454411,19.700404785019,19.9939427530507,20.1312663194918,20.2405176285227,20.6219653821633,21.1787172887574,21.5133570497122,23.3466064250987,NA,NA,NA,NA,NA,NA,NA,NA,NA,NA,NA,NA,NA,NA,NA,NA,NA,NA,NA,NA,NA,NA,NA,NA,NA,NA,NA,NA,NA,NA,NA,NA,NA,NA,NA,NA,NA,NA,NA
0.535347805994956,0.600043990476218,0.718322574521694,0.994659006442158,1.07660454444882,1.27355038557182,1.41318030168279,1.50456114624353,1.52317612271472,1.75666054463568,1.7976422277967,1.80995499064714,1.88310652900523,1.94118371179728,2.19004640717344,2.20302083263084,2.28629743384636,2.42825644927023,2.52765120447611,2.53839538536986,2.61244172632687,2.68124807628617,2.72610537387649,2.78031382098352,2.88759595380696,2.96111215574675,2.99934267875158,3.06158571313214,3.13175778227276,3.16901355288221,3.22761345836655,3.30939403689668,3.38765030444131,3.44860676856422,3.45822433265552,3.4943823334794,3.57713207788775,3.61255458042392,3.70681607584098,3.75736940133087,3.78876326064784,3.82838985416491,3.86585309757563,3.90793223942677,3.93827970588706,4.03986346441936,4.09766166099759,4.13527253359392,4.20633503094681,4.24957222438117,4.26826000082852,4.28458804068541,4.32543817588221,4.39207237500087,4.4105405444064,4.446443860252,4.50855548673894,4.54912570623912,4.61159611597585,4.64502201503552,4.65902677536125,4.7329719180815,4.79843539476282,4.82574172865124,4.85373055135578,4.90613220047497,4.9270527859986,4.97027696321178,5.00458291928422,5.06822929626611,5.08433198074947,5.08873475442274,5.13668491816875,5.15519853850194,5.17517987001164,5.19363561795038,5.21041668695139,5.27249562383754,5.31020176185005,5.33391603205289,5.34685074123351,5.39363750666266,5.43231299335726,5.44959479425057,5.4919414161175,5.52390627913036,5.57778905552943,5.6157362725745,5.63303023147045,5.68283435983198,5.71435912356264,5.72218582320322,5.74106372103394,5.79421640719839,5.84519272785887,5.87563787479613,5.88267554603451,5.91586103199506,5.93113291931898,5.94883500138991,5.96215035103189,5.99843996488387,6.02413401683724,6.04586562670739,6.06787675259358,6.06998416566439,6.13317697352571,6.13631504150696,6.15846908008812,6.20736086514586,6.24724423969593,6.26920477988021,6.32144414499656,6.3340136838322,6.3522579080839,6.36071111246862,6.40038675536751,6.41141271540368,6.43485667924665,6.43685366906276,6.48631414571578,6.50189973153337,6.56438727804804,6.59748475145434,6.60601667180111,6.65461959450255,6.69926847235466,6.72395526873232,6.75325851473609,6.76786721403879,6.81388516223769,6.82739148222962,6.84723765526373,6.87230153468308,6.88060983370392,6.91849106371582,6.93579035692631,6.95802011081823,6.97144247823116,6.99716907430422,7.01812513013277,7.02139117633384,7.05922830662296,7.10950627678896,7.12741139368838,7.15265744764468,7.17335234692334,7.21284246957487,7.21584055424116,7.24371662000068,7.25762572844988,7.28963925491986,7.30336170927804,7.32241263584075,7.35576887334011,7.37771843105325,7.39507398306365,7.43272195404315,7.45117483514874,7.4587493121291,7.4805245758848,7.51165508709814,7.53100461880958,7.55444938135821,7.57392065247301,7.61960563245275,7.6240789793988,7.66126109717086,7.6781184995091,7.69750826779503,7.70968481355785,7.7306002271112,7.77521789686939,7.78513887112975,7.81205907673448,7.85491632303137,7.86109578055967,7.87249116939806,7.88981666296821,7.93786898818999,7.94391271132801,7.96338442608792,8.02597861938211,8.03336635998419,8.07832536141499,8.09013578520871,8.10295863325498,8.10531880951074,8.16584371334747,8.17711939105952,8.20268197224925,8.23694797614721,8.28065248198858,8.28097442136898,8.31122538290584,8.33105913650118,8.36538297185669,8.39058995919552,8.40858639967023,8.43662207669305,8.45632212459985,8.47124417547533,8.50428129423902,8.51183049933178,8.55847095529333,8.58026176063984,8.59888898019918,8.63944272350981,8.64586063877615,8.65268652558212,8.70609117388301,8.73653614294284,8.74696121113115,8.76905964348077,8.7836511726987,8.80616217256478,8.82809140450415,8.87015429782843,8.90750267312509,8.91417158107715,8.94952703787322,9.00294398465118,9.04158307807326,9.07663024972159,9.09450572649857,9.10934852918352,9.13083722389492,9.17363109467006,9.2282195874785,9.24225910025351,9.28915041155414,9.30361840318441,9.32707927122853,9.37849006695953,9.38908539567927,9.41758531196735,9.44952294149698,9.4710237490838,9.51090891942277,9.51730968743081,9.57556754172606,9.60708999151944,9.62570866483893,9.66652036039524,9.68929438893623,9.70982348224314,9.74076143331136,9.7597942008038,9.79818317094402,9.86308563977047,9.87004957750451,9.92216129053774,9.93619550030022,9.97510632526067,9.98766496127907,10.0245428751879,10.0541150094108,10.0781900782741,10.0947034503373,10.1558685230267,10.1748060516376,10.1976454453711,10.2257109075073,10.2333970400219,10.2627074423206,10.2887388396187,10.3307673392216,10.3510316615519,10.3996240430772,10.4173517293068,10.4489867765283,10.4838196065611,10.5385968961739,10.5694013396354,10.5991683669077,10.645728942459,10.7120165362539,10.7209074795958,10.7550811746563,10.8115241221418,10.8172023997465,10.8731407882066,10.9323718233209,10.9515785634988,11.0349018159165,11.0530069591682,11.0951832378827,11.1343811150178,11.15969177109,11.1722608849133,11.207948875732,11.20998446696,11.2678462412458,11.3405497676079,11.3937749428895,11.4079203900363,11.433449900243,11.4811186170353,11.4986323882626,11.5556915225166,11.5720022569787,11.6020296968871,11.6054250434204,11.7356009453378,11.7513615313324,11.8082412490273,11.8271236208928,11.8437432850182,11.8910856186542,11.9303930663041,11.9356133190664,12.0134146368918,12.0770482119762,12.1077588600811,12.121604482292,12.1491052903481,12.1979866091535,12.2839297107787,12.2948842245749,12.3300486276154,12.344053494963,12.3916236709092,12.4218386499988,12.4793874287729,12.5211863443652,12.5883145320603,12.6414334566546,12.6683817152996,12.6807971139865,12.7471617260488,12.7862764445109,12.8356797637194,12.8657397103196,12.8854145624294,12.938967122596,12.9683476323027,12.9905090797627,13.0326241937565,13.0734483850767,13.1060504512161,13.1619542921045,13.2268102123345,13.2504841509617,13.2702473233698,13.3639145424563,13.3987119743474,13.4294436504735,13.475062829617,13.4999683919184,13.5251469081236,13.5682139023428,13.6180106821728,13.6403230562369,13.6839674883868,13.7243980449821,13.7575116539615,13.799293174543,13.843015985758,13.9018332992772,13.9304397836897,13.9897430637698,14.0138343090726,14.1242947440981,14.1765847226876,14.1983826473066,14.2367568627744,14.2612475245546,14.3589902957307,14.4137081436871,14.4344497138239,14.4787837304465,14.5154113295819,14.5601728053865,14.611605544642,14.6377324749124,14.7033805569324,14.720707436365,14.8288555203048,14.9050944667686,15.0025209184991,15.0389467866191,15.1212693917715,15.2000588631421,15.2244587324709,15.353945108252,15.3617934937124,15.4184978331078,15.4668974470441,15.4887701674568,15.5523050121443,15.7081781764692,15.7418690561788,15.8118474005906,15.8556451602379,15.9734706799398,16.0822349410041,16.0918761366374,16.2339416851943,16.2632463233659,16.4101406911007,16.5090616996912,16.5218685015259,16.6356296519994,16.7369158414214,16.8150805485176,16.9165840460647,17.0130056026453,17.2486420860855,17.4049040308785,17.5959960001826,17.7897244602639,17.9678224885896,18.0874835853482,18.1269015462609,18.32241634192,18.4224504097117,18.7146818477631,18.8364319914168,18.9760922683429,19.1827751132466,19.4046260454411,19.700404785019,19.9939427530507,20.1312663194918,20.2405176285227,20.6219653821633,21.1787172887574,21.5133570497122,23.3466064250987,NA,NA,NA,NA,NA,NA,NA,NA,NA,NA,NA,NA,NA,NA,NA,NA,NA,NA,NA,NA,NA,NA,NA,NA,NA,NA,NA,NA,NA,NA,NA,NA,NA,NA,NA,NA,NA,NA,NA
0.535347805994956,0.600043990476218,0.718322574521694,0.994659006442158,1.07660454444882,1.27355038557182,1.41318030168279,1.50456114624353,1.52317612271472,1.75666054463568,1.7976422277967,1.80995499064714,1.88310652900523,1.94118371179728,2.19004640717344,2.20302083263084,2.28629743384636,2.42825644927023,2.52765120447611,2.53839538536986,2.61244172632687,2.68124807628617,2.72610537387649,2.78031382098352,2.88759595380696,2.96111215574675,2.99934267875158,3.06158571313214,3.13175778227276,3.16901355288221,3.22761345836655,3.30939403689668,3.38765030444131,3.44860676856422,3.45822433265552,3.4943823334794,3.57713207788775,3.61255458042392,3.70681607584098,3.75736940133087,3.78876326064784,3.82838985416491,3.86585309757563,3.90793223942677,3.93827970588706,4.03986346441936,4.09766166099759,4.13527253359392,4.20633503094681,4.24957222438117,4.26826000082852,4.28458804068541,4.32543817588221,4.39207237500087,4.4105405444064,4.446443860252,4.50855548673894,4.54912570623912,4.61159611597585,4.64502201503552,4.65902677536125,4.7329719180815,4.79843539476282,4.82574172865124,4.85373055135578,4.90613220047497,4.9270527859986,4.97027696321178,5.00458291928422,5.06822929626611,5.08433198074947,5.08873475442274,5.13668491816875,5.15519853850194,5.17517987001164,5.19363561795038,5.21041668695139,5.27249562383754,5.31020176185005,5.33391603205289,5.34685074123351,5.39363750666266,5.43231299335726,5.44959479425057,5.4919414161175,5.52390627913036,5.57778905552943,5.6157362725745,5.63303023147045,5.68283435983198,5.71435912356264,5.72218582320322,5.74106372103394,5.79421640719839,5.84519272785887,5.87563787479613,5.88267554603451,5.91586103199506,5.93113291931898,5.94883500138991,5.96215035103189,5.99843996488387,6.02413401683724,6.04586562670739,6.06787675259358,6.06998416566439,6.13317697352571,6.13631504150696,6.15846908008812,6.20736086514586,6.24724423969593,6.26920477988021,6.32144414499656,6.3340136838322,6.3522579080839,6.36071111246862,6.40038675536751,6.41141271540368,6.43485667924665,6.43685366906276,6.48631414571578,6.50189973153337,6.56438727804804,6.59748475145434,6.60601667180111,6.65461959450255,6.69926847235466,6.72395526873232,6.75325851473609,6.76786721403879,6.81388516223769,6.82739148222962,6.84723765526373,6.87230153468308,6.88060983370392,6.91849106371582,6.93579035692631,6.95802011081823,6.97144247823116,6.99716907430422,7.01812513013277,7.02139117633384,7.05922830662296,7.10950627678896,7.12741139368838,7.15265744764468,7.17335234692334,7.21284246957487,7.21584055424116,7.24371662000068,7.25762572844988,7.28963925491986,7.30336170927804,7.32241263584075,7.35576887334011,7.37771843105325,7.39507398306365,7.43272195404315,7.45117483514874,7.4587493121291,7.4805245758848,7.51165508709814,7.53100461880958,7.55444938135821,7.57392065247301,7.61960563245275,7.6240789793988,7.66126109717086,7.6781184995091,7.69750826779503,7.70968481355785,7.7306002271112,7.77521789686939,7.78513887112975,7.81205907673448,7.85491632303137,7.86109578055967,7.87249116939806,7.88981666296821,7.93786898818999,7.94391271132801,7.96338442608792,8.02597861938211,8.03336635998419,8.07832536141499,8.09013578520871,8.10295863325498,8.10531880951074,8.16584371334747,8.17711939105952,8.20268197224925,8.23694797614721,8.28065248198858,8.28097442136898,8.31122538290584,8.33105913650118,8.36538297185669,8.39058995919552,8.40858639967023,8.43662207669305,8.45632212459985,8.47124417547533,8.50428129423902,8.51183049933178,8.55847095529333,8.58026176063984,8.59888898019918,8.63944272350981,8.64586063877615,8.65268652558212,8.70609117388301,8.73653614294284,8.74696121113115,8.76905964348077,8.7836511726987,8.80616217256478,8.82809140450415,8.87015429782843,8.90750267312509,8.91417158107715,8.94952703787322,9.00294398465118,9.04158307807326,9.07663024972159,9.09450572649857,9.10934852918352,9.13083722389492,9.17363109467006,9.2282195874785,9.24225910025351,9.28915041155414,9.30361840318441,9.32707927122853,9.37849006695953,9.38908539567927,9.41758531196735,9.44952294149698,9.4710237490838,9.51090891942277,9.51730968743081,9.57556754172606,9.60708999151944,9.62570866483893,9.66652036039524,9.68929438893623,9.70982348224314,9.74076143331136,9.7597942008038,9.79818317094402,9.86308563977047,9.87004957750451,9.92216129053774,9.93619550030022,9.97510632526067,9.98766496127907,10.0245428751879,10.0541150094108,10.0781900782741,10.0947034503373,10.1558685230267,10.1748060516376,10.1976454453711,10.2257109075073,10.2333970400219,10.2627074423206,10.2887388396187,10.3307673392216,10.3510316615519,10.3996240430772,10.4173517293068,10.4489867765283,10.4838196065611,10.5385968961739,10.5694013396354,10.5991683669077,10.645728942459,10.7120165362539,10.7209074795958,10.7550811746563,10.8115241221418,10.8172023997465,10.8731407882066,10.9323718233209,10.9515785634988,11.0349018159165,11.0530069591682,11.0951832378827,11.1343811150178,11.15969177109,11.1722608849133,11.207948875732,11.20998446696,11.2678462412458,11.3405497676079,11.3937749428895,11.4079203900363,11.433449900243,11.4811186170353,11.4986323882626,11.5556915225166,11.5720022569787,11.6020296968871,11.6054250434204,11.7356009453378,11.7513615313324,11.8082412490273,11.8271236208928,11.8437432850182,11.8910856186542,11.9303930663041,11.9356133190664,12.0134146368918,12.0770482119762,12.1077588600811,12.121604482292,12.1491052903481,12.1979866091535,12.2839297107787,12.2948842245749,12.3300486276154,12.344053494963,12.3916236709092,12.4218386499988,12.4793874287729,12.5211863443652,12.5883145320603,12.6414334566546,12.6683817152996,12.6807971139865,12.7471617260488,12.7862764445109,12.8356797637194,12.8657397103196,12.8854145624294,12.938967122596,12.9683476323027,12.9905090797627,13.0326241937565,13.0734483850767,13.1060504512161,13.1619542921045,13.2268102123345,13.2504841509617,13.2702473233698,13.3639145424563,13.3987119743474,13.4294436504735,13.475062829617,13.4999683919184,13.5251469081236,13.5682139023428,13.6180106821728,13.6403230562369,13.6839674883868,13.7243980449821,13.7575116539615,13.799293174543,13.843015985758,13.9018332992772,13.9304397836897,13.9897430637698,14.0138343090726,14.1242947440981,14.1765847226876,14.1983826473066,14.2367568627744,14.2612475245546,14.3589902957307,14.4137081436871,14.4344497138239,14.4787837304465,14.5154113295819,14.5601728053865,14.611605544642,14.6377324749124,14.7033805569324,14.720707436365,14.8288555203048,14.9050944667686,15.0025209184991,15.0389467866191,15.1212693917715,15.2000588631421,15.2244587324709,15.353945108252,15.3617934937124,15.4184978331078,15.4668974470441,15.4887701674568,15.5523050121443,15.7081781764692,15.7418690561788,15.8118474005906,15.8556451602379,15.9734706799398,16.0822349410041,16.0918761366374,16.2339416851943,16.2632463233659,16.4101406911007,16.5090616996912,16.5218685015259,16.6356296519994,16.7369158414214,16.8150805485176,16.9165840460647,17.0130056026453,17.2486420860855,17.4049040308785,17.5959960001826,17.7897244602639,17.9678224885896,18.0874835853482,18.1269015462609,18.32241634192,18.4224504097117,18.7146818477631,18.8364319914168,18.9760922683429,19.1827751132466,19.4046260454411,19.700404785019,19.9939427530507,20.1312663194918,20.2405176285227,20.6219653821633,21.1787172887574,21.5133570497122,23.3466064250987,NA,NA,NA,NA,NA,NA,NA,NA,NA,NA,NA,NA,NA,NA,NA,NA,NA,NA,NA,NA,NA,NA,NA,NA,NA,NA,NA,NA,NA,NA,NA,NA,NA,NA,NA,NA,NA,NA,NA
0.535347805994956,0.600043990476218,0.718322574521694,0.994659006442158,1.07660454444882,1.27355038557182,1.41318030168279,1.50456114624353,1.52317612271472,1.75666054463568,1.7976422277967,1.80995499064714,1.88310652900523,1.94118371179728,2.19004640717344,2.20302083263084,2.28629743384636,2.42825644927023,2.52765120447611,2.53839538536986,2.61244172632687,2.68124807628617,2.72610537387649,2.78031382098352,2.88759595380696,2.96111215574675,2.99934267875158,3.06158571313214,3.13175778227276,3.16901355288221,3.22761345836655,3.30939403689668,3.38765030444131,3.44860676856422,3.45822433265552,3.4943823334794,3.57713207788775,3.61255458042392,3.70681607584098,3.75736940133087,3.78876326064784,3.82838985416491,3.86585309757563,3.90793223942677,3.93827970588706,4.03986346441936,4.09766166099759,4.13527253359392,4.20633503094681,4.24957222438117,4.26826000082852,4.28458804068541,4.32543817588221,4.39207237500087,4.4105405444064,4.446443860252,4.50855548673894,4.54912570623912,4.61159611597585,4.64502201503552,4.65902677536125,4.7329719180815,4.79843539476282,4.82574172865124,4.85373055135578,4.90613220047497,4.9270527859986,4.97027696321178,5.00458291928422,5.06822929626611,5.08433198074947,5.08873475442274,5.13668491816875,5.15519853850194,5.17517987001164,5.19363561795038,5.21041668695139,5.27249562383754,5.31020176185005,5.33391603205289,5.34685074123351,5.39363750666266,5.43231299335726,5.44959479425057,5.4919414161175,5.52390627913036,5.57778905552943,5.6157362725745,5.63303023147045,5.68283435983198,5.71435912356264,5.72218582320322,5.74106372103394,5.79421640719839,5.84519272785887,5.87563787479613,5.88267554603451,5.91586103199506,5.93113291931898,5.94883500138991,5.96215035103189,5.99843996488387,6.02413401683724,6.04586562670739,6.06787675259358,6.06998416566439,6.13317697352571,6.13631504150696,6.15846908008812,6.20736086514586,6.24724423969593,6.26920477988021,6.32144414499656,6.3340136838322,6.3522579080839,6.36071111246862,6.40038675536751,6.41141271540368,6.43485667924665,6.43685366906276,6.48631414571578,6.50189973153337,6.56438727804804,6.59748475145434,6.60601667180111,6.65461959450255,6.69926847235466,6.72395526873232,6.75325851473609,6.76786721403879,6.81388516223769,6.82739148222962,6.84723765526373,6.87230153468308,6.88060983370392,6.91849106371582,6.93579035692631,6.95802011081823,6.97144247823116,6.99716907430422,7.01812513013277,7.02139117633384,7.05922830662296,7.10950627678896,7.12741139368838,7.15265744764468,7.17335234692334,7.21284246957487,7.21584055424116,7.24371662000068,7.25762572844988,7.28963925491986,7.30336170927804,7.32241263584075,7.35576887334011,7.37771843105325,7.39507398306365,7.43272195404315,7.45117483514874,7.4587493121291,7.4805245758848,7.51165508709814,7.53100461880958,7.55444938135821,7.57392065247301,7.61960563245275,7.6240789793988,7.66126109717086,7.6781184995091,7.69750826779503,7.70968481355785,7.7306002271112,7.77521789686939,7.78513887112975,7.81205907673448,7.85491632303137,7.86109578055967,7.87249116939806,7.88981666296821,7.93786898818999,7.94391271132801,7.96338442608792,8.02597861938211,8.03336635998419,8.07832536141499,8.09013578520871,8.10295863325498,8.10531880951074,8.16584371334747,8.17711939105952,8.20268197224925,8.23694797614721,8.28065248198858,8.28097442136898,8.31122538290584,8.33105913650118,8.36538297185669,8.39058995919552,8.40858639967023,8.43662207669305,8.45632212459985,8.47124417547533,8.50428129423902,8.51183049933178,8.55847095529333,8.58026176063984,8.59888898019918,8.63944272350981,8.64586063877615,8.65268652558212,8.70609117388301,8.73653614294284,8.74696121113115,8.76905964348077,8.7836511726987,8.80616217256478,8.82809140450415,8.87015429782843,8.90750267312509,8.91417158107715,8.94952703787322,9.00294398465118,9.04158307807326,9.07663024972159,9.09450572649857,9.10934852918352,9.13083722389492,9.17363109467006,9.2282195874785,9.24225910025351,9.28915041155414,9.30361840318441,9.32707927122853,9.37849006695953,9.38908539567927,9.41758531196735,9.44952294149698,9.4710237490838,9.51090891942277,9.51730968743081,9.57556754172606,9.60708999151944,9.62570866483893,9.66652036039524,9.68929438893623,9.70982348224314,9.74076143331136,9.7597942008038,9.79818317094402,9.86308563977047,9.87004957750451,9.92216129053774,9.93619550030022,9.97510632526067,9.98766496127907,10.0245428751879,10.0541150094108,10.0781900782741,10.0947034503373,10.1558685230267,10.1748060516376,10.1976454453711,10.2257109075073,10.2333970400219,10.2627074423206,10.2887388396187,10.3307673392216,10.3510316615519,10.3996240430772,10.4173517293068,10.4489867765283,10.4838196065611,10.5385968961739,10.5694013396354,10.5991683669077,10.645728942459,10.7120165362539,10.7209074795958,10.7550811746563,10.8115241221418,10.8172023997465,10.8731407882066,10.9323718233209,10.9515785634988,11.0349018159165,11.0530069591682,11.0951832378827,11.1343811150178,11.15969177109,11.1722608849133,11.207948875732,11.20998446696,11.2678462412458,11.3405497676079,11.3937749428895,11.4079203900363,11.433449900243,11.4811186170353,11.4986323882626,11.5556915225166,11.5720022569787,11.6020296968871,11.6054250434204,11.7356009453378,11.7513615313324,11.8082412490273,11.8271236208928,11.8437432850182,11.8910856186542,11.9303930663041,11.9356133190664,12.0134146368918,12.0770482119762,12.1077588600811,12.121604482292,12.1491052903481,12.1979866091535,12.2839297107787,12.2948842245749,12.3300486276154,12.344053494963,12.3916236709092,12.4218386499988,12.4793874287729,12.5211863443652,12.5883145320603,12.6414334566546,12.6683817152996,12.6807971139865,12.7471617260488,12.7862764445109,12.8356797637194,12.8657397103196,12.8854145624294,12.938967122596,12.9683476323027,12.9905090797627,13.0326241937565,13.0734483850767,13.1060504512161,13.1619542921045,13.2268102123345,13.2504841509617,13.2702473233698,13.3639145424563,13.3987119743474,13.4294436504735,13.475062829617,13.4999683919184,13.5251469081236,13.5682139023428,13.6180106821728,13.6403230562369,13.6839674883868,13.7243980449821,13.7575116539615,13.799293174543,13.843015985758,13.9018332992772,13.9304397836897,13.9897430637698,14.0138343090726,14.1242947440981,14.1765847226876,14.1983826473066,14.2367568627744,14.2612475245546,14.3589902957307,14.4137081436871,14.4344497138239,14.4787837304465,14.5154113295819,14.5601728053865,14.611605544642,14.6377324749124,14.7033805569324,14.720707436365,14.8288555203048,14.9050944667686,15.0025209184991,15.0389467866191,15.1212693917715,15.2000588631421,15.2244587324709,15.353945108252,15.3617934937124,15.4184978331078,15.4668974470441,15.4887701674568,15.5523050121443,15.7081781764692,15.7418690561788,15.8118474005906,15.8556451602379,15.9734706799398,16.0822349410041,16.0918761366374,16.2339416851943,16.2632463233659,16.4101406911007,16.5090616996912,16.5218685015259,16.6356296519994,16.7369158414214,16.8150805485176,16.9165840460647,17.0130056026453,17.2486420860855,17.4049040308785,17.5959960001826,17.7897244602639,17.9678224885896,18.0874835853482,18.1269015462609,18.32241634192,18.4224504097117,18.7146818477631,18.8364319914168,18.9760922683429,19.1827751132466,19.4046260454411,19.700404785019,19.9939427530507,20.1312663194918,20.2405176285227,20.6219653821633,21.1787172887574,21.5133570497122,23.3466064250987,NA,NA,NA,NA,NA,NA,NA,NA,NA,NA,NA,NA,NA,NA,NA,NA,NA,NA,NA,NA,NA,NA,NA,NA,NA,NA,NA,NA,NA,NA,NA,NA,NA,NA,NA,NA,NA,NA,NA
0.535347805994956,0.600043990476218,0.718322574521694,0.994659006442158,1.07660454444882,1.27355038557182,1.41318030168279,1.50456114624353,1.52317612271472,1.75666054463568,1.7976422277967,1.80995499064714,1.88310652900523,1.94118371179728,2.19004640717344,2.20302083263084,2.28629743384636,2.42825644927023,2.52765120447611,2.53839538536986,2.61244172632687,2.68124807628617,2.72610537387649,2.78031382098352,2.88759595380696,2.96111215574675,2.99934267875158,3.06158571313214,3.13175778227276,3.16901355288221,3.22761345836655,3.30939403689668,3.38765030444131,3.44860676856422,3.45822433265552,3.4943823334794,3.57713207788775,3.61255458042392,3.70681607584098,3.75736940133087,3.78876326064784,3.82838985416491,3.86585309757563,3.90793223942677,3.93827970588706,4.03986346441936,4.09766166099759,4.13527253359392,4.20633503094681,4.24957222438117,4.26826000082852,4.28458804068541,4.32543817588221,4.39207237500087,4.4105405444064,4.446443860252,4.50855548673894,4.54912570623912,4.61159611597585,4.64502201503552,4.65902677536125,4.7329719180815,4.79843539476282,4.82574172865124,4.85373055135578,4.90613220047497,4.9270527859986,4.97027696321178,5.00458291928422,5.06822929626611,5.08433198074947,5.08873475442274,5.13668491816875,5.15519853850194,5.17517987001164,5.19363561795038,5.21041668695139,5.27249562383754,5.31020176185005,5.33391603205289,5.34685074123351,5.39363750666266,5.43231299335726,5.44959479425057,5.4919414161175,5.52390627913036,5.57778905552943,5.6157362725745,5.63303023147045,5.68283435983198,5.71435912356264,5.72218582320322,5.74106372103394,5.79421640719839,5.84519272785887,5.87563787479613,5.88267554603451,5.91586103199506,5.93113291931898,5.94883500138991,5.96215035103189,5.99843996488387,6.02413401683724,6.04586562670739,6.06787675259358,6.06998416566439,6.13317697352571,6.13631504150696,6.15846908008812,6.20736086514586,6.24724423969593,6.26920477988021,6.32144414499656,6.3340136838322,6.3522579080839,6.36071111246862,6.40038675536751,6.41141271540368,6.43485667924665,6.43685366906276,6.48631414571578,6.50189973153337,6.56438727804804,6.59748475145434,6.60601667180111,6.65461959450255,6.69926847235466,6.72395526873232,6.75325851473609,6.76786721403879,6.81388516223769,6.82739148222962,6.84723765526373,6.87230153468308,6.88060983370392,6.91849106371582,6.93579035692631,6.95802011081823,6.97144247823116,6.99716907430422,7.01812513013277,7.02139117633384,7.05922830662296,7.10950627678896,7.12741139368838,7.15265744764468,7.17335234692334,7.21284246957487,7.21584055424116,7.24371662000068,7.25762572844988,7.28963925491986,7.30336170927804,7.32241263584075,7.35576887334011,7.37771843105325,7.39507398306365,7.43272195404315,7.45117483514874,7.4587493121291,7.4805245758848,7.51165508709814,7.53100461880958,7.55444938135821,7.57392065247301,7.61960563245275,7.6240789793988,7.66126109717086,7.6781184995091,7.69750826779503,7.70968481355785,7.7306002271112,7.77521789686939,7.78513887112975,7.81205907673448,7.85491632303137,7.86109578055967,7.87249116939806,7.88981666296821,7.93786898818999,7.94391271132801,7.96338442608792,8.02597861938211,8.03336635998419,8.07832536141499,8.09013578520871,8.10295863325498,8.10531880951074,8.16584371334747,8.17711939105952,8.20268197224925,8.23694797614721,8.28065248198858,8.28097442136898,8.31122538290584,8.33105913650118,8.36538297185669,8.39058995919552,8.40858639967023,8.43662207669305,8.45632212459985,8.47124417547533,8.50428129423902,8.51183049933178,8.55847095529333,8.58026176063984,8.59888898019918,8.63944272350981,8.64586063877615,8.65268652558212,8.70609117388301,8.73653614294284,8.74696121113115,8.76905964348077,8.7836511726987,8.80616217256478,8.82809140450415,8.87015429782843,8.90750267312509,8.91417158107715,8.94952703787322,9.00294398465118,9.04158307807326,9.07663024972159,9.09450572649857,9.10934852918352,9.13083722389492,9.17363109467006,9.2282195874785,9.24225910025351,9.28915041155414,9.30361840318441,9.32707927122853,9.37849006695953,9.38908539567927,9.41758531196735,9.44952294149698,9.4710237490838,9.51090891942277,9.51730968743081,9.57556754172606,9.60708999151944,9.62570866483893,9.66652036039524,9.68929438893623,9.70982348224314,9.74076143331136,9.7597942008038,9.79818317094402,9.86308563977047,9.87004957750451,9.92216129053774,9.93619550030022,9.97510632526067,9.98766496127907,10.0245428751879,10.0541150094108,10.0781900782741,10.0947034503373,10.1558685230267,10.1748060516376,10.1976454453711,10.2257109075073,10.2333970400219,10.2627074423206,10.2887388396187,10.3307673392216,10.3510316615519,10.3996240430772,10.4173517293068,10.4489867765283,10.4838196065611,10.5385968961739,10.5694013396354,10.5991683669077,10.645728942459,10.7120165362539,10.7209074795958,10.7550811746563,10.8115241221418,10.8172023997465,10.8731407882066,10.9323718233209,10.9515785634988,11.0349018159165,11.0530069591682,11.0951832378827,11.1343811150178,11.15969177109,11.1722608849133,11.207948875732,11.20998446696,11.2678462412458,11.3405497676079,11.3937749428895,11.4079203900363,11.433449900243,11.4811186170353,11.4986323882626,11.5556915225166,11.5720022569787,11.6020296968871,11.6054250434204,11.7356009453378,11.7513615313324,11.8082412490273,11.8271236208928,11.8437432850182,11.8910856186542,11.9303930663041,11.9356133190664,12.0134146368918,12.0770482119762,12.1077588600811,12.121604482292,12.1491052903481,12.1979866091535,12.2839297107787,12.2948842245749,12.3300486276154,12.344053494963,12.3916236709092,12.4218386499988,12.4793874287729,12.5211863443652,12.5883145320603,12.6414334566546,12.6683817152996,12.6807971139865,12.7471617260488,12.7862764445109,12.8356797637194,12.8657397103196,12.8854145624294,12.938967122596,12.9683476323027,12.9905090797627,13.0326241937565,13.0734483850767,13.1060504512161,13.1619542921045,13.2268102123345,13.2504841509617,13.2702473233698,13.3639145424563,13.3987119743474,13.4294436504735,13.475062829617,13.4999683919184,13.5251469081236,13.5682139023428,13.6180106821728,13.6403230562369,13.6839674883868,13.7243980449821,13.7575116539615,13.799293174543,13.843015985758,13.9018332992772,13.9304397836897,13.9897430637698,14.0138343090726,14.1242947440981,14.1765847226876,14.1983826473066,14.2367568627744,14.2612475245546,14.3589902957307,14.4137081436871,14.4344497138239,14.4787837304465,14.5154113295819,14.5601728053865,14.611605544642,14.6377324749124,14.7033805569324,14.720707436365,14.8288555203048,14.9050944667686,15.0025209184991,15.0389467866191,15.1212693917715,15.2000588631421,15.2244587324709,15.353945108252,15.3617934937124,15.4184978331078,15.4668974470441,15.4887701674568,15.5523050121443,15.7081781764692,15.7418690561788,15.8118474005906,15.8556451602379,15.9734706799398,16.0822349410041,16.0918761366374,16.2339416851943,16.2632463233659,16.4101406911007,16.5090616996912,16.5218685015259,16.6356296519994,16.7369158414214,16.8150805485176,16.9165840460647,17.0130056026453,17.2486420860855,17.4049040308785,17.5959960001826,17.7897244602639,17.9678224885896,18.0874835853482,18.1269015462609,18.32241634192,18.4224504097117,18.7146818477631,18.8364319914168,18.9760922683429,19.1827751132466,19.4046260454411,19.700404785019,19.9939427530507,20.1312663194918,20.2405176285227,20.6219653821633,21.1787172887574,21.5133570497122,23.3466064250987,NA,NA,NA,NA,NA,NA,NA,NA,NA,NA,NA,NA,NA,NA,NA,NA,NA,NA,NA,NA,NA,NA,NA,NA,NA,NA,NA,NA,NA,NA,NA,NA,NA,NA,NA,NA,NA,NA,NA
0.535347805994956,0.600043990476218,0.718322574521694,0.994659006442158,1.07660454444882,1.27355038557182,1.41318030168279,1.50456114624353,1.52317612271472,1.75666054463568,1.7976422277967,1.80995499064714,1.88310652900523,1.94118371179728,2.19004640717344,2.20302083263084,2.28629743384636,2.42825644927023,2.52765120447611,2.53839538536986,2.61244172632687,2.68124807628617,2.72610537387649,2.78031382098352,2.88759595380696,2.96111215574675,2.99934267875158,3.06158571313214,3.13175778227276,3.16901355288221,3.22761345836655,3.30939403689668,3.38765030444131,3.44860676856422,3.45822433265552,3.4943823334794,3.57713207788775,3.61255458042392,3.70681607584098,3.75736940133087,3.78876326064784,3.82838985416491,3.86585309757563,3.90793223942677,3.93827970588706,4.03986346441936,4.09766166099759,4.13527253359392,4.20633503094681,4.24957222438117,4.26826000082852,4.28458804068541,4.32543817588221,4.39207237500087,4.4105405444064,4.446443860252,4.50855548673894,4.54912570623912,4.61159611597585,4.64502201503552,4.65902677536125,4.7329719180815,4.79843539476282,4.82574172865124,4.85373055135578,4.90613220047497,4.9270527859986,4.97027696321178,5.00458291928422,5.06822929626611,5.08433198074947,5.08873475442274,5.13668491816875,5.15519853850194,5.17517987001164,5.19363561795038,5.21041668695139,5.27249562383754,5.31020176185005,5.33391603205289,5.34685074123351,5.39363750666266,5.43231299335726,5.44959479425057,5.4919414161175,5.52390627913036,5.57778905552943,5.6157362725745,5.63303023147045,5.68283435983198,5.71435912356264,5.72218582320322,5.74106372103394,5.79421640719839,5.84519272785887,5.87563787479613,5.88267554603451,5.91586103199506,5.93113291931898,5.94883500138991,5.96215035103189,5.99843996488387,6.02413401683724,6.04586562670739,6.06787675259358,6.06998416566439,6.13317697352571,6.13631504150696,6.15846908008812,6.20736086514586,6.24724423969593,6.26920477988021,6.32144414499656,6.3340136838322,6.3522579080839,6.36071111246862,6.40038675536751,6.41141271540368,6.43485667924665,6.43685366906276,6.48631414571578,6.50189973153337,6.56438727804804,6.59748475145434,6.60601667180111,6.65461959450255,6.69926847235466,6.72395526873232,6.75325851473609,6.76786721403879,6.81388516223769,6.82739148222962,6.84723765526373,6.87230153468308,6.88060983370392,6.91849106371582,6.93579035692631,6.95802011081823,6.97144247823116,6.99716907430422,7.01812513013277,7.02139117633384,7.05922830662296,7.10950627678896,7.12741139368838,7.15265744764468,7.17335234692334,7.21284246957487,7.21584055424116,7.24371662000068,7.25762572844988,7.28963925491986,7.30336170927804,7.32241263584075,7.35576887334011,7.37771843105325,7.39507398306365,7.43272195404315,7.45117483514874,7.4587493121291,7.4805245758848,7.51165508709814,7.53100461880958,7.55444938135821,7.57392065247301,7.61960563245275,7.6240789793988,7.66126109717086,7.6781184995091,7.69750826779503,7.70968481355785,7.7306002271112,7.77521789686939,7.78513887112975,7.81205907673448,7.85491632303137,7.86109578055967,7.87249116939806,7.88981666296821,7.93786898818999,7.94391271132801,7.96338442608792,8.02597861938211,8.03336635998419,8.07832536141499,8.09013578520871,8.10295863325498,8.10531880951074,8.16584371334747,8.17711939105952,8.20268197224925,8.23694797614721,8.28065248198858,8.28097442136898,8.31122538290584,8.33105913650118,8.36538297185669,8.39058995919552,8.40858639967023,8.43662207669305,8.45632212459985,8.47124417547533,8.50428129423902,8.51183049933178,8.55847095529333,8.58026176063984,8.59888898019918,8.63944272350981,8.64586063877615,8.65268652558212,8.70609117388301,8.73653614294284,8.74696121113115,8.76905964348077,8.7836511726987,8.80616217256478,8.82809140450415,8.87015429782843,8.90750267312509,8.91417158107715,8.94952703787322,9.00294398465118,9.04158307807326,9.07663024972159,9.09450572649857,9.10934852918352,9.13083722389492,9.17363109467006,9.2282195874785,9.24225910025351,9.28915041155414,9.30361840318441,9.32707927122853,9.37849006695953,9.38908539567927,9.41758531196735,9.44952294149698,9.4710237490838,9.51090891942277,9.51730968743081,9.57556754172606,9.60708999151944,9.62570866483893,9.66652036039524,9.68929438893623,9.70982348224314,9.74076143331136,9.7597942008038,9.79818317094402,9.86308563977047,9.87004957750451,9.92216129053774,9.93619550030022,9.97510632526067,9.98766496127907,10.0245428751879,10.0541150094108,10.0781900782741,10.0947034503373,10.1558685230267,10.1748060516376,10.1976454453711,10.2257109075073,10.2333970400219,10.2627074423206,10.2887388396187,10.3307673392216,10.3510316615519,10.3996240430772,10.4173517293068,10.4489867765283,10.4838196065611,10.5385968961739,10.5694013396354,10.5991683669077,10.645728942459,10.7120165362539,10.7209074795958,10.7550811746563,10.8115241221418,10.8172023997465,10.8731407882066,10.9323718233209,10.9515785634988,11.0349018159165,11.0530069591682,11.0951832378827,11.1343811150178,11.15969177109,11.1722608849133,11.207948875732,11.20998446696,11.2678462412458,11.3405497676079,11.3937749428895,11.4079203900363,11.433449900243,11.4811186170353,11.4986323882626,11.5556915225166,11.5720022569787,11.6020296968871,11.6054250434204,11.7356009453378,11.7513615313324,11.8082412490273,11.8271236208928,11.8437432850182,11.8910856186542,11.9303930663041,11.9356133190664,12.0134146368918,12.0770482119762,12.1077588600811,12.121604482292,12.1491052903481,12.1979866091535,12.2839297107787,12.2948842245749,12.3300486276154,12.344053494963,12.3916236709092,12.4218386499988,12.4793874287729,12.5211863443652,12.5883145320603,12.6414334566546,12.6683817152996,12.6807971139865,12.7471617260488,12.7862764445109,12.8356797637194,12.8657397103196,12.8854145624294,12.938967122596,12.9683476323027,12.9905090797627,13.0326241937565,13.0734483850767,13.1060504512161,13.1619542921045,13.2268102123345,13.2504841509617,13.2702473233698,13.3639145424563,13.3987119743474,13.4294436504735,13.475062829617,13.4999683919184,13.5251469081236,13.5682139023428,13.6180106821728,13.6403230562369,13.6839674883868,13.7243980449821,13.7575116539615,13.799293174543,13.843015985758,13.9018332992772,13.9304397836897,13.9897430637698,14.0138343090726,14.1242947440981,14.1765847226876,14.1983826473066,14.2367568627744,14.2612475245546,14.3589902957307,14.4137081436871,14.4344497138239,14.4787837304465,14.5154113295819,14.5601728053865,14.611605544642,14.6377324749124,14.7033805569324,14.720707436365,14.8288555203048,14.9050944667686,15.0025209184991,15.0389467866191,15.1212693917715,15.2000588631421,15.2244587324709,15.353945108252,15.3617934937124,15.4184978331078,15.4668974470441,15.4887701674568,15.5523050121443,15.7081781764692,15.7418690561788,15.8118474005906,15.8556451602379,15.9734706799398,16.0822349410041,16.0918761366374,16.2339416851943,16.2632463233659,16.4101406911007,16.5090616996912,16.5218685015259,16.6356296519994,16.7369158414214,16.8150805485176,16.9165840460647,17.0130056026453,17.2486420860855,17.4049040308785,17.5959960001826,17.7897244602639,17.9678224885896,18.0874835853482,18.1269015462609,18.32241634192,18.4224504097117,18.7146818477631,18.8364319914168,18.9760922683429,19.1827751132466,19.4046260454411,19.700404785019,19.9939427530507,20.1312663194918,20.2405176285227,20.6219653821633,21.1787172887574,21.5133570497122,23.3466064250987,NA,NA,NA,NA,NA,NA,NA,NA,NA,NA,NA,NA,NA,NA,NA,NA,NA,NA,NA,NA,NA,NA,NA,NA,NA,NA,NA,NA,NA,NA,NA,NA,NA,NA,NA,NA,NA,NA,NA
0.535347805994956,0.600043990476218,0.718322574521694,0.994659006442158,1.07660454444882,1.27355038557182,1.41318030168279,1.50456114624353,1.52317612271472,1.75666054463568,1.7976422277967,1.80995499064714,1.88310652900523,1.94118371179728,2.19004640717344,2.20302083263084,2.28629743384636,2.42825644927023,2.52765120447611,2.53839538536986,2.61244172632687,2.68124807628617,2.72610537387649,2.78031382098352,2.88759595380696,2.96111215574675,2.99934267875158,3.06158571313214,3.13175778227276,3.16901355288221,3.22761345836655,3.30939403689668,3.38765030444131,3.44860676856422,3.45822433265552,3.4943823334794,3.57713207788775,3.61255458042392,3.70681607584098,3.75736940133087,3.78876326064784,3.82838985416491,3.86585309757563,3.90793223942677,3.93827970588706,4.03986346441936,4.09766166099759,4.13527253359392,4.20633503094681,4.24957222438117,4.26826000082852,4.28458804068541,4.32543817588221,4.39207237500087,4.4105405444064,4.446443860252,4.50855548673894,4.54912570623912,4.61159611597585,4.64502201503552,4.65902677536125,4.7329719180815,4.79843539476282,4.82574172865124,4.85373055135578,4.90613220047497,4.9270527859986,4.97027696321178,5.00458291928422,5.06822929626611,5.08433198074947,5.08873475442274,5.13668491816875,5.15519853850194,5.17517987001164,5.19363561795038,5.21041668695139,5.27249562383754,5.31020176185005,5.33391603205289,5.34685074123351,5.39363750666266,5.43231299335726,5.44959479425057,5.4919414161175,5.52390627913036,5.57778905552943,5.6157362725745,5.63303023147045,5.68283435983198,5.71435912356264,5.72218582320322,5.74106372103394,5.79421640719839,5.84519272785887,5.87563787479613,5.88267554603451,5.91586103199506,5.93113291931898,5.94883500138991,5.96215035103189,5.99843996488387,6.02413401683724,6.04586562670739,6.06787675259358,6.06998416566439,6.13317697352571,6.13631504150696,6.15846908008812,6.20736086514586,6.24724423969593,6.26920477988021,6.32144414499656,6.3340136838322,6.3522579080839,6.36071111246862,6.40038675536751,6.41141271540368,6.43485667924665,6.43685366906276,6.48631414571578,6.50189973153337,6.56438727804804,6.59748475145434,6.60601667180111,6.65461959450255,6.69926847235466,6.72395526873232,6.75325851473609,6.76786721403879,6.81388516223769,6.82739148222962,6.84723765526373,6.87230153468308,6.88060983370392,6.91849106371582,6.93579035692631,6.95802011081823,6.97144247823116,6.99716907430422,7.01812513013277,7.02139117633384,7.05922830662296,7.10950627678896,7.12741139368838,7.15265744764468,7.17335234692334,7.21284246957487,7.21584055424116,7.24371662000068,7.25762572844988,7.28963925491986,7.30336170927804,7.32241263584075,7.35576887334011,7.37771843105325,7.39507398306365,7.43272195404315,7.45117483514874,7.4587493121291,7.4805245758848,7.51165508709814,7.53100461880958,7.55444938135821,7.57392065247301,7.61960563245275,7.6240789793988,7.66126109717086,7.6781184995091,7.69750826779503,7.70968481355785,7.7306002271112,7.77521789686939,7.78513887112975,7.81205907673448,7.85491632303137,7.86109578055967,7.87249116939806,7.88981666296821,7.93786898818999,7.94391271132801,7.96338442608792,8.02597861938211,8.03336635998419,8.07832536141499,8.09013578520871,8.10295863325498,8.10531880951074,8.16584371334747,8.17711939105952,8.20268197224925,8.23694797614721,8.28065248198858,8.28097442136898,8.31122538290584,8.33105913650118,8.36538297185669,8.39058995919552,8.40858639967023,8.43662207669305,8.45632212459985,8.47124417547533,8.50428129423902,8.51183049933178,8.55847095529333,8.58026176063984,8.59888898019918,8.63944272350981,8.64586063877615,8.65268652558212,8.70609117388301,8.73653614294284,8.74696121113115,8.76905964348077,8.7836511726987,8.80616217256478,8.82809140450415,8.87015429782843,8.90750267312509,8.91417158107715,8.94952703787322,9.00294398465118,9.04158307807326,9.07663024972159,9.09450572649857,9.10934852918352,9.13083722389492,9.17363109467006,9.2282195874785,9.24225910025351,9.28915041155414,9.30361840318441,9.32707927122853,9.37849006695953,9.38908539567927,9.41758531196735,9.44952294149698,9.4710237490838,9.51090891942277,9.51730968743081,9.57556754172606,9.60708999151944,9.62570866483893,9.66652036039524,9.68929438893623,9.70982348224314,9.74076143331136,9.7597942008038,9.79818317094402,9.86308563977047,9.87004957750451,9.92216129053774,9.93619550030022,9.97510632526067,9.98766496127907,10.0245428751879,10.0541150094108,10.0781900782741,10.0947034503373,10.1558685230267,10.1748060516376,10.1976454453711,10.2257109075073,10.2333970400219,10.2627074423206,10.2887388396187,10.3307673392216,10.3510316615519,10.3996240430772,10.4173517293068,10.4489867765283,10.4838196065611,10.5385968961739,10.5694013396354,10.5991683669077,10.645728942459,10.7120165362539,10.7209074795958,10.7550811746563,10.8115241221418,10.8172023997465,10.8731407882066,10.9323718233209,10.9515785634988,11.0349018159165,11.0530069591682,11.0951832378827,11.1343811150178,11.15969177109,11.1722608849133,11.207948875732,11.20998446696,11.2678462412458,11.3405497676079,11.3937749428895,11.4079203900363,11.433449900243,11.4811186170353,11.4986323882626,11.5556915225166,11.5720022569787,11.6020296968871,11.6054250434204,11.7356009453378,11.7513615313324,11.8082412490273,11.8271236208928,11.8437432850182,11.8910856186542,11.9303930663041,11.9356133190664,12.0134146368918,12.0770482119762,12.1077588600811,12.121604482292,12.1491052903481,12.1979866091535,12.2839297107787,12.2948842245749,12.3300486276154,12.344053494963,12.3916236709092,12.4218386499988,12.4793874287729,12.5211863443652,12.5883145320603,12.6414334566546,12.6683817152996,12.6807971139865,12.7471617260488,12.7862764445109,12.8356797637194,12.8657397103196,12.8854145624294,12.938967122596,12.9683476323027,12.9905090797627,13.0326241937565,13.0734483850767,13.1060504512161,13.1619542921045,13.2268102123345,13.2504841509617,13.2702473233698,13.3639145424563,13.3987119743474,13.4294436504735,13.475062829617,13.4999683919184,13.5251469081236,13.5682139023428,13.6180106821728,13.6403230562369,13.6839674883868,13.7243980449821,13.7575116539615,13.799293174543,13.843015985758,13.9018332992772,13.9304397836897,13.9897430637698,14.0138343090726,14.1242947440981,14.1765847226876,14.1983826473066,14.2367568627744,14.2612475245546,14.3589902957307,14.4137081436871,14.4344497138239,14.4787837304465,14.5154113295819,14.5601728053865,14.611605544642,14.6377324749124,14.7033805569324,14.720707436365,14.8288555203048,14.9050944667686,15.0025209184991,15.0389467866191,15.1212693917715,15.2000588631421,15.2244587324709,15.353945108252,15.3617934937124,15.4184978331078,15.4668974470441,15.4887701674568,15.5523050121443,15.7081781764692,15.7418690561788,15.8118474005906,15.8556451602379,15.9734706799398,16.0822349410041,16.0918761366374,16.2339416851943,16.2632463233659,16.4101406911007,16.5090616996912,16.5218685015259,16.6356296519994,16.7369158414214,16.8150805485176,16.9165840460647,17.0130056026453,17.2486420860855,17.4049040308785,17.5959960001826,17.7897244602639,17.9678224885896,18.0874835853482,18.1269015462609,18.32241634192,18.4224504097117,18.7146818477631,18.8364319914168,18.9760922683429,19.1827751132466,19.4046260454411,19.700404785019,19.9939427530507,20.1312663194918,20.2405176285227,20.6219653821633,21.1787172887574,21.5133570497122,23.3466064250987,NA,NA,NA,NA,NA,NA,NA,NA,NA,NA,NA,NA,NA,NA,NA,NA,NA,NA,NA,NA,NA,NA,NA,NA,NA,NA,NA,NA,NA,NA,NA,NA,NA,NA,NA,NA,NA,NA,NA
0.535347805994956,0.600043990476218,0.718322574521694,0.994659006442158,1.07660454444882,1.27355038557182,1.41318030168279,1.50456114624353,1.52317612271472,1.75666054463568,1.7976422277967,1.80995499064714,1.88310652900523,1.94118371179728,2.19004640717344,2.20302083263084,2.28629743384636,2.42825644927023,2.52765120447611,2.53839538536986,2.61244172632687,2.68124807628617,2.72610537387649,2.78031382098352,2.88759595380696,2.96111215574675,2.99934267875158,3.06158571313214,3.13175778227276,3.16901355288221,3.22761345836655,3.30939403689668,3.38765030444131,3.44860676856422,3.45822433265552,3.4943823334794,3.57713207788775,3.61255458042392,3.70681607584098,3.75736940133087,3.78876326064784,3.82838985416491,3.86585309757563,3.90793223942677,3.93827970588706,4.03986346441936,4.09766166099759,4.13527253359392,4.20633503094681,4.24957222438117,4.26826000082852,4.28458804068541,4.32543817588221,4.39207237500087,4.4105405444064,4.446443860252,4.50855548673894,4.54912570623912,4.61159611597585,4.64502201503552,4.65902677536125,4.7329719180815,4.79843539476282,4.82574172865124,4.85373055135578,4.90613220047497,4.9270527859986,4.97027696321178,5.00458291928422,5.06822929626611,5.08433198074947,5.08873475442274,5.13668491816875,5.15519853850194,5.17517987001164,5.19363561795038,5.21041668695139,5.27249562383754,5.31020176185005,5.33391603205289,5.34685074123351,5.39363750666266,5.43231299335726,5.44959479425057,5.4919414161175,5.52390627913036,5.57778905552943,5.6157362725745,5.63303023147045,5.68283435983198,5.71435912356264,5.72218582320322,5.74106372103394,5.79421640719839,5.84519272785887,5.87563787479613,5.88267554603451,5.91586103199506,5.93113291931898,5.94883500138991,5.96215035103189,5.99843996488387,6.02413401683724,6.04586562670739,6.06787675259358,6.06998416566439,6.13317697352571,6.13631504150696,6.15846908008812,6.20736086514586,6.24724423969593,6.26920477988021,6.32144414499656,6.3340136838322,6.3522579080839,6.36071111246862,6.40038675536751,6.41141271540368,6.43485667924665,6.43685366906276,6.48631414571578,6.50189973153337,6.56438727804804,6.59748475145434,6.60601667180111,6.65461959450255,6.69926847235466,6.72395526873232,6.75325851473609,6.76786721403879,6.81388516223769,6.82739148222962,6.84723765526373,6.87230153468308,6.88060983370392,6.91849106371582,6.93579035692631,6.95802011081823,6.97144247823116,6.99716907430422,7.01812513013277,7.02139117633384,7.05922830662296,7.10950627678896,7.12741139368838,7.15265744764468,7.17335234692334,7.21284246957487,7.21584055424116,7.24371662000068,7.25762572844988,7.28963925491986,7.30336170927804,7.32241263584075,7.35576887334011,7.37771843105325,7.39507398306365,7.43272195404315,7.45117483514874,7.4587493121291,7.4805245758848,7.51165508709814,7.53100461880958,7.55444938135821,7.57392065247301,7.61960563245275,7.6240789793988,7.66126109717086,7.6781184995091,7.69750826779503,7.70968481355785,7.7306002271112,7.77521789686939,7.78513887112975,7.81205907673448,7.85491632303137,7.86109578055967,7.87249116939806,7.88981666296821,7.93786898818999,7.94391271132801,7.96338442608792,8.02597861938211,8.03336635998419,8.07832536141499,8.09013578520871,8.10295863325498,8.10531880951074,8.16584371334747,8.17711939105952,8.20268197224925,8.23694797614721,8.28065248198858,8.28097442136898,8.31122538290584,8.33105913650118,8.36538297185669,8.39058995919552,8.40858639967023,8.43662207669305,8.45632212459985,8.47124417547533,8.50428129423902,8.51183049933178,8.55847095529333,8.58026176063984,8.59888898019918,8.63944272350981,8.64586063877615,8.65268652558212,8.70609117388301,8.73653614294284,8.74696121113115,8.76905964348077,8.7836511726987,8.80616217256478,8.82809140450415,8.87015429782843,8.90750267312509,8.91417158107715,8.94952703787322,9.00294398465118,9.04158307807326,9.07663024972159,9.09450572649857,9.10934852918352,9.13083722389492,9.17363109467006,9.2282195874785,9.24225910025351,9.28915041155414,9.30361840318441,9.32707927122853,9.37849006695953,9.38908539567927,9.41758531196735,9.44952294149698,9.4710237490838,9.51090891942277,9.51730968743081,9.57556754172606,9.60708999151944,9.62570866483893,9.66652036039524,9.68929438893623,9.70982348224314,9.74076143331136,9.7597942008038,9.79818317094402,9.86308563977047,9.87004957750451,9.92216129053774,9.93619550030022,9.97510632526067,9.98766496127907,10.0245428751879,10.0541150094108,10.0781900782741,10.0947034503373,10.1558685230267,10.1748060516376,10.1976454453711,10.2257109075073,10.2333970400219,10.2627074423206,10.2887388396187,10.3307673392216,10.3510316615519,10.3996240430772,10.4173517293068,10.4489867765283,10.4838196065611,10.5385968961739,10.5694013396354,10.5991683669077,10.645728942459,10.7120165362539,10.7209074795958,10.7550811746563,10.8115241221418,10.8172023997465,10.8731407882066,10.9323718233209,10.9515785634988,11.0349018159165,11.0530069591682,11.0951832378827,11.1343811150178,11.15969177109,11.1722608849133,11.207948875732,11.20998446696,11.2678462412458,11.3405497676079,11.3937749428895,11.4079203900363,11.433449900243,11.4811186170353,11.4986323882626,11.5556915225166,11.5720022569787,11.6020296968871,11.6054250434204,11.7356009453378,11.7513615313324,11.8082412490273,11.8271236208928,11.8437432850182,11.8910856186542,11.9303930663041,11.9356133190664,12.0134146368918,12.0770482119762,12.1077588600811,12.121604482292,12.1491052903481,12.1979866091535,12.2839297107787,12.2948842245749,12.3300486276154,12.344053494963,12.3916236709092,12.4218386499988,12.4793874287729,12.5211863443652,12.5883145320603,12.6414334566546,12.6683817152996,12.6807971139865,12.7471617260488,12.7862764445109,12.8356797637194,12.8657397103196,12.8854145624294,12.938967122596,12.9683476323027,12.9905090797627,13.0326241937565,13.0734483850767,13.1060504512161,13.1619542921045,13.2268102123345,13.2504841509617,13.2702473233698,13.3639145424563,13.3987119743474,13.4294436504735,13.475062829617,13.4999683919184,13.5251469081236,13.5682139023428,13.6180106821728,13.6403230562369,13.6839674883868,13.7243980449821,13.7575116539615,13.799293174543,13.843015985758,13.9018332992772,13.9304397836897,13.9897430637698,14.0138343090726,14.1242947440981,14.1765847226876,14.1983826473066,14.2367568627744,14.2612475245546,14.3589902957307,14.4137081436871,14.4344497138239,14.4787837304465,14.5154113295819,14.5601728053865,14.611605544642,14.6377324749124,14.7033805569324,14.720707436365,14.8288555203048,14.9050944667686,15.0025209184991,15.0389467866191,15.1212693917715,15.2000588631421,15.2244587324709,15.353945108252,15.3617934937124,15.4184978331078,15.4668974470441,15.4887701674568,15.5523050121443,15.7081781764692,15.7418690561788,15.8118474005906,15.8556451602379,15.9734706799398,16.0822349410041,16.0918761366374,16.2339416851943,16.2632463233659,16.4101406911007,16.5090616996912,16.5218685015259,16.6356296519994,16.7369158414214,16.8150805485176,16.9165840460647,17.0130056026453,17.2486420860855,17.4049040308785,17.5959960001826,17.7897244602639,17.9678224885896,18.0874835853482,18.1269015462609,18.32241634192,18.4224504097117,18.7146818477631,18.8364319914168,18.9760922683429,19.1827751132466,19.4046260454411,19.700404785019,19.9939427530507,20.1312663194918,20.2405176285227,20.6219653821633,21.1787172887574,21.5133570497122,23.3466064250987,NA,NA,NA,NA,NA,NA,NA,NA,NA,NA,NA,NA,NA,NA,NA,NA,NA,NA,NA,NA,NA,NA,NA,NA,NA,NA,NA,NA,NA,NA,NA,NA,NA,NA,NA,NA,NA,NA,NA
0.535347805994956,0.600043990476218,0.718322574521694,0.994659006442158,1.07660454444882,1.27355038557182,1.41318030168279,1.50456114624353,1.52317612271472,1.75666054463568,1.7976422277967,1.80995499064714,1.88310652900523,1.94118371179728,2.19004640717344,2.20302083263084,2.28629743384636,2.42825644927023,2.52765120447611,2.53839538536986,2.61244172632687,2.68124807628617,2.72610537387649,2.78031382098352,2.88759595380696,2.96111215574675,2.99934267875158,3.06158571313214,3.13175778227276,3.16901355288221,3.22761345836655,3.30939403689668,3.38765030444131,3.44860676856422,3.45822433265552,3.4943823334794,3.57713207788775,3.61255458042392,3.70681607584098,3.75736940133087,3.78876326064784,3.82838985416491,3.86585309757563,3.90793223942677,3.93827970588706,4.03986346441936,4.09766166099759,4.13527253359392,4.20633503094681,4.24957222438117,4.26826000082852,4.28458804068541,4.32543817588221,4.39207237500087,4.4105405444064,4.446443860252,4.50855548673894,4.54912570623912,4.61159611597585,4.64502201503552,4.65902677536125,4.7329719180815,4.79843539476282,4.82574172865124,4.85373055135578,4.90613220047497,4.9270527859986,4.97027696321178,5.00458291928422,5.06822929626611,5.08433198074947,5.08873475442274,5.13668491816875,5.15519853850194,5.17517987001164,5.19363561795038,5.21041668695139,5.27249562383754,5.31020176185005,5.33391603205289,5.34685074123351,5.39363750666266,5.43231299335726,5.44959479425057,5.4919414161175,5.52390627913036,5.57778905552943,5.6157362725745,5.63303023147045,5.68283435983198,5.71435912356264,5.72218582320322,5.74106372103394,5.79421640719839,5.84519272785887,5.87563787479613,5.88267554603451,5.91586103199506,5.93113291931898,5.94883500138991,5.96215035103189,5.99843996488387,6.02413401683724,6.04586562670739,6.06787675259358,6.06998416566439,6.13317697352571,6.13631504150696,6.15846908008812,6.20736086514586,6.24724423969593,6.26920477988021,6.32144414499656,6.3340136838322,6.3522579080839,6.36071111246862,6.40038675536751,6.41141271540368,6.43485667924665,6.43685366906276,6.48631414571578,6.50189973153337,6.56438727804804,6.59748475145434,6.60601667180111,6.65461959450255,6.69926847235466,6.72395526873232,6.75325851473609,6.76786721403879,6.81388516223769,6.82739148222962,6.84723765526373,6.87230153468308,6.88060983370392,6.91849106371582,6.93579035692631,6.95802011081823,6.97144247823116,6.99716907430422,7.01812513013277,7.02139117633384,7.05922830662296,7.10950627678896,7.12741139368838,7.15265744764468,7.17335234692334,7.21284246957487,7.21584055424116,7.24371662000068,7.25762572844988,7.28963925491986,7.30336170927804,7.32241263584075,7.35576887334011,7.37771843105325,7.39507398306365,7.43272195404315,7.45117483514874,7.4587493121291,7.4805245758848,7.51165508709814,7.53100461880958,7.55444938135821,7.57392065247301,7.61960563245275,7.6240789793988,7.66126109717086,7.6781184995091,7.69750826779503,7.70968481355785,7.7306002271112,7.77521789686939,7.78513887112975,7.81205907673448,7.85491632303137,7.86109578055967,7.87249116939806,7.88981666296821,7.93786898818999,7.94391271132801,7.96338442608792,8.02597861938211,8.03336635998419,8.07832536141499,8.09013578520871,8.10295863325498,8.10531880951074,8.16584371334747,8.17711939105952,8.20268197224925,8.23694797614721,8.28065248198858,8.28097442136898,8.31122538290584,8.33105913650118,8.36538297185669,8.39058995919552,8.40858639967023,8.43662207669305,8.45632212459985,8.47124417547533,8.50428129423902,8.51183049933178,8.55847095529333,8.58026176063984,8.59888898019918,8.63944272350981,8.64586063877615,8.65268652558212,8.70609117388301,8.73653614294284,8.74696121113115,8.76905964348077,8.7836511726987,8.80616217256478,8.82809140450415,8.87015429782843,8.90750267312509,8.91417158107715,8.94952703787322,9.00294398465118,9.04158307807326,9.07663024972159,9.09450572649857,9.10934852918352,9.13083722389492,9.17363109467006,9.2282195874785,9.24225910025351,9.28915041155414,9.30361840318441,9.32707927122853,9.37849006695953,9.38908539567927,9.41758531196735,9.44952294149698,9.4710237490838,9.51090891942277,9.51730968743081,9.57556754172606,9.60708999151944,9.62570866483893,9.66652036039524,9.68929438893623,9.70982348224314,9.74076143331136,9.7597942008038,9.79818317094402,9.86308563977047,9.87004957750451,9.92216129053774,9.93619550030022,9.97510632526067,9.98766496127907,10.0245428751879,10.0541150094108,10.0781900782741,10.0947034503373,10.1558685230267,10.1748060516376,10.1976454453711,10.2257109075073,10.2333970400219,10.2627074423206,10.2887388396187,10.3307673392216,10.3510316615519,10.3996240430772,10.4173517293068,10.4489867765283,10.4838196065611,10.5385968961739,10.5694013396354,10.5991683669077,10.645728942459,10.7120165362539,10.7209074795958,10.7550811746563,10.8115241221418,10.8172023997465,10.8731407882066,10.9323718233209,10.9515785634988,11.0349018159165,11.0530069591682,11.0951832378827,11.1343811150178,11.15969177109,11.1722608849133,11.207948875732,11.20998446696,11.2678462412458,11.3405497676079,11.3937749428895,11.4079203900363,11.433449900243,11.4811186170353,11.4986323882626,11.5556915225166,11.5720022569787,11.6020296968871,11.6054250434204,11.7356009453378,11.7513615313324,11.8082412490273,11.8271236208928,11.8437432850182,11.8910856186542,11.9303930663041,11.9356133190664,12.0134146368918,12.0770482119762,12.1077588600811,12.121604482292,12.1491052903481,12.1979866091535,12.2839297107787,12.2948842245749,12.3300486276154,12.344053494963,12.3916236709092,12.4218386499988,12.4793874287729,12.5211863443652,12.5883145320603,12.6414334566546,12.6683817152996,12.6807971139865,12.7471617260488,12.7862764445109,12.8356797637194,12.8657397103196,12.8854145624294,12.938967122596,12.9683476323027,12.9905090797627,13.0326241937565,13.0734483850767,13.1060504512161,13.1619542921045,13.2268102123345,13.2504841509617,13.2702473233698,13.3639145424563,13.3987119743474,13.4294436504735,13.475062829617,13.4999683919184,13.5251469081236,13.5682139023428,13.6180106821728,13.6403230562369,13.6839674883868,13.7243980449821,13.7575116539615,13.799293174543,13.843015985758,13.9018332992772,13.9304397836897,13.9897430637698,14.0138343090726,14.1242947440981,14.1765847226876,14.1983826473066,14.2367568627744,14.2612475245546,14.3589902957307,14.4137081436871,14.4344497138239,14.4787837304465,14.5154113295819,14.5601728053865,14.611605544642,14.6377324749124,14.7033805569324,14.720707436365,14.8288555203048,14.9050944667686,15.0025209184991,15.0389467866191,15.1212693917715,15.2000588631421,15.2244587324709,15.353945108252,15.3617934937124,15.4184978331078,15.4668974470441,15.4887701674568,15.5523050121443,15.7081781764692,15.7418690561788,15.8118474005906,15.8556451602379,15.9734706799398,16.0822349410041,16.0918761366374,16.2339416851943,16.2632463233659,16.4101406911007,16.5090616996912,16.5218685015259,16.6356296519994,16.7369158414214,16.8150805485176,16.9165840460647,17.0130056026453,17.2486420860855,17.4049040308785,17.5959960001826,17.7897244602639,17.9678224885896,18.0874835853482,18.1269015462609,18.32241634192,18.4224504097117,18.7146818477631,18.8364319914168,18.9760922683429,19.1827751132466,19.4046260454411,19.700404785019,19.9939427530507,20.1312663194918,20.2405176285227,20.6219653821633,21.1787172887574,21.5133570497122,23.3466064250987,NA,NA,NA,NA,NA,NA,NA,NA,NA,NA,NA,NA,NA,NA,NA,NA,NA,NA,NA,NA,NA,NA,NA,NA,NA,NA,NA,NA,NA,NA,NA,NA,NA,NA,NA,NA,NA,NA,NA
0.535347805994956,0.600043990476218,0.718322574521694,0.994659006442158,1.07660454444882,1.27355038557182,1.41318030168279,1.50456114624353,1.52317612271472,1.75666054463568,1.7976422277967,1.80995499064714,1.88310652900523,1.94118371179728,2.19004640717344,2.20302083263084,2.28629743384636,2.42825644927023,2.52765120447611,2.53839538536986,2.61244172632687,2.68124807628617,2.72610537387649,2.78031382098352,2.88759595380696,2.96111215574675,2.99934267875158,3.06158571313214,3.13175778227276,3.16901355288221,3.22761345836655,3.30939403689668,3.38765030444131,3.44860676856422,3.45822433265552,3.4943823334794,3.57713207788775,3.61255458042392,3.70681607584098,3.75736940133087,3.78876326064784,3.82838985416491,3.86585309757563,3.90793223942677,3.93827970588706,4.03986346441936,4.09766166099759,4.13527253359392,4.20633503094681,4.24957222438117,4.26826000082852,4.28458804068541,4.32543817588221,4.39207237500087,4.4105405444064,4.446443860252,4.50855548673894,4.54912570623912,4.61159611597585,4.64502201503552,4.65902677536125,4.7329719180815,4.79843539476282,4.82574172865124,4.85373055135578,4.90613220047497,4.9270527859986,4.97027696321178,5.00458291928422,5.06822929626611,5.08433198074947,5.08873475442274,5.13668491816875,5.15519853850194,5.17517987001164,5.19363561795038,5.21041668695139,5.27249562383754,5.31020176185005,5.33391603205289,5.34685074123351,5.39363750666266,5.43231299335726,5.44959479425057,5.4919414161175,5.52390627913036,5.57778905552943,5.6157362725745,5.63303023147045,5.68283435983198,5.71435912356264,5.72218582320322,5.74106372103394,5.79421640719839,5.84519272785887,5.87563787479613,5.88267554603451,5.91586103199506,5.93113291931898,5.94883500138991,5.96215035103189,5.99843996488387,6.02413401683724,6.04586562670739,6.06787675259358,6.06998416566439,6.13317697352571,6.13631504150696,6.15846908008812,6.20736086514586,6.24724423969593,6.26920477988021,6.32144414499656,6.3340136838322,6.3522579080839,6.36071111246862,6.40038675536751,6.41141271540368,6.43485667924665,6.43685366906276,6.48631414571578,6.50189973153337,6.56438727804804,6.59748475145434,6.60601667180111,6.65461959450255,6.69926847235466,6.72395526873232,6.75325851473609,6.76786721403879,6.81388516223769,6.82739148222962,6.84723765526373,6.87230153468308,6.88060983370392,6.91849106371582,6.93579035692631,6.95802011081823,6.97144247823116,6.99716907430422,7.01812513013277,7.02139117633384,7.05922830662296,7.10950627678896,7.12741139368838,7.15265744764468,7.17335234692334,7.21284246957487,7.21584055424116,7.24371662000068,7.25762572844988,7.28963925491986,7.30336170927804,7.32241263584075,7.35576887334011,7.37771843105325,7.39507398306365,7.43272195404315,7.45117483514874,7.4587493121291,7.4805245758848,7.51165508709814,7.53100461880958,7.55444938135821,7.57392065247301,7.61960563245275,7.6240789793988,7.66126109717086,7.6781184995091,7.69750826779503,7.70968481355785,7.7306002271112,7.77521789686939,7.78513887112975,7.81205907673448,7.85491632303137,7.86109578055967,7.87249116939806,7.88981666296821,7.93786898818999,7.94391271132801,7.96338442608792,8.02597861938211,8.03336635998419,8.07832536141499,8.09013578520871,8.10295863325498,8.10531880951074,8.16584371334747,8.17711939105952,8.20268197224925,8.23694797614721,8.28065248198858,8.28097442136898,8.31122538290584,8.33105913650118,8.36538297185669,8.39058995919552,8.40858639967023,8.43662207669305,8.45632212459985,8.47124417547533,8.50428129423902,8.51183049933178,8.55847095529333,8.58026176063984,8.59888898019918,8.63944272350981,8.64586063877615,8.65268652558212,8.70609117388301,8.73653614294284,8.74696121113115,8.76905964348077,8.7836511726987,8.80616217256478,8.82809140450415,8.87015429782843,8.90750267312509,8.91417158107715,8.94952703787322,9.00294398465118,9.04158307807326,9.07663024972159,9.09450572649857,9.10934852918352,9.13083722389492,9.17363109467006,9.2282195874785,9.24225910025351,9.28915041155414,9.30361840318441,9.32707927122853,9.37849006695953,9.38908539567927,9.41758531196735,9.44952294149698,9.4710237490838,9.51090891942277,9.51730968743081,9.57556754172606,9.60708999151944,9.62570866483893,9.66652036039524,9.68929438893623,9.70982348224314,9.74076143331136,9.7597942008038,9.79818317094402,9.86308563977047,9.87004957750451,9.92216129053774,9.93619550030022,9.97510632526067,9.98766496127907,10.0245428751879,10.0541150094108,10.0781900782741,10.0947034503373,10.1558685230267,10.1748060516376,10.1976454453711,10.2257109075073,10.2333970400219,10.2627074423206,10.2887388396187,10.3307673392216,10.3510316615519,10.3996240430772,10.4173517293068,10.4489867765283,10.4838196065611,10.5385968961739,10.5694013396354,10.5991683669077,10.645728942459,10.7120165362539,10.7209074795958,10.7550811746563,10.8115241221418,10.8172023997465,10.8731407882066,10.9323718233209,10.9515785634988,11.0349018159165,11.0530069591682,11.0951832378827,11.1343811150178,11.15969177109,11.1722608849133,11.207948875732,11.20998446696,11.2678462412458,11.3405497676079,11.3937749428895,11.4079203900363,11.433449900243,11.4811186170353,11.4986323882626,11.5556915225166,11.5720022569787,11.6020296968871,11.6054250434204,11.7356009453378,11.7513615313324,11.8082412490273,11.8271236208928,11.8437432850182,11.8910856186542,11.9303930663041,11.9356133190664,12.0134146368918,12.0770482119762,12.1077588600811,12.121604482292,12.1491052903481,12.1979866091535,12.2839297107787,12.2948842245749,12.3300486276154,12.344053494963,12.3916236709092,12.4218386499988,12.4793874287729,12.5211863443652,12.5883145320603,12.6414334566546,12.6683817152996,12.6807971139865,12.7471617260488,12.7862764445109,12.8356797637194,12.8657397103196,12.8854145624294,12.938967122596,12.9683476323027,12.9905090797627,13.0326241937565,13.0734483850767,13.1060504512161,13.1619542921045,13.2268102123345,13.2504841509617,13.2702473233698,13.3639145424563,13.3987119743474,13.4294436504735,13.475062829617,13.4999683919184,13.5251469081236,13.5682139023428,13.6180106821728,13.6403230562369,13.6839674883868,13.7243980449821,13.7575116539615,13.799293174543,13.843015985758,13.9018332992772,13.9304397836897,13.9897430637698,14.0138343090726,14.1242947440981,14.1765847226876,14.1983826473066,14.2367568627744,14.2612475245546,14.3589902957307,14.4137081436871,14.4344497138239,14.4787837304465,14.5154113295819,14.5601728053865,14.611605544642,14.6377324749124,14.7033805569324,14.720707436365,14.8288555203048,14.9050944667686,15.0025209184991,15.0389467866191,15.1212693917715,15.2000588631421,15.2244587324709,15.353945108252,15.3617934937124,15.4184978331078,15.4668974470441,15.4887701674568,15.5523050121443,15.7081781764692,15.7418690561788,15.8118474005906,15.8556451602379,15.9734706799398,16.0822349410041,16.0918761366374,16.2339416851943,16.2632463233659,16.4101406911007,16.5090616996912,16.5218685015259,16.6356296519994,16.7369158414214,16.8150805485176,16.9165840460647,17.0130056026453,17.2486420860855,17.4049040308785,17.5959960001826,17.7897244602639,17.9678224885896,18.0874835853482,18.1269015462609,18.32241634192,18.4224504097117,18.7146818477631,18.8364319914168,18.9760922683429,19.1827751132466,19.4046260454411,19.700404785019,19.9939427530507,20.1312663194918,20.2405176285227,20.6219653821633,21.1787172887574,21.5133570497122,23.3466064250987,NA,NA,NA,NA,NA,NA,NA,NA,NA,NA,NA,NA,NA,NA,NA,NA,NA,NA,NA,NA,NA,NA,NA,NA,NA,NA,NA,NA,NA,NA,NA,NA,NA,NA,NA,NA,NA,NA,NA
0.535347805994956,0.600043990476218,0.718322574521694,0.994659006442158,1.07660454444882,1.27355038557182,1.41318030168279,1.50456114624353,1.52317612271472,1.75666054463568,1.7976422277967,1.80995499064714,1.88310652900523,1.94118371179728,2.19004640717344,2.20302083263084,2.28629743384636,2.42825644927023,2.52765120447611,2.53839538536986,2.61244172632687,2.68124807628617,2.72610537387649,2.78031382098352,2.88759595380696,2.96111215574675,2.99934267875158,3.06158571313214,3.13175778227276,3.16901355288221,3.22761345836655,3.30939403689668,3.38765030444131,3.44860676856422,3.45822433265552,3.4943823334794,3.57713207788775,3.61255458042392,3.70681607584098,3.75736940133087,3.78876326064784,3.82838985416491,3.86585309757563,3.90793223942677,3.93827970588706,4.03986346441936,4.09766166099759,4.13527253359392,4.20633503094681,4.24957222438117,4.26826000082852,4.28458804068541,4.32543817588221,4.39207237500087,4.4105405444064,4.446443860252,4.50855548673894,4.54912570623912,4.61159611597585,4.64502201503552,4.65902677536125,4.7329719180815,4.79843539476282,4.82574172865124,4.85373055135578,4.90613220047497,4.9270527859986,4.97027696321178,5.00458291928422,5.06822929626611,5.08433198074947,5.08873475442274,5.13668491816875,5.15519853850194,5.17517987001164,5.19363561795038,5.21041668695139,5.27249562383754,5.31020176185005,5.33391603205289,5.34685074123351,5.39363750666266,5.43231299335726,5.44959479425057,5.4919414161175,5.52390627913036,5.57778905552943,5.6157362725745,5.63303023147045,5.68283435983198,5.71435912356264,5.72218582320322,5.74106372103394,5.79421640719839,5.84519272785887,5.87563787479613,5.88267554603451,5.91586103199506,5.93113291931898,5.94883500138991,5.96215035103189,5.99843996488387,6.02413401683724,6.04586562670739,6.06787675259358,6.06998416566439,6.13317697352571,6.13631504150696,6.15846908008812,6.20736086514586,6.24724423969593,6.26920477988021,6.32144414499656,6.3340136838322,6.3522579080839,6.36071111246862,6.40038675536751,6.41141271540368,6.43485667924665,6.43685366906276,6.48631414571578,6.50189973153337,6.56438727804804,6.59748475145434,6.60601667180111,6.65461959450255,6.69926847235466,6.72395526873232,6.75325851473609,6.76786721403879,6.81388516223769,6.82739148222962,6.84723765526373,6.87230153468308,6.88060983370392,6.91849106371582,6.93579035692631,6.95802011081823,6.97144247823116,6.99716907430422,7.01812513013277,7.02139117633384,7.05922830662296,7.10950627678896,7.12741139368838,7.15265744764468,7.17335234692334,7.21284246957487,7.21584055424116,7.24371662000068,7.25762572844988,7.28963925491986,7.30336170927804,7.32241263584075,7.35576887334011,7.37771843105325,7.39507398306365,7.43272195404315,7.45117483514874,7.4587493121291,7.4805245758848,7.51165508709814,7.53100461880958,7.55444938135821,7.57392065247301,7.61960563245275,7.6240789793988,7.66126109717086,7.6781184995091,7.69750826779503,7.70968481355785,7.7306002271112,7.77521789686939,7.78513887112975,7.81205907673448,7.85491632303137,7.86109578055967,7.87249116939806,7.88981666296821,7.93786898818999,7.94391271132801,7.96338442608792,8.02597861938211,8.03336635998419,8.07832536141499,8.09013578520871,8.10295863325498,8.10531880951074,8.16584371334747,8.17711939105952,8.20268197224925,8.23694797614721,8.28065248198858,8.28097442136898,8.31122538290584,8.33105913650118,8.36538297185669,8.39058995919552,8.40858639967023,8.43662207669305,8.45632212459985,8.47124417547533,8.50428129423902,8.51183049933178,8.55847095529333,8.58026176063984,8.59888898019918,8.63944272350981,8.64586063877615,8.65268652558212,8.70609117388301,8.73653614294284,8.74696121113115,8.76905964348077,8.7836511726987,8.80616217256478,8.82809140450415,8.87015429782843,8.90750267312509,8.91417158107715,8.94952703787322,9.00294398465118,9.04158307807326,9.07663024972159,9.09450572649857,9.10934852918352,9.13083722389492,9.17363109467006,9.2282195874785,9.24225910025351,9.28915041155414,9.30361840318441,9.32707927122853,9.37849006695953,9.38908539567927,9.41758531196735,9.44952294149698,9.4710237490838,9.51090891942277,9.51730968743081,9.57556754172606,9.60708999151944,9.62570866483893,9.66652036039524,9.68929438893623,9.70982348224314,9.74076143331136,9.7597942008038,9.79818317094402,9.86308563977047,9.87004957750451,9.92216129053774,9.93619550030022,9.97510632526067,9.98766496127907,10.0245428751879,10.0541150094108,10.0781900782741,10.0947034503373,10.1558685230267,10.1748060516376,10.1976454453711,10.2257109075073,10.2333970400219,10.2627074423206,10.2887388396187,10.3307673392216,10.3510316615519,10.3996240430772,10.4173517293068,10.4489867765283,10.4838196065611,10.5385968961739,10.5694013396354,10.5991683669077,10.645728942459,10.7120165362539,10.7209074795958,10.7550811746563,10.8115241221418,10.8172023997465,10.8731407882066,10.9323718233209,10.9515785634988,11.0349018159165,11.0530069591682,11.0951832378827,11.1343811150178,11.15969177109,11.1722608849133,11.207948875732,11.20998446696,11.2678462412458,11.3405497676079,11.3937749428895,11.4079203900363,11.433449900243,11.4811186170353,11.4986323882626,11.5556915225166,11.5720022569787,11.6020296968871,11.6054250434204,11.7356009453378,11.7513615313324,11.8082412490273,11.8271236208928,11.8437432850182,11.8910856186542,11.9303930663041,11.9356133190664,12.0134146368918,12.0770482119762,12.1077588600811,12.121604482292,12.1491052903481,12.1979866091535,12.2839297107787,12.2948842245749,12.3300486276154,12.344053494963,12.3916236709092,12.4218386499988,12.4793874287729,12.5211863443652,12.5883145320603,12.6414334566546,12.6683817152996,12.6807971139865,12.7471617260488,12.7862764445109,12.8356797637194,12.8657397103196,12.8854145624294,12.938967122596,12.9683476323027,12.9905090797627,13.0326241937565,13.0734483850767,13.1060504512161,13.1619542921045,13.2268102123345,13.2504841509617,13.2702473233698,13.3639145424563,13.3987119743474,13.4294436504735,13.475062829617,13.4999683919184,13.5251469081236,13.5682139023428,13.6180106821728,13.6403230562369,13.6839674883868,13.7243980449821,13.7575116539615,13.799293174543,13.843015985758,13.9018332992772,13.9304397836897,13.9897430637698,14.0138343090726,14.1242947440981,14.1765847226876,14.1983826473066,14.2367568627744,14.2612475245546,14.3589902957307,14.4137081436871,14.4344497138239,14.4787837304465,14.5154113295819,14.5601728053865,14.611605544642,14.6377324749124,14.7033805569324,14.720707436365,14.8288555203048,14.9050944667686,15.0025209184991,15.0389467866191,15.1212693917715,15.2000588631421,15.2244587324709,15.353945108252,15.3617934937124,15.4184978331078,15.4668974470441,15.4887701674568,15.5523050121443,15.7081781764692,15.7418690561788,15.8118474005906,15.8556451602379,15.9734706799398,16.0822349410041,16.0918761366374,16.2339416851943,16.2632463233659,16.4101406911007,16.5090616996912,16.5218685015259,16.6356296519994,16.7369158414214,16.8150805485176,16.9165840460647,17.0130056026453,17.2486420860855,17.4049040308785,17.5959960001826,17.7897244602639,17.9678224885896,18.0874835853482,18.1269015462609,18.32241634192,18.4224504097117,18.7146818477631,18.8364319914168,18.9760922683429,19.1827751132466,19.4046260454411,19.700404785019,19.9939427530507,20.1312663194918,20.2405176285227,20.6219653821633,21.1787172887574,21.5133570497122,23.3466064250987,NA,NA,NA,NA,NA,NA,NA,NA,NA,NA,NA,NA,NA,NA,NA,NA,NA,NA,NA,NA,NA,NA,NA,NA,NA,NA,NA,NA,NA,NA,NA,NA,NA,NA,NA,NA,NA,NA,NA
0.535347805994956,0.600043990476218,0.718322574521694,0.994659006442158,1.07660454444882,1.27355038557182,1.41318030168279,1.50456114624353,1.52317612271472,1.75666054463568,1.7976422277967,1.80995499064714,1.88310652900523,1.94118371179728,2.19004640717344,2.20302083263084,2.28629743384636,2.42825644927023,2.52765120447611,2.53839538536986,2.61244172632687,2.68124807628617,2.72610537387649,2.78031382098352,2.88759595380696,2.96111215574675,2.99934267875158,3.06158571313214,3.13175778227276,3.16901355288221,3.22761345836655,3.30939403689668,3.38765030444131,3.44860676856422,3.45822433265552,3.4943823334794,3.57713207788775,3.61255458042392,3.70681607584098,3.75736940133087,3.78876326064784,3.82838985416491,3.86585309757563,3.90793223942677,3.93827970588706,4.03986346441936,4.09766166099759,4.13527253359392,4.20633503094681,4.24957222438117,4.26826000082852,4.28458804068541,4.32543817588221,4.39207237500087,4.4105405444064,4.446443860252,4.50855548673894,4.54912570623912,4.61159611597585,4.64502201503552,4.65902677536125,4.7329719180815,4.79843539476282,4.82574172865124,4.85373055135578,4.90613220047497,4.9270527859986,4.97027696321178,5.00458291928422,5.06822929626611,5.08433198074947,5.08873475442274,5.13668491816875,5.15519853850194,5.17517987001164,5.19363561795038,5.21041668695139,5.27249562383754,5.31020176185005,5.33391603205289,5.34685074123351,5.39363750666266,5.43231299335726,5.44959479425057,5.4919414161175,5.52390627913036,5.57778905552943,5.6157362725745,5.63303023147045,5.68283435983198,5.71435912356264,5.72218582320322,5.74106372103394,5.79421640719839,5.84519272785887,5.87563787479613,5.88267554603451,5.91586103199506,5.93113291931898,5.94883500138991,5.96215035103189,5.99843996488387,6.02413401683724,6.04586562670739,6.06787675259358,6.06998416566439,6.13317697352571,6.13631504150696,6.15846908008812,6.20736086514586,6.24724423969593,6.26920477988021,6.32144414499656,6.3340136838322,6.3522579080839,6.36071111246862,6.40038675536751,6.41141271540368,6.43485667924665,6.43685366906276,6.48631414571578,6.50189973153337,6.56438727804804,6.59748475145434,6.60601667180111,6.65461959450255,6.69926847235466,6.72395526873232,6.75325851473609,6.76786721403879,6.81388516223769,6.82739148222962,6.84723765526373,6.87230153468308,6.88060983370392,6.91849106371582,6.93579035692631,6.95802011081823,6.97144247823116,6.99716907430422,7.01812513013277,7.02139117633384,7.05922830662296,7.10950627678896,7.12741139368838,7.15265744764468,7.17335234692334,7.21284246957487,7.21584055424116,7.24371662000068,7.25762572844988,7.28963925491986,7.30336170927804,7.32241263584075,7.35576887334011,7.37771843105325,7.39507398306365,7.43272195404315,7.45117483514874,7.4587493121291,7.4805245758848,7.51165508709814,7.53100461880958,7.55444938135821,7.57392065247301,7.61960563245275,7.6240789793988,7.66126109717086,7.6781184995091,7.69750826779503,7.70968481355785,7.7306002271112,7.77521789686939,7.78513887112975,7.81205907673448,7.85491632303137,7.86109578055967,7.87249116939806,7.88981666296821,7.93786898818999,7.94391271132801,7.96338442608792,8.02597861938211,8.03336635998419,8.07832536141499,8.09013578520871,8.10295863325498,8.10531880951074,8.16584371334747,8.17711939105952,8.20268197224925,8.23694797614721,8.28065248198858,8.28097442136898,8.31122538290584,8.33105913650118,8.36538297185669,8.39058995919552,8.40858639967023,8.43662207669305,8.45632212459985,8.47124417547533,8.50428129423902,8.51183049933178,8.55847095529333,8.58026176063984,8.59888898019918,8.63944272350981,8.64586063877615,8.65268652558212,8.70609117388301,8.73653614294284,8.74696121113115,8.76905964348077,8.7836511726987,8.80616217256478,8.82809140450415,8.87015429782843,8.90750267312509,8.91417158107715,8.94952703787322,9.00294398465118,9.04158307807326,9.07663024972159,9.09450572649857,9.10934852918352,9.13083722389492,9.17363109467006,9.2282195874785,9.24225910025351,9.28915041155414,9.30361840318441,9.32707927122853,9.37849006695953,9.38908539567927,9.41758531196735,9.44952294149698,9.4710237490838,9.51090891942277,9.51730968743081,9.57556754172606,9.60708999151944,9.62570866483893,9.66652036039524,9.68929438893623,9.70982348224314,9.74076143331136,9.7597942008038,9.79818317094402,9.86308563977047,9.87004957750451,9.92216129053774,9.93619550030022,9.97510632526067,9.98766496127907,10.0245428751879,10.0541150094108,10.0781900782741,10.0947034503373,10.1558685230267,10.1748060516376,10.1976454453711,10.2257109075073,10.2333970400219,10.2627074423206,10.2887388396187,10.3307673392216,10.3510316615519,10.3996240430772,10.4173517293068,10.4489867765283,10.4838196065611,10.5385968961739,10.5694013396354,10.5991683669077,10.645728942459,10.7120165362539,10.7209074795958,10.7550811746563,10.8115241221418,10.8172023997465,10.8731407882066,10.9323718233209,10.9515785634988,11.0349018159165,11.0530069591682,11.0951832378827,11.1343811150178,11.15969177109,11.1722608849133,11.207948875732,11.20998446696,11.2678462412458,11.3405497676079,11.3937749428895,11.4079203900363,11.433449900243,11.4811186170353,11.4986323882626,11.5556915225166,11.5720022569787,11.6020296968871,11.6054250434204,11.7356009453378,11.7513615313324,11.8082412490273,11.8271236208928,11.8437432850182,11.8910856186542,11.9303930663041,11.9356133190664,12.0134146368918,12.0770482119762,12.1077588600811,12.121604482292,12.1491052903481,12.1979866091535,12.2839297107787,12.2948842245749,12.3300486276154,12.344053494963,12.3916236709092,12.4218386499988,12.4793874287729,12.5211863443652,12.5883145320603,12.6414334566546,12.6683817152996,12.6807971139865,12.7471617260488,12.7862764445109,12.8356797637194,12.8657397103196,12.8854145624294,12.938967122596,12.9683476323027,12.9905090797627,13.0326241937565,13.0734483850767,13.1060504512161,13.1619542921045,13.2268102123345,13.2504841509617,13.2702473233698,13.3639145424563,13.3987119743474,13.4294436504735,13.475062829617,13.4999683919184,13.5251469081236,13.5682139023428,13.6180106821728,13.6403230562369,13.6839674883868,13.7243980449821,13.7575116539615,13.799293174543,13.843015985758,13.9018332992772,13.9304397836897,13.9897430637698,14.0138343090726,14.1242947440981,14.1765847226876,14.1983826473066,14.2367568627744,14.2612475245546,14.3589902957307,14.4137081436871,14.4344497138239,14.4787837304465,14.5154113295819,14.5601728053865,14.611605544642,14.6377324749124,14.7033805569324,14.720707436365,14.8288555203048,14.9050944667686,15.0025209184991,15.0389467866191,15.1212693917715,15.2000588631421,15.2244587324709,15.353945108252,15.3617934937124,15.4184978331078,15.4668974470441,15.4887701674568,15.5523050121443,15.7081781764692,15.7418690561788,15.8118474005906,15.8556451602379,15.9734706799398,16.0822349410041,16.0918761366374,16.2339416851943,16.2632463233659,16.4101406911007,16.5090616996912,16.5218685015259,16.6356296519994,16.7369158414214,16.8150805485176,16.9165840460647,17.0130056026453,17.2486420860855,17.4049040308785,17.5959960001826,17.7897244602639,17.9678224885896,18.0874835853482,18.1269015462609,18.32241634192,18.4224504097117,18.7146818477631,18.8364319914168,18.9760922683429,19.1827751132466,19.4046260454411,19.700404785019,19.9939427530507,20.1312663194918,20.2405176285227,20.6219653821633,21.1787172887574,21.5133570497122,23.3466064250987,NA,NA,NA,NA,NA,NA,NA,NA,NA,NA,NA,NA,NA,NA,NA,NA,NA,NA,NA,NA,NA,NA,NA,NA,NA,NA,NA,NA,NA,NA,NA,NA,NA,NA,NA,NA,NA,NA,NA
0.535347805994956,0.600043990476218,0.718322574521694,0.994659006442158,1.07660454444882,1.27355038557182,1.41318030168279,1.50456114624353,1.52317612271472,1.75666054463568,1.7976422277967,1.80995499064714,1.88310652900523,1.94118371179728,2.19004640717344,2.20302083263084,2.28629743384636,2.42825644927023,2.52765120447611,2.53839538536986,2.61244172632687,2.68124807628617,2.72610537387649,2.78031382098352,2.88759595380696,2.96111215574675,2.99934267875158,3.06158571313214,3.13175778227276,3.16901355288221,3.22761345836655,3.30939403689668,3.38765030444131,3.44860676856422,3.45822433265552,3.4943823334794,3.57713207788775,3.61255458042392,3.70681607584098,3.75736940133087,3.78876326064784,3.82838985416491,3.86585309757563,3.90793223942677,3.93827970588706,4.03986346441936,4.09766166099759,4.13527253359392,4.20633503094681,4.24957222438117,4.26826000082852,4.28458804068541,4.32543817588221,4.39207237500087,4.4105405444064,4.446443860252,4.50855548673894,4.54912570623912,4.61159611597585,4.64502201503552,4.65902677536125,4.7329719180815,4.79843539476282,4.82574172865124,4.85373055135578,4.90613220047497,4.9270527859986,4.97027696321178,5.00458291928422,5.06822929626611,5.08433198074947,5.08873475442274,5.13668491816875,5.15519853850194,5.17517987001164,5.19363561795038,5.21041668695139,5.27249562383754,5.31020176185005,5.33391603205289,5.34685074123351,5.39363750666266,5.43231299335726,5.44959479425057,5.4919414161175,5.52390627913036,5.57778905552943,5.6157362725745,5.63303023147045,5.68283435983198,5.71435912356264,5.72218582320322,5.74106372103394,5.79421640719839,5.84519272785887,5.87563787479613,5.88267554603451,5.91586103199506,5.93113291931898,5.94883500138991,5.96215035103189,5.99843996488387,6.02413401683724,6.04586562670739,6.06787675259358,6.06998416566439,6.13317697352571,6.13631504150696,6.15846908008812,6.20736086514586,6.24724423969593,6.26920477988021,6.32144414499656,6.3340136838322,6.3522579080839,6.36071111246862,6.40038675536751,6.41141271540368,6.43485667924665,6.43685366906276,6.48631414571578,6.50189973153337,6.56438727804804,6.59748475145434,6.60601667180111,6.65461959450255,6.69926847235466,6.72395526873232,6.75325851473609,6.76786721403879,6.81388516223769,6.82739148222962,6.84723765526373,6.87230153468308,6.88060983370392,6.91849106371582,6.93579035692631,6.95802011081823,6.97144247823116,6.99716907430422,7.01812513013277,7.02139117633384,7.05922830662296,7.10950627678896,7.12741139368838,7.15265744764468,7.17335234692334,7.21284246957487,7.21584055424116,7.24371662000068,7.25762572844988,7.28963925491986,7.30336170927804,7.32241263584075,7.35576887334011,7.37771843105325,7.39507398306365,7.43272195404315,7.45117483514874,7.4587493121291,7.4805245758848,7.51165508709814,7.53100461880958,7.55444938135821,7.57392065247301,7.61960563245275,7.6240789793988,7.66126109717086,7.6781184995091,7.69750826779503,7.70968481355785,7.7306002271112,7.77521789686939,7.78513887112975,7.81205907673448,7.85491632303137,7.86109578055967,7.87249116939806,7.88981666296821,7.93786898818999,7.94391271132801,7.96338442608792,8.02597861938211,8.03336635998419,8.07832536141499,8.09013578520871,8.10295863325498,8.10531880951074,8.16584371334747,8.17711939105952,8.20268197224925,8.23694797614721,8.28065248198858,8.28097442136898,8.31122538290584,8.33105913650118,8.36538297185669,8.39058995919552,8.40858639967023,8.43662207669305,8.45632212459985,8.47124417547533,8.50428129423902,8.51183049933178,8.55847095529333,8.58026176063984,8.59888898019918,8.63944272350981,8.64586063877615,8.65268652558212,8.70609117388301,8.73653614294284,8.74696121113115,8.76905964348077,8.7836511726987,8.80616217256478,8.82809140450415,8.87015429782843,8.90750267312509,8.91417158107715,8.94952703787322,9.00294398465118,9.04158307807326,9.07663024972159,9.09450572649857,9.10934852918352,9.13083722389492,9.17363109467006,9.2282195874785,9.24225910025351,9.28915041155414,9.30361840318441,9.32707927122853,9.37849006695953,9.38908539567927,9.41758531196735,9.44952294149698,9.4710237490838,9.51090891942277,9.51730968743081,9.57556754172606,9.60708999151944,9.62570866483893,9.66652036039524,9.68929438893623,9.70982348224314,9.74076143331136,9.7597942008038,9.79818317094402,9.86308563977047,9.87004957750451,9.92216129053774,9.93619550030022,9.97510632526067,9.98766496127907,10.0245428751879,10.0541150094108,10.0781900782741,10.0947034503373,10.1558685230267,10.1748060516376,10.1976454453711,10.2257109075073,10.2333970400219,10.2627074423206,10.2887388396187,10.3307673392216,10.3510316615519,10.3996240430772,10.4173517293068,10.4489867765283,10.4838196065611,10.5385968961739,10.5694013396354,10.5991683669077,10.645728942459,10.7120165362539,10.7209074795958,10.7550811746563,10.8115241221418,10.8172023997465,10.8731407882066,10.9323718233209,10.9515785634988,11.0349018159165,11.0530069591682,11.0951832378827,11.1343811150178,11.15969177109,11.1722608849133,11.207948875732,11.20998446696,11.2678462412458,11.3405497676079,11.3937749428895,11.4079203900363,11.433449900243,11.4811186170353,11.4986323882626,11.5556915225166,11.5720022569787,11.6020296968871,11.6054250434204,11.7356009453378,11.7513615313324,11.8082412490273,11.8271236208928,11.8437432850182,11.8910856186542,11.9303930663041,11.9356133190664,12.0134146368918,12.0770482119762,12.1077588600811,12.121604482292,12.1491052903481,12.1979866091535,12.2839297107787,12.2948842245749,12.3300486276154,12.344053494963,12.3916236709092,12.4218386499988,12.4793874287729,12.5211863443652,12.5883145320603,12.6414334566546,12.6683817152996,12.6807971139865,12.7471617260488,12.7862764445109,12.8356797637194,12.8657397103196,12.8854145624294,12.938967122596,12.9683476323027,12.9905090797627,13.0326241937565,13.0734483850767,13.1060504512161,13.1619542921045,13.2268102123345,13.2504841509617,13.2702473233698,13.3639145424563,13.3987119743474,13.4294436504735,13.475062829617,13.4999683919184,13.5251469081236,13.5682139023428,13.6180106821728,13.6403230562369,13.6839674883868,13.7243980449821,13.7575116539615,13.799293174543,13.843015985758,13.9018332992772,13.9304397836897,13.9897430637698,14.0138343090726,14.1242947440981,14.1765847226876,14.1983826473066,14.2367568627744,14.2612475245546,14.3589902957307,14.4137081436871,14.4344497138239,14.4787837304465,14.5154113295819,14.5601728053865,14.611605544642,14.6377324749124,14.7033805569324,14.720707436365,14.8288555203048,14.9050944667686,15.0025209184991,15.0389467866191,15.1212693917715,15.2000588631421,15.2244587324709,15.353945108252,15.3617934937124,15.4184978331078,15.4668974470441,15.4887701674568,15.5523050121443,15.7081781764692,15.7418690561788,15.8118474005906,15.8556451602379,15.9734706799398,16.0822349410041,16.0918761366374,16.2339416851943,16.2632463233659,16.4101406911007,16.5090616996912,16.5218685015259,16.6356296519994,16.7369158414214,16.8150805485176,16.9165840460647,17.0130056026453,17.2486420860855,17.4049040308785,17.5959960001826,17.7897244602639,17.9678224885896,18.0874835853482,18.1269015462609,18.32241634192,18.4224504097117,18.7146818477631,18.8364319914168,18.9760922683429,19.1827751132466,19.4046260454411,19.700404785019,19.9939427530507,20.1312663194918,20.2405176285227,20.6219653821633,21.1787172887574,21.5133570497122,23.3466064250987,NA,NA,NA,NA,NA,NA,NA,NA,NA,NA,NA,NA,NA,NA,NA,NA,NA,NA,NA,NA,NA,NA,NA,NA,NA,NA,NA,NA,NA,NA,NA,NA,NA,NA,NA,NA,NA,NA,NA
0.535347805994956,0.600043990476218,0.718322574521694,0.994659006442158,1.07660454444882,1.27355038557182,1.41318030168279,1.50456114624353,1.52317612271472,1.75666054463568,1.7976422277967,1.80995499064714,1.88310652900523,1.94118371179728,2.19004640717344,2.20302083263084,2.28629743384636,2.42825644927023,2.52765120447611,2.53839538536986,2.61244172632687,2.68124807628617,2.72610537387649,2.78031382098352,2.88759595380696,2.96111215574675,2.99934267875158,3.06158571313214,3.13175778227276,3.16901355288221,3.22761345836655,3.30939403689668,3.38765030444131,3.44860676856422,3.45822433265552,3.4943823334794,3.57713207788775,3.61255458042392,3.70681607584098,3.75736940133087,3.78876326064784,3.82838985416491,3.86585309757563,3.90793223942677,3.93827970588706,4.03986346441936,4.09766166099759,4.13527253359392,4.20633503094681,4.24957222438117,4.26826000082852,4.28458804068541,4.32543817588221,4.39207237500087,4.4105405444064,4.446443860252,4.50855548673894,4.54912570623912,4.61159611597585,4.64502201503552,4.65902677536125,4.7329719180815,4.79843539476282,4.82574172865124,4.85373055135578,4.90613220047497,4.9270527859986,4.97027696321178,5.00458291928422,5.06822929626611,5.08433198074947,5.08873475442274,5.13668491816875,5.15519853850194,5.17517987001164,5.19363561795038,5.21041668695139,5.27249562383754,5.31020176185005,5.33391603205289,5.34685074123351,5.39363750666266,5.43231299335726,5.44959479425057,5.4919414161175,5.52390627913036,5.57778905552943,5.6157362725745,5.63303023147045,5.68283435983198,5.71435912356264,5.72218582320322,5.74106372103394,5.79421640719839,5.84519272785887,5.87563787479613,5.88267554603451,5.91586103199506,5.93113291931898,5.94883500138991,5.96215035103189,5.99843996488387,6.02413401683724,6.04586562670739,6.06787675259358,6.06998416566439,6.13317697352571,6.13631504150696,6.15846908008812,6.20736086514586,6.24724423969593,6.26920477988021,6.32144414499656,6.3340136838322,6.3522579080839,6.36071111246862,6.40038675536751,6.41141271540368,6.43485667924665,6.43685366906276,6.48631414571578,6.50189973153337,6.56438727804804,6.59748475145434,6.60601667180111,6.65461959450255,6.69926847235466,6.72395526873232,6.75325851473609,6.76786721403879,6.81388516223769,6.82739148222962,6.84723765526373,6.87230153468308,6.88060983370392,6.91849106371582,6.93579035692631,6.95802011081823,6.97144247823116,6.99716907430422,7.01812513013277,7.02139117633384,7.05922830662296,7.10950627678896,7.12741139368838,7.15265744764468,7.17335234692334,7.21284246957487,7.21584055424116,7.24371662000068,7.25762572844988,7.28963925491986,7.30336170927804,7.32241263584075,7.35576887334011,7.37771843105325,7.39507398306365,7.43272195404315,7.45117483514874,7.4587493121291,7.4805245758848,7.51165508709814,7.53100461880958,7.55444938135821,7.57392065247301,7.61960563245275,7.6240789793988,7.66126109717086,7.6781184995091,7.69750826779503,7.70968481355785,7.7306002271112,7.77521789686939,7.78513887112975,7.81205907673448,7.85491632303137,7.86109578055967,7.87249116939806,7.88981666296821,7.93786898818999,7.94391271132801,7.96338442608792,8.02597861938211,8.03336635998419,8.07832536141499,8.09013578520871,8.10295863325498,8.10531880951074,8.16584371334747,8.17711939105952,8.20268197224925,8.23694797614721,8.28065248198858,8.28097442136898,8.31122538290584,8.33105913650118,8.36538297185669,8.39058995919552,8.40858639967023,8.43662207669305,8.45632212459985,8.47124417547533,8.50428129423902,8.51183049933178,8.55847095529333,8.58026176063984,8.59888898019918,8.63944272350981,8.64586063877615,8.65268652558212,8.70609117388301,8.73653614294284,8.74696121113115,8.76905964348077,8.7836511726987,8.80616217256478,8.82809140450415,8.87015429782843,8.90750267312509,8.91417158107715,8.94952703787322,9.00294398465118,9.04158307807326,9.07663024972159,9.09450572649857,9.10934852918352,9.13083722389492,9.17363109467006,9.2282195874785,9.24225910025351,9.28915041155414,9.30361840318441,9.32707927122853,9.37849006695953,9.38908539567927,9.41758531196735,9.44952294149698,9.4710237490838,9.51090891942277,9.51730968743081,9.57556754172606,9.60708999151944,9.62570866483893,9.66652036039524,9.68929438893623,9.70982348224314,9.74076143331136,9.7597942008038,9.79818317094402,9.86308563977047,9.87004957750451,9.92216129053774,9.93619550030022,9.97510632526067,9.98766496127907,10.0245428751879,10.0541150094108,10.0781900782741,10.0947034503373,10.1558685230267,10.1748060516376,10.1976454453711,10.2257109075073,10.2333970400219,10.2627074423206,10.2887388396187,10.3307673392216,10.3510316615519,10.3996240430772,10.4173517293068,10.4489867765283,10.4838196065611,10.5385968961739,10.5694013396354,10.5991683669077,10.645728942459,10.7120165362539,10.7209074795958,10.7550811746563,10.8115241221418,10.8172023997465,10.8731407882066,10.9323718233209,10.9515785634988,11.0349018159165,11.0530069591682,11.0951832378827,11.1343811150178,11.15969177109,11.1722608849133,11.207948875732,11.20998446696,11.2678462412458,11.3405497676079,11.3937749428895,11.4079203900363,11.433449900243,11.4811186170353,11.4986323882626,11.5556915225166,11.5720022569787,11.6020296968871,11.6054250434204,11.7356009453378,11.7513615313324,11.8082412490273,11.8271236208928,11.8437432850182,11.8910856186542,11.9303930663041,11.9356133190664,12.0134146368918,12.0770482119762,12.1077588600811,12.121604482292,12.1491052903481,12.1979866091535,12.2839297107787,12.2948842245749,12.3300486276154,12.344053494963,12.3916236709092,12.4218386499988,12.4793874287729,12.5211863443652,12.5883145320603,12.6414334566546,12.6683817152996,12.6807971139865,12.7471617260488,12.7862764445109,12.8356797637194,12.8657397103196,12.8854145624294,12.938967122596,12.9683476323027,12.9905090797627,13.0326241937565,13.0734483850767,13.1060504512161,13.1619542921045,13.2268102123345,13.2504841509617,13.2702473233698,13.3639145424563,13.3987119743474,13.4294436504735,13.475062829617,13.4999683919184,13.5251469081236,13.5682139023428,13.6180106821728,13.6403230562369,13.6839674883868,13.7243980449821,13.7575116539615,13.799293174543,13.843015985758,13.9018332992772,13.9304397836897,13.9897430637698,14.0138343090726,14.1242947440981,14.1765847226876,14.1983826473066,14.2367568627744,14.2612475245546,14.3589902957307,14.4137081436871,14.4344497138239,14.4787837304465,14.5154113295819,14.5601728053865,14.611605544642,14.6377324749124,14.7033805569324,14.720707436365,14.8288555203048,14.9050944667686,15.0025209184991,15.0389467866191,15.1212693917715,15.2000588631421,15.2244587324709,15.353945108252,15.3617934937124,15.4184978331078,15.4668974470441,15.4887701674568,15.5523050121443,15.7081781764692,15.7418690561788,15.8118474005906,15.8556451602379,15.9734706799398,16.0822349410041,16.0918761366374,16.2339416851943,16.2632463233659,16.4101406911007,16.5090616996912,16.5218685015259,16.6356296519994,16.7369158414214,16.8150805485176,16.9165840460647,17.0130056026453,17.2486420860855,17.4049040308785,17.5959960001826,17.7897244602639,17.9678224885896,18.0874835853482,18.1269015462609,18.32241634192,18.4224504097117,18.7146818477631,18.8364319914168,18.9760922683429,19.1827751132466,19.4046260454411,19.700404785019,19.9939427530507,20.1312663194918,20.2405176285227,20.6219653821633,21.1787172887574,21.5133570497122,23.3466064250987,NA,NA,NA,NA,NA,NA,NA,NA,NA,NA,NA,NA,NA,NA,NA,NA,NA,NA,NA,NA,NA,NA,NA,NA,NA,NA,NA,NA,NA,NA,NA,NA,NA,NA,NA,NA,NA,NA,NA
0.535347805994956,0.600043990476218,0.718322574521694,0.994659006442158,1.07660454444882,1.27355038557182,1.41318030168279,1.50456114624353,1.52317612271472,1.75666054463568,1.7976422277967,1.80995499064714,1.88310652900523,1.94118371179728,2.19004640717344,2.20302083263084,2.28629743384636,2.42825644927023,2.52765120447611,2.53839538536986,2.61244172632687,2.68124807628617,2.72610537387649,2.78031382098352,2.88759595380696,2.96111215574675,2.99934267875158,3.06158571313214,3.13175778227276,3.16901355288221,3.22761345836655,3.30939403689668,3.38765030444131,3.44860676856422,3.45822433265552,3.4943823334794,3.57713207788775,3.61255458042392,3.70681607584098,3.75736940133087,3.78876326064784,3.82838985416491,3.86585309757563,3.90793223942677,3.93827970588706,4.03986346441936,4.09766166099759,4.13527253359392,4.20633503094681,4.24957222438117,4.26826000082852,4.28458804068541,4.32543817588221,4.39207237500087,4.4105405444064,4.446443860252,4.50855548673894,4.54912570623912,4.61159611597585,4.64502201503552,4.65902677536125,4.7329719180815,4.79843539476282,4.82574172865124,4.85373055135578,4.90613220047497,4.9270527859986,4.97027696321178,5.00458291928422,5.06822929626611,5.08433198074947,5.08873475442274,5.13668491816875,5.15519853850194,5.17517987001164,5.19363561795038,5.21041668695139,5.27249562383754,5.31020176185005,5.33391603205289,5.34685074123351,5.39363750666266,5.43231299335726,5.44959479425057,5.4919414161175,5.52390627913036,5.57778905552943,5.6157362725745,5.63303023147045,5.68283435983198,5.71435912356264,5.72218582320322,5.74106372103394,5.79421640719839,5.84519272785887,5.87563787479613,5.88267554603451,5.91586103199506,5.93113291931898,5.94883500138991,5.96215035103189,5.99843996488387,6.02413401683724,6.04586562670739,6.06787675259358,6.06998416566439,6.13317697352571,6.13631504150696,6.15846908008812,6.20736086514586,6.24724423969593,6.26920477988021,6.32144414499656,6.3340136838322,6.3522579080839,6.36071111246862,6.40038675536751,6.41141271540368,6.43485667924665,6.43685366906276,6.48631414571578,6.50189973153337,6.56438727804804,6.59748475145434,6.60601667180111,6.65461959450255,6.69926847235466,6.72395526873232,6.75325851473609,6.76786721403879,6.81388516223769,6.82739148222962,6.84723765526373,6.87230153468308,6.88060983370392,6.91849106371582,6.93579035692631,6.95802011081823,6.97144247823116,6.99716907430422,7.01812513013277,7.02139117633384,7.05922830662296,7.10950627678896,7.12741139368838,7.15265744764468,7.17335234692334,7.21284246957487,7.21584055424116,7.24371662000068,7.25762572844988,7.28963925491986,7.30336170927804,7.32241263584075,7.35576887334011,7.37771843105325,7.39507398306365,7.43272195404315,7.45117483514874,7.4587493121291,7.4805245758848,7.51165508709814,7.53100461880958,7.55444938135821,7.57392065247301,7.61960563245275,7.6240789793988,7.66126109717086,7.6781184995091,7.69750826779503,7.70968481355785,7.7306002271112,7.77521789686939,7.78513887112975,7.81205907673448,7.85491632303137,7.86109578055967,7.87249116939806,7.88981666296821,7.93786898818999,7.94391271132801,7.96338442608792,8.02597861938211,8.03336635998419,8.07832536141499,8.09013578520871,8.10295863325498,8.10531880951074,8.16584371334747,8.17711939105952,8.20268197224925,8.23694797614721,8.28065248198858,8.28097442136898,8.31122538290584,8.33105913650118,8.36538297185669,8.39058995919552,8.40858639967023,8.43662207669305,8.45632212459985,8.47124417547533,8.50428129423902,8.51183049933178,8.55847095529333,8.58026176063984,8.59888898019918,8.63944272350981,8.64586063877615,8.65268652558212,8.70609117388301,8.73653614294284,8.74696121113115,8.76905964348077,8.7836511726987,8.80616217256478,8.82809140450415,8.87015429782843,8.90750267312509,8.91417158107715,8.94952703787322,9.00294398465118,9.04158307807326,9.07663024972159,9.09450572649857,9.10934852918352,9.13083722389492,9.17363109467006,9.2282195874785,9.24225910025351,9.28915041155414,9.30361840318441,9.32707927122853,9.37849006695953,9.38908539567927,9.41758531196735,9.44952294149698,9.4710237490838,9.51090891942277,9.51730968743081,9.57556754172606,9.60708999151944,9.62570866483893,9.66652036039524,9.68929438893623,9.70982348224314,9.74076143331136,9.7597942008038,9.79818317094402,9.86308563977047,9.87004957750451,9.92216129053774,9.93619550030022,9.97510632526067,9.98766496127907,10.0245428751879,10.0541150094108,10.0781900782741,10.0947034503373,10.1558685230267,10.1748060516376,10.1976454453711,10.2257109075073,10.2333970400219,10.2627074423206,10.2887388396187,10.3307673392216,10.3510316615519,10.3996240430772,10.4173517293068,10.4489867765283,10.4838196065611,10.5385968961739,10.5694013396354,10.5991683669077,10.645728942459,10.7120165362539,10.7209074795958,10.7550811746563,10.8115241221418,10.8172023997465,10.8731407882066,10.9323718233209,10.9515785634988,11.0349018159165,11.0530069591682,11.0951832378827,11.1343811150178,11.15969177109,11.1722608849133,11.207948875732,11.20998446696,11.2678462412458,11.3405497676079,11.3937749428895,11.4079203900363,11.433449900243,11.4811186170353,11.4986323882626,11.5556915225166,11.5720022569787,11.6020296968871,11.6054250434204,11.7356009453378,11.7513615313324,11.8082412490273,11.8271236208928,11.8437432850182,11.8910856186542,11.9303930663041,11.9356133190664,12.0134146368918,12.0770482119762,12.1077588600811,12.121604482292,12.1491052903481,12.1979866091535,12.2839297107787,12.2948842245749,12.3300486276154,12.344053494963,12.3916236709092,12.4218386499988,12.4793874287729,12.5211863443652,12.5883145320603,12.6414334566546,12.6683817152996,12.6807971139865,12.7471617260488,12.7862764445109,12.8356797637194,12.8657397103196,12.8854145624294,12.938967122596,12.9683476323027,12.9905090797627,13.0326241937565,13.0734483850767,13.1060504512161,13.1619542921045,13.2268102123345,13.2504841509617,13.2702473233698,13.3639145424563,13.3987119743474,13.4294436504735,13.475062829617,13.4999683919184,13.5251469081236,13.5682139023428,13.6180106821728,13.6403230562369,13.6839674883868,13.7243980449821,13.7575116539615,13.799293174543,13.843015985758,13.9018332992772,13.9304397836897,13.9897430637698,14.0138343090726,14.1242947440981,14.1765847226876,14.1983826473066,14.2367568627744,14.2612475245546,14.3589902957307,14.4137081436871,14.4344497138239,14.4787837304465,14.5154113295819,14.5601728053865,14.611605544642,14.6377324749124,14.7033805569324,14.720707436365,14.8288555203048,14.9050944667686,15.0025209184991,15.0389467866191,15.1212693917715,15.2000588631421,15.2244587324709,15.353945108252,15.3617934937124,15.4184978331078,15.4668974470441,15.4887701674568,15.5523050121443,15.7081781764692,15.7418690561788,15.8118474005906,15.8556451602379,15.9734706799398,16.0822349410041,16.0918761366374,16.2339416851943,16.2632463233659,16.4101406911007,16.5090616996912,16.5218685015259,16.6356296519994,16.7369158414214,16.8150805485176,16.9165840460647,17.0130056026453,17.2486420860855,17.4049040308785,17.5959960001826,17.7897244602639,17.9678224885896,18.0874835853482,18.1269015462609,18.32241634192,18.4224504097117,18.7146818477631,18.8364319914168,18.9760922683429,19.1827751132466,19.4046260454411,19.700404785019,19.9939427530507,20.1312663194918,20.2405176285227,20.6219653821633,21.1787172887574,21.5133570497122,23.3466064250987,NA,NA,NA,NA,NA,NA,NA,NA,NA,NA,NA,NA,NA,NA,NA,NA,NA,NA,NA,NA,NA,NA,NA,NA,NA,NA,NA,NA,NA,NA,NA,NA,NA,NA,NA,NA,NA,NA,NA
0.535347805994956,0.600043990476218,0.718322574521694,0.994659006442158,1.07660454444882,1.27355038557182,1.41318030168279,1.50456114624353,1.52317612271472,1.75666054463568,1.7976422277967,1.80995499064714,1.88310652900523,1.94118371179728,2.19004640717344,2.20302083263084,2.28629743384636,2.42825644927023,2.52765120447611,2.53839538536986,2.61244172632687,2.68124807628617,2.72610537387649,2.78031382098352,2.88759595380696,2.96111215574675,2.99934267875158,3.06158571313214,3.13175778227276,3.16901355288221,3.22761345836655,3.30939403689668,3.38765030444131,3.44860676856422,3.45822433265552,3.4943823334794,3.57713207788775,3.61255458042392,3.70681607584098,3.75736940133087,3.78876326064784,3.82838985416491,3.86585309757563,3.90793223942677,3.93827970588706,4.03986346441936,4.09766166099759,4.13527253359392,4.20633503094681,4.24957222438117,4.26826000082852,4.28458804068541,4.32543817588221,4.39207237500087,4.4105405444064,4.446443860252,4.50855548673894,4.54912570623912,4.61159611597585,4.64502201503552,4.65902677536125,4.7329719180815,4.79843539476282,4.82574172865124,4.85373055135578,4.90613220047497,4.9270527859986,4.97027696321178,5.00458291928422,5.06822929626611,5.08433198074947,5.08873475442274,5.13668491816875,5.15519853850194,5.17517987001164,5.19363561795038,5.21041668695139,5.27249562383754,5.31020176185005,5.33391603205289,5.34685074123351,5.39363750666266,5.43231299335726,5.44959479425057,5.4919414161175,5.52390627913036,5.57778905552943,5.6157362725745,5.63303023147045,5.68283435983198,5.71435912356264,5.72218582320322,5.74106372103394,5.79421640719839,5.84519272785887,5.87563787479613,5.88267554603451,5.91586103199506,5.93113291931898,5.94883500138991,5.96215035103189,5.99843996488387,6.02413401683724,6.04586562670739,6.06787675259358,6.06998416566439,6.13317697352571,6.13631504150696,6.15846908008812,6.20736086514586,6.24724423969593,6.26920477988021,6.32144414499656,6.3340136838322,6.3522579080839,6.36071111246862,6.40038675536751,6.41141271540368,6.43485667924665,6.43685366906276,6.48631414571578,6.50189973153337,6.56438727804804,6.59748475145434,6.60601667180111,6.65461959450255,6.69926847235466,6.72395526873232,6.75325851473609,6.76786721403879,6.81388516223769,6.82739148222962,6.84723765526373,6.87230153468308,6.88060983370392,6.91849106371582,6.93579035692631,6.95802011081823,6.97144247823116,6.99716907430422,7.01812513013277,7.02139117633384,7.05922830662296,7.10950627678896,7.12741139368838,7.15265744764468,7.17335234692334,7.21284246957487,7.21584055424116,7.24371662000068,7.25762572844988,7.28963925491986,7.30336170927804,7.32241263584075,7.35576887334011,7.37771843105325,7.39507398306365,7.43272195404315,7.45117483514874,7.4587493121291,7.4805245758848,7.51165508709814,7.53100461880958,7.55444938135821,7.57392065247301,7.61960563245275,7.6240789793988,7.66126109717086,7.6781184995091,7.69750826779503,7.70968481355785,7.7306002271112,7.77521789686939,7.78513887112975,7.81205907673448,7.85491632303137,7.86109578055967,7.87249116939806,7.88981666296821,7.93786898818999,7.94391271132801,7.96338442608792,8.02597861938211,8.03336635998419,8.07832536141499,8.09013578520871,8.10295863325498,8.10531880951074,8.16584371334747,8.17711939105952,8.20268197224925,8.23694797614721,8.28065248198858,8.28097442136898,8.31122538290584,8.33105913650118,8.36538297185669,8.39058995919552,8.40858639967023,8.43662207669305,8.45632212459985,8.47124417547533,8.50428129423902,8.51183049933178,8.55847095529333,8.58026176063984,8.59888898019918,8.63944272350981,8.64586063877615,8.65268652558212,8.70609117388301,8.73653614294284,8.74696121113115,8.76905964348077,8.7836511726987,8.80616217256478,8.82809140450415,8.87015429782843,8.90750267312509,8.91417158107715,8.94952703787322,9.00294398465118,9.04158307807326,9.07663024972159,9.09450572649857,9.10934852918352,9.13083722389492,9.17363109467006,9.2282195874785,9.24225910025351,9.28915041155414,9.30361840318441,9.32707927122853,9.37849006695953,9.38908539567927,9.41758531196735,9.44952294149698,9.4710237490838,9.51090891942277,9.51730968743081,9.57556754172606,9.60708999151944,9.62570866483893,9.66652036039524,9.68929438893623,9.70982348224314,9.74076143331136,9.7597942008038,9.79818317094402,9.86308563977047,9.87004957750451,9.92216129053774,9.93619550030022,9.97510632526067,9.98766496127907,10.0245428751879,10.0541150094108,10.0781900782741,10.0947034503373,10.1558685230267,10.1748060516376,10.1976454453711,10.2257109075073,10.2333970400219,10.2627074423206,10.2887388396187,10.3307673392216,10.3510316615519,10.3996240430772,10.4173517293068,10.4489867765283,10.4838196065611,10.5385968961739,10.5694013396354,10.5991683669077,10.645728942459,10.7120165362539,10.7209074795958,10.7550811746563,10.8115241221418,10.8172023997465,10.8731407882066,10.9323718233209,10.9515785634988,11.0349018159165,11.0530069591682,11.0951832378827,11.1343811150178,11.15969177109,11.1722608849133,11.207948875732,11.20998446696,11.2678462412458,11.3405497676079,11.3937749428895,11.4079203900363,11.433449900243,11.4811186170353,11.4986323882626,11.5556915225166,11.5720022569787,11.6020296968871,11.6054250434204,11.7356009453378,11.7513615313324,11.8082412490273,11.8271236208928,11.8437432850182,11.8910856186542,11.9303930663041,11.9356133190664,12.0134146368918,12.0770482119762,12.1077588600811,12.121604482292,12.1491052903481,12.1979866091535,12.2839297107787,12.2948842245749,12.3300486276154,12.344053494963,12.3916236709092,12.4218386499988,12.4793874287729,12.5211863443652,12.5883145320603,12.6414334566546,12.6683817152996,12.6807971139865,12.7471617260488,12.7862764445109,12.8356797637194,12.8657397103196,12.8854145624294,12.938967122596,12.9683476323027,12.9905090797627,13.0326241937565,13.0734483850767,13.1060504512161,13.1619542921045,13.2268102123345,13.2504841509617,13.2702473233698,13.3639145424563,13.3987119743474,13.4294436504735,13.475062829617,13.4999683919184,13.5251469081236,13.5682139023428,13.6180106821728,13.6403230562369,13.6839674883868,13.7243980449821,13.7575116539615,13.799293174543,13.843015985758,13.9018332992772,13.9304397836897,13.9897430637698,14.0138343090726,14.1242947440981,14.1765847226876,14.1983826473066,14.2367568627744,14.2612475245546,14.3589902957307,14.4137081436871,14.4344497138239,14.4787837304465,14.5154113295819,14.5601728053865,14.611605544642,14.6377324749124,14.7033805569324,14.720707436365,14.8288555203048,14.9050944667686,15.0025209184991,15.0389467866191,15.1212693917715,15.2000588631421,15.2244587324709,15.353945108252,15.3617934937124,15.4184978331078,15.4668974470441,15.4887701674568,15.5523050121443,15.7081781764692,15.7418690561788,15.8118474005906,15.8556451602379,15.9734706799398,16.0822349410041,16.0918761366374,16.2339416851943,16.2632463233659,16.4101406911007,16.5090616996912,16.5218685015259,16.6356296519994,16.7369158414214,16.8150805485176,16.9165840460647,17.0130056026453,17.2486420860855,17.4049040308785,17.5959960001826,17.7897244602639,17.9678224885896,18.0874835853482,18.1269015462609,18.32241634192,18.4224504097117,18.7146818477631,18.8364319914168,18.9760922683429,19.1827751132466,19.4046260454411,19.700404785019,19.9939427530507,20.1312663194918,20.2405176285227,20.6219653821633,21.1787172887574,21.5133570497122,23.3466064250987,NA,NA,NA,NA,NA,NA,NA,NA,NA,NA,NA,NA,NA,NA,NA,NA,NA,NA,NA,NA,NA,NA,NA,NA,NA,NA,NA,NA,NA,NA,NA,NA,NA,NA,NA,NA,NA,NA,NA
0.535347805994956,0.600043990476218,0.718322574521694,0.994659006442158,1.07660454444882,1.27355038557182,1.41318030168279,1.50456114624353,1.52317612271472,1.75666054463568,1.7976422277967,1.80995499064714,1.88310652900523,1.94118371179728,2.19004640717344,2.20302083263084,2.28629743384636,2.42825644927023,2.52765120447611,2.53839538536986,2.61244172632687,2.68124807628617,2.72610537387649,2.78031382098352,2.88759595380696,2.96111215574675,2.99934267875158,3.06158571313214,3.13175778227276,3.16901355288221,3.22761345836655,3.30939403689668,3.38765030444131,3.44860676856422,3.45822433265552,3.4943823334794,3.57713207788775,3.61255458042392,3.70681607584098,3.75736940133087,3.78876326064784,3.82838985416491,3.86585309757563,3.90793223942677,3.93827970588706,4.03986346441936,4.09766166099759,4.13527253359392,4.20633503094681,4.24957222438117,4.26826000082852,4.28458804068541,4.32543817588221,4.39207237500087,4.4105405444064,4.446443860252,4.50855548673894,4.54912570623912,4.61159611597585,4.64502201503552,4.65902677536125,4.7329719180815,4.79843539476282,4.82574172865124,4.85373055135578,4.90613220047497,4.9270527859986,4.97027696321178,5.00458291928422,5.06822929626611,5.08433198074947,5.08873475442274,5.13668491816875,5.15519853850194,5.17517987001164,5.19363561795038,5.21041668695139,5.27249562383754,5.31020176185005,5.33391603205289,5.34685074123351,5.39363750666266,5.43231299335726,5.44959479425057,5.4919414161175,5.52390627913036,5.57778905552943,5.6157362725745,5.63303023147045,5.68283435983198,5.71435912356264,5.72218582320322,5.74106372103394,5.79421640719839,5.84519272785887,5.87563787479613,5.88267554603451,5.91586103199506,5.93113291931898,5.94883500138991,5.96215035103189,5.99843996488387,6.02413401683724,6.04586562670739,6.06787675259358,6.06998416566439,6.13317697352571,6.13631504150696,6.15846908008812,6.20736086514586,6.24724423969593,6.26920477988021,6.32144414499656,6.3340136838322,6.3522579080839,6.36071111246862,6.40038675536751,6.41141271540368,6.43485667924665,6.43685366906276,6.48631414571578,6.50189973153337,6.56438727804804,6.59748475145434,6.60601667180111,6.65461959450255,6.69926847235466,6.72395526873232,6.75325851473609,6.76786721403879,6.81388516223769,6.82739148222962,6.84723765526373,6.87230153468308,6.88060983370392,6.91849106371582,6.93579035692631,6.95802011081823,6.97144247823116,6.99716907430422,7.01812513013277,7.02139117633384,7.05922830662296,7.10950627678896,7.12741139368838,7.15265744764468,7.17335234692334,7.21284246957487,7.21584055424116,7.24371662000068,7.25762572844988,7.28963925491986,7.30336170927804,7.32241263584075,7.35576887334011,7.37771843105325,7.39507398306365,7.43272195404315,7.45117483514874,7.4587493121291,7.4805245758848,7.51165508709814,7.53100461880958,7.55444938135821,7.57392065247301,7.61960563245275,7.6240789793988,7.66126109717086,7.6781184995091,7.69750826779503,7.70968481355785,7.7306002271112,7.77521789686939,7.78513887112975,7.81205907673448,7.85491632303137,7.86109578055967,7.87249116939806,7.88981666296821,7.93786898818999,7.94391271132801,7.96338442608792,8.02597861938211,8.03336635998419,8.07832536141499,8.09013578520871,8.10295863325498,8.10531880951074,8.16584371334747,8.17711939105952,8.20268197224925,8.23694797614721,8.28065248198858,8.28097442136898,8.31122538290584,8.33105913650118,8.36538297185669,8.39058995919552,8.40858639967023,8.43662207669305,8.45632212459985,8.47124417547533,8.50428129423902,8.51183049933178,8.55847095529333,8.58026176063984,8.59888898019918,8.63944272350981,8.64586063877615,8.65268652558212,8.70609117388301,8.73653614294284,8.74696121113115,8.76905964348077,8.7836511726987,8.80616217256478,8.82809140450415,8.87015429782843,8.90750267312509,8.91417158107715,8.94952703787322,9.00294398465118,9.04158307807326,9.07663024972159,9.09450572649857,9.10934852918352,9.13083722389492,9.17363109467006,9.2282195874785,9.24225910025351,9.28915041155414,9.30361840318441,9.32707927122853,9.37849006695953,9.38908539567927,9.41758531196735,9.44952294149698,9.4710237490838,9.51090891942277,9.51730968743081,9.57556754172606,9.60708999151944,9.62570866483893,9.66652036039524,9.68929438893623,9.70982348224314,9.74076143331136,9.7597942008038,9.79818317094402,9.86308563977047,9.87004957750451,9.92216129053774,9.93619550030022,9.97510632526067,9.98766496127907,10.0245428751879,10.0541150094108,10.0781900782741,10.0947034503373,10.1558685230267,10.1748060516376,10.1976454453711,10.2257109075073,10.2333970400219,10.2627074423206,10.2887388396187,10.3307673392216,10.3510316615519,10.3996240430772,10.4173517293068,10.4489867765283,10.4838196065611,10.5385968961739,10.5694013396354,10.5991683669077,10.645728942459,10.7120165362539,10.7209074795958,10.7550811746563,10.8115241221418,10.8172023997465,10.8731407882066,10.9323718233209,10.9515785634988,11.0349018159165,11.0530069591682,11.0951832378827,11.1343811150178,11.15969177109,11.1722608849133,11.207948875732,11.20998446696,11.2678462412458,11.3405497676079,11.3937749428895,11.4079203900363,11.433449900243,11.4811186170353,11.4986323882626,11.5556915225166,11.5720022569787,11.6020296968871,11.6054250434204,11.7356009453378,11.7513615313324,11.8082412490273,11.8271236208928,11.8437432850182,11.8910856186542,11.9303930663041,11.9356133190664,12.0134146368918,12.0770482119762,12.1077588600811,12.121604482292,12.1491052903481,12.1979866091535,12.2839297107787,12.2948842245749,12.3300486276154,12.344053494963,12.3916236709092,12.4218386499988,12.4793874287729,12.5211863443652,12.5883145320603,12.6414334566546,12.6683817152996,12.6807971139865,12.7471617260488,12.7862764445109,12.8356797637194,12.8657397103196,12.8854145624294,12.938967122596,12.9683476323027,12.9905090797627,13.0326241937565,13.0734483850767,13.1060504512161,13.1619542921045,13.2268102123345,13.2504841509617,13.2702473233698,13.3639145424563,13.3987119743474,13.4294436504735,13.475062829617,13.4999683919184,13.5251469081236,13.5682139023428,13.6180106821728,13.6403230562369,13.6839674883868,13.7243980449821,13.7575116539615,13.799293174543,13.843015985758,13.9018332992772,13.9304397836897,13.9897430637698,14.0138343090726,14.1242947440981,14.1765847226876,14.1983826473066,14.2367568627744,14.2612475245546,14.3589902957307,14.4137081436871,14.4344497138239,14.4787837304465,14.5154113295819,14.5601728053865,14.611605544642,14.6377324749124,14.7033805569324,14.720707436365,14.8288555203048,14.9050944667686,15.0025209184991,15.0389467866191,15.1212693917715,15.2000588631421,15.2244587324709,15.353945108252,15.3617934937124,15.4184978331078,15.4668974470441,15.4887701674568,15.5523050121443,15.7081781764692,15.7418690561788,15.8118474005906,15.8556451602379,15.9734706799398,16.0822349410041,16.0918761366374,16.2339416851943,16.2632463233659,16.4101406911007,16.5090616996912,16.5218685015259,16.6356296519994,16.7369158414214,16.8150805485176,16.9165840460647,17.0130056026453,17.2486420860855,17.4049040308785,17.5959960001826,17.7897244602639,17.9678224885896,18.0874835853482,18.1269015462609,18.32241634192,18.4224504097117,18.7146818477631,18.8364319914168,18.9760922683429,19.1827751132466,19.4046260454411,19.700404785019,19.9939427530507,20.1312663194918,20.2405176285227,20.6219653821633,21.1787172887574,21.5133570497122,23.3466064250987,NA,NA,NA,NA,NA,NA,NA,NA,NA,NA,NA,NA,NA,NA,NA,NA,NA,NA,NA,NA,NA,NA,NA,NA,NA,NA,NA,NA,NA,NA,NA,NA,NA,NA,NA,NA,NA,NA,NA
0.535347805994956,0.600043990476218,0.718322574521694,0.994659006442158,1.07660454444882,1.27355038557182,1.41318030168279,1.50456114624353,1.52317612271472,1.75666054463568,1.7976422277967,1.80995499064714,1.88310652900523,1.94118371179728,2.19004640717344,2.20302083263084,2.28629743384636,2.42825644927023,2.52765120447611,2.53839538536986,2.61244172632687,2.68124807628617,2.72610537387649,2.78031382098352,2.88759595380696,2.96111215574675,2.99934267875158,3.06158571313214,3.13175778227276,3.16901355288221,3.22761345836655,3.30939403689668,3.38765030444131,3.44860676856422,3.45822433265552,3.4943823334794,3.57713207788775,3.61255458042392,3.70681607584098,3.75736940133087,3.78876326064784,3.82838985416491,3.86585309757563,3.90793223942677,3.93827970588706,4.03986346441936,4.09766166099759,4.13527253359392,4.20633503094681,4.24957222438117,4.26826000082852,4.28458804068541,4.32543817588221,4.39207237500087,4.4105405444064,4.446443860252,4.50855548673894,4.54912570623912,4.61159611597585,4.64502201503552,4.65902677536125,4.7329719180815,4.79843539476282,4.82574172865124,4.85373055135578,4.90613220047497,4.9270527859986,4.97027696321178,5.00458291928422,5.06822929626611,5.08433198074947,5.08873475442274,5.13668491816875,5.15519853850194,5.17517987001164,5.19363561795038,5.21041668695139,5.27249562383754,5.31020176185005,5.33391603205289,5.34685074123351,5.39363750666266,5.43231299335726,5.44959479425057,5.4919414161175,5.52390627913036,5.57778905552943,5.6157362725745,5.63303023147045,5.68283435983198,5.71435912356264,5.72218582320322,5.74106372103394,5.79421640719839,5.84519272785887,5.87563787479613,5.88267554603451,5.91586103199506,5.93113291931898,5.94883500138991,5.96215035103189,5.99843996488387,6.02413401683724,6.04586562670739,6.06787675259358,6.06998416566439,6.13317697352571,6.13631504150696,6.15846908008812,6.20736086514586,6.24724423969593,6.26920477988021,6.32144414499656,6.3340136838322,6.3522579080839,6.36071111246862,6.40038675536751,6.41141271540368,6.43485667924665,6.43685366906276,6.48631414571578,6.50189973153337,6.56438727804804,6.59748475145434,6.60601667180111,6.65461959450255,6.69926847235466,6.72395526873232,6.75325851473609,6.76786721403879,6.81388516223769,6.82739148222962,6.84723765526373,6.87230153468308,6.88060983370392,6.91849106371582,6.93579035692631,6.95802011081823,6.97144247823116,6.99716907430422,7.01812513013277,7.02139117633384,7.05922830662296,7.10950627678896,7.12741139368838,7.15265744764468,7.17335234692334,7.21284246957487,7.21584055424116,7.24371662000068,7.25762572844988,7.28963925491986,7.30336170927804,7.32241263584075,7.35576887334011,7.37771843105325,7.39507398306365,7.43272195404315,7.45117483514874,7.4587493121291,7.4805245758848,7.51165508709814,7.53100461880958,7.55444938135821,7.57392065247301,7.61960563245275,7.6240789793988,7.66126109717086,7.6781184995091,7.69750826779503,7.70968481355785,7.7306002271112,7.77521789686939,7.78513887112975,7.81205907673448,7.85491632303137,7.86109578055967,7.87249116939806,7.88981666296821,7.93786898818999,7.94391271132801,7.96338442608792,8.02597861938211,8.03336635998419,8.07832536141499,8.09013578520871,8.10295863325498,8.10531880951074,8.16584371334747,8.17711939105952,8.20268197224925,8.23694797614721,8.28065248198858,8.28097442136898,8.31122538290584,8.33105913650118,8.36538297185669,8.39058995919552,8.40858639967023,8.43662207669305,8.45632212459985,8.47124417547533,8.50428129423902,8.51183049933178,8.55847095529333,8.58026176063984,8.59888898019918,8.63944272350981,8.64586063877615,8.65268652558212,8.70609117388301,8.73653614294284,8.74696121113115,8.76905964348077,8.7836511726987,8.80616217256478,8.82809140450415,8.87015429782843,8.90750267312509,8.91417158107715,8.94952703787322,9.00294398465118,9.04158307807326,9.07663024972159,9.09450572649857,9.10934852918352,9.13083722389492,9.17363109467006,9.2282195874785,9.24225910025351,9.28915041155414,9.30361840318441,9.32707927122853,9.37849006695953,9.38908539567927,9.41758531196735,9.44952294149698,9.4710237490838,9.51090891942277,9.51730968743081,9.57556754172606,9.60708999151944,9.62570866483893,9.66652036039524,9.68929438893623,9.70982348224314,9.74076143331136,9.7597942008038,9.79818317094402,9.86308563977047,9.87004957750451,9.92216129053774,9.93619550030022,9.97510632526067,9.98766496127907,10.0245428751879,10.0541150094108,10.0781900782741,10.0947034503373,10.1558685230267,10.1748060516376,10.1976454453711,10.2257109075073,10.2333970400219,10.2627074423206,10.2887388396187,10.3307673392216,10.3510316615519,10.3996240430772,10.4173517293068,10.4489867765283,10.4838196065611,10.5385968961739,10.5694013396354,10.5991683669077,10.645728942459,10.7120165362539,10.7209074795958,10.7550811746563,10.8115241221418,10.8172023997465,10.8731407882066,10.9323718233209,10.9515785634988,11.0349018159165,11.0530069591682,11.0951832378827,11.1343811150178,11.15969177109,11.1722608849133,11.207948875732,11.20998446696,11.2678462412458,11.3405497676079,11.3937749428895,11.4079203900363,11.433449900243,11.4811186170353,11.4986323882626,11.5556915225166,11.5720022569787,11.6020296968871,11.6054250434204,11.7356009453378,11.7513615313324,11.8082412490273,11.8271236208928,11.8437432850182,11.8910856186542,11.9303930663041,11.9356133190664,12.0134146368918,12.0770482119762,12.1077588600811,12.121604482292,12.1491052903481,12.1979866091535,12.2839297107787,12.2948842245749,12.3300486276154,12.344053494963,12.3916236709092,12.4218386499988,12.4793874287729,12.5211863443652,12.5883145320603,12.6414334566546,12.6683817152996,12.6807971139865,12.7471617260488,12.7862764445109,12.8356797637194,12.8657397103196,12.8854145624294,12.938967122596,12.9683476323027,12.9905090797627,13.0326241937565,13.0734483850767,13.1060504512161,13.1619542921045,13.2268102123345,13.2504841509617,13.2702473233698,13.3639145424563,13.3987119743474,13.4294436504735,13.475062829617,13.4999683919184,13.5251469081236,13.5682139023428,13.6180106821728,13.6403230562369,13.6839674883868,13.7243980449821,13.7575116539615,13.799293174543,13.843015985758,13.9018332992772,13.9304397836897,13.9897430637698,14.0138343090726,14.1242947440981,14.1765847226876,14.1983826473066,14.2367568627744,14.2612475245546,14.3589902957307,14.4137081436871,14.4344497138239,14.4787837304465,14.5154113295819,14.5601728053865,14.611605544642,14.6377324749124,14.7033805569324,14.720707436365,14.8288555203048,14.9050944667686,15.0025209184991,15.0389467866191,15.1212693917715,15.2000588631421,15.2244587324709,15.353945108252,15.3617934937124,15.4184978331078,15.4668974470441,15.4887701674568,15.5523050121443,15.7081781764692,15.7418690561788,15.8118474005906,15.8556451602379,15.9734706799398,16.0822349410041,16.0918761366374,16.2339416851943,16.2632463233659,16.4101406911007,16.5090616996912,16.5218685015259,16.6356296519994,16.7369158414214,16.8150805485176,16.9165840460647,17.0130056026453,17.2486420860855,17.4049040308785,17.5959960001826,17.7897244602639,17.9678224885896,18.0874835853482,18.1269015462609,18.32241634192,18.4224504097117,18.7146818477631,18.8364319914168,18.9760922683429,19.1827751132466,19.4046260454411,19.700404785019,19.9939427530507,20.1312663194918,20.2405176285227,20.6219653821633,21.1787172887574,21.5133570497122,23.3466064250987,NA,NA,NA,NA,NA,NA,NA,NA,NA,NA,NA,NA,NA,NA,NA,NA,NA,NA,NA,NA,NA,NA,NA,NA,NA,NA,NA,NA,NA,NA,NA,NA,NA,NA,NA,NA,NA,NA,NA
0.535347805994956,0.600043990476218,0.718322574521694,0.994659006442158,1.07660454444882,1.27355038557182,1.41318030168279,1.50456114624353,1.52317612271472,1.75666054463568,1.7976422277967,1.80995499064714,1.88310652900523,1.94118371179728,2.19004640717344,2.20302083263084,2.28629743384636,2.42825644927023,2.52765120447611,2.53839538536986,2.61244172632687,2.68124807628617,2.72610537387649,2.78031382098352,2.88759595380696,2.96111215574675,2.99934267875158,3.06158571313214,3.13175778227276,3.16901355288221,3.22761345836655,3.30939403689668,3.38765030444131,3.44860676856422,3.45822433265552,3.4943823334794,3.57713207788775,3.61255458042392,3.70681607584098,3.75736940133087,3.78876326064784,3.82838985416491,3.86585309757563,3.90793223942677,3.93827970588706,4.03986346441936,4.09766166099759,4.13527253359392,4.20633503094681,4.24957222438117,4.26826000082852,4.28458804068541,4.32543817588221,4.39207237500087,4.4105405444064,4.446443860252,4.50855548673894,4.54912570623912,4.61159611597585,4.64502201503552,4.65902677536125,4.7329719180815,4.79843539476282,4.82574172865124,4.85373055135578,4.90613220047497,4.9270527859986,4.97027696321178,5.00458291928422,5.06822929626611,5.08433198074947,5.08873475442274,5.13668491816875,5.15519853850194,5.17517987001164,5.19363561795038,5.21041668695139,5.27249562383754,5.31020176185005,5.33391603205289,5.34685074123351,5.39363750666266,5.43231299335726,5.44959479425057,5.4919414161175,5.52390627913036,5.57778905552943,5.6157362725745,5.63303023147045,5.68283435983198,5.71435912356264,5.72218582320322,5.74106372103394,5.79421640719839,5.84519272785887,5.87563787479613,5.88267554603451,5.91586103199506,5.93113291931898,5.94883500138991,5.96215035103189,5.99843996488387,6.02413401683724,6.04586562670739,6.06787675259358,6.06998416566439,6.13317697352571,6.13631504150696,6.15846908008812,6.20736086514586,6.24724423969593,6.26920477988021,6.32144414499656,6.3340136838322,6.3522579080839,6.36071111246862,6.40038675536751,6.41141271540368,6.43485667924665,6.43685366906276,6.48631414571578,6.50189973153337,6.56438727804804,6.59748475145434,6.60601667180111,6.65461959450255,6.69926847235466,6.72395526873232,6.75325851473609,6.76786721403879,6.81388516223769,6.82739148222962,6.84723765526373,6.87230153468308,6.88060983370392,6.91849106371582,6.93579035692631,6.95802011081823,6.97144247823116,6.99716907430422,7.01812513013277,7.02139117633384,7.05922830662296,7.10950627678896,7.12741139368838,7.15265744764468,7.17335234692334,7.21284246957487,7.21584055424116,7.24371662000068,7.25762572844988,7.28963925491986,7.30336170927804,7.32241263584075,7.35576887334011,7.37771843105325,7.39507398306365,7.43272195404315,7.45117483514874,7.4587493121291,7.4805245758848,7.51165508709814,7.53100461880958,7.55444938135821,7.57392065247301,7.61960563245275,7.6240789793988,7.66126109717086,7.6781184995091,7.69750826779503,7.70968481355785,7.7306002271112,7.77521789686939,7.78513887112975,7.81205907673448,7.85491632303137,7.86109578055967,7.87249116939806,7.88981666296821,7.93786898818999,7.94391271132801,7.96338442608792,8.02597861938211,8.03336635998419,8.07832536141499,8.09013578520871,8.10295863325498,8.10531880951074,8.16584371334747,8.17711939105952,8.20268197224925,8.23694797614721,8.28065248198858,8.28097442136898,8.31122538290584,8.33105913650118,8.36538297185669,8.39058995919552,8.40858639967023,8.43662207669305,8.45632212459985,8.47124417547533,8.50428129423902,8.51183049933178,8.55847095529333,8.58026176063984,8.59888898019918,8.63944272350981,8.64586063877615,8.65268652558212,8.70609117388301,8.73653614294284,8.74696121113115,8.76905964348077,8.7836511726987,8.80616217256478,8.82809140450415,8.87015429782843,8.90750267312509,8.91417158107715,8.94952703787322,9.00294398465118,9.04158307807326,9.07663024972159,9.09450572649857,9.10934852918352,9.13083722389492,9.17363109467006,9.2282195874785,9.24225910025351,9.28915041155414,9.30361840318441,9.32707927122853,9.37849006695953,9.38908539567927,9.41758531196735,9.44952294149698,9.4710237490838,9.51090891942277,9.51730968743081,9.57556754172606,9.60708999151944,9.62570866483893,9.66652036039524,9.68929438893623,9.70982348224314,9.74076143331136,9.7597942008038,9.79818317094402,9.86308563977047,9.87004957750451,9.92216129053774,9.93619550030022,9.97510632526067,9.98766496127907,10.0245428751879,10.0541150094108,10.0781900782741,10.0947034503373,10.1558685230267,10.1748060516376,10.1976454453711,10.2257109075073,10.2333970400219,10.2627074423206,10.2887388396187,10.3307673392216,10.3510316615519,10.3996240430772,10.4173517293068,10.4489867765283,10.4838196065611,10.5385968961739,10.5694013396354,10.5991683669077,10.645728942459,10.7120165362539,10.7209074795958,10.7550811746563,10.8115241221418,10.8172023997465,10.8731407882066,10.9323718233209,10.9515785634988,11.0349018159165,11.0530069591682,11.0951832378827,11.1343811150178,11.15969177109,11.1722608849133,11.207948875732,11.20998446696,11.2678462412458,11.3405497676079,11.3937749428895,11.4079203900363,11.433449900243,11.4811186170353,11.4986323882626,11.5556915225166,11.5720022569787,11.6020296968871,11.6054250434204,11.7356009453378,11.7513615313324,11.8082412490273,11.8271236208928,11.8437432850182,11.8910856186542,11.9303930663041,11.9356133190664,12.0134146368918,12.0770482119762,12.1077588600811,12.121604482292,12.1491052903481,12.1979866091535,12.2839297107787,12.2948842245749,12.3300486276154,12.344053494963,12.3916236709092,12.4218386499988,12.4793874287729,12.5211863443652,12.5883145320603,12.6414334566546,12.6683817152996,12.6807971139865,12.7471617260488,12.7862764445109,12.8356797637194,12.8657397103196,12.8854145624294,12.938967122596,12.9683476323027,12.9905090797627,13.0326241937565,13.0734483850767,13.1060504512161,13.1619542921045,13.2268102123345,13.2504841509617,13.2702473233698,13.3639145424563,13.3987119743474,13.4294436504735,13.475062829617,13.4999683919184,13.5251469081236,13.5682139023428,13.6180106821728,13.6403230562369,13.6839674883868,13.7243980449821,13.7575116539615,13.799293174543,13.843015985758,13.9018332992772,13.9304397836897,13.9897430637698,14.0138343090726,14.1242947440981,14.1765847226876,14.1983826473066,14.2367568627744,14.2612475245546,14.3589902957307,14.4137081436871,14.4344497138239,14.4787837304465,14.5154113295819,14.5601728053865,14.611605544642,14.6377324749124,14.7033805569324,14.720707436365,14.8288555203048,14.9050944667686,15.0025209184991,15.0389467866191,15.1212693917715,15.2000588631421,15.2244587324709,15.353945108252,15.3617934937124,15.4184978331078,15.4668974470441,15.4887701674568,15.5523050121443,15.7081781764692,15.7418690561788,15.8118474005906,15.8556451602379,15.9734706799398,16.0822349410041,16.0918761366374,16.2339416851943,16.2632463233659,16.4101406911007,16.5090616996912,16.5218685015259,16.6356296519994,16.7369158414214,16.8150805485176,16.9165840460647,17.0130056026453,17.2486420860855,17.4049040308785,17.5959960001826,17.7897244602639,17.9678224885896,18.0874835853482,18.1269015462609,18.32241634192,18.4224504097117,18.7146818477631,18.8364319914168,18.9760922683429,19.1827751132466,19.4046260454411,19.700404785019,19.9939427530507,20.1312663194918,20.2405176285227,20.6219653821633,21.1787172887574,21.5133570497122,23.3466064250987,NA,NA,NA,NA,NA,NA,NA,NA,NA,NA,NA,NA,NA,NA,NA,NA,NA,NA,NA,NA,NA,NA,NA,NA,NA,NA,NA,NA,NA,NA,NA,NA,NA,NA,NA,NA,NA,NA,NA
0.535347805994956,0.600043990476218,0.718322574521694,0.994659006442158,1.07660454444882,1.27355038557182,1.41318030168279,1.50456114624353,1.52317612271472,1.75666054463568,1.7976422277967,1.80995499064714,1.88310652900523,1.94118371179728,2.19004640717344,2.20302083263084,2.28629743384636,2.42825644927023,2.52765120447611,2.53839538536986,2.61244172632687,2.68124807628617,2.72610537387649,2.78031382098352,2.88759595380696,2.96111215574675,2.99934267875158,3.06158571313214,3.13175778227276,3.16901355288221,3.22761345836655,3.30939403689668,3.38765030444131,3.44860676856422,3.45822433265552,3.4943823334794,3.57713207788775,3.61255458042392,3.70681607584098,3.75736940133087,3.78876326064784,3.82838985416491,3.86585309757563,3.90793223942677,3.93827970588706,4.03986346441936,4.09766166099759,4.13527253359392,4.20633503094681,4.24957222438117,4.26826000082852,4.28458804068541,4.32543817588221,4.39207237500087,4.4105405444064,4.446443860252,4.50855548673894,4.54912570623912,4.61159611597585,4.64502201503552,4.65902677536125,4.7329719180815,4.79843539476282,4.82574172865124,4.85373055135578,4.90613220047497,4.9270527859986,4.97027696321178,5.00458291928422,5.06822929626611,5.08433198074947,5.08873475442274,5.13668491816875,5.15519853850194,5.17517987001164,5.19363561795038,5.21041668695139,5.27249562383754,5.31020176185005,5.33391603205289,5.34685074123351,5.39363750666266,5.43231299335726,5.44959479425057,5.4919414161175,5.52390627913036,5.57778905552943,5.6157362725745,5.63303023147045,5.68283435983198,5.71435912356264,5.72218582320322,5.74106372103394,5.79421640719839,5.84519272785887,5.87563787479613,5.88267554603451,5.91586103199506,5.93113291931898,5.94883500138991,5.96215035103189,5.99843996488387,6.02413401683724,6.04586562670739,6.06787675259358,6.06998416566439,6.13317697352571,6.13631504150696,6.15846908008812,6.20736086514586,6.24724423969593,6.26920477988021,6.32144414499656,6.3340136838322,6.3522579080839,6.36071111246862,6.40038675536751,6.41141271540368,6.43485667924665,6.43685366906276,6.48631414571578,6.50189973153337,6.56438727804804,6.59748475145434,6.60601667180111,6.65461959450255,6.69926847235466,6.72395526873232,6.75325851473609,6.76786721403879,6.81388516223769,6.82739148222962,6.84723765526373,6.87230153468308,6.88060983370392,6.91849106371582,6.93579035692631,6.95802011081823,6.97144247823116,6.99716907430422,7.01812513013277,7.02139117633384,7.05922830662296,7.10950627678896,7.12741139368838,7.15265744764468,7.17335234692334,7.21284246957487,7.21584055424116,7.24371662000068,7.25762572844988,7.28963925491986,7.30336170927804,7.32241263584075,7.35576887334011,7.37771843105325,7.39507398306365,7.43272195404315,7.45117483514874,7.4587493121291,7.4805245758848,7.51165508709814,7.53100461880958,7.55444938135821,7.57392065247301,7.61960563245275,7.6240789793988,7.66126109717086,7.6781184995091,7.69750826779503,7.70968481355785,7.7306002271112,7.77521789686939,7.78513887112975,7.81205907673448,7.85491632303137,7.86109578055967,7.87249116939806,7.88981666296821,7.93786898818999,7.94391271132801,7.96338442608792,8.02597861938211,8.03336635998419,8.07832536141499,8.09013578520871,8.10295863325498,8.10531880951074,8.16584371334747,8.17711939105952,8.20268197224925,8.23694797614721,8.28065248198858,8.28097442136898,8.31122538290584,8.33105913650118,8.36538297185669,8.39058995919552,8.40858639967023,8.43662207669305,8.45632212459985,8.47124417547533,8.50428129423902,8.51183049933178,8.55847095529333,8.58026176063984,8.59888898019918,8.63944272350981,8.64586063877615,8.65268652558212,8.70609117388301,8.73653614294284,8.74696121113115,8.76905964348077,8.7836511726987,8.80616217256478,8.82809140450415,8.87015429782843,8.90750267312509,8.91417158107715,8.94952703787322,9.00294398465118,9.04158307807326,9.07663024972159,9.09450572649857,9.10934852918352,9.13083722389492,9.17363109467006,9.2282195874785,9.24225910025351,9.28915041155414,9.30361840318441,9.32707927122853,9.37849006695953,9.38908539567927,9.41758531196735,9.44952294149698,9.4710237490838,9.51090891942277,9.51730968743081,9.57556754172606,9.60708999151944,9.62570866483893,9.66652036039524,9.68929438893623,9.70982348224314,9.74076143331136,9.7597942008038,9.79818317094402,9.86308563977047,9.87004957750451,9.92216129053774,9.93619550030022,9.97510632526067,9.98766496127907,10.0245428751879,10.0541150094108,10.0781900782741,10.0947034503373,10.1558685230267,10.1748060516376,10.1976454453711,10.2257109075073,10.2333970400219,10.2627074423206,10.2887388396187,10.3307673392216,10.3510316615519,10.3996240430772,10.4173517293068,10.4489867765283,10.4838196065611,10.5385968961739,10.5694013396354,10.5991683669077,10.645728942459,10.7120165362539,10.7209074795958,10.7550811746563,10.8115241221418,10.8172023997465,10.8731407882066,10.9323718233209,10.9515785634988,11.0349018159165,11.0530069591682,11.0951832378827,11.1343811150178,11.15969177109,11.1722608849133,11.207948875732,11.20998446696,11.2678462412458,11.3405497676079,11.3937749428895,11.4079203900363,11.433449900243,11.4811186170353,11.4986323882626,11.5556915225166,11.5720022569787,11.6020296968871,11.6054250434204,11.7356009453378,11.7513615313324,11.8082412490273,11.8271236208928,11.8437432850182,11.8910856186542,11.9303930663041,11.9356133190664,12.0134146368918,12.0770482119762,12.1077588600811,12.121604482292,12.1491052903481,12.1979866091535,12.2839297107787,12.2948842245749,12.3300486276154,12.344053494963,12.3916236709092,12.4218386499988,12.4793874287729,12.5211863443652,12.5883145320603,12.6414334566546,12.6683817152996,12.6807971139865,12.7471617260488,12.7862764445109,12.8356797637194,12.8657397103196,12.8854145624294,12.938967122596,12.9683476323027,12.9905090797627,13.0326241937565,13.0734483850767,13.1060504512161,13.1619542921045,13.2268102123345,13.2504841509617,13.2702473233698,13.3639145424563,13.3987119743474,13.4294436504735,13.475062829617,13.4999683919184,13.5251469081236,13.5682139023428,13.6180106821728,13.6403230562369,13.6839674883868,13.7243980449821,13.7575116539615,13.799293174543,13.843015985758,13.9018332992772,13.9304397836897,13.9897430637698,14.0138343090726,14.1242947440981,14.1765847226876,14.1983826473066,14.2367568627744,14.2612475245546,14.3589902957307,14.4137081436871,14.4344497138239,14.4787837304465,14.5154113295819,14.5601728053865,14.611605544642,14.6377324749124,14.7033805569324,14.720707436365,14.8288555203048,14.9050944667686,15.0025209184991,15.0389467866191,15.1212693917715,15.2000588631421,15.2244587324709,15.353945108252,15.3617934937124,15.4184978331078,15.4668974470441,15.4887701674568,15.5523050121443,15.7081781764692,15.7418690561788,15.8118474005906,15.8556451602379,15.9734706799398,16.0822349410041,16.0918761366374,16.2339416851943,16.2632463233659,16.4101406911007,16.5090616996912,16.5218685015259,16.6356296519994,16.7369158414214,16.8150805485176,16.9165840460647,17.0130056026453,17.2486420860855,17.4049040308785,17.5959960001826,17.7897244602639,17.9678224885896,18.0874835853482,18.1269015462609,18.32241634192,18.4224504097117,18.7146818477631,18.8364319914168,18.9760922683429,19.1827751132466,19.4046260454411,19.700404785019,19.9939427530507,20.1312663194918,20.2405176285227,20.6219653821633,21.1787172887574,21.5133570497122,23.3466064250987,NA,NA,NA,NA,NA,NA,NA,NA,NA,NA,NA,NA,NA,NA,NA,NA,NA,NA,NA,NA,NA,NA,NA,NA,NA,NA,NA,NA,NA,NA,NA,NA,NA,NA,NA,NA,NA,NA,NA
0.535347805994956,0.600043990476218,0.718322574521694,0.994659006442158,1.07660454444882,1.27355038557182,1.41318030168279,1.50456114624353,1.52317612271472,1.75666054463568,1.7976422277967,1.80995499064714,1.88310652900523,1.94118371179728,2.19004640717344,2.20302083263084,2.28629743384636,2.42825644927023,2.52765120447611,2.53839538536986,2.61244172632687,2.68124807628617,2.72610537387649,2.78031382098352,2.88759595380696,2.96111215574675,2.99934267875158,3.06158571313214,3.13175778227276,3.16901355288221,3.22761345836655,3.30939403689668,3.38765030444131,3.44860676856422,3.45822433265552,3.4943823334794,3.57713207788775,3.61255458042392,3.70681607584098,3.75736940133087,3.78876326064784,3.82838985416491,3.86585309757563,3.90793223942677,3.93827970588706,4.03986346441936,4.09766166099759,4.13527253359392,4.20633503094681,4.24957222438117,4.26826000082852,4.28458804068541,4.32543817588221,4.39207237500087,4.4105405444064,4.446443860252,4.50855548673894,4.54912570623912,4.61159611597585,4.64502201503552,4.65902677536125,4.7329719180815,4.79843539476282,4.82574172865124,4.85373055135578,4.90613220047497,4.9270527859986,4.97027696321178,5.00458291928422,5.06822929626611,5.08433198074947,5.08873475442274,5.13668491816875,5.15519853850194,5.17517987001164,5.19363561795038,5.21041668695139,5.27249562383754,5.31020176185005,5.33391603205289,5.34685074123351,5.39363750666266,5.43231299335726,5.44959479425057,5.4919414161175,5.52390627913036,5.57778905552943,5.6157362725745,5.63303023147045,5.68283435983198,5.71435912356264,5.72218582320322,5.74106372103394,5.79421640719839,5.84519272785887,5.87563787479613,5.88267554603451,5.91586103199506,5.93113291931898,5.94883500138991,5.96215035103189,5.99843996488387,6.02413401683724,6.04586562670739,6.06787675259358,6.06998416566439,6.13317697352571,6.13631504150696,6.15846908008812,6.20736086514586,6.24724423969593,6.26920477988021,6.32144414499656,6.3340136838322,6.3522579080839,6.36071111246862,6.40038675536751,6.41141271540368,6.43485667924665,6.43685366906276,6.48631414571578,6.50189973153337,6.56438727804804,6.59748475145434,6.60601667180111,6.65461959450255,6.69926847235466,6.72395526873232,6.75325851473609,6.76786721403879,6.81388516223769,6.82739148222962,6.84723765526373,6.87230153468308,6.88060983370392,6.91849106371582,6.93579035692631,6.95802011081823,6.97144247823116,6.99716907430422,7.01812513013277,7.02139117633384,7.05922830662296,7.10950627678896,7.12741139368838,7.15265744764468,7.17335234692334,7.21284246957487,7.21584055424116,7.24371662000068,7.25762572844988,7.28963925491986,7.30336170927804,7.32241263584075,7.35576887334011,7.37771843105325,7.39507398306365,7.43272195404315,7.45117483514874,7.4587493121291,7.4805245758848,7.51165508709814,7.53100461880958,7.55444938135821,7.57392065247301,7.61960563245275,7.6240789793988,7.66126109717086,7.6781184995091,7.69750826779503,7.70968481355785,7.7306002271112,7.77521789686939,7.78513887112975,7.81205907673448,7.85491632303137,7.86109578055967,7.87249116939806,7.88981666296821,7.93786898818999,7.94391271132801,7.96338442608792,8.02597861938211,8.03336635998419,8.07832536141499,8.09013578520871,8.10295863325498,8.10531880951074,8.16584371334747,8.17711939105952,8.20268197224925,8.23694797614721,8.28065248198858,8.28097442136898,8.31122538290584,8.33105913650118,8.36538297185669,8.39058995919552,8.40858639967023,8.43662207669305,8.45632212459985,8.47124417547533,8.50428129423902,8.51183049933178,8.55847095529333,8.58026176063984,8.59888898019918,8.63944272350981,8.64586063877615,8.65268652558212,8.70609117388301,8.73653614294284,8.74696121113115,8.76905964348077,8.7836511726987,8.80616217256478,8.82809140450415,8.87015429782843,8.90750267312509,8.91417158107715,8.94952703787322,9.00294398465118,9.04158307807326,9.07663024972159,9.09450572649857,9.10934852918352,9.13083722389492,9.17363109467006,9.2282195874785,9.24225910025351,9.28915041155414,9.30361840318441,9.32707927122853,9.37849006695953,9.38908539567927,9.41758531196735,9.44952294149698,9.4710237490838,9.51090891942277,9.51730968743081,9.57556754172606,9.60708999151944,9.62570866483893,9.66652036039524,9.68929438893623,9.70982348224314,9.74076143331136,9.7597942008038,9.79818317094402,9.86308563977047,9.87004957750451,9.92216129053774,9.93619550030022,9.97510632526067,9.98766496127907,10.0245428751879,10.0541150094108,10.0781900782741,10.0947034503373,10.1558685230267,10.1748060516376,10.1976454453711,10.2257109075073,10.2333970400219,10.2627074423206,10.2887388396187,10.3307673392216,10.3510316615519,10.3996240430772,10.4173517293068,10.4489867765283,10.4838196065611,10.5385968961739,10.5694013396354,10.5991683669077,10.645728942459,10.7120165362539,10.7209074795958,10.7550811746563,10.8115241221418,10.8172023997465,10.8731407882066,10.9323718233209,10.9515785634988,11.0349018159165,11.0530069591682,11.0951832378827,11.1343811150178,11.15969177109,11.1722608849133,11.207948875732,11.20998446696,11.2678462412458,11.3405497676079,11.3937749428895,11.4079203900363,11.433449900243,11.4811186170353,11.4986323882626,11.5556915225166,11.5720022569787,11.6020296968871,11.6054250434204,11.7356009453378,11.7513615313324,11.8082412490273,11.8271236208928,11.8437432850182,11.8910856186542,11.9303930663041,11.9356133190664,12.0134146368918,12.0770482119762,12.1077588600811,12.121604482292,12.1491052903481,12.1979866091535,12.2839297107787,12.2948842245749,12.3300486276154,12.344053494963,12.3916236709092,12.4218386499988,12.4793874287729,12.5211863443652,12.5883145320603,12.6414334566546,12.6683817152996,12.6807971139865,12.7471617260488,12.7862764445109,12.8356797637194,12.8657397103196,12.8854145624294,12.938967122596,12.9683476323027,12.9905090797627,13.0326241937565,13.0734483850767,13.1060504512161,13.1619542921045,13.2268102123345,13.2504841509617,13.2702473233698,13.3639145424563,13.3987119743474,13.4294436504735,13.475062829617,13.4999683919184,13.5251469081236,13.5682139023428,13.6180106821728,13.6403230562369,13.6839674883868,13.7243980449821,13.7575116539615,13.799293174543,13.843015985758,13.9018332992772,13.9304397836897,13.9897430637698,14.0138343090726,14.1242947440981,14.1765847226876,14.1983826473066,14.2367568627744,14.2612475245546,14.3589902957307,14.4137081436871,14.4344497138239,14.4787837304465,14.5154113295819,14.5601728053865,14.611605544642,14.6377324749124,14.7033805569324,14.720707436365,14.8288555203048,14.9050944667686,15.0025209184991,15.0389467866191,15.1212693917715,15.2000588631421,15.2244587324709,15.353945108252,15.3617934937124,15.4184978331078,15.4668974470441,15.4887701674568,15.5523050121443,15.7081781764692,15.7418690561788,15.8118474005906,15.8556451602379,15.9734706799398,16.0822349410041,16.0918761366374,16.2339416851943,16.2632463233659,16.4101406911007,16.5090616996912,16.5218685015259,16.6356296519994,16.7369158414214,16.8150805485176,16.9165840460647,17.0130056026453,17.2486420860855,17.4049040308785,17.5959960001826,17.7897244602639,17.9678224885896,18.0874835853482,18.1269015462609,18.32241634192,18.4224504097117,18.7146818477631,18.8364319914168,18.9760922683429,19.1827751132466,19.4046260454411,19.700404785019,19.9939427530507,20.1312663194918,20.2405176285227,20.6219653821633,21.1787172887574,21.5133570497122,23.3466064250987,NA,NA,NA,NA,NA,NA,NA,NA,NA,NA,NA,NA,NA,NA,NA,NA,NA,NA,NA,NA,NA,NA,NA,NA,NA,NA,NA,NA,NA,NA,NA,NA,NA,NA,NA,NA,NA,NA,NA
0.535347805994956,0.600043990476218,0.718322574521694,0.994659006442158,1.07660454444882,1.27355038557182,1.41318030168279,1.50456114624353,1.52317612271472,1.75666054463568,1.7976422277967,1.80995499064714,1.88310652900523,1.94118371179728,2.19004640717344,2.20302083263084,2.28629743384636,2.42825644927023,2.52765120447611,2.53839538536986,2.61244172632687,2.68124807628617,2.72610537387649,2.78031382098352,2.88759595380696,2.96111215574675,2.99934267875158,3.06158571313214,3.13175778227276,3.16901355288221,3.22761345836655,3.30939403689668,3.38765030444131,3.44860676856422,3.45822433265552,3.4943823334794,3.57713207788775,3.61255458042392,3.70681607584098,3.75736940133087,3.78876326064784,3.82838985416491,3.86585309757563,3.90793223942677,3.93827970588706,4.03986346441936,4.09766166099759,4.13527253359392,4.20633503094681,4.24957222438117,4.26826000082852,4.28458804068541,4.32543817588221,4.39207237500087,4.4105405444064,4.446443860252,4.50855548673894,4.54912570623912,4.61159611597585,4.64502201503552,4.65902677536125,4.7329719180815,4.79843539476282,4.82574172865124,4.85373055135578,4.90613220047497,4.9270527859986,4.97027696321178,5.00458291928422,5.06822929626611,5.08433198074947,5.08873475442274,5.13668491816875,5.15519853850194,5.17517987001164,5.19363561795038,5.21041668695139,5.27249562383754,5.31020176185005,5.33391603205289,5.34685074123351,5.39363750666266,5.43231299335726,5.44959479425057,5.4919414161175,5.52390627913036,5.57778905552943,5.6157362725745,5.63303023147045,5.68283435983198,5.71435912356264,5.72218582320322,5.74106372103394,5.79421640719839,5.84519272785887,5.87563787479613,5.88267554603451,5.91586103199506,5.93113291931898,5.94883500138991,5.96215035103189,5.99843996488387,6.02413401683724,6.04586562670739,6.06787675259358,6.06998416566439,6.13317697352571,6.13631504150696,6.15846908008812,6.20736086514586,6.24724423969593,6.26920477988021,6.32144414499656,6.3340136838322,6.3522579080839,6.36071111246862,6.40038675536751,6.41141271540368,6.43485667924665,6.43685366906276,6.48631414571578,6.50189973153337,6.56438727804804,6.59748475145434,6.60601667180111,6.65461959450255,6.69926847235466,6.72395526873232,6.75325851473609,6.76786721403879,6.81388516223769,6.82739148222962,6.84723765526373,6.87230153468308,6.88060983370392,6.91849106371582,6.93579035692631,6.95802011081823,6.97144247823116,6.99716907430422,7.01812513013277,7.02139117633384,7.05922830662296,7.10950627678896,7.12741139368838,7.15265744764468,7.17335234692334,7.21284246957487,7.21584055424116,7.24371662000068,7.25762572844988,7.28963925491986,7.30336170927804,7.32241263584075,7.35576887334011,7.37771843105325,7.39507398306365,7.43272195404315,7.45117483514874,7.4587493121291,7.4805245758848,7.51165508709814,7.53100461880958,7.55444938135821,7.57392065247301,7.61960563245275,7.6240789793988,7.66126109717086,7.6781184995091,7.69750826779503,7.70968481355785,7.7306002271112,7.77521789686939,7.78513887112975,7.81205907673448,7.85491632303137,7.86109578055967,7.87249116939806,7.88981666296821,7.93786898818999,7.94391271132801,7.96338442608792,8.02597861938211,8.03336635998419,8.07832536141499,8.09013578520871,8.10295863325498,8.10531880951074,8.16584371334747,8.17711939105952,8.20268197224925,8.23694797614721,8.28065248198858,8.28097442136898,8.31122538290584,8.33105913650118,8.36538297185669,8.39058995919552,8.40858639967023,8.43662207669305,8.45632212459985,8.47124417547533,8.50428129423902,8.51183049933178,8.55847095529333,8.58026176063984,8.59888898019918,8.63944272350981,8.64586063877615,8.65268652558212,8.70609117388301,8.73653614294284,8.74696121113115,8.76905964348077,8.7836511726987,8.80616217256478,8.82809140450415,8.87015429782843,8.90750267312509,8.91417158107715,8.94952703787322,9.00294398465118,9.04158307807326,9.07663024972159,9.09450572649857,9.10934852918352,9.13083722389492,9.17363109467006,9.2282195874785,9.24225910025351,9.28915041155414,9.30361840318441,9.32707927122853,9.37849006695953,9.38908539567927,9.41758531196735,9.44952294149698,9.4710237490838,9.51090891942277,9.51730968743081,9.57556754172606,9.60708999151944,9.62570866483893,9.66652036039524,9.68929438893623,9.70982348224314,9.74076143331136,9.7597942008038,9.79818317094402,9.86308563977047,9.87004957750451,9.92216129053774,9.93619550030022,9.97510632526067,9.98766496127907,10.0245428751879,10.0541150094108,10.0781900782741,10.0947034503373,10.1558685230267,10.1748060516376,10.1976454453711,10.2257109075073,10.2333970400219,10.2627074423206,10.2887388396187,10.3307673392216,10.3510316615519,10.3996240430772,10.4173517293068,10.4489867765283,10.4838196065611,10.5385968961739,10.5694013396354,10.5991683669077,10.645728942459,10.7120165362539,10.7209074795958,10.7550811746563,10.8115241221418,10.8172023997465,10.8731407882066,10.9323718233209,10.9515785634988,11.0349018159165,11.0530069591682,11.0951832378827,11.1343811150178,11.15969177109,11.1722608849133,11.207948875732,11.20998446696,11.2678462412458,11.3405497676079,11.3937749428895,11.4079203900363,11.433449900243,11.4811186170353,11.4986323882626,11.5556915225166,11.5720022569787,11.6020296968871,11.6054250434204,11.7356009453378,11.7513615313324,11.8082412490273,11.8271236208928,11.8437432850182,11.8910856186542,11.9303930663041,11.9356133190664,12.0134146368918,12.0770482119762,12.1077588600811,12.121604482292,12.1491052903481,12.1979866091535,12.2839297107787,12.2948842245749,12.3300486276154,12.344053494963,12.3916236709092,12.4218386499988,12.4793874287729,12.5211863443652,12.5883145320603,12.6414334566546,12.6683817152996,12.6807971139865,12.7471617260488,12.7862764445109,12.8356797637194,12.8657397103196,12.8854145624294,12.938967122596,12.9683476323027,12.9905090797627,13.0326241937565,13.0734483850767,13.1060504512161,13.1619542921045,13.2268102123345,13.2504841509617,13.2702473233698,13.3639145424563,13.3987119743474,13.4294436504735,13.475062829617,13.4999683919184,13.5251469081236,13.5682139023428,13.6180106821728,13.6403230562369,13.6839674883868,13.7243980449821,13.7575116539615,13.799293174543,13.843015985758,13.9018332992772,13.9304397836897,13.9897430637698,14.0138343090726,14.1242947440981,14.1765847226876,14.1983826473066,14.2367568627744,14.2612475245546,14.3589902957307,14.4137081436871,14.4344497138239,14.4787837304465,14.5154113295819,14.5601728053865,14.611605544642,14.6377324749124,14.7033805569324,14.720707436365,14.8288555203048,14.9050944667686,15.0025209184991,15.0389467866191,15.1212693917715,15.2000588631421,15.2244587324709,15.353945108252,15.3617934937124,15.4184978331078,15.4668974470441,15.4887701674568,15.5523050121443,15.7081781764692,15.7418690561788,15.8118474005906,15.8556451602379,15.9734706799398,16.0822349410041,16.0918761366374,16.2339416851943,16.2632463233659,16.4101406911007,16.5090616996912,16.5218685015259,16.6356296519994,16.7369158414214,16.8150805485176,16.9165840460647,17.0130056026453,17.2486420860855,17.4049040308785,17.5959960001826,17.7897244602639,17.9678224885896,18.0874835853482,18.1269015462609,18.32241634192,18.4224504097117,18.7146818477631,18.8364319914168,18.9760922683429,19.1827751132466,19.4046260454411,19.700404785019,19.9939427530507,20.1312663194918,20.2405176285227,20.6219653821633,21.1787172887574,21.5133570497122,23.3466064250987,NA,NA,NA,NA,NA,NA,NA,NA,NA,NA,NA,NA,NA,NA,NA,NA,NA,NA,NA,NA,NA,NA,NA,NA,NA,NA,NA,NA,NA,NA,NA,NA,NA,NA,NA,NA,NA,NA,NA
0.535347805994956,0.600043990476218,0.718322574521694,0.994659006442158,1.07660454444882,1.27355038557182,1.41318030168279,1.50456114624353,1.52317612271472,1.75666054463568,1.7976422277967,1.80995499064714,1.88310652900523,1.94118371179728,2.19004640717344,2.20302083263084,2.28629743384636,2.42825644927023,2.52765120447611,2.53839538536986,2.61244172632687,2.68124807628617,2.72610537387649,2.78031382098352,2.88759595380696,2.96111215574675,2.99934267875158,3.06158571313214,3.13175778227276,3.16901355288221,3.22761345836655,3.30939403689668,3.38765030444131,3.44860676856422,3.45822433265552,3.4943823334794,3.57713207788775,3.61255458042392,3.70681607584098,3.75736940133087,3.78876326064784,3.82838985416491,3.86585309757563,3.90793223942677,3.93827970588706,4.03986346441936,4.09766166099759,4.13527253359392,4.20633503094681,4.24957222438117,4.26826000082852,4.28458804068541,4.32543817588221,4.39207237500087,4.4105405444064,4.446443860252,4.50855548673894,4.54912570623912,4.61159611597585,4.64502201503552,4.65902677536125,4.7329719180815,4.79843539476282,4.82574172865124,4.85373055135578,4.90613220047497,4.9270527859986,4.97027696321178,5.00458291928422,5.06822929626611,5.08433198074947,5.08873475442274,5.13668491816875,5.15519853850194,5.17517987001164,5.19363561795038,5.21041668695139,5.27249562383754,5.31020176185005,5.33391603205289,5.34685074123351,5.39363750666266,5.43231299335726,5.44959479425057,5.4919414161175,5.52390627913036,5.57778905552943,5.6157362725745,5.63303023147045,5.68283435983198,5.71435912356264,5.72218582320322,5.74106372103394,5.79421640719839,5.84519272785887,5.87563787479613,5.88267554603451,5.91586103199506,5.93113291931898,5.94883500138991,5.96215035103189,5.99843996488387,6.02413401683724,6.04586562670739,6.06787675259358,6.06998416566439,6.13317697352571,6.13631504150696,6.15846908008812,6.20736086514586,6.24724423969593,6.26920477988021,6.32144414499656,6.3340136838322,6.3522579080839,6.36071111246862,6.40038675536751,6.41141271540368,6.43485667924665,6.43685366906276,6.48631414571578,6.50189973153337,6.56438727804804,6.59748475145434,6.60601667180111,6.65461959450255,6.69926847235466,6.72395526873232,6.75325851473609,6.76786721403879,6.81388516223769,6.82739148222962,6.84723765526373,6.87230153468308,6.88060983370392,6.91849106371582,6.93579035692631,6.95802011081823,6.97144247823116,6.99716907430422,7.01812513013277,7.02139117633384,7.05922830662296,7.10950627678896,7.12741139368838,7.15265744764468,7.17335234692334,7.21284246957487,7.21584055424116,7.24371662000068,7.25762572844988,7.28963925491986,7.30336170927804,7.32241263584075,7.35576887334011,7.37771843105325,7.39507398306365,7.43272195404315,7.45117483514874,7.4587493121291,7.4805245758848,7.51165508709814,7.53100461880958,7.55444938135821,7.57392065247301,7.61960563245275,7.6240789793988,7.66126109717086,7.6781184995091,7.69750826779503,7.70968481355785,7.7306002271112,7.77521789686939,7.78513887112975,7.81205907673448,7.85491632303137,7.86109578055967,7.87249116939806,7.88981666296821,7.93786898818999,7.94391271132801,7.96338442608792,8.02597861938211,8.03336635998419,8.07832536141499,8.09013578520871,8.10295863325498,8.10531880951074,8.16584371334747,8.17711939105952,8.20268197224925,8.23694797614721,8.28065248198858,8.28097442136898,8.31122538290584,8.33105913650118,8.36538297185669,8.39058995919552,8.40858639967023,8.43662207669305,8.45632212459985,8.47124417547533,8.50428129423902,8.51183049933178,8.55847095529333,8.58026176063984,8.59888898019918,8.63944272350981,8.64586063877615,8.65268652558212,8.70609117388301,8.73653614294284,8.74696121113115,8.76905964348077,8.7836511726987,8.80616217256478,8.82809140450415,8.87015429782843,8.90750267312509,8.91417158107715,8.94952703787322,9.00294398465118,9.04158307807326,9.07663024972159,9.09450572649857,9.10934852918352,9.13083722389492,9.17363109467006,9.2282195874785,9.24225910025351,9.28915041155414,9.30361840318441,9.32707927122853,9.37849006695953,9.38908539567927,9.41758531196735,9.44952294149698,9.4710237490838,9.51090891942277,9.51730968743081,9.57556754172606,9.60708999151944,9.62570866483893,9.66652036039524,9.68929438893623,9.70982348224314,9.74076143331136,9.7597942008038,9.79818317094402,9.86308563977047,9.87004957750451,9.92216129053774,9.93619550030022,9.97510632526067,9.98766496127907,10.0245428751879,10.0541150094108,10.0781900782741,10.0947034503373,10.1558685230267,10.1748060516376,10.1976454453711,10.2257109075073,10.2333970400219,10.2627074423206,10.2887388396187,10.3307673392216,10.3510316615519,10.3996240430772,10.4173517293068,10.4489867765283,10.4838196065611,10.5385968961739,10.5694013396354,10.5991683669077,10.645728942459,10.7120165362539,10.7209074795958,10.7550811746563,10.8115241221418,10.8172023997465,10.8731407882066,10.9323718233209,10.9515785634988,11.0349018159165,11.0530069591682,11.0951832378827,11.1343811150178,11.15969177109,11.1722608849133,11.207948875732,11.20998446696,11.2678462412458,11.3405497676079,11.3937749428895,11.4079203900363,11.433449900243,11.4811186170353,11.4986323882626,11.5556915225166,11.5720022569787,11.6020296968871,11.6054250434204,11.7356009453378,11.7513615313324,11.8082412490273,11.8271236208928,11.8437432850182,11.8910856186542,11.9303930663041,11.9356133190664,12.0134146368918,12.0770482119762,12.1077588600811,12.121604482292,12.1491052903481,12.1979866091535,12.2839297107787,12.2948842245749,12.3300486276154,12.344053494963,12.3916236709092,12.4218386499988,12.4793874287729,12.5211863443652,12.5883145320603,12.6414334566546,12.6683817152996,12.6807971139865,12.7471617260488,12.7862764445109,12.8356797637194,12.8657397103196,12.8854145624294,12.938967122596,12.9683476323027,12.9905090797627,13.0326241937565,13.0734483850767,13.1060504512161,13.1619542921045,13.2268102123345,13.2504841509617,13.2702473233698,13.3639145424563,13.3987119743474,13.4294436504735,13.475062829617,13.4999683919184,13.5251469081236,13.5682139023428,13.6180106821728,13.6403230562369,13.6839674883868,13.7243980449821,13.7575116539615,13.799293174543,13.843015985758,13.9018332992772,13.9304397836897,13.9897430637698,14.0138343090726,14.1242947440981,14.1765847226876,14.1983826473066,14.2367568627744,14.2612475245546,14.3589902957307,14.4137081436871,14.4344497138239,14.4787837304465,14.5154113295819,14.5601728053865,14.611605544642,14.6377324749124,14.7033805569324,14.720707436365,14.8288555203048,14.9050944667686,15.0025209184991,15.0389467866191,15.1212693917715,15.2000588631421,15.2244587324709,15.353945108252,15.3617934937124,15.4184978331078,15.4668974470441,15.4887701674568,15.5523050121443,15.7081781764692,15.7418690561788,15.8118474005906,15.8556451602379,15.9734706799398,16.0822349410041,16.0918761366374,16.2339416851943,16.2632463233659,16.4101406911007,16.5090616996912,16.5218685015259,16.6356296519994,16.7369158414214,16.8150805485176,16.9165840460647,17.0130056026453,17.2486420860855,17.4049040308785,17.5959960001826,17.7897244602639,17.9678224885896,18.0874835853482,18.1269015462609,18.32241634192,18.4224504097117,18.7146818477631,18.8364319914168,18.9760922683429,19.1827751132466,19.4046260454411,19.700404785019,19.9939427530507,20.1312663194918,20.2405176285227,20.6219653821633,21.1787172887574,21.5133570497122,23.3466064250987,NA,NA,NA,NA,NA,NA,NA,NA,NA,NA,NA,NA,NA,NA,NA,NA,NA,NA,NA,NA,NA,NA,NA,NA,NA,NA,NA,NA,NA,NA,NA,NA,NA,NA,NA,NA,NA,NA,NA
0.535347805994956,0.600043990476218,0.718322574521694,0.994659006442158,1.07660454444882,1.27355038557182,1.41318030168279,1.50456114624353,1.52317612271472,1.75666054463568,1.7976422277967,1.80995499064714,1.88310652900523,1.94118371179728,2.19004640717344,2.20302083263084,2.28629743384636,2.42825644927023,2.52765120447611,2.53839538536986,2.61244172632687,2.68124807628617,2.72610537387649,2.78031382098352,2.88759595380696,2.96111215574675,2.99934267875158,3.06158571313214,3.13175778227276,3.16901355288221,3.22761345836655,3.30939403689668,3.38765030444131,3.44860676856422,3.45822433265552,3.4943823334794,3.57713207788775,3.61255458042392,3.70681607584098,3.75736940133087,3.78876326064784,3.82838985416491,3.86585309757563,3.90793223942677,3.93827970588706,4.03986346441936,4.09766166099759,4.13527253359392,4.20633503094681,4.24957222438117,4.26826000082852,4.28458804068541,4.32543817588221,4.39207237500087,4.4105405444064,4.446443860252,4.50855548673894,4.54912570623912,4.61159611597585,4.64502201503552,4.65902677536125,4.7329719180815,4.79843539476282,4.82574172865124,4.85373055135578,4.90613220047497,4.9270527859986,4.97027696321178,5.00458291928422,5.06822929626611,5.08433198074947,5.08873475442274,5.13668491816875,5.15519853850194,5.17517987001164,5.19363561795038,5.21041668695139,5.27249562383754,5.31020176185005,5.33391603205289,5.34685074123351,5.39363750666266,5.43231299335726,5.44959479425057,5.4919414161175,5.52390627913036,5.57778905552943,5.6157362725745,5.63303023147045,5.68283435983198,5.71435912356264,5.72218582320322,5.74106372103394,5.79421640719839,5.84519272785887,5.87563787479613,5.88267554603451,5.91586103199506,5.93113291931898,5.94883500138991,5.96215035103189,5.99843996488387,6.02413401683724,6.04586562670739,6.06787675259358,6.06998416566439,6.13317697352571,6.13631504150696,6.15846908008812,6.20736086514586,6.24724423969593,6.26920477988021,6.32144414499656,6.3340136838322,6.3522579080839,6.36071111246862,6.40038675536751,6.41141271540368,6.43485667924665,6.43685366906276,6.48631414571578,6.50189973153337,6.56438727804804,6.59748475145434,6.60601667180111,6.65461959450255,6.69926847235466,6.72395526873232,6.75325851473609,6.76786721403879,6.81388516223769,6.82739148222962,6.84723765526373,6.87230153468308,6.88060983370392,6.91849106371582,6.93579035692631,6.95802011081823,6.97144247823116,6.99716907430422,7.01812513013277,7.02139117633384,7.05922830662296,7.10950627678896,7.12741139368838,7.15265744764468,7.17335234692334,7.21284246957487,7.21584055424116,7.24371662000068,7.25762572844988,7.28963925491986,7.30336170927804,7.32241263584075,7.35576887334011,7.37771843105325,7.39507398306365,7.43272195404315,7.45117483514874,7.4587493121291,7.4805245758848,7.51165508709814,7.53100461880958,7.55444938135821,7.57392065247301,7.61960563245275,7.6240789793988,7.66126109717086,7.6781184995091,7.69750826779503,7.70968481355785,7.7306002271112,7.77521789686939,7.78513887112975,7.81205907673448,7.85491632303137,7.86109578055967,7.87249116939806,7.88981666296821,7.93786898818999,7.94391271132801,7.96338442608792,8.02597861938211,8.03336635998419,8.07832536141499,8.09013578520871,8.10295863325498,8.10531880951074,8.16584371334747,8.17711939105952,8.20268197224925,8.23694797614721,8.28065248198858,8.28097442136898,8.31122538290584,8.33105913650118,8.36538297185669,8.39058995919552,8.40858639967023,8.43662207669305,8.45632212459985,8.47124417547533,8.50428129423902,8.51183049933178,8.55847095529333,8.58026176063984,8.59888898019918,8.63944272350981,8.64586063877615,8.65268652558212,8.70609117388301,8.73653614294284,8.74696121113115,8.76905964348077,8.7836511726987,8.80616217256478,8.82809140450415,8.87015429782843,8.90750267312509,8.91417158107715,8.94952703787322,9.00294398465118,9.04158307807326,9.07663024972159,9.09450572649857,9.10934852918352,9.13083722389492,9.17363109467006,9.2282195874785,9.24225910025351,9.28915041155414,9.30361840318441,9.32707927122853,9.37849006695953,9.38908539567927,9.41758531196735,9.44952294149698,9.4710237490838,9.51090891942277,9.51730968743081,9.57556754172606,9.60708999151944,9.62570866483893,9.66652036039524,9.68929438893623,9.70982348224314,9.74076143331136,9.7597942008038,9.79818317094402,9.86308563977047,9.87004957750451,9.92216129053774,9.93619550030022,9.97510632526067,9.98766496127907,10.0245428751879,10.0541150094108,10.0781900782741,10.0947034503373,10.1558685230267,10.1748060516376,10.1976454453711,10.2257109075073,10.2333970400219,10.2627074423206,10.2887388396187,10.3307673392216,10.3510316615519,10.3996240430772,10.4173517293068,10.4489867765283,10.4838196065611,10.5385968961739,10.5694013396354,10.5991683669077,10.645728942459,10.7120165362539,10.7209074795958,10.7550811746563,10.8115241221418,10.8172023997465,10.8731407882066,10.9323718233209,10.9515785634988,11.0349018159165,11.0530069591682,11.0951832378827,11.1343811150178,11.15969177109,11.1722608849133,11.207948875732,11.20998446696,11.2678462412458,11.3405497676079,11.3937749428895,11.4079203900363,11.433449900243,11.4811186170353,11.4986323882626,11.5556915225166,11.5720022569787,11.6020296968871,11.6054250434204,11.7356009453378,11.7513615313324,11.8082412490273,11.8271236208928,11.8437432850182,11.8910856186542,11.9303930663041,11.9356133190664,12.0134146368918,12.0770482119762,12.1077588600811,12.121604482292,12.1491052903481,12.1979866091535,12.2839297107787,12.2948842245749,12.3300486276154,12.344053494963,12.3916236709092,12.4218386499988,12.4793874287729,12.5211863443652,12.5883145320603,12.6414334566546,12.6683817152996,12.6807971139865,12.7471617260488,12.7862764445109,12.8356797637194,12.8657397103196,12.8854145624294,12.938967122596,12.9683476323027,12.9905090797627,13.0326241937565,13.0734483850767,13.1060504512161,13.1619542921045,13.2268102123345,13.2504841509617,13.2702473233698,13.3639145424563,13.3987119743474,13.4294436504735,13.475062829617,13.4999683919184,13.5251469081236,13.5682139023428,13.6180106821728,13.6403230562369,13.6839674883868,13.7243980449821,13.7575116539615,13.799293174543,13.843015985758,13.9018332992772,13.9304397836897,13.9897430637698,14.0138343090726,14.1242947440981,14.1765847226876,14.1983826473066,14.2367568627744,14.2612475245546,14.3589902957307,14.4137081436871,14.4344497138239,14.4787837304465,14.5154113295819,14.5601728053865,14.611605544642,14.6377324749124,14.7033805569324,14.720707436365,14.8288555203048,14.9050944667686,15.0025209184991,15.0389467866191,15.1212693917715,15.2000588631421,15.2244587324709,15.353945108252,15.3617934937124,15.4184978331078,15.4668974470441,15.4887701674568,15.5523050121443,15.7081781764692,15.7418690561788,15.8118474005906,15.8556451602379,15.9734706799398,16.0822349410041,16.0918761366374,16.2339416851943,16.2632463233659,16.4101406911007,16.5090616996912,16.5218685015259,16.6356296519994,16.7369158414214,16.8150805485176,16.9165840460647,17.0130056026453,17.2486420860855,17.4049040308785,17.5959960001826,17.7897244602639,17.9678224885896,18.0874835853482,18.1269015462609,18.32241634192,18.4224504097117,18.7146818477631,18.8364319914168,18.9760922683429,19.1827751132466,19.4046260454411,19.700404785019,19.9939427530507,20.1312663194918,20.2405176285227,20.6219653821633,21.1787172887574,21.5133570497122,23.3466064250987,NA,NA,NA,NA,NA,NA,NA,NA,NA,NA,NA,NA,NA,NA,NA,NA,NA,NA,NA,NA,NA,NA,NA,NA,NA,NA,NA,NA,NA,NA,NA,NA,NA,NA,NA,NA,NA,NA,NA
0.535347805994956,0.600043990476218,0.718322574521694,0.994659006442158,1.07660454444882,1.27355038557182,1.41318030168279,1.50456114624353,1.52317612271472,1.75666054463568,1.7976422277967,1.80995499064714,1.88310652900523,1.94118371179728,2.19004640717344,2.20302083263084,2.28629743384636,2.42825644927023,2.52765120447611,2.53839538536986,2.61244172632687,2.68124807628617,2.72610537387649,2.78031382098352,2.88759595380696,2.96111215574675,2.99934267875158,3.06158571313214,3.13175778227276,3.16901355288221,3.22761345836655,3.30939403689668,3.38765030444131,3.44860676856422,3.45822433265552,3.4943823334794,3.57713207788775,3.61255458042392,3.70681607584098,3.75736940133087,3.78876326064784,3.82838985416491,3.86585309757563,3.90793223942677,3.93827970588706,4.03986346441936,4.09766166099759,4.13527253359392,4.20633503094681,4.24957222438117,4.26826000082852,4.28458804068541,4.32543817588221,4.39207237500087,4.4105405444064,4.446443860252,4.50855548673894,4.54912570623912,4.61159611597585,4.64502201503552,4.65902677536125,4.7329719180815,4.79843539476282,4.82574172865124,4.85373055135578,4.90613220047497,4.9270527859986,4.97027696321178,5.00458291928422,5.06822929626611,5.08433198074947,5.08873475442274,5.13668491816875,5.15519853850194,5.17517987001164,5.19363561795038,5.21041668695139,5.27249562383754,5.31020176185005,5.33391603205289,5.34685074123351,5.39363750666266,5.43231299335726,5.44959479425057,5.4919414161175,5.52390627913036,5.57778905552943,5.6157362725745,5.63303023147045,5.68283435983198,5.71435912356264,5.72218582320322,5.74106372103394,5.79421640719839,5.84519272785887,5.87563787479613,5.88267554603451,5.91586103199506,5.93113291931898,5.94883500138991,5.96215035103189,5.99843996488387,6.02413401683724,6.04586562670739,6.06787675259358,6.06998416566439,6.13317697352571,6.13631504150696,6.15846908008812,6.20736086514586,6.24724423969593,6.26920477988021,6.32144414499656,6.3340136838322,6.3522579080839,6.36071111246862,6.40038675536751,6.41141271540368,6.43485667924665,6.43685366906276,6.48631414571578,6.50189973153337,6.56438727804804,6.59748475145434,6.60601667180111,6.65461959450255,6.69926847235466,6.72395526873232,6.75325851473609,6.76786721403879,6.81388516223769,6.82739148222962,6.84723765526373,6.87230153468308,6.88060983370392,6.91849106371582,6.93579035692631,6.95802011081823,6.97144247823116,6.99716907430422,7.01812513013277,7.02139117633384,7.05922830662296,7.10950627678896,7.12741139368838,7.15265744764468,7.17335234692334,7.21284246957487,7.21584055424116,7.24371662000068,7.25762572844988,7.28963925491986,7.30336170927804,7.32241263584075,7.35576887334011,7.37771843105325,7.39507398306365,7.43272195404315,7.45117483514874,7.4587493121291,7.4805245758848,7.51165508709814,7.53100461880958,7.55444938135821,7.57392065247301,7.61960563245275,7.6240789793988,7.66126109717086,7.6781184995091,7.69750826779503,7.70968481355785,7.7306002271112,7.77521789686939,7.78513887112975,7.81205907673448,7.85491632303137,7.86109578055967,7.87249116939806,7.88981666296821,7.93786898818999,7.94391271132801,7.96338442608792,8.02597861938211,8.03336635998419,8.07832536141499,8.09013578520871,8.10295863325498,8.10531880951074,8.16584371334747,8.17711939105952,8.20268197224925,8.23694797614721,8.28065248198858,8.28097442136898,8.31122538290584,8.33105913650118,8.36538297185669,8.39058995919552,8.40858639967023,8.43662207669305,8.45632212459985,8.47124417547533,8.50428129423902,8.51183049933178,8.55847095529333,8.58026176063984,8.59888898019918,8.63944272350981,8.64586063877615,8.65268652558212,8.70609117388301,8.73653614294284,8.74696121113115,8.76905964348077,8.7836511726987,8.80616217256478,8.82809140450415,8.87015429782843,8.90750267312509,8.91417158107715,8.94952703787322,9.00294398465118,9.04158307807326,9.07663024972159,9.09450572649857,9.10934852918352,9.13083722389492,9.17363109467006,9.2282195874785,9.24225910025351,9.28915041155414,9.30361840318441,9.32707927122853,9.37849006695953,9.38908539567927,9.41758531196735,9.44952294149698,9.4710237490838,9.51090891942277,9.51730968743081,9.57556754172606,9.60708999151944,9.62570866483893,9.66652036039524,9.68929438893623,9.70982348224314,9.74076143331136,9.7597942008038,9.79818317094402,9.86308563977047,9.87004957750451,9.92216129053774,9.93619550030022,9.97510632526067,9.98766496127907,10.0245428751879,10.0541150094108,10.0781900782741,10.0947034503373,10.1558685230267,10.1748060516376,10.1976454453711,10.2257109075073,10.2333970400219,10.2627074423206,10.2887388396187,10.3307673392216,10.3510316615519,10.3996240430772,10.4173517293068,10.4489867765283,10.4838196065611,10.5385968961739,10.5694013396354,10.5991683669077,10.645728942459,10.7120165362539,10.7209074795958,10.7550811746563,10.8115241221418,10.8172023997465,10.8731407882066,10.9323718233209,10.9515785634988,11.0349018159165,11.0530069591682,11.0951832378827,11.1343811150178,11.15969177109,11.1722608849133,11.207948875732,11.20998446696,11.2678462412458,11.3405497676079,11.3937749428895,11.4079203900363,11.433449900243,11.4811186170353,11.4986323882626,11.5556915225166,11.5720022569787,11.6020296968871,11.6054250434204,11.7356009453378,11.7513615313324,11.8082412490273,11.8271236208928,11.8437432850182,11.8910856186542,11.9303930663041,11.9356133190664,12.0134146368918,12.0770482119762,12.1077588600811,12.121604482292,12.1491052903481,12.1979866091535,12.2839297107787,12.2948842245749,12.3300486276154,12.344053494963,12.3916236709092,12.4218386499988,12.4793874287729,12.5211863443652,12.5883145320603,12.6414334566546,12.6683817152996,12.6807971139865,12.7471617260488,12.7862764445109,12.8356797637194,12.8657397103196,12.8854145624294,12.938967122596,12.9683476323027,12.9905090797627,13.0326241937565,13.0734483850767,13.1060504512161,13.1619542921045,13.2268102123345,13.2504841509617,13.2702473233698,13.3639145424563,13.3987119743474,13.4294436504735,13.475062829617,13.4999683919184,13.5251469081236,13.5682139023428,13.6180106821728,13.6403230562369,13.6839674883868,13.7243980449821,13.7575116539615,13.799293174543,13.843015985758,13.9018332992772,13.9304397836897,13.9897430637698,14.0138343090726,14.1242947440981,14.1765847226876,14.1983826473066,14.2367568627744,14.2612475245546,14.3589902957307,14.4137081436871,14.4344497138239,14.4787837304465,14.5154113295819,14.5601728053865,14.611605544642,14.6377324749124,14.7033805569324,14.720707436365,14.8288555203048,14.9050944667686,15.0025209184991,15.0389467866191,15.1212693917715,15.2000588631421,15.2244587324709,15.353945108252,15.3617934937124,15.4184978331078,15.4668974470441,15.4887701674568,15.5523050121443,15.7081781764692,15.7418690561788,15.8118474005906,15.8556451602379,15.9734706799398,16.0822349410041,16.0918761366374,16.2339416851943,16.2632463233659,16.4101406911007,16.5090616996912,16.5218685015259,16.6356296519994,16.7369158414214,16.8150805485176,16.9165840460647,17.0130056026453,17.2486420860855,17.4049040308785,17.5959960001826,17.7897244602639,17.9678224885896,18.0874835853482,18.1269015462609,18.32241634192,18.4224504097117,18.7146818477631,18.8364319914168,18.9760922683429,19.1827751132466,19.4046260454411,19.700404785019,19.9939427530507,20.1312663194918,20.2405176285227,20.6219653821633,21.1787172887574,21.5133570497122,23.3466064250987,NA,NA,NA,NA,NA,NA,NA,NA,NA,NA,NA,NA,NA,NA,NA,NA,NA,NA,NA,NA,NA,NA,NA,NA,NA,NA,NA,NA,NA,NA,NA,NA,NA,NA,NA,NA,NA,NA,NA
0.535347805994956,0.600043990476218,0.718322574521694,0.994659006442158,1.07660454444882,1.27355038557182,1.41318030168279,1.50456114624353,1.52317612271472,1.75666054463568,1.7976422277967,1.80995499064714,1.88310652900523,1.94118371179728,2.19004640717344,2.20302083263084,2.28629743384636,2.42825644927023,2.52765120447611,2.53839538536986,2.61244172632687,2.68124807628617,2.72610537387649,2.78031382098352,2.88759595380696,2.96111215574675,2.99934267875158,3.06158571313214,3.13175778227276,3.16901355288221,3.22761345836655,3.30939403689668,3.38765030444131,3.44860676856422,3.45822433265552,3.4943823334794,3.57713207788775,3.61255458042392,3.70681607584098,3.75736940133087,3.78876326064784,3.82838985416491,3.86585309757563,3.90793223942677,3.93827970588706,4.03986346441936,4.09766166099759,4.13527253359392,4.20633503094681,4.24957222438117,4.26826000082852,4.28458804068541,4.32543817588221,4.39207237500087,4.4105405444064,4.446443860252,4.50855548673894,4.54912570623912,4.61159611597585,4.64502201503552,4.65902677536125,4.7329719180815,4.79843539476282,4.82574172865124,4.85373055135578,4.90613220047497,4.9270527859986,4.97027696321178,5.00458291928422,5.06822929626611,5.08433198074947,5.08873475442274,5.13668491816875,5.15519853850194,5.17517987001164,5.19363561795038,5.21041668695139,5.27249562383754,5.31020176185005,5.33391603205289,5.34685074123351,5.39363750666266,5.43231299335726,5.44959479425057,5.4919414161175,5.52390627913036,5.57778905552943,5.6157362725745,5.63303023147045,5.68283435983198,5.71435912356264,5.72218582320322,5.74106372103394,5.79421640719839,5.84519272785887,5.87563787479613,5.88267554603451,5.91586103199506,5.93113291931898,5.94883500138991,5.96215035103189,5.99843996488387,6.02413401683724,6.04586562670739,6.06787675259358,6.06998416566439,6.13317697352571,6.13631504150696,6.15846908008812,6.20736086514586,6.24724423969593,6.26920477988021,6.32144414499656,6.3340136838322,6.3522579080839,6.36071111246862,6.40038675536751,6.41141271540368,6.43485667924665,6.43685366906276,6.48631414571578,6.50189973153337,6.56438727804804,6.59748475145434,6.60601667180111,6.65461959450255,6.69926847235466,6.72395526873232,6.75325851473609,6.76786721403879,6.81388516223769,6.82739148222962,6.84723765526373,6.87230153468308,6.88060983370392,6.91849106371582,6.93579035692631,6.95802011081823,6.97144247823116,6.99716907430422,7.01812513013277,7.02139117633384,7.05922830662296,7.10950627678896,7.12741139368838,7.15265744764468,7.17335234692334,7.21284246957487,7.21584055424116,7.24371662000068,7.25762572844988,7.28963925491986,7.30336170927804,7.32241263584075,7.35576887334011,7.37771843105325,7.39507398306365,7.43272195404315,7.45117483514874,7.4587493121291,7.4805245758848,7.51165508709814,7.53100461880958,7.55444938135821,7.57392065247301,7.61960563245275,7.6240789793988,7.66126109717086,7.6781184995091,7.69750826779503,7.70968481355785,7.7306002271112,7.77521789686939,7.78513887112975,7.81205907673448,7.85491632303137,7.86109578055967,7.87249116939806,7.88981666296821,7.93786898818999,7.94391271132801,7.96338442608792,8.02597861938211,8.03336635998419,8.07832536141499,8.09013578520871,8.10295863325498,8.10531880951074,8.16584371334747,8.17711939105952,8.20268197224925,8.23694797614721,8.28065248198858,8.28097442136898,8.31122538290584,8.33105913650118,8.36538297185669,8.39058995919552,8.40858639967023,8.43662207669305,8.45632212459985,8.47124417547533,8.50428129423902,8.51183049933178,8.55847095529333,8.58026176063984,8.59888898019918,8.63944272350981,8.64586063877615,8.65268652558212,8.70609117388301,8.73653614294284,8.74696121113115,8.76905964348077,8.7836511726987,8.80616217256478,8.82809140450415,8.87015429782843,8.90750267312509,8.91417158107715,8.94952703787322,9.00294398465118,9.04158307807326,9.07663024972159,9.09450572649857,9.10934852918352,9.13083722389492,9.17363109467006,9.2282195874785,9.24225910025351,9.28915041155414,9.30361840318441,9.32707927122853,9.37849006695953,9.38908539567927,9.41758531196735,9.44952294149698,9.4710237490838,9.51090891942277,9.51730968743081,9.57556754172606,9.60708999151944,9.62570866483893,9.66652036039524,9.68929438893623,9.70982348224314,9.74076143331136,9.7597942008038,9.79818317094402,9.86308563977047,9.87004957750451,9.92216129053774,9.93619550030022,9.97510632526067,9.98766496127907,10.0245428751879,10.0541150094108,10.0781900782741,10.0947034503373,10.1558685230267,10.1748060516376,10.1976454453711,10.2257109075073,10.2333970400219,10.2627074423206,10.2887388396187,10.3307673392216,10.3510316615519,10.3996240430772,10.4173517293068,10.4489867765283,10.4838196065611,10.5385968961739,10.5694013396354,10.5991683669077,10.645728942459,10.7120165362539,10.7209074795958,10.7550811746563,10.8115241221418,10.8172023997465,10.8731407882066,10.9323718233209,10.9515785634988,11.0349018159165,11.0530069591682,11.0951832378827,11.1343811150178,11.15969177109,11.1722608849133,11.207948875732,11.20998446696,11.2678462412458,11.3405497676079,11.3937749428895,11.4079203900363,11.433449900243,11.4811186170353,11.4986323882626,11.5556915225166,11.5720022569787,11.6020296968871,11.6054250434204,11.7356009453378,11.7513615313324,11.8082412490273,11.8271236208928,11.8437432850182,11.8910856186542,11.9303930663041,11.9356133190664,12.0134146368918,12.0770482119762,12.1077588600811,12.121604482292,12.1491052903481,12.1979866091535,12.2839297107787,12.2948842245749,12.3300486276154,12.344053494963,12.3916236709092,12.4218386499988,12.4793874287729,12.5211863443652,12.5883145320603,12.6414334566546,12.6683817152996,12.6807971139865,12.7471617260488,12.7862764445109,12.8356797637194,12.8657397103196,12.8854145624294,12.938967122596,12.9683476323027,12.9905090797627,13.0326241937565,13.0734483850767,13.1060504512161,13.1619542921045,13.2268102123345,13.2504841509617,13.2702473233698,13.3639145424563,13.3987119743474,13.4294436504735,13.475062829617,13.4999683919184,13.5251469081236,13.5682139023428,13.6180106821728,13.6403230562369,13.6839674883868,13.7243980449821,13.7575116539615,13.799293174543,13.843015985758,13.9018332992772,13.9304397836897,13.9897430637698,14.0138343090726,14.1242947440981,14.1765847226876,14.1983826473066,14.2367568627744,14.2612475245546,14.3589902957307,14.4137081436871,14.4344497138239,14.4787837304465,14.5154113295819,14.5601728053865,14.611605544642,14.6377324749124,14.7033805569324,14.720707436365,14.8288555203048,14.9050944667686,15.0025209184991,15.0389467866191,15.1212693917715,15.2000588631421,15.2244587324709,15.353945108252,15.3617934937124,15.4184978331078,15.4668974470441,15.4887701674568,15.5523050121443,15.7081781764692,15.7418690561788,15.8118474005906,15.8556451602379,15.9734706799398,16.0822349410041,16.0918761366374,16.2339416851943,16.2632463233659,16.4101406911007,16.5090616996912,16.5218685015259,16.6356296519994,16.7369158414214,16.8150805485176,16.9165840460647,17.0130056026453,17.2486420860855,17.4049040308785,17.5959960001826,17.7897244602639,17.9678224885896,18.0874835853482,18.1269015462609,18.32241634192,18.4224504097117,18.7146818477631,18.8364319914168,18.9760922683429,19.1827751132466,19.4046260454411,19.700404785019,19.9939427530507,20.1312663194918,20.2405176285227,20.6219653821633,21.1787172887574,21.5133570497122,23.3466064250987,NA,NA,NA,NA,NA,NA,NA,NA,NA,NA,NA,NA,NA,NA,NA,NA,NA,NA,NA,NA,NA,NA,NA,NA,NA,NA,NA,NA,NA,NA,NA,NA,NA,NA,NA,NA,NA,NA,NA
0.535347805994956,0.600043990476218,0.718322574521694,0.994659006442158,1.07660454444882,1.27355038557182,1.41318030168279,1.50456114624353,1.52317612271472,1.75666054463568,1.7976422277967,1.80995499064714,1.88310652900523,1.94118371179728,2.19004640717344,2.20302083263084,2.28629743384636,2.42825644927023,2.52765120447611,2.53839538536986,2.61244172632687,2.68124807628617,2.72610537387649,2.78031382098352,2.88759595380696,2.96111215574675,2.99934267875158,3.06158571313214,3.13175778227276,3.16901355288221,3.22761345836655,3.30939403689668,3.38765030444131,3.44860676856422,3.45822433265552,3.4943823334794,3.57713207788775,3.61255458042392,3.70681607584098,3.75736940133087,3.78876326064784,3.82838985416491,3.86585309757563,3.90793223942677,3.93827970588706,4.03986346441936,4.09766166099759,4.13527253359392,4.20633503094681,4.24957222438117,4.26826000082852,4.28458804068541,4.32543817588221,4.39207237500087,4.4105405444064,4.446443860252,4.50855548673894,4.54912570623912,4.61159611597585,4.64502201503552,4.65902677536125,4.7329719180815,4.79843539476282,4.82574172865124,4.85373055135578,4.90613220047497,4.9270527859986,4.97027696321178,5.00458291928422,5.06822929626611,5.08433198074947,5.08873475442274,5.13668491816875,5.15519853850194,5.17517987001164,5.19363561795038,5.21041668695139,5.27249562383754,5.31020176185005,5.33391603205289,5.34685074123351,5.39363750666266,5.43231299335726,5.44959479425057,5.4919414161175,5.52390627913036,5.57778905552943,5.6157362725745,5.63303023147045,5.68283435983198,5.71435912356264,5.72218582320322,5.74106372103394,5.79421640719839,5.84519272785887,5.87563787479613,5.88267554603451,5.91586103199506,5.93113291931898,5.94883500138991,5.96215035103189,5.99843996488387,6.02413401683724,6.04586562670739,6.06787675259358,6.06998416566439,6.13317697352571,6.13631504150696,6.15846908008812,6.20736086514586,6.24724423969593,6.26920477988021,6.32144414499656,6.3340136838322,6.3522579080839,6.36071111246862,6.40038675536751,6.41141271540368,6.43485667924665,6.43685366906276,6.48631414571578,6.50189973153337,6.56438727804804,6.59748475145434,6.60601667180111,6.65461959450255,6.69926847235466,6.72395526873232,6.75325851473609,6.76786721403879,6.81388516223769,6.82739148222962,6.84723765526373,6.87230153468308,6.88060983370392,6.91849106371582,6.93579035692631,6.95802011081823,6.97144247823116,6.99716907430422,7.01812513013277,7.02139117633384,7.05922830662296,7.10950627678896,7.12741139368838,7.15265744764468,7.17335234692334,7.21284246957487,7.21584055424116,7.24371662000068,7.25762572844988,7.28963925491986,7.30336170927804,7.32241263584075,7.35576887334011,7.37771843105325,7.39507398306365,7.43272195404315,7.45117483514874,7.4587493121291,7.4805245758848,7.51165508709814,7.53100461880958,7.55444938135821,7.57392065247301,7.61960563245275,7.6240789793988,7.66126109717086,7.6781184995091,7.69750826779503,7.70968481355785,7.7306002271112,7.77521789686939,7.78513887112975,7.81205907673448,7.85491632303137,7.86109578055967,7.87249116939806,7.88981666296821,7.93786898818999,7.94391271132801,7.96338442608792,8.02597861938211,8.03336635998419,8.07832536141499,8.09013578520871,8.10295863325498,8.10531880951074,8.16584371334747,8.17711939105952,8.20268197224925,8.23694797614721,8.28065248198858,8.28097442136898,8.31122538290584,8.33105913650118,8.36538297185669,8.39058995919552,8.40858639967023,8.43662207669305,8.45632212459985,8.47124417547533,8.50428129423902,8.51183049933178,8.55847095529333,8.58026176063984,8.59888898019918,8.63944272350981,8.64586063877615,8.65268652558212,8.70609117388301,8.73653614294284,8.74696121113115,8.76905964348077,8.7836511726987,8.80616217256478,8.82809140450415,8.87015429782843,8.90750267312509,8.91417158107715,8.94952703787322,9.00294398465118,9.04158307807326,9.07663024972159,9.09450572649857,9.10934852918352,9.13083722389492,9.17363109467006,9.2282195874785,9.24225910025351,9.28915041155414,9.30361840318441,9.32707927122853,9.37849006695953,9.38908539567927,9.41758531196735,9.44952294149698,9.4710237490838,9.51090891942277,9.51730968743081,9.57556754172606,9.60708999151944,9.62570866483893,9.66652036039524,9.68929438893623,9.70982348224314,9.74076143331136,9.7597942008038,9.79818317094402,9.86308563977047,9.87004957750451,9.92216129053774,9.93619550030022,9.97510632526067,9.98766496127907,10.0245428751879,10.0541150094108,10.0781900782741,10.0947034503373,10.1558685230267,10.1748060516376,10.1976454453711,10.2257109075073,10.2333970400219,10.2627074423206,10.2887388396187,10.3307673392216,10.3510316615519,10.3996240430772,10.4173517293068,10.4489867765283,10.4838196065611,10.5385968961739,10.5694013396354,10.5991683669077,10.645728942459,10.7120165362539,10.7209074795958,10.7550811746563,10.8115241221418,10.8172023997465,10.8731407882066,10.9323718233209,10.9515785634988,11.0349018159165,11.0530069591682,11.0951832378827,11.1343811150178,11.15969177109,11.1722608849133,11.207948875732,11.20998446696,11.2678462412458,11.3405497676079,11.3937749428895,11.4079203900363,11.433449900243,11.4811186170353,11.4986323882626,11.5556915225166,11.5720022569787,11.6020296968871,11.6054250434204,11.7356009453378,11.7513615313324,11.8082412490273,11.8271236208928,11.8437432850182,11.8910856186542,11.9303930663041,11.9356133190664,12.0134146368918,12.0770482119762,12.1077588600811,12.121604482292,12.1491052903481,12.1979866091535,12.2839297107787,12.2948842245749,12.3300486276154,12.344053494963,12.3916236709092,12.4218386499988,12.4793874287729,12.5211863443652,12.5883145320603,12.6414334566546,12.6683817152996,12.6807971139865,12.7471617260488,12.7862764445109,12.8356797637194,12.8657397103196,12.8854145624294,12.938967122596,12.9683476323027,12.9905090797627,13.0326241937565,13.0734483850767,13.1060504512161,13.1619542921045,13.2268102123345,13.2504841509617,13.2702473233698,13.3639145424563,13.3987119743474,13.4294436504735,13.475062829617,13.4999683919184,13.5251469081236,13.5682139023428,13.6180106821728,13.6403230562369,13.6839674883868,13.7243980449821,13.7575116539615,13.799293174543,13.843015985758,13.9018332992772,13.9304397836897,13.9897430637698,14.0138343090726,14.1242947440981,14.1765847226876,14.1983826473066,14.2367568627744,14.2612475245546,14.3589902957307,14.4137081436871,14.4344497138239,14.4787837304465,14.5154113295819,14.5601728053865,14.611605544642,14.6377324749124,14.7033805569324,14.720707436365,14.8288555203048,14.9050944667686,15.0025209184991,15.0389467866191,15.1212693917715,15.2000588631421,15.2244587324709,15.353945108252,15.3617934937124,15.4184978331078,15.4668974470441,15.4887701674568,15.5523050121443,15.7081781764692,15.7418690561788,15.8118474005906,15.8556451602379,15.9734706799398,16.0822349410041,16.0918761366374,16.2339416851943,16.2632463233659,16.4101406911007,16.5090616996912,16.5218685015259,16.6356296519994,16.7369158414214,16.8150805485176,16.9165840460647,17.0130056026453,17.2486420860855,17.4049040308785,17.5959960001826,17.7897244602639,17.9678224885896,18.0874835853482,18.1269015462609,18.32241634192,18.4224504097117,18.7146818477631,18.8364319914168,18.9760922683429,19.1827751132466,19.4046260454411,19.700404785019,19.9939427530507,20.1312663194918,20.2405176285227,20.6219653821633,21.1787172887574,21.5133570497122,23.3466064250987,NA,NA,NA,NA,NA,NA,NA,NA,NA,NA,NA,NA,NA,NA,NA,NA,NA,NA,NA,NA,NA,NA,NA,NA,NA,NA,NA,NA,NA,NA,NA,NA,NA,NA,NA,NA,NA,NA,NA
0.535347805994956,0.600043990476218,0.718322574521694,0.994659006442158,1.07660454444882,1.27355038557182,1.41318030168279,1.50456114624353,1.52317612271472,1.75666054463568,1.7976422277967,1.80995499064714,1.88310652900523,1.94118371179728,2.19004640717344,2.20302083263084,2.28629743384636,2.42825644927023,2.52765120447611,2.53839538536986,2.61244172632687,2.68124807628617,2.72610537387649,2.78031382098352,2.88759595380696,2.96111215574675,2.99934267875158,3.06158571313214,3.13175778227276,3.16901355288221,3.22761345836655,3.30939403689668,3.38765030444131,3.44860676856422,3.45822433265552,3.4943823334794,3.57713207788775,3.61255458042392,3.70681607584098,3.75736940133087,3.78876326064784,3.82838985416491,3.86585309757563,3.90793223942677,3.93827970588706,4.03986346441936,4.09766166099759,4.13527253359392,4.20633503094681,4.24957222438117,4.26826000082852,4.28458804068541,4.32543817588221,4.39207237500087,4.4105405444064,4.446443860252,4.50855548673894,4.54912570623912,4.61159611597585,4.64502201503552,4.65902677536125,4.7329719180815,4.79843539476282,4.82574172865124,4.85373055135578,4.90613220047497,4.9270527859986,4.97027696321178,5.00458291928422,5.06822929626611,5.08433198074947,5.08873475442274,5.13668491816875,5.15519853850194,5.17517987001164,5.19363561795038,5.21041668695139,5.27249562383754,5.31020176185005,5.33391603205289,5.34685074123351,5.39363750666266,5.43231299335726,5.44959479425057,5.4919414161175,5.52390627913036,5.57778905552943,5.6157362725745,5.63303023147045,5.68283435983198,5.71435912356264,5.72218582320322,5.74106372103394,5.79421640719839,5.84519272785887,5.87563787479613,5.88267554603451,5.91586103199506,5.93113291931898,5.94883500138991,5.96215035103189,5.99843996488387,6.02413401683724,6.04586562670739,6.06787675259358,6.06998416566439,6.13317697352571,6.13631504150696,6.15846908008812,6.20736086514586,6.24724423969593,6.26920477988021,6.32144414499656,6.3340136838322,6.3522579080839,6.36071111246862,6.40038675536751,6.41141271540368,6.43485667924665,6.43685366906276,6.48631414571578,6.50189973153337,6.56438727804804,6.59748475145434,6.60601667180111,6.65461959450255,6.69926847235466,6.72395526873232,6.75325851473609,6.76786721403879,6.81388516223769,6.82739148222962,6.84723765526373,6.87230153468308,6.88060983370392,6.91849106371582,6.93579035692631,6.95802011081823,6.97144247823116,6.99716907430422,7.01812513013277,7.02139117633384,7.05922830662296,7.10950627678896,7.12741139368838,7.15265744764468,7.17335234692334,7.21284246957487,7.21584055424116,7.24371662000068,7.25762572844988,7.28963925491986,7.30336170927804,7.32241263584075,7.35576887334011,7.37771843105325,7.39507398306365,7.43272195404315,7.45117483514874,7.4587493121291,7.4805245758848,7.51165508709814,7.53100461880958,7.55444938135821,7.57392065247301,7.61960563245275,7.6240789793988,7.66126109717086,7.6781184995091,7.69750826779503,7.70968481355785,7.7306002271112,7.77521789686939,7.78513887112975,7.81205907673448,7.85491632303137,7.86109578055967,7.87249116939806,7.88981666296821,7.93786898818999,7.94391271132801,7.96338442608792,8.02597861938211,8.03336635998419,8.07832536141499,8.09013578520871,8.10295863325498,8.10531880951074,8.16584371334747,8.17711939105952,8.20268197224925,8.23694797614721,8.28065248198858,8.28097442136898,8.31122538290584,8.33105913650118,8.36538297185669,8.39058995919552,8.40858639967023,8.43662207669305,8.45632212459985,8.47124417547533,8.50428129423902,8.51183049933178,8.55847095529333,8.58026176063984,8.59888898019918,8.63944272350981,8.64586063877615,8.65268652558212,8.70609117388301,8.73653614294284,8.74696121113115,8.76905964348077,8.7836511726987,8.80616217256478,8.82809140450415,8.87015429782843,8.90750267312509,8.91417158107715,8.94952703787322,9.00294398465118,9.04158307807326,9.07663024972159,9.09450572649857,9.10934852918352,9.13083722389492,9.17363109467006,9.2282195874785,9.24225910025351,9.28915041155414,9.30361840318441,9.32707927122853,9.37849006695953,9.38908539567927,9.41758531196735,9.44952294149698,9.4710237490838,9.51090891942277,9.51730968743081,9.57556754172606,9.60708999151944,9.62570866483893,9.66652036039524,9.68929438893623,9.70982348224314,9.74076143331136,9.7597942008038,9.79818317094402,9.86308563977047,9.87004957750451,9.92216129053774,9.93619550030022,9.97510632526067,9.98766496127907,10.0245428751879,10.0541150094108,10.0781900782741,10.0947034503373,10.1558685230267,10.1748060516376,10.1976454453711,10.2257109075073,10.2333970400219,10.2627074423206,10.2887388396187,10.3307673392216,10.3510316615519,10.3996240430772,10.4173517293068,10.4489867765283,10.4838196065611,10.5385968961739,10.5694013396354,10.5991683669077,10.645728942459,10.7120165362539,10.7209074795958,10.7550811746563,10.8115241221418,10.8172023997465,10.8731407882066,10.9323718233209,10.9515785634988,11.0349018159165,11.0530069591682,11.0951832378827,11.1343811150178,11.15969177109,11.1722608849133,11.207948875732,11.20998446696,11.2678462412458,11.3405497676079,11.3937749428895,11.4079203900363,11.433449900243,11.4811186170353,11.4986323882626,11.5556915225166,11.5720022569787,11.6020296968871,11.6054250434204,11.7356009453378,11.7513615313324,11.8082412490273,11.8271236208928,11.8437432850182,11.8910856186542,11.9303930663041,11.9356133190664,12.0134146368918,12.0770482119762,12.1077588600811,12.121604482292,12.1491052903481,12.1979866091535,12.2839297107787,12.2948842245749,12.3300486276154,12.344053494963,12.3916236709092,12.4218386499988,12.4793874287729,12.5211863443652,12.5883145320603,12.6414334566546,12.6683817152996,12.6807971139865,12.7471617260488,12.7862764445109,12.8356797637194,12.8657397103196,12.8854145624294,12.938967122596,12.9683476323027,12.9905090797627,13.0326241937565,13.0734483850767,13.1060504512161,13.1619542921045,13.2268102123345,13.2504841509617,13.2702473233698,13.3639145424563,13.3987119743474,13.4294436504735,13.475062829617,13.4999683919184,13.5251469081236,13.5682139023428,13.6180106821728,13.6403230562369,13.6839674883868,13.7243980449821,13.7575116539615,13.799293174543,13.843015985758,13.9018332992772,13.9304397836897,13.9897430637698,14.0138343090726,14.1242947440981,14.1765847226876,14.1983826473066,14.2367568627744,14.2612475245546,14.3589902957307,14.4137081436871,14.4344497138239,14.4787837304465,14.5154113295819,14.5601728053865,14.611605544642,14.6377324749124,14.7033805569324,14.720707436365,14.8288555203048,14.9050944667686,15.0025209184991,15.0389467866191,15.1212693917715,15.2000588631421,15.2244587324709,15.353945108252,15.3617934937124,15.4184978331078,15.4668974470441,15.4887701674568,15.5523050121443,15.7081781764692,15.7418690561788,15.8118474005906,15.8556451602379,15.9734706799398,16.0822349410041,16.0918761366374,16.2339416851943,16.2632463233659,16.4101406911007,16.5090616996912,16.5218685015259,16.6356296519994,16.7369158414214,16.8150805485176,16.9165840460647,17.0130056026453,17.2486420860855,17.4049040308785,17.5959960001826,17.7897244602639,17.9678224885896,18.0874835853482,18.1269015462609,18.32241634192,18.4224504097117,18.7146818477631,18.8364319914168,18.9760922683429,19.1827751132466,19.4046260454411,19.700404785019,19.9939427530507,20.1312663194918,20.2405176285227,20.6219653821633,21.1787172887574,21.5133570497122,23.3466064250987,NA,NA,NA,NA,NA,NA,NA,NA,NA,NA,NA,NA,NA,NA,NA,NA,NA,NA,NA,NA,NA,NA,NA,NA,NA,NA,NA,NA,NA,NA,NA,NA,NA,NA,NA,NA,NA,NA,NA
0.535347805994956,0.600043990476218,0.718322574521694,0.994659006442158,1.07660454444882,1.27355038557182,1.41318030168279,1.50456114624353,1.52317612271472,1.75666054463568,1.7976422277967,1.80995499064714,1.88310652900523,1.94118371179728,2.19004640717344,2.20302083263084,2.28629743384636,2.42825644927023,2.52765120447611,2.53839538536986,2.61244172632687,2.68124807628617,2.72610537387649,2.78031382098352,2.88759595380696,2.96111215574675,2.99934267875158,3.06158571313214,3.13175778227276,3.16901355288221,3.22761345836655,3.30939403689668,3.38765030444131,3.44860676856422,3.45822433265552,3.4943823334794,3.57713207788775,3.61255458042392,3.70681607584098,3.75736940133087,3.78876326064784,3.82838985416491,3.86585309757563,3.90793223942677,3.93827970588706,4.03986346441936,4.09766166099759,4.13527253359392,4.20633503094681,4.24957222438117,4.26826000082852,4.28458804068541,4.32543817588221,4.39207237500087,4.4105405444064,4.446443860252,4.50855548673894,4.54912570623912,4.61159611597585,4.64502201503552,4.65902677536125,4.7329719180815,4.79843539476282,4.82574172865124,4.85373055135578,4.90613220047497,4.9270527859986,4.97027696321178,5.00458291928422,5.06822929626611,5.08433198074947,5.08873475442274,5.13668491816875,5.15519853850194,5.17517987001164,5.19363561795038,5.21041668695139,5.27249562383754,5.31020176185005,5.33391603205289,5.34685074123351,5.39363750666266,5.43231299335726,5.44959479425057,5.4919414161175,5.52390627913036,5.57778905552943,5.6157362725745,5.63303023147045,5.68283435983198,5.71435912356264,5.72218582320322,5.74106372103394,5.79421640719839,5.84519272785887,5.87563787479613,5.88267554603451,5.91586103199506,5.93113291931898,5.94883500138991,5.96215035103189,5.99843996488387,6.02413401683724,6.04586562670739,6.06787675259358,6.06998416566439,6.13317697352571,6.13631504150696,6.15846908008812,6.20736086514586,6.24724423969593,6.26920477988021,6.32144414499656,6.3340136838322,6.3522579080839,6.36071111246862,6.40038675536751,6.41141271540368,6.43485667924665,6.43685366906276,6.48631414571578,6.50189973153337,6.56438727804804,6.59748475145434,6.60601667180111,6.65461959450255,6.69926847235466,6.72395526873232,6.75325851473609,6.76786721403879,6.81388516223769,6.82739148222962,6.84723765526373,6.87230153468308,6.88060983370392,6.91849106371582,6.93579035692631,6.95802011081823,6.97144247823116,6.99716907430422,7.01812513013277,7.02139117633384,7.05922830662296,7.10950627678896,7.12741139368838,7.15265744764468,7.17335234692334,7.21284246957487,7.21584055424116,7.24371662000068,7.25762572844988,7.28963925491986,7.30336170927804,7.32241263584075,7.35576887334011,7.37771843105325,7.39507398306365,7.43272195404315,7.45117483514874,7.4587493121291,7.4805245758848,7.51165508709814,7.53100461880958,7.55444938135821,7.57392065247301,7.61960563245275,7.6240789793988,7.66126109717086,7.6781184995091,7.69750826779503,7.70968481355785,7.7306002271112,7.77521789686939,7.78513887112975,7.81205907673448,7.85491632303137,7.86109578055967,7.87249116939806,7.88981666296821,7.93786898818999,7.94391271132801,7.96338442608792,8.02597861938211,8.03336635998419,8.07832536141499,8.09013578520871,8.10295863325498,8.10531880951074,8.16584371334747,8.17711939105952,8.20268197224925,8.23694797614721,8.28065248198858,8.28097442136898,8.31122538290584,8.33105913650118,8.36538297185669,8.39058995919552,8.40858639967023,8.43662207669305,8.45632212459985,8.47124417547533,8.50428129423902,8.51183049933178,8.55847095529333,8.58026176063984,8.59888898019918,8.63944272350981,8.64586063877615,8.65268652558212,8.70609117388301,8.73653614294284,8.74696121113115,8.76905964348077,8.7836511726987,8.80616217256478,8.82809140450415,8.87015429782843,8.90750267312509,8.91417158107715,8.94952703787322,9.00294398465118,9.04158307807326,9.07663024972159,9.09450572649857,9.10934852918352,9.13083722389492,9.17363109467006,9.2282195874785,9.24225910025351,9.28915041155414,9.30361840318441,9.32707927122853,9.37849006695953,9.38908539567927,9.41758531196735,9.44952294149698,9.4710237490838,9.51090891942277,9.51730968743081,9.57556754172606,9.60708999151944,9.62570866483893,9.66652036039524,9.68929438893623,9.70982348224314,9.74076143331136,9.7597942008038,9.79818317094402,9.86308563977047,9.87004957750451,9.92216129053774,9.93619550030022,9.97510632526067,9.98766496127907,10.0245428751879,10.0541150094108,10.0781900782741,10.0947034503373,10.1558685230267,10.1748060516376,10.1976454453711,10.2257109075073,10.2333970400219,10.2627074423206,10.2887388396187,10.3307673392216,10.3510316615519,10.3996240430772,10.4173517293068,10.4489867765283,10.4838196065611,10.5385968961739,10.5694013396354,10.5991683669077,10.645728942459,10.7120165362539,10.7209074795958,10.7550811746563,10.8115241221418,10.8172023997465,10.8731407882066,10.9323718233209,10.9515785634988,11.0349018159165,11.0530069591682,11.0951832378827,11.1343811150178,11.15969177109,11.1722608849133,11.207948875732,11.20998446696,11.2678462412458,11.3405497676079,11.3937749428895,11.4079203900363,11.433449900243,11.4811186170353,11.4986323882626,11.5556915225166,11.5720022569787,11.6020296968871,11.6054250434204,11.7356009453378,11.7513615313324,11.8082412490273,11.8271236208928,11.8437432850182,11.8910856186542,11.9303930663041,11.9356133190664,12.0134146368918,12.0770482119762,12.1077588600811,12.121604482292,12.1491052903481,12.1979866091535,12.2839297107787,12.2948842245749,12.3300486276154,12.344053494963,12.3916236709092,12.4218386499988,12.4793874287729,12.5211863443652,12.5883145320603,12.6414334566546,12.6683817152996,12.6807971139865,12.7471617260488,12.7862764445109,12.8356797637194,12.8657397103196,12.8854145624294,12.938967122596,12.9683476323027,12.9905090797627,13.0326241937565,13.0734483850767,13.1060504512161,13.1619542921045,13.2268102123345,13.2504841509617,13.2702473233698,13.3639145424563,13.3987119743474,13.4294436504735,13.475062829617,13.4999683919184,13.5251469081236,13.5682139023428,13.6180106821728,13.6403230562369,13.6839674883868,13.7243980449821,13.7575116539615,13.799293174543,13.843015985758,13.9018332992772,13.9304397836897,13.9897430637698,14.0138343090726,14.1242947440981,14.1765847226876,14.1983826473066,14.2367568627744,14.2612475245546,14.3589902957307,14.4137081436871,14.4344497138239,14.4787837304465,14.5154113295819,14.5601728053865,14.611605544642,14.6377324749124,14.7033805569324,14.720707436365,14.8288555203048,14.9050944667686,15.0025209184991,15.0389467866191,15.1212693917715,15.2000588631421,15.2244587324709,15.353945108252,15.3617934937124,15.4184978331078,15.4668974470441,15.4887701674568,15.5523050121443,15.7081781764692,15.7418690561788,15.8118474005906,15.8556451602379,15.9734706799398,16.0822349410041,16.0918761366374,16.2339416851943,16.2632463233659,16.4101406911007,16.5090616996912,16.5218685015259,16.6356296519994,16.7369158414214,16.8150805485176,16.9165840460647,17.0130056026453,17.2486420860855,17.4049040308785,17.5959960001826,17.7897244602639,17.9678224885896,18.0874835853482,18.1269015462609,18.32241634192,18.4224504097117,18.7146818477631,18.8364319914168,18.9760922683429,19.1827751132466,19.4046260454411,19.700404785019,19.9939427530507,20.1312663194918,20.2405176285227,20.6219653821633,21.1787172887574,21.5133570497122,23.3466064250987,NA,NA,NA,NA,NA,NA,NA,NA,NA,NA,NA,NA,NA,NA,NA,NA,NA,NA,NA,NA,NA,NA,NA,NA,NA,NA,NA,NA,NA,NA,NA,NA,NA,NA,NA,NA,NA,NA,NA
0.535347805994956,0.600043990476218,0.718322574521694,0.994659006442158,1.07660454444882,1.27355038557182,1.41318030168279,1.50456114624353,1.52317612271472,1.75666054463568,1.7976422277967,1.80995499064714,1.88310652900523,1.94118371179728,2.19004640717344,2.20302083263084,2.28629743384636,2.42825644927023,2.52765120447611,2.53839538536986,2.61244172632687,2.68124807628617,2.72610537387649,2.78031382098352,2.88759595380696,2.96111215574675,2.99934267875158,3.06158571313214,3.13175778227276,3.16901355288221,3.22761345836655,3.30939403689668,3.38765030444131,3.44860676856422,3.45822433265552,3.4943823334794,3.57713207788775,3.61255458042392,3.70681607584098,3.75736940133087,3.78876326064784,3.82838985416491,3.86585309757563,3.90793223942677,3.93827970588706,4.03986346441936,4.09766166099759,4.13527253359392,4.20633503094681,4.24957222438117,4.26826000082852,4.28458804068541,4.32543817588221,4.39207237500087,4.4105405444064,4.446443860252,4.50855548673894,4.54912570623912,4.61159611597585,4.64502201503552,4.65902677536125,4.7329719180815,4.79843539476282,4.82574172865124,4.85373055135578,4.90613220047497,4.9270527859986,4.97027696321178,5.00458291928422,5.06822929626611,5.08433198074947,5.08873475442274,5.13668491816875,5.15519853850194,5.17517987001164,5.19363561795038,5.21041668695139,5.27249562383754,5.31020176185005,5.33391603205289,5.34685074123351,5.39363750666266,5.43231299335726,5.44959479425057,5.4919414161175,5.52390627913036,5.57778905552943,5.6157362725745,5.63303023147045,5.68283435983198,5.71435912356264,5.72218582320322,5.74106372103394,5.79421640719839,5.84519272785887,5.87563787479613,5.88267554603451,5.91586103199506,5.93113291931898,5.94883500138991,5.96215035103189,5.99843996488387,6.02413401683724,6.04586562670739,6.06787675259358,6.06998416566439,6.13317697352571,6.13631504150696,6.15846908008812,6.20736086514586,6.24724423969593,6.26920477988021,6.32144414499656,6.3340136838322,6.3522579080839,6.36071111246862,6.40038675536751,6.41141271540368,6.43485667924665,6.43685366906276,6.48631414571578,6.50189973153337,6.56438727804804,6.59748475145434,6.60601667180111,6.65461959450255,6.69926847235466,6.72395526873232,6.75325851473609,6.76786721403879,6.81388516223769,6.82739148222962,6.84723765526373,6.87230153468308,6.88060983370392,6.91849106371582,6.93579035692631,6.95802011081823,6.97144247823116,6.99716907430422,7.01812513013277,7.02139117633384,7.05922830662296,7.10950627678896,7.12741139368838,7.15265744764468,7.17335234692334,7.21284246957487,7.21584055424116,7.24371662000068,7.25762572844988,7.28963925491986,7.30336170927804,7.32241263584075,7.35576887334011,7.37771843105325,7.39507398306365,7.43272195404315,7.45117483514874,7.4587493121291,7.4805245758848,7.51165508709814,7.53100461880958,7.55444938135821,7.57392065247301,7.61960563245275,7.6240789793988,7.66126109717086,7.6781184995091,7.69750826779503,7.70968481355785,7.7306002271112,7.77521789686939,7.78513887112975,7.81205907673448,7.85491632303137,7.86109578055967,7.87249116939806,7.88981666296821,7.93786898818999,7.94391271132801,7.96338442608792,8.02597861938211,8.03336635998419,8.07832536141499,8.09013578520871,8.10295863325498,8.10531880951074,8.16584371334747,8.17711939105952,8.20268197224925,8.23694797614721,8.28065248198858,8.28097442136898,8.31122538290584,8.33105913650118,8.36538297185669,8.39058995919552,8.40858639967023,8.43662207669305,8.45632212459985,8.47124417547533,8.50428129423902,8.51183049933178,8.55847095529333,8.58026176063984,8.59888898019918,8.63944272350981,8.64586063877615,8.65268652558212,8.70609117388301,8.73653614294284,8.74696121113115,8.76905964348077,8.7836511726987,8.80616217256478,8.82809140450415,8.87015429782843,8.90750267312509,8.91417158107715,8.94952703787322,9.00294398465118,9.04158307807326,9.07663024972159,9.09450572649857,9.10934852918352,9.13083722389492,9.17363109467006,9.2282195874785,9.24225910025351,9.28915041155414,9.30361840318441,9.32707927122853,9.37849006695953,9.38908539567927,9.41758531196735,9.44952294149698,9.4710237490838,9.51090891942277,9.51730968743081,9.57556754172606,9.60708999151944,9.62570866483893,9.66652036039524,9.68929438893623,9.70982348224314,9.74076143331136,9.7597942008038,9.79818317094402,9.86308563977047,9.87004957750451,9.92216129053774,9.93619550030022,9.97510632526067,9.98766496127907,10.0245428751879,10.0541150094108,10.0781900782741,10.0947034503373,10.1558685230267,10.1748060516376,10.1976454453711,10.2257109075073,10.2333970400219,10.2627074423206,10.2887388396187,10.3307673392216,10.3510316615519,10.3996240430772,10.4173517293068,10.4489867765283,10.4838196065611,10.5385968961739,10.5694013396354,10.5991683669077,10.645728942459,10.7120165362539,10.7209074795958,10.7550811746563,10.8115241221418,10.8172023997465,10.8731407882066,10.9323718233209,10.9515785634988,11.0349018159165,11.0530069591682,11.0951832378827,11.1343811150178,11.15969177109,11.1722608849133,11.207948875732,11.20998446696,11.2678462412458,11.3405497676079,11.3937749428895,11.4079203900363,11.433449900243,11.4811186170353,11.4986323882626,11.5556915225166,11.5720022569787,11.6020296968871,11.6054250434204,11.7356009453378,11.7513615313324,11.8082412490273,11.8271236208928,11.8437432850182,11.8910856186542,11.9303930663041,11.9356133190664,12.0134146368918,12.0770482119762,12.1077588600811,12.121604482292,12.1491052903481,12.1979866091535,12.2839297107787,12.2948842245749,12.3300486276154,12.344053494963,12.3916236709092,12.4218386499988,12.4793874287729,12.5211863443652,12.5883145320603,12.6414334566546,12.6683817152996,12.6807971139865,12.7471617260488,12.7862764445109,12.8356797637194,12.8657397103196,12.8854145624294,12.938967122596,12.9683476323027,12.9905090797627,13.0326241937565,13.0734483850767,13.1060504512161,13.1619542921045,13.2268102123345,13.2504841509617,13.2702473233698,13.3639145424563,13.3987119743474,13.4294436504735,13.475062829617,13.4999683919184,13.5251469081236,13.5682139023428,13.6180106821728,13.6403230562369,13.6839674883868,13.7243980449821,13.7575116539615,13.799293174543,13.843015985758,13.9018332992772,13.9304397836897,13.9897430637698,14.0138343090726,14.1242947440981,14.1765847226876,14.1983826473066,14.2367568627744,14.2612475245546,14.3589902957307,14.4137081436871,14.4344497138239,14.4787837304465,14.5154113295819,14.5601728053865,14.611605544642,14.6377324749124,14.7033805569324,14.720707436365,14.8288555203048,14.9050944667686,15.0025209184991,15.0389467866191,15.1212693917715,15.2000588631421,15.2244587324709,15.353945108252,15.3617934937124,15.4184978331078,15.4668974470441,15.4887701674568,15.5523050121443,15.7081781764692,15.7418690561788,15.8118474005906,15.8556451602379,15.9734706799398,16.0822349410041,16.0918761366374,16.2339416851943,16.2632463233659,16.4101406911007,16.5090616996912,16.5218685015259,16.6356296519994,16.7369158414214,16.8150805485176,16.9165840460647,17.0130056026453,17.2486420860855,17.4049040308785,17.5959960001826,17.7897244602639,17.9678224885896,18.0874835853482,18.1269015462609,18.32241634192,18.4224504097117,18.7146818477631,18.8364319914168,18.9760922683429,19.1827751132466,19.4046260454411,19.700404785019,19.9939427530507,20.1312663194918,20.2405176285227,20.6219653821633,21.1787172887574,21.5133570497122,23.3466064250987,NA,NA,NA,NA,NA,NA,NA,NA,NA,NA,NA,NA,NA,NA,NA,NA,NA,NA,NA,NA,NA,NA,NA,NA,NA,NA,NA,NA,NA,NA,NA,NA,NA,NA,NA,NA,NA,NA,NA
0.535347805994956,0.600043990476218,0.718322574521694,0.994659006442158,1.07660454444882,1.27355038557182,1.41318030168279,1.50456114624353,1.52317612271472,1.75666054463568,1.7976422277967,1.80995499064714,1.88310652900523,1.94118371179728,2.19004640717344,2.20302083263084,2.28629743384636,2.42825644927023,2.52765120447611,2.53839538536986,2.61244172632687,2.68124807628617,2.72610537387649,2.78031382098352,2.88759595380696,2.96111215574675,2.99934267875158,3.06158571313214,3.13175778227276,3.16901355288221,3.22761345836655,3.30939403689668,3.38765030444131,3.44860676856422,3.45822433265552,3.4943823334794,3.57713207788775,3.61255458042392,3.70681607584098,3.75736940133087,3.78876326064784,3.82838985416491,3.86585309757563,3.90793223942677,3.93827970588706,4.03986346441936,4.09766166099759,4.13527253359392,4.20633503094681,4.24957222438117,4.26826000082852,4.28458804068541,4.32543817588221,4.39207237500087,4.4105405444064,4.446443860252,4.50855548673894,4.54912570623912,4.61159611597585,4.64502201503552,4.65902677536125,4.7329719180815,4.79843539476282,4.82574172865124,4.85373055135578,4.90613220047497,4.9270527859986,4.97027696321178,5.00458291928422,5.06822929626611,5.08433198074947,5.08873475442274,5.13668491816875,5.15519853850194,5.17517987001164,5.19363561795038,5.21041668695139,5.27249562383754,5.31020176185005,5.33391603205289,5.34685074123351,5.39363750666266,5.43231299335726,5.44959479425057,5.4919414161175,5.52390627913036,5.57778905552943,5.6157362725745,5.63303023147045,5.68283435983198,5.71435912356264,5.72218582320322,5.74106372103394,5.79421640719839,5.84519272785887,5.87563787479613,5.88267554603451,5.91586103199506,5.93113291931898,5.94883500138991,5.96215035103189,5.99843996488387,6.02413401683724,6.04586562670739,6.06787675259358,6.06998416566439,6.13317697352571,6.13631504150696,6.15846908008812,6.20736086514586,6.24724423969593,6.26920477988021,6.32144414499656,6.3340136838322,6.3522579080839,6.36071111246862,6.40038675536751,6.41141271540368,6.43485667924665,6.43685366906276,6.48631414571578,6.50189973153337,6.56438727804804,6.59748475145434,6.60601667180111,6.65461959450255,6.69926847235466,6.72395526873232,6.75325851473609,6.76786721403879,6.81388516223769,6.82739148222962,6.84723765526373,6.87230153468308,6.88060983370392,6.91849106371582,6.93579035692631,6.95802011081823,6.97144247823116,6.99716907430422,7.01812513013277,7.02139117633384,7.05922830662296,7.10950627678896,7.12741139368838,7.15265744764468,7.17335234692334,7.21284246957487,7.21584055424116,7.24371662000068,7.25762572844988,7.28963925491986,7.30336170927804,7.32241263584075,7.35576887334011,7.37771843105325,7.39507398306365,7.43272195404315,7.45117483514874,7.4587493121291,7.4805245758848,7.51165508709814,7.53100461880958,7.55444938135821,7.57392065247301,7.61960563245275,7.6240789793988,7.66126109717086,7.6781184995091,7.69750826779503,7.70968481355785,7.7306002271112,7.77521789686939,7.78513887112975,7.81205907673448,7.85491632303137,7.86109578055967,7.87249116939806,7.88981666296821,7.93786898818999,7.94391271132801,7.96338442608792,8.02597861938211,8.03336635998419,8.07832536141499,8.09013578520871,8.10295863325498,8.10531880951074,8.16584371334747,8.17711939105952,8.20268197224925,8.23694797614721,8.28065248198858,8.28097442136898,8.31122538290584,8.33105913650118,8.36538297185669,8.39058995919552,8.40858639967023,8.43662207669305,8.45632212459985,8.47124417547533,8.50428129423902,8.51183049933178,8.55847095529333,8.58026176063984,8.59888898019918,8.63944272350981,8.64586063877615,8.65268652558212,8.70609117388301,8.73653614294284,8.74696121113115,8.76905964348077,8.7836511726987,8.80616217256478,8.82809140450415,8.87015429782843,8.90750267312509,8.91417158107715,8.94952703787322,9.00294398465118,9.04158307807326,9.07663024972159,9.09450572649857,9.10934852918352,9.13083722389492,9.17363109467006,9.2282195874785,9.24225910025351,9.28915041155414,9.30361840318441,9.32707927122853,9.37849006695953,9.38908539567927,9.41758531196735,9.44952294149698,9.4710237490838,9.51090891942277,9.51730968743081,9.57556754172606,9.60708999151944,9.62570866483893,9.66652036039524,9.68929438893623,9.70982348224314,9.74076143331136,9.7597942008038,9.79818317094402,9.86308563977047,9.87004957750451,9.92216129053774,9.93619550030022,9.97510632526067,9.98766496127907,10.0245428751879,10.0541150094108,10.0781900782741,10.0947034503373,10.1558685230267,10.1748060516376,10.1976454453711,10.2257109075073,10.2333970400219,10.2627074423206,10.2887388396187,10.3307673392216,10.3510316615519,10.3996240430772,10.4173517293068,10.4489867765283,10.4838196065611,10.5385968961739,10.5694013396354,10.5991683669077,10.645728942459,10.7120165362539,10.7209074795958,10.7550811746563,10.8115241221418,10.8172023997465,10.8731407882066,10.9323718233209,10.9515785634988,11.0349018159165,11.0530069591682,11.0951832378827,11.1343811150178,11.15969177109,11.1722608849133,11.207948875732,11.20998446696,11.2678462412458,11.3405497676079,11.3937749428895,11.4079203900363,11.433449900243,11.4811186170353,11.4986323882626,11.5556915225166,11.5720022569787,11.6020296968871,11.6054250434204,11.7356009453378,11.7513615313324,11.8082412490273,11.8271236208928,11.8437432850182,11.8910856186542,11.9303930663041,11.9356133190664,12.0134146368918,12.0770482119762,12.1077588600811,12.121604482292,12.1491052903481,12.1979866091535,12.2839297107787,12.2948842245749,12.3300486276154,12.344053494963,12.3916236709092,12.4218386499988,12.4793874287729,12.5211863443652,12.5883145320603,12.6414334566546,12.6683817152996,12.6807971139865,12.7471617260488,12.7862764445109,12.8356797637194,12.8657397103196,12.8854145624294,12.938967122596,12.9683476323027,12.9905090797627,13.0326241937565,13.0734483850767,13.1060504512161,13.1619542921045,13.2268102123345,13.2504841509617,13.2702473233698,13.3639145424563,13.3987119743474,13.4294436504735,13.475062829617,13.4999683919184,13.5251469081236,13.5682139023428,13.6180106821728,13.6403230562369,13.6839674883868,13.7243980449821,13.7575116539615,13.799293174543,13.843015985758,13.9018332992772,13.9304397836897,13.9897430637698,14.0138343090726,14.1242947440981,14.1765847226876,14.1983826473066,14.2367568627744,14.2612475245546,14.3589902957307,14.4137081436871,14.4344497138239,14.4787837304465,14.5154113295819,14.5601728053865,14.611605544642,14.6377324749124,14.7033805569324,14.720707436365,14.8288555203048,14.9050944667686,15.0025209184991,15.0389467866191,15.1212693917715,15.2000588631421,15.2244587324709,15.353945108252,15.3617934937124,15.4184978331078,15.4668974470441,15.4887701674568,15.5523050121443,15.7081781764692,15.7418690561788,15.8118474005906,15.8556451602379,15.9734706799398,16.0822349410041,16.0918761366374,16.2339416851943,16.2632463233659,16.4101406911007,16.5090616996912,16.5218685015259,16.6356296519994,16.7369158414214,16.8150805485176,16.9165840460647,17.0130056026453,17.2486420860855,17.4049040308785,17.5959960001826,17.7897244602639,17.9678224885896,18.0874835853482,18.1269015462609,18.32241634192,18.4224504097117,18.7146818477631,18.8364319914168,18.9760922683429,19.1827751132466,19.4046260454411,19.700404785019,19.9939427530507,20.1312663194918,20.2405176285227,20.6219653821633,21.1787172887574,21.5133570497122,23.3466064250987,NA,NA,NA,NA,NA,NA,NA,NA,NA,NA,NA,NA,NA,NA,NA,NA,NA,NA,NA,NA,NA,NA,NA,NA,NA,NA,NA,NA,NA,NA,NA,NA,NA,NA,NA,NA,NA,NA,NA
0.535347805994956,0.600043990476218,0.718322574521694,0.994659006442158,1.07660454444882,1.27355038557182,1.41318030168279,1.50456114624353,1.52317612271472,1.75666054463568,1.7976422277967,1.80995499064714,1.88310652900523,1.94118371179728,2.19004640717344,2.20302083263084,2.28629743384636,2.42825644927023,2.52765120447611,2.53839538536986,2.61244172632687,2.68124807628617,2.72610537387649,2.78031382098352,2.88759595380696,2.96111215574675,2.99934267875158,3.06158571313214,3.13175778227276,3.16901355288221,3.22761345836655,3.30939403689668,3.38765030444131,3.44860676856422,3.45822433265552,3.4943823334794,3.57713207788775,3.61255458042392,3.70681607584098,3.75736940133087,3.78876326064784,3.82838985416491,3.86585309757563,3.90793223942677,3.93827970588706,4.03986346441936,4.09766166099759,4.13527253359392,4.20633503094681,4.24957222438117,4.26826000082852,4.28458804068541,4.32543817588221,4.39207237500087,4.4105405444064,4.446443860252,4.50855548673894,4.54912570623912,4.61159611597585,4.64502201503552,4.65902677536125,4.7329719180815,4.79843539476282,4.82574172865124,4.85373055135578,4.90613220047497,4.9270527859986,4.97027696321178,5.00458291928422,5.06822929626611,5.08433198074947,5.08873475442274,5.13668491816875,5.15519853850194,5.17517987001164,5.19363561795038,5.21041668695139,5.27249562383754,5.31020176185005,5.33391603205289,5.34685074123351,5.39363750666266,5.43231299335726,5.44959479425057,5.4919414161175,5.52390627913036,5.57778905552943,5.6157362725745,5.63303023147045,5.68283435983198,5.71435912356264,5.72218582320322,5.74106372103394,5.79421640719839,5.84519272785887,5.87563787479613,5.88267554603451,5.91586103199506,5.93113291931898,5.94883500138991,5.96215035103189,5.99843996488387,6.02413401683724,6.04586562670739,6.06787675259358,6.06998416566439,6.13317697352571,6.13631504150696,6.15846908008812,6.20736086514586,6.24724423969593,6.26920477988021,6.32144414499656,6.3340136838322,6.3522579080839,6.36071111246862,6.40038675536751,6.41141271540368,6.43485667924665,6.43685366906276,6.48631414571578,6.50189973153337,6.56438727804804,6.59748475145434,6.60601667180111,6.65461959450255,6.69926847235466,6.72395526873232,6.75325851473609,6.76786721403879,6.81388516223769,6.82739148222962,6.84723765526373,6.87230153468308,6.88060983370392,6.91849106371582,6.93579035692631,6.95802011081823,6.97144247823116,6.99716907430422,7.01812513013277,7.02139117633384,7.05922830662296,7.10950627678896,7.12741139368838,7.15265744764468,7.17335234692334,7.21284246957487,7.21584055424116,7.24371662000068,7.25762572844988,7.28963925491986,7.30336170927804,7.32241263584075,7.35576887334011,7.37771843105325,7.39507398306365,7.43272195404315,7.45117483514874,7.4587493121291,7.4805245758848,7.51165508709814,7.53100461880958,7.55444938135821,7.57392065247301,7.61960563245275,7.6240789793988,7.66126109717086,7.6781184995091,7.69750826779503,7.70968481355785,7.7306002271112,7.77521789686939,7.78513887112975,7.81205907673448,7.85491632303137,7.86109578055967,7.87249116939806,7.88981666296821,7.93786898818999,7.94391271132801,7.96338442608792,8.02597861938211,8.03336635998419,8.07832536141499,8.09013578520871,8.10295863325498,8.10531880951074,8.16584371334747,8.17711939105952,8.20268197224925,8.23694797614721,8.28065248198858,8.28097442136898,8.31122538290584,8.33105913650118,8.36538297185669,8.39058995919552,8.40858639967023,8.43662207669305,8.45632212459985,8.47124417547533,8.50428129423902,8.51183049933178,8.55847095529333,8.58026176063984,8.59888898019918,8.63944272350981,8.64586063877615,8.65268652558212,8.70609117388301,8.73653614294284,8.74696121113115,8.76905964348077,8.7836511726987,8.80616217256478,8.82809140450415,8.87015429782843,8.90750267312509,8.91417158107715,8.94952703787322,9.00294398465118,9.04158307807326,9.07663024972159,9.09450572649857,9.10934852918352,9.13083722389492,9.17363109467006,9.2282195874785,9.24225910025351,9.28915041155414,9.30361840318441,9.32707927122853,9.37849006695953,9.38908539567927,9.41758531196735,9.44952294149698,9.4710237490838,9.51090891942277,9.51730968743081,9.57556754172606,9.60708999151944,9.62570866483893,9.66652036039524,9.68929438893623,9.70982348224314,9.74076143331136,9.7597942008038,9.79818317094402,9.86308563977047,9.87004957750451,9.92216129053774,9.93619550030022,9.97510632526067,9.98766496127907,10.0245428751879,10.0541150094108,10.0781900782741,10.0947034503373,10.1558685230267,10.1748060516376,10.1976454453711,10.2257109075073,10.2333970400219,10.2627074423206,10.2887388396187,10.3307673392216,10.3510316615519,10.3996240430772,10.4173517293068,10.4489867765283,10.4838196065611,10.5385968961739,10.5694013396354,10.5991683669077,10.645728942459,10.7120165362539,10.7209074795958,10.7550811746563,10.8115241221418,10.8172023997465,10.8731407882066,10.9323718233209,10.9515785634988,11.0349018159165,11.0530069591682,11.0951832378827,11.1343811150178,11.15969177109,11.1722608849133,11.207948875732,11.20998446696,11.2678462412458,11.3405497676079,11.3937749428895,11.4079203900363,11.433449900243,11.4811186170353,11.4986323882626,11.5556915225166,11.5720022569787,11.6020296968871,11.6054250434204,11.7356009453378,11.7513615313324,11.8082412490273,11.8271236208928,11.8437432850182,11.8910856186542,11.9303930663041,11.9356133190664,12.0134146368918,12.0770482119762,12.1077588600811,12.121604482292,12.1491052903481,12.1979866091535,12.2839297107787,12.2948842245749,12.3300486276154,12.344053494963,12.3916236709092,12.4218386499988,12.4793874287729,12.5211863443652,12.5883145320603,12.6414334566546,12.6683817152996,12.6807971139865,12.7471617260488,12.7862764445109,12.8356797637194,12.8657397103196,12.8854145624294,12.938967122596,12.9683476323027,12.9905090797627,13.0326241937565,13.0734483850767,13.1060504512161,13.1619542921045,13.2268102123345,13.2504841509617,13.2702473233698,13.3639145424563,13.3987119743474,13.4294436504735,13.475062829617,13.4999683919184,13.5251469081236,13.5682139023428,13.6180106821728,13.6403230562369,13.6839674883868,13.7243980449821,13.7575116539615,13.799293174543,13.843015985758,13.9018332992772,13.9304397836897,13.9897430637698,14.0138343090726,14.1242947440981,14.1765847226876,14.1983826473066,14.2367568627744,14.2612475245546,14.3589902957307,14.4137081436871,14.4344497138239,14.4787837304465,14.5154113295819,14.5601728053865,14.611605544642,14.6377324749124,14.7033805569324,14.720707436365,14.8288555203048,14.9050944667686,15.0025209184991,15.0389467866191,15.1212693917715,15.2000588631421,15.2244587324709,15.353945108252,15.3617934937124,15.4184978331078,15.4668974470441,15.4887701674568,15.5523050121443,15.7081781764692,15.7418690561788,15.8118474005906,15.8556451602379,15.9734706799398,16.0822349410041,16.0918761366374,16.2339416851943,16.2632463233659,16.4101406911007,16.5090616996912,16.5218685015259,16.6356296519994,16.7369158414214,16.8150805485176,16.9165840460647,17.0130056026453,17.2486420860855,17.4049040308785,17.5959960001826,17.7897244602639,17.9678224885896,18.0874835853482,18.1269015462609,18.32241634192,18.4224504097117,18.7146818477631,18.8364319914168,18.9760922683429,19.1827751132466,19.4046260454411,19.700404785019,19.9939427530507,20.1312663194918,20.2405176285227,20.6219653821633,21.1787172887574,21.5133570497122,23.3466064250987,NA,NA,NA,NA,NA,NA,NA,NA,NA,NA,NA,NA,NA,NA,NA,NA,NA,NA,NA,NA,NA,NA,NA,NA,NA,NA,NA,NA,NA,NA,NA,NA,NA,NA,NA,NA,NA,NA,NA
0.535347805994956,0.600043990476218,0.718322574521694,0.994659006442158,1.07660454444882,1.27355038557182,1.41318030168279,1.50456114624353,1.52317612271472,1.75666054463568,1.7976422277967,1.80995499064714,1.88310652900523,1.94118371179728,2.19004640717344,2.20302083263084,2.28629743384636,2.42825644927023,2.52765120447611,2.53839538536986,2.61244172632687,2.68124807628617,2.72610537387649,2.78031382098352,2.88759595380696,2.96111215574675,2.99934267875158,3.06158571313214,3.13175778227276,3.16901355288221,3.22761345836655,3.30939403689668,3.38765030444131,3.44860676856422,3.45822433265552,3.4943823334794,3.57713207788775,3.61255458042392,3.70681607584098,3.75736940133087,3.78876326064784,3.82838985416491,3.86585309757563,3.90793223942677,3.93827970588706,4.03986346441936,4.09766166099759,4.13527253359392,4.20633503094681,4.24957222438117,4.26826000082852,4.28458804068541,4.32543817588221,4.39207237500087,4.4105405444064,4.446443860252,4.50855548673894,4.54912570623912,4.61159611597585,4.64502201503552,4.65902677536125,4.7329719180815,4.79843539476282,4.82574172865124,4.85373055135578,4.90613220047497,4.9270527859986,4.97027696321178,5.00458291928422,5.06822929626611,5.08433198074947,5.08873475442274,5.13668491816875,5.15519853850194,5.17517987001164,5.19363561795038,5.21041668695139,5.27249562383754,5.31020176185005,5.33391603205289,5.34685074123351,5.39363750666266,5.43231299335726,5.44959479425057,5.4919414161175,5.52390627913036,5.57778905552943,5.6157362725745,5.63303023147045,5.68283435983198,5.71435912356264,5.72218582320322,5.74106372103394,5.79421640719839,5.84519272785887,5.87563787479613,5.88267554603451,5.91586103199506,5.93113291931898,5.94883500138991,5.96215035103189,5.99843996488387,6.02413401683724,6.04586562670739,6.06787675259358,6.06998416566439,6.13317697352571,6.13631504150696,6.15846908008812,6.20736086514586,6.24724423969593,6.26920477988021,6.32144414499656,6.3340136838322,6.3522579080839,6.36071111246862,6.40038675536751,6.41141271540368,6.43485667924665,6.43685366906276,6.48631414571578,6.50189973153337,6.56438727804804,6.59748475145434,6.60601667180111,6.65461959450255,6.69926847235466,6.72395526873232,6.75325851473609,6.76786721403879,6.81388516223769,6.82739148222962,6.84723765526373,6.87230153468308,6.88060983370392,6.91849106371582,6.93579035692631,6.95802011081823,6.97144247823116,6.99716907430422,7.01812513013277,7.02139117633384,7.05922830662296,7.10950627678896,7.12741139368838,7.15265744764468,7.17335234692334,7.21284246957487,7.21584055424116,7.24371662000068,7.25762572844988,7.28963925491986,7.30336170927804,7.32241263584075,7.35576887334011,7.37771843105325,7.39507398306365,7.43272195404315,7.45117483514874,7.4587493121291,7.4805245758848,7.51165508709814,7.53100461880958,7.55444938135821,7.57392065247301,7.61960563245275,7.6240789793988,7.66126109717086,7.6781184995091,7.69750826779503,7.70968481355785,7.7306002271112,7.77521789686939,7.78513887112975,7.81205907673448,7.85491632303137,7.86109578055967,7.87249116939806,7.88981666296821,7.93786898818999,7.94391271132801,7.96338442608792,8.02597861938211,8.03336635998419,8.07832536141499,8.09013578520871,8.10295863325498,8.10531880951074,8.16584371334747,8.17711939105952,8.20268197224925,8.23694797614721,8.28065248198858,8.28097442136898,8.31122538290584,8.33105913650118,8.36538297185669,8.39058995919552,8.40858639967023,8.43662207669305,8.45632212459985,8.47124417547533,8.50428129423902,8.51183049933178,8.55847095529333,8.58026176063984,8.59888898019918,8.63944272350981,8.64586063877615,8.65268652558212,8.70609117388301,8.73653614294284,8.74696121113115,8.76905964348077,8.7836511726987,8.80616217256478,8.82809140450415,8.87015429782843,8.90750267312509,8.91417158107715,8.94952703787322,9.00294398465118,9.04158307807326,9.07663024972159,9.09450572649857,9.10934852918352,9.13083722389492,9.17363109467006,9.2282195874785,9.24225910025351,9.28915041155414,9.30361840318441,9.32707927122853,9.37849006695953,9.38908539567927,9.41758531196735,9.44952294149698,9.4710237490838,9.51090891942277,9.51730968743081,9.57556754172606,9.60708999151944,9.62570866483893,9.66652036039524,9.68929438893623,9.70982348224314,9.74076143331136,9.7597942008038,9.79818317094402,9.86308563977047,9.87004957750451,9.92216129053774,9.93619550030022,9.97510632526067,9.98766496127907,10.0245428751879,10.0541150094108,10.0781900782741,10.0947034503373,10.1558685230267,10.1748060516376,10.1976454453711,10.2257109075073,10.2333970400219,10.2627074423206,10.2887388396187,10.3307673392216,10.3510316615519,10.3996240430772,10.4173517293068,10.4489867765283,10.4838196065611,10.5385968961739,10.5694013396354,10.5991683669077,10.645728942459,10.7120165362539,10.7209074795958,10.7550811746563,10.8115241221418,10.8172023997465,10.8731407882066,10.9323718233209,10.9515785634988,11.0349018159165,11.0530069591682,11.0951832378827,11.1343811150178,11.15969177109,11.1722608849133,11.207948875732,11.20998446696,11.2678462412458,11.3405497676079,11.3937749428895,11.4079203900363,11.433449900243,11.4811186170353,11.4986323882626,11.5556915225166,11.5720022569787,11.6020296968871,11.6054250434204,11.7356009453378,11.7513615313324,11.8082412490273,11.8271236208928,11.8437432850182,11.8910856186542,11.9303930663041,11.9356133190664,12.0134146368918,12.0770482119762,12.1077588600811,12.121604482292,12.1491052903481,12.1979866091535,12.2839297107787,12.2948842245749,12.3300486276154,12.344053494963,12.3916236709092,12.4218386499988,12.4793874287729,12.5211863443652,12.5883145320603,12.6414334566546,12.6683817152996,12.6807971139865,12.7471617260488,12.7862764445109,12.8356797637194,12.8657397103196,12.8854145624294,12.938967122596,12.9683476323027,12.9905090797627,13.0326241937565,13.0734483850767,13.1060504512161,13.1619542921045,13.2268102123345,13.2504841509617,13.2702473233698,13.3639145424563,13.3987119743474,13.4294436504735,13.475062829617,13.4999683919184,13.5251469081236,13.5682139023428,13.6180106821728,13.6403230562369,13.6839674883868,13.7243980449821,13.7575116539615,13.799293174543,13.843015985758,13.9018332992772,13.9304397836897,13.9897430637698,14.0138343090726,14.1242947440981,14.1765847226876,14.1983826473066,14.2367568627744,14.2612475245546,14.3589902957307,14.4137081436871,14.4344497138239,14.4787837304465,14.5154113295819,14.5601728053865,14.611605544642,14.6377324749124,14.7033805569324,14.720707436365,14.8288555203048,14.9050944667686,15.0025209184991,15.0389467866191,15.1212693917715,15.2000588631421,15.2244587324709,15.353945108252,15.3617934937124,15.4184978331078,15.4668974470441,15.4887701674568,15.5523050121443,15.7081781764692,15.7418690561788,15.8118474005906,15.8556451602379,15.9734706799398,16.0822349410041,16.0918761366374,16.2339416851943,16.2632463233659,16.4101406911007,16.5090616996912,16.5218685015259,16.6356296519994,16.7369158414214,16.8150805485176,16.9165840460647,17.0130056026453,17.2486420860855,17.4049040308785,17.5959960001826,17.7897244602639,17.9678224885896,18.0874835853482,18.1269015462609,18.32241634192,18.4224504097117,18.7146818477631,18.8364319914168,18.9760922683429,19.1827751132466,19.4046260454411,19.700404785019,19.9939427530507,20.1312663194918,20.2405176285227,20.6219653821633,21.1787172887574,21.5133570497122,23.3466064250987,NA,NA,NA,NA,NA,NA,NA,NA,NA,NA,NA,NA,NA,NA,NA,NA,NA,NA,NA,NA,NA,NA,NA,NA,NA,NA,NA,NA,NA,NA,NA,NA,NA,NA,NA,NA,NA,NA,NA
0.535347805994956,0.600043990476218,0.718322574521694,0.994659006442158,1.07660454444882,1.27355038557182,1.41318030168279,1.50456114624353,1.52317612271472,1.75666054463568,1.7976422277967,1.80995499064714,1.88310652900523,1.94118371179728,2.19004640717344,2.20302083263084,2.28629743384636,2.42825644927023,2.52765120447611,2.53839538536986,2.61244172632687,2.68124807628617,2.72610537387649,2.78031382098352,2.88759595380696,2.96111215574675,2.99934267875158,3.06158571313214,3.13175778227276,3.16901355288221,3.22761345836655,3.30939403689668,3.38765030444131,3.44860676856422,3.45822433265552,3.4943823334794,3.57713207788775,3.61255458042392,3.70681607584098,3.75736940133087,3.78876326064784,3.82838985416491,3.86585309757563,3.90793223942677,3.93827970588706,4.03986346441936,4.09766166099759,4.13527253359392,4.20633503094681,4.24957222438117,4.26826000082852,4.28458804068541,4.32543817588221,4.39207237500087,4.4105405444064,4.446443860252,4.50855548673894,4.54912570623912,4.61159611597585,4.64502201503552,4.65902677536125,4.7329719180815,4.79843539476282,4.82574172865124,4.85373055135578,4.90613220047497,4.9270527859986,4.97027696321178,5.00458291928422,5.06822929626611,5.08433198074947,5.08873475442274,5.13668491816875,5.15519853850194,5.17517987001164,5.19363561795038,5.21041668695139,5.27249562383754,5.31020176185005,5.33391603205289,5.34685074123351,5.39363750666266,5.43231299335726,5.44959479425057,5.4919414161175,5.52390627913036,5.57778905552943,5.6157362725745,5.63303023147045,5.68283435983198,5.71435912356264,5.72218582320322,5.74106372103394,5.79421640719839,5.84519272785887,5.87563787479613,5.88267554603451,5.91586103199506,5.93113291931898,5.94883500138991,5.96215035103189,5.99843996488387,6.02413401683724,6.04586562670739,6.06787675259358,6.06998416566439,6.13317697352571,6.13631504150696,6.15846908008812,6.20736086514586,6.24724423969593,6.26920477988021,6.32144414499656,6.3340136838322,6.3522579080839,6.36071111246862,6.40038675536751,6.41141271540368,6.43485667924665,6.43685366906276,6.48631414571578,6.50189973153337,6.56438727804804,6.59748475145434,6.60601667180111,6.65461959450255,6.69926847235466,6.72395526873232,6.75325851473609,6.76786721403879,6.81388516223769,6.82739148222962,6.84723765526373,6.87230153468308,6.88060983370392,6.91849106371582,6.93579035692631,6.95802011081823,6.97144247823116,6.99716907430422,7.01812513013277,7.02139117633384,7.05922830662296,7.10950627678896,7.12741139368838,7.15265744764468,7.17335234692334,7.21284246957487,7.21584055424116,7.24371662000068,7.25762572844988,7.28963925491986,7.30336170927804,7.32241263584075,7.35576887334011,7.37771843105325,7.39507398306365,7.43272195404315,7.45117483514874,7.4587493121291,7.4805245758848,7.51165508709814,7.53100461880958,7.55444938135821,7.57392065247301,7.61960563245275,7.6240789793988,7.66126109717086,7.6781184995091,7.69750826779503,7.70968481355785,7.7306002271112,7.77521789686939,7.78513887112975,7.81205907673448,7.85491632303137,7.86109578055967,7.87249116939806,7.88981666296821,7.93786898818999,7.94391271132801,7.96338442608792,8.02597861938211,8.03336635998419,8.07832536141499,8.09013578520871,8.10295863325498,8.10531880951074,8.16584371334747,8.17711939105952,8.20268197224925,8.23694797614721,8.28065248198858,8.28097442136898,8.31122538290584,8.33105913650118,8.36538297185669,8.39058995919552,8.40858639967023,8.43662207669305,8.45632212459985,8.47124417547533,8.50428129423902,8.51183049933178,8.55847095529333,8.58026176063984,8.59888898019918,8.63944272350981,8.64586063877615,8.65268652558212,8.70609117388301,8.73653614294284,8.74696121113115,8.76905964348077,8.7836511726987,8.80616217256478,8.82809140450415,8.87015429782843,8.90750267312509,8.91417158107715,8.94952703787322,9.00294398465118,9.04158307807326,9.07663024972159,9.09450572649857,9.10934852918352,9.13083722389492,9.17363109467006,9.2282195874785,9.24225910025351,9.28915041155414,9.30361840318441,9.32707927122853,9.37849006695953,9.38908539567927,9.41758531196735,9.44952294149698,9.4710237490838,9.51090891942277,9.51730968743081,9.57556754172606,9.60708999151944,9.62570866483893,9.66652036039524,9.68929438893623,9.70982348224314,9.74076143331136,9.7597942008038,9.79818317094402,9.86308563977047,9.87004957750451,9.92216129053774,9.93619550030022,9.97510632526067,9.98766496127907,10.0245428751879,10.0541150094108,10.0781900782741,10.0947034503373,10.1558685230267,10.1748060516376,10.1976454453711,10.2257109075073,10.2333970400219,10.2627074423206,10.2887388396187,10.3307673392216,10.3510316615519,10.3996240430772,10.4173517293068,10.4489867765283,10.4838196065611,10.5385968961739,10.5694013396354,10.5991683669077,10.645728942459,10.7120165362539,10.7209074795958,10.7550811746563,10.8115241221418,10.8172023997465,10.8731407882066,10.9323718233209,10.9515785634988,11.0349018159165,11.0530069591682,11.0951832378827,11.1343811150178,11.15969177109,11.1722608849133,11.207948875732,11.20998446696,11.2678462412458,11.3405497676079,11.3937749428895,11.4079203900363,11.433449900243,11.4811186170353,11.4986323882626,11.5556915225166,11.5720022569787,11.6020296968871,11.6054250434204,11.7356009453378,11.7513615313324,11.8082412490273,11.8271236208928,11.8437432850182,11.8910856186542,11.9303930663041,11.9356133190664,12.0134146368918,12.0770482119762,12.1077588600811,12.121604482292,12.1491052903481,12.1979866091535,12.2839297107787,12.2948842245749,12.3300486276154,12.344053494963,12.3916236709092,12.4218386499988,12.4793874287729,12.5211863443652,12.5883145320603,12.6414334566546,12.6683817152996,12.6807971139865,12.7471617260488,12.7862764445109,12.8356797637194,12.8657397103196,12.8854145624294,12.938967122596,12.9683476323027,12.9905090797627,13.0326241937565,13.0734483850767,13.1060504512161,13.1619542921045,13.2268102123345,13.2504841509617,13.2702473233698,13.3639145424563,13.3987119743474,13.4294436504735,13.475062829617,13.4999683919184,13.5251469081236,13.5682139023428,13.6180106821728,13.6403230562369,13.6839674883868,13.7243980449821,13.7575116539615,13.799293174543,13.843015985758,13.9018332992772,13.9304397836897,13.9897430637698,14.0138343090726,14.1242947440981,14.1765847226876,14.1983826473066,14.2367568627744,14.2612475245546,14.3589902957307,14.4137081436871,14.4344497138239,14.4787837304465,14.5154113295819,14.5601728053865,14.611605544642,14.6377324749124,14.7033805569324,14.720707436365,14.8288555203048,14.9050944667686,15.0025209184991,15.0389467866191,15.1212693917715,15.2000588631421,15.2244587324709,15.353945108252,15.3617934937124,15.4184978331078,15.4668974470441,15.4887701674568,15.5523050121443,15.7081781764692,15.7418690561788,15.8118474005906,15.8556451602379,15.9734706799398,16.0822349410041,16.0918761366374,16.2339416851943,16.2632463233659,16.4101406911007,16.5090616996912,16.5218685015259,16.6356296519994,16.7369158414214,16.8150805485176,16.9165840460647,17.0130056026453,17.2486420860855,17.4049040308785,17.5959960001826,17.7897244602639,17.9678224885896,18.0874835853482,18.1269015462609,18.32241634192,18.4224504097117,18.7146818477631,18.8364319914168,18.9760922683429,19.1827751132466,19.4046260454411,19.700404785019,19.9939427530507,20.1312663194918,20.2405176285227,20.6219653821633,21.1787172887574,21.5133570497122,23.3466064250987,NA,NA,NA,NA,NA,NA,NA,NA,NA,NA,NA,NA,NA,NA,NA,NA,NA,NA,NA,NA,NA,NA,NA,NA,NA,NA,NA,NA,NA,NA,NA,NA,NA,NA,NA,NA,NA,NA,NA
0.535347805994956,0.600043990476218,0.718322574521694,0.994659006442158,1.07660454444882,1.27355038557182,1.41318030168279,1.50456114624353,1.52317612271472,1.75666054463568,1.7976422277967,1.80995499064714,1.88310652900523,1.94118371179728,2.19004640717344,2.20302083263084,2.28629743384636,2.42825644927023,2.52765120447611,2.53839538536986,2.61244172632687,2.68124807628617,2.72610537387649,2.78031382098352,2.88759595380696,2.96111215574675,2.99934267875158,3.06158571313214,3.13175778227276,3.16901355288221,3.22761345836655,3.30939403689668,3.38765030444131,3.44860676856422,3.45822433265552,3.4943823334794,3.57713207788775,3.61255458042392,3.70681607584098,3.75736940133087,3.78876326064784,3.82838985416491,3.86585309757563,3.90793223942677,3.93827970588706,4.03986346441936,4.09766166099759,4.13527253359392,4.20633503094681,4.24957222438117,4.26826000082852,4.28458804068541,4.32543817588221,4.39207237500087,4.4105405444064,4.446443860252,4.50855548673894,4.54912570623912,4.61159611597585,4.64502201503552,4.65902677536125,4.7329719180815,4.79843539476282,4.82574172865124,4.85373055135578,4.90613220047497,4.9270527859986,4.97027696321178,5.00458291928422,5.06822929626611,5.08433198074947,5.08873475442274,5.13668491816875,5.15519853850194,5.17517987001164,5.19363561795038,5.21041668695139,5.27249562383754,5.31020176185005,5.33391603205289,5.34685074123351,5.39363750666266,5.43231299335726,5.44959479425057,5.4919414161175,5.52390627913036,5.57778905552943,5.6157362725745,5.63303023147045,5.68283435983198,5.71435912356264,5.72218582320322,5.74106372103394,5.79421640719839,5.84519272785887,5.87563787479613,5.88267554603451,5.91586103199506,5.93113291931898,5.94883500138991,5.96215035103189,5.99843996488387,6.02413401683724,6.04586562670739,6.06787675259358,6.06998416566439,6.13317697352571,6.13631504150696,6.15846908008812,6.20736086514586,6.24724423969593,6.26920477988021,6.32144414499656,6.3340136838322,6.3522579080839,6.36071111246862,6.40038675536751,6.41141271540368,6.43485667924665,6.43685366906276,6.48631414571578,6.50189973153337,6.56438727804804,6.59748475145434,6.60601667180111,6.65461959450255,6.69926847235466,6.72395526873232,6.75325851473609,6.76786721403879,6.81388516223769,6.82739148222962,6.84723765526373,6.87230153468308,6.88060983370392,6.91849106371582,6.93579035692631,6.95802011081823,6.97144247823116,6.99716907430422,7.01812513013277,7.02139117633384,7.05922830662296,7.10950627678896,7.12741139368838,7.15265744764468,7.17335234692334,7.21284246957487,7.21584055424116,7.24371662000068,7.25762572844988,7.28963925491986,7.30336170927804,7.32241263584075,7.35576887334011,7.37771843105325,7.39507398306365,7.43272195404315,7.45117483514874,7.4587493121291,7.4805245758848,7.51165508709814,7.53100461880958,7.55444938135821,7.57392065247301,7.61960563245275,7.6240789793988,7.66126109717086,7.6781184995091,7.69750826779503,7.70968481355785,7.7306002271112,7.77521789686939,7.78513887112975,7.81205907673448,7.85491632303137,7.86109578055967,7.87249116939806,7.88981666296821,7.93786898818999,7.94391271132801,7.96338442608792,8.02597861938211,8.03336635998419,8.07832536141499,8.09013578520871,8.10295863325498,8.10531880951074,8.16584371334747,8.17711939105952,8.20268197224925,8.23694797614721,8.28065248198858,8.28097442136898,8.31122538290584,8.33105913650118,8.36538297185669,8.39058995919552,8.40858639967023,8.43662207669305,8.45632212459985,8.47124417547533,8.50428129423902,8.51183049933178,8.55847095529333,8.58026176063984,8.59888898019918,8.63944272350981,8.64586063877615,8.65268652558212,8.70609117388301,8.73653614294284,8.74696121113115,8.76905964348077,8.7836511726987,8.80616217256478,8.82809140450415,8.87015429782843,8.90750267312509,8.91417158107715,8.94952703787322,9.00294398465118,9.04158307807326,9.07663024972159,9.09450572649857,9.10934852918352,9.13083722389492,9.17363109467006,9.2282195874785,9.24225910025351,9.28915041155414,9.30361840318441,9.32707927122853,9.37849006695953,9.38908539567927,9.41758531196735,9.44952294149698,9.4710237490838,9.51090891942277,9.51730968743081,9.57556754172606,9.60708999151944,9.62570866483893,9.66652036039524,9.68929438893623,9.70982348224314,9.74076143331136,9.7597942008038,9.79818317094402,9.86308563977047,9.87004957750451,9.92216129053774,9.93619550030022,9.97510632526067,9.98766496127907,10.0245428751879,10.0541150094108,10.0781900782741,10.0947034503373,10.1558685230267,10.1748060516376,10.1976454453711,10.2257109075073,10.2333970400219,10.2627074423206,10.2887388396187,10.3307673392216,10.3510316615519,10.3996240430772,10.4173517293068,10.4489867765283,10.4838196065611,10.5385968961739,10.5694013396354,10.5991683669077,10.645728942459,10.7120165362539,10.7209074795958,10.7550811746563,10.8115241221418,10.8172023997465,10.8731407882066,10.9323718233209,10.9515785634988,11.0349018159165,11.0530069591682,11.0951832378827,11.1343811150178,11.15969177109,11.1722608849133,11.207948875732,11.20998446696,11.2678462412458,11.3405497676079,11.3937749428895,11.4079203900363,11.433449900243,11.4811186170353,11.4986323882626,11.5556915225166,11.5720022569787,11.6020296968871,11.6054250434204,11.7356009453378,11.7513615313324,11.8082412490273,11.8271236208928,11.8437432850182,11.8910856186542,11.9303930663041,11.9356133190664,12.0134146368918,12.0770482119762,12.1077588600811,12.121604482292,12.1491052903481,12.1979866091535,12.2839297107787,12.2948842245749,12.3300486276154,12.344053494963,12.3916236709092,12.4218386499988,12.4793874287729,12.5211863443652,12.5883145320603,12.6414334566546,12.6683817152996,12.6807971139865,12.7471617260488,12.7862764445109,12.8356797637194,12.8657397103196,12.8854145624294,12.938967122596,12.9683476323027,12.9905090797627,13.0326241937565,13.0734483850767,13.1060504512161,13.1619542921045,13.2268102123345,13.2504841509617,13.2702473233698,13.3639145424563,13.3987119743474,13.4294436504735,13.475062829617,13.4999683919184,13.5251469081236,13.5682139023428,13.6180106821728,13.6403230562369,13.6839674883868,13.7243980449821,13.7575116539615,13.799293174543,13.843015985758,13.9018332992772,13.9304397836897,13.9897430637698,14.0138343090726,14.1242947440981,14.1765847226876,14.1983826473066,14.2367568627744,14.2612475245546,14.3589902957307,14.4137081436871,14.4344497138239,14.4787837304465,14.5154113295819,14.5601728053865,14.611605544642,14.6377324749124,14.7033805569324,14.720707436365,14.8288555203048,14.9050944667686,15.0025209184991,15.0389467866191,15.1212693917715,15.2000588631421,15.2244587324709,15.353945108252,15.3617934937124,15.4184978331078,15.4668974470441,15.4887701674568,15.5523050121443,15.7081781764692,15.7418690561788,15.8118474005906,15.8556451602379,15.9734706799398,16.0822349410041,16.0918761366374,16.2339416851943,16.2632463233659,16.4101406911007,16.5090616996912,16.5218685015259,16.6356296519994,16.7369158414214,16.8150805485176,16.9165840460647,17.0130056026453,17.2486420860855,17.4049040308785,17.5959960001826,17.7897244602639,17.9678224885896,18.0874835853482,18.1269015462609,18.32241634192,18.4224504097117,18.7146818477631,18.8364319914168,18.9760922683429,19.1827751132466,19.4046260454411,19.700404785019,19.9939427530507,20.1312663194918,20.2405176285227,20.6219653821633,21.1787172887574,21.5133570497122,23.3466064250987,NA,NA,NA,NA,NA,NA,NA,NA,NA,NA,NA,NA,NA,NA,NA,NA,NA,NA,NA,NA,NA,NA,NA,NA,NA,NA,NA,NA,NA,NA,NA,NA,NA,NA,NA,NA,NA,NA,NA
0.535347805994956,0.600043990476218,0.718322574521694,0.994659006442158,1.07660454444882,1.27355038557182,1.41318030168279,1.50456114624353,1.52317612271472,1.75666054463568,1.7976422277967,1.80995499064714,1.88310652900523,1.94118371179728,2.19004640717344,2.20302083263084,2.28629743384636,2.42825644927023,2.52765120447611,2.53839538536986,2.61244172632687,2.68124807628617,2.72610537387649,2.78031382098352,2.88759595380696,2.96111215574675,2.99934267875158,3.06158571313214,3.13175778227276,3.16901355288221,3.22761345836655,3.30939403689668,3.38765030444131,3.44860676856422,3.45822433265552,3.4943823334794,3.57713207788775,3.61255458042392,3.70681607584098,3.75736940133087,3.78876326064784,3.82838985416491,3.86585309757563,3.90793223942677,3.93827970588706,4.03986346441936,4.09766166099759,4.13527253359392,4.20633503094681,4.24957222438117,4.26826000082852,4.28458804068541,4.32543817588221,4.39207237500087,4.4105405444064,4.446443860252,4.50855548673894,4.54912570623912,4.61159611597585,4.64502201503552,4.65902677536125,4.7329719180815,4.79843539476282,4.82574172865124,4.85373055135578,4.90613220047497,4.9270527859986,4.97027696321178,5.00458291928422,5.06822929626611,5.08433198074947,5.08873475442274,5.13668491816875,5.15519853850194,5.17517987001164,5.19363561795038,5.21041668695139,5.27249562383754,5.31020176185005,5.33391603205289,5.34685074123351,5.39363750666266,5.43231299335726,5.44959479425057,5.4919414161175,5.52390627913036,5.57778905552943,5.6157362725745,5.63303023147045,5.68283435983198,5.71435912356264,5.72218582320322,5.74106372103394,5.79421640719839,5.84519272785887,5.87563787479613,5.88267554603451,5.91586103199506,5.93113291931898,5.94883500138991,5.96215035103189,5.99843996488387,6.02413401683724,6.04586562670739,6.06787675259358,6.06998416566439,6.13317697352571,6.13631504150696,6.15846908008812,6.20736086514586,6.24724423969593,6.26920477988021,6.32144414499656,6.3340136838322,6.3522579080839,6.36071111246862,6.40038675536751,6.41141271540368,6.43485667924665,6.43685366906276,6.48631414571578,6.50189973153337,6.56438727804804,6.59748475145434,6.60601667180111,6.65461959450255,6.69926847235466,6.72395526873232,6.75325851473609,6.76786721403879,6.81388516223769,6.82739148222962,6.84723765526373,6.87230153468308,6.88060983370392,6.91849106371582,6.93579035692631,6.95802011081823,6.97144247823116,6.99716907430422,7.01812513013277,7.02139117633384,7.05922830662296,7.10950627678896,7.12741139368838,7.15265744764468,7.17335234692334,7.21284246957487,7.21584055424116,7.24371662000068,7.25762572844988,7.28963925491986,7.30336170927804,7.32241263584075,7.35576887334011,7.37771843105325,7.39507398306365,7.43272195404315,7.45117483514874,7.4587493121291,7.4805245758848,7.51165508709814,7.53100461880958,7.55444938135821,7.57392065247301,7.61960563245275,7.6240789793988,7.66126109717086,7.6781184995091,7.69750826779503,7.70968481355785,7.7306002271112,7.77521789686939,7.78513887112975,7.81205907673448,7.85491632303137,7.86109578055967,7.87249116939806,7.88981666296821,7.93786898818999,7.94391271132801,7.96338442608792,8.02597861938211,8.03336635998419,8.07832536141499,8.09013578520871,8.10295863325498,8.10531880951074,8.16584371334747,8.17711939105952,8.20268197224925,8.23694797614721,8.28065248198858,8.28097442136898,8.31122538290584,8.33105913650118,8.36538297185669,8.39058995919552,8.40858639967023,8.43662207669305,8.45632212459985,8.47124417547533,8.50428129423902,8.51183049933178,8.55847095529333,8.58026176063984,8.59888898019918,8.63944272350981,8.64586063877615,8.65268652558212,8.70609117388301,8.73653614294284,8.74696121113115,8.76905964348077,8.7836511726987,8.80616217256478,8.82809140450415,8.87015429782843,8.90750267312509,8.91417158107715,8.94952703787322,9.00294398465118,9.04158307807326,9.07663024972159,9.09450572649857,9.10934852918352,9.13083722389492,9.17363109467006,9.2282195874785,9.24225910025351,9.28915041155414,9.30361840318441,9.32707927122853,9.37849006695953,9.38908539567927,9.41758531196735,9.44952294149698,9.4710237490838,9.51090891942277,9.51730968743081,9.57556754172606,9.60708999151944,9.62570866483893,9.66652036039524,9.68929438893623,9.70982348224314,9.74076143331136,9.7597942008038,9.79818317094402,9.86308563977047,9.87004957750451,9.92216129053774,9.93619550030022,9.97510632526067,9.98766496127907,10.0245428751879,10.0541150094108,10.0781900782741,10.0947034503373,10.1558685230267,10.1748060516376,10.1976454453711,10.2257109075073,10.2333970400219,10.2627074423206,10.2887388396187,10.3307673392216,10.3510316615519,10.3996240430772,10.4173517293068,10.4489867765283,10.4838196065611,10.5385968961739,10.5694013396354,10.5991683669077,10.645728942459,10.7120165362539,10.7209074795958,10.7550811746563,10.8115241221418,10.8172023997465,10.8731407882066,10.9323718233209,10.9515785634988,11.0349018159165,11.0530069591682,11.0951832378827,11.1343811150178,11.15969177109,11.1722608849133,11.207948875732,11.20998446696,11.2678462412458,11.3405497676079,11.3937749428895,11.4079203900363,11.433449900243,11.4811186170353,11.4986323882626,11.5556915225166,11.5720022569787,11.6020296968871,11.6054250434204,11.7356009453378,11.7513615313324,11.8082412490273,11.8271236208928,11.8437432850182,11.8910856186542,11.9303930663041,11.9356133190664,12.0134146368918,12.0770482119762,12.1077588600811,12.121604482292,12.1491052903481,12.1979866091535,12.2839297107787,12.2948842245749,12.3300486276154,12.344053494963,12.3916236709092,12.4218386499988,12.4793874287729,12.5211863443652,12.5883145320603,12.6414334566546,12.6683817152996,12.6807971139865,12.7471617260488,12.7862764445109,12.8356797637194,12.8657397103196,12.8854145624294,12.938967122596,12.9683476323027,12.9905090797627,13.0326241937565,13.0734483850767,13.1060504512161,13.1619542921045,13.2268102123345,13.2504841509617,13.2702473233698,13.3639145424563,13.3987119743474,13.4294436504735,13.475062829617,13.4999683919184,13.5251469081236,13.5682139023428,13.6180106821728,13.6403230562369,13.6839674883868,13.7243980449821,13.7575116539615,13.799293174543,13.843015985758,13.9018332992772,13.9304397836897,13.9897430637698,14.0138343090726,14.1242947440981,14.1765847226876,14.1983826473066,14.2367568627744,14.2612475245546,14.3589902957307,14.4137081436871,14.4344497138239,14.4787837304465,14.5154113295819,14.5601728053865,14.611605544642,14.6377324749124,14.7033805569324,14.720707436365,14.8288555203048,14.9050944667686,15.0025209184991,15.0389467866191,15.1212693917715,15.2000588631421,15.2244587324709,15.353945108252,15.3617934937124,15.4184978331078,15.4668974470441,15.4887701674568,15.5523050121443,15.7081781764692,15.7418690561788,15.8118474005906,15.8556451602379,15.9734706799398,16.0822349410041,16.0918761366374,16.2339416851943,16.2632463233659,16.4101406911007,16.5090616996912,16.5218685015259,16.6356296519994,16.7369158414214,16.8150805485176,16.9165840460647,17.0130056026453,17.2486420860855,17.4049040308785,17.5959960001826,17.7897244602639,17.9678224885896,18.0874835853482,18.1269015462609,18.32241634192,18.4224504097117,18.7146818477631,18.8364319914168,18.9760922683429,19.1827751132466,19.4046260454411,19.700404785019,19.9939427530507,20.1312663194918,20.2405176285227,20.6219653821633,21.1787172887574,21.5133570497122,23.3466064250987,NA,NA,NA,NA,NA,NA,NA,NA,NA,NA,NA,NA,NA,NA,NA,NA,NA,NA,NA,NA,NA,NA,NA,NA,NA,NA,NA,NA,NA,NA,NA,NA,NA,NA,NA,NA,NA,NA,NA
0.535347805994956,0.600043990476218,0.718322574521694,0.994659006442158,1.07660454444882,1.27355038557182,1.41318030168279,1.50456114624353,1.52317612271472,1.75666054463568,1.7976422277967,1.80995499064714,1.88310652900523,1.94118371179728,2.19004640717344,2.20302083263084,2.28629743384636,2.42825644927023,2.52765120447611,2.53839538536986,2.61244172632687,2.68124807628617,2.72610537387649,2.78031382098352,2.88759595380696,2.96111215574675,2.99934267875158,3.06158571313214,3.13175778227276,3.16901355288221,3.22761345836655,3.30939403689668,3.38765030444131,3.44860676856422,3.45822433265552,3.4943823334794,3.57713207788775,3.61255458042392,3.70681607584098,3.75736940133087,3.78876326064784,3.82838985416491,3.86585309757563,3.90793223942677,3.93827970588706,4.03986346441936,4.09766166099759,4.13527253359392,4.20633503094681,4.24957222438117,4.26826000082852,4.28458804068541,4.32543817588221,4.39207237500087,4.4105405444064,4.446443860252,4.50855548673894,4.54912570623912,4.61159611597585,4.64502201503552,4.65902677536125,4.7329719180815,4.79843539476282,4.82574172865124,4.85373055135578,4.90613220047497,4.9270527859986,4.97027696321178,5.00458291928422,5.06822929626611,5.08433198074947,5.08873475442274,5.13668491816875,5.15519853850194,5.17517987001164,5.19363561795038,5.21041668695139,5.27249562383754,5.31020176185005,5.33391603205289,5.34685074123351,5.39363750666266,5.43231299335726,5.44959479425057,5.4919414161175,5.52390627913036,5.57778905552943,5.6157362725745,5.63303023147045,5.68283435983198,5.71435912356264,5.72218582320322,5.74106372103394,5.79421640719839,5.84519272785887,5.87563787479613,5.88267554603451,5.91586103199506,5.93113291931898,5.94883500138991,5.96215035103189,5.99843996488387,6.02413401683724,6.04586562670739,6.06787675259358,6.06998416566439,6.13317697352571,6.13631504150696,6.15846908008812,6.20736086514586,6.24724423969593,6.26920477988021,6.32144414499656,6.3340136838322,6.3522579080839,6.36071111246862,6.40038675536751,6.41141271540368,6.43485667924665,6.43685366906276,6.48631414571578,6.50189973153337,6.56438727804804,6.59748475145434,6.60601667180111,6.65461959450255,6.69926847235466,6.72395526873232,6.75325851473609,6.76786721403879,6.81388516223769,6.82739148222962,6.84723765526373,6.87230153468308,6.88060983370392,6.91849106371582,6.93579035692631,6.95802011081823,6.97144247823116,6.99716907430422,7.01812513013277,7.02139117633384,7.05922830662296,7.10950627678896,7.12741139368838,7.15265744764468,7.17335234692334,7.21284246957487,7.21584055424116,7.24371662000068,7.25762572844988,7.28963925491986,7.30336170927804,7.32241263584075,7.35576887334011,7.37771843105325,7.39507398306365,7.43272195404315,7.45117483514874,7.4587493121291,7.4805245758848,7.51165508709814,7.53100461880958,7.55444938135821,7.57392065247301,7.61960563245275,7.6240789793988,7.66126109717086,7.6781184995091,7.69750826779503,7.70968481355785,7.7306002271112,7.77521789686939,7.78513887112975,7.81205907673448,7.85491632303137,7.86109578055967,7.87249116939806,7.88981666296821,7.93786898818999,7.94391271132801,7.96338442608792,8.02597861938211,8.03336635998419,8.07832536141499,8.09013578520871,8.10295863325498,8.10531880951074,8.16584371334747,8.17711939105952,8.20268197224925,8.23694797614721,8.28065248198858,8.28097442136898,8.31122538290584,8.33105913650118,8.36538297185669,8.39058995919552,8.40858639967023,8.43662207669305,8.45632212459985,8.47124417547533,8.50428129423902,8.51183049933178,8.55847095529333,8.58026176063984,8.59888898019918,8.63944272350981,8.64586063877615,8.65268652558212,8.70609117388301,8.73653614294284,8.74696121113115,8.76905964348077,8.7836511726987,8.80616217256478,8.82809140450415,8.87015429782843,8.90750267312509,8.91417158107715,8.94952703787322,9.00294398465118,9.04158307807326,9.07663024972159,9.09450572649857,9.10934852918352,9.13083722389492,9.17363109467006,9.2282195874785,9.24225910025351,9.28915041155414,9.30361840318441,9.32707927122853,9.37849006695953,9.38908539567927,9.41758531196735,9.44952294149698,9.4710237490838,9.51090891942277,9.51730968743081,9.57556754172606,9.60708999151944,9.62570866483893,9.66652036039524,9.68929438893623,9.70982348224314,9.74076143331136,9.7597942008038,9.79818317094402,9.86308563977047,9.87004957750451,9.92216129053774,9.93619550030022,9.97510632526067,9.98766496127907,10.0245428751879,10.0541150094108,10.0781900782741,10.0947034503373,10.1558685230267,10.1748060516376,10.1976454453711,10.2257109075073,10.2333970400219,10.2627074423206,10.2887388396187,10.3307673392216,10.3510316615519,10.3996240430772,10.4173517293068,10.4489867765283,10.4838196065611,10.5385968961739,10.5694013396354,10.5991683669077,10.645728942459,10.7120165362539,10.7209074795958,10.7550811746563,10.8115241221418,10.8172023997465,10.8731407882066,10.9323718233209,10.9515785634988,11.0349018159165,11.0530069591682,11.0951832378827,11.1343811150178,11.15969177109,11.1722608849133,11.207948875732,11.20998446696,11.2678462412458,11.3405497676079,11.3937749428895,11.4079203900363,11.433449900243,11.4811186170353,11.4986323882626,11.5556915225166,11.5720022569787,11.6020296968871,11.6054250434204,11.7356009453378,11.7513615313324,11.8082412490273,11.8271236208928,11.8437432850182,11.8910856186542,11.9303930663041,11.9356133190664,12.0134146368918,12.0770482119762,12.1077588600811,12.121604482292,12.1491052903481,12.1979866091535,12.2839297107787,12.2948842245749,12.3300486276154,12.344053494963,12.3916236709092,12.4218386499988,12.4793874287729,12.5211863443652,12.5883145320603,12.6414334566546,12.6683817152996,12.6807971139865,12.7471617260488,12.7862764445109,12.8356797637194,12.8657397103196,12.8854145624294,12.938967122596,12.9683476323027,12.9905090797627,13.0326241937565,13.0734483850767,13.1060504512161,13.1619542921045,13.2268102123345,13.2504841509617,13.2702473233698,13.3639145424563,13.3987119743474,13.4294436504735,13.475062829617,13.4999683919184,13.5251469081236,13.5682139023428,13.6180106821728,13.6403230562369,13.6839674883868,13.7243980449821,13.7575116539615,13.799293174543,13.843015985758,13.9018332992772,13.9304397836897,13.9897430637698,14.0138343090726,14.1242947440981,14.1765847226876,14.1983826473066,14.2367568627744,14.2612475245546,14.3589902957307,14.4137081436871,14.4344497138239,14.4787837304465,14.5154113295819,14.5601728053865,14.611605544642,14.6377324749124,14.7033805569324,14.720707436365,14.8288555203048,14.9050944667686,15.0025209184991,15.0389467866191,15.1212693917715,15.2000588631421,15.2244587324709,15.353945108252,15.3617934937124,15.4184978331078,15.4668974470441,15.4887701674568,15.5523050121443,15.7081781764692,15.7418690561788,15.8118474005906,15.8556451602379,15.9734706799398,16.0822349410041,16.0918761366374,16.2339416851943,16.2632463233659,16.4101406911007,16.5090616996912,16.5218685015259,16.6356296519994,16.7369158414214,16.8150805485176,16.9165840460647,17.0130056026453,17.2486420860855,17.4049040308785,17.5959960001826,17.7897244602639,17.9678224885896,18.0874835853482,18.1269015462609,18.32241634192,18.4224504097117,18.7146818477631,18.8364319914168,18.9760922683429,19.1827751132466,19.4046260454411,19.700404785019,19.9939427530507,20.1312663194918,20.2405176285227,20.6219653821633,21.1787172887574,21.5133570497122,23.3466064250987,NA,NA,NA,NA,NA,NA,NA,NA,NA,NA,NA,NA,NA,NA,NA,NA,NA,NA,NA,NA,NA,NA,NA,NA,NA,NA,NA,NA,NA,NA,NA,NA,NA,NA,NA,NA,NA,NA,NA
0.535347805994956,0.600043990476218,0.718322574521694,0.994659006442158,1.07660454444882,1.27355038557182,1.41318030168279,1.50456114624353,1.52317612271472,1.75666054463568,1.7976422277967,1.80995499064714,1.88310652900523,1.94118371179728,2.19004640717344,2.20302083263084,2.28629743384636,2.42825644927023,2.52765120447611,2.53839538536986,2.61244172632687,2.68124807628617,2.72610537387649,2.78031382098352,2.88759595380696,2.96111215574675,2.99934267875158,3.06158571313214,3.13175778227276,3.16901355288221,3.22761345836655,3.30939403689668,3.38765030444131,3.44860676856422,3.45822433265552,3.4943823334794,3.57713207788775,3.61255458042392,3.70681607584098,3.75736940133087,3.78876326064784,3.82838985416491,3.86585309757563,3.90793223942677,3.93827970588706,4.03986346441936,4.09766166099759,4.13527253359392,4.20633503094681,4.24957222438117,4.26826000082852,4.28458804068541,4.32543817588221,4.39207237500087,4.4105405444064,4.446443860252,4.50855548673894,4.54912570623912,4.61159611597585,4.64502201503552,4.65902677536125,4.7329719180815,4.79843539476282,4.82574172865124,4.85373055135578,4.90613220047497,4.9270527859986,4.97027696321178,5.00458291928422,5.06822929626611,5.08433198074947,5.08873475442274,5.13668491816875,5.15519853850194,5.17517987001164,5.19363561795038,5.21041668695139,5.27249562383754,5.31020176185005,5.33391603205289,5.34685074123351,5.39363750666266,5.43231299335726,5.44959479425057,5.4919414161175,5.52390627913036,5.57778905552943,5.6157362725745,5.63303023147045,5.68283435983198,5.71435912356264,5.72218582320322,5.74106372103394,5.79421640719839,5.84519272785887,5.87563787479613,5.88267554603451,5.91586103199506,5.93113291931898,5.94883500138991,5.96215035103189,5.99843996488387,6.02413401683724,6.04586562670739,6.06787675259358,6.06998416566439,6.13317697352571,6.13631504150696,6.15846908008812,6.20736086514586,6.24724423969593,6.26920477988021,6.32144414499656,6.3340136838322,6.3522579080839,6.36071111246862,6.40038675536751,6.41141271540368,6.43485667924665,6.43685366906276,6.48631414571578,6.50189973153337,6.56438727804804,6.59748475145434,6.60601667180111,6.65461959450255,6.69926847235466,6.72395526873232,6.75325851473609,6.76786721403879,6.81388516223769,6.82739148222962,6.84723765526373,6.87230153468308,6.88060983370392,6.91849106371582,6.93579035692631,6.95802011081823,6.97144247823116,6.99716907430422,7.01812513013277,7.02139117633384,7.05922830662296,7.10950627678896,7.12741139368838,7.15265744764468,7.17335234692334,7.21284246957487,7.21584055424116,7.24371662000068,7.25762572844988,7.28963925491986,7.30336170927804,7.32241263584075,7.35576887334011,7.37771843105325,7.39507398306365,7.43272195404315,7.45117483514874,7.4587493121291,7.4805245758848,7.51165508709814,7.53100461880958,7.55444938135821,7.57392065247301,7.61960563245275,7.6240789793988,7.66126109717086,7.6781184995091,7.69750826779503,7.70968481355785,7.7306002271112,7.77521789686939,7.78513887112975,7.81205907673448,7.85491632303137,7.86109578055967,7.87249116939806,7.88981666296821,7.93786898818999,7.94391271132801,7.96338442608792,8.02597861938211,8.03336635998419,8.07832536141499,8.09013578520871,8.10295863325498,8.10531880951074,8.16584371334747,8.17711939105952,8.20268197224925,8.23694797614721,8.28065248198858,8.28097442136898,8.31122538290584,8.33105913650118,8.36538297185669,8.39058995919552,8.40858639967023,8.43662207669305,8.45632212459985,8.47124417547533,8.50428129423902,8.51183049933178,8.55847095529333,8.58026176063984,8.59888898019918,8.63944272350981,8.64586063877615,8.65268652558212,8.70609117388301,8.73653614294284,8.74696121113115,8.76905964348077,8.7836511726987,8.80616217256478,8.82809140450415,8.87015429782843,8.90750267312509,8.91417158107715,8.94952703787322,9.00294398465118,9.04158307807326,9.07663024972159,9.09450572649857,9.10934852918352,9.13083722389492,9.17363109467006,9.2282195874785,9.24225910025351,9.28915041155414,9.30361840318441,9.32707927122853,9.37849006695953,9.38908539567927,9.41758531196735,9.44952294149698,9.4710237490838,9.51090891942277,9.51730968743081,9.57556754172606,9.60708999151944,9.62570866483893,9.66652036039524,9.68929438893623,9.70982348224314,9.74076143331136,9.7597942008038,9.79818317094402,9.86308563977047,9.87004957750451,9.92216129053774,9.93619550030022,9.97510632526067,9.98766496127907,10.0245428751879,10.0541150094108,10.0781900782741,10.0947034503373,10.1558685230267,10.1748060516376,10.1976454453711,10.2257109075073,10.2333970400219,10.2627074423206,10.2887388396187,10.3307673392216,10.3510316615519,10.3996240430772,10.4173517293068,10.4489867765283,10.4838196065611,10.5385968961739,10.5694013396354,10.5991683669077,10.645728942459,10.7120165362539,10.7209074795958,10.7550811746563,10.8115241221418,10.8172023997465,10.8731407882066,10.9323718233209,10.9515785634988,11.0349018159165,11.0530069591682,11.0951832378827,11.1343811150178,11.15969177109,11.1722608849133,11.207948875732,11.20998446696,11.2678462412458,11.3405497676079,11.3937749428895,11.4079203900363,11.433449900243,11.4811186170353,11.4986323882626,11.5556915225166,11.5720022569787,11.6020296968871,11.6054250434204,11.7356009453378,11.7513615313324,11.8082412490273,11.8271236208928,11.8437432850182,11.8910856186542,11.9303930663041,11.9356133190664,12.0134146368918,12.0770482119762,12.1077588600811,12.121604482292,12.1491052903481,12.1979866091535,12.2839297107787,12.2948842245749,12.3300486276154,12.344053494963,12.3916236709092,12.4218386499988,12.4793874287729,12.5211863443652,12.5883145320603,12.6414334566546,12.6683817152996,12.6807971139865,12.7471617260488,12.7862764445109,12.8356797637194,12.8657397103196,12.8854145624294,12.938967122596,12.9683476323027,12.9905090797627,13.0326241937565,13.0734483850767,13.1060504512161,13.1619542921045,13.2268102123345,13.2504841509617,13.2702473233698,13.3639145424563,13.3987119743474,13.4294436504735,13.475062829617,13.4999683919184,13.5251469081236,13.5682139023428,13.6180106821728,13.6403230562369,13.6839674883868,13.7243980449821,13.7575116539615,13.799293174543,13.843015985758,13.9018332992772,13.9304397836897,13.9897430637698,14.0138343090726,14.1242947440981,14.1765847226876,14.1983826473066,14.2367568627744,14.2612475245546,14.3589902957307,14.4137081436871,14.4344497138239,14.4787837304465,14.5154113295819,14.5601728053865,14.611605544642,14.6377324749124,14.7033805569324,14.720707436365,14.8288555203048,14.9050944667686,15.0025209184991,15.0389467866191,15.1212693917715,15.2000588631421,15.2244587324709,15.353945108252,15.3617934937124,15.4184978331078,15.4668974470441,15.4887701674568,15.5523050121443,15.7081781764692,15.7418690561788,15.8118474005906,15.8556451602379,15.9734706799398,16.0822349410041,16.0918761366374,16.2339416851943,16.2632463233659,16.4101406911007,16.5090616996912,16.5218685015259,16.6356296519994,16.7369158414214,16.8150805485176,16.9165840460647,17.0130056026453,17.2486420860855,17.4049040308785,17.5959960001826,17.7897244602639,17.9678224885896,18.0874835853482,18.1269015462609,18.32241634192,18.4224504097117,18.7146818477631,18.8364319914168,18.9760922683429,19.1827751132466,19.4046260454411,19.700404785019,19.9939427530507,20.1312663194918,20.2405176285227,20.6219653821633,21.1787172887574,21.5133570497122,23.3466064250987,NA,NA,NA,NA,NA,NA,NA,NA,NA,NA,NA,NA,NA,NA,NA,NA,NA,NA,NA,NA,NA,NA,NA,NA,NA,NA,NA,NA,NA,NA,NA,NA,NA,NA,NA,NA,NA,NA,NA
0.557092252190627,0.663896648671137,0.863498958638505,1.02661128406125,1.10998429463066,1.36287135136453,1.44717035196537,1.50892136006343,1.59961609766011,1.72470106994239,1.80370307868105,1.84940914429557,1.85643779671505,1.97761307435819,2.24711101178175,2.25854238837317,2.33499926644372,2.38980980903283,2.47805425593076,2.57991367307421,2.67807468525463,2.71769953891735,2.82267892499847,2.85182444908157,2.89852801786611,2.98110838261533,3.08088402820952,3.12535398921445,3.16353529274562,3.19396296687732,3.28541134826561,3.34495982775057,3.38760039941316,3.45684345644576,3.50902348133849,3.52269479400818,3.61240941273727,3.65564971114062,3.76547026451117,3.81309338714697,3.86342101406709,3.90518150272079,3.95365516735965,3.99642095359109,4.09474788670665,4.11049863970573,4.21825264473212,4.24922538406455,4.26677185294961,4.2916934764118,4.33866311225443,4.3891829320855,4.40443475494895,4.42052117804979,4.52488838939365,4.59616702779214,4.61209852572834,4.64321833951029,4.72723238670634,4.79054634138167,4.80713889964553,4.84814279087576,4.89086396059641,4.91200990609985,4.97627822595476,4.99932040155999,5.02249560089867,5.08194332341201,5.11515593858883,5.15165983054157,5.16486127897201,5.18925619675959,5.20341219857142,5.21547597694389,5.2922550724343,5.32348204386903,5.35856744033573,5.36640630741286,5.3979852701611,5.44204693771413,5.48408697781795,5.52376845061939,5.56613189489922,5.58776416613743,5.62748191837552,5.67578620637772,5.68666954143495,5.728313519038,5.7676342228735,5.78173643765545,5.80948593318885,5.84048391594871,5.87197310066908,5.89910562818661,5.91172950389061,5.92899429424236,5.95007715660119,6.00018542935262,6.0276383615179,6.05431774895112,6.06962961273339,6.10241089219373,6.1275765384626,6.1394423008693,6.21615448621245,6.25191285528764,6.28092502847409,6.30887943126096,6.32726443039425,6.35270297222206,6.35965334808573,6.37677383021384,6.41225029063469,6.43541855343961,6.45445740340373,6.49302593404207,6.5358596578075,6.57369158022344,6.59082636436405,6.60358681733399,6.69760224260584,6.72705601554176,6.75570566423893,6.78783141629839,6.79328368862436,6.80660689508719,6.84555210795562,6.86161873140901,6.87426282176874,6.89146908906208,6.91704941526139,6.92864888364139,6.95466725539434,6.98083597823362,7.01589111969996,7.02437234630704,7.04035918457861,7.05870189979169,7.08997047524431,7.12125788036255,7.16429015361132,7.19667950915095,7.22256425129764,7.24016577613383,7.25513390971702,7.28036507548609,7.30959598981845,7.3232713339237,7.33701409789519,7.34858365358189,7.36296071546765,7.40124214662562,7.43923703129822,7.4537030360886,7.46158614564911,7.50778920642158,7.53222670350424,7.56094693693893,7.57983252537704,7.6145032983216,7.63522889135672,7.6470861896269,7.65631599645649,7.6970627830359,7.70102905400043,7.71963590349295,7.74153972909809,7.77797124445321,7.82177225336748,7.84347229824996,7.84679410783579,7.87955643784238,7.89780026764671,7.92947709607796,7.9682678967651,7.97333083657065,8.00744417549991,8.03910681602055,8.04543746394263,8.08894723799586,8.13958815368642,8.1475347242885,8.16752168559746,8.19328982706913,8.20383241617795,8.25532978874822,8.2757287171297,8.31147636657156,8.32118410442141,8.35862346453238,8.37231956686656,8.39118621202842,8.42156858121305,8.448736383092,8.45454134675519,8.49377977008645,8.50944722858073,8.54218226135062,8.56026480528849,8.59433271016928,8.60715878930884,8.64568657902878,8.65792231236452,8.68018926397816,8.7019850717732,8.73116176512798,8.75274580754737,8.77780307075409,8.79945767948957,8.8377041408143,8.86597069975798,8.88393823512045,8.92567007624123,8.96796138663015,8.97234494095595,9.02637874676251,9.05378173990122,9.08952473147111,9.10076471622394,9.14674722124699,9.18990269319063,9.21255514498445,9.2382570703458,9.24288438872598,9.27641517971976,9.30122701712273,9.31433849385033,9.36180268017444,9.39598301994846,9.43200314153221,9.44485100821052,9.47208280860898,9.50305565858083,9.55830656242166,9.58518922206513,9.60521318339891,9.6443605995228,9.67662180227753,9.70809610971786,9.73747088739477,9.778218661893,9.79409572079191,9.8540790015887,9.88244456871281,9.93005823141949,9.95132138289627,9.97293159613814,9.98994976564905,10.0174237707245,10.0568444141403,10.085759499666,10.1116439176243,10.13716663545,10.2088089256633,10.230034529285,10.2598478661287,10.2774263727803,10.2872101620424,10.3210860423914,10.3440458102298,10.3965368844187,10.41248480821,10.4638960102026,10.4916354713106,10.5106730161072,10.5290866033855,10.593907822748,10.6360567220812,10.6601333843442,10.6843374467243,10.7313253495371,10.8246583394885,10.8538355878974,10.8720694941213,10.9099876064889,10.9416767474147,11.0155924391561,11.0374606563941,11.0590520678948,11.1057167662389,11.1301699147648,11.1418093252573,11.1770734698683,11.1960160400594,11.2735042984296,11.3368430026265,11.3537622262993,11.3882832254628,11.4462830005939,11.4837473233697,11.5149036896078,11.5482102696044,11.5624584187873,11.5945863825417,11.6791479612584,11.6977590090398,11.7417290433406,11.7795796315251,11.8045051418904,11.827369976603,11.883017027488,11.9113696748087,11.9860543507827,12.0029089363878,12.0527662233693,12.1175890938424,12.1272978389298,12.1915357194127,12.2411860930662,12.2725008459189,12.29617335625,12.3136401607564,12.3860955978477,12.4119814094156,12.4178875112369,12.4695331811407,12.4872337190471,12.5798257458128,12.5966778818879,12.6488259119573,12.6887641343602,12.7115116740957,12.7666853344686,12.8505853008651,12.8776053270983,12.8826237868656,12.9155995378605,12.9361618507731,13.0116521339865,13.0381581624421,13.0688112839155,13.1097413539399,13.1199624496178,13.1891560560969,13.2480147748237,13.2868295060705,13.3285153470353,13.3879966475835,13.4584375317429,13.472298904974,13.4965668244652,13.531813188759,13.5722835015481,13.5929395478974,13.6417868884577,13.6896314870111,13.7467480773106,13.7851182504142,13.8209246609102,13.851493176362,13.9107154997606,13.9540658721593,14.0290333937496,14.0537622879499,14.1218973068784,14.1333312437929,14.2015043889041,14.2067724240719,14.2114131199797,14.3184281229716,14.3761964049114,14.4336216171758,14.4656412371511,14.5333848390127,14.6005593214217,14.6535262603753,14.6835703147492,14.6981065728916,14.8013410718132,14.8200893397333,14.8656875463991,14.9738411320813,15.0562772549892,15.1768675688204,15.1885371334329,15.2206734741177,15.3402451385337,15.3612210598232,15.3912561499806,15.5157882373665,15.5755265375171,15.6177368658212,15.6852882914286,15.7172953302685,15.8426075503744,15.9346720707258,15.9591080176715,16.1330549754384,16.180176324609,16.21787613518,16.3410003407713,16.4662595874782,16.5722160420487,16.6015801035687,16.7409075019217,16.8158656988751,16.8337750171877,17.0164007812944,17.1339819712841,17.2874182037745,17.4812629891157,17.8919011191431,17.9819351537147,18.0700475337531,18.203024927745,18.3044063392416,18.4320667559792,18.6097275092413,18.9238410494564,18.9534759386616,19.1251549605007,19.3803590759614,19.5732951328525,19.7403827327247,20.0509821182117,20.20645062152,20.6175680085538,20.99641654593,21.4063364113265,23.2438366038252,NA,NA,NA,NA,NA,NA,NA,NA,NA,NA,NA,NA,NA,NA,NA,NA,NA,NA,NA,NA,NA,NA,NA,NA,NA,NA,NA,NA,NA,NA,NA,NA,NA,NA,NA,NA,NA,NA,NA,NA,NA,NA,NA,NA,NA,NA,NA,NA
0.557092252190627,0.663896648671137,0.863498958638505,1.02661128406125,1.10998429463066,1.36287135136453,1.44717035196537,1.50892136006343,1.59961609766011,1.72470106994239,1.80370307868105,1.84940914429557,1.85643779671505,1.97761307435819,2.24711101178175,2.25854238837317,2.33499926644372,2.38980980903283,2.47805425593076,2.57991367307421,2.67807468525463,2.71769953891735,2.82267892499847,2.85182444908157,2.89852801786611,2.98110838261533,3.08088402820952,3.12535398921445,3.16353529274562,3.19396296687732,3.28541134826561,3.34495982775057,3.38760039941316,3.45684345644576,3.50902348133849,3.52269479400818,3.61240941273727,3.65564971114062,3.76547026451117,3.81309338714697,3.86342101406709,3.90518150272079,3.95365516735965,3.99642095359109,4.09474788670665,4.11049863970573,4.21825264473212,4.24922538406455,4.26677185294961,4.2916934764118,4.33866311225443,4.3891829320855,4.40443475494895,4.42052117804979,4.52488838939365,4.59616702779214,4.61209852572834,4.64321833951029,4.72723238670634,4.79054634138167,4.80713889964553,4.84814279087576,4.89086396059641,4.91200990609985,4.97627822595476,4.99932040155999,5.02249560089867,5.08194332341201,5.11515593858883,5.15165983054157,5.16486127897201,5.18925619675959,5.20341219857142,5.21547597694389,5.2922550724343,5.32348204386903,5.35856744033573,5.36640630741286,5.3979852701611,5.44204693771413,5.48408697781795,5.52376845061939,5.56613189489922,5.58776416613743,5.62748191837552,5.67578620637772,5.68666954143495,5.728313519038,5.7676342228735,5.78173643765545,5.80948593318885,5.84048391594871,5.87197310066908,5.89910562818661,5.91172950389061,5.92899429424236,5.95007715660119,6.00018542935262,6.0276383615179,6.05431774895112,6.06962961273339,6.10241089219373,6.1275765384626,6.1394423008693,6.21615448621245,6.25191285528764,6.28092502847409,6.30887943126096,6.32726443039425,6.35270297222206,6.35965334808573,6.37677383021384,6.41225029063469,6.43541855343961,6.45445740340373,6.49302593404207,6.5358596578075,6.57369158022344,6.59082636436405,6.60358681733399,6.69760224260584,6.72705601554176,6.75570566423893,6.78783141629839,6.79328368862436,6.80660689508719,6.84555210795562,6.86161873140901,6.87426282176874,6.89146908906208,6.91704941526139,6.92864888364139,6.95466725539434,6.98083597823362,7.01589111969996,7.02437234630704,7.04035918457861,7.05870189979169,7.08997047524431,7.12125788036255,7.16429015361132,7.19667950915095,7.22256425129764,7.24016577613383,7.25513390971702,7.28036507548609,7.30959598981845,7.3232713339237,7.33701409789519,7.34858365358189,7.36296071546765,7.40124214662562,7.43923703129822,7.4537030360886,7.46158614564911,7.50778920642158,7.53222670350424,7.56094693693893,7.57983252537704,7.6145032983216,7.63522889135672,7.6470861896269,7.65631599645649,7.6970627830359,7.70102905400043,7.71963590349295,7.74153972909809,7.77797124445321,7.82177225336748,7.84347229824996,7.84679410783579,7.87955643784238,7.89780026764671,7.92947709607796,7.9682678967651,7.97333083657065,8.00744417549991,8.03910681602055,8.04543746394263,8.08894723799586,8.13958815368642,8.1475347242885,8.16752168559746,8.19328982706913,8.20383241617795,8.25532978874822,8.2757287171297,8.31147636657156,8.32118410442141,8.35862346453238,8.37231956686656,8.39118621202842,8.42156858121305,8.448736383092,8.45454134675519,8.49377977008645,8.50944722858073,8.54218226135062,8.56026480528849,8.59433271016928,8.60715878930884,8.64568657902878,8.65792231236452,8.68018926397816,8.7019850717732,8.73116176512798,8.75274580754737,8.77780307075409,8.79945767948957,8.8377041408143,8.86597069975798,8.88393823512045,8.92567007624123,8.96796138663015,8.97234494095595,9.02637874676251,9.05378173990122,9.08952473147111,9.10076471622394,9.14674722124699,9.18990269319063,9.21255514498445,9.2382570703458,9.24288438872598,9.27641517971976,9.30122701712273,9.31433849385033,9.36180268017444,9.39598301994846,9.43200314153221,9.44485100821052,9.47208280860898,9.50305565858083,9.55830656242166,9.58518922206513,9.60521318339891,9.6443605995228,9.67662180227753,9.70809610971786,9.73747088739477,9.778218661893,9.79409572079191,9.8540790015887,9.88244456871281,9.93005823141949,9.95132138289627,9.97293159613814,9.98994976564905,10.0174237707245,10.0568444141403,10.085759499666,10.1116439176243,10.13716663545,10.2088089256633,10.230034529285,10.2598478661287,10.2774263727803,10.2872101620424,10.3210860423914,10.3440458102298,10.3965368844187,10.41248480821,10.4638960102026,10.4916354713106,10.5106730161072,10.5290866033855,10.593907822748,10.6360567220812,10.6601333843442,10.6843374467243,10.7313253495371,10.8246583394885,10.8538355878974,10.8720694941213,10.9099876064889,10.9416767474147,11.0155924391561,11.0374606563941,11.0590520678948,11.1057167662389,11.1301699147648,11.1418093252573,11.1770734698683,11.1960160400594,11.2735042984296,11.3368430026265,11.3537622262993,11.3882832254628,11.4462830005939,11.4837473233697,11.5149036896078,11.5482102696044,11.5624584187873,11.5945863825417,11.6791479612584,11.6977590090398,11.7417290433406,11.7795796315251,11.8045051418904,11.827369976603,11.883017027488,11.9113696748087,11.9860543507827,12.0029089363878,12.0527662233693,12.1175890938424,12.1272978389298,12.1915357194127,12.2411860930662,12.2725008459189,12.29617335625,12.3136401607564,12.3860955978477,12.4119814094156,12.4178875112369,12.4695331811407,12.4872337190471,12.5798257458128,12.5966778818879,12.6488259119573,12.6887641343602,12.7115116740957,12.7666853344686,12.8505853008651,12.8776053270983,12.8826237868656,12.9155995378605,12.9361618507731,13.0116521339865,13.0381581624421,13.0688112839155,13.1097413539399,13.1199624496178,13.1891560560969,13.2480147748237,13.2868295060705,13.3285153470353,13.3879966475835,13.4584375317429,13.472298904974,13.4965668244652,13.531813188759,13.5722835015481,13.5929395478974,13.6417868884577,13.6896314870111,13.7467480773106,13.7851182504142,13.8209246609102,13.851493176362,13.9107154997606,13.9540658721593,14.0290333937496,14.0537622879499,14.1218973068784,14.1333312437929,14.2015043889041,14.2067724240719,14.2114131199797,14.3184281229716,14.3761964049114,14.4336216171758,14.4656412371511,14.5333848390127,14.6005593214217,14.6535262603753,14.6835703147492,14.6981065728916,14.8013410718132,14.8200893397333,14.8656875463991,14.9738411320813,15.0562772549892,15.1768675688204,15.1885371334329,15.2206734741177,15.3402451385337,15.3612210598232,15.3912561499806,15.5157882373665,15.5755265375171,15.6177368658212,15.6852882914286,15.7172953302685,15.8426075503744,15.9346720707258,15.9591080176715,16.1330549754384,16.180176324609,16.21787613518,16.3410003407713,16.4662595874782,16.5722160420487,16.6015801035687,16.7409075019217,16.8158656988751,16.8337750171877,17.0164007812944,17.1339819712841,17.2874182037745,17.4812629891157,17.8919011191431,17.9819351537147,18.0700475337531,18.203024927745,18.3044063392416,18.4320667559792,18.6097275092413,18.9238410494564,18.9534759386616,19.1251549605007,19.3803590759614,19.5732951328525,19.7403827327247,20.0509821182117,20.20645062152,20.6175680085538,20.99641654593,21.4063364113265,23.2438366038252,NA,NA,NA,NA,NA,NA,NA,NA,NA,NA,NA,NA,NA,NA,NA,NA,NA,NA,NA,NA,NA,NA,NA,NA,NA,NA,NA,NA,NA,NA,NA,NA,NA,NA,NA,NA,NA,NA,NA,NA,NA,NA,NA,NA,NA,NA,NA,NA
0.557092252190627,0.663896648671137,0.863498958638505,1.02661128406125,1.10998429463066,1.36287135136453,1.44717035196537,1.50892136006343,1.59961609766011,1.72470106994239,1.80370307868105,1.84940914429557,1.85643779671505,1.97761307435819,2.24711101178175,2.25854238837317,2.33499926644372,2.38980980903283,2.47805425593076,2.57991367307421,2.67807468525463,2.71769953891735,2.82267892499847,2.85182444908157,2.89852801786611,2.98110838261533,3.08088402820952,3.12535398921445,3.16353529274562,3.19396296687732,3.28541134826561,3.34495982775057,3.38760039941316,3.45684345644576,3.50902348133849,3.52269479400818,3.61240941273727,3.65564971114062,3.76547026451117,3.81309338714697,3.86342101406709,3.90518150272079,3.95365516735965,3.99642095359109,4.09474788670665,4.11049863970573,4.21825264473212,4.24922538406455,4.26677185294961,4.2916934764118,4.33866311225443,4.3891829320855,4.40443475494895,4.42052117804979,4.52488838939365,4.59616702779214,4.61209852572834,4.64321833951029,4.72723238670634,4.79054634138167,4.80713889964553,4.84814279087576,4.89086396059641,4.91200990609985,4.97627822595476,4.99932040155999,5.02249560089867,5.08194332341201,5.11515593858883,5.15165983054157,5.16486127897201,5.18925619675959,5.20341219857142,5.21547597694389,5.2922550724343,5.32348204386903,5.35856744033573,5.36640630741286,5.3979852701611,5.44204693771413,5.48408697781795,5.52376845061939,5.56613189489922,5.58776416613743,5.62748191837552,5.67578620637772,5.68666954143495,5.728313519038,5.7676342228735,5.78173643765545,5.80948593318885,5.84048391594871,5.87197310066908,5.89910562818661,5.91172950389061,5.92899429424236,5.95007715660119,6.00018542935262,6.0276383615179,6.05431774895112,6.06962961273339,6.10241089219373,6.1275765384626,6.1394423008693,6.21615448621245,6.25191285528764,6.28092502847409,6.30887943126096,6.32726443039425,6.35270297222206,6.35965334808573,6.37677383021384,6.41225029063469,6.43541855343961,6.45445740340373,6.49302593404207,6.5358596578075,6.57369158022344,6.59082636436405,6.60358681733399,6.69760224260584,6.72705601554176,6.75570566423893,6.78783141629839,6.79328368862436,6.80660689508719,6.84555210795562,6.86161873140901,6.87426282176874,6.89146908906208,6.91704941526139,6.92864888364139,6.95466725539434,6.98083597823362,7.01589111969996,7.02437234630704,7.04035918457861,7.05870189979169,7.08997047524431,7.12125788036255,7.16429015361132,7.19667950915095,7.22256425129764,7.24016577613383,7.25513390971702,7.28036507548609,7.30959598981845,7.3232713339237,7.33701409789519,7.34858365358189,7.36296071546765,7.40124214662562,7.43923703129822,7.4537030360886,7.46158614564911,7.50778920642158,7.53222670350424,7.56094693693893,7.57983252537704,7.6145032983216,7.63522889135672,7.6470861896269,7.65631599645649,7.6970627830359,7.70102905400043,7.71963590349295,7.74153972909809,7.77797124445321,7.82177225336748,7.84347229824996,7.84679410783579,7.87955643784238,7.89780026764671,7.92947709607796,7.9682678967651,7.97333083657065,8.00744417549991,8.03910681602055,8.04543746394263,8.08894723799586,8.13958815368642,8.1475347242885,8.16752168559746,8.19328982706913,8.20383241617795,8.25532978874822,8.2757287171297,8.31147636657156,8.32118410442141,8.35862346453238,8.37231956686656,8.39118621202842,8.42156858121305,8.448736383092,8.45454134675519,8.49377977008645,8.50944722858073,8.54218226135062,8.56026480528849,8.59433271016928,8.60715878930884,8.64568657902878,8.65792231236452,8.68018926397816,8.7019850717732,8.73116176512798,8.75274580754737,8.77780307075409,8.79945767948957,8.8377041408143,8.86597069975798,8.88393823512045,8.92567007624123,8.96796138663015,8.97234494095595,9.02637874676251,9.05378173990122,9.08952473147111,9.10076471622394,9.14674722124699,9.18990269319063,9.21255514498445,9.2382570703458,9.24288438872598,9.27641517971976,9.30122701712273,9.31433849385033,9.36180268017444,9.39598301994846,9.43200314153221,9.44485100821052,9.47208280860898,9.50305565858083,9.55830656242166,9.58518922206513,9.60521318339891,9.6443605995228,9.67662180227753,9.70809610971786,9.73747088739477,9.778218661893,9.79409572079191,9.8540790015887,9.88244456871281,9.93005823141949,9.95132138289627,9.97293159613814,9.98994976564905,10.0174237707245,10.0568444141403,10.085759499666,10.1116439176243,10.13716663545,10.2088089256633,10.230034529285,10.2598478661287,10.2774263727803,10.2872101620424,10.3210860423914,10.3440458102298,10.3965368844187,10.41248480821,10.4638960102026,10.4916354713106,10.5106730161072,10.5290866033855,10.593907822748,10.6360567220812,10.6601333843442,10.6843374467243,10.7313253495371,10.8246583394885,10.8538355878974,10.8720694941213,10.9099876064889,10.9416767474147,11.0155924391561,11.0374606563941,11.0590520678948,11.1057167662389,11.1301699147648,11.1418093252573,11.1770734698683,11.1960160400594,11.2735042984296,11.3368430026265,11.3537622262993,11.3882832254628,11.4462830005939,11.4837473233697,11.5149036896078,11.5482102696044,11.5624584187873,11.5945863825417,11.6791479612584,11.6977590090398,11.7417290433406,11.7795796315251,11.8045051418904,11.827369976603,11.883017027488,11.9113696748087,11.9860543507827,12.0029089363878,12.0527662233693,12.1175890938424,12.1272978389298,12.1915357194127,12.2411860930662,12.2725008459189,12.29617335625,12.3136401607564,12.3860955978477,12.4119814094156,12.4178875112369,12.4695331811407,12.4872337190471,12.5798257458128,12.5966778818879,12.6488259119573,12.6887641343602,12.7115116740957,12.7666853344686,12.8505853008651,12.8776053270983,12.8826237868656,12.9155995378605,12.9361618507731,13.0116521339865,13.0381581624421,13.0688112839155,13.1097413539399,13.1199624496178,13.1891560560969,13.2480147748237,13.2868295060705,13.3285153470353,13.3879966475835,13.4584375317429,13.472298904974,13.4965668244652,13.531813188759,13.5722835015481,13.5929395478974,13.6417868884577,13.6896314870111,13.7467480773106,13.7851182504142,13.8209246609102,13.851493176362,13.9107154997606,13.9540658721593,14.0290333937496,14.0537622879499,14.1218973068784,14.1333312437929,14.2015043889041,14.2067724240719,14.2114131199797,14.3184281229716,14.3761964049114,14.4336216171758,14.4656412371511,14.5333848390127,14.6005593214217,14.6535262603753,14.6835703147492,14.6981065728916,14.8013410718132,14.8200893397333,14.8656875463991,14.9738411320813,15.0562772549892,15.1768675688204,15.1885371334329,15.2206734741177,15.3402451385337,15.3612210598232,15.3912561499806,15.5157882373665,15.5755265375171,15.6177368658212,15.6852882914286,15.7172953302685,15.8426075503744,15.9346720707258,15.9591080176715,16.1330549754384,16.180176324609,16.21787613518,16.3410003407713,16.4662595874782,16.5722160420487,16.6015801035687,16.7409075019217,16.8158656988751,16.8337750171877,17.0164007812944,17.1339819712841,17.2874182037745,17.4812629891157,17.8919011191431,17.9819351537147,18.0700475337531,18.203024927745,18.3044063392416,18.4320667559792,18.6097275092413,18.9238410494564,18.9534759386616,19.1251549605007,19.3803590759614,19.5732951328525,19.7403827327247,20.0509821182117,20.20645062152,20.6175680085538,20.99641654593,21.4063364113265,23.2438366038252,NA,NA,NA,NA,NA,NA,NA,NA,NA,NA,NA,NA,NA,NA,NA,NA,NA,NA,NA,NA,NA,NA,NA,NA,NA,NA,NA,NA,NA,NA,NA,NA,NA,NA,NA,NA,NA,NA,NA,NA,NA,NA,NA,NA,NA,NA,NA,NA
0.557092252190627,0.663896648671137,0.863498958638505,1.02661128406125,1.10998429463066,1.36287135136453,1.44717035196537,1.50892136006343,1.59961609766011,1.72470106994239,1.80370307868105,1.84940914429557,1.85643779671505,1.97761307435819,2.24711101178175,2.25854238837317,2.33499926644372,2.38980980903283,2.47805425593076,2.57991367307421,2.67807468525463,2.71769953891735,2.82267892499847,2.85182444908157,2.89852801786611,2.98110838261533,3.08088402820952,3.12535398921445,3.16353529274562,3.19396296687732,3.28541134826561,3.34495982775057,3.38760039941316,3.45684345644576,3.50902348133849,3.52269479400818,3.61240941273727,3.65564971114062,3.76547026451117,3.81309338714697,3.86342101406709,3.90518150272079,3.95365516735965,3.99642095359109,4.09474788670665,4.11049863970573,4.21825264473212,4.24922538406455,4.26677185294961,4.2916934764118,4.33866311225443,4.3891829320855,4.40443475494895,4.42052117804979,4.52488838939365,4.59616702779214,4.61209852572834,4.64321833951029,4.72723238670634,4.79054634138167,4.80713889964553,4.84814279087576,4.89086396059641,4.91200990609985,4.97627822595476,4.99932040155999,5.02249560089867,5.08194332341201,5.11515593858883,5.15165983054157,5.16486127897201,5.18925619675959,5.20341219857142,5.21547597694389,5.2922550724343,5.32348204386903,5.35856744033573,5.36640630741286,5.3979852701611,5.44204693771413,5.48408697781795,5.52376845061939,5.56613189489922,5.58776416613743,5.62748191837552,5.67578620637772,5.68666954143495,5.728313519038,5.7676342228735,5.78173643765545,5.80948593318885,5.84048391594871,5.87197310066908,5.89910562818661,5.91172950389061,5.92899429424236,5.95007715660119,6.00018542935262,6.0276383615179,6.05431774895112,6.06962961273339,6.10241089219373,6.1275765384626,6.1394423008693,6.21615448621245,6.25191285528764,6.28092502847409,6.30887943126096,6.32726443039425,6.35270297222206,6.35965334808573,6.37677383021384,6.41225029063469,6.43541855343961,6.45445740340373,6.49302593404207,6.5358596578075,6.57369158022344,6.59082636436405,6.60358681733399,6.69760224260584,6.72705601554176,6.75570566423893,6.78783141629839,6.79328368862436,6.80660689508719,6.84555210795562,6.86161873140901,6.87426282176874,6.89146908906208,6.91704941526139,6.92864888364139,6.95466725539434,6.98083597823362,7.01589111969996,7.02437234630704,7.04035918457861,7.05870189979169,7.08997047524431,7.12125788036255,7.16429015361132,7.19667950915095,7.22256425129764,7.24016577613383,7.25513390971702,7.28036507548609,7.30959598981845,7.3232713339237,7.33701409789519,7.34858365358189,7.36296071546765,7.40124214662562,7.43923703129822,7.4537030360886,7.46158614564911,7.50778920642158,7.53222670350424,7.56094693693893,7.57983252537704,7.6145032983216,7.63522889135672,7.6470861896269,7.65631599645649,7.6970627830359,7.70102905400043,7.71963590349295,7.74153972909809,7.77797124445321,7.82177225336748,7.84347229824996,7.84679410783579,7.87955643784238,7.89780026764671,7.92947709607796,7.9682678967651,7.97333083657065,8.00744417549991,8.03910681602055,8.04543746394263,8.08894723799586,8.13958815368642,8.1475347242885,8.16752168559746,8.19328982706913,8.20383241617795,8.25532978874822,8.2757287171297,8.31147636657156,8.32118410442141,8.35862346453238,8.37231956686656,8.39118621202842,8.42156858121305,8.448736383092,8.45454134675519,8.49377977008645,8.50944722858073,8.54218226135062,8.56026480528849,8.59433271016928,8.60715878930884,8.64568657902878,8.65792231236452,8.68018926397816,8.7019850717732,8.73116176512798,8.75274580754737,8.77780307075409,8.79945767948957,8.8377041408143,8.86597069975798,8.88393823512045,8.92567007624123,8.96796138663015,8.97234494095595,9.02637874676251,9.05378173990122,9.08952473147111,9.10076471622394,9.14674722124699,9.18990269319063,9.21255514498445,9.2382570703458,9.24288438872598,9.27641517971976,9.30122701712273,9.31433849385033,9.36180268017444,9.39598301994846,9.43200314153221,9.44485100821052,9.47208280860898,9.50305565858083,9.55830656242166,9.58518922206513,9.60521318339891,9.6443605995228,9.67662180227753,9.70809610971786,9.73747088739477,9.778218661893,9.79409572079191,9.8540790015887,9.88244456871281,9.93005823141949,9.95132138289627,9.97293159613814,9.98994976564905,10.0174237707245,10.0568444141403,10.085759499666,10.1116439176243,10.13716663545,10.2088089256633,10.230034529285,10.2598478661287,10.2774263727803,10.2872101620424,10.3210860423914,10.3440458102298,10.3965368844187,10.41248480821,10.4638960102026,10.4916354713106,10.5106730161072,10.5290866033855,10.593907822748,10.6360567220812,10.6601333843442,10.6843374467243,10.7313253495371,10.8246583394885,10.8538355878974,10.8720694941213,10.9099876064889,10.9416767474147,11.0155924391561,11.0374606563941,11.0590520678948,11.1057167662389,11.1301699147648,11.1418093252573,11.1770734698683,11.1960160400594,11.2735042984296,11.3368430026265,11.3537622262993,11.3882832254628,11.4462830005939,11.4837473233697,11.5149036896078,11.5482102696044,11.5624584187873,11.5945863825417,11.6791479612584,11.6977590090398,11.7417290433406,11.7795796315251,11.8045051418904,11.827369976603,11.883017027488,11.9113696748087,11.9860543507827,12.0029089363878,12.0527662233693,12.1175890938424,12.1272978389298,12.1915357194127,12.2411860930662,12.2725008459189,12.29617335625,12.3136401607564,12.3860955978477,12.4119814094156,12.4178875112369,12.4695331811407,12.4872337190471,12.5798257458128,12.5966778818879,12.6488259119573,12.6887641343602,12.7115116740957,12.7666853344686,12.8505853008651,12.8776053270983,12.8826237868656,12.9155995378605,12.9361618507731,13.0116521339865,13.0381581624421,13.0688112839155,13.1097413539399,13.1199624496178,13.1891560560969,13.2480147748237,13.2868295060705,13.3285153470353,13.3879966475835,13.4584375317429,13.472298904974,13.4965668244652,13.531813188759,13.5722835015481,13.5929395478974,13.6417868884577,13.6896314870111,13.7467480773106,13.7851182504142,13.8209246609102,13.851493176362,13.9107154997606,13.9540658721593,14.0290333937496,14.0537622879499,14.1218973068784,14.1333312437929,14.2015043889041,14.2067724240719,14.2114131199797,14.3184281229716,14.3761964049114,14.4336216171758,14.4656412371511,14.5333848390127,14.6005593214217,14.6535262603753,14.6835703147492,14.6981065728916,14.8013410718132,14.8200893397333,14.8656875463991,14.9738411320813,15.0562772549892,15.1768675688204,15.1885371334329,15.2206734741177,15.3402451385337,15.3612210598232,15.3912561499806,15.5157882373665,15.5755265375171,15.6177368658212,15.6852882914286,15.7172953302685,15.8426075503744,15.9346720707258,15.9591080176715,16.1330549754384,16.180176324609,16.21787613518,16.3410003407713,16.4662595874782,16.5722160420487,16.6015801035687,16.7409075019217,16.8158656988751,16.8337750171877,17.0164007812944,17.1339819712841,17.2874182037745,17.4812629891157,17.8919011191431,17.9819351537147,18.0700475337531,18.203024927745,18.3044063392416,18.4320667559792,18.6097275092413,18.9238410494564,18.9534759386616,19.1251549605007,19.3803590759614,19.5732951328525,19.7403827327247,20.0509821182117,20.20645062152,20.6175680085538,20.99641654593,21.4063364113265,23.2438366038252,NA,NA,NA,NA,NA,NA,NA,NA,NA,NA,NA,NA,NA,NA,NA,NA,NA,NA,NA,NA,NA,NA,NA,NA,NA,NA,NA,NA,NA,NA,NA,NA,NA,NA,NA,NA,NA,NA,NA,NA,NA,NA,NA,NA,NA,NA,NA,NA
0.557092252190627,0.663896648671137,0.863498958638505,1.02661128406125,1.10998429463066,1.36287135136453,1.44717035196537,1.50892136006343,1.59961609766011,1.72470106994239,1.80370307868105,1.84940914429557,1.85643779671505,1.97761307435819,2.24711101178175,2.25854238837317,2.33499926644372,2.38980980903283,2.47805425593076,2.57991367307421,2.67807468525463,2.71769953891735,2.82267892499847,2.85182444908157,2.89852801786611,2.98110838261533,3.08088402820952,3.12535398921445,3.16353529274562,3.19396296687732,3.28541134826561,3.34495982775057,3.38760039941316,3.45684345644576,3.50902348133849,3.52269479400818,3.61240941273727,3.65564971114062,3.76547026451117,3.81309338714697,3.86342101406709,3.90518150272079,3.95365516735965,3.99642095359109,4.09474788670665,4.11049863970573,4.21825264473212,4.24922538406455,4.26677185294961,4.2916934764118,4.33866311225443,4.3891829320855,4.40443475494895,4.42052117804979,4.52488838939365,4.59616702779214,4.61209852572834,4.64321833951029,4.72723238670634,4.79054634138167,4.80713889964553,4.84814279087576,4.89086396059641,4.91200990609985,4.97627822595476,4.99932040155999,5.02249560089867,5.08194332341201,5.11515593858883,5.15165983054157,5.16486127897201,5.18925619675959,5.20341219857142,5.21547597694389,5.2922550724343,5.32348204386903,5.35856744033573,5.36640630741286,5.3979852701611,5.44204693771413,5.48408697781795,5.52376845061939,5.56613189489922,5.58776416613743,5.62748191837552,5.67578620637772,5.68666954143495,5.728313519038,5.7676342228735,5.78173643765545,5.80948593318885,5.84048391594871,5.87197310066908,5.89910562818661,5.91172950389061,5.92899429424236,5.95007715660119,6.00018542935262,6.0276383615179,6.05431774895112,6.06962961273339,6.10241089219373,6.1275765384626,6.1394423008693,6.21615448621245,6.25191285528764,6.28092502847409,6.30887943126096,6.32726443039425,6.35270297222206,6.35965334808573,6.37677383021384,6.41225029063469,6.43541855343961,6.45445740340373,6.49302593404207,6.5358596578075,6.57369158022344,6.59082636436405,6.60358681733399,6.69760224260584,6.72705601554176,6.75570566423893,6.78783141629839,6.79328368862436,6.80660689508719,6.84555210795562,6.86161873140901,6.87426282176874,6.89146908906208,6.91704941526139,6.92864888364139,6.95466725539434,6.98083597823362,7.01589111969996,7.02437234630704,7.04035918457861,7.05870189979169,7.08997047524431,7.12125788036255,7.16429015361132,7.19667950915095,7.22256425129764,7.24016577613383,7.25513390971702,7.28036507548609,7.30959598981845,7.3232713339237,7.33701409789519,7.34858365358189,7.36296071546765,7.40124214662562,7.43923703129822,7.4537030360886,7.46158614564911,7.50778920642158,7.53222670350424,7.56094693693893,7.57983252537704,7.6145032983216,7.63522889135672,7.6470861896269,7.65631599645649,7.6970627830359,7.70102905400043,7.71963590349295,7.74153972909809,7.77797124445321,7.82177225336748,7.84347229824996,7.84679410783579,7.87955643784238,7.89780026764671,7.92947709607796,7.9682678967651,7.97333083657065,8.00744417549991,8.03910681602055,8.04543746394263,8.08894723799586,8.13958815368642,8.1475347242885,8.16752168559746,8.19328982706913,8.20383241617795,8.25532978874822,8.2757287171297,8.31147636657156,8.32118410442141,8.35862346453238,8.37231956686656,8.39118621202842,8.42156858121305,8.448736383092,8.45454134675519,8.49377977008645,8.50944722858073,8.54218226135062,8.56026480528849,8.59433271016928,8.60715878930884,8.64568657902878,8.65792231236452,8.68018926397816,8.7019850717732,8.73116176512798,8.75274580754737,8.77780307075409,8.79945767948957,8.8377041408143,8.86597069975798,8.88393823512045,8.92567007624123,8.96796138663015,8.97234494095595,9.02637874676251,9.05378173990122,9.08952473147111,9.10076471622394,9.14674722124699,9.18990269319063,9.21255514498445,9.2382570703458,9.24288438872598,9.27641517971976,9.30122701712273,9.31433849385033,9.36180268017444,9.39598301994846,9.43200314153221,9.44485100821052,9.47208280860898,9.50305565858083,9.55830656242166,9.58518922206513,9.60521318339891,9.6443605995228,9.67662180227753,9.70809610971786,9.73747088739477,9.778218661893,9.79409572079191,9.8540790015887,9.88244456871281,9.93005823141949,9.95132138289627,9.97293159613814,9.98994976564905,10.0174237707245,10.0568444141403,10.085759499666,10.1116439176243,10.13716663545,10.2088089256633,10.230034529285,10.2598478661287,10.2774263727803,10.2872101620424,10.3210860423914,10.3440458102298,10.3965368844187,10.41248480821,10.4638960102026,10.4916354713106,10.5106730161072,10.5290866033855,10.593907822748,10.6360567220812,10.6601333843442,10.6843374467243,10.7313253495371,10.8246583394885,10.8538355878974,10.8720694941213,10.9099876064889,10.9416767474147,11.0155924391561,11.0374606563941,11.0590520678948,11.1057167662389,11.1301699147648,11.1418093252573,11.1770734698683,11.1960160400594,11.2735042984296,11.3368430026265,11.3537622262993,11.3882832254628,11.4462830005939,11.4837473233697,11.5149036896078,11.5482102696044,11.5624584187873,11.5945863825417,11.6791479612584,11.6977590090398,11.7417290433406,11.7795796315251,11.8045051418904,11.827369976603,11.883017027488,11.9113696748087,11.9860543507827,12.0029089363878,12.0527662233693,12.1175890938424,12.1272978389298,12.1915357194127,12.2411860930662,12.2725008459189,12.29617335625,12.3136401607564,12.3860955978477,12.4119814094156,12.4178875112369,12.4695331811407,12.4872337190471,12.5798257458128,12.5966778818879,12.6488259119573,12.6887641343602,12.7115116740957,12.7666853344686,12.8505853008651,12.8776053270983,12.8826237868656,12.9155995378605,12.9361618507731,13.0116521339865,13.0381581624421,13.0688112839155,13.1097413539399,13.1199624496178,13.1891560560969,13.2480147748237,13.2868295060705,13.3285153470353,13.3879966475835,13.4584375317429,13.472298904974,13.4965668244652,13.531813188759,13.5722835015481,13.5929395478974,13.6417868884577,13.6896314870111,13.7467480773106,13.7851182504142,13.8209246609102,13.851493176362,13.9107154997606,13.9540658721593,14.0290333937496,14.0537622879499,14.1218973068784,14.1333312437929,14.2015043889041,14.2067724240719,14.2114131199797,14.3184281229716,14.3761964049114,14.4336216171758,14.4656412371511,14.5333848390127,14.6005593214217,14.6535262603753,14.6835703147492,14.6981065728916,14.8013410718132,14.8200893397333,14.8656875463991,14.9738411320813,15.0562772549892,15.1768675688204,15.1885371334329,15.2206734741177,15.3402451385337,15.3612210598232,15.3912561499806,15.5157882373665,15.5755265375171,15.6177368658212,15.6852882914286,15.7172953302685,15.8426075503744,15.9346720707258,15.9591080176715,16.1330549754384,16.180176324609,16.21787613518,16.3410003407713,16.4662595874782,16.5722160420487,16.6015801035687,16.7409075019217,16.8158656988751,16.8337750171877,17.0164007812944,17.1339819712841,17.2874182037745,17.4812629891157,17.8919011191431,17.9819351537147,18.0700475337531,18.203024927745,18.3044063392416,18.4320667559792,18.6097275092413,18.9238410494564,18.9534759386616,19.1251549605007,19.3803590759614,19.5732951328525,19.7403827327247,20.0509821182117,20.20645062152,20.6175680085538,20.99641654593,21.4063364113265,23.2438366038252,NA,NA,NA,NA,NA,NA,NA,NA,NA,NA,NA,NA,NA,NA,NA,NA,NA,NA,NA,NA,NA,NA,NA,NA,NA,NA,NA,NA,NA,NA,NA,NA,NA,NA,NA,NA,NA,NA,NA,NA,NA,NA,NA,NA,NA,NA,NA,NA
0.557092252190627,0.663896648671137,0.863498958638505,1.02661128406125,1.10998429463066,1.36287135136453,1.44717035196537,1.50892136006343,1.59961609766011,1.72470106994239,1.80370307868105,1.84940914429557,1.85643779671505,1.97761307435819,2.24711101178175,2.25854238837317,2.33499926644372,2.38980980903283,2.47805425593076,2.57991367307421,2.67807468525463,2.71769953891735,2.82267892499847,2.85182444908157,2.89852801786611,2.98110838261533,3.08088402820952,3.12535398921445,3.16353529274562,3.19396296687732,3.28541134826561,3.34495982775057,3.38760039941316,3.45684345644576,3.50902348133849,3.52269479400818,3.61240941273727,3.65564971114062,3.76547026451117,3.81309338714697,3.86342101406709,3.90518150272079,3.95365516735965,3.99642095359109,4.09474788670665,4.11049863970573,4.21825264473212,4.24922538406455,4.26677185294961,4.2916934764118,4.33866311225443,4.3891829320855,4.40443475494895,4.42052117804979,4.52488838939365,4.59616702779214,4.61209852572834,4.64321833951029,4.72723238670634,4.79054634138167,4.80713889964553,4.84814279087576,4.89086396059641,4.91200990609985,4.97627822595476,4.99932040155999,5.02249560089867,5.08194332341201,5.11515593858883,5.15165983054157,5.16486127897201,5.18925619675959,5.20341219857142,5.21547597694389,5.2922550724343,5.32348204386903,5.35856744033573,5.36640630741286,5.3979852701611,5.44204693771413,5.48408697781795,5.52376845061939,5.56613189489922,5.58776416613743,5.62748191837552,5.67578620637772,5.68666954143495,5.728313519038,5.7676342228735,5.78173643765545,5.80948593318885,5.84048391594871,5.87197310066908,5.89910562818661,5.91172950389061,5.92899429424236,5.95007715660119,6.00018542935262,6.0276383615179,6.05431774895112,6.06962961273339,6.10241089219373,6.1275765384626,6.1394423008693,6.21615448621245,6.25191285528764,6.28092502847409,6.30887943126096,6.32726443039425,6.35270297222206,6.35965334808573,6.37677383021384,6.41225029063469,6.43541855343961,6.45445740340373,6.49302593404207,6.5358596578075,6.57369158022344,6.59082636436405,6.60358681733399,6.69760224260584,6.72705601554176,6.75570566423893,6.78783141629839,6.79328368862436,6.80660689508719,6.84555210795562,6.86161873140901,6.87426282176874,6.89146908906208,6.91704941526139,6.92864888364139,6.95466725539434,6.98083597823362,7.01589111969996,7.02437234630704,7.04035918457861,7.05870189979169,7.08997047524431,7.12125788036255,7.16429015361132,7.19667950915095,7.22256425129764,7.24016577613383,7.25513390971702,7.28036507548609,7.30959598981845,7.3232713339237,7.33701409789519,7.34858365358189,7.36296071546765,7.40124214662562,7.43923703129822,7.4537030360886,7.46158614564911,7.50778920642158,7.53222670350424,7.56094693693893,7.57983252537704,7.6145032983216,7.63522889135672,7.6470861896269,7.65631599645649,7.6970627830359,7.70102905400043,7.71963590349295,7.74153972909809,7.77797124445321,7.82177225336748,7.84347229824996,7.84679410783579,7.87955643784238,7.89780026764671,7.92947709607796,7.9682678967651,7.97333083657065,8.00744417549991,8.03910681602055,8.04543746394263,8.08894723799586,8.13958815368642,8.1475347242885,8.16752168559746,8.19328982706913,8.20383241617795,8.25532978874822,8.2757287171297,8.31147636657156,8.32118410442141,8.35862346453238,8.37231956686656,8.39118621202842,8.42156858121305,8.448736383092,8.45454134675519,8.49377977008645,8.50944722858073,8.54218226135062,8.56026480528849,8.59433271016928,8.60715878930884,8.64568657902878,8.65792231236452,8.68018926397816,8.7019850717732,8.73116176512798,8.75274580754737,8.77780307075409,8.79945767948957,8.8377041408143,8.86597069975798,8.88393823512045,8.92567007624123,8.96796138663015,8.97234494095595,9.02637874676251,9.05378173990122,9.08952473147111,9.10076471622394,9.14674722124699,9.18990269319063,9.21255514498445,9.2382570703458,9.24288438872598,9.27641517971976,9.30122701712273,9.31433849385033,9.36180268017444,9.39598301994846,9.43200314153221,9.44485100821052,9.47208280860898,9.50305565858083,9.55830656242166,9.58518922206513,9.60521318339891,9.6443605995228,9.67662180227753,9.70809610971786,9.73747088739477,9.778218661893,9.79409572079191,9.8540790015887,9.88244456871281,9.93005823141949,9.95132138289627,9.97293159613814,9.98994976564905,10.0174237707245,10.0568444141403,10.085759499666,10.1116439176243,10.13716663545,10.2088089256633,10.230034529285,10.2598478661287,10.2774263727803,10.2872101620424,10.3210860423914,10.3440458102298,10.3965368844187,10.41248480821,10.4638960102026,10.4916354713106,10.5106730161072,10.5290866033855,10.593907822748,10.6360567220812,10.6601333843442,10.6843374467243,10.7313253495371,10.8246583394885,10.8538355878974,10.8720694941213,10.9099876064889,10.9416767474147,11.0155924391561,11.0374606563941,11.0590520678948,11.1057167662389,11.1301699147648,11.1418093252573,11.1770734698683,11.1960160400594,11.2735042984296,11.3368430026265,11.3537622262993,11.3882832254628,11.4462830005939,11.4837473233697,11.5149036896078,11.5482102696044,11.5624584187873,11.5945863825417,11.6791479612584,11.6977590090398,11.7417290433406,11.7795796315251,11.8045051418904,11.827369976603,11.883017027488,11.9113696748087,11.9860543507827,12.0029089363878,12.0527662233693,12.1175890938424,12.1272978389298,12.1915357194127,12.2411860930662,12.2725008459189,12.29617335625,12.3136401607564,12.3860955978477,12.4119814094156,12.4178875112369,12.4695331811407,12.4872337190471,12.5798257458128,12.5966778818879,12.6488259119573,12.6887641343602,12.7115116740957,12.7666853344686,12.8505853008651,12.8776053270983,12.8826237868656,12.9155995378605,12.9361618507731,13.0116521339865,13.0381581624421,13.0688112839155,13.1097413539399,13.1199624496178,13.1891560560969,13.2480147748237,13.2868295060705,13.3285153470353,13.3879966475835,13.4584375317429,13.472298904974,13.4965668244652,13.531813188759,13.5722835015481,13.5929395478974,13.6417868884577,13.6896314870111,13.7467480773106,13.7851182504142,13.8209246609102,13.851493176362,13.9107154997606,13.9540658721593,14.0290333937496,14.0537622879499,14.1218973068784,14.1333312437929,14.2015043889041,14.2067724240719,14.2114131199797,14.3184281229716,14.3761964049114,14.4336216171758,14.4656412371511,14.5333848390127,14.6005593214217,14.6535262603753,14.6835703147492,14.6981065728916,14.8013410718132,14.8200893397333,14.8656875463991,14.9738411320813,15.0562772549892,15.1768675688204,15.1885371334329,15.2206734741177,15.3402451385337,15.3612210598232,15.3912561499806,15.5157882373665,15.5755265375171,15.6177368658212,15.6852882914286,15.7172953302685,15.8426075503744,15.9346720707258,15.9591080176715,16.1330549754384,16.180176324609,16.21787613518,16.3410003407713,16.4662595874782,16.5722160420487,16.6015801035687,16.7409075019217,16.8158656988751,16.8337750171877,17.0164007812944,17.1339819712841,17.2874182037745,17.4812629891157,17.8919011191431,17.9819351537147,18.0700475337531,18.203024927745,18.3044063392416,18.4320667559792,18.6097275092413,18.9238410494564,18.9534759386616,19.1251549605007,19.3803590759614,19.5732951328525,19.7403827327247,20.0509821182117,20.20645062152,20.6175680085538,20.99641654593,21.4063364113265,23.2438366038252,NA,NA,NA,NA,NA,NA,NA,NA,NA,NA,NA,NA,NA,NA,NA,NA,NA,NA,NA,NA,NA,NA,NA,NA,NA,NA,NA,NA,NA,NA,NA,NA,NA,NA,NA,NA,NA,NA,NA,NA,NA,NA,NA,NA,NA,NA,NA,NA
0.557092252190627,0.663896648671137,0.863498958638505,1.02661128406125,1.10998429463066,1.36287135136453,1.44717035196537,1.50892136006343,1.59961609766011,1.72470106994239,1.80370307868105,1.84940914429557,1.85643779671505,1.97761307435819,2.24711101178175,2.25854238837317,2.33499926644372,2.38980980903283,2.47805425593076,2.57991367307421,2.67807468525463,2.71769953891735,2.82267892499847,2.85182444908157,2.89852801786611,2.98110838261533,3.08088402820952,3.12535398921445,3.16353529274562,3.19396296687732,3.28541134826561,3.34495982775057,3.38760039941316,3.45684345644576,3.50902348133849,3.52269479400818,3.61240941273727,3.65564971114062,3.76547026451117,3.81309338714697,3.86342101406709,3.90518150272079,3.95365516735965,3.99642095359109,4.09474788670665,4.11049863970573,4.21825264473212,4.24922538406455,4.26677185294961,4.2916934764118,4.33866311225443,4.3891829320855,4.40443475494895,4.42052117804979,4.52488838939365,4.59616702779214,4.61209852572834,4.64321833951029,4.72723238670634,4.79054634138167,4.80713889964553,4.84814279087576,4.89086396059641,4.91200990609985,4.97627822595476,4.99932040155999,5.02249560089867,5.08194332341201,5.11515593858883,5.15165983054157,5.16486127897201,5.18925619675959,5.20341219857142,5.21547597694389,5.2922550724343,5.32348204386903,5.35856744033573,5.36640630741286,5.3979852701611,5.44204693771413,5.48408697781795,5.52376845061939,5.56613189489922,5.58776416613743,5.62748191837552,5.67578620637772,5.68666954143495,5.728313519038,5.7676342228735,5.78173643765545,5.80948593318885,5.84048391594871,5.87197310066908,5.89910562818661,5.91172950389061,5.92899429424236,5.95007715660119,6.00018542935262,6.0276383615179,6.05431774895112,6.06962961273339,6.10241089219373,6.1275765384626,6.1394423008693,6.21615448621245,6.25191285528764,6.28092502847409,6.30887943126096,6.32726443039425,6.35270297222206,6.35965334808573,6.37677383021384,6.41225029063469,6.43541855343961,6.45445740340373,6.49302593404207,6.5358596578075,6.57369158022344,6.59082636436405,6.60358681733399,6.69760224260584,6.72705601554176,6.75570566423893,6.78783141629839,6.79328368862436,6.80660689508719,6.84555210795562,6.86161873140901,6.87426282176874,6.89146908906208,6.91704941526139,6.92864888364139,6.95466725539434,6.98083597823362,7.01589111969996,7.02437234630704,7.04035918457861,7.05870189979169,7.08997047524431,7.12125788036255,7.16429015361132,7.19667950915095,7.22256425129764,7.24016577613383,7.25513390971702,7.28036507548609,7.30959598981845,7.3232713339237,7.33701409789519,7.34858365358189,7.36296071546765,7.40124214662562,7.43923703129822,7.4537030360886,7.46158614564911,7.50778920642158,7.53222670350424,7.56094693693893,7.57983252537704,7.6145032983216,7.63522889135672,7.6470861896269,7.65631599645649,7.6970627830359,7.70102905400043,7.71963590349295,7.74153972909809,7.77797124445321,7.82177225336748,7.84347229824996,7.84679410783579,7.87955643784238,7.89780026764671,7.92947709607796,7.9682678967651,7.97333083657065,8.00744417549991,8.03910681602055,8.04543746394263,8.08894723799586,8.13958815368642,8.1475347242885,8.16752168559746,8.19328982706913,8.20383241617795,8.25532978874822,8.2757287171297,8.31147636657156,8.32118410442141,8.35862346453238,8.37231956686656,8.39118621202842,8.42156858121305,8.448736383092,8.45454134675519,8.49377977008645,8.50944722858073,8.54218226135062,8.56026480528849,8.59433271016928,8.60715878930884,8.64568657902878,8.65792231236452,8.68018926397816,8.7019850717732,8.73116176512798,8.75274580754737,8.77780307075409,8.79945767948957,8.8377041408143,8.86597069975798,8.88393823512045,8.92567007624123,8.96796138663015,8.97234494095595,9.02637874676251,9.05378173990122,9.08952473147111,9.10076471622394,9.14674722124699,9.18990269319063,9.21255514498445,9.2382570703458,9.24288438872598,9.27641517971976,9.30122701712273,9.31433849385033,9.36180268017444,9.39598301994846,9.43200314153221,9.44485100821052,9.47208280860898,9.50305565858083,9.55830656242166,9.58518922206513,9.60521318339891,9.6443605995228,9.67662180227753,9.70809610971786,9.73747088739477,9.778218661893,9.79409572079191,9.8540790015887,9.88244456871281,9.93005823141949,9.95132138289627,9.97293159613814,9.98994976564905,10.0174237707245,10.0568444141403,10.085759499666,10.1116439176243,10.13716663545,10.2088089256633,10.230034529285,10.2598478661287,10.2774263727803,10.2872101620424,10.3210860423914,10.3440458102298,10.3965368844187,10.41248480821,10.4638960102026,10.4916354713106,10.5106730161072,10.5290866033855,10.593907822748,10.6360567220812,10.6601333843442,10.6843374467243,10.7313253495371,10.8246583394885,10.8538355878974,10.8720694941213,10.9099876064889,10.9416767474147,11.0155924391561,11.0374606563941,11.0590520678948,11.1057167662389,11.1301699147648,11.1418093252573,11.1770734698683,11.1960160400594,11.2735042984296,11.3368430026265,11.3537622262993,11.3882832254628,11.4462830005939,11.4837473233697,11.5149036896078,11.5482102696044,11.5624584187873,11.5945863825417,11.6791479612584,11.6977590090398,11.7417290433406,11.7795796315251,11.8045051418904,11.827369976603,11.883017027488,11.9113696748087,11.9860543507827,12.0029089363878,12.0527662233693,12.1175890938424,12.1272978389298,12.1915357194127,12.2411860930662,12.2725008459189,12.29617335625,12.3136401607564,12.3860955978477,12.4119814094156,12.4178875112369,12.4695331811407,12.4872337190471,12.5798257458128,12.5966778818879,12.6488259119573,12.6887641343602,12.7115116740957,12.7666853344686,12.8505853008651,12.8776053270983,12.8826237868656,12.9155995378605,12.9361618507731,13.0116521339865,13.0381581624421,13.0688112839155,13.1097413539399,13.1199624496178,13.1891560560969,13.2480147748237,13.2868295060705,13.3285153470353,13.3879966475835,13.4584375317429,13.472298904974,13.4965668244652,13.531813188759,13.5722835015481,13.5929395478974,13.6417868884577,13.6896314870111,13.7467480773106,13.7851182504142,13.8209246609102,13.851493176362,13.9107154997606,13.9540658721593,14.0290333937496,14.0537622879499,14.1218973068784,14.1333312437929,14.2015043889041,14.2067724240719,14.2114131199797,14.3184281229716,14.3761964049114,14.4336216171758,14.4656412371511,14.5333848390127,14.6005593214217,14.6535262603753,14.6835703147492,14.6981065728916,14.8013410718132,14.8200893397333,14.8656875463991,14.9738411320813,15.0562772549892,15.1768675688204,15.1885371334329,15.2206734741177,15.3402451385337,15.3612210598232,15.3912561499806,15.5157882373665,15.5755265375171,15.6177368658212,15.6852882914286,15.7172953302685,15.8426075503744,15.9346720707258,15.9591080176715,16.1330549754384,16.180176324609,16.21787613518,16.3410003407713,16.4662595874782,16.5722160420487,16.6015801035687,16.7409075019217,16.8158656988751,16.8337750171877,17.0164007812944,17.1339819712841,17.2874182037745,17.4812629891157,17.8919011191431,17.9819351537147,18.0700475337531,18.203024927745,18.3044063392416,18.4320667559792,18.6097275092413,18.9238410494564,18.9534759386616,19.1251549605007,19.3803590759614,19.5732951328525,19.7403827327247,20.0509821182117,20.20645062152,20.6175680085538,20.99641654593,21.4063364113265,23.2438366038252,NA,NA,NA,NA,NA,NA,NA,NA,NA,NA,NA,NA,NA,NA,NA,NA,NA,NA,NA,NA,NA,NA,NA,NA,NA,NA,NA,NA,NA,NA,NA,NA,NA,NA,NA,NA,NA,NA,NA,NA,NA,NA,NA,NA,NA,NA,NA,NA
0.557092252190627,0.663896648671137,0.863498958638505,1.02661128406125,1.10998429463066,1.36287135136453,1.44717035196537,1.50892136006343,1.59961609766011,1.72470106994239,1.80370307868105,1.84940914429557,1.85643779671505,1.97761307435819,2.24711101178175,2.25854238837317,2.33499926644372,2.38980980903283,2.47805425593076,2.57991367307421,2.67807468525463,2.71769953891735,2.82267892499847,2.85182444908157,2.89852801786611,2.98110838261533,3.08088402820952,3.12535398921445,3.16353529274562,3.19396296687732,3.28541134826561,3.34495982775057,3.38760039941316,3.45684345644576,3.50902348133849,3.52269479400818,3.61240941273727,3.65564971114062,3.76547026451117,3.81309338714697,3.86342101406709,3.90518150272079,3.95365516735965,3.99642095359109,4.09474788670665,4.11049863970573,4.21825264473212,4.24922538406455,4.26677185294961,4.2916934764118,4.33866311225443,4.3891829320855,4.40443475494895,4.42052117804979,4.52488838939365,4.59616702779214,4.61209852572834,4.64321833951029,4.72723238670634,4.79054634138167,4.80713889964553,4.84814279087576,4.89086396059641,4.91200990609985,4.97627822595476,4.99932040155999,5.02249560089867,5.08194332341201,5.11515593858883,5.15165983054157,5.16486127897201,5.18925619675959,5.20341219857142,5.21547597694389,5.2922550724343,5.32348204386903,5.35856744033573,5.36640630741286,5.3979852701611,5.44204693771413,5.48408697781795,5.52376845061939,5.56613189489922,5.58776416613743,5.62748191837552,5.67578620637772,5.68666954143495,5.728313519038,5.7676342228735,5.78173643765545,5.80948593318885,5.84048391594871,5.87197310066908,5.89910562818661,5.91172950389061,5.92899429424236,5.95007715660119,6.00018542935262,6.0276383615179,6.05431774895112,6.06962961273339,6.10241089219373,6.1275765384626,6.1394423008693,6.21615448621245,6.25191285528764,6.28092502847409,6.30887943126096,6.32726443039425,6.35270297222206,6.35965334808573,6.37677383021384,6.41225029063469,6.43541855343961,6.45445740340373,6.49302593404207,6.5358596578075,6.57369158022344,6.59082636436405,6.60358681733399,6.69760224260584,6.72705601554176,6.75570566423893,6.78783141629839,6.79328368862436,6.80660689508719,6.84555210795562,6.86161873140901,6.87426282176874,6.89146908906208,6.91704941526139,6.92864888364139,6.95466725539434,6.98083597823362,7.01589111969996,7.02437234630704,7.04035918457861,7.05870189979169,7.08997047524431,7.12125788036255,7.16429015361132,7.19667950915095,7.22256425129764,7.24016577613383,7.25513390971702,7.28036507548609,7.30959598981845,7.3232713339237,7.33701409789519,7.34858365358189,7.36296071546765,7.40124214662562,7.43923703129822,7.4537030360886,7.46158614564911,7.50778920642158,7.53222670350424,7.56094693693893,7.57983252537704,7.6145032983216,7.63522889135672,7.6470861896269,7.65631599645649,7.6970627830359,7.70102905400043,7.71963590349295,7.74153972909809,7.77797124445321,7.82177225336748,7.84347229824996,7.84679410783579,7.87955643784238,7.89780026764671,7.92947709607796,7.9682678967651,7.97333083657065,8.00744417549991,8.03910681602055,8.04543746394263,8.08894723799586,8.13958815368642,8.1475347242885,8.16752168559746,8.19328982706913,8.20383241617795,8.25532978874822,8.2757287171297,8.31147636657156,8.32118410442141,8.35862346453238,8.37231956686656,8.39118621202842,8.42156858121305,8.448736383092,8.45454134675519,8.49377977008645,8.50944722858073,8.54218226135062,8.56026480528849,8.59433271016928,8.60715878930884,8.64568657902878,8.65792231236452,8.68018926397816,8.7019850717732,8.73116176512798,8.75274580754737,8.77780307075409,8.79945767948957,8.8377041408143,8.86597069975798,8.88393823512045,8.92567007624123,8.96796138663015,8.97234494095595,9.02637874676251,9.05378173990122,9.08952473147111,9.10076471622394,9.14674722124699,9.18990269319063,9.21255514498445,9.2382570703458,9.24288438872598,9.27641517971976,9.30122701712273,9.31433849385033,9.36180268017444,9.39598301994846,9.43200314153221,9.44485100821052,9.47208280860898,9.50305565858083,9.55830656242166,9.58518922206513,9.60521318339891,9.6443605995228,9.67662180227753,9.70809610971786,9.73747088739477,9.778218661893,9.79409572079191,9.8540790015887,9.88244456871281,9.93005823141949,9.95132138289627,9.97293159613814,9.98994976564905,10.0174237707245,10.0568444141403,10.085759499666,10.1116439176243,10.13716663545,10.2088089256633,10.230034529285,10.2598478661287,10.2774263727803,10.2872101620424,10.3210860423914,10.3440458102298,10.3965368844187,10.41248480821,10.4638960102026,10.4916354713106,10.5106730161072,10.5290866033855,10.593907822748,10.6360567220812,10.6601333843442,10.6843374467243,10.7313253495371,10.8246583394885,10.8538355878974,10.8720694941213,10.9099876064889,10.9416767474147,11.0155924391561,11.0374606563941,11.0590520678948,11.1057167662389,11.1301699147648,11.1418093252573,11.1770734698683,11.1960160400594,11.2735042984296,11.3368430026265,11.3537622262993,11.3882832254628,11.4462830005939,11.4837473233697,11.5149036896078,11.5482102696044,11.5624584187873,11.5945863825417,11.6791479612584,11.6977590090398,11.7417290433406,11.7795796315251,11.8045051418904,11.827369976603,11.883017027488,11.9113696748087,11.9860543507827,12.0029089363878,12.0527662233693,12.1175890938424,12.1272978389298,12.1915357194127,12.2411860930662,12.2725008459189,12.29617335625,12.3136401607564,12.3860955978477,12.4119814094156,12.4178875112369,12.4695331811407,12.4872337190471,12.5798257458128,12.5966778818879,12.6488259119573,12.6887641343602,12.7115116740957,12.7666853344686,12.8505853008651,12.8776053270983,12.8826237868656,12.9155995378605,12.9361618507731,13.0116521339865,13.0381581624421,13.0688112839155,13.1097413539399,13.1199624496178,13.1891560560969,13.2480147748237,13.2868295060705,13.3285153470353,13.3879966475835,13.4584375317429,13.472298904974,13.4965668244652,13.531813188759,13.5722835015481,13.5929395478974,13.6417868884577,13.6896314870111,13.7467480773106,13.7851182504142,13.8209246609102,13.851493176362,13.9107154997606,13.9540658721593,14.0290333937496,14.0537622879499,14.1218973068784,14.1333312437929,14.2015043889041,14.2067724240719,14.2114131199797,14.3184281229716,14.3761964049114,14.4336216171758,14.4656412371511,14.5333848390127,14.6005593214217,14.6535262603753,14.6835703147492,14.6981065728916,14.8013410718132,14.8200893397333,14.8656875463991,14.9738411320813,15.0562772549892,15.1768675688204,15.1885371334329,15.2206734741177,15.3402451385337,15.3612210598232,15.3912561499806,15.5157882373665,15.5755265375171,15.6177368658212,15.6852882914286,15.7172953302685,15.8426075503744,15.9346720707258,15.9591080176715,16.1330549754384,16.180176324609,16.21787613518,16.3410003407713,16.4662595874782,16.5722160420487,16.6015801035687,16.7409075019217,16.8158656988751,16.8337750171877,17.0164007812944,17.1339819712841,17.2874182037745,17.4812629891157,17.8919011191431,17.9819351537147,18.0700475337531,18.203024927745,18.3044063392416,18.4320667559792,18.6097275092413,18.9238410494564,18.9534759386616,19.1251549605007,19.3803590759614,19.5732951328525,19.7403827327247,20.0509821182117,20.20645062152,20.6175680085538,20.99641654593,21.4063364113265,23.2438366038252,NA,NA,NA,NA,NA,NA,NA,NA,NA,NA,NA,NA,NA,NA,NA,NA,NA,NA,NA,NA,NA,NA,NA,NA,NA,NA,NA,NA,NA,NA,NA,NA,NA,NA,NA,NA,NA,NA,NA,NA,NA,NA,NA,NA,NA,NA,NA,NA
0.557092252190627,0.663896648671137,0.863498958638505,1.02661128406125,1.10998429463066,1.36287135136453,1.44717035196537,1.50892136006343,1.59961609766011,1.72470106994239,1.80370307868105,1.84940914429557,1.85643779671505,1.97761307435819,2.24711101178175,2.25854238837317,2.33499926644372,2.38980980903283,2.47805425593076,2.57991367307421,2.67807468525463,2.71769953891735,2.82267892499847,2.85182444908157,2.89852801786611,2.98110838261533,3.08088402820952,3.12535398921445,3.16353529274562,3.19396296687732,3.28541134826561,3.34495982775057,3.38760039941316,3.45684345644576,3.50902348133849,3.52269479400818,3.61240941273727,3.65564971114062,3.76547026451117,3.81309338714697,3.86342101406709,3.90518150272079,3.95365516735965,3.99642095359109,4.09474788670665,4.11049863970573,4.21825264473212,4.24922538406455,4.26677185294961,4.2916934764118,4.33866311225443,4.3891829320855,4.40443475494895,4.42052117804979,4.52488838939365,4.59616702779214,4.61209852572834,4.64321833951029,4.72723238670634,4.79054634138167,4.80713889964553,4.84814279087576,4.89086396059641,4.91200990609985,4.97627822595476,4.99932040155999,5.02249560089867,5.08194332341201,5.11515593858883,5.15165983054157,5.16486127897201,5.18925619675959,5.20341219857142,5.21547597694389,5.2922550724343,5.32348204386903,5.35856744033573,5.36640630741286,5.3979852701611,5.44204693771413,5.48408697781795,5.52376845061939,5.56613189489922,5.58776416613743,5.62748191837552,5.67578620637772,5.68666954143495,5.728313519038,5.7676342228735,5.78173643765545,5.80948593318885,5.84048391594871,5.87197310066908,5.89910562818661,5.91172950389061,5.92899429424236,5.95007715660119,6.00018542935262,6.0276383615179,6.05431774895112,6.06962961273339,6.10241089219373,6.1275765384626,6.1394423008693,6.21615448621245,6.25191285528764,6.28092502847409,6.30887943126096,6.32726443039425,6.35270297222206,6.35965334808573,6.37677383021384,6.41225029063469,6.43541855343961,6.45445740340373,6.49302593404207,6.5358596578075,6.57369158022344,6.59082636436405,6.60358681733399,6.69760224260584,6.72705601554176,6.75570566423893,6.78783141629839,6.79328368862436,6.80660689508719,6.84555210795562,6.86161873140901,6.87426282176874,6.89146908906208,6.91704941526139,6.92864888364139,6.95466725539434,6.98083597823362,7.01589111969996,7.02437234630704,7.04035918457861,7.05870189979169,7.08997047524431,7.12125788036255,7.16429015361132,7.19667950915095,7.22256425129764,7.24016577613383,7.25513390971702,7.28036507548609,7.30959598981845,7.3232713339237,7.33701409789519,7.34858365358189,7.36296071546765,7.40124214662562,7.43923703129822,7.4537030360886,7.46158614564911,7.50778920642158,7.53222670350424,7.56094693693893,7.57983252537704,7.6145032983216,7.63522889135672,7.6470861896269,7.65631599645649,7.6970627830359,7.70102905400043,7.71963590349295,7.74153972909809,7.77797124445321,7.82177225336748,7.84347229824996,7.84679410783579,7.87955643784238,7.89780026764671,7.92947709607796,7.9682678967651,7.97333083657065,8.00744417549991,8.03910681602055,8.04543746394263,8.08894723799586,8.13958815368642,8.1475347242885,8.16752168559746,8.19328982706913,8.20383241617795,8.25532978874822,8.2757287171297,8.31147636657156,8.32118410442141,8.35862346453238,8.37231956686656,8.39118621202842,8.42156858121305,8.448736383092,8.45454134675519,8.49377977008645,8.50944722858073,8.54218226135062,8.56026480528849,8.59433271016928,8.60715878930884,8.64568657902878,8.65792231236452,8.68018926397816,8.7019850717732,8.73116176512798,8.75274580754737,8.77780307075409,8.79945767948957,8.8377041408143,8.86597069975798,8.88393823512045,8.92567007624123,8.96796138663015,8.97234494095595,9.02637874676251,9.05378173990122,9.08952473147111,9.10076471622394,9.14674722124699,9.18990269319063,9.21255514498445,9.2382570703458,9.24288438872598,9.27641517971976,9.30122701712273,9.31433849385033,9.36180268017444,9.39598301994846,9.43200314153221,9.44485100821052,9.47208280860898,9.50305565858083,9.55830656242166,9.58518922206513,9.60521318339891,9.6443605995228,9.67662180227753,9.70809610971786,9.73747088739477,9.778218661893,9.79409572079191,9.8540790015887,9.88244456871281,9.93005823141949,9.95132138289627,9.97293159613814,9.98994976564905,10.0174237707245,10.0568444141403,10.085759499666,10.1116439176243,10.13716663545,10.2088089256633,10.230034529285,10.2598478661287,10.2774263727803,10.2872101620424,10.3210860423914,10.3440458102298,10.3965368844187,10.41248480821,10.4638960102026,10.4916354713106,10.5106730161072,10.5290866033855,10.593907822748,10.6360567220812,10.6601333843442,10.6843374467243,10.7313253495371,10.8246583394885,10.8538355878974,10.8720694941213,10.9099876064889,10.9416767474147,11.0155924391561,11.0374606563941,11.0590520678948,11.1057167662389,11.1301699147648,11.1418093252573,11.1770734698683,11.1960160400594,11.2735042984296,11.3368430026265,11.3537622262993,11.3882832254628,11.4462830005939,11.4837473233697,11.5149036896078,11.5482102696044,11.5624584187873,11.5945863825417,11.6791479612584,11.6977590090398,11.7417290433406,11.7795796315251,11.8045051418904,11.827369976603,11.883017027488,11.9113696748087,11.9860543507827,12.0029089363878,12.0527662233693,12.1175890938424,12.1272978389298,12.1915357194127,12.2411860930662,12.2725008459189,12.29617335625,12.3136401607564,12.3860955978477,12.4119814094156,12.4178875112369,12.4695331811407,12.4872337190471,12.5798257458128,12.5966778818879,12.6488259119573,12.6887641343602,12.7115116740957,12.7666853344686,12.8505853008651,12.8776053270983,12.8826237868656,12.9155995378605,12.9361618507731,13.0116521339865,13.0381581624421,13.0688112839155,13.1097413539399,13.1199624496178,13.1891560560969,13.2480147748237,13.2868295060705,13.3285153470353,13.3879966475835,13.4584375317429,13.472298904974,13.4965668244652,13.531813188759,13.5722835015481,13.5929395478974,13.6417868884577,13.6896314870111,13.7467480773106,13.7851182504142,13.8209246609102,13.851493176362,13.9107154997606,13.9540658721593,14.0290333937496,14.0537622879499,14.1218973068784,14.1333312437929,14.2015043889041,14.2067724240719,14.2114131199797,14.3184281229716,14.3761964049114,14.4336216171758,14.4656412371511,14.5333848390127,14.6005593214217,14.6535262603753,14.6835703147492,14.6981065728916,14.8013410718132,14.8200893397333,14.8656875463991,14.9738411320813,15.0562772549892,15.1768675688204,15.1885371334329,15.2206734741177,15.3402451385337,15.3612210598232,15.3912561499806,15.5157882373665,15.5755265375171,15.6177368658212,15.6852882914286,15.7172953302685,15.8426075503744,15.9346720707258,15.9591080176715,16.1330549754384,16.180176324609,16.21787613518,16.3410003407713,16.4662595874782,16.5722160420487,16.6015801035687,16.7409075019217,16.8158656988751,16.8337750171877,17.0164007812944,17.1339819712841,17.2874182037745,17.4812629891157,17.8919011191431,17.9819351537147,18.0700475337531,18.203024927745,18.3044063392416,18.4320667559792,18.6097275092413,18.9238410494564,18.9534759386616,19.1251549605007,19.3803590759614,19.5732951328525,19.7403827327247,20.0509821182117,20.20645062152,20.6175680085538,20.99641654593,21.4063364113265,23.2438366038252,NA,NA,NA,NA,NA,NA,NA,NA,NA,NA,NA,NA,NA,NA,NA,NA,NA,NA,NA,NA,NA,NA,NA,NA,NA,NA,NA,NA,NA,NA,NA,NA,NA,NA,NA,NA,NA,NA,NA,NA,NA,NA,NA,NA,NA,NA,NA,NA
0.557092252190627,0.663896648671137,0.863498958638505,1.02661128406125,1.10998429463066,1.36287135136453,1.44717035196537,1.50892136006343,1.59961609766011,1.72470106994239,1.80370307868105,1.84940914429557,1.85643779671505,1.97761307435819,2.24711101178175,2.25854238837317,2.33499926644372,2.38980980903283,2.47805425593076,2.57991367307421,2.67807468525463,2.71769953891735,2.82267892499847,2.85182444908157,2.89852801786611,2.98110838261533,3.08088402820952,3.12535398921445,3.16353529274562,3.19396296687732,3.28541134826561,3.34495982775057,3.38760039941316,3.45684345644576,3.50902348133849,3.52269479400818,3.61240941273727,3.65564971114062,3.76547026451117,3.81309338714697,3.86342101406709,3.90518150272079,3.95365516735965,3.99642095359109,4.09474788670665,4.11049863970573,4.21825264473212,4.24922538406455,4.26677185294961,4.2916934764118,4.33866311225443,4.3891829320855,4.40443475494895,4.42052117804979,4.52488838939365,4.59616702779214,4.61209852572834,4.64321833951029,4.72723238670634,4.79054634138167,4.80713889964553,4.84814279087576,4.89086396059641,4.91200990609985,4.97627822595476,4.99932040155999,5.02249560089867,5.08194332341201,5.11515593858883,5.15165983054157,5.16486127897201,5.18925619675959,5.20341219857142,5.21547597694389,5.2922550724343,5.32348204386903,5.35856744033573,5.36640630741286,5.3979852701611,5.44204693771413,5.48408697781795,5.52376845061939,5.56613189489922,5.58776416613743,5.62748191837552,5.67578620637772,5.68666954143495,5.728313519038,5.7676342228735,5.78173643765545,5.80948593318885,5.84048391594871,5.87197310066908,5.89910562818661,5.91172950389061,5.92899429424236,5.95007715660119,6.00018542935262,6.0276383615179,6.05431774895112,6.06962961273339,6.10241089219373,6.1275765384626,6.1394423008693,6.21615448621245,6.25191285528764,6.28092502847409,6.30887943126096,6.32726443039425,6.35270297222206,6.35965334808573,6.37677383021384,6.41225029063469,6.43541855343961,6.45445740340373,6.49302593404207,6.5358596578075,6.57369158022344,6.59082636436405,6.60358681733399,6.69760224260584,6.72705601554176,6.75570566423893,6.78783141629839,6.79328368862436,6.80660689508719,6.84555210795562,6.86161873140901,6.87426282176874,6.89146908906208,6.91704941526139,6.92864888364139,6.95466725539434,6.98083597823362,7.01589111969996,7.02437234630704,7.04035918457861,7.05870189979169,7.08997047524431,7.12125788036255,7.16429015361132,7.19667950915095,7.22256425129764,7.24016577613383,7.25513390971702,7.28036507548609,7.30959598981845,7.3232713339237,7.33701409789519,7.34858365358189,7.36296071546765,7.40124214662562,7.43923703129822,7.4537030360886,7.46158614564911,7.50778920642158,7.53222670350424,7.56094693693893,7.57983252537704,7.6145032983216,7.63522889135672,7.6470861896269,7.65631599645649,7.6970627830359,7.70102905400043,7.71963590349295,7.74153972909809,7.77797124445321,7.82177225336748,7.84347229824996,7.84679410783579,7.87955643784238,7.89780026764671,7.92947709607796,7.9682678967651,7.97333083657065,8.00744417549991,8.03910681602055,8.04543746394263,8.08894723799586,8.13958815368642,8.1475347242885,8.16752168559746,8.19328982706913,8.20383241617795,8.25532978874822,8.2757287171297,8.31147636657156,8.32118410442141,8.35862346453238,8.37231956686656,8.39118621202842,8.42156858121305,8.448736383092,8.45454134675519,8.49377977008645,8.50944722858073,8.54218226135062,8.56026480528849,8.59433271016928,8.60715878930884,8.64568657902878,8.65792231236452,8.68018926397816,8.7019850717732,8.73116176512798,8.75274580754737,8.77780307075409,8.79945767948957,8.8377041408143,8.86597069975798,8.88393823512045,8.92567007624123,8.96796138663015,8.97234494095595,9.02637874676251,9.05378173990122,9.08952473147111,9.10076471622394,9.14674722124699,9.18990269319063,9.21255514498445,9.2382570703458,9.24288438872598,9.27641517971976,9.30122701712273,9.31433849385033,9.36180268017444,9.39598301994846,9.43200314153221,9.44485100821052,9.47208280860898,9.50305565858083,9.55830656242166,9.58518922206513,9.60521318339891,9.6443605995228,9.67662180227753,9.70809610971786,9.73747088739477,9.778218661893,9.79409572079191,9.8540790015887,9.88244456871281,9.93005823141949,9.95132138289627,9.97293159613814,9.98994976564905,10.0174237707245,10.0568444141403,10.085759499666,10.1116439176243,10.13716663545,10.2088089256633,10.230034529285,10.2598478661287,10.2774263727803,10.2872101620424,10.3210860423914,10.3440458102298,10.3965368844187,10.41248480821,10.4638960102026,10.4916354713106,10.5106730161072,10.5290866033855,10.593907822748,10.6360567220812,10.6601333843442,10.6843374467243,10.7313253495371,10.8246583394885,10.8538355878974,10.8720694941213,10.9099876064889,10.9416767474147,11.0155924391561,11.0374606563941,11.0590520678948,11.1057167662389,11.1301699147648,11.1418093252573,11.1770734698683,11.1960160400594,11.2735042984296,11.3368430026265,11.3537622262993,11.3882832254628,11.4462830005939,11.4837473233697,11.5149036896078,11.5482102696044,11.5624584187873,11.5945863825417,11.6791479612584,11.6977590090398,11.7417290433406,11.7795796315251,11.8045051418904,11.827369976603,11.883017027488,11.9113696748087,11.9860543507827,12.0029089363878,12.0527662233693,12.1175890938424,12.1272978389298,12.1915357194127,12.2411860930662,12.2725008459189,12.29617335625,12.3136401607564,12.3860955978477,12.4119814094156,12.4178875112369,12.4695331811407,12.4872337190471,12.5798257458128,12.5966778818879,12.6488259119573,12.6887641343602,12.7115116740957,12.7666853344686,12.8505853008651,12.8776053270983,12.8826237868656,12.9155995378605,12.9361618507731,13.0116521339865,13.0381581624421,13.0688112839155,13.1097413539399,13.1199624496178,13.1891560560969,13.2480147748237,13.2868295060705,13.3285153470353,13.3879966475835,13.4584375317429,13.472298904974,13.4965668244652,13.531813188759,13.5722835015481,13.5929395478974,13.6417868884577,13.6896314870111,13.7467480773106,13.7851182504142,13.8209246609102,13.851493176362,13.9107154997606,13.9540658721593,14.0290333937496,14.0537622879499,14.1218973068784,14.1333312437929,14.2015043889041,14.2067724240719,14.2114131199797,14.3184281229716,14.3761964049114,14.4336216171758,14.4656412371511,14.5333848390127,14.6005593214217,14.6535262603753,14.6835703147492,14.6981065728916,14.8013410718132,14.8200893397333,14.8656875463991,14.9738411320813,15.0562772549892,15.1768675688204,15.1885371334329,15.2206734741177,15.3402451385337,15.3612210598232,15.3912561499806,15.5157882373665,15.5755265375171,15.6177368658212,15.6852882914286,15.7172953302685,15.8426075503744,15.9346720707258,15.9591080176715,16.1330549754384,16.180176324609,16.21787613518,16.3410003407713,16.4662595874782,16.5722160420487,16.6015801035687,16.7409075019217,16.8158656988751,16.8337750171877,17.0164007812944,17.1339819712841,17.2874182037745,17.4812629891157,17.8919011191431,17.9819351537147,18.0700475337531,18.203024927745,18.3044063392416,18.4320667559792,18.6097275092413,18.9238410494564,18.9534759386616,19.1251549605007,19.3803590759614,19.5732951328525,19.7403827327247,20.0509821182117,20.20645062152,20.6175680085538,20.99641654593,21.4063364113265,23.2438366038252,NA,NA,NA,NA,NA,NA,NA,NA,NA,NA,NA,NA,NA,NA,NA,NA,NA,NA,NA,NA,NA,NA,NA,NA,NA,NA,NA,NA,NA,NA,NA,NA,NA,NA,NA,NA,NA,NA,NA,NA,NA,NA,NA,NA,NA,NA,NA,NA
0.557092252190627,0.663896648671137,0.863498958638505,1.02661128406125,1.10998429463066,1.36287135136453,1.44717035196537,1.50892136006343,1.59961609766011,1.72470106994239,1.80370307868105,1.84940914429557,1.85643779671505,1.97761307435819,2.24711101178175,2.25854238837317,2.33499926644372,2.38980980903283,2.47805425593076,2.57991367307421,2.67807468525463,2.71769953891735,2.82267892499847,2.85182444908157,2.89852801786611,2.98110838261533,3.08088402820952,3.12535398921445,3.16353529274562,3.19396296687732,3.28541134826561,3.34495982775057,3.38760039941316,3.45684345644576,3.50902348133849,3.52269479400818,3.61240941273727,3.65564971114062,3.76547026451117,3.81309338714697,3.86342101406709,3.90518150272079,3.95365516735965,3.99642095359109,4.09474788670665,4.11049863970573,4.21825264473212,4.24922538406455,4.26677185294961,4.2916934764118,4.33866311225443,4.3891829320855,4.40443475494895,4.42052117804979,4.52488838939365,4.59616702779214,4.61209852572834,4.64321833951029,4.72723238670634,4.79054634138167,4.80713889964553,4.84814279087576,4.89086396059641,4.91200990609985,4.97627822595476,4.99932040155999,5.02249560089867,5.08194332341201,5.11515593858883,5.15165983054157,5.16486127897201,5.18925619675959,5.20341219857142,5.21547597694389,5.2922550724343,5.32348204386903,5.35856744033573,5.36640630741286,5.3979852701611,5.44204693771413,5.48408697781795,5.52376845061939,5.56613189489922,5.58776416613743,5.62748191837552,5.67578620637772,5.68666954143495,5.728313519038,5.7676342228735,5.78173643765545,5.80948593318885,5.84048391594871,5.87197310066908,5.89910562818661,5.91172950389061,5.92899429424236,5.95007715660119,6.00018542935262,6.0276383615179,6.05431774895112,6.06962961273339,6.10241089219373,6.1275765384626,6.1394423008693,6.21615448621245,6.25191285528764,6.28092502847409,6.30887943126096,6.32726443039425,6.35270297222206,6.35965334808573,6.37677383021384,6.41225029063469,6.43541855343961,6.45445740340373,6.49302593404207,6.5358596578075,6.57369158022344,6.59082636436405,6.60358681733399,6.69760224260584,6.72705601554176,6.75570566423893,6.78783141629839,6.79328368862436,6.80660689508719,6.84555210795562,6.86161873140901,6.87426282176874,6.89146908906208,6.91704941526139,6.92864888364139,6.95466725539434,6.98083597823362,7.01589111969996,7.02437234630704,7.04035918457861,7.05870189979169,7.08997047524431,7.12125788036255,7.16429015361132,7.19667950915095,7.22256425129764,7.24016577613383,7.25513390971702,7.28036507548609,7.30959598981845,7.3232713339237,7.33701409789519,7.34858365358189,7.36296071546765,7.40124214662562,7.43923703129822,7.4537030360886,7.46158614564911,7.50778920642158,7.53222670350424,7.56094693693893,7.57983252537704,7.6145032983216,7.63522889135672,7.6470861896269,7.65631599645649,7.6970627830359,7.70102905400043,7.71963590349295,7.74153972909809,7.77797124445321,7.82177225336748,7.84347229824996,7.84679410783579,7.87955643784238,7.89780026764671,7.92947709607796,7.9682678967651,7.97333083657065,8.00744417549991,8.03910681602055,8.04543746394263,8.08894723799586,8.13958815368642,8.1475347242885,8.16752168559746,8.19328982706913,8.20383241617795,8.25532978874822,8.2757287171297,8.31147636657156,8.32118410442141,8.35862346453238,8.37231956686656,8.39118621202842,8.42156858121305,8.448736383092,8.45454134675519,8.49377977008645,8.50944722858073,8.54218226135062,8.56026480528849,8.59433271016928,8.60715878930884,8.64568657902878,8.65792231236452,8.68018926397816,8.7019850717732,8.73116176512798,8.75274580754737,8.77780307075409,8.79945767948957,8.8377041408143,8.86597069975798,8.88393823512045,8.92567007624123,8.96796138663015,8.97234494095595,9.02637874676251,9.05378173990122,9.08952473147111,9.10076471622394,9.14674722124699,9.18990269319063,9.21255514498445,9.2382570703458,9.24288438872598,9.27641517971976,9.30122701712273,9.31433849385033,9.36180268017444,9.39598301994846,9.43200314153221,9.44485100821052,9.47208280860898,9.50305565858083,9.55830656242166,9.58518922206513,9.60521318339891,9.6443605995228,9.67662180227753,9.70809610971786,9.73747088739477,9.778218661893,9.79409572079191,9.8540790015887,9.88244456871281,9.93005823141949,9.95132138289627,9.97293159613814,9.98994976564905,10.0174237707245,10.0568444141403,10.085759499666,10.1116439176243,10.13716663545,10.2088089256633,10.230034529285,10.2598478661287,10.2774263727803,10.2872101620424,10.3210860423914,10.3440458102298,10.3965368844187,10.41248480821,10.4638960102026,10.4916354713106,10.5106730161072,10.5290866033855,10.593907822748,10.6360567220812,10.6601333843442,10.6843374467243,10.7313253495371,10.8246583394885,10.8538355878974,10.8720694941213,10.9099876064889,10.9416767474147,11.0155924391561,11.0374606563941,11.0590520678948,11.1057167662389,11.1301699147648,11.1418093252573,11.1770734698683,11.1960160400594,11.2735042984296,11.3368430026265,11.3537622262993,11.3882832254628,11.4462830005939,11.4837473233697,11.5149036896078,11.5482102696044,11.5624584187873,11.5945863825417,11.6791479612584,11.6977590090398,11.7417290433406,11.7795796315251,11.8045051418904,11.827369976603,11.883017027488,11.9113696748087,11.9860543507827,12.0029089363878,12.0527662233693,12.1175890938424,12.1272978389298,12.1915357194127,12.2411860930662,12.2725008459189,12.29617335625,12.3136401607564,12.3860955978477,12.4119814094156,12.4178875112369,12.4695331811407,12.4872337190471,12.5798257458128,12.5966778818879,12.6488259119573,12.6887641343602,12.7115116740957,12.7666853344686,12.8505853008651,12.8776053270983,12.8826237868656,12.9155995378605,12.9361618507731,13.0116521339865,13.0381581624421,13.0688112839155,13.1097413539399,13.1199624496178,13.1891560560969,13.2480147748237,13.2868295060705,13.3285153470353,13.3879966475835,13.4584375317429,13.472298904974,13.4965668244652,13.531813188759,13.5722835015481,13.5929395478974,13.6417868884577,13.6896314870111,13.7467480773106,13.7851182504142,13.8209246609102,13.851493176362,13.9107154997606,13.9540658721593,14.0290333937496,14.0537622879499,14.1218973068784,14.1333312437929,14.2015043889041,14.2067724240719,14.2114131199797,14.3184281229716,14.3761964049114,14.4336216171758,14.4656412371511,14.5333848390127,14.6005593214217,14.6535262603753,14.6835703147492,14.6981065728916,14.8013410718132,14.8200893397333,14.8656875463991,14.9738411320813,15.0562772549892,15.1768675688204,15.1885371334329,15.2206734741177,15.3402451385337,15.3612210598232,15.3912561499806,15.5157882373665,15.5755265375171,15.6177368658212,15.6852882914286,15.7172953302685,15.8426075503744,15.9346720707258,15.9591080176715,16.1330549754384,16.180176324609,16.21787613518,16.3410003407713,16.4662595874782,16.5722160420487,16.6015801035687,16.7409075019217,16.8158656988751,16.8337750171877,17.0164007812944,17.1339819712841,17.2874182037745,17.4812629891157,17.8919011191431,17.9819351537147,18.0700475337531,18.203024927745,18.3044063392416,18.4320667559792,18.6097275092413,18.9238410494564,18.9534759386616,19.1251549605007,19.3803590759614,19.5732951328525,19.7403827327247,20.0509821182117,20.20645062152,20.6175680085538,20.99641654593,21.4063364113265,23.2438366038252,NA,NA,NA,NA,NA,NA,NA,NA,NA,NA,NA,NA,NA,NA,NA,NA,NA,NA,NA,NA,NA,NA,NA,NA,NA,NA,NA,NA,NA,NA,NA,NA,NA,NA,NA,NA,NA,NA,NA,NA,NA,NA,NA,NA,NA,NA,NA,NA
0.557092252190627,0.663896648671137,0.863498958638505,1.02661128406125,1.10998429463066,1.36287135136453,1.44717035196537,1.50892136006343,1.59961609766011,1.72470106994239,1.80370307868105,1.84940914429557,1.85643779671505,1.97761307435819,2.24711101178175,2.25854238837317,2.33499926644372,2.38980980903283,2.47805425593076,2.57991367307421,2.67807468525463,2.71769953891735,2.82267892499847,2.85182444908157,2.89852801786611,2.98110838261533,3.08088402820952,3.12535398921445,3.16353529274562,3.19396296687732,3.28541134826561,3.34495982775057,3.38760039941316,3.45684345644576,3.50902348133849,3.52269479400818,3.61240941273727,3.65564971114062,3.76547026451117,3.81309338714697,3.86342101406709,3.90518150272079,3.95365516735965,3.99642095359109,4.09474788670665,4.11049863970573,4.21825264473212,4.24922538406455,4.26677185294961,4.2916934764118,4.33866311225443,4.3891829320855,4.40443475494895,4.42052117804979,4.52488838939365,4.59616702779214,4.61209852572834,4.64321833951029,4.72723238670634,4.79054634138167,4.80713889964553,4.84814279087576,4.89086396059641,4.91200990609985,4.97627822595476,4.99932040155999,5.02249560089867,5.08194332341201,5.11515593858883,5.15165983054157,5.16486127897201,5.18925619675959,5.20341219857142,5.21547597694389,5.2922550724343,5.32348204386903,5.35856744033573,5.36640630741286,5.3979852701611,5.44204693771413,5.48408697781795,5.52376845061939,5.56613189489922,5.58776416613743,5.62748191837552,5.67578620637772,5.68666954143495,5.728313519038,5.7676342228735,5.78173643765545,5.80948593318885,5.84048391594871,5.87197310066908,5.89910562818661,5.91172950389061,5.92899429424236,5.95007715660119,6.00018542935262,6.0276383615179,6.05431774895112,6.06962961273339,6.10241089219373,6.1275765384626,6.1394423008693,6.21615448621245,6.25191285528764,6.28092502847409,6.30887943126096,6.32726443039425,6.35270297222206,6.35965334808573,6.37677383021384,6.41225029063469,6.43541855343961,6.45445740340373,6.49302593404207,6.5358596578075,6.57369158022344,6.59082636436405,6.60358681733399,6.69760224260584,6.72705601554176,6.75570566423893,6.78783141629839,6.79328368862436,6.80660689508719,6.84555210795562,6.86161873140901,6.87426282176874,6.89146908906208,6.91704941526139,6.92864888364139,6.95466725539434,6.98083597823362,7.01589111969996,7.02437234630704,7.04035918457861,7.05870189979169,7.08997047524431,7.12125788036255,7.16429015361132,7.19667950915095,7.22256425129764,7.24016577613383,7.25513390971702,7.28036507548609,7.30959598981845,7.3232713339237,7.33701409789519,7.34858365358189,7.36296071546765,7.40124214662562,7.43923703129822,7.4537030360886,7.46158614564911,7.50778920642158,7.53222670350424,7.56094693693893,7.57983252537704,7.6145032983216,7.63522889135672,7.6470861896269,7.65631599645649,7.6970627830359,7.70102905400043,7.71963590349295,7.74153972909809,7.77797124445321,7.82177225336748,7.84347229824996,7.84679410783579,7.87955643784238,7.89780026764671,7.92947709607796,7.9682678967651,7.97333083657065,8.00744417549991,8.03910681602055,8.04543746394263,8.08894723799586,8.13958815368642,8.1475347242885,8.16752168559746,8.19328982706913,8.20383241617795,8.25532978874822,8.2757287171297,8.31147636657156,8.32118410442141,8.35862346453238,8.37231956686656,8.39118621202842,8.42156858121305,8.448736383092,8.45454134675519,8.49377977008645,8.50944722858073,8.54218226135062,8.56026480528849,8.59433271016928,8.60715878930884,8.64568657902878,8.65792231236452,8.68018926397816,8.7019850717732,8.73116176512798,8.75274580754737,8.77780307075409,8.79945767948957,8.8377041408143,8.86597069975798,8.88393823512045,8.92567007624123,8.96796138663015,8.97234494095595,9.02637874676251,9.05378173990122,9.08952473147111,9.10076471622394,9.14674722124699,9.18990269319063,9.21255514498445,9.2382570703458,9.24288438872598,9.27641517971976,9.30122701712273,9.31433849385033,9.36180268017444,9.39598301994846,9.43200314153221,9.44485100821052,9.47208280860898,9.50305565858083,9.55830656242166,9.58518922206513,9.60521318339891,9.6443605995228,9.67662180227753,9.70809610971786,9.73747088739477,9.778218661893,9.79409572079191,9.8540790015887,9.88244456871281,9.93005823141949,9.95132138289627,9.97293159613814,9.98994976564905,10.0174237707245,10.0568444141403,10.085759499666,10.1116439176243,10.13716663545,10.2088089256633,10.230034529285,10.2598478661287,10.2774263727803,10.2872101620424,10.3210860423914,10.3440458102298,10.3965368844187,10.41248480821,10.4638960102026,10.4916354713106,10.5106730161072,10.5290866033855,10.593907822748,10.6360567220812,10.6601333843442,10.6843374467243,10.7313253495371,10.8246583394885,10.8538355878974,10.8720694941213,10.9099876064889,10.9416767474147,11.0155924391561,11.0374606563941,11.0590520678948,11.1057167662389,11.1301699147648,11.1418093252573,11.1770734698683,11.1960160400594,11.2735042984296,11.3368430026265,11.3537622262993,11.3882832254628,11.4462830005939,11.4837473233697,11.5149036896078,11.5482102696044,11.5624584187873,11.5945863825417,11.6791479612584,11.6977590090398,11.7417290433406,11.7795796315251,11.8045051418904,11.827369976603,11.883017027488,11.9113696748087,11.9860543507827,12.0029089363878,12.0527662233693,12.1175890938424,12.1272978389298,12.1915357194127,12.2411860930662,12.2725008459189,12.29617335625,12.3136401607564,12.3860955978477,12.4119814094156,12.4178875112369,12.4695331811407,12.4872337190471,12.5798257458128,12.5966778818879,12.6488259119573,12.6887641343602,12.7115116740957,12.7666853344686,12.8505853008651,12.8776053270983,12.8826237868656,12.9155995378605,12.9361618507731,13.0116521339865,13.0381581624421,13.0688112839155,13.1097413539399,13.1199624496178,13.1891560560969,13.2480147748237,13.2868295060705,13.3285153470353,13.3879966475835,13.4584375317429,13.472298904974,13.4965668244652,13.531813188759,13.5722835015481,13.5929395478974,13.6417868884577,13.6896314870111,13.7467480773106,13.7851182504142,13.8209246609102,13.851493176362,13.9107154997606,13.9540658721593,14.0290333937496,14.0537622879499,14.1218973068784,14.1333312437929,14.2015043889041,14.2067724240719,14.2114131199797,14.3184281229716,14.3761964049114,14.4336216171758,14.4656412371511,14.5333848390127,14.6005593214217,14.6535262603753,14.6835703147492,14.6981065728916,14.8013410718132,14.8200893397333,14.8656875463991,14.9738411320813,15.0562772549892,15.1768675688204,15.1885371334329,15.2206734741177,15.3402451385337,15.3612210598232,15.3912561499806,15.5157882373665,15.5755265375171,15.6177368658212,15.6852882914286,15.7172953302685,15.8426075503744,15.9346720707258,15.9591080176715,16.1330549754384,16.180176324609,16.21787613518,16.3410003407713,16.4662595874782,16.5722160420487,16.6015801035687,16.7409075019217,16.8158656988751,16.8337750171877,17.0164007812944,17.1339819712841,17.2874182037745,17.4812629891157,17.8919011191431,17.9819351537147,18.0700475337531,18.203024927745,18.3044063392416,18.4320667559792,18.6097275092413,18.9238410494564,18.9534759386616,19.1251549605007,19.3803590759614,19.5732951328525,19.7403827327247,20.0509821182117,20.20645062152,20.6175680085538,20.99641654593,21.4063364113265,23.2438366038252,NA,NA,NA,NA,NA,NA,NA,NA,NA,NA,NA,NA,NA,NA,NA,NA,NA,NA,NA,NA,NA,NA,NA,NA,NA,NA,NA,NA,NA,NA,NA,NA,NA,NA,NA,NA,NA,NA,NA,NA,NA,NA,NA,NA,NA,NA,NA,NA
0.557092252190627,0.663896648671137,0.863498958638505,1.02661128406125,1.10998429463066,1.36287135136453,1.44717035196537,1.50892136006343,1.59961609766011,1.72470106994239,1.80370307868105,1.84940914429557,1.85643779671505,1.97761307435819,2.24711101178175,2.25854238837317,2.33499926644372,2.38980980903283,2.47805425593076,2.57991367307421,2.67807468525463,2.71769953891735,2.82267892499847,2.85182444908157,2.89852801786611,2.98110838261533,3.08088402820952,3.12535398921445,3.16353529274562,3.19396296687732,3.28541134826561,3.34495982775057,3.38760039941316,3.45684345644576,3.50902348133849,3.52269479400818,3.61240941273727,3.65564971114062,3.76547026451117,3.81309338714697,3.86342101406709,3.90518150272079,3.95365516735965,3.99642095359109,4.09474788670665,4.11049863970573,4.21825264473212,4.24922538406455,4.26677185294961,4.2916934764118,4.33866311225443,4.3891829320855,4.40443475494895,4.42052117804979,4.52488838939365,4.59616702779214,4.61209852572834,4.64321833951029,4.72723238670634,4.79054634138167,4.80713889964553,4.84814279087576,4.89086396059641,4.91200990609985,4.97627822595476,4.99932040155999,5.02249560089867,5.08194332341201,5.11515593858883,5.15165983054157,5.16486127897201,5.18925619675959,5.20341219857142,5.21547597694389,5.2922550724343,5.32348204386903,5.35856744033573,5.36640630741286,5.3979852701611,5.44204693771413,5.48408697781795,5.52376845061939,5.56613189489922,5.58776416613743,5.62748191837552,5.67578620637772,5.68666954143495,5.728313519038,5.7676342228735,5.78173643765545,5.80948593318885,5.84048391594871,5.87197310066908,5.89910562818661,5.91172950389061,5.92899429424236,5.95007715660119,6.00018542935262,6.0276383615179,6.05431774895112,6.06962961273339,6.10241089219373,6.1275765384626,6.1394423008693,6.21615448621245,6.25191285528764,6.28092502847409,6.30887943126096,6.32726443039425,6.35270297222206,6.35965334808573,6.37677383021384,6.41225029063469,6.43541855343961,6.45445740340373,6.49302593404207,6.5358596578075,6.57369158022344,6.59082636436405,6.60358681733399,6.69760224260584,6.72705601554176,6.75570566423893,6.78783141629839,6.79328368862436,6.80660689508719,6.84555210795562,6.86161873140901,6.87426282176874,6.89146908906208,6.91704941526139,6.92864888364139,6.95466725539434,6.98083597823362,7.01589111969996,7.02437234630704,7.04035918457861,7.05870189979169,7.08997047524431,7.12125788036255,7.16429015361132,7.19667950915095,7.22256425129764,7.24016577613383,7.25513390971702,7.28036507548609,7.30959598981845,7.3232713339237,7.33701409789519,7.34858365358189,7.36296071546765,7.40124214662562,7.43923703129822,7.4537030360886,7.46158614564911,7.50778920642158,7.53222670350424,7.56094693693893,7.57983252537704,7.6145032983216,7.63522889135672,7.6470861896269,7.65631599645649,7.6970627830359,7.70102905400043,7.71963590349295,7.74153972909809,7.77797124445321,7.82177225336748,7.84347229824996,7.84679410783579,7.87955643784238,7.89780026764671,7.92947709607796,7.9682678967651,7.97333083657065,8.00744417549991,8.03910681602055,8.04543746394263,8.08894723799586,8.13958815368642,8.1475347242885,8.16752168559746,8.19328982706913,8.20383241617795,8.25532978874822,8.2757287171297,8.31147636657156,8.32118410442141,8.35862346453238,8.37231956686656,8.39118621202842,8.42156858121305,8.448736383092,8.45454134675519,8.49377977008645,8.50944722858073,8.54218226135062,8.56026480528849,8.59433271016928,8.60715878930884,8.64568657902878,8.65792231236452,8.68018926397816,8.7019850717732,8.73116176512798,8.75274580754737,8.77780307075409,8.79945767948957,8.8377041408143,8.86597069975798,8.88393823512045,8.92567007624123,8.96796138663015,8.97234494095595,9.02637874676251,9.05378173990122,9.08952473147111,9.10076471622394,9.14674722124699,9.18990269319063,9.21255514498445,9.2382570703458,9.24288438872598,9.27641517971976,9.30122701712273,9.31433849385033,9.36180268017444,9.39598301994846,9.43200314153221,9.44485100821052,9.47208280860898,9.50305565858083,9.55830656242166,9.58518922206513,9.60521318339891,9.6443605995228,9.67662180227753,9.70809610971786,9.73747088739477,9.778218661893,9.79409572079191,9.8540790015887,9.88244456871281,9.93005823141949,9.95132138289627,9.97293159613814,9.98994976564905,10.0174237707245,10.0568444141403,10.085759499666,10.1116439176243,10.13716663545,10.2088089256633,10.230034529285,10.2598478661287,10.2774263727803,10.2872101620424,10.3210860423914,10.3440458102298,10.3965368844187,10.41248480821,10.4638960102026,10.4916354713106,10.5106730161072,10.5290866033855,10.593907822748,10.6360567220812,10.6601333843442,10.6843374467243,10.7313253495371,10.8246583394885,10.8538355878974,10.8720694941213,10.9099876064889,10.9416767474147,11.0155924391561,11.0374606563941,11.0590520678948,11.1057167662389,11.1301699147648,11.1418093252573,11.1770734698683,11.1960160400594,11.2735042984296,11.3368430026265,11.3537622262993,11.3882832254628,11.4462830005939,11.4837473233697,11.5149036896078,11.5482102696044,11.5624584187873,11.5945863825417,11.6791479612584,11.6977590090398,11.7417290433406,11.7795796315251,11.8045051418904,11.827369976603,11.883017027488,11.9113696748087,11.9860543507827,12.0029089363878,12.0527662233693,12.1175890938424,12.1272978389298,12.1915357194127,12.2411860930662,12.2725008459189,12.29617335625,12.3136401607564,12.3860955978477,12.4119814094156,12.4178875112369,12.4695331811407,12.4872337190471,12.5798257458128,12.5966778818879,12.6488259119573,12.6887641343602,12.7115116740957,12.7666853344686,12.8505853008651,12.8776053270983,12.8826237868656,12.9155995378605,12.9361618507731,13.0116521339865,13.0381581624421,13.0688112839155,13.1097413539399,13.1199624496178,13.1891560560969,13.2480147748237,13.2868295060705,13.3285153470353,13.3879966475835,13.4584375317429,13.472298904974,13.4965668244652,13.531813188759,13.5722835015481,13.5929395478974,13.6417868884577,13.6896314870111,13.7467480773106,13.7851182504142,13.8209246609102,13.851493176362,13.9107154997606,13.9540658721593,14.0290333937496,14.0537622879499,14.1218973068784,14.1333312437929,14.2015043889041,14.2067724240719,14.2114131199797,14.3184281229716,14.3761964049114,14.4336216171758,14.4656412371511,14.5333848390127,14.6005593214217,14.6535262603753,14.6835703147492,14.6981065728916,14.8013410718132,14.8200893397333,14.8656875463991,14.9738411320813,15.0562772549892,15.1768675688204,15.1885371334329,15.2206734741177,15.3402451385337,15.3612210598232,15.3912561499806,15.5157882373665,15.5755265375171,15.6177368658212,15.6852882914286,15.7172953302685,15.8426075503744,15.9346720707258,15.9591080176715,16.1330549754384,16.180176324609,16.21787613518,16.3410003407713,16.4662595874782,16.5722160420487,16.6015801035687,16.7409075019217,16.8158656988751,16.8337750171877,17.0164007812944,17.1339819712841,17.2874182037745,17.4812629891157,17.8919011191431,17.9819351537147,18.0700475337531,18.203024927745,18.3044063392416,18.4320667559792,18.6097275092413,18.9238410494564,18.9534759386616,19.1251549605007,19.3803590759614,19.5732951328525,19.7403827327247,20.0509821182117,20.20645062152,20.6175680085538,20.99641654593,21.4063364113265,23.2438366038252,NA,NA,NA,NA,NA,NA,NA,NA,NA,NA,NA,NA,NA,NA,NA,NA,NA,NA,NA,NA,NA,NA,NA,NA,NA,NA,NA,NA,NA,NA,NA,NA,NA,NA,NA,NA,NA,NA,NA,NA,NA,NA,NA,NA,NA,NA,NA,NA
0.557092252190627,0.663896648671137,0.863498958638505,1.02661128406125,1.10998429463066,1.36287135136453,1.44717035196537,1.50892136006343,1.59961609766011,1.72470106994239,1.80370307868105,1.84940914429557,1.85643779671505,1.97761307435819,2.24711101178175,2.25854238837317,2.33499926644372,2.38980980903283,2.47805425593076,2.57991367307421,2.67807468525463,2.71769953891735,2.82267892499847,2.85182444908157,2.89852801786611,2.98110838261533,3.08088402820952,3.12535398921445,3.16353529274562,3.19396296687732,3.28541134826561,3.34495982775057,3.38760039941316,3.45684345644576,3.50902348133849,3.52269479400818,3.61240941273727,3.65564971114062,3.76547026451117,3.81309338714697,3.86342101406709,3.90518150272079,3.95365516735965,3.99642095359109,4.09474788670665,4.11049863970573,4.21825264473212,4.24922538406455,4.26677185294961,4.2916934764118,4.33866311225443,4.3891829320855,4.40443475494895,4.42052117804979,4.52488838939365,4.59616702779214,4.61209852572834,4.64321833951029,4.72723238670634,4.79054634138167,4.80713889964553,4.84814279087576,4.89086396059641,4.91200990609985,4.97627822595476,4.99932040155999,5.02249560089867,5.08194332341201,5.11515593858883,5.15165983054157,5.16486127897201,5.18925619675959,5.20341219857142,5.21547597694389,5.2922550724343,5.32348204386903,5.35856744033573,5.36640630741286,5.3979852701611,5.44204693771413,5.48408697781795,5.52376845061939,5.56613189489922,5.58776416613743,5.62748191837552,5.67578620637772,5.68666954143495,5.728313519038,5.7676342228735,5.78173643765545,5.80948593318885,5.84048391594871,5.87197310066908,5.89910562818661,5.91172950389061,5.92899429424236,5.95007715660119,6.00018542935262,6.0276383615179,6.05431774895112,6.06962961273339,6.10241089219373,6.1275765384626,6.1394423008693,6.21615448621245,6.25191285528764,6.28092502847409,6.30887943126096,6.32726443039425,6.35270297222206,6.35965334808573,6.37677383021384,6.41225029063469,6.43541855343961,6.45445740340373,6.49302593404207,6.5358596578075,6.57369158022344,6.59082636436405,6.60358681733399,6.69760224260584,6.72705601554176,6.75570566423893,6.78783141629839,6.79328368862436,6.80660689508719,6.84555210795562,6.86161873140901,6.87426282176874,6.89146908906208,6.91704941526139,6.92864888364139,6.95466725539434,6.98083597823362,7.01589111969996,7.02437234630704,7.04035918457861,7.05870189979169,7.08997047524431,7.12125788036255,7.16429015361132,7.19667950915095,7.22256425129764,7.24016577613383,7.25513390971702,7.28036507548609,7.30959598981845,7.3232713339237,7.33701409789519,7.34858365358189,7.36296071546765,7.40124214662562,7.43923703129822,7.4537030360886,7.46158614564911,7.50778920642158,7.53222670350424,7.56094693693893,7.57983252537704,7.6145032983216,7.63522889135672,7.6470861896269,7.65631599645649,7.6970627830359,7.70102905400043,7.71963590349295,7.74153972909809,7.77797124445321,7.82177225336748,7.84347229824996,7.84679410783579,7.87955643784238,7.89780026764671,7.92947709607796,7.9682678967651,7.97333083657065,8.00744417549991,8.03910681602055,8.04543746394263,8.08894723799586,8.13958815368642,8.1475347242885,8.16752168559746,8.19328982706913,8.20383241617795,8.25532978874822,8.2757287171297,8.31147636657156,8.32118410442141,8.35862346453238,8.37231956686656,8.39118621202842,8.42156858121305,8.448736383092,8.45454134675519,8.49377977008645,8.50944722858073,8.54218226135062,8.56026480528849,8.59433271016928,8.60715878930884,8.64568657902878,8.65792231236452,8.68018926397816,8.7019850717732,8.73116176512798,8.75274580754737,8.77780307075409,8.79945767948957,8.8377041408143,8.86597069975798,8.88393823512045,8.92567007624123,8.96796138663015,8.97234494095595,9.02637874676251,9.05378173990122,9.08952473147111,9.10076471622394,9.14674722124699,9.18990269319063,9.21255514498445,9.2382570703458,9.24288438872598,9.27641517971976,9.30122701712273,9.31433849385033,9.36180268017444,9.39598301994846,9.43200314153221,9.44485100821052,9.47208280860898,9.50305565858083,9.55830656242166,9.58518922206513,9.60521318339891,9.6443605995228,9.67662180227753,9.70809610971786,9.73747088739477,9.778218661893,9.79409572079191,9.8540790015887,9.88244456871281,9.93005823141949,9.95132138289627,9.97293159613814,9.98994976564905,10.0174237707245,10.0568444141403,10.085759499666,10.1116439176243,10.13716663545,10.2088089256633,10.230034529285,10.2598478661287,10.2774263727803,10.2872101620424,10.3210860423914,10.3440458102298,10.3965368844187,10.41248480821,10.4638960102026,10.4916354713106,10.5106730161072,10.5290866033855,10.593907822748,10.6360567220812,10.6601333843442,10.6843374467243,10.7313253495371,10.8246583394885,10.8538355878974,10.8720694941213,10.9099876064889,10.9416767474147,11.0155924391561,11.0374606563941,11.0590520678948,11.1057167662389,11.1301699147648,11.1418093252573,11.1770734698683,11.1960160400594,11.2735042984296,11.3368430026265,11.3537622262993,11.3882832254628,11.4462830005939,11.4837473233697,11.5149036896078,11.5482102696044,11.5624584187873,11.5945863825417,11.6791479612584,11.6977590090398,11.7417290433406,11.7795796315251,11.8045051418904,11.827369976603,11.883017027488,11.9113696748087,11.9860543507827,12.0029089363878,12.0527662233693,12.1175890938424,12.1272978389298,12.1915357194127,12.2411860930662,12.2725008459189,12.29617335625,12.3136401607564,12.3860955978477,12.4119814094156,12.4178875112369,12.4695331811407,12.4872337190471,12.5798257458128,12.5966778818879,12.6488259119573,12.6887641343602,12.7115116740957,12.7666853344686,12.8505853008651,12.8776053270983,12.8826237868656,12.9155995378605,12.9361618507731,13.0116521339865,13.0381581624421,13.0688112839155,13.1097413539399,13.1199624496178,13.1891560560969,13.2480147748237,13.2868295060705,13.3285153470353,13.3879966475835,13.4584375317429,13.472298904974,13.4965668244652,13.531813188759,13.5722835015481,13.5929395478974,13.6417868884577,13.6896314870111,13.7467480773106,13.7851182504142,13.8209246609102,13.851493176362,13.9107154997606,13.9540658721593,14.0290333937496,14.0537622879499,14.1218973068784,14.1333312437929,14.2015043889041,14.2067724240719,14.2114131199797,14.3184281229716,14.3761964049114,14.4336216171758,14.4656412371511,14.5333848390127,14.6005593214217,14.6535262603753,14.6835703147492,14.6981065728916,14.8013410718132,14.8200893397333,14.8656875463991,14.9738411320813,15.0562772549892,15.1768675688204,15.1885371334329,15.2206734741177,15.3402451385337,15.3612210598232,15.3912561499806,15.5157882373665,15.5755265375171,15.6177368658212,15.6852882914286,15.7172953302685,15.8426075503744,15.9346720707258,15.9591080176715,16.1330549754384,16.180176324609,16.21787613518,16.3410003407713,16.4662595874782,16.5722160420487,16.6015801035687,16.7409075019217,16.8158656988751,16.8337750171877,17.0164007812944,17.1339819712841,17.2874182037745,17.4812629891157,17.8919011191431,17.9819351537147,18.0700475337531,18.203024927745,18.3044063392416,18.4320667559792,18.6097275092413,18.9238410494564,18.9534759386616,19.1251549605007,19.3803590759614,19.5732951328525,19.7403827327247,20.0509821182117,20.20645062152,20.6175680085538,20.99641654593,21.4063364113265,23.2438366038252,NA,NA,NA,NA,NA,NA,NA,NA,NA,NA,NA,NA,NA,NA,NA,NA,NA,NA,NA,NA,NA,NA,NA,NA,NA,NA,NA,NA,NA,NA,NA,NA,NA,NA,NA,NA,NA,NA,NA,NA,NA,NA,NA,NA,NA,NA,NA,NA
0.557092252190627,0.663896648671137,0.863498958638505,1.02661128406125,1.10998429463066,1.36287135136453,1.44717035196537,1.50892136006343,1.59961609766011,1.72470106994239,1.80370307868105,1.84940914429557,1.85643779671505,1.97761307435819,2.24711101178175,2.25854238837317,2.33499926644372,2.38980980903283,2.47805425593076,2.57991367307421,2.67807468525463,2.71769953891735,2.82267892499847,2.85182444908157,2.89852801786611,2.98110838261533,3.08088402820952,3.12535398921445,3.16353529274562,3.19396296687732,3.28541134826561,3.34495982775057,3.38760039941316,3.45684345644576,3.50902348133849,3.52269479400818,3.61240941273727,3.65564971114062,3.76547026451117,3.81309338714697,3.86342101406709,3.90518150272079,3.95365516735965,3.99642095359109,4.09474788670665,4.11049863970573,4.21825264473212,4.24922538406455,4.26677185294961,4.2916934764118,4.33866311225443,4.3891829320855,4.40443475494895,4.42052117804979,4.52488838939365,4.59616702779214,4.61209852572834,4.64321833951029,4.72723238670634,4.79054634138167,4.80713889964553,4.84814279087576,4.89086396059641,4.91200990609985,4.97627822595476,4.99932040155999,5.02249560089867,5.08194332341201,5.11515593858883,5.15165983054157,5.16486127897201,5.18925619675959,5.20341219857142,5.21547597694389,5.2922550724343,5.32348204386903,5.35856744033573,5.36640630741286,5.3979852701611,5.44204693771413,5.48408697781795,5.52376845061939,5.56613189489922,5.58776416613743,5.62748191837552,5.67578620637772,5.68666954143495,5.728313519038,5.7676342228735,5.78173643765545,5.80948593318885,5.84048391594871,5.87197310066908,5.89910562818661,5.91172950389061,5.92899429424236,5.95007715660119,6.00018542935262,6.0276383615179,6.05431774895112,6.06962961273339,6.10241089219373,6.1275765384626,6.1394423008693,6.21615448621245,6.25191285528764,6.28092502847409,6.30887943126096,6.32726443039425,6.35270297222206,6.35965334808573,6.37677383021384,6.41225029063469,6.43541855343961,6.45445740340373,6.49302593404207,6.5358596578075,6.57369158022344,6.59082636436405,6.60358681733399,6.69760224260584,6.72705601554176,6.75570566423893,6.78783141629839,6.79328368862436,6.80660689508719,6.84555210795562,6.86161873140901,6.87426282176874,6.89146908906208,6.91704941526139,6.92864888364139,6.95466725539434,6.98083597823362,7.01589111969996,7.02437234630704,7.04035918457861,7.05870189979169,7.08997047524431,7.12125788036255,7.16429015361132,7.19667950915095,7.22256425129764,7.24016577613383,7.25513390971702,7.28036507548609,7.30959598981845,7.3232713339237,7.33701409789519,7.34858365358189,7.36296071546765,7.40124214662562,7.43923703129822,7.4537030360886,7.46158614564911,7.50778920642158,7.53222670350424,7.56094693693893,7.57983252537704,7.6145032983216,7.63522889135672,7.6470861896269,7.65631599645649,7.6970627830359,7.70102905400043,7.71963590349295,7.74153972909809,7.77797124445321,7.82177225336748,7.84347229824996,7.84679410783579,7.87955643784238,7.89780026764671,7.92947709607796,7.9682678967651,7.97333083657065,8.00744417549991,8.03910681602055,8.04543746394263,8.08894723799586,8.13958815368642,8.1475347242885,8.16752168559746,8.19328982706913,8.20383241617795,8.25532978874822,8.2757287171297,8.31147636657156,8.32118410442141,8.35862346453238,8.37231956686656,8.39118621202842,8.42156858121305,8.448736383092,8.45454134675519,8.49377977008645,8.50944722858073,8.54218226135062,8.56026480528849,8.59433271016928,8.60715878930884,8.64568657902878,8.65792231236452,8.68018926397816,8.7019850717732,8.73116176512798,8.75274580754737,8.77780307075409,8.79945767948957,8.8377041408143,8.86597069975798,8.88393823512045,8.92567007624123,8.96796138663015,8.97234494095595,9.02637874676251,9.05378173990122,9.08952473147111,9.10076471622394,9.14674722124699,9.18990269319063,9.21255514498445,9.2382570703458,9.24288438872598,9.27641517971976,9.30122701712273,9.31433849385033,9.36180268017444,9.39598301994846,9.43200314153221,9.44485100821052,9.47208280860898,9.50305565858083,9.55830656242166,9.58518922206513,9.60521318339891,9.6443605995228,9.67662180227753,9.70809610971786,9.73747088739477,9.778218661893,9.79409572079191,9.8540790015887,9.88244456871281,9.93005823141949,9.95132138289627,9.97293159613814,9.98994976564905,10.0174237707245,10.0568444141403,10.085759499666,10.1116439176243,10.13716663545,10.2088089256633,10.230034529285,10.2598478661287,10.2774263727803,10.2872101620424,10.3210860423914,10.3440458102298,10.3965368844187,10.41248480821,10.4638960102026,10.4916354713106,10.5106730161072,10.5290866033855,10.593907822748,10.6360567220812,10.6601333843442,10.6843374467243,10.7313253495371,10.8246583394885,10.8538355878974,10.8720694941213,10.9099876064889,10.9416767474147,11.0155924391561,11.0374606563941,11.0590520678948,11.1057167662389,11.1301699147648,11.1418093252573,11.1770734698683,11.1960160400594,11.2735042984296,11.3368430026265,11.3537622262993,11.3882832254628,11.4462830005939,11.4837473233697,11.5149036896078,11.5482102696044,11.5624584187873,11.5945863825417,11.6791479612584,11.6977590090398,11.7417290433406,11.7795796315251,11.8045051418904,11.827369976603,11.883017027488,11.9113696748087,11.9860543507827,12.0029089363878,12.0527662233693,12.1175890938424,12.1272978389298,12.1915357194127,12.2411860930662,12.2725008459189,12.29617335625,12.3136401607564,12.3860955978477,12.4119814094156,12.4178875112369,12.4695331811407,12.4872337190471,12.5798257458128,12.5966778818879,12.6488259119573,12.6887641343602,12.7115116740957,12.7666853344686,12.8505853008651,12.8776053270983,12.8826237868656,12.9155995378605,12.9361618507731,13.0116521339865,13.0381581624421,13.0688112839155,13.1097413539399,13.1199624496178,13.1891560560969,13.2480147748237,13.2868295060705,13.3285153470353,13.3879966475835,13.4584375317429,13.472298904974,13.4965668244652,13.531813188759,13.5722835015481,13.5929395478974,13.6417868884577,13.6896314870111,13.7467480773106,13.7851182504142,13.8209246609102,13.851493176362,13.9107154997606,13.9540658721593,14.0290333937496,14.0537622879499,14.1218973068784,14.1333312437929,14.2015043889041,14.2067724240719,14.2114131199797,14.3184281229716,14.3761964049114,14.4336216171758,14.4656412371511,14.5333848390127,14.6005593214217,14.6535262603753,14.6835703147492,14.6981065728916,14.8013410718132,14.8200893397333,14.8656875463991,14.9738411320813,15.0562772549892,15.1768675688204,15.1885371334329,15.2206734741177,15.3402451385337,15.3612210598232,15.3912561499806,15.5157882373665,15.5755265375171,15.6177368658212,15.6852882914286,15.7172953302685,15.8426075503744,15.9346720707258,15.9591080176715,16.1330549754384,16.180176324609,16.21787613518,16.3410003407713,16.4662595874782,16.5722160420487,16.6015801035687,16.7409075019217,16.8158656988751,16.8337750171877,17.0164007812944,17.1339819712841,17.2874182037745,17.4812629891157,17.8919011191431,17.9819351537147,18.0700475337531,18.203024927745,18.3044063392416,18.4320667559792,18.6097275092413,18.9238410494564,18.9534759386616,19.1251549605007,19.3803590759614,19.5732951328525,19.7403827327247,20.0509821182117,20.20645062152,20.6175680085538,20.99641654593,21.4063364113265,23.2438366038252,NA,NA,NA,NA,NA,NA,NA,NA,NA,NA,NA,NA,NA,NA,NA,NA,NA,NA,NA,NA,NA,NA,NA,NA,NA,NA,NA,NA,NA,NA,NA,NA,NA,NA,NA,NA,NA,NA,NA,NA,NA,NA,NA,NA,NA,NA,NA,NA
0.557092252190627,0.663896648671137,0.863498958638505,1.02661128406125,1.10998429463066,1.36287135136453,1.44717035196537,1.50892136006343,1.59961609766011,1.72470106994239,1.80370307868105,1.84940914429557,1.85643779671505,1.97761307435819,2.24711101178175,2.25854238837317,2.33499926644372,2.38980980903283,2.47805425593076,2.57991367307421,2.67807468525463,2.71769953891735,2.82267892499847,2.85182444908157,2.89852801786611,2.98110838261533,3.08088402820952,3.12535398921445,3.16353529274562,3.19396296687732,3.28541134826561,3.34495982775057,3.38760039941316,3.45684345644576,3.50902348133849,3.52269479400818,3.61240941273727,3.65564971114062,3.76547026451117,3.81309338714697,3.86342101406709,3.90518150272079,3.95365516735965,3.99642095359109,4.09474788670665,4.11049863970573,4.21825264473212,4.24922538406455,4.26677185294961,4.2916934764118,4.33866311225443,4.3891829320855,4.40443475494895,4.42052117804979,4.52488838939365,4.59616702779214,4.61209852572834,4.64321833951029,4.72723238670634,4.79054634138167,4.80713889964553,4.84814279087576,4.89086396059641,4.91200990609985,4.97627822595476,4.99932040155999,5.02249560089867,5.08194332341201,5.11515593858883,5.15165983054157,5.16486127897201,5.18925619675959,5.20341219857142,5.21547597694389,5.2922550724343,5.32348204386903,5.35856744033573,5.36640630741286,5.3979852701611,5.44204693771413,5.48408697781795,5.52376845061939,5.56613189489922,5.58776416613743,5.62748191837552,5.67578620637772,5.68666954143495,5.728313519038,5.7676342228735,5.78173643765545,5.80948593318885,5.84048391594871,5.87197310066908,5.89910562818661,5.91172950389061,5.92899429424236,5.95007715660119,6.00018542935262,6.0276383615179,6.05431774895112,6.06962961273339,6.10241089219373,6.1275765384626,6.1394423008693,6.21615448621245,6.25191285528764,6.28092502847409,6.30887943126096,6.32726443039425,6.35270297222206,6.35965334808573,6.37677383021384,6.41225029063469,6.43541855343961,6.45445740340373,6.49302593404207,6.5358596578075,6.57369158022344,6.59082636436405,6.60358681733399,6.69760224260584,6.72705601554176,6.75570566423893,6.78783141629839,6.79328368862436,6.80660689508719,6.84555210795562,6.86161873140901,6.87426282176874,6.89146908906208,6.91704941526139,6.92864888364139,6.95466725539434,6.98083597823362,7.01589111969996,7.02437234630704,7.04035918457861,7.05870189979169,7.08997047524431,7.12125788036255,7.16429015361132,7.19667950915095,7.22256425129764,7.24016577613383,7.25513390971702,7.28036507548609,7.30959598981845,7.3232713339237,7.33701409789519,7.34858365358189,7.36296071546765,7.40124214662562,7.43923703129822,7.4537030360886,7.46158614564911,7.50778920642158,7.53222670350424,7.56094693693893,7.57983252537704,7.6145032983216,7.63522889135672,7.6470861896269,7.65631599645649,7.6970627830359,7.70102905400043,7.71963590349295,7.74153972909809,7.77797124445321,7.82177225336748,7.84347229824996,7.84679410783579,7.87955643784238,7.89780026764671,7.92947709607796,7.9682678967651,7.97333083657065,8.00744417549991,8.03910681602055,8.04543746394263,8.08894723799586,8.13958815368642,8.1475347242885,8.16752168559746,8.19328982706913,8.20383241617795,8.25532978874822,8.2757287171297,8.31147636657156,8.32118410442141,8.35862346453238,8.37231956686656,8.39118621202842,8.42156858121305,8.448736383092,8.45454134675519,8.49377977008645,8.50944722858073,8.54218226135062,8.56026480528849,8.59433271016928,8.60715878930884,8.64568657902878,8.65792231236452,8.68018926397816,8.7019850717732,8.73116176512798,8.75274580754737,8.77780307075409,8.79945767948957,8.8377041408143,8.86597069975798,8.88393823512045,8.92567007624123,8.96796138663015,8.97234494095595,9.02637874676251,9.05378173990122,9.08952473147111,9.10076471622394,9.14674722124699,9.18990269319063,9.21255514498445,9.2382570703458,9.24288438872598,9.27641517971976,9.30122701712273,9.31433849385033,9.36180268017444,9.39598301994846,9.43200314153221,9.44485100821052,9.47208280860898,9.50305565858083,9.55830656242166,9.58518922206513,9.60521318339891,9.6443605995228,9.67662180227753,9.70809610971786,9.73747088739477,9.778218661893,9.79409572079191,9.8540790015887,9.88244456871281,9.93005823141949,9.95132138289627,9.97293159613814,9.98994976564905,10.0174237707245,10.0568444141403,10.085759499666,10.1116439176243,10.13716663545,10.2088089256633,10.230034529285,10.2598478661287,10.2774263727803,10.2872101620424,10.3210860423914,10.3440458102298,10.3965368844187,10.41248480821,10.4638960102026,10.4916354713106,10.5106730161072,10.5290866033855,10.593907822748,10.6360567220812,10.6601333843442,10.6843374467243,10.7313253495371,10.8246583394885,10.8538355878974,10.8720694941213,10.9099876064889,10.9416767474147,11.0155924391561,11.0374606563941,11.0590520678948,11.1057167662389,11.1301699147648,11.1418093252573,11.1770734698683,11.1960160400594,11.2735042984296,11.3368430026265,11.3537622262993,11.3882832254628,11.4462830005939,11.4837473233697,11.5149036896078,11.5482102696044,11.5624584187873,11.5945863825417,11.6791479612584,11.6977590090398,11.7417290433406,11.7795796315251,11.8045051418904,11.827369976603,11.883017027488,11.9113696748087,11.9860543507827,12.0029089363878,12.0527662233693,12.1175890938424,12.1272978389298,12.1915357194127,12.2411860930662,12.2725008459189,12.29617335625,12.3136401607564,12.3860955978477,12.4119814094156,12.4178875112369,12.4695331811407,12.4872337190471,12.5798257458128,12.5966778818879,12.6488259119573,12.6887641343602,12.7115116740957,12.7666853344686,12.8505853008651,12.8776053270983,12.8826237868656,12.9155995378605,12.9361618507731,13.0116521339865,13.0381581624421,13.0688112839155,13.1097413539399,13.1199624496178,13.1891560560969,13.2480147748237,13.2868295060705,13.3285153470353,13.3879966475835,13.4584375317429,13.472298904974,13.4965668244652,13.531813188759,13.5722835015481,13.5929395478974,13.6417868884577,13.6896314870111,13.7467480773106,13.7851182504142,13.8209246609102,13.851493176362,13.9107154997606,13.9540658721593,14.0290333937496,14.0537622879499,14.1218973068784,14.1333312437929,14.2015043889041,14.2067724240719,14.2114131199797,14.3184281229716,14.3761964049114,14.4336216171758,14.4656412371511,14.5333848390127,14.6005593214217,14.6535262603753,14.6835703147492,14.6981065728916,14.8013410718132,14.8200893397333,14.8656875463991,14.9738411320813,15.0562772549892,15.1768675688204,15.1885371334329,15.2206734741177,15.3402451385337,15.3612210598232,15.3912561499806,15.5157882373665,15.5755265375171,15.6177368658212,15.6852882914286,15.7172953302685,15.8426075503744,15.9346720707258,15.9591080176715,16.1330549754384,16.180176324609,16.21787613518,16.3410003407713,16.4662595874782,16.5722160420487,16.6015801035687,16.7409075019217,16.8158656988751,16.8337750171877,17.0164007812944,17.1339819712841,17.2874182037745,17.4812629891157,17.8919011191431,17.9819351537147,18.0700475337531,18.203024927745,18.3044063392416,18.4320667559792,18.6097275092413,18.9238410494564,18.9534759386616,19.1251549605007,19.3803590759614,19.5732951328525,19.7403827327247,20.0509821182117,20.20645062152,20.6175680085538,20.99641654593,21.4063364113265,23.2438366038252,NA,NA,NA,NA,NA,NA,NA,NA,NA,NA,NA,NA,NA,NA,NA,NA,NA,NA,NA,NA,NA,NA,NA,NA,NA,NA,NA,NA,NA,NA,NA,NA,NA,NA,NA,NA,NA,NA,NA,NA,NA,NA,NA,NA,NA,NA,NA,NA
0.557092252190627,0.663896648671137,0.863498958638505,1.02661128406125,1.10998429463066,1.36287135136453,1.44717035196537,1.50892136006343,1.59961609766011,1.72470106994239,1.80370307868105,1.84940914429557,1.85643779671505,1.97761307435819,2.24711101178175,2.25854238837317,2.33499926644372,2.38980980903283,2.47805425593076,2.57991367307421,2.67807468525463,2.71769953891735,2.82267892499847,2.85182444908157,2.89852801786611,2.98110838261533,3.08088402820952,3.12535398921445,3.16353529274562,3.19396296687732,3.28541134826561,3.34495982775057,3.38760039941316,3.45684345644576,3.50902348133849,3.52269479400818,3.61240941273727,3.65564971114062,3.76547026451117,3.81309338714697,3.86342101406709,3.90518150272079,3.95365516735965,3.99642095359109,4.09474788670665,4.11049863970573,4.21825264473212,4.24922538406455,4.26677185294961,4.2916934764118,4.33866311225443,4.3891829320855,4.40443475494895,4.42052117804979,4.52488838939365,4.59616702779214,4.61209852572834,4.64321833951029,4.72723238670634,4.79054634138167,4.80713889964553,4.84814279087576,4.89086396059641,4.91200990609985,4.97627822595476,4.99932040155999,5.02249560089867,5.08194332341201,5.11515593858883,5.15165983054157,5.16486127897201,5.18925619675959,5.20341219857142,5.21547597694389,5.2922550724343,5.32348204386903,5.35856744033573,5.36640630741286,5.3979852701611,5.44204693771413,5.48408697781795,5.52376845061939,5.56613189489922,5.58776416613743,5.62748191837552,5.67578620637772,5.68666954143495,5.728313519038,5.7676342228735,5.78173643765545,5.80948593318885,5.84048391594871,5.87197310066908,5.89910562818661,5.91172950389061,5.92899429424236,5.95007715660119,6.00018542935262,6.0276383615179,6.05431774895112,6.06962961273339,6.10241089219373,6.1275765384626,6.1394423008693,6.21615448621245,6.25191285528764,6.28092502847409,6.30887943126096,6.32726443039425,6.35270297222206,6.35965334808573,6.37677383021384,6.41225029063469,6.43541855343961,6.45445740340373,6.49302593404207,6.5358596578075,6.57369158022344,6.59082636436405,6.60358681733399,6.69760224260584,6.72705601554176,6.75570566423893,6.78783141629839,6.79328368862436,6.80660689508719,6.84555210795562,6.86161873140901,6.87426282176874,6.89146908906208,6.91704941526139,6.92864888364139,6.95466725539434,6.98083597823362,7.01589111969996,7.02437234630704,7.04035918457861,7.05870189979169,7.08997047524431,7.12125788036255,7.16429015361132,7.19667950915095,7.22256425129764,7.24016577613383,7.25513390971702,7.28036507548609,7.30959598981845,7.3232713339237,7.33701409789519,7.34858365358189,7.36296071546765,7.40124214662562,7.43923703129822,7.4537030360886,7.46158614564911,7.50778920642158,7.53222670350424,7.56094693693893,7.57983252537704,7.6145032983216,7.63522889135672,7.6470861896269,7.65631599645649,7.6970627830359,7.70102905400043,7.71963590349295,7.74153972909809,7.77797124445321,7.82177225336748,7.84347229824996,7.84679410783579,7.87955643784238,7.89780026764671,7.92947709607796,7.9682678967651,7.97333083657065,8.00744417549991,8.03910681602055,8.04543746394263,8.08894723799586,8.13958815368642,8.1475347242885,8.16752168559746,8.19328982706913,8.20383241617795,8.25532978874822,8.2757287171297,8.31147636657156,8.32118410442141,8.35862346453238,8.37231956686656,8.39118621202842,8.42156858121305,8.448736383092,8.45454134675519,8.49377977008645,8.50944722858073,8.54218226135062,8.56026480528849,8.59433271016928,8.60715878930884,8.64568657902878,8.65792231236452,8.68018926397816,8.7019850717732,8.73116176512798,8.75274580754737,8.77780307075409,8.79945767948957,8.8377041408143,8.86597069975798,8.88393823512045,8.92567007624123,8.96796138663015,8.97234494095595,9.02637874676251,9.05378173990122,9.08952473147111,9.10076471622394,9.14674722124699,9.18990269319063,9.21255514498445,9.2382570703458,9.24288438872598,9.27641517971976,9.30122701712273,9.31433849385033,9.36180268017444,9.39598301994846,9.43200314153221,9.44485100821052,9.47208280860898,9.50305565858083,9.55830656242166,9.58518922206513,9.60521318339891,9.6443605995228,9.67662180227753,9.70809610971786,9.73747088739477,9.778218661893,9.79409572079191,9.8540790015887,9.88244456871281,9.93005823141949,9.95132138289627,9.97293159613814,9.98994976564905,10.0174237707245,10.0568444141403,10.085759499666,10.1116439176243,10.13716663545,10.2088089256633,10.230034529285,10.2598478661287,10.2774263727803,10.2872101620424,10.3210860423914,10.3440458102298,10.3965368844187,10.41248480821,10.4638960102026,10.4916354713106,10.5106730161072,10.5290866033855,10.593907822748,10.6360567220812,10.6601333843442,10.6843374467243,10.7313253495371,10.8246583394885,10.8538355878974,10.8720694941213,10.9099876064889,10.9416767474147,11.0155924391561,11.0374606563941,11.0590520678948,11.1057167662389,11.1301699147648,11.1418093252573,11.1770734698683,11.1960160400594,11.2735042984296,11.3368430026265,11.3537622262993,11.3882832254628,11.4462830005939,11.4837473233697,11.5149036896078,11.5482102696044,11.5624584187873,11.5945863825417,11.6791479612584,11.6977590090398,11.7417290433406,11.7795796315251,11.8045051418904,11.827369976603,11.883017027488,11.9113696748087,11.9860543507827,12.0029089363878,12.0527662233693,12.1175890938424,12.1272978389298,12.1915357194127,12.2411860930662,12.2725008459189,12.29617335625,12.3136401607564,12.3860955978477,12.4119814094156,12.4178875112369,12.4695331811407,12.4872337190471,12.5798257458128,12.5966778818879,12.6488259119573,12.6887641343602,12.7115116740957,12.7666853344686,12.8505853008651,12.8776053270983,12.8826237868656,12.9155995378605,12.9361618507731,13.0116521339865,13.0381581624421,13.0688112839155,13.1097413539399,13.1199624496178,13.1891560560969,13.2480147748237,13.2868295060705,13.3285153470353,13.3879966475835,13.4584375317429,13.472298904974,13.4965668244652,13.531813188759,13.5722835015481,13.5929395478974,13.6417868884577,13.6896314870111,13.7467480773106,13.7851182504142,13.8209246609102,13.851493176362,13.9107154997606,13.9540658721593,14.0290333937496,14.0537622879499,14.1218973068784,14.1333312437929,14.2015043889041,14.2067724240719,14.2114131199797,14.3184281229716,14.3761964049114,14.4336216171758,14.4656412371511,14.5333848390127,14.6005593214217,14.6535262603753,14.6835703147492,14.6981065728916,14.8013410718132,14.8200893397333,14.8656875463991,14.9738411320813,15.0562772549892,15.1768675688204,15.1885371334329,15.2206734741177,15.3402451385337,15.3612210598232,15.3912561499806,15.5157882373665,15.5755265375171,15.6177368658212,15.6852882914286,15.7172953302685,15.8426075503744,15.9346720707258,15.9591080176715,16.1330549754384,16.180176324609,16.21787613518,16.3410003407713,16.4662595874782,16.5722160420487,16.6015801035687,16.7409075019217,16.8158656988751,16.8337750171877,17.0164007812944,17.1339819712841,17.2874182037745,17.4812629891157,17.8919011191431,17.9819351537147,18.0700475337531,18.203024927745,18.3044063392416,18.4320667559792,18.6097275092413,18.9238410494564,18.9534759386616,19.1251549605007,19.3803590759614,19.5732951328525,19.7403827327247,20.0509821182117,20.20645062152,20.6175680085538,20.99641654593,21.4063364113265,23.2438366038252,NA,NA,NA,NA,NA,NA,NA,NA,NA,NA,NA,NA,NA,NA,NA,NA,NA,NA,NA,NA,NA,NA,NA,NA,NA,NA,NA,NA,NA,NA,NA,NA,NA,NA,NA,NA,NA,NA,NA,NA,NA,NA,NA,NA,NA,NA,NA,NA
0.557092252190627,0.663896648671137,0.863498958638505,1.02661128406125,1.10998429463066,1.36287135136453,1.44717035196537,1.50892136006343,1.59961609766011,1.72470106994239,1.80370307868105,1.84940914429557,1.85643779671505,1.97761307435819,2.24711101178175,2.25854238837317,2.33499926644372,2.38980980903283,2.47805425593076,2.57991367307421,2.67807468525463,2.71769953891735,2.82267892499847,2.85182444908157,2.89852801786611,2.98110838261533,3.08088402820952,3.12535398921445,3.16353529274562,3.19396296687732,3.28541134826561,3.34495982775057,3.38760039941316,3.45684345644576,3.50902348133849,3.52269479400818,3.61240941273727,3.65564971114062,3.76547026451117,3.81309338714697,3.86342101406709,3.90518150272079,3.95365516735965,3.99642095359109,4.09474788670665,4.11049863970573,4.21825264473212,4.24922538406455,4.26677185294961,4.2916934764118,4.33866311225443,4.3891829320855,4.40443475494895,4.42052117804979,4.52488838939365,4.59616702779214,4.61209852572834,4.64321833951029,4.72723238670634,4.79054634138167,4.80713889964553,4.84814279087576,4.89086396059641,4.91200990609985,4.97627822595476,4.99932040155999,5.02249560089867,5.08194332341201,5.11515593858883,5.15165983054157,5.16486127897201,5.18925619675959,5.20341219857142,5.21547597694389,5.2922550724343,5.32348204386903,5.35856744033573,5.36640630741286,5.3979852701611,5.44204693771413,5.48408697781795,5.52376845061939,5.56613189489922,5.58776416613743,5.62748191837552,5.67578620637772,5.68666954143495,5.728313519038,5.7676342228735,5.78173643765545,5.80948593318885,5.84048391594871,5.87197310066908,5.89910562818661,5.91172950389061,5.92899429424236,5.95007715660119,6.00018542935262,6.0276383615179,6.05431774895112,6.06962961273339,6.10241089219373,6.1275765384626,6.1394423008693,6.21615448621245,6.25191285528764,6.28092502847409,6.30887943126096,6.32726443039425,6.35270297222206,6.35965334808573,6.37677383021384,6.41225029063469,6.43541855343961,6.45445740340373,6.49302593404207,6.5358596578075,6.57369158022344,6.59082636436405,6.60358681733399,6.69760224260584,6.72705601554176,6.75570566423893,6.78783141629839,6.79328368862436,6.80660689508719,6.84555210795562,6.86161873140901,6.87426282176874,6.89146908906208,6.91704941526139,6.92864888364139,6.95466725539434,6.98083597823362,7.01589111969996,7.02437234630704,7.04035918457861,7.05870189979169,7.08997047524431,7.12125788036255,7.16429015361132,7.19667950915095,7.22256425129764,7.24016577613383,7.25513390971702,7.28036507548609,7.30959598981845,7.3232713339237,7.33701409789519,7.34858365358189,7.36296071546765,7.40124214662562,7.43923703129822,7.4537030360886,7.46158614564911,7.50778920642158,7.53222670350424,7.56094693693893,7.57983252537704,7.6145032983216,7.63522889135672,7.6470861896269,7.65631599645649,7.6970627830359,7.70102905400043,7.71963590349295,7.74153972909809,7.77797124445321,7.82177225336748,7.84347229824996,7.84679410783579,7.87955643784238,7.89780026764671,7.92947709607796,7.9682678967651,7.97333083657065,8.00744417549991,8.03910681602055,8.04543746394263,8.08894723799586,8.13958815368642,8.1475347242885,8.16752168559746,8.19328982706913,8.20383241617795,8.25532978874822,8.2757287171297,8.31147636657156,8.32118410442141,8.35862346453238,8.37231956686656,8.39118621202842,8.42156858121305,8.448736383092,8.45454134675519,8.49377977008645,8.50944722858073,8.54218226135062,8.56026480528849,8.59433271016928,8.60715878930884,8.64568657902878,8.65792231236452,8.68018926397816,8.7019850717732,8.73116176512798,8.75274580754737,8.77780307075409,8.79945767948957,8.8377041408143,8.86597069975798,8.88393823512045,8.92567007624123,8.96796138663015,8.97234494095595,9.02637874676251,9.05378173990122,9.08952473147111,9.10076471622394,9.14674722124699,9.18990269319063,9.21255514498445,9.2382570703458,9.24288438872598,9.27641517971976,9.30122701712273,9.31433849385033,9.36180268017444,9.39598301994846,9.43200314153221,9.44485100821052,9.47208280860898,9.50305565858083,9.55830656242166,9.58518922206513,9.60521318339891,9.6443605995228,9.67662180227753,9.70809610971786,9.73747088739477,9.778218661893,9.79409572079191,9.8540790015887,9.88244456871281,9.93005823141949,9.95132138289627,9.97293159613814,9.98994976564905,10.0174237707245,10.0568444141403,10.085759499666,10.1116439176243,10.13716663545,10.2088089256633,10.230034529285,10.2598478661287,10.2774263727803,10.2872101620424,10.3210860423914,10.3440458102298,10.3965368844187,10.41248480821,10.4638960102026,10.4916354713106,10.5106730161072,10.5290866033855,10.593907822748,10.6360567220812,10.6601333843442,10.6843374467243,10.7313253495371,10.8246583394885,10.8538355878974,10.8720694941213,10.9099876064889,10.9416767474147,11.0155924391561,11.0374606563941,11.0590520678948,11.1057167662389,11.1301699147648,11.1418093252573,11.1770734698683,11.1960160400594,11.2735042984296,11.3368430026265,11.3537622262993,11.3882832254628,11.4462830005939,11.4837473233697,11.5149036896078,11.5482102696044,11.5624584187873,11.5945863825417,11.6791479612584,11.6977590090398,11.7417290433406,11.7795796315251,11.8045051418904,11.827369976603,11.883017027488,11.9113696748087,11.9860543507827,12.0029089363878,12.0527662233693,12.1175890938424,12.1272978389298,12.1915357194127,12.2411860930662,12.2725008459189,12.29617335625,12.3136401607564,12.3860955978477,12.4119814094156,12.4178875112369,12.4695331811407,12.4872337190471,12.5798257458128,12.5966778818879,12.6488259119573,12.6887641343602,12.7115116740957,12.7666853344686,12.8505853008651,12.8776053270983,12.8826237868656,12.9155995378605,12.9361618507731,13.0116521339865,13.0381581624421,13.0688112839155,13.1097413539399,13.1199624496178,13.1891560560969,13.2480147748237,13.2868295060705,13.3285153470353,13.3879966475835,13.4584375317429,13.472298904974,13.4965668244652,13.531813188759,13.5722835015481,13.5929395478974,13.6417868884577,13.6896314870111,13.7467480773106,13.7851182504142,13.8209246609102,13.851493176362,13.9107154997606,13.9540658721593,14.0290333937496,14.0537622879499,14.1218973068784,14.1333312437929,14.2015043889041,14.2067724240719,14.2114131199797,14.3184281229716,14.3761964049114,14.4336216171758,14.4656412371511,14.5333848390127,14.6005593214217,14.6535262603753,14.6835703147492,14.6981065728916,14.8013410718132,14.8200893397333,14.8656875463991,14.9738411320813,15.0562772549892,15.1768675688204,15.1885371334329,15.2206734741177,15.3402451385337,15.3612210598232,15.3912561499806,15.5157882373665,15.5755265375171,15.6177368658212,15.6852882914286,15.7172953302685,15.8426075503744,15.9346720707258,15.9591080176715,16.1330549754384,16.180176324609,16.21787613518,16.3410003407713,16.4662595874782,16.5722160420487,16.6015801035687,16.7409075019217,16.8158656988751,16.8337750171877,17.0164007812944,17.1339819712841,17.2874182037745,17.4812629891157,17.8919011191431,17.9819351537147,18.0700475337531,18.203024927745,18.3044063392416,18.4320667559792,18.6097275092413,18.9238410494564,18.9534759386616,19.1251549605007,19.3803590759614,19.5732951328525,19.7403827327247,20.0509821182117,20.20645062152,20.6175680085538,20.99641654593,21.4063364113265,23.2438366038252,NA,NA,NA,NA,NA,NA,NA,NA,NA,NA,NA,NA,NA,NA,NA,NA,NA,NA,NA,NA,NA,NA,NA,NA,NA,NA,NA,NA,NA,NA,NA,NA,NA,NA,NA,NA,NA,NA,NA,NA,NA,NA,NA,NA,NA,NA,NA,NA
0.557092252190627,0.663896648671137,0.863498958638505,1.02661128406125,1.10998429463066,1.36287135136453,1.44717035196537,1.50892136006343,1.59961609766011,1.72470106994239,1.80370307868105,1.84940914429557,1.85643779671505,1.97761307435819,2.24711101178175,2.25854238837317,2.33499926644372,2.38980980903283,2.47805425593076,2.57991367307421,2.67807468525463,2.71769953891735,2.82267892499847,2.85182444908157,2.89852801786611,2.98110838261533,3.08088402820952,3.12535398921445,3.16353529274562,3.19396296687732,3.28541134826561,3.34495982775057,3.38760039941316,3.45684345644576,3.50902348133849,3.52269479400818,3.61240941273727,3.65564971114062,3.76547026451117,3.81309338714697,3.86342101406709,3.90518150272079,3.95365516735965,3.99642095359109,4.09474788670665,4.11049863970573,4.21825264473212,4.24922538406455,4.26677185294961,4.2916934764118,4.33866311225443,4.3891829320855,4.40443475494895,4.42052117804979,4.52488838939365,4.59616702779214,4.61209852572834,4.64321833951029,4.72723238670634,4.79054634138167,4.80713889964553,4.84814279087576,4.89086396059641,4.91200990609985,4.97627822595476,4.99932040155999,5.02249560089867,5.08194332341201,5.11515593858883,5.15165983054157,5.16486127897201,5.18925619675959,5.20341219857142,5.21547597694389,5.2922550724343,5.32348204386903,5.35856744033573,5.36640630741286,5.3979852701611,5.44204693771413,5.48408697781795,5.52376845061939,5.56613189489922,5.58776416613743,5.62748191837552,5.67578620637772,5.68666954143495,5.728313519038,5.7676342228735,5.78173643765545,5.80948593318885,5.84048391594871,5.87197310066908,5.89910562818661,5.91172950389061,5.92899429424236,5.95007715660119,6.00018542935262,6.0276383615179,6.05431774895112,6.06962961273339,6.10241089219373,6.1275765384626,6.1394423008693,6.21615448621245,6.25191285528764,6.28092502847409,6.30887943126096,6.32726443039425,6.35270297222206,6.35965334808573,6.37677383021384,6.41225029063469,6.43541855343961,6.45445740340373,6.49302593404207,6.5358596578075,6.57369158022344,6.59082636436405,6.60358681733399,6.69760224260584,6.72705601554176,6.75570566423893,6.78783141629839,6.79328368862436,6.80660689508719,6.84555210795562,6.86161873140901,6.87426282176874,6.89146908906208,6.91704941526139,6.92864888364139,6.95466725539434,6.98083597823362,7.01589111969996,7.02437234630704,7.04035918457861,7.05870189979169,7.08997047524431,7.12125788036255,7.16429015361132,7.19667950915095,7.22256425129764,7.24016577613383,7.25513390971702,7.28036507548609,7.30959598981845,7.3232713339237,7.33701409789519,7.34858365358189,7.36296071546765,7.40124214662562,7.43923703129822,7.4537030360886,7.46158614564911,7.50778920642158,7.53222670350424,7.56094693693893,7.57983252537704,7.6145032983216,7.63522889135672,7.6470861896269,7.65631599645649,7.6970627830359,7.70102905400043,7.71963590349295,7.74153972909809,7.77797124445321,7.82177225336748,7.84347229824996,7.84679410783579,7.87955643784238,7.89780026764671,7.92947709607796,7.9682678967651,7.97333083657065,8.00744417549991,8.03910681602055,8.04543746394263,8.08894723799586,8.13958815368642,8.1475347242885,8.16752168559746,8.19328982706913,8.20383241617795,8.25532978874822,8.2757287171297,8.31147636657156,8.32118410442141,8.35862346453238,8.37231956686656,8.39118621202842,8.42156858121305,8.448736383092,8.45454134675519,8.49377977008645,8.50944722858073,8.54218226135062,8.56026480528849,8.59433271016928,8.60715878930884,8.64568657902878,8.65792231236452,8.68018926397816,8.7019850717732,8.73116176512798,8.75274580754737,8.77780307075409,8.79945767948957,8.8377041408143,8.86597069975798,8.88393823512045,8.92567007624123,8.96796138663015,8.97234494095595,9.02637874676251,9.05378173990122,9.08952473147111,9.10076471622394,9.14674722124699,9.18990269319063,9.21255514498445,9.2382570703458,9.24288438872598,9.27641517971976,9.30122701712273,9.31433849385033,9.36180268017444,9.39598301994846,9.43200314153221,9.44485100821052,9.47208280860898,9.50305565858083,9.55830656242166,9.58518922206513,9.60521318339891,9.6443605995228,9.67662180227753,9.70809610971786,9.73747088739477,9.778218661893,9.79409572079191,9.8540790015887,9.88244456871281,9.93005823141949,9.95132138289627,9.97293159613814,9.98994976564905,10.0174237707245,10.0568444141403,10.085759499666,10.1116439176243,10.13716663545,10.2088089256633,10.230034529285,10.2598478661287,10.2774263727803,10.2872101620424,10.3210860423914,10.3440458102298,10.3965368844187,10.41248480821,10.4638960102026,10.4916354713106,10.5106730161072,10.5290866033855,10.593907822748,10.6360567220812,10.6601333843442,10.6843374467243,10.7313253495371,10.8246583394885,10.8538355878974,10.8720694941213,10.9099876064889,10.9416767474147,11.0155924391561,11.0374606563941,11.0590520678948,11.1057167662389,11.1301699147648,11.1418093252573,11.1770734698683,11.1960160400594,11.2735042984296,11.3368430026265,11.3537622262993,11.3882832254628,11.4462830005939,11.4837473233697,11.5149036896078,11.5482102696044,11.5624584187873,11.5945863825417,11.6791479612584,11.6977590090398,11.7417290433406,11.7795796315251,11.8045051418904,11.827369976603,11.883017027488,11.9113696748087,11.9860543507827,12.0029089363878,12.0527662233693,12.1175890938424,12.1272978389298,12.1915357194127,12.2411860930662,12.2725008459189,12.29617335625,12.3136401607564,12.3860955978477,12.4119814094156,12.4178875112369,12.4695331811407,12.4872337190471,12.5798257458128,12.5966778818879,12.6488259119573,12.6887641343602,12.7115116740957,12.7666853344686,12.8505853008651,12.8776053270983,12.8826237868656,12.9155995378605,12.9361618507731,13.0116521339865,13.0381581624421,13.0688112839155,13.1097413539399,13.1199624496178,13.1891560560969,13.2480147748237,13.2868295060705,13.3285153470353,13.3879966475835,13.4584375317429,13.472298904974,13.4965668244652,13.531813188759,13.5722835015481,13.5929395478974,13.6417868884577,13.6896314870111,13.7467480773106,13.7851182504142,13.8209246609102,13.851493176362,13.9107154997606,13.9540658721593,14.0290333937496,14.0537622879499,14.1218973068784,14.1333312437929,14.2015043889041,14.2067724240719,14.2114131199797,14.3184281229716,14.3761964049114,14.4336216171758,14.4656412371511,14.5333848390127,14.6005593214217,14.6535262603753,14.6835703147492,14.6981065728916,14.8013410718132,14.8200893397333,14.8656875463991,14.9738411320813,15.0562772549892,15.1768675688204,15.1885371334329,15.2206734741177,15.3402451385337,15.3612210598232,15.3912561499806,15.5157882373665,15.5755265375171,15.6177368658212,15.6852882914286,15.7172953302685,15.8426075503744,15.9346720707258,15.9591080176715,16.1330549754384,16.180176324609,16.21787613518,16.3410003407713,16.4662595874782,16.5722160420487,16.6015801035687,16.7409075019217,16.8158656988751,16.8337750171877,17.0164007812944,17.1339819712841,17.2874182037745,17.4812629891157,17.8919011191431,17.9819351537147,18.0700475337531,18.203024927745,18.3044063392416,18.4320667559792,18.6097275092413,18.9238410494564,18.9534759386616,19.1251549605007,19.3803590759614,19.5732951328525,19.7403827327247,20.0509821182117,20.20645062152,20.6175680085538,20.99641654593,21.4063364113265,23.2438366038252,NA,NA,NA,NA,NA,NA,NA,NA,NA,NA,NA,NA,NA,NA,NA,NA,NA,NA,NA,NA,NA,NA,NA,NA,NA,NA,NA,NA,NA,NA,NA,NA,NA,NA,NA,NA,NA,NA,NA,NA,NA,NA,NA,NA,NA,NA,NA,NA
0.557092252190627,0.663896648671137,0.863498958638505,1.02661128406125,1.10998429463066,1.36287135136453,1.44717035196537,1.50892136006343,1.59961609766011,1.72470106994239,1.80370307868105,1.84940914429557,1.85643779671505,1.97761307435819,2.24711101178175,2.25854238837317,2.33499926644372,2.38980980903283,2.47805425593076,2.57991367307421,2.67807468525463,2.71769953891735,2.82267892499847,2.85182444908157,2.89852801786611,2.98110838261533,3.08088402820952,3.12535398921445,3.16353529274562,3.19396296687732,3.28541134826561,3.34495982775057,3.38760039941316,3.45684345644576,3.50902348133849,3.52269479400818,3.61240941273727,3.65564971114062,3.76547026451117,3.81309338714697,3.86342101406709,3.90518150272079,3.95365516735965,3.99642095359109,4.09474788670665,4.11049863970573,4.21825264473212,4.24922538406455,4.26677185294961,4.2916934764118,4.33866311225443,4.3891829320855,4.40443475494895,4.42052117804979,4.52488838939365,4.59616702779214,4.61209852572834,4.64321833951029,4.72723238670634,4.79054634138167,4.80713889964553,4.84814279087576,4.89086396059641,4.91200990609985,4.97627822595476,4.99932040155999,5.02249560089867,5.08194332341201,5.11515593858883,5.15165983054157,5.16486127897201,5.18925619675959,5.20341219857142,5.21547597694389,5.2922550724343,5.32348204386903,5.35856744033573,5.36640630741286,5.3979852701611,5.44204693771413,5.48408697781795,5.52376845061939,5.56613189489922,5.58776416613743,5.62748191837552,5.67578620637772,5.68666954143495,5.728313519038,5.7676342228735,5.78173643765545,5.80948593318885,5.84048391594871,5.87197310066908,5.89910562818661,5.91172950389061,5.92899429424236,5.95007715660119,6.00018542935262,6.0276383615179,6.05431774895112,6.06962961273339,6.10241089219373,6.1275765384626,6.1394423008693,6.21615448621245,6.25191285528764,6.28092502847409,6.30887943126096,6.32726443039425,6.35270297222206,6.35965334808573,6.37677383021384,6.41225029063469,6.43541855343961,6.45445740340373,6.49302593404207,6.5358596578075,6.57369158022344,6.59082636436405,6.60358681733399,6.69760224260584,6.72705601554176,6.75570566423893,6.78783141629839,6.79328368862436,6.80660689508719,6.84555210795562,6.86161873140901,6.87426282176874,6.89146908906208,6.91704941526139,6.92864888364139,6.95466725539434,6.98083597823362,7.01589111969996,7.02437234630704,7.04035918457861,7.05870189979169,7.08997047524431,7.12125788036255,7.16429015361132,7.19667950915095,7.22256425129764,7.24016577613383,7.25513390971702,7.28036507548609,7.30959598981845,7.3232713339237,7.33701409789519,7.34858365358189,7.36296071546765,7.40124214662562,7.43923703129822,7.4537030360886,7.46158614564911,7.50778920642158,7.53222670350424,7.56094693693893,7.57983252537704,7.6145032983216,7.63522889135672,7.6470861896269,7.65631599645649,7.6970627830359,7.70102905400043,7.71963590349295,7.74153972909809,7.77797124445321,7.82177225336748,7.84347229824996,7.84679410783579,7.87955643784238,7.89780026764671,7.92947709607796,7.9682678967651,7.97333083657065,8.00744417549991,8.03910681602055,8.04543746394263,8.08894723799586,8.13958815368642,8.1475347242885,8.16752168559746,8.19328982706913,8.20383241617795,8.25532978874822,8.2757287171297,8.31147636657156,8.32118410442141,8.35862346453238,8.37231956686656,8.39118621202842,8.42156858121305,8.448736383092,8.45454134675519,8.49377977008645,8.50944722858073,8.54218226135062,8.56026480528849,8.59433271016928,8.60715878930884,8.64568657902878,8.65792231236452,8.68018926397816,8.7019850717732,8.73116176512798,8.75274580754737,8.77780307075409,8.79945767948957,8.8377041408143,8.86597069975798,8.88393823512045,8.92567007624123,8.96796138663015,8.97234494095595,9.02637874676251,9.05378173990122,9.08952473147111,9.10076471622394,9.14674722124699,9.18990269319063,9.21255514498445,9.2382570703458,9.24288438872598,9.27641517971976,9.30122701712273,9.31433849385033,9.36180268017444,9.39598301994846,9.43200314153221,9.44485100821052,9.47208280860898,9.50305565858083,9.55830656242166,9.58518922206513,9.60521318339891,9.6443605995228,9.67662180227753,9.70809610971786,9.73747088739477,9.778218661893,9.79409572079191,9.8540790015887,9.88244456871281,9.93005823141949,9.95132138289627,9.97293159613814,9.98994976564905,10.0174237707245,10.0568444141403,10.085759499666,10.1116439176243,10.13716663545,10.2088089256633,10.230034529285,10.2598478661287,10.2774263727803,10.2872101620424,10.3210860423914,10.3440458102298,10.3965368844187,10.41248480821,10.4638960102026,10.4916354713106,10.5106730161072,10.5290866033855,10.593907822748,10.6360567220812,10.6601333843442,10.6843374467243,10.7313253495371,10.8246583394885,10.8538355878974,10.8720694941213,10.9099876064889,10.9416767474147,11.0155924391561,11.0374606563941,11.0590520678948,11.1057167662389,11.1301699147648,11.1418093252573,11.1770734698683,11.1960160400594,11.2735042984296,11.3368430026265,11.3537622262993,11.3882832254628,11.4462830005939,11.4837473233697,11.5149036896078,11.5482102696044,11.5624584187873,11.5945863825417,11.6791479612584,11.6977590090398,11.7417290433406,11.7795796315251,11.8045051418904,11.827369976603,11.883017027488,11.9113696748087,11.9860543507827,12.0029089363878,12.0527662233693,12.1175890938424,12.1272978389298,12.1915357194127,12.2411860930662,12.2725008459189,12.29617335625,12.3136401607564,12.3860955978477,12.4119814094156,12.4178875112369,12.4695331811407,12.4872337190471,12.5798257458128,12.5966778818879,12.6488259119573,12.6887641343602,12.7115116740957,12.7666853344686,12.8505853008651,12.8776053270983,12.8826237868656,12.9155995378605,12.9361618507731,13.0116521339865,13.0381581624421,13.0688112839155,13.1097413539399,13.1199624496178,13.1891560560969,13.2480147748237,13.2868295060705,13.3285153470353,13.3879966475835,13.4584375317429,13.472298904974,13.4965668244652,13.531813188759,13.5722835015481,13.5929395478974,13.6417868884577,13.6896314870111,13.7467480773106,13.7851182504142,13.8209246609102,13.851493176362,13.9107154997606,13.9540658721593,14.0290333937496,14.0537622879499,14.1218973068784,14.1333312437929,14.2015043889041,14.2067724240719,14.2114131199797,14.3184281229716,14.3761964049114,14.4336216171758,14.4656412371511,14.5333848390127,14.6005593214217,14.6535262603753,14.6835703147492,14.6981065728916,14.8013410718132,14.8200893397333,14.8656875463991,14.9738411320813,15.0562772549892,15.1768675688204,15.1885371334329,15.2206734741177,15.3402451385337,15.3612210598232,15.3912561499806,15.5157882373665,15.5755265375171,15.6177368658212,15.6852882914286,15.7172953302685,15.8426075503744,15.9346720707258,15.9591080176715,16.1330549754384,16.180176324609,16.21787613518,16.3410003407713,16.4662595874782,16.5722160420487,16.6015801035687,16.7409075019217,16.8158656988751,16.8337750171877,17.0164007812944,17.1339819712841,17.2874182037745,17.4812629891157,17.8919011191431,17.9819351537147,18.0700475337531,18.203024927745,18.3044063392416,18.4320667559792,18.6097275092413,18.9238410494564,18.9534759386616,19.1251549605007,19.3803590759614,19.5732951328525,19.7403827327247,20.0509821182117,20.20645062152,20.6175680085538,20.99641654593,21.4063364113265,23.2438366038252,NA,NA,NA,NA,NA,NA,NA,NA,NA,NA,NA,NA,NA,NA,NA,NA,NA,NA,NA,NA,NA,NA,NA,NA,NA,NA,NA,NA,NA,NA,NA,NA,NA,NA,NA,NA,NA,NA,NA,NA,NA,NA,NA,NA,NA,NA,NA,NA
0.569493670388439,0.667182156968407,0.883013653856836,1.02914716705958,1.11682555457926,1.39497193226167,1.4559635560023,1.51468930736148,1.60412951446714,1.72731757084295,1.80857079317199,1.85023774330308,1.8617343646829,1.98337583396713,2.24762766344393,2.27558196776848,2.34030576542134,2.39094039950246,2.48613383809563,2.58059362576514,2.6794295896009,2.72181515098877,2.82528388124165,2.87492902863658,2.91226363838885,2.984147718217,3.0910486199082,3.14729938364498,3.19108016023969,3.2182739093391,3.28990245829261,3.35136030175637,3.40430351207992,3.46695785502079,3.5157369209933,3.54496341318639,3.6281355191478,3.66577909761341,3.78677066365289,3.84089154277305,3.87651308357182,3.92019006123368,3.98430373852826,4.03703515647353,4.11234663414185,4.20068040778163,4.24729203525601,4.26040057885164,4.29157940645792,4.31431108929679,4.37142598264541,4.39543103964259,4.40600764096165,4.50204465196642,4.57855060156794,4.60805779548001,4.64340011197985,4.66883367871577,4.72952916714496,4.80272947306402,4.80730933084149,4.87291737742247,4.90582681735884,4.93856085402583,4.97846644415452,5.01409496009262,5.03413032211548,5.09055342790336,5.13814472068255,5.15387036923962,5.18048258698765,5.19413817482983,5.21452321718057,5.29750666573775,5.32841718832815,5.35783542473641,5.38731484188017,5.39732657938744,5.44442189257657,5.47395684987186,5.52359940933351,5.55836719930971,5.58482903854613,5.62476024987718,5.67431559637881,5.68912187074344,5.7201867753272,5.72862921410061,5.77473705469411,5.8074144749252,5.83386791550584,5.88602285098569,5.88917811195725,5.90978626647298,5.93618360213442,5.9508241322759,5.99906489155901,6.02794880869141,6.05822254829059,6.08030068052325,6.1119605878621,6.12829756544167,6.1563217765103,6.21984012141201,6.23962219140622,6.27880817253303,6.32070254167545,6.32925503840875,6.34734652959531,6.36116829672605,6.39601695268445,6.40263595469367,6.43772170401314,6.45582745919623,6.4958818570403,6.53029478152943,6.5774548935434,6.59749514228088,6.60604987586726,6.69883955692763,6.72669367906999,6.75231324849459,6.78951180160604,6.79297162892661,6.80631215074039,6.86014205305079,6.86641000132299,6.87303179900285,6.89323571136321,6.91718529418277,6.94275802282817,6.98191636241591,7.01112350997026,7.01627101065432,7.02587412046876,7.0577889907928,7.08120969552223,7.10933920182421,7.12760148008343,7.19571909006782,7.20578654383099,7.23483569438667,7.25113947173524,7.27905018487498,7.28796780860081,7.30963870220221,7.32794626499941,7.33830846387459,7.35710448309596,7.39605818927643,7.41960109064948,7.446995448369,7.46225671565316,7.47607203220967,7.50968749356097,7.5325779693412,7.55678776772168,7.57857087053534,7.61748875039046,7.62718771868273,7.63661328457251,7.65796772952274,7.70420379008793,7.71789801988279,7.73342941802948,7.76939152690337,7.81682151202272,7.82907210550964,7.85645523107349,7.86853820628843,7.89958692439526,7.90620035092982,7.96068963279967,7.97315260211326,7.99461333602606,8.01788373997599,8.04230363776424,8.08035676445152,8.13222790094197,8.14494237083452,8.16664187529946,8.1779421945032,8.218462286008,8.26237607135794,8.27347879355911,8.31072240537161,8.31983769687874,8.33260731035999,8.36994925956397,8.37193368485439,8.42946116712053,8.45322169572237,8.4802453867656,8.49959843499983,8.52044668954404,8.54274586666478,8.59090754389404,8.5972255856899,8.63638049620572,8.64635397645326,8.66951752651869,8.68316821803711,8.70398847910351,8.72605422531895,8.74938617117696,8.77038421972205,8.79910064827319,8.84298815204313,8.86340323954162,8.87650942441601,8.88801587209565,8.96094946638762,9.00964128046718,9.03472913820635,9.04844638464882,9.08682305210415,9.1038211176694,9.14544074864807,9.15415464148889,9.20720570061684,9.22846496381355,9.2374235680235,9.27513860214309,9.29762181320852,9.32481516249641,9.36746693445543,9.39579341817925,9.43230190880655,9.4483112382593,9.49906919099426,9.55193179945696,9.57048596373475,9.59497890464486,9.61922512295459,9.6628944845894,9.70395039641243,9.72970342777243,9.75988943006664,9.77728684522162,9.84449078671852,9.86562311448759,9.91823319228178,9.92836398788626,9.95215667773922,9.98484794374205,9.98880523651835,10.0376084381347,10.0782166619371,10.1024344474174,10.1170342406593,10.1517957492368,10.2104936873567,10.231449697891,10.2697531985964,10.2785647530424,10.3100817594617,10.3422481122762,10.3684392279565,10.3980721688881,10.4492287031768,10.4699166875158,10.4985179634668,10.5122552546638,10.5799272366467,10.6240418785202,10.6532210494095,10.6772500364392,10.7293512458815,10.8181545360686,10.8284635282985,10.8612970623119,10.8809233355423,10.9062349716555,11.0014478745019,11.0304186965645,11.0391316318582,11.07096558054,11.0989344423662,11.1405534636839,11.1612615198527,11.1887119780653,11.2725584912849,11.3127427204859,11.3368358677931,11.3602504151041,11.4331765349838,11.4732449732277,11.5075998119333,11.5428635536838,11.5611622547648,11.5828628911069,11.6642524999213,11.6852734372716,11.7205026262085,11.7732172610208,11.7918533814511,11.8154828735855,11.872775733946,11.9086105094158,11.9816049085018,11.990675953303,12.026104503537,12.1006601977358,12.1151573912737,12.1899884658059,12.2345319508301,12.2641712950851,12.2852796355025,12.3132682065947,12.3758546472027,12.4006316997066,12.4033059555657,12.4604881321132,12.4833517485283,12.5790232038657,12.5943762335389,12.6469851348447,12.6668329414039,12.7061504038299,12.7616498685036,12.8262538291742,12.8744123927481,12.879852905038,12.9082515168896,12.9180138266853,13.0050151620238,13.0330612242777,13.064404454931,13.1086179288555,13.1134856242817,13.1638306463525,13.2443247546312,13.2827316453525,13.3186912980599,13.3729627600566,13.4473679545641,13.4641406495027,13.4840542921229,13.5011326411565,13.5641155636697,13.5849196891386,13.635363195926,13.6883513828067,13.7306430466482,13.7737408915025,13.8192543155857,13.8305793865716,13.9065292651885,13.9523375539029,14.0165426105139,14.0517612350856,14.0984656144022,14.125474183861,14.1883899871538,14.2006167403393,14.2089820632795,14.3004059674624,14.3694083334285,14.3979459535879,14.4611578687852,14.5139135083697,14.5869948176832,14.6093578055443,14.6779252558473,14.6962179573214,14.7900311734787,14.7999078040223,14.8632112354614,14.9691598312289,15.0207306389788,15.11682719722,15.1847088649222,15.1945429148972,15.3269787448832,15.3593355922191,15.3806420990224,15.4947914283078,15.5356882309803,15.5757966117381,15.6845260632252,15.6958237417709,15.8299535449705,15.9344044558569,15.9425771418282,16.0950770679084,16.1689666224798,16.2074147705776,16.3389964278918,16.4535850192368,16.5364144154615,16.5921416955571,16.7071870322675,16.7884008125026,16.8298034930498,17.0042975058823,17.1227787553877,17.2664626716929,17.4690064548994,17.8855699831034,17.966839058288,18.0675343149646,18.1999472216428,18.3037266415625,18.4292572246569,18.5879562474814,18.9224162025099,18.9431966313824,19.12424968111,19.3799871166209,19.5674378625183,19.7157135308415,20.0493045412816,20.2055840697507,20.6158118273845,20.983205693145,21.4038387321818,23.2413584414674,NA,NA,NA,NA,NA,NA,NA,NA,NA,NA,NA,NA,NA,NA,NA,NA,NA,NA,NA,NA,NA,NA,NA,NA,NA,NA,NA,NA,NA,NA,NA,NA,NA,NA,NA,NA,NA,NA,NA,NA,NA,NA,NA,NA,NA,NA,NA,NA,NA,NA,NA
0.569493670388439,0.667182156968407,0.883013653856836,1.02914716705958,1.11682555457926,1.39497193226167,1.4559635560023,1.51468930736148,1.60412951446714,1.72731757084295,1.80857079317199,1.85023774330308,1.8617343646829,1.98337583396713,2.24762766344393,2.27558196776848,2.34030576542134,2.39094039950246,2.48613383809563,2.58059362576514,2.6794295896009,2.72181515098877,2.82528388124165,2.87492902863658,2.91226363838885,2.984147718217,3.0910486199082,3.14729938364498,3.19108016023969,3.2182739093391,3.28990245829261,3.35136030175637,3.40430351207992,3.46695785502079,3.5157369209933,3.54496341318639,3.6281355191478,3.66577909761341,3.78677066365289,3.84089154277305,3.87651308357182,3.92019006123368,3.98430373852826,4.03703515647353,4.11234663414185,4.20068040778163,4.24729203525601,4.26040057885164,4.29157940645792,4.31431108929679,4.37142598264541,4.39543103964259,4.40600764096165,4.50204465196642,4.57855060156794,4.60805779548001,4.64340011197985,4.66883367871577,4.72952916714496,4.80272947306402,4.80730933084149,4.87291737742247,4.90582681735884,4.93856085402583,4.97846644415452,5.01409496009262,5.03413032211548,5.09055342790336,5.13814472068255,5.15387036923962,5.18048258698765,5.19413817482983,5.21452321718057,5.29750666573775,5.32841718832815,5.35783542473641,5.38731484188017,5.39732657938744,5.44442189257657,5.47395684987186,5.52359940933351,5.55836719930971,5.58482903854613,5.62476024987718,5.67431559637881,5.68912187074344,5.7201867753272,5.72862921410061,5.77473705469411,5.8074144749252,5.83386791550584,5.88602285098569,5.88917811195725,5.90978626647298,5.93618360213442,5.9508241322759,5.99906489155901,6.02794880869141,6.05822254829059,6.08030068052325,6.1119605878621,6.12829756544167,6.1563217765103,6.21984012141201,6.23962219140622,6.27880817253303,6.32070254167545,6.32925503840875,6.34734652959531,6.36116829672605,6.39601695268445,6.40263595469367,6.43772170401314,6.45582745919623,6.4958818570403,6.53029478152943,6.5774548935434,6.59749514228088,6.60604987586726,6.69883955692763,6.72669367906999,6.75231324849459,6.78951180160604,6.79297162892661,6.80631215074039,6.86014205305079,6.86641000132299,6.87303179900285,6.89323571136321,6.91718529418277,6.94275802282817,6.98191636241591,7.01112350997026,7.01627101065432,7.02587412046876,7.0577889907928,7.08120969552223,7.10933920182421,7.12760148008343,7.19571909006782,7.20578654383099,7.23483569438667,7.25113947173524,7.27905018487498,7.28796780860081,7.30963870220221,7.32794626499941,7.33830846387459,7.35710448309596,7.39605818927643,7.41960109064948,7.446995448369,7.46225671565316,7.47607203220967,7.50968749356097,7.5325779693412,7.55678776772168,7.57857087053534,7.61748875039046,7.62718771868273,7.63661328457251,7.65796772952274,7.70420379008793,7.71789801988279,7.73342941802948,7.76939152690337,7.81682151202272,7.82907210550964,7.85645523107349,7.86853820628843,7.89958692439526,7.90620035092982,7.96068963279967,7.97315260211326,7.99461333602606,8.01788373997599,8.04230363776424,8.08035676445152,8.13222790094197,8.14494237083452,8.16664187529946,8.1779421945032,8.218462286008,8.26237607135794,8.27347879355911,8.31072240537161,8.31983769687874,8.33260731035999,8.36994925956397,8.37193368485439,8.42946116712053,8.45322169572237,8.4802453867656,8.49959843499983,8.52044668954404,8.54274586666478,8.59090754389404,8.5972255856899,8.63638049620572,8.64635397645326,8.66951752651869,8.68316821803711,8.70398847910351,8.72605422531895,8.74938617117696,8.77038421972205,8.79910064827319,8.84298815204313,8.86340323954162,8.87650942441601,8.88801587209565,8.96094946638762,9.00964128046718,9.03472913820635,9.04844638464882,9.08682305210415,9.1038211176694,9.14544074864807,9.15415464148889,9.20720570061684,9.22846496381355,9.2374235680235,9.27513860214309,9.29762181320852,9.32481516249641,9.36746693445543,9.39579341817925,9.43230190880655,9.4483112382593,9.49906919099426,9.55193179945696,9.57048596373475,9.59497890464486,9.61922512295459,9.6628944845894,9.70395039641243,9.72970342777243,9.75988943006664,9.77728684522162,9.84449078671852,9.86562311448759,9.91823319228178,9.92836398788626,9.95215667773922,9.98484794374205,9.98880523651835,10.0376084381347,10.0782166619371,10.1024344474174,10.1170342406593,10.1517957492368,10.2104936873567,10.231449697891,10.2697531985964,10.2785647530424,10.3100817594617,10.3422481122762,10.3684392279565,10.3980721688881,10.4492287031768,10.4699166875158,10.4985179634668,10.5122552546638,10.5799272366467,10.6240418785202,10.6532210494095,10.6772500364392,10.7293512458815,10.8181545360686,10.8284635282985,10.8612970623119,10.8809233355423,10.9062349716555,11.0014478745019,11.0304186965645,11.0391316318582,11.07096558054,11.0989344423662,11.1405534636839,11.1612615198527,11.1887119780653,11.2725584912849,11.3127427204859,11.3368358677931,11.3602504151041,11.4331765349838,11.4732449732277,11.5075998119333,11.5428635536838,11.5611622547648,11.5828628911069,11.6642524999213,11.6852734372716,11.7205026262085,11.7732172610208,11.7918533814511,11.8154828735855,11.872775733946,11.9086105094158,11.9816049085018,11.990675953303,12.026104503537,12.1006601977358,12.1151573912737,12.1899884658059,12.2345319508301,12.2641712950851,12.2852796355025,12.3132682065947,12.3758546472027,12.4006316997066,12.4033059555657,12.4604881321132,12.4833517485283,12.5790232038657,12.5943762335389,12.6469851348447,12.6668329414039,12.7061504038299,12.7616498685036,12.8262538291742,12.8744123927481,12.879852905038,12.9082515168896,12.9180138266853,13.0050151620238,13.0330612242777,13.064404454931,13.1086179288555,13.1134856242817,13.1638306463525,13.2443247546312,13.2827316453525,13.3186912980599,13.3729627600566,13.4473679545641,13.4641406495027,13.4840542921229,13.5011326411565,13.5641155636697,13.5849196891386,13.635363195926,13.6883513828067,13.7306430466482,13.7737408915025,13.8192543155857,13.8305793865716,13.9065292651885,13.9523375539029,14.0165426105139,14.0517612350856,14.0984656144022,14.125474183861,14.1883899871538,14.2006167403393,14.2089820632795,14.3004059674624,14.3694083334285,14.3979459535879,14.4611578687852,14.5139135083697,14.5869948176832,14.6093578055443,14.6779252558473,14.6962179573214,14.7900311734787,14.7999078040223,14.8632112354614,14.9691598312289,15.0207306389788,15.11682719722,15.1847088649222,15.1945429148972,15.3269787448832,15.3593355922191,15.3806420990224,15.4947914283078,15.5356882309803,15.5757966117381,15.6845260632252,15.6958237417709,15.8299535449705,15.9344044558569,15.9425771418282,16.0950770679084,16.1689666224798,16.2074147705776,16.3389964278918,16.4535850192368,16.5364144154615,16.5921416955571,16.7071870322675,16.7884008125026,16.8298034930498,17.0042975058823,17.1227787553877,17.2664626716929,17.4690064548994,17.8855699831034,17.966839058288,18.0675343149646,18.1999472216428,18.3037266415625,18.4292572246569,18.5879562474814,18.9224162025099,18.9431966313824,19.12424968111,19.3799871166209,19.5674378625183,19.7157135308415,20.0493045412816,20.2055840697507,20.6158118273845,20.983205693145,21.4038387321818,23.2413584414674,NA,NA,NA,NA,NA,NA,NA,NA,NA,NA,NA,NA,NA,NA,NA,NA,NA,NA,NA,NA,NA,NA,NA,NA,NA,NA,NA,NA,NA,NA,NA,NA,NA,NA,NA,NA,NA,NA,NA,NA,NA,NA,NA,NA,NA,NA,NA,NA,NA,NA,NA
0.569493670388439,0.667182156968407,0.883013653856836,1.02914716705958,1.11682555457926,1.39497193226167,1.4559635560023,1.51468930736148,1.60412951446714,1.72731757084295,1.80857079317199,1.85023774330308,1.8617343646829,1.98337583396713,2.24762766344393,2.27558196776848,2.34030576542134,2.39094039950246,2.48613383809563,2.58059362576514,2.6794295896009,2.72181515098877,2.82528388124165,2.87492902863658,2.91226363838885,2.984147718217,3.0910486199082,3.14729938364498,3.19108016023969,3.2182739093391,3.28990245829261,3.35136030175637,3.40430351207992,3.46695785502079,3.5157369209933,3.54496341318639,3.6281355191478,3.66577909761341,3.78677066365289,3.84089154277305,3.87651308357182,3.92019006123368,3.98430373852826,4.03703515647353,4.11234663414185,4.20068040778163,4.24729203525601,4.26040057885164,4.29157940645792,4.31431108929679,4.37142598264541,4.39543103964259,4.40600764096165,4.50204465196642,4.57855060156794,4.60805779548001,4.64340011197985,4.66883367871577,4.72952916714496,4.80272947306402,4.80730933084149,4.87291737742247,4.90582681735884,4.93856085402583,4.97846644415452,5.01409496009262,5.03413032211548,5.09055342790336,5.13814472068255,5.15387036923962,5.18048258698765,5.19413817482983,5.21452321718057,5.29750666573775,5.32841718832815,5.35783542473641,5.38731484188017,5.39732657938744,5.44442189257657,5.47395684987186,5.52359940933351,5.55836719930971,5.58482903854613,5.62476024987718,5.67431559637881,5.68912187074344,5.7201867753272,5.72862921410061,5.77473705469411,5.8074144749252,5.83386791550584,5.88602285098569,5.88917811195725,5.90978626647298,5.93618360213442,5.9508241322759,5.99906489155901,6.02794880869141,6.05822254829059,6.08030068052325,6.1119605878621,6.12829756544167,6.1563217765103,6.21984012141201,6.23962219140622,6.27880817253303,6.32070254167545,6.32925503840875,6.34734652959531,6.36116829672605,6.39601695268445,6.40263595469367,6.43772170401314,6.45582745919623,6.4958818570403,6.53029478152943,6.5774548935434,6.59749514228088,6.60604987586726,6.69883955692763,6.72669367906999,6.75231324849459,6.78951180160604,6.79297162892661,6.80631215074039,6.86014205305079,6.86641000132299,6.87303179900285,6.89323571136321,6.91718529418277,6.94275802282817,6.98191636241591,7.01112350997026,7.01627101065432,7.02587412046876,7.0577889907928,7.08120969552223,7.10933920182421,7.12760148008343,7.19571909006782,7.20578654383099,7.23483569438667,7.25113947173524,7.27905018487498,7.28796780860081,7.30963870220221,7.32794626499941,7.33830846387459,7.35710448309596,7.39605818927643,7.41960109064948,7.446995448369,7.46225671565316,7.47607203220967,7.50968749356097,7.5325779693412,7.55678776772168,7.57857087053534,7.61748875039046,7.62718771868273,7.63661328457251,7.65796772952274,7.70420379008793,7.71789801988279,7.73342941802948,7.76939152690337,7.81682151202272,7.82907210550964,7.85645523107349,7.86853820628843,7.89958692439526,7.90620035092982,7.96068963279967,7.97315260211326,7.99461333602606,8.01788373997599,8.04230363776424,8.08035676445152,8.13222790094197,8.14494237083452,8.16664187529946,8.1779421945032,8.218462286008,8.26237607135794,8.27347879355911,8.31072240537161,8.31983769687874,8.33260731035999,8.36994925956397,8.37193368485439,8.42946116712053,8.45322169572237,8.4802453867656,8.49959843499983,8.52044668954404,8.54274586666478,8.59090754389404,8.5972255856899,8.63638049620572,8.64635397645326,8.66951752651869,8.68316821803711,8.70398847910351,8.72605422531895,8.74938617117696,8.77038421972205,8.79910064827319,8.84298815204313,8.86340323954162,8.87650942441601,8.88801587209565,8.96094946638762,9.00964128046718,9.03472913820635,9.04844638464882,9.08682305210415,9.1038211176694,9.14544074864807,9.15415464148889,9.20720570061684,9.22846496381355,9.2374235680235,9.27513860214309,9.29762181320852,9.32481516249641,9.36746693445543,9.39579341817925,9.43230190880655,9.4483112382593,9.49906919099426,9.55193179945696,9.57048596373475,9.59497890464486,9.61922512295459,9.6628944845894,9.70395039641243,9.72970342777243,9.75988943006664,9.77728684522162,9.84449078671852,9.86562311448759,9.91823319228178,9.92836398788626,9.95215667773922,9.98484794374205,9.98880523651835,10.0376084381347,10.0782166619371,10.1024344474174,10.1170342406593,10.1517957492368,10.2104936873567,10.231449697891,10.2697531985964,10.2785647530424,10.3100817594617,10.3422481122762,10.3684392279565,10.3980721688881,10.4492287031768,10.4699166875158,10.4985179634668,10.5122552546638,10.5799272366467,10.6240418785202,10.6532210494095,10.6772500364392,10.7293512458815,10.8181545360686,10.8284635282985,10.8612970623119,10.8809233355423,10.9062349716555,11.0014478745019,11.0304186965645,11.0391316318582,11.07096558054,11.0989344423662,11.1405534636839,11.1612615198527,11.1887119780653,11.2725584912849,11.3127427204859,11.3368358677931,11.3602504151041,11.4331765349838,11.4732449732277,11.5075998119333,11.5428635536838,11.5611622547648,11.5828628911069,11.6642524999213,11.6852734372716,11.7205026262085,11.7732172610208,11.7918533814511,11.8154828735855,11.872775733946,11.9086105094158,11.9816049085018,11.990675953303,12.026104503537,12.1006601977358,12.1151573912737,12.1899884658059,12.2345319508301,12.2641712950851,12.2852796355025,12.3132682065947,12.3758546472027,12.4006316997066,12.4033059555657,12.4604881321132,12.4833517485283,12.5790232038657,12.5943762335389,12.6469851348447,12.6668329414039,12.7061504038299,12.7616498685036,12.8262538291742,12.8744123927481,12.879852905038,12.9082515168896,12.9180138266853,13.0050151620238,13.0330612242777,13.064404454931,13.1086179288555,13.1134856242817,13.1638306463525,13.2443247546312,13.2827316453525,13.3186912980599,13.3729627600566,13.4473679545641,13.4641406495027,13.4840542921229,13.5011326411565,13.5641155636697,13.5849196891386,13.635363195926,13.6883513828067,13.7306430466482,13.7737408915025,13.8192543155857,13.8305793865716,13.9065292651885,13.9523375539029,14.0165426105139,14.0517612350856,14.0984656144022,14.125474183861,14.1883899871538,14.2006167403393,14.2089820632795,14.3004059674624,14.3694083334285,14.3979459535879,14.4611578687852,14.5139135083697,14.5869948176832,14.6093578055443,14.6779252558473,14.6962179573214,14.7900311734787,14.7999078040223,14.8632112354614,14.9691598312289,15.0207306389788,15.11682719722,15.1847088649222,15.1945429148972,15.3269787448832,15.3593355922191,15.3806420990224,15.4947914283078,15.5356882309803,15.5757966117381,15.6845260632252,15.6958237417709,15.8299535449705,15.9344044558569,15.9425771418282,16.0950770679084,16.1689666224798,16.2074147705776,16.3389964278918,16.4535850192368,16.5364144154615,16.5921416955571,16.7071870322675,16.7884008125026,16.8298034930498,17.0042975058823,17.1227787553877,17.2664626716929,17.4690064548994,17.8855699831034,17.966839058288,18.0675343149646,18.1999472216428,18.3037266415625,18.4292572246569,18.5879562474814,18.9224162025099,18.9431966313824,19.12424968111,19.3799871166209,19.5674378625183,19.7157135308415,20.0493045412816,20.2055840697507,20.6158118273845,20.983205693145,21.4038387321818,23.2413584414674,NA,NA,NA,NA,NA,NA,NA,NA,NA,NA,NA,NA,NA,NA,NA,NA,NA,NA,NA,NA,NA,NA,NA,NA,NA,NA,NA,NA,NA,NA,NA,NA,NA,NA,NA,NA,NA,NA,NA,NA,NA,NA,NA,NA,NA,NA,NA,NA,NA,NA,NA
0.569493670388439,0.667182156968407,0.883013653856836,1.02914716705958,1.11682555457926,1.39497193226167,1.4559635560023,1.51468930736148,1.60412951446714,1.72731757084295,1.80857079317199,1.85023774330308,1.8617343646829,1.98337583396713,2.24762766344393,2.27558196776848,2.34030576542134,2.39094039950246,2.48613383809563,2.58059362576514,2.6794295896009,2.72181515098877,2.82528388124165,2.87492902863658,2.91226363838885,2.984147718217,3.0910486199082,3.14729938364498,3.19108016023969,3.2182739093391,3.28990245829261,3.35136030175637,3.40430351207992,3.46695785502079,3.5157369209933,3.54496341318639,3.6281355191478,3.66577909761341,3.78677066365289,3.84089154277305,3.87651308357182,3.92019006123368,3.98430373852826,4.03703515647353,4.11234663414185,4.20068040778163,4.24729203525601,4.26040057885164,4.29157940645792,4.31431108929679,4.37142598264541,4.39543103964259,4.40600764096165,4.50204465196642,4.57855060156794,4.60805779548001,4.64340011197985,4.66883367871577,4.72952916714496,4.80272947306402,4.80730933084149,4.87291737742247,4.90582681735884,4.93856085402583,4.97846644415452,5.01409496009262,5.03413032211548,5.09055342790336,5.13814472068255,5.15387036923962,5.18048258698765,5.19413817482983,5.21452321718057,5.29750666573775,5.32841718832815,5.35783542473641,5.38731484188017,5.39732657938744,5.44442189257657,5.47395684987186,5.52359940933351,5.55836719930971,5.58482903854613,5.62476024987718,5.67431559637881,5.68912187074344,5.7201867753272,5.72862921410061,5.77473705469411,5.8074144749252,5.83386791550584,5.88602285098569,5.88917811195725,5.90978626647298,5.93618360213442,5.9508241322759,5.99906489155901,6.02794880869141,6.05822254829059,6.08030068052325,6.1119605878621,6.12829756544167,6.1563217765103,6.21984012141201,6.23962219140622,6.27880817253303,6.32070254167545,6.32925503840875,6.34734652959531,6.36116829672605,6.39601695268445,6.40263595469367,6.43772170401314,6.45582745919623,6.4958818570403,6.53029478152943,6.5774548935434,6.59749514228088,6.60604987586726,6.69883955692763,6.72669367906999,6.75231324849459,6.78951180160604,6.79297162892661,6.80631215074039,6.86014205305079,6.86641000132299,6.87303179900285,6.89323571136321,6.91718529418277,6.94275802282817,6.98191636241591,7.01112350997026,7.01627101065432,7.02587412046876,7.0577889907928,7.08120969552223,7.10933920182421,7.12760148008343,7.19571909006782,7.20578654383099,7.23483569438667,7.25113947173524,7.27905018487498,7.28796780860081,7.30963870220221,7.32794626499941,7.33830846387459,7.35710448309596,7.39605818927643,7.41960109064948,7.446995448369,7.46225671565316,7.47607203220967,7.50968749356097,7.5325779693412,7.55678776772168,7.57857087053534,7.61748875039046,7.62718771868273,7.63661328457251,7.65796772952274,7.70420379008793,7.71789801988279,7.73342941802948,7.76939152690337,7.81682151202272,7.82907210550964,7.85645523107349,7.86853820628843,7.89958692439526,7.90620035092982,7.96068963279967,7.97315260211326,7.99461333602606,8.01788373997599,8.04230363776424,8.08035676445152,8.13222790094197,8.14494237083452,8.16664187529946,8.1779421945032,8.218462286008,8.26237607135794,8.27347879355911,8.31072240537161,8.31983769687874,8.33260731035999,8.36994925956397,8.37193368485439,8.42946116712053,8.45322169572237,8.4802453867656,8.49959843499983,8.52044668954404,8.54274586666478,8.59090754389404,8.5972255856899,8.63638049620572,8.64635397645326,8.66951752651869,8.68316821803711,8.70398847910351,8.72605422531895,8.74938617117696,8.77038421972205,8.79910064827319,8.84298815204313,8.86340323954162,8.87650942441601,8.88801587209565,8.96094946638762,9.00964128046718,9.03472913820635,9.04844638464882,9.08682305210415,9.1038211176694,9.14544074864807,9.15415464148889,9.20720570061684,9.22846496381355,9.2374235680235,9.27513860214309,9.29762181320852,9.32481516249641,9.36746693445543,9.39579341817925,9.43230190880655,9.4483112382593,9.49906919099426,9.55193179945696,9.57048596373475,9.59497890464486,9.61922512295459,9.6628944845894,9.70395039641243,9.72970342777243,9.75988943006664,9.77728684522162,9.84449078671852,9.86562311448759,9.91823319228178,9.92836398788626,9.95215667773922,9.98484794374205,9.98880523651835,10.0376084381347,10.0782166619371,10.1024344474174,10.1170342406593,10.1517957492368,10.2104936873567,10.231449697891,10.2697531985964,10.2785647530424,10.3100817594617,10.3422481122762,10.3684392279565,10.3980721688881,10.4492287031768,10.4699166875158,10.4985179634668,10.5122552546638,10.5799272366467,10.6240418785202,10.6532210494095,10.6772500364392,10.7293512458815,10.8181545360686,10.8284635282985,10.8612970623119,10.8809233355423,10.9062349716555,11.0014478745019,11.0304186965645,11.0391316318582,11.07096558054,11.0989344423662,11.1405534636839,11.1612615198527,11.1887119780653,11.2725584912849,11.3127427204859,11.3368358677931,11.3602504151041,11.4331765349838,11.4732449732277,11.5075998119333,11.5428635536838,11.5611622547648,11.5828628911069,11.6642524999213,11.6852734372716,11.7205026262085,11.7732172610208,11.7918533814511,11.8154828735855,11.872775733946,11.9086105094158,11.9816049085018,11.990675953303,12.026104503537,12.1006601977358,12.1151573912737,12.1899884658059,12.2345319508301,12.2641712950851,12.2852796355025,12.3132682065947,12.3758546472027,12.4006316997066,12.4033059555657,12.4604881321132,12.4833517485283,12.5790232038657,12.5943762335389,12.6469851348447,12.6668329414039,12.7061504038299,12.7616498685036,12.8262538291742,12.8744123927481,12.879852905038,12.9082515168896,12.9180138266853,13.0050151620238,13.0330612242777,13.064404454931,13.1086179288555,13.1134856242817,13.1638306463525,13.2443247546312,13.2827316453525,13.3186912980599,13.3729627600566,13.4473679545641,13.4641406495027,13.4840542921229,13.5011326411565,13.5641155636697,13.5849196891386,13.635363195926,13.6883513828067,13.7306430466482,13.7737408915025,13.8192543155857,13.8305793865716,13.9065292651885,13.9523375539029,14.0165426105139,14.0517612350856,14.0984656144022,14.125474183861,14.1883899871538,14.2006167403393,14.2089820632795,14.3004059674624,14.3694083334285,14.3979459535879,14.4611578687852,14.5139135083697,14.5869948176832,14.6093578055443,14.6779252558473,14.6962179573214,14.7900311734787,14.7999078040223,14.8632112354614,14.9691598312289,15.0207306389788,15.11682719722,15.1847088649222,15.1945429148972,15.3269787448832,15.3593355922191,15.3806420990224,15.4947914283078,15.5356882309803,15.5757966117381,15.6845260632252,15.6958237417709,15.8299535449705,15.9344044558569,15.9425771418282,16.0950770679084,16.1689666224798,16.2074147705776,16.3389964278918,16.4535850192368,16.5364144154615,16.5921416955571,16.7071870322675,16.7884008125026,16.8298034930498,17.0042975058823,17.1227787553877,17.2664626716929,17.4690064548994,17.8855699831034,17.966839058288,18.0675343149646,18.1999472216428,18.3037266415625,18.4292572246569,18.5879562474814,18.9224162025099,18.9431966313824,19.12424968111,19.3799871166209,19.5674378625183,19.7157135308415,20.0493045412816,20.2055840697507,20.6158118273845,20.983205693145,21.4038387321818,23.2413584414674,NA,NA,NA,NA,NA,NA,NA,NA,NA,NA,NA,NA,NA,NA,NA,NA,NA,NA,NA,NA,NA,NA,NA,NA,NA,NA,NA,NA,NA,NA,NA,NA,NA,NA,NA,NA,NA,NA,NA,NA,NA,NA,NA,NA,NA,NA,NA,NA,NA,NA,NA
0.569493670388439,0.667182156968407,0.883013653856836,1.02914716705958,1.11682555457926,1.39497193226167,1.4559635560023,1.51468930736148,1.60412951446714,1.72731757084295,1.80857079317199,1.85023774330308,1.8617343646829,1.98337583396713,2.24762766344393,2.27558196776848,2.34030576542134,2.39094039950246,2.48613383809563,2.58059362576514,2.6794295896009,2.72181515098877,2.82528388124165,2.87492902863658,2.91226363838885,2.984147718217,3.0910486199082,3.14729938364498,3.19108016023969,3.2182739093391,3.28990245829261,3.35136030175637,3.40430351207992,3.46695785502079,3.5157369209933,3.54496341318639,3.6281355191478,3.66577909761341,3.78677066365289,3.84089154277305,3.87651308357182,3.92019006123368,3.98430373852826,4.03703515647353,4.11234663414185,4.20068040778163,4.24729203525601,4.26040057885164,4.29157940645792,4.31431108929679,4.37142598264541,4.39543103964259,4.40600764096165,4.50204465196642,4.57855060156794,4.60805779548001,4.64340011197985,4.66883367871577,4.72952916714496,4.80272947306402,4.80730933084149,4.87291737742247,4.90582681735884,4.93856085402583,4.97846644415452,5.01409496009262,5.03413032211548,5.09055342790336,5.13814472068255,5.15387036923962,5.18048258698765,5.19413817482983,5.21452321718057,5.29750666573775,5.32841718832815,5.35783542473641,5.38731484188017,5.39732657938744,5.44442189257657,5.47395684987186,5.52359940933351,5.55836719930971,5.58482903854613,5.62476024987718,5.67431559637881,5.68912187074344,5.7201867753272,5.72862921410061,5.77473705469411,5.8074144749252,5.83386791550584,5.88602285098569,5.88917811195725,5.90978626647298,5.93618360213442,5.9508241322759,5.99906489155901,6.02794880869141,6.05822254829059,6.08030068052325,6.1119605878621,6.12829756544167,6.1563217765103,6.21984012141201,6.23962219140622,6.27880817253303,6.32070254167545,6.32925503840875,6.34734652959531,6.36116829672605,6.39601695268445,6.40263595469367,6.43772170401314,6.45582745919623,6.4958818570403,6.53029478152943,6.5774548935434,6.59749514228088,6.60604987586726,6.69883955692763,6.72669367906999,6.75231324849459,6.78951180160604,6.79297162892661,6.80631215074039,6.86014205305079,6.86641000132299,6.87303179900285,6.89323571136321,6.91718529418277,6.94275802282817,6.98191636241591,7.01112350997026,7.01627101065432,7.02587412046876,7.0577889907928,7.08120969552223,7.10933920182421,7.12760148008343,7.19571909006782,7.20578654383099,7.23483569438667,7.25113947173524,7.27905018487498,7.28796780860081,7.30963870220221,7.32794626499941,7.33830846387459,7.35710448309596,7.39605818927643,7.41960109064948,7.446995448369,7.46225671565316,7.47607203220967,7.50968749356097,7.5325779693412,7.55678776772168,7.57857087053534,7.61748875039046,7.62718771868273,7.63661328457251,7.65796772952274,7.70420379008793,7.71789801988279,7.73342941802948,7.76939152690337,7.81682151202272,7.82907210550964,7.85645523107349,7.86853820628843,7.89958692439526,7.90620035092982,7.96068963279967,7.97315260211326,7.99461333602606,8.01788373997599,8.04230363776424,8.08035676445152,8.13222790094197,8.14494237083452,8.16664187529946,8.1779421945032,8.218462286008,8.26237607135794,8.27347879355911,8.31072240537161,8.31983769687874,8.33260731035999,8.36994925956397,8.37193368485439,8.42946116712053,8.45322169572237,8.4802453867656,8.49959843499983,8.52044668954404,8.54274586666478,8.59090754389404,8.5972255856899,8.63638049620572,8.64635397645326,8.66951752651869,8.68316821803711,8.70398847910351,8.72605422531895,8.74938617117696,8.77038421972205,8.79910064827319,8.84298815204313,8.86340323954162,8.87650942441601,8.88801587209565,8.96094946638762,9.00964128046718,9.03472913820635,9.04844638464882,9.08682305210415,9.1038211176694,9.14544074864807,9.15415464148889,9.20720570061684,9.22846496381355,9.2374235680235,9.27513860214309,9.29762181320852,9.32481516249641,9.36746693445543,9.39579341817925,9.43230190880655,9.4483112382593,9.49906919099426,9.55193179945696,9.57048596373475,9.59497890464486,9.61922512295459,9.6628944845894,9.70395039641243,9.72970342777243,9.75988943006664,9.77728684522162,9.84449078671852,9.86562311448759,9.91823319228178,9.92836398788626,9.95215667773922,9.98484794374205,9.98880523651835,10.0376084381347,10.0782166619371,10.1024344474174,10.1170342406593,10.1517957492368,10.2104936873567,10.231449697891,10.2697531985964,10.2785647530424,10.3100817594617,10.3422481122762,10.3684392279565,10.3980721688881,10.4492287031768,10.4699166875158,10.4985179634668,10.5122552546638,10.5799272366467,10.6240418785202,10.6532210494095,10.6772500364392,10.7293512458815,10.8181545360686,10.8284635282985,10.8612970623119,10.8809233355423,10.9062349716555,11.0014478745019,11.0304186965645,11.0391316318582,11.07096558054,11.0989344423662,11.1405534636839,11.1612615198527,11.1887119780653,11.2725584912849,11.3127427204859,11.3368358677931,11.3602504151041,11.4331765349838,11.4732449732277,11.5075998119333,11.5428635536838,11.5611622547648,11.5828628911069,11.6642524999213,11.6852734372716,11.7205026262085,11.7732172610208,11.7918533814511,11.8154828735855,11.872775733946,11.9086105094158,11.9816049085018,11.990675953303,12.026104503537,12.1006601977358,12.1151573912737,12.1899884658059,12.2345319508301,12.2641712950851,12.2852796355025,12.3132682065947,12.3758546472027,12.4006316997066,12.4033059555657,12.4604881321132,12.4833517485283,12.5790232038657,12.5943762335389,12.6469851348447,12.6668329414039,12.7061504038299,12.7616498685036,12.8262538291742,12.8744123927481,12.879852905038,12.9082515168896,12.9180138266853,13.0050151620238,13.0330612242777,13.064404454931,13.1086179288555,13.1134856242817,13.1638306463525,13.2443247546312,13.2827316453525,13.3186912980599,13.3729627600566,13.4473679545641,13.4641406495027,13.4840542921229,13.5011326411565,13.5641155636697,13.5849196891386,13.635363195926,13.6883513828067,13.7306430466482,13.7737408915025,13.8192543155857,13.8305793865716,13.9065292651885,13.9523375539029,14.0165426105139,14.0517612350856,14.0984656144022,14.125474183861,14.1883899871538,14.2006167403393,14.2089820632795,14.3004059674624,14.3694083334285,14.3979459535879,14.4611578687852,14.5139135083697,14.5869948176832,14.6093578055443,14.6779252558473,14.6962179573214,14.7900311734787,14.7999078040223,14.8632112354614,14.9691598312289,15.0207306389788,15.11682719722,15.1847088649222,15.1945429148972,15.3269787448832,15.3593355922191,15.3806420990224,15.4947914283078,15.5356882309803,15.5757966117381,15.6845260632252,15.6958237417709,15.8299535449705,15.9344044558569,15.9425771418282,16.0950770679084,16.1689666224798,16.2074147705776,16.3389964278918,16.4535850192368,16.5364144154615,16.5921416955571,16.7071870322675,16.7884008125026,16.8298034930498,17.0042975058823,17.1227787553877,17.2664626716929,17.4690064548994,17.8855699831034,17.966839058288,18.0675343149646,18.1999472216428,18.3037266415625,18.4292572246569,18.5879562474814,18.9224162025099,18.9431966313824,19.12424968111,19.3799871166209,19.5674378625183,19.7157135308415,20.0493045412816,20.2055840697507,20.6158118273845,20.983205693145,21.4038387321818,23.2413584414674,NA,NA,NA,NA,NA,NA,NA,NA,NA,NA,NA,NA,NA,NA,NA,NA,NA,NA,NA,NA,NA,NA,NA,NA,NA,NA,NA,NA,NA,NA,NA,NA,NA,NA,NA,NA,NA,NA,NA,NA,NA,NA,NA,NA,NA,NA,NA,NA,NA,NA,NA
0.569493670388439,0.667182156968407,0.883013653856836,1.02914716705958,1.11682555457926,1.39497193226167,1.4559635560023,1.51468930736148,1.60412951446714,1.72731757084295,1.80857079317199,1.85023774330308,1.8617343646829,1.98337583396713,2.24762766344393,2.27558196776848,2.34030576542134,2.39094039950246,2.48613383809563,2.58059362576514,2.6794295896009,2.72181515098877,2.82528388124165,2.87492902863658,2.91226363838885,2.984147718217,3.0910486199082,3.14729938364498,3.19108016023969,3.2182739093391,3.28990245829261,3.35136030175637,3.40430351207992,3.46695785502079,3.5157369209933,3.54496341318639,3.6281355191478,3.66577909761341,3.78677066365289,3.84089154277305,3.87651308357182,3.92019006123368,3.98430373852826,4.03703515647353,4.11234663414185,4.20068040778163,4.24729203525601,4.26040057885164,4.29157940645792,4.31431108929679,4.37142598264541,4.39543103964259,4.40600764096165,4.50204465196642,4.57855060156794,4.60805779548001,4.64340011197985,4.66883367871577,4.72952916714496,4.80272947306402,4.80730933084149,4.87291737742247,4.90582681735884,4.93856085402583,4.97846644415452,5.01409496009262,5.03413032211548,5.09055342790336,5.13814472068255,5.15387036923962,5.18048258698765,5.19413817482983,5.21452321718057,5.29750666573775,5.32841718832815,5.35783542473641,5.38731484188017,5.39732657938744,5.44442189257657,5.47395684987186,5.52359940933351,5.55836719930971,5.58482903854613,5.62476024987718,5.67431559637881,5.68912187074344,5.7201867753272,5.72862921410061,5.77473705469411,5.8074144749252,5.83386791550584,5.88602285098569,5.88917811195725,5.90978626647298,5.93618360213442,5.9508241322759,5.99906489155901,6.02794880869141,6.05822254829059,6.08030068052325,6.1119605878621,6.12829756544167,6.1563217765103,6.21984012141201,6.23962219140622,6.27880817253303,6.32070254167545,6.32925503840875,6.34734652959531,6.36116829672605,6.39601695268445,6.40263595469367,6.43772170401314,6.45582745919623,6.4958818570403,6.53029478152943,6.5774548935434,6.59749514228088,6.60604987586726,6.69883955692763,6.72669367906999,6.75231324849459,6.78951180160604,6.79297162892661,6.80631215074039,6.86014205305079,6.86641000132299,6.87303179900285,6.89323571136321,6.91718529418277,6.94275802282817,6.98191636241591,7.01112350997026,7.01627101065432,7.02587412046876,7.0577889907928,7.08120969552223,7.10933920182421,7.12760148008343,7.19571909006782,7.20578654383099,7.23483569438667,7.25113947173524,7.27905018487498,7.28796780860081,7.30963870220221,7.32794626499941,7.33830846387459,7.35710448309596,7.39605818927643,7.41960109064948,7.446995448369,7.46225671565316,7.47607203220967,7.50968749356097,7.5325779693412,7.55678776772168,7.57857087053534,7.61748875039046,7.62718771868273,7.63661328457251,7.65796772952274,7.70420379008793,7.71789801988279,7.73342941802948,7.76939152690337,7.81682151202272,7.82907210550964,7.85645523107349,7.86853820628843,7.89958692439526,7.90620035092982,7.96068963279967,7.97315260211326,7.99461333602606,8.01788373997599,8.04230363776424,8.08035676445152,8.13222790094197,8.14494237083452,8.16664187529946,8.1779421945032,8.218462286008,8.26237607135794,8.27347879355911,8.31072240537161,8.31983769687874,8.33260731035999,8.36994925956397,8.37193368485439,8.42946116712053,8.45322169572237,8.4802453867656,8.49959843499983,8.52044668954404,8.54274586666478,8.59090754389404,8.5972255856899,8.63638049620572,8.64635397645326,8.66951752651869,8.68316821803711,8.70398847910351,8.72605422531895,8.74938617117696,8.77038421972205,8.79910064827319,8.84298815204313,8.86340323954162,8.87650942441601,8.88801587209565,8.96094946638762,9.00964128046718,9.03472913820635,9.04844638464882,9.08682305210415,9.1038211176694,9.14544074864807,9.15415464148889,9.20720570061684,9.22846496381355,9.2374235680235,9.27513860214309,9.29762181320852,9.32481516249641,9.36746693445543,9.39579341817925,9.43230190880655,9.4483112382593,9.49906919099426,9.55193179945696,9.57048596373475,9.59497890464486,9.61922512295459,9.6628944845894,9.70395039641243,9.72970342777243,9.75988943006664,9.77728684522162,9.84449078671852,9.86562311448759,9.91823319228178,9.92836398788626,9.95215667773922,9.98484794374205,9.98880523651835,10.0376084381347,10.0782166619371,10.1024344474174,10.1170342406593,10.1517957492368,10.2104936873567,10.231449697891,10.2697531985964,10.2785647530424,10.3100817594617,10.3422481122762,10.3684392279565,10.3980721688881,10.4492287031768,10.4699166875158,10.4985179634668,10.5122552546638,10.5799272366467,10.6240418785202,10.6532210494095,10.6772500364392,10.7293512458815,10.8181545360686,10.8284635282985,10.8612970623119,10.8809233355423,10.9062349716555,11.0014478745019,11.0304186965645,11.0391316318582,11.07096558054,11.0989344423662,11.1405534636839,11.1612615198527,11.1887119780653,11.2725584912849,11.3127427204859,11.3368358677931,11.3602504151041,11.4331765349838,11.4732449732277,11.5075998119333,11.5428635536838,11.5611622547648,11.5828628911069,11.6642524999213,11.6852734372716,11.7205026262085,11.7732172610208,11.7918533814511,11.8154828735855,11.872775733946,11.9086105094158,11.9816049085018,11.990675953303,12.026104503537,12.1006601977358,12.1151573912737,12.1899884658059,12.2345319508301,12.2641712950851,12.2852796355025,12.3132682065947,12.3758546472027,12.4006316997066,12.4033059555657,12.4604881321132,12.4833517485283,12.5790232038657,12.5943762335389,12.6469851348447,12.6668329414039,12.7061504038299,12.7616498685036,12.8262538291742,12.8744123927481,12.879852905038,12.9082515168896,12.9180138266853,13.0050151620238,13.0330612242777,13.064404454931,13.1086179288555,13.1134856242817,13.1638306463525,13.2443247546312,13.2827316453525,13.3186912980599,13.3729627600566,13.4473679545641,13.4641406495027,13.4840542921229,13.5011326411565,13.5641155636697,13.5849196891386,13.635363195926,13.6883513828067,13.7306430466482,13.7737408915025,13.8192543155857,13.8305793865716,13.9065292651885,13.9523375539029,14.0165426105139,14.0517612350856,14.0984656144022,14.125474183861,14.1883899871538,14.2006167403393,14.2089820632795,14.3004059674624,14.3694083334285,14.3979459535879,14.4611578687852,14.5139135083697,14.5869948176832,14.6093578055443,14.6779252558473,14.6962179573214,14.7900311734787,14.7999078040223,14.8632112354614,14.9691598312289,15.0207306389788,15.11682719722,15.1847088649222,15.1945429148972,15.3269787448832,15.3593355922191,15.3806420990224,15.4947914283078,15.5356882309803,15.5757966117381,15.6845260632252,15.6958237417709,15.8299535449705,15.9344044558569,15.9425771418282,16.0950770679084,16.1689666224798,16.2074147705776,16.3389964278918,16.4535850192368,16.5364144154615,16.5921416955571,16.7071870322675,16.7884008125026,16.8298034930498,17.0042975058823,17.1227787553877,17.2664626716929,17.4690064548994,17.8855699831034,17.966839058288,18.0675343149646,18.1999472216428,18.3037266415625,18.4292572246569,18.5879562474814,18.9224162025099,18.9431966313824,19.12424968111,19.3799871166209,19.5674378625183,19.7157135308415,20.0493045412816,20.2055840697507,20.6158118273845,20.983205693145,21.4038387321818,23.2413584414674,NA,NA,NA,NA,NA,NA,NA,NA,NA,NA,NA,NA,NA,NA,NA,NA,NA,NA,NA,NA,NA,NA,NA,NA,NA,NA,NA,NA,NA,NA,NA,NA,NA,NA,NA,NA,NA,NA,NA,NA,NA,NA,NA,NA,NA,NA,NA,NA,NA,NA,NA
0.569493670388439,0.667182156968407,0.883013653856836,1.02914716705958,1.11682555457926,1.39497193226167,1.4559635560023,1.51468930736148,1.60412951446714,1.72731757084295,1.80857079317199,1.85023774330308,1.8617343646829,1.98337583396713,2.24762766344393,2.27558196776848,2.34030576542134,2.39094039950246,2.48613383809563,2.58059362576514,2.6794295896009,2.72181515098877,2.82528388124165,2.87492902863658,2.91226363838885,2.984147718217,3.0910486199082,3.14729938364498,3.19108016023969,3.2182739093391,3.28990245829261,3.35136030175637,3.40430351207992,3.46695785502079,3.5157369209933,3.54496341318639,3.6281355191478,3.66577909761341,3.78677066365289,3.84089154277305,3.87651308357182,3.92019006123368,3.98430373852826,4.03703515647353,4.11234663414185,4.20068040778163,4.24729203525601,4.26040057885164,4.29157940645792,4.31431108929679,4.37142598264541,4.39543103964259,4.40600764096165,4.50204465196642,4.57855060156794,4.60805779548001,4.64340011197985,4.66883367871577,4.72952916714496,4.80272947306402,4.80730933084149,4.87291737742247,4.90582681735884,4.93856085402583,4.97846644415452,5.01409496009262,5.03413032211548,5.09055342790336,5.13814472068255,5.15387036923962,5.18048258698765,5.19413817482983,5.21452321718057,5.29750666573775,5.32841718832815,5.35783542473641,5.38731484188017,5.39732657938744,5.44442189257657,5.47395684987186,5.52359940933351,5.55836719930971,5.58482903854613,5.62476024987718,5.67431559637881,5.68912187074344,5.7201867753272,5.72862921410061,5.77473705469411,5.8074144749252,5.83386791550584,5.88602285098569,5.88917811195725,5.90978626647298,5.93618360213442,5.9508241322759,5.99906489155901,6.02794880869141,6.05822254829059,6.08030068052325,6.1119605878621,6.12829756544167,6.1563217765103,6.21984012141201,6.23962219140622,6.27880817253303,6.32070254167545,6.32925503840875,6.34734652959531,6.36116829672605,6.39601695268445,6.40263595469367,6.43772170401314,6.45582745919623,6.4958818570403,6.53029478152943,6.5774548935434,6.59749514228088,6.60604987586726,6.69883955692763,6.72669367906999,6.75231324849459,6.78951180160604,6.79297162892661,6.80631215074039,6.86014205305079,6.86641000132299,6.87303179900285,6.89323571136321,6.91718529418277,6.94275802282817,6.98191636241591,7.01112350997026,7.01627101065432,7.02587412046876,7.0577889907928,7.08120969552223,7.10933920182421,7.12760148008343,7.19571909006782,7.20578654383099,7.23483569438667,7.25113947173524,7.27905018487498,7.28796780860081,7.30963870220221,7.32794626499941,7.33830846387459,7.35710448309596,7.39605818927643,7.41960109064948,7.446995448369,7.46225671565316,7.47607203220967,7.50968749356097,7.5325779693412,7.55678776772168,7.57857087053534,7.61748875039046,7.62718771868273,7.63661328457251,7.65796772952274,7.70420379008793,7.71789801988279,7.73342941802948,7.76939152690337,7.81682151202272,7.82907210550964,7.85645523107349,7.86853820628843,7.89958692439526,7.90620035092982,7.96068963279967,7.97315260211326,7.99461333602606,8.01788373997599,8.04230363776424,8.08035676445152,8.13222790094197,8.14494237083452,8.16664187529946,8.1779421945032,8.218462286008,8.26237607135794,8.27347879355911,8.31072240537161,8.31983769687874,8.33260731035999,8.36994925956397,8.37193368485439,8.42946116712053,8.45322169572237,8.4802453867656,8.49959843499983,8.52044668954404,8.54274586666478,8.59090754389404,8.5972255856899,8.63638049620572,8.64635397645326,8.66951752651869,8.68316821803711,8.70398847910351,8.72605422531895,8.74938617117696,8.77038421972205,8.79910064827319,8.84298815204313,8.86340323954162,8.87650942441601,8.88801587209565,8.96094946638762,9.00964128046718,9.03472913820635,9.04844638464882,9.08682305210415,9.1038211176694,9.14544074864807,9.15415464148889,9.20720570061684,9.22846496381355,9.2374235680235,9.27513860214309,9.29762181320852,9.32481516249641,9.36746693445543,9.39579341817925,9.43230190880655,9.4483112382593,9.49906919099426,9.55193179945696,9.57048596373475,9.59497890464486,9.61922512295459,9.6628944845894,9.70395039641243,9.72970342777243,9.75988943006664,9.77728684522162,9.84449078671852,9.86562311448759,9.91823319228178,9.92836398788626,9.95215667773922,9.98484794374205,9.98880523651835,10.0376084381347,10.0782166619371,10.1024344474174,10.1170342406593,10.1517957492368,10.2104936873567,10.231449697891,10.2697531985964,10.2785647530424,10.3100817594617,10.3422481122762,10.3684392279565,10.3980721688881,10.4492287031768,10.4699166875158,10.4985179634668,10.5122552546638,10.5799272366467,10.6240418785202,10.6532210494095,10.6772500364392,10.7293512458815,10.8181545360686,10.8284635282985,10.8612970623119,10.8809233355423,10.9062349716555,11.0014478745019,11.0304186965645,11.0391316318582,11.07096558054,11.0989344423662,11.1405534636839,11.1612615198527,11.1887119780653,11.2725584912849,11.3127427204859,11.3368358677931,11.3602504151041,11.4331765349838,11.4732449732277,11.5075998119333,11.5428635536838,11.5611622547648,11.5828628911069,11.6642524999213,11.6852734372716,11.7205026262085,11.7732172610208,11.7918533814511,11.8154828735855,11.872775733946,11.9086105094158,11.9816049085018,11.990675953303,12.026104503537,12.1006601977358,12.1151573912737,12.1899884658059,12.2345319508301,12.2641712950851,12.2852796355025,12.3132682065947,12.3758546472027,12.4006316997066,12.4033059555657,12.4604881321132,12.4833517485283,12.5790232038657,12.5943762335389,12.6469851348447,12.6668329414039,12.7061504038299,12.7616498685036,12.8262538291742,12.8744123927481,12.879852905038,12.9082515168896,12.9180138266853,13.0050151620238,13.0330612242777,13.064404454931,13.1086179288555,13.1134856242817,13.1638306463525,13.2443247546312,13.2827316453525,13.3186912980599,13.3729627600566,13.4473679545641,13.4641406495027,13.4840542921229,13.5011326411565,13.5641155636697,13.5849196891386,13.635363195926,13.6883513828067,13.7306430466482,13.7737408915025,13.8192543155857,13.8305793865716,13.9065292651885,13.9523375539029,14.0165426105139,14.0517612350856,14.0984656144022,14.125474183861,14.1883899871538,14.2006167403393,14.2089820632795,14.3004059674624,14.3694083334285,14.3979459535879,14.4611578687852,14.5139135083697,14.5869948176832,14.6093578055443,14.6779252558473,14.6962179573214,14.7900311734787,14.7999078040223,14.8632112354614,14.9691598312289,15.0207306389788,15.11682719722,15.1847088649222,15.1945429148972,15.3269787448832,15.3593355922191,15.3806420990224,15.4947914283078,15.5356882309803,15.5757966117381,15.6845260632252,15.6958237417709,15.8299535449705,15.9344044558569,15.9425771418282,16.0950770679084,16.1689666224798,16.2074147705776,16.3389964278918,16.4535850192368,16.5364144154615,16.5921416955571,16.7071870322675,16.7884008125026,16.8298034930498,17.0042975058823,17.1227787553877,17.2664626716929,17.4690064548994,17.8855699831034,17.966839058288,18.0675343149646,18.1999472216428,18.3037266415625,18.4292572246569,18.5879562474814,18.9224162025099,18.9431966313824,19.12424968111,19.3799871166209,19.5674378625183,19.7157135308415,20.0493045412816,20.2055840697507,20.6158118273845,20.983205693145,21.4038387321818,23.2413584414674,NA,NA,NA,NA,NA,NA,NA,NA,NA,NA,NA,NA,NA,NA,NA,NA,NA,NA,NA,NA,NA,NA,NA,NA,NA,NA,NA,NA,NA,NA,NA,NA,NA,NA,NA,NA,NA,NA,NA,NA,NA,NA,NA,NA,NA,NA,NA,NA,NA,NA,NA
0.569493670388439,0.667182156968407,0.883013653856836,1.02914716705958,1.11682555457926,1.39497193226167,1.4559635560023,1.51468930736148,1.60412951446714,1.72731757084295,1.80857079317199,1.85023774330308,1.8617343646829,1.98337583396713,2.24762766344393,2.27558196776848,2.34030576542134,2.39094039950246,2.48613383809563,2.58059362576514,2.6794295896009,2.72181515098877,2.82528388124165,2.87492902863658,2.91226363838885,2.984147718217,3.0910486199082,3.14729938364498,3.19108016023969,3.2182739093391,3.28990245829261,3.35136030175637,3.40430351207992,3.46695785502079,3.5157369209933,3.54496341318639,3.6281355191478,3.66577909761341,3.78677066365289,3.84089154277305,3.87651308357182,3.92019006123368,3.98430373852826,4.03703515647353,4.11234663414185,4.20068040778163,4.24729203525601,4.26040057885164,4.29157940645792,4.31431108929679,4.37142598264541,4.39543103964259,4.40600764096165,4.50204465196642,4.57855060156794,4.60805779548001,4.64340011197985,4.66883367871577,4.72952916714496,4.80272947306402,4.80730933084149,4.87291737742247,4.90582681735884,4.93856085402583,4.97846644415452,5.01409496009262,5.03413032211548,5.09055342790336,5.13814472068255,5.15387036923962,5.18048258698765,5.19413817482983,5.21452321718057,5.29750666573775,5.32841718832815,5.35783542473641,5.38731484188017,5.39732657938744,5.44442189257657,5.47395684987186,5.52359940933351,5.55836719930971,5.58482903854613,5.62476024987718,5.67431559637881,5.68912187074344,5.7201867753272,5.72862921410061,5.77473705469411,5.8074144749252,5.83386791550584,5.88602285098569,5.88917811195725,5.90978626647298,5.93618360213442,5.9508241322759,5.99906489155901,6.02794880869141,6.05822254829059,6.08030068052325,6.1119605878621,6.12829756544167,6.1563217765103,6.21984012141201,6.23962219140622,6.27880817253303,6.32070254167545,6.32925503840875,6.34734652959531,6.36116829672605,6.39601695268445,6.40263595469367,6.43772170401314,6.45582745919623,6.4958818570403,6.53029478152943,6.5774548935434,6.59749514228088,6.60604987586726,6.69883955692763,6.72669367906999,6.75231324849459,6.78951180160604,6.79297162892661,6.80631215074039,6.86014205305079,6.86641000132299,6.87303179900285,6.89323571136321,6.91718529418277,6.94275802282817,6.98191636241591,7.01112350997026,7.01627101065432,7.02587412046876,7.0577889907928,7.08120969552223,7.10933920182421,7.12760148008343,7.19571909006782,7.20578654383099,7.23483569438667,7.25113947173524,7.27905018487498,7.28796780860081,7.30963870220221,7.32794626499941,7.33830846387459,7.35710448309596,7.39605818927643,7.41960109064948,7.446995448369,7.46225671565316,7.47607203220967,7.50968749356097,7.5325779693412,7.55678776772168,7.57857087053534,7.61748875039046,7.62718771868273,7.63661328457251,7.65796772952274,7.70420379008793,7.71789801988279,7.73342941802948,7.76939152690337,7.81682151202272,7.82907210550964,7.85645523107349,7.86853820628843,7.89958692439526,7.90620035092982,7.96068963279967,7.97315260211326,7.99461333602606,8.01788373997599,8.04230363776424,8.08035676445152,8.13222790094197,8.14494237083452,8.16664187529946,8.1779421945032,8.218462286008,8.26237607135794,8.27347879355911,8.31072240537161,8.31983769687874,8.33260731035999,8.36994925956397,8.37193368485439,8.42946116712053,8.45322169572237,8.4802453867656,8.49959843499983,8.52044668954404,8.54274586666478,8.59090754389404,8.5972255856899,8.63638049620572,8.64635397645326,8.66951752651869,8.68316821803711,8.70398847910351,8.72605422531895,8.74938617117696,8.77038421972205,8.79910064827319,8.84298815204313,8.86340323954162,8.87650942441601,8.88801587209565,8.96094946638762,9.00964128046718,9.03472913820635,9.04844638464882,9.08682305210415,9.1038211176694,9.14544074864807,9.15415464148889,9.20720570061684,9.22846496381355,9.2374235680235,9.27513860214309,9.29762181320852,9.32481516249641,9.36746693445543,9.39579341817925,9.43230190880655,9.4483112382593,9.49906919099426,9.55193179945696,9.57048596373475,9.59497890464486,9.61922512295459,9.6628944845894,9.70395039641243,9.72970342777243,9.75988943006664,9.77728684522162,9.84449078671852,9.86562311448759,9.91823319228178,9.92836398788626,9.95215667773922,9.98484794374205,9.98880523651835,10.0376084381347,10.0782166619371,10.1024344474174,10.1170342406593,10.1517957492368,10.2104936873567,10.231449697891,10.2697531985964,10.2785647530424,10.3100817594617,10.3422481122762,10.3684392279565,10.3980721688881,10.4492287031768,10.4699166875158,10.4985179634668,10.5122552546638,10.5799272366467,10.6240418785202,10.6532210494095,10.6772500364392,10.7293512458815,10.8181545360686,10.8284635282985,10.8612970623119,10.8809233355423,10.9062349716555,11.0014478745019,11.0304186965645,11.0391316318582,11.07096558054,11.0989344423662,11.1405534636839,11.1612615198527,11.1887119780653,11.2725584912849,11.3127427204859,11.3368358677931,11.3602504151041,11.4331765349838,11.4732449732277,11.5075998119333,11.5428635536838,11.5611622547648,11.5828628911069,11.6642524999213,11.6852734372716,11.7205026262085,11.7732172610208,11.7918533814511,11.8154828735855,11.872775733946,11.9086105094158,11.9816049085018,11.990675953303,12.026104503537,12.1006601977358,12.1151573912737,12.1899884658059,12.2345319508301,12.2641712950851,12.2852796355025,12.3132682065947,12.3758546472027,12.4006316997066,12.4033059555657,12.4604881321132,12.4833517485283,12.5790232038657,12.5943762335389,12.6469851348447,12.6668329414039,12.7061504038299,12.7616498685036,12.8262538291742,12.8744123927481,12.879852905038,12.9082515168896,12.9180138266853,13.0050151620238,13.0330612242777,13.064404454931,13.1086179288555,13.1134856242817,13.1638306463525,13.2443247546312,13.2827316453525,13.3186912980599,13.3729627600566,13.4473679545641,13.4641406495027,13.4840542921229,13.5011326411565,13.5641155636697,13.5849196891386,13.635363195926,13.6883513828067,13.7306430466482,13.7737408915025,13.8192543155857,13.8305793865716,13.9065292651885,13.9523375539029,14.0165426105139,14.0517612350856,14.0984656144022,14.125474183861,14.1883899871538,14.2006167403393,14.2089820632795,14.3004059674624,14.3694083334285,14.3979459535879,14.4611578687852,14.5139135083697,14.5869948176832,14.6093578055443,14.6779252558473,14.6962179573214,14.7900311734787,14.7999078040223,14.8632112354614,14.9691598312289,15.0207306389788,15.11682719722,15.1847088649222,15.1945429148972,15.3269787448832,15.3593355922191,15.3806420990224,15.4947914283078,15.5356882309803,15.5757966117381,15.6845260632252,15.6958237417709,15.8299535449705,15.9344044558569,15.9425771418282,16.0950770679084,16.1689666224798,16.2074147705776,16.3389964278918,16.4535850192368,16.5364144154615,16.5921416955571,16.7071870322675,16.7884008125026,16.8298034930498,17.0042975058823,17.1227787553877,17.2664626716929,17.4690064548994,17.8855699831034,17.966839058288,18.0675343149646,18.1999472216428,18.3037266415625,18.4292572246569,18.5879562474814,18.9224162025099,18.9431966313824,19.12424968111,19.3799871166209,19.5674378625183,19.7157135308415,20.0493045412816,20.2055840697507,20.6158118273845,20.983205693145,21.4038387321818,23.2413584414674,NA,NA,NA,NA,NA,NA,NA,NA,NA,NA,NA,NA,NA,NA,NA,NA,NA,NA,NA,NA,NA,NA,NA,NA,NA,NA,NA,NA,NA,NA,NA,NA,NA,NA,NA,NA,NA,NA,NA,NA,NA,NA,NA,NA,NA,NA,NA,NA,NA,NA,NA
0.569493670388439,0.667182156968407,0.883013653856836,1.02914716705958,1.11682555457926,1.39497193226167,1.4559635560023,1.51468930736148,1.60412951446714,1.72731757084295,1.80857079317199,1.85023774330308,1.8617343646829,1.98337583396713,2.24762766344393,2.27558196776848,2.34030576542134,2.39094039950246,2.48613383809563,2.58059362576514,2.6794295896009,2.72181515098877,2.82528388124165,2.87492902863658,2.91226363838885,2.984147718217,3.0910486199082,3.14729938364498,3.19108016023969,3.2182739093391,3.28990245829261,3.35136030175637,3.40430351207992,3.46695785502079,3.5157369209933,3.54496341318639,3.6281355191478,3.66577909761341,3.78677066365289,3.84089154277305,3.87651308357182,3.92019006123368,3.98430373852826,4.03703515647353,4.11234663414185,4.20068040778163,4.24729203525601,4.26040057885164,4.29157940645792,4.31431108929679,4.37142598264541,4.39543103964259,4.40600764096165,4.50204465196642,4.57855060156794,4.60805779548001,4.64340011197985,4.66883367871577,4.72952916714496,4.80272947306402,4.80730933084149,4.87291737742247,4.90582681735884,4.93856085402583,4.97846644415452,5.01409496009262,5.03413032211548,5.09055342790336,5.13814472068255,5.15387036923962,5.18048258698765,5.19413817482983,5.21452321718057,5.29750666573775,5.32841718832815,5.35783542473641,5.38731484188017,5.39732657938744,5.44442189257657,5.47395684987186,5.52359940933351,5.55836719930971,5.58482903854613,5.62476024987718,5.67431559637881,5.68912187074344,5.7201867753272,5.72862921410061,5.77473705469411,5.8074144749252,5.83386791550584,5.88602285098569,5.88917811195725,5.90978626647298,5.93618360213442,5.9508241322759,5.99906489155901,6.02794880869141,6.05822254829059,6.08030068052325,6.1119605878621,6.12829756544167,6.1563217765103,6.21984012141201,6.23962219140622,6.27880817253303,6.32070254167545,6.32925503840875,6.34734652959531,6.36116829672605,6.39601695268445,6.40263595469367,6.43772170401314,6.45582745919623,6.4958818570403,6.53029478152943,6.5774548935434,6.59749514228088,6.60604987586726,6.69883955692763,6.72669367906999,6.75231324849459,6.78951180160604,6.79297162892661,6.80631215074039,6.86014205305079,6.86641000132299,6.87303179900285,6.89323571136321,6.91718529418277,6.94275802282817,6.98191636241591,7.01112350997026,7.01627101065432,7.02587412046876,7.0577889907928,7.08120969552223,7.10933920182421,7.12760148008343,7.19571909006782,7.20578654383099,7.23483569438667,7.25113947173524,7.27905018487498,7.28796780860081,7.30963870220221,7.32794626499941,7.33830846387459,7.35710448309596,7.39605818927643,7.41960109064948,7.446995448369,7.46225671565316,7.47607203220967,7.50968749356097,7.5325779693412,7.55678776772168,7.57857087053534,7.61748875039046,7.62718771868273,7.63661328457251,7.65796772952274,7.70420379008793,7.71789801988279,7.73342941802948,7.76939152690337,7.81682151202272,7.82907210550964,7.85645523107349,7.86853820628843,7.89958692439526,7.90620035092982,7.96068963279967,7.97315260211326,7.99461333602606,8.01788373997599,8.04230363776424,8.08035676445152,8.13222790094197,8.14494237083452,8.16664187529946,8.1779421945032,8.218462286008,8.26237607135794,8.27347879355911,8.31072240537161,8.31983769687874,8.33260731035999,8.36994925956397,8.37193368485439,8.42946116712053,8.45322169572237,8.4802453867656,8.49959843499983,8.52044668954404,8.54274586666478,8.59090754389404,8.5972255856899,8.63638049620572,8.64635397645326,8.66951752651869,8.68316821803711,8.70398847910351,8.72605422531895,8.74938617117696,8.77038421972205,8.79910064827319,8.84298815204313,8.86340323954162,8.87650942441601,8.88801587209565,8.96094946638762,9.00964128046718,9.03472913820635,9.04844638464882,9.08682305210415,9.1038211176694,9.14544074864807,9.15415464148889,9.20720570061684,9.22846496381355,9.2374235680235,9.27513860214309,9.29762181320852,9.32481516249641,9.36746693445543,9.39579341817925,9.43230190880655,9.4483112382593,9.49906919099426,9.55193179945696,9.57048596373475,9.59497890464486,9.61922512295459,9.6628944845894,9.70395039641243,9.72970342777243,9.75988943006664,9.77728684522162,9.84449078671852,9.86562311448759,9.91823319228178,9.92836398788626,9.95215667773922,9.98484794374205,9.98880523651835,10.0376084381347,10.0782166619371,10.1024344474174,10.1170342406593,10.1517957492368,10.2104936873567,10.231449697891,10.2697531985964,10.2785647530424,10.3100817594617,10.3422481122762,10.3684392279565,10.3980721688881,10.4492287031768,10.4699166875158,10.4985179634668,10.5122552546638,10.5799272366467,10.6240418785202,10.6532210494095,10.6772500364392,10.7293512458815,10.8181545360686,10.8284635282985,10.8612970623119,10.8809233355423,10.9062349716555,11.0014478745019,11.0304186965645,11.0391316318582,11.07096558054,11.0989344423662,11.1405534636839,11.1612615198527,11.1887119780653,11.2725584912849,11.3127427204859,11.3368358677931,11.3602504151041,11.4331765349838,11.4732449732277,11.5075998119333,11.5428635536838,11.5611622547648,11.5828628911069,11.6642524999213,11.6852734372716,11.7205026262085,11.7732172610208,11.7918533814511,11.8154828735855,11.872775733946,11.9086105094158,11.9816049085018,11.990675953303,12.026104503537,12.1006601977358,12.1151573912737,12.1899884658059,12.2345319508301,12.2641712950851,12.2852796355025,12.3132682065947,12.3758546472027,12.4006316997066,12.4033059555657,12.4604881321132,12.4833517485283,12.5790232038657,12.5943762335389,12.6469851348447,12.6668329414039,12.7061504038299,12.7616498685036,12.8262538291742,12.8744123927481,12.879852905038,12.9082515168896,12.9180138266853,13.0050151620238,13.0330612242777,13.064404454931,13.1086179288555,13.1134856242817,13.1638306463525,13.2443247546312,13.2827316453525,13.3186912980599,13.3729627600566,13.4473679545641,13.4641406495027,13.4840542921229,13.5011326411565,13.5641155636697,13.5849196891386,13.635363195926,13.6883513828067,13.7306430466482,13.7737408915025,13.8192543155857,13.8305793865716,13.9065292651885,13.9523375539029,14.0165426105139,14.0517612350856,14.0984656144022,14.125474183861,14.1883899871538,14.2006167403393,14.2089820632795,14.3004059674624,14.3694083334285,14.3979459535879,14.4611578687852,14.5139135083697,14.5869948176832,14.6093578055443,14.6779252558473,14.6962179573214,14.7900311734787,14.7999078040223,14.8632112354614,14.9691598312289,15.0207306389788,15.11682719722,15.1847088649222,15.1945429148972,15.3269787448832,15.3593355922191,15.3806420990224,15.4947914283078,15.5356882309803,15.5757966117381,15.6845260632252,15.6958237417709,15.8299535449705,15.9344044558569,15.9425771418282,16.0950770679084,16.1689666224798,16.2074147705776,16.3389964278918,16.4535850192368,16.5364144154615,16.5921416955571,16.7071870322675,16.7884008125026,16.8298034930498,17.0042975058823,17.1227787553877,17.2664626716929,17.4690064548994,17.8855699831034,17.966839058288,18.0675343149646,18.1999472216428,18.3037266415625,18.4292572246569,18.5879562474814,18.9224162025099,18.9431966313824,19.12424968111,19.3799871166209,19.5674378625183,19.7157135308415,20.0493045412816,20.2055840697507,20.6158118273845,20.983205693145,21.4038387321818,23.2413584414674,NA,NA,NA,NA,NA,NA,NA,NA,NA,NA,NA,NA,NA,NA,NA,NA,NA,NA,NA,NA,NA,NA,NA,NA,NA,NA,NA,NA,NA,NA,NA,NA,NA,NA,NA,NA,NA,NA,NA,NA,NA,NA,NA,NA,NA,NA,NA,NA,NA,NA,NA
0.569493670388439,0.667182156968407,0.883013653856836,1.02914716705958,1.11682555457926,1.39497193226167,1.4559635560023,1.51468930736148,1.60412951446714,1.72731757084295,1.80857079317199,1.85023774330308,1.8617343646829,1.98337583396713,2.24762766344393,2.27558196776848,2.34030576542134,2.39094039950246,2.48613383809563,2.58059362576514,2.6794295896009,2.72181515098877,2.82528388124165,2.87492902863658,2.91226363838885,2.984147718217,3.0910486199082,3.14729938364498,3.19108016023969,3.2182739093391,3.28990245829261,3.35136030175637,3.40430351207992,3.46695785502079,3.5157369209933,3.54496341318639,3.6281355191478,3.66577909761341,3.78677066365289,3.84089154277305,3.87651308357182,3.92019006123368,3.98430373852826,4.03703515647353,4.11234663414185,4.20068040778163,4.24729203525601,4.26040057885164,4.29157940645792,4.31431108929679,4.37142598264541,4.39543103964259,4.40600764096165,4.50204465196642,4.57855060156794,4.60805779548001,4.64340011197985,4.66883367871577,4.72952916714496,4.80272947306402,4.80730933084149,4.87291737742247,4.90582681735884,4.93856085402583,4.97846644415452,5.01409496009262,5.03413032211548,5.09055342790336,5.13814472068255,5.15387036923962,5.18048258698765,5.19413817482983,5.21452321718057,5.29750666573775,5.32841718832815,5.35783542473641,5.38731484188017,5.39732657938744,5.44442189257657,5.47395684987186,5.52359940933351,5.55836719930971,5.58482903854613,5.62476024987718,5.67431559637881,5.68912187074344,5.7201867753272,5.72862921410061,5.77473705469411,5.8074144749252,5.83386791550584,5.88602285098569,5.88917811195725,5.90978626647298,5.93618360213442,5.9508241322759,5.99906489155901,6.02794880869141,6.05822254829059,6.08030068052325,6.1119605878621,6.12829756544167,6.1563217765103,6.21984012141201,6.23962219140622,6.27880817253303,6.32070254167545,6.32925503840875,6.34734652959531,6.36116829672605,6.39601695268445,6.40263595469367,6.43772170401314,6.45582745919623,6.4958818570403,6.53029478152943,6.5774548935434,6.59749514228088,6.60604987586726,6.69883955692763,6.72669367906999,6.75231324849459,6.78951180160604,6.79297162892661,6.80631215074039,6.86014205305079,6.86641000132299,6.87303179900285,6.89323571136321,6.91718529418277,6.94275802282817,6.98191636241591,7.01112350997026,7.01627101065432,7.02587412046876,7.0577889907928,7.08120969552223,7.10933920182421,7.12760148008343,7.19571909006782,7.20578654383099,7.23483569438667,7.25113947173524,7.27905018487498,7.28796780860081,7.30963870220221,7.32794626499941,7.33830846387459,7.35710448309596,7.39605818927643,7.41960109064948,7.446995448369,7.46225671565316,7.47607203220967,7.50968749356097,7.5325779693412,7.55678776772168,7.57857087053534,7.61748875039046,7.62718771868273,7.63661328457251,7.65796772952274,7.70420379008793,7.71789801988279,7.73342941802948,7.76939152690337,7.81682151202272,7.82907210550964,7.85645523107349,7.86853820628843,7.89958692439526,7.90620035092982,7.96068963279967,7.97315260211326,7.99461333602606,8.01788373997599,8.04230363776424,8.08035676445152,8.13222790094197,8.14494237083452,8.16664187529946,8.1779421945032,8.218462286008,8.26237607135794,8.27347879355911,8.31072240537161,8.31983769687874,8.33260731035999,8.36994925956397,8.37193368485439,8.42946116712053,8.45322169572237,8.4802453867656,8.49959843499983,8.52044668954404,8.54274586666478,8.59090754389404,8.5972255856899,8.63638049620572,8.64635397645326,8.66951752651869,8.68316821803711,8.70398847910351,8.72605422531895,8.74938617117696,8.77038421972205,8.79910064827319,8.84298815204313,8.86340323954162,8.87650942441601,8.88801587209565,8.96094946638762,9.00964128046718,9.03472913820635,9.04844638464882,9.08682305210415,9.1038211176694,9.14544074864807,9.15415464148889,9.20720570061684,9.22846496381355,9.2374235680235,9.27513860214309,9.29762181320852,9.32481516249641,9.36746693445543,9.39579341817925,9.43230190880655,9.4483112382593,9.49906919099426,9.55193179945696,9.57048596373475,9.59497890464486,9.61922512295459,9.6628944845894,9.70395039641243,9.72970342777243,9.75988943006664,9.77728684522162,9.84449078671852,9.86562311448759,9.91823319228178,9.92836398788626,9.95215667773922,9.98484794374205,9.98880523651835,10.0376084381347,10.0782166619371,10.1024344474174,10.1170342406593,10.1517957492368,10.2104936873567,10.231449697891,10.2697531985964,10.2785647530424,10.3100817594617,10.3422481122762,10.3684392279565,10.3980721688881,10.4492287031768,10.4699166875158,10.4985179634668,10.5122552546638,10.5799272366467,10.6240418785202,10.6532210494095,10.6772500364392,10.7293512458815,10.8181545360686,10.8284635282985,10.8612970623119,10.8809233355423,10.9062349716555,11.0014478745019,11.0304186965645,11.0391316318582,11.07096558054,11.0989344423662,11.1405534636839,11.1612615198527,11.1887119780653,11.2725584912849,11.3127427204859,11.3368358677931,11.3602504151041,11.4331765349838,11.4732449732277,11.5075998119333,11.5428635536838,11.5611622547648,11.5828628911069,11.6642524999213,11.6852734372716,11.7205026262085,11.7732172610208,11.7918533814511,11.8154828735855,11.872775733946,11.9086105094158,11.9816049085018,11.990675953303,12.026104503537,12.1006601977358,12.1151573912737,12.1899884658059,12.2345319508301,12.2641712950851,12.2852796355025,12.3132682065947,12.3758546472027,12.4006316997066,12.4033059555657,12.4604881321132,12.4833517485283,12.5790232038657,12.5943762335389,12.6469851348447,12.6668329414039,12.7061504038299,12.7616498685036,12.8262538291742,12.8744123927481,12.879852905038,12.9082515168896,12.9180138266853,13.0050151620238,13.0330612242777,13.064404454931,13.1086179288555,13.1134856242817,13.1638306463525,13.2443247546312,13.2827316453525,13.3186912980599,13.3729627600566,13.4473679545641,13.4641406495027,13.4840542921229,13.5011326411565,13.5641155636697,13.5849196891386,13.635363195926,13.6883513828067,13.7306430466482,13.7737408915025,13.8192543155857,13.8305793865716,13.9065292651885,13.9523375539029,14.0165426105139,14.0517612350856,14.0984656144022,14.125474183861,14.1883899871538,14.2006167403393,14.2089820632795,14.3004059674624,14.3694083334285,14.3979459535879,14.4611578687852,14.5139135083697,14.5869948176832,14.6093578055443,14.6779252558473,14.6962179573214,14.7900311734787,14.7999078040223,14.8632112354614,14.9691598312289,15.0207306389788,15.11682719722,15.1847088649222,15.1945429148972,15.3269787448832,15.3593355922191,15.3806420990224,15.4947914283078,15.5356882309803,15.5757966117381,15.6845260632252,15.6958237417709,15.8299535449705,15.9344044558569,15.9425771418282,16.0950770679084,16.1689666224798,16.2074147705776,16.3389964278918,16.4535850192368,16.5364144154615,16.5921416955571,16.7071870322675,16.7884008125026,16.8298034930498,17.0042975058823,17.1227787553877,17.2664626716929,17.4690064548994,17.8855699831034,17.966839058288,18.0675343149646,18.1999472216428,18.3037266415625,18.4292572246569,18.5879562474814,18.9224162025099,18.9431966313824,19.12424968111,19.3799871166209,19.5674378625183,19.7157135308415,20.0493045412816,20.2055840697507,20.6158118273845,20.983205693145,21.4038387321818,23.2413584414674,NA,NA,NA,NA,NA,NA,NA,NA,NA,NA,NA,NA,NA,NA,NA,NA,NA,NA,NA,NA,NA,NA,NA,NA,NA,NA,NA,NA,NA,NA,NA,NA,NA,NA,NA,NA,NA,NA,NA,NA,NA,NA,NA,NA,NA,NA,NA,NA,NA,NA,NA
0.569493670388439,0.667182156968407,0.883013653856836,1.02914716705958,1.11682555457926,1.39497193226167,1.4559635560023,1.51468930736148,1.60412951446714,1.72731757084295,1.80857079317199,1.85023774330308,1.8617343646829,1.98337583396713,2.24762766344393,2.27558196776848,2.34030576542134,2.39094039950246,2.48613383809563,2.58059362576514,2.6794295896009,2.72181515098877,2.82528388124165,2.87492902863658,2.91226363838885,2.984147718217,3.0910486199082,3.14729938364498,3.19108016023969,3.2182739093391,3.28990245829261,3.35136030175637,3.40430351207992,3.46695785502079,3.5157369209933,3.54496341318639,3.6281355191478,3.66577909761341,3.78677066365289,3.84089154277305,3.87651308357182,3.92019006123368,3.98430373852826,4.03703515647353,4.11234663414185,4.20068040778163,4.24729203525601,4.26040057885164,4.29157940645792,4.31431108929679,4.37142598264541,4.39543103964259,4.40600764096165,4.50204465196642,4.57855060156794,4.60805779548001,4.64340011197985,4.66883367871577,4.72952916714496,4.80272947306402,4.80730933084149,4.87291737742247,4.90582681735884,4.93856085402583,4.97846644415452,5.01409496009262,5.03413032211548,5.09055342790336,5.13814472068255,5.15387036923962,5.18048258698765,5.19413817482983,5.21452321718057,5.29750666573775,5.32841718832815,5.35783542473641,5.38731484188017,5.39732657938744,5.44442189257657,5.47395684987186,5.52359940933351,5.55836719930971,5.58482903854613,5.62476024987718,5.67431559637881,5.68912187074344,5.7201867753272,5.72862921410061,5.77473705469411,5.8074144749252,5.83386791550584,5.88602285098569,5.88917811195725,5.90978626647298,5.93618360213442,5.9508241322759,5.99906489155901,6.02794880869141,6.05822254829059,6.08030068052325,6.1119605878621,6.12829756544167,6.1563217765103,6.21984012141201,6.23962219140622,6.27880817253303,6.32070254167545,6.32925503840875,6.34734652959531,6.36116829672605,6.39601695268445,6.40263595469367,6.43772170401314,6.45582745919623,6.4958818570403,6.53029478152943,6.5774548935434,6.59749514228088,6.60604987586726,6.69883955692763,6.72669367906999,6.75231324849459,6.78951180160604,6.79297162892661,6.80631215074039,6.86014205305079,6.86641000132299,6.87303179900285,6.89323571136321,6.91718529418277,6.94275802282817,6.98191636241591,7.01112350997026,7.01627101065432,7.02587412046876,7.0577889907928,7.08120969552223,7.10933920182421,7.12760148008343,7.19571909006782,7.20578654383099,7.23483569438667,7.25113947173524,7.27905018487498,7.28796780860081,7.30963870220221,7.32794626499941,7.33830846387459,7.35710448309596,7.39605818927643,7.41960109064948,7.446995448369,7.46225671565316,7.47607203220967,7.50968749356097,7.5325779693412,7.55678776772168,7.57857087053534,7.61748875039046,7.62718771868273,7.63661328457251,7.65796772952274,7.70420379008793,7.71789801988279,7.73342941802948,7.76939152690337,7.81682151202272,7.82907210550964,7.85645523107349,7.86853820628843,7.89958692439526,7.90620035092982,7.96068963279967,7.97315260211326,7.99461333602606,8.01788373997599,8.04230363776424,8.08035676445152,8.13222790094197,8.14494237083452,8.16664187529946,8.1779421945032,8.218462286008,8.26237607135794,8.27347879355911,8.31072240537161,8.31983769687874,8.33260731035999,8.36994925956397,8.37193368485439,8.42946116712053,8.45322169572237,8.4802453867656,8.49959843499983,8.52044668954404,8.54274586666478,8.59090754389404,8.5972255856899,8.63638049620572,8.64635397645326,8.66951752651869,8.68316821803711,8.70398847910351,8.72605422531895,8.74938617117696,8.77038421972205,8.79910064827319,8.84298815204313,8.86340323954162,8.87650942441601,8.88801587209565,8.96094946638762,9.00964128046718,9.03472913820635,9.04844638464882,9.08682305210415,9.1038211176694,9.14544074864807,9.15415464148889,9.20720570061684,9.22846496381355,9.2374235680235,9.27513860214309,9.29762181320852,9.32481516249641,9.36746693445543,9.39579341817925,9.43230190880655,9.4483112382593,9.49906919099426,9.55193179945696,9.57048596373475,9.59497890464486,9.61922512295459,9.6628944845894,9.70395039641243,9.72970342777243,9.75988943006664,9.77728684522162,9.84449078671852,9.86562311448759,9.91823319228178,9.92836398788626,9.95215667773922,9.98484794374205,9.98880523651835,10.0376084381347,10.0782166619371,10.1024344474174,10.1170342406593,10.1517957492368,10.2104936873567,10.231449697891,10.2697531985964,10.2785647530424,10.3100817594617,10.3422481122762,10.3684392279565,10.3980721688881,10.4492287031768,10.4699166875158,10.4985179634668,10.5122552546638,10.5799272366467,10.6240418785202,10.6532210494095,10.6772500364392,10.7293512458815,10.8181545360686,10.8284635282985,10.8612970623119,10.8809233355423,10.9062349716555,11.0014478745019,11.0304186965645,11.0391316318582,11.07096558054,11.0989344423662,11.1405534636839,11.1612615198527,11.1887119780653,11.2725584912849,11.3127427204859,11.3368358677931,11.3602504151041,11.4331765349838,11.4732449732277,11.5075998119333,11.5428635536838,11.5611622547648,11.5828628911069,11.6642524999213,11.6852734372716,11.7205026262085,11.7732172610208,11.7918533814511,11.8154828735855,11.872775733946,11.9086105094158,11.9816049085018,11.990675953303,12.026104503537,12.1006601977358,12.1151573912737,12.1899884658059,12.2345319508301,12.2641712950851,12.2852796355025,12.3132682065947,12.3758546472027,12.4006316997066,12.4033059555657,12.4604881321132,12.4833517485283,12.5790232038657,12.5943762335389,12.6469851348447,12.6668329414039,12.7061504038299,12.7616498685036,12.8262538291742,12.8744123927481,12.879852905038,12.9082515168896,12.9180138266853,13.0050151620238,13.0330612242777,13.064404454931,13.1086179288555,13.1134856242817,13.1638306463525,13.2443247546312,13.2827316453525,13.3186912980599,13.3729627600566,13.4473679545641,13.4641406495027,13.4840542921229,13.5011326411565,13.5641155636697,13.5849196891386,13.635363195926,13.6883513828067,13.7306430466482,13.7737408915025,13.8192543155857,13.8305793865716,13.9065292651885,13.9523375539029,14.0165426105139,14.0517612350856,14.0984656144022,14.125474183861,14.1883899871538,14.2006167403393,14.2089820632795,14.3004059674624,14.3694083334285,14.3979459535879,14.4611578687852,14.5139135083697,14.5869948176832,14.6093578055443,14.6779252558473,14.6962179573214,14.7900311734787,14.7999078040223,14.8632112354614,14.9691598312289,15.0207306389788,15.11682719722,15.1847088649222,15.1945429148972,15.3269787448832,15.3593355922191,15.3806420990224,15.4947914283078,15.5356882309803,15.5757966117381,15.6845260632252,15.6958237417709,15.8299535449705,15.9344044558569,15.9425771418282,16.0950770679084,16.1689666224798,16.2074147705776,16.3389964278918,16.4535850192368,16.5364144154615,16.5921416955571,16.7071870322675,16.7884008125026,16.8298034930498,17.0042975058823,17.1227787553877,17.2664626716929,17.4690064548994,17.8855699831034,17.966839058288,18.0675343149646,18.1999472216428,18.3037266415625,18.4292572246569,18.5879562474814,18.9224162025099,18.9431966313824,19.12424968111,19.3799871166209,19.5674378625183,19.7157135308415,20.0493045412816,20.2055840697507,20.6158118273845,20.983205693145,21.4038387321818,23.2413584414674,NA,NA,NA,NA,NA,NA,NA,NA,NA,NA,NA,NA,NA,NA,NA,NA,NA,NA,NA,NA,NA,NA,NA,NA,NA,NA,NA,NA,NA,NA,NA,NA,NA,NA,NA,NA,NA,NA,NA,NA,NA,NA,NA,NA,NA,NA,NA,NA,NA,NA,NA
0.569493670388439,0.667182156968407,0.883013653856836,1.02914716705958,1.11682555457926,1.39497193226167,1.4559635560023,1.51468930736148,1.60412951446714,1.72731757084295,1.80857079317199,1.85023774330308,1.8617343646829,1.98337583396713,2.24762766344393,2.27558196776848,2.34030576542134,2.39094039950246,2.48613383809563,2.58059362576514,2.6794295896009,2.72181515098877,2.82528388124165,2.87492902863658,2.91226363838885,2.984147718217,3.0910486199082,3.14729938364498,3.19108016023969,3.2182739093391,3.28990245829261,3.35136030175637,3.40430351207992,3.46695785502079,3.5157369209933,3.54496341318639,3.6281355191478,3.66577909761341,3.78677066365289,3.84089154277305,3.87651308357182,3.92019006123368,3.98430373852826,4.03703515647353,4.11234663414185,4.20068040778163,4.24729203525601,4.26040057885164,4.29157940645792,4.31431108929679,4.37142598264541,4.39543103964259,4.40600764096165,4.50204465196642,4.57855060156794,4.60805779548001,4.64340011197985,4.66883367871577,4.72952916714496,4.80272947306402,4.80730933084149,4.87291737742247,4.90582681735884,4.93856085402583,4.97846644415452,5.01409496009262,5.03413032211548,5.09055342790336,5.13814472068255,5.15387036923962,5.18048258698765,5.19413817482983,5.21452321718057,5.29750666573775,5.32841718832815,5.35783542473641,5.38731484188017,5.39732657938744,5.44442189257657,5.47395684987186,5.52359940933351,5.55836719930971,5.58482903854613,5.62476024987718,5.67431559637881,5.68912187074344,5.7201867753272,5.72862921410061,5.77473705469411,5.8074144749252,5.83386791550584,5.88602285098569,5.88917811195725,5.90978626647298,5.93618360213442,5.9508241322759,5.99906489155901,6.02794880869141,6.05822254829059,6.08030068052325,6.1119605878621,6.12829756544167,6.1563217765103,6.21984012141201,6.23962219140622,6.27880817253303,6.32070254167545,6.32925503840875,6.34734652959531,6.36116829672605,6.39601695268445,6.40263595469367,6.43772170401314,6.45582745919623,6.4958818570403,6.53029478152943,6.5774548935434,6.59749514228088,6.60604987586726,6.69883955692763,6.72669367906999,6.75231324849459,6.78951180160604,6.79297162892661,6.80631215074039,6.86014205305079,6.86641000132299,6.87303179900285,6.89323571136321,6.91718529418277,6.94275802282817,6.98191636241591,7.01112350997026,7.01627101065432,7.02587412046876,7.0577889907928,7.08120969552223,7.10933920182421,7.12760148008343,7.19571909006782,7.20578654383099,7.23483569438667,7.25113947173524,7.27905018487498,7.28796780860081,7.30963870220221,7.32794626499941,7.33830846387459,7.35710448309596,7.39605818927643,7.41960109064948,7.446995448369,7.46225671565316,7.47607203220967,7.50968749356097,7.5325779693412,7.55678776772168,7.57857087053534,7.61748875039046,7.62718771868273,7.63661328457251,7.65796772952274,7.70420379008793,7.71789801988279,7.73342941802948,7.76939152690337,7.81682151202272,7.82907210550964,7.85645523107349,7.86853820628843,7.89958692439526,7.90620035092982,7.96068963279967,7.97315260211326,7.99461333602606,8.01788373997599,8.04230363776424,8.08035676445152,8.13222790094197,8.14494237083452,8.16664187529946,8.1779421945032,8.218462286008,8.26237607135794,8.27347879355911,8.31072240537161,8.31983769687874,8.33260731035999,8.36994925956397,8.37193368485439,8.42946116712053,8.45322169572237,8.4802453867656,8.49959843499983,8.52044668954404,8.54274586666478,8.59090754389404,8.5972255856899,8.63638049620572,8.64635397645326,8.66951752651869,8.68316821803711,8.70398847910351,8.72605422531895,8.74938617117696,8.77038421972205,8.79910064827319,8.84298815204313,8.86340323954162,8.87650942441601,8.88801587209565,8.96094946638762,9.00964128046718,9.03472913820635,9.04844638464882,9.08682305210415,9.1038211176694,9.14544074864807,9.15415464148889,9.20720570061684,9.22846496381355,9.2374235680235,9.27513860214309,9.29762181320852,9.32481516249641,9.36746693445543,9.39579341817925,9.43230190880655,9.4483112382593,9.49906919099426,9.55193179945696,9.57048596373475,9.59497890464486,9.61922512295459,9.6628944845894,9.70395039641243,9.72970342777243,9.75988943006664,9.77728684522162,9.84449078671852,9.86562311448759,9.91823319228178,9.92836398788626,9.95215667773922,9.98484794374205,9.98880523651835,10.0376084381347,10.0782166619371,10.1024344474174,10.1170342406593,10.1517957492368,10.2104936873567,10.231449697891,10.2697531985964,10.2785647530424,10.3100817594617,10.3422481122762,10.3684392279565,10.3980721688881,10.4492287031768,10.4699166875158,10.4985179634668,10.5122552546638,10.5799272366467,10.6240418785202,10.6532210494095,10.6772500364392,10.7293512458815,10.8181545360686,10.8284635282985,10.8612970623119,10.8809233355423,10.9062349716555,11.0014478745019,11.0304186965645,11.0391316318582,11.07096558054,11.0989344423662,11.1405534636839,11.1612615198527,11.1887119780653,11.2725584912849,11.3127427204859,11.3368358677931,11.3602504151041,11.4331765349838,11.4732449732277,11.5075998119333,11.5428635536838,11.5611622547648,11.5828628911069,11.6642524999213,11.6852734372716,11.7205026262085,11.7732172610208,11.7918533814511,11.8154828735855,11.872775733946,11.9086105094158,11.9816049085018,11.990675953303,12.026104503537,12.1006601977358,12.1151573912737,12.1899884658059,12.2345319508301,12.2641712950851,12.2852796355025,12.3132682065947,12.3758546472027,12.4006316997066,12.4033059555657,12.4604881321132,12.4833517485283,12.5790232038657,12.5943762335389,12.6469851348447,12.6668329414039,12.7061504038299,12.7616498685036,12.8262538291742,12.8744123927481,12.879852905038,12.9082515168896,12.9180138266853,13.0050151620238,13.0330612242777,13.064404454931,13.1086179288555,13.1134856242817,13.1638306463525,13.2443247546312,13.2827316453525,13.3186912980599,13.3729627600566,13.4473679545641,13.4641406495027,13.4840542921229,13.5011326411565,13.5641155636697,13.5849196891386,13.635363195926,13.6883513828067,13.7306430466482,13.7737408915025,13.8192543155857,13.8305793865716,13.9065292651885,13.9523375539029,14.0165426105139,14.0517612350856,14.0984656144022,14.125474183861,14.1883899871538,14.2006167403393,14.2089820632795,14.3004059674624,14.3694083334285,14.3979459535879,14.4611578687852,14.5139135083697,14.5869948176832,14.6093578055443,14.6779252558473,14.6962179573214,14.7900311734787,14.7999078040223,14.8632112354614,14.9691598312289,15.0207306389788,15.11682719722,15.1847088649222,15.1945429148972,15.3269787448832,15.3593355922191,15.3806420990224,15.4947914283078,15.5356882309803,15.5757966117381,15.6845260632252,15.6958237417709,15.8299535449705,15.9344044558569,15.9425771418282,16.0950770679084,16.1689666224798,16.2074147705776,16.3389964278918,16.4535850192368,16.5364144154615,16.5921416955571,16.7071870322675,16.7884008125026,16.8298034930498,17.0042975058823,17.1227787553877,17.2664626716929,17.4690064548994,17.8855699831034,17.966839058288,18.0675343149646,18.1999472216428,18.3037266415625,18.4292572246569,18.5879562474814,18.9224162025099,18.9431966313824,19.12424968111,19.3799871166209,19.5674378625183,19.7157135308415,20.0493045412816,20.2055840697507,20.6158118273845,20.983205693145,21.4038387321818,23.2413584414674,NA,NA,NA,NA,NA,NA,NA,NA,NA,NA,NA,NA,NA,NA,NA,NA,NA,NA,NA,NA,NA,NA,NA,NA,NA,NA,NA,NA,NA,NA,NA,NA,NA,NA,NA,NA,NA,NA,NA,NA,NA,NA,NA,NA,NA,NA,NA,NA,NA,NA,NA
0.569493670388439,0.667182156968407,0.883013653856836,1.02914716705958,1.11682555457926,1.39497193226167,1.4559635560023,1.51468930736148,1.60412951446714,1.72731757084295,1.80857079317199,1.85023774330308,1.8617343646829,1.98337583396713,2.24762766344393,2.27558196776848,2.34030576542134,2.39094039950246,2.48613383809563,2.58059362576514,2.6794295896009,2.72181515098877,2.82528388124165,2.87492902863658,2.91226363838885,2.984147718217,3.0910486199082,3.14729938364498,3.19108016023969,3.2182739093391,3.28990245829261,3.35136030175637,3.40430351207992,3.46695785502079,3.5157369209933,3.54496341318639,3.6281355191478,3.66577909761341,3.78677066365289,3.84089154277305,3.87651308357182,3.92019006123368,3.98430373852826,4.03703515647353,4.11234663414185,4.20068040778163,4.24729203525601,4.26040057885164,4.29157940645792,4.31431108929679,4.37142598264541,4.39543103964259,4.40600764096165,4.50204465196642,4.57855060156794,4.60805779548001,4.64340011197985,4.66883367871577,4.72952916714496,4.80272947306402,4.80730933084149,4.87291737742247,4.90582681735884,4.93856085402583,4.97846644415452,5.01409496009262,5.03413032211548,5.09055342790336,5.13814472068255,5.15387036923962,5.18048258698765,5.19413817482983,5.21452321718057,5.29750666573775,5.32841718832815,5.35783542473641,5.38731484188017,5.39732657938744,5.44442189257657,5.47395684987186,5.52359940933351,5.55836719930971,5.58482903854613,5.62476024987718,5.67431559637881,5.68912187074344,5.7201867753272,5.72862921410061,5.77473705469411,5.8074144749252,5.83386791550584,5.88602285098569,5.88917811195725,5.90978626647298,5.93618360213442,5.9508241322759,5.99906489155901,6.02794880869141,6.05822254829059,6.08030068052325,6.1119605878621,6.12829756544167,6.1563217765103,6.21984012141201,6.23962219140622,6.27880817253303,6.32070254167545,6.32925503840875,6.34734652959531,6.36116829672605,6.39601695268445,6.40263595469367,6.43772170401314,6.45582745919623,6.4958818570403,6.53029478152943,6.5774548935434,6.59749514228088,6.60604987586726,6.69883955692763,6.72669367906999,6.75231324849459,6.78951180160604,6.79297162892661,6.80631215074039,6.86014205305079,6.86641000132299,6.87303179900285,6.89323571136321,6.91718529418277,6.94275802282817,6.98191636241591,7.01112350997026,7.01627101065432,7.02587412046876,7.0577889907928,7.08120969552223,7.10933920182421,7.12760148008343,7.19571909006782,7.20578654383099,7.23483569438667,7.25113947173524,7.27905018487498,7.28796780860081,7.30963870220221,7.32794626499941,7.33830846387459,7.35710448309596,7.39605818927643,7.41960109064948,7.446995448369,7.46225671565316,7.47607203220967,7.50968749356097,7.5325779693412,7.55678776772168,7.57857087053534,7.61748875039046,7.62718771868273,7.63661328457251,7.65796772952274,7.70420379008793,7.71789801988279,7.73342941802948,7.76939152690337,7.81682151202272,7.82907210550964,7.85645523107349,7.86853820628843,7.89958692439526,7.90620035092982,7.96068963279967,7.97315260211326,7.99461333602606,8.01788373997599,8.04230363776424,8.08035676445152,8.13222790094197,8.14494237083452,8.16664187529946,8.1779421945032,8.218462286008,8.26237607135794,8.27347879355911,8.31072240537161,8.31983769687874,8.33260731035999,8.36994925956397,8.37193368485439,8.42946116712053,8.45322169572237,8.4802453867656,8.49959843499983,8.52044668954404,8.54274586666478,8.59090754389404,8.5972255856899,8.63638049620572,8.64635397645326,8.66951752651869,8.68316821803711,8.70398847910351,8.72605422531895,8.74938617117696,8.77038421972205,8.79910064827319,8.84298815204313,8.86340323954162,8.87650942441601,8.88801587209565,8.96094946638762,9.00964128046718,9.03472913820635,9.04844638464882,9.08682305210415,9.1038211176694,9.14544074864807,9.15415464148889,9.20720570061684,9.22846496381355,9.2374235680235,9.27513860214309,9.29762181320852,9.32481516249641,9.36746693445543,9.39579341817925,9.43230190880655,9.4483112382593,9.49906919099426,9.55193179945696,9.57048596373475,9.59497890464486,9.61922512295459,9.6628944845894,9.70395039641243,9.72970342777243,9.75988943006664,9.77728684522162,9.84449078671852,9.86562311448759,9.91823319228178,9.92836398788626,9.95215667773922,9.98484794374205,9.98880523651835,10.0376084381347,10.0782166619371,10.1024344474174,10.1170342406593,10.1517957492368,10.2104936873567,10.231449697891,10.2697531985964,10.2785647530424,10.3100817594617,10.3422481122762,10.3684392279565,10.3980721688881,10.4492287031768,10.4699166875158,10.4985179634668,10.5122552546638,10.5799272366467,10.6240418785202,10.6532210494095,10.6772500364392,10.7293512458815,10.8181545360686,10.8284635282985,10.8612970623119,10.8809233355423,10.9062349716555,11.0014478745019,11.0304186965645,11.0391316318582,11.07096558054,11.0989344423662,11.1405534636839,11.1612615198527,11.1887119780653,11.2725584912849,11.3127427204859,11.3368358677931,11.3602504151041,11.4331765349838,11.4732449732277,11.5075998119333,11.5428635536838,11.5611622547648,11.5828628911069,11.6642524999213,11.6852734372716,11.7205026262085,11.7732172610208,11.7918533814511,11.8154828735855,11.872775733946,11.9086105094158,11.9816049085018,11.990675953303,12.026104503537,12.1006601977358,12.1151573912737,12.1899884658059,12.2345319508301,12.2641712950851,12.2852796355025,12.3132682065947,12.3758546472027,12.4006316997066,12.4033059555657,12.4604881321132,12.4833517485283,12.5790232038657,12.5943762335389,12.6469851348447,12.6668329414039,12.7061504038299,12.7616498685036,12.8262538291742,12.8744123927481,12.879852905038,12.9082515168896,12.9180138266853,13.0050151620238,13.0330612242777,13.064404454931,13.1086179288555,13.1134856242817,13.1638306463525,13.2443247546312,13.2827316453525,13.3186912980599,13.3729627600566,13.4473679545641,13.4641406495027,13.4840542921229,13.5011326411565,13.5641155636697,13.5849196891386,13.635363195926,13.6883513828067,13.7306430466482,13.7737408915025,13.8192543155857,13.8305793865716,13.9065292651885,13.9523375539029,14.0165426105139,14.0517612350856,14.0984656144022,14.125474183861,14.1883899871538,14.2006167403393,14.2089820632795,14.3004059674624,14.3694083334285,14.3979459535879,14.4611578687852,14.5139135083697,14.5869948176832,14.6093578055443,14.6779252558473,14.6962179573214,14.7900311734787,14.7999078040223,14.8632112354614,14.9691598312289,15.0207306389788,15.11682719722,15.1847088649222,15.1945429148972,15.3269787448832,15.3593355922191,15.3806420990224,15.4947914283078,15.5356882309803,15.5757966117381,15.6845260632252,15.6958237417709,15.8299535449705,15.9344044558569,15.9425771418282,16.0950770679084,16.1689666224798,16.2074147705776,16.3389964278918,16.4535850192368,16.5364144154615,16.5921416955571,16.7071870322675,16.7884008125026,16.8298034930498,17.0042975058823,17.1227787553877,17.2664626716929,17.4690064548994,17.8855699831034,17.966839058288,18.0675343149646,18.1999472216428,18.3037266415625,18.4292572246569,18.5879562474814,18.9224162025099,18.9431966313824,19.12424968111,19.3799871166209,19.5674378625183,19.7157135308415,20.0493045412816,20.2055840697507,20.6158118273845,20.983205693145,21.4038387321818,23.2413584414674,NA,NA,NA,NA,NA,NA,NA,NA,NA,NA,NA,NA,NA,NA,NA,NA,NA,NA,NA,NA,NA,NA,NA,NA,NA,NA,NA,NA,NA,NA,NA,NA,NA,NA,NA,NA,NA,NA,NA,NA,NA,NA,NA,NA,NA,NA,NA,NA,NA,NA,NA
0.569493670388439,0.667182156968407,0.883013653856836,1.02914716705958,1.11682555457926,1.39497193226167,1.4559635560023,1.51468930736148,1.60412951446714,1.72731757084295,1.80857079317199,1.85023774330308,1.8617343646829,1.98337583396713,2.24762766344393,2.27558196776848,2.34030576542134,2.39094039950246,2.48613383809563,2.58059362576514,2.6794295896009,2.72181515098877,2.82528388124165,2.87492902863658,2.91226363838885,2.984147718217,3.0910486199082,3.14729938364498,3.19108016023969,3.2182739093391,3.28990245829261,3.35136030175637,3.40430351207992,3.46695785502079,3.5157369209933,3.54496341318639,3.6281355191478,3.66577909761341,3.78677066365289,3.84089154277305,3.87651308357182,3.92019006123368,3.98430373852826,4.03703515647353,4.11234663414185,4.20068040778163,4.24729203525601,4.26040057885164,4.29157940645792,4.31431108929679,4.37142598264541,4.39543103964259,4.40600764096165,4.50204465196642,4.57855060156794,4.60805779548001,4.64340011197985,4.66883367871577,4.72952916714496,4.80272947306402,4.80730933084149,4.87291737742247,4.90582681735884,4.93856085402583,4.97846644415452,5.01409496009262,5.03413032211548,5.09055342790336,5.13814472068255,5.15387036923962,5.18048258698765,5.19413817482983,5.21452321718057,5.29750666573775,5.32841718832815,5.35783542473641,5.38731484188017,5.39732657938744,5.44442189257657,5.47395684987186,5.52359940933351,5.55836719930971,5.58482903854613,5.62476024987718,5.67431559637881,5.68912187074344,5.7201867753272,5.72862921410061,5.77473705469411,5.8074144749252,5.83386791550584,5.88602285098569,5.88917811195725,5.90978626647298,5.93618360213442,5.9508241322759,5.99906489155901,6.02794880869141,6.05822254829059,6.08030068052325,6.1119605878621,6.12829756544167,6.1563217765103,6.21984012141201,6.23962219140622,6.27880817253303,6.32070254167545,6.32925503840875,6.34734652959531,6.36116829672605,6.39601695268445,6.40263595469367,6.43772170401314,6.45582745919623,6.4958818570403,6.53029478152943,6.5774548935434,6.59749514228088,6.60604987586726,6.69883955692763,6.72669367906999,6.75231324849459,6.78951180160604,6.79297162892661,6.80631215074039,6.86014205305079,6.86641000132299,6.87303179900285,6.89323571136321,6.91718529418277,6.94275802282817,6.98191636241591,7.01112350997026,7.01627101065432,7.02587412046876,7.0577889907928,7.08120969552223,7.10933920182421,7.12760148008343,7.19571909006782,7.20578654383099,7.23483569438667,7.25113947173524,7.27905018487498,7.28796780860081,7.30963870220221,7.32794626499941,7.33830846387459,7.35710448309596,7.39605818927643,7.41960109064948,7.446995448369,7.46225671565316,7.47607203220967,7.50968749356097,7.5325779693412,7.55678776772168,7.57857087053534,7.61748875039046,7.62718771868273,7.63661328457251,7.65796772952274,7.70420379008793,7.71789801988279,7.73342941802948,7.76939152690337,7.81682151202272,7.82907210550964,7.85645523107349,7.86853820628843,7.89958692439526,7.90620035092982,7.96068963279967,7.97315260211326,7.99461333602606,8.01788373997599,8.04230363776424,8.08035676445152,8.13222790094197,8.14494237083452,8.16664187529946,8.1779421945032,8.218462286008,8.26237607135794,8.27347879355911,8.31072240537161,8.31983769687874,8.33260731035999,8.36994925956397,8.37193368485439,8.42946116712053,8.45322169572237,8.4802453867656,8.49959843499983,8.52044668954404,8.54274586666478,8.59090754389404,8.5972255856899,8.63638049620572,8.64635397645326,8.66951752651869,8.68316821803711,8.70398847910351,8.72605422531895,8.74938617117696,8.77038421972205,8.79910064827319,8.84298815204313,8.86340323954162,8.87650942441601,8.88801587209565,8.96094946638762,9.00964128046718,9.03472913820635,9.04844638464882,9.08682305210415,9.1038211176694,9.14544074864807,9.15415464148889,9.20720570061684,9.22846496381355,9.2374235680235,9.27513860214309,9.29762181320852,9.32481516249641,9.36746693445543,9.39579341817925,9.43230190880655,9.4483112382593,9.49906919099426,9.55193179945696,9.57048596373475,9.59497890464486,9.61922512295459,9.6628944845894,9.70395039641243,9.72970342777243,9.75988943006664,9.77728684522162,9.84449078671852,9.86562311448759,9.91823319228178,9.92836398788626,9.95215667773922,9.98484794374205,9.98880523651835,10.0376084381347,10.0782166619371,10.1024344474174,10.1170342406593,10.1517957492368,10.2104936873567,10.231449697891,10.2697531985964,10.2785647530424,10.3100817594617,10.3422481122762,10.3684392279565,10.3980721688881,10.4492287031768,10.4699166875158,10.4985179634668,10.5122552546638,10.5799272366467,10.6240418785202,10.6532210494095,10.6772500364392,10.7293512458815,10.8181545360686,10.8284635282985,10.8612970623119,10.8809233355423,10.9062349716555,11.0014478745019,11.0304186965645,11.0391316318582,11.07096558054,11.0989344423662,11.1405534636839,11.1612615198527,11.1887119780653,11.2725584912849,11.3127427204859,11.3368358677931,11.3602504151041,11.4331765349838,11.4732449732277,11.5075998119333,11.5428635536838,11.5611622547648,11.5828628911069,11.6642524999213,11.6852734372716,11.7205026262085,11.7732172610208,11.7918533814511,11.8154828735855,11.872775733946,11.9086105094158,11.9816049085018,11.990675953303,12.026104503537,12.1006601977358,12.1151573912737,12.1899884658059,12.2345319508301,12.2641712950851,12.2852796355025,12.3132682065947,12.3758546472027,12.4006316997066,12.4033059555657,12.4604881321132,12.4833517485283,12.5790232038657,12.5943762335389,12.6469851348447,12.6668329414039,12.7061504038299,12.7616498685036,12.8262538291742,12.8744123927481,12.879852905038,12.9082515168896,12.9180138266853,13.0050151620238,13.0330612242777,13.064404454931,13.1086179288555,13.1134856242817,13.1638306463525,13.2443247546312,13.2827316453525,13.3186912980599,13.3729627600566,13.4473679545641,13.4641406495027,13.4840542921229,13.5011326411565,13.5641155636697,13.5849196891386,13.635363195926,13.6883513828067,13.7306430466482,13.7737408915025,13.8192543155857,13.8305793865716,13.9065292651885,13.9523375539029,14.0165426105139,14.0517612350856,14.0984656144022,14.125474183861,14.1883899871538,14.2006167403393,14.2089820632795,14.3004059674624,14.3694083334285,14.3979459535879,14.4611578687852,14.5139135083697,14.5869948176832,14.6093578055443,14.6779252558473,14.6962179573214,14.7900311734787,14.7999078040223,14.8632112354614,14.9691598312289,15.0207306389788,15.11682719722,15.1847088649222,15.1945429148972,15.3269787448832,15.3593355922191,15.3806420990224,15.4947914283078,15.5356882309803,15.5757966117381,15.6845260632252,15.6958237417709,15.8299535449705,15.9344044558569,15.9425771418282,16.0950770679084,16.1689666224798,16.2074147705776,16.3389964278918,16.4535850192368,16.5364144154615,16.5921416955571,16.7071870322675,16.7884008125026,16.8298034930498,17.0042975058823,17.1227787553877,17.2664626716929,17.4690064548994,17.8855699831034,17.966839058288,18.0675343149646,18.1999472216428,18.3037266415625,18.4292572246569,18.5879562474814,18.9224162025099,18.9431966313824,19.12424968111,19.3799871166209,19.5674378625183,19.7157135308415,20.0493045412816,20.2055840697507,20.6158118273845,20.983205693145,21.4038387321818,23.2413584414674,NA,NA,NA,NA,NA,NA,NA,NA,NA,NA,NA,NA,NA,NA,NA,NA,NA,NA,NA,NA,NA,NA,NA,NA,NA,NA,NA,NA,NA,NA,NA,NA,NA,NA,NA,NA,NA,NA,NA,NA,NA,NA,NA,NA,NA,NA,NA,NA,NA,NA,NA
0.569493670388439,0.667182156968407,0.883013653856836,1.02914716705958,1.11682555457926,1.39497193226167,1.4559635560023,1.51468930736148,1.60412951446714,1.72731757084295,1.80857079317199,1.85023774330308,1.8617343646829,1.98337583396713,2.24762766344393,2.27558196776848,2.34030576542134,2.39094039950246,2.48613383809563,2.58059362576514,2.6794295896009,2.72181515098877,2.82528388124165,2.87492902863658,2.91226363838885,2.984147718217,3.0910486199082,3.14729938364498,3.19108016023969,3.2182739093391,3.28990245829261,3.35136030175637,3.40430351207992,3.46695785502079,3.5157369209933,3.54496341318639,3.6281355191478,3.66577909761341,3.78677066365289,3.84089154277305,3.87651308357182,3.92019006123368,3.98430373852826,4.03703515647353,4.11234663414185,4.20068040778163,4.24729203525601,4.26040057885164,4.29157940645792,4.31431108929679,4.37142598264541,4.39543103964259,4.40600764096165,4.50204465196642,4.57855060156794,4.60805779548001,4.64340011197985,4.66883367871577,4.72952916714496,4.80272947306402,4.80730933084149,4.87291737742247,4.90582681735884,4.93856085402583,4.97846644415452,5.01409496009262,5.03413032211548,5.09055342790336,5.13814472068255,5.15387036923962,5.18048258698765,5.19413817482983,5.21452321718057,5.29750666573775,5.32841718832815,5.35783542473641,5.38731484188017,5.39732657938744,5.44442189257657,5.47395684987186,5.52359940933351,5.55836719930971,5.58482903854613,5.62476024987718,5.67431559637881,5.68912187074344,5.7201867753272,5.72862921410061,5.77473705469411,5.8074144749252,5.83386791550584,5.88602285098569,5.88917811195725,5.90978626647298,5.93618360213442,5.9508241322759,5.99906489155901,6.02794880869141,6.05822254829059,6.08030068052325,6.1119605878621,6.12829756544167,6.1563217765103,6.21984012141201,6.23962219140622,6.27880817253303,6.32070254167545,6.32925503840875,6.34734652959531,6.36116829672605,6.39601695268445,6.40263595469367,6.43772170401314,6.45582745919623,6.4958818570403,6.53029478152943,6.5774548935434,6.59749514228088,6.60604987586726,6.69883955692763,6.72669367906999,6.75231324849459,6.78951180160604,6.79297162892661,6.80631215074039,6.86014205305079,6.86641000132299,6.87303179900285,6.89323571136321,6.91718529418277,6.94275802282817,6.98191636241591,7.01112350997026,7.01627101065432,7.02587412046876,7.0577889907928,7.08120969552223,7.10933920182421,7.12760148008343,7.19571909006782,7.20578654383099,7.23483569438667,7.25113947173524,7.27905018487498,7.28796780860081,7.30963870220221,7.32794626499941,7.33830846387459,7.35710448309596,7.39605818927643,7.41960109064948,7.446995448369,7.46225671565316,7.47607203220967,7.50968749356097,7.5325779693412,7.55678776772168,7.57857087053534,7.61748875039046,7.62718771868273,7.63661328457251,7.65796772952274,7.70420379008793,7.71789801988279,7.73342941802948,7.76939152690337,7.81682151202272,7.82907210550964,7.85645523107349,7.86853820628843,7.89958692439526,7.90620035092982,7.96068963279967,7.97315260211326,7.99461333602606,8.01788373997599,8.04230363776424,8.08035676445152,8.13222790094197,8.14494237083452,8.16664187529946,8.1779421945032,8.218462286008,8.26237607135794,8.27347879355911,8.31072240537161,8.31983769687874,8.33260731035999,8.36994925956397,8.37193368485439,8.42946116712053,8.45322169572237,8.4802453867656,8.49959843499983,8.52044668954404,8.54274586666478,8.59090754389404,8.5972255856899,8.63638049620572,8.64635397645326,8.66951752651869,8.68316821803711,8.70398847910351,8.72605422531895,8.74938617117696,8.77038421972205,8.79910064827319,8.84298815204313,8.86340323954162,8.87650942441601,8.88801587209565,8.96094946638762,9.00964128046718,9.03472913820635,9.04844638464882,9.08682305210415,9.1038211176694,9.14544074864807,9.15415464148889,9.20720570061684,9.22846496381355,9.2374235680235,9.27513860214309,9.29762181320852,9.32481516249641,9.36746693445543,9.39579341817925,9.43230190880655,9.4483112382593,9.49906919099426,9.55193179945696,9.57048596373475,9.59497890464486,9.61922512295459,9.6628944845894,9.70395039641243,9.72970342777243,9.75988943006664,9.77728684522162,9.84449078671852,9.86562311448759,9.91823319228178,9.92836398788626,9.95215667773922,9.98484794374205,9.98880523651835,10.0376084381347,10.0782166619371,10.1024344474174,10.1170342406593,10.1517957492368,10.2104936873567,10.231449697891,10.2697531985964,10.2785647530424,10.3100817594617,10.3422481122762,10.3684392279565,10.3980721688881,10.4492287031768,10.4699166875158,10.4985179634668,10.5122552546638,10.5799272366467,10.6240418785202,10.6532210494095,10.6772500364392,10.7293512458815,10.8181545360686,10.8284635282985,10.8612970623119,10.8809233355423,10.9062349716555,11.0014478745019,11.0304186965645,11.0391316318582,11.07096558054,11.0989344423662,11.1405534636839,11.1612615198527,11.1887119780653,11.2725584912849,11.3127427204859,11.3368358677931,11.3602504151041,11.4331765349838,11.4732449732277,11.5075998119333,11.5428635536838,11.5611622547648,11.5828628911069,11.6642524999213,11.6852734372716,11.7205026262085,11.7732172610208,11.7918533814511,11.8154828735855,11.872775733946,11.9086105094158,11.9816049085018,11.990675953303,12.026104503537,12.1006601977358,12.1151573912737,12.1899884658059,12.2345319508301,12.2641712950851,12.2852796355025,12.3132682065947,12.3758546472027,12.4006316997066,12.4033059555657,12.4604881321132,12.4833517485283,12.5790232038657,12.5943762335389,12.6469851348447,12.6668329414039,12.7061504038299,12.7616498685036,12.8262538291742,12.8744123927481,12.879852905038,12.9082515168896,12.9180138266853,13.0050151620238,13.0330612242777,13.064404454931,13.1086179288555,13.1134856242817,13.1638306463525,13.2443247546312,13.2827316453525,13.3186912980599,13.3729627600566,13.4473679545641,13.4641406495027,13.4840542921229,13.5011326411565,13.5641155636697,13.5849196891386,13.635363195926,13.6883513828067,13.7306430466482,13.7737408915025,13.8192543155857,13.8305793865716,13.9065292651885,13.9523375539029,14.0165426105139,14.0517612350856,14.0984656144022,14.125474183861,14.1883899871538,14.2006167403393,14.2089820632795,14.3004059674624,14.3694083334285,14.3979459535879,14.4611578687852,14.5139135083697,14.5869948176832,14.6093578055443,14.6779252558473,14.6962179573214,14.7900311734787,14.7999078040223,14.8632112354614,14.9691598312289,15.0207306389788,15.11682719722,15.1847088649222,15.1945429148972,15.3269787448832,15.3593355922191,15.3806420990224,15.4947914283078,15.5356882309803,15.5757966117381,15.6845260632252,15.6958237417709,15.8299535449705,15.9344044558569,15.9425771418282,16.0950770679084,16.1689666224798,16.2074147705776,16.3389964278918,16.4535850192368,16.5364144154615,16.5921416955571,16.7071870322675,16.7884008125026,16.8298034930498,17.0042975058823,17.1227787553877,17.2664626716929,17.4690064548994,17.8855699831034,17.966839058288,18.0675343149646,18.1999472216428,18.3037266415625,18.4292572246569,18.5879562474814,18.9224162025099,18.9431966313824,19.12424968111,19.3799871166209,19.5674378625183,19.7157135308415,20.0493045412816,20.2055840697507,20.6158118273845,20.983205693145,21.4038387321818,23.2413584414674,NA,NA,NA,NA,NA,NA,NA,NA,NA,NA,NA,NA,NA,NA,NA,NA,NA,NA,NA,NA,NA,NA,NA,NA,NA,NA,NA,NA,NA,NA,NA,NA,NA,NA,NA,NA,NA,NA,NA,NA,NA,NA,NA,NA,NA,NA,NA,NA,NA,NA,NA
0.569493670388439,0.667182156968407,0.883013653856836,1.02914716705958,1.11682555457926,1.39497193226167,1.4559635560023,1.51468930736148,1.60412951446714,1.72731757084295,1.80857079317199,1.85023774330308,1.8617343646829,1.98337583396713,2.24762766344393,2.27558196776848,2.34030576542134,2.39094039950246,2.48613383809563,2.58059362576514,2.6794295896009,2.72181515098877,2.82528388124165,2.87492902863658,2.91226363838885,2.984147718217,3.0910486199082,3.14729938364498,3.19108016023969,3.2182739093391,3.28990245829261,3.35136030175637,3.40430351207992,3.46695785502079,3.5157369209933,3.54496341318639,3.6281355191478,3.66577909761341,3.78677066365289,3.84089154277305,3.87651308357182,3.92019006123368,3.98430373852826,4.03703515647353,4.11234663414185,4.20068040778163,4.24729203525601,4.26040057885164,4.29157940645792,4.31431108929679,4.37142598264541,4.39543103964259,4.40600764096165,4.50204465196642,4.57855060156794,4.60805779548001,4.64340011197985,4.66883367871577,4.72952916714496,4.80272947306402,4.80730933084149,4.87291737742247,4.90582681735884,4.93856085402583,4.97846644415452,5.01409496009262,5.03413032211548,5.09055342790336,5.13814472068255,5.15387036923962,5.18048258698765,5.19413817482983,5.21452321718057,5.29750666573775,5.32841718832815,5.35783542473641,5.38731484188017,5.39732657938744,5.44442189257657,5.47395684987186,5.52359940933351,5.55836719930971,5.58482903854613,5.62476024987718,5.67431559637881,5.68912187074344,5.7201867753272,5.72862921410061,5.77473705469411,5.8074144749252,5.83386791550584,5.88602285098569,5.88917811195725,5.90978626647298,5.93618360213442,5.9508241322759,5.99906489155901,6.02794880869141,6.05822254829059,6.08030068052325,6.1119605878621,6.12829756544167,6.1563217765103,6.21984012141201,6.23962219140622,6.27880817253303,6.32070254167545,6.32925503840875,6.34734652959531,6.36116829672605,6.39601695268445,6.40263595469367,6.43772170401314,6.45582745919623,6.4958818570403,6.53029478152943,6.5774548935434,6.59749514228088,6.60604987586726,6.69883955692763,6.72669367906999,6.75231324849459,6.78951180160604,6.79297162892661,6.80631215074039,6.86014205305079,6.86641000132299,6.87303179900285,6.89323571136321,6.91718529418277,6.94275802282817,6.98191636241591,7.01112350997026,7.01627101065432,7.02587412046876,7.0577889907928,7.08120969552223,7.10933920182421,7.12760148008343,7.19571909006782,7.20578654383099,7.23483569438667,7.25113947173524,7.27905018487498,7.28796780860081,7.30963870220221,7.32794626499941,7.33830846387459,7.35710448309596,7.39605818927643,7.41960109064948,7.446995448369,7.46225671565316,7.47607203220967,7.50968749356097,7.5325779693412,7.55678776772168,7.57857087053534,7.61748875039046,7.62718771868273,7.63661328457251,7.65796772952274,7.70420379008793,7.71789801988279,7.73342941802948,7.76939152690337,7.81682151202272,7.82907210550964,7.85645523107349,7.86853820628843,7.89958692439526,7.90620035092982,7.96068963279967,7.97315260211326,7.99461333602606,8.01788373997599,8.04230363776424,8.08035676445152,8.13222790094197,8.14494237083452,8.16664187529946,8.1779421945032,8.218462286008,8.26237607135794,8.27347879355911,8.31072240537161,8.31983769687874,8.33260731035999,8.36994925956397,8.37193368485439,8.42946116712053,8.45322169572237,8.4802453867656,8.49959843499983,8.52044668954404,8.54274586666478,8.59090754389404,8.5972255856899,8.63638049620572,8.64635397645326,8.66951752651869,8.68316821803711,8.70398847910351,8.72605422531895,8.74938617117696,8.77038421972205,8.79910064827319,8.84298815204313,8.86340323954162,8.87650942441601,8.88801587209565,8.96094946638762,9.00964128046718,9.03472913820635,9.04844638464882,9.08682305210415,9.1038211176694,9.14544074864807,9.15415464148889,9.20720570061684,9.22846496381355,9.2374235680235,9.27513860214309,9.29762181320852,9.32481516249641,9.36746693445543,9.39579341817925,9.43230190880655,9.4483112382593,9.49906919099426,9.55193179945696,9.57048596373475,9.59497890464486,9.61922512295459,9.6628944845894,9.70395039641243,9.72970342777243,9.75988943006664,9.77728684522162,9.84449078671852,9.86562311448759,9.91823319228178,9.92836398788626,9.95215667773922,9.98484794374205,9.98880523651835,10.0376084381347,10.0782166619371,10.1024344474174,10.1170342406593,10.1517957492368,10.2104936873567,10.231449697891,10.2697531985964,10.2785647530424,10.3100817594617,10.3422481122762,10.3684392279565,10.3980721688881,10.4492287031768,10.4699166875158,10.4985179634668,10.5122552546638,10.5799272366467,10.6240418785202,10.6532210494095,10.6772500364392,10.7293512458815,10.8181545360686,10.8284635282985,10.8612970623119,10.8809233355423,10.9062349716555,11.0014478745019,11.0304186965645,11.0391316318582,11.07096558054,11.0989344423662,11.1405534636839,11.1612615198527,11.1887119780653,11.2725584912849,11.3127427204859,11.3368358677931,11.3602504151041,11.4331765349838,11.4732449732277,11.5075998119333,11.5428635536838,11.5611622547648,11.5828628911069,11.6642524999213,11.6852734372716,11.7205026262085,11.7732172610208,11.7918533814511,11.8154828735855,11.872775733946,11.9086105094158,11.9816049085018,11.990675953303,12.026104503537,12.1006601977358,12.1151573912737,12.1899884658059,12.2345319508301,12.2641712950851,12.2852796355025,12.3132682065947,12.3758546472027,12.4006316997066,12.4033059555657,12.4604881321132,12.4833517485283,12.5790232038657,12.5943762335389,12.6469851348447,12.6668329414039,12.7061504038299,12.7616498685036,12.8262538291742,12.8744123927481,12.879852905038,12.9082515168896,12.9180138266853,13.0050151620238,13.0330612242777,13.064404454931,13.1086179288555,13.1134856242817,13.1638306463525,13.2443247546312,13.2827316453525,13.3186912980599,13.3729627600566,13.4473679545641,13.4641406495027,13.4840542921229,13.5011326411565,13.5641155636697,13.5849196891386,13.635363195926,13.6883513828067,13.7306430466482,13.7737408915025,13.8192543155857,13.8305793865716,13.9065292651885,13.9523375539029,14.0165426105139,14.0517612350856,14.0984656144022,14.125474183861,14.1883899871538,14.2006167403393,14.2089820632795,14.3004059674624,14.3694083334285,14.3979459535879,14.4611578687852,14.5139135083697,14.5869948176832,14.6093578055443,14.6779252558473,14.6962179573214,14.7900311734787,14.7999078040223,14.8632112354614,14.9691598312289,15.0207306389788,15.11682719722,15.1847088649222,15.1945429148972,15.3269787448832,15.3593355922191,15.3806420990224,15.4947914283078,15.5356882309803,15.5757966117381,15.6845260632252,15.6958237417709,15.8299535449705,15.9344044558569,15.9425771418282,16.0950770679084,16.1689666224798,16.2074147705776,16.3389964278918,16.4535850192368,16.5364144154615,16.5921416955571,16.7071870322675,16.7884008125026,16.8298034930498,17.0042975058823,17.1227787553877,17.2664626716929,17.4690064548994,17.8855699831034,17.966839058288,18.0675343149646,18.1999472216428,18.3037266415625,18.4292572246569,18.5879562474814,18.9224162025099,18.9431966313824,19.12424968111,19.3799871166209,19.5674378625183,19.7157135308415,20.0493045412816,20.2055840697507,20.6158118273845,20.983205693145,21.4038387321818,23.2413584414674,NA,NA,NA,NA,NA,NA,NA,NA,NA,NA,NA,NA,NA,NA,NA,NA,NA,NA,NA,NA,NA,NA,NA,NA,NA,NA,NA,NA,NA,NA,NA,NA,NA,NA,NA,NA,NA,NA,NA,NA,NA,NA,NA,NA,NA,NA,NA,NA,NA,NA,NA
0.569493670388439,0.667182156968407,0.883013653856836,1.02914716705958,1.11682555457926,1.39497193226167,1.4559635560023,1.51468930736148,1.60412951446714,1.72731757084295,1.80857079317199,1.85023774330308,1.8617343646829,1.98337583396713,2.24762766344393,2.27558196776848,2.34030576542134,2.39094039950246,2.48613383809563,2.58059362576514,2.6794295896009,2.72181515098877,2.82528388124165,2.87492902863658,2.91226363838885,2.984147718217,3.0910486199082,3.14729938364498,3.19108016023969,3.2182739093391,3.28990245829261,3.35136030175637,3.40430351207992,3.46695785502079,3.5157369209933,3.54496341318639,3.6281355191478,3.66577909761341,3.78677066365289,3.84089154277305,3.87651308357182,3.92019006123368,3.98430373852826,4.03703515647353,4.11234663414185,4.20068040778163,4.24729203525601,4.26040057885164,4.29157940645792,4.31431108929679,4.37142598264541,4.39543103964259,4.40600764096165,4.50204465196642,4.57855060156794,4.60805779548001,4.64340011197985,4.66883367871577,4.72952916714496,4.80272947306402,4.80730933084149,4.87291737742247,4.90582681735884,4.93856085402583,4.97846644415452,5.01409496009262,5.03413032211548,5.09055342790336,5.13814472068255,5.15387036923962,5.18048258698765,5.19413817482983,5.21452321718057,5.29750666573775,5.32841718832815,5.35783542473641,5.38731484188017,5.39732657938744,5.44442189257657,5.47395684987186,5.52359940933351,5.55836719930971,5.58482903854613,5.62476024987718,5.67431559637881,5.68912187074344,5.7201867753272,5.72862921410061,5.77473705469411,5.8074144749252,5.83386791550584,5.88602285098569,5.88917811195725,5.90978626647298,5.93618360213442,5.9508241322759,5.99906489155901,6.02794880869141,6.05822254829059,6.08030068052325,6.1119605878621,6.12829756544167,6.1563217765103,6.21984012141201,6.23962219140622,6.27880817253303,6.32070254167545,6.32925503840875,6.34734652959531,6.36116829672605,6.39601695268445,6.40263595469367,6.43772170401314,6.45582745919623,6.4958818570403,6.53029478152943,6.5774548935434,6.59749514228088,6.60604987586726,6.69883955692763,6.72669367906999,6.75231324849459,6.78951180160604,6.79297162892661,6.80631215074039,6.86014205305079,6.86641000132299,6.87303179900285,6.89323571136321,6.91718529418277,6.94275802282817,6.98191636241591,7.01112350997026,7.01627101065432,7.02587412046876,7.0577889907928,7.08120969552223,7.10933920182421,7.12760148008343,7.19571909006782,7.20578654383099,7.23483569438667,7.25113947173524,7.27905018487498,7.28796780860081,7.30963870220221,7.32794626499941,7.33830846387459,7.35710448309596,7.39605818927643,7.41960109064948,7.446995448369,7.46225671565316,7.47607203220967,7.50968749356097,7.5325779693412,7.55678776772168,7.57857087053534,7.61748875039046,7.62718771868273,7.63661328457251,7.65796772952274,7.70420379008793,7.71789801988279,7.73342941802948,7.76939152690337,7.81682151202272,7.82907210550964,7.85645523107349,7.86853820628843,7.89958692439526,7.90620035092982,7.96068963279967,7.97315260211326,7.99461333602606,8.01788373997599,8.04230363776424,8.08035676445152,8.13222790094197,8.14494237083452,8.16664187529946,8.1779421945032,8.218462286008,8.26237607135794,8.27347879355911,8.31072240537161,8.31983769687874,8.33260731035999,8.36994925956397,8.37193368485439,8.42946116712053,8.45322169572237,8.4802453867656,8.49959843499983,8.52044668954404,8.54274586666478,8.59090754389404,8.5972255856899,8.63638049620572,8.64635397645326,8.66951752651869,8.68316821803711,8.70398847910351,8.72605422531895,8.74938617117696,8.77038421972205,8.79910064827319,8.84298815204313,8.86340323954162,8.87650942441601,8.88801587209565,8.96094946638762,9.00964128046718,9.03472913820635,9.04844638464882,9.08682305210415,9.1038211176694,9.14544074864807,9.15415464148889,9.20720570061684,9.22846496381355,9.2374235680235,9.27513860214309,9.29762181320852,9.32481516249641,9.36746693445543,9.39579341817925,9.43230190880655,9.4483112382593,9.49906919099426,9.55193179945696,9.57048596373475,9.59497890464486,9.61922512295459,9.6628944845894,9.70395039641243,9.72970342777243,9.75988943006664,9.77728684522162,9.84449078671852,9.86562311448759,9.91823319228178,9.92836398788626,9.95215667773922,9.98484794374205,9.98880523651835,10.0376084381347,10.0782166619371,10.1024344474174,10.1170342406593,10.1517957492368,10.2104936873567,10.231449697891,10.2697531985964,10.2785647530424,10.3100817594617,10.3422481122762,10.3684392279565,10.3980721688881,10.4492287031768,10.4699166875158,10.4985179634668,10.5122552546638,10.5799272366467,10.6240418785202,10.6532210494095,10.6772500364392,10.7293512458815,10.8181545360686,10.8284635282985,10.8612970623119,10.8809233355423,10.9062349716555,11.0014478745019,11.0304186965645,11.0391316318582,11.07096558054,11.0989344423662,11.1405534636839,11.1612615198527,11.1887119780653,11.2725584912849,11.3127427204859,11.3368358677931,11.3602504151041,11.4331765349838,11.4732449732277,11.5075998119333,11.5428635536838,11.5611622547648,11.5828628911069,11.6642524999213,11.6852734372716,11.7205026262085,11.7732172610208,11.7918533814511,11.8154828735855,11.872775733946,11.9086105094158,11.9816049085018,11.990675953303,12.026104503537,12.1006601977358,12.1151573912737,12.1899884658059,12.2345319508301,12.2641712950851,12.2852796355025,12.3132682065947,12.3758546472027,12.4006316997066,12.4033059555657,12.4604881321132,12.4833517485283,12.5790232038657,12.5943762335389,12.6469851348447,12.6668329414039,12.7061504038299,12.7616498685036,12.8262538291742,12.8744123927481,12.879852905038,12.9082515168896,12.9180138266853,13.0050151620238,13.0330612242777,13.064404454931,13.1086179288555,13.1134856242817,13.1638306463525,13.2443247546312,13.2827316453525,13.3186912980599,13.3729627600566,13.4473679545641,13.4641406495027,13.4840542921229,13.5011326411565,13.5641155636697,13.5849196891386,13.635363195926,13.6883513828067,13.7306430466482,13.7737408915025,13.8192543155857,13.8305793865716,13.9065292651885,13.9523375539029,14.0165426105139,14.0517612350856,14.0984656144022,14.125474183861,14.1883899871538,14.2006167403393,14.2089820632795,14.3004059674624,14.3694083334285,14.3979459535879,14.4611578687852,14.5139135083697,14.5869948176832,14.6093578055443,14.6779252558473,14.6962179573214,14.7900311734787,14.7999078040223,14.8632112354614,14.9691598312289,15.0207306389788,15.11682719722,15.1847088649222,15.1945429148972,15.3269787448832,15.3593355922191,15.3806420990224,15.4947914283078,15.5356882309803,15.5757966117381,15.6845260632252,15.6958237417709,15.8299535449705,15.9344044558569,15.9425771418282,16.0950770679084,16.1689666224798,16.2074147705776,16.3389964278918,16.4535850192368,16.5364144154615,16.5921416955571,16.7071870322675,16.7884008125026,16.8298034930498,17.0042975058823,17.1227787553877,17.2664626716929,17.4690064548994,17.8855699831034,17.966839058288,18.0675343149646,18.1999472216428,18.3037266415625,18.4292572246569,18.5879562474814,18.9224162025099,18.9431966313824,19.12424968111,19.3799871166209,19.5674378625183,19.7157135308415,20.0493045412816,20.2055840697507,20.6158118273845,20.983205693145,21.4038387321818,23.2413584414674,NA,NA,NA,NA,NA,NA,NA,NA,NA,NA,NA,NA,NA,NA,NA,NA,NA,NA,NA,NA,NA,NA,NA,NA,NA,NA,NA,NA,NA,NA,NA,NA,NA,NA,NA,NA,NA,NA,NA,NA,NA,NA,NA,NA,NA,NA,NA,NA,NA,NA,NA
0.569493670388439,0.667182156968407,0.883013653856836,1.02914716705958,1.11682555457926,1.39497193226167,1.4559635560023,1.51468930736148,1.60412951446714,1.72731757084295,1.80857079317199,1.85023774330308,1.8617343646829,1.98337583396713,2.24762766344393,2.27558196776848,2.34030576542134,2.39094039950246,2.48613383809563,2.58059362576514,2.6794295896009,2.72181515098877,2.82528388124165,2.87492902863658,2.91226363838885,2.984147718217,3.0910486199082,3.14729938364498,3.19108016023969,3.2182739093391,3.28990245829261,3.35136030175637,3.40430351207992,3.46695785502079,3.5157369209933,3.54496341318639,3.6281355191478,3.66577909761341,3.78677066365289,3.84089154277305,3.87651308357182,3.92019006123368,3.98430373852826,4.03703515647353,4.11234663414185,4.20068040778163,4.24729203525601,4.26040057885164,4.29157940645792,4.31431108929679,4.37142598264541,4.39543103964259,4.40600764096165,4.50204465196642,4.57855060156794,4.60805779548001,4.64340011197985,4.66883367871577,4.72952916714496,4.80272947306402,4.80730933084149,4.87291737742247,4.90582681735884,4.93856085402583,4.97846644415452,5.01409496009262,5.03413032211548,5.09055342790336,5.13814472068255,5.15387036923962,5.18048258698765,5.19413817482983,5.21452321718057,5.29750666573775,5.32841718832815,5.35783542473641,5.38731484188017,5.39732657938744,5.44442189257657,5.47395684987186,5.52359940933351,5.55836719930971,5.58482903854613,5.62476024987718,5.67431559637881,5.68912187074344,5.7201867753272,5.72862921410061,5.77473705469411,5.8074144749252,5.83386791550584,5.88602285098569,5.88917811195725,5.90978626647298,5.93618360213442,5.9508241322759,5.99906489155901,6.02794880869141,6.05822254829059,6.08030068052325,6.1119605878621,6.12829756544167,6.1563217765103,6.21984012141201,6.23962219140622,6.27880817253303,6.32070254167545,6.32925503840875,6.34734652959531,6.36116829672605,6.39601695268445,6.40263595469367,6.43772170401314,6.45582745919623,6.4958818570403,6.53029478152943,6.5774548935434,6.59749514228088,6.60604987586726,6.69883955692763,6.72669367906999,6.75231324849459,6.78951180160604,6.79297162892661,6.80631215074039,6.86014205305079,6.86641000132299,6.87303179900285,6.89323571136321,6.91718529418277,6.94275802282817,6.98191636241591,7.01112350997026,7.01627101065432,7.02587412046876,7.0577889907928,7.08120969552223,7.10933920182421,7.12760148008343,7.19571909006782,7.20578654383099,7.23483569438667,7.25113947173524,7.27905018487498,7.28796780860081,7.30963870220221,7.32794626499941,7.33830846387459,7.35710448309596,7.39605818927643,7.41960109064948,7.446995448369,7.46225671565316,7.47607203220967,7.50968749356097,7.5325779693412,7.55678776772168,7.57857087053534,7.61748875039046,7.62718771868273,7.63661328457251,7.65796772952274,7.70420379008793,7.71789801988279,7.73342941802948,7.76939152690337,7.81682151202272,7.82907210550964,7.85645523107349,7.86853820628843,7.89958692439526,7.90620035092982,7.96068963279967,7.97315260211326,7.99461333602606,8.01788373997599,8.04230363776424,8.08035676445152,8.13222790094197,8.14494237083452,8.16664187529946,8.1779421945032,8.218462286008,8.26237607135794,8.27347879355911,8.31072240537161,8.31983769687874,8.33260731035999,8.36994925956397,8.37193368485439,8.42946116712053,8.45322169572237,8.4802453867656,8.49959843499983,8.52044668954404,8.54274586666478,8.59090754389404,8.5972255856899,8.63638049620572,8.64635397645326,8.66951752651869,8.68316821803711,8.70398847910351,8.72605422531895,8.74938617117696,8.77038421972205,8.79910064827319,8.84298815204313,8.86340323954162,8.87650942441601,8.88801587209565,8.96094946638762,9.00964128046718,9.03472913820635,9.04844638464882,9.08682305210415,9.1038211176694,9.14544074864807,9.15415464148889,9.20720570061684,9.22846496381355,9.2374235680235,9.27513860214309,9.29762181320852,9.32481516249641,9.36746693445543,9.39579341817925,9.43230190880655,9.4483112382593,9.49906919099426,9.55193179945696,9.57048596373475,9.59497890464486,9.61922512295459,9.6628944845894,9.70395039641243,9.72970342777243,9.75988943006664,9.77728684522162,9.84449078671852,9.86562311448759,9.91823319228178,9.92836398788626,9.95215667773922,9.98484794374205,9.98880523651835,10.0376084381347,10.0782166619371,10.1024344474174,10.1170342406593,10.1517957492368,10.2104936873567,10.231449697891,10.2697531985964,10.2785647530424,10.3100817594617,10.3422481122762,10.3684392279565,10.3980721688881,10.4492287031768,10.4699166875158,10.4985179634668,10.5122552546638,10.5799272366467,10.6240418785202,10.6532210494095,10.6772500364392,10.7293512458815,10.8181545360686,10.8284635282985,10.8612970623119,10.8809233355423,10.9062349716555,11.0014478745019,11.0304186965645,11.0391316318582,11.07096558054,11.0989344423662,11.1405534636839,11.1612615198527,11.1887119780653,11.2725584912849,11.3127427204859,11.3368358677931,11.3602504151041,11.4331765349838,11.4732449732277,11.5075998119333,11.5428635536838,11.5611622547648,11.5828628911069,11.6642524999213,11.6852734372716,11.7205026262085,11.7732172610208,11.7918533814511,11.8154828735855,11.872775733946,11.9086105094158,11.9816049085018,11.990675953303,12.026104503537,12.1006601977358,12.1151573912737,12.1899884658059,12.2345319508301,12.2641712950851,12.2852796355025,12.3132682065947,12.3758546472027,12.4006316997066,12.4033059555657,12.4604881321132,12.4833517485283,12.5790232038657,12.5943762335389,12.6469851348447,12.6668329414039,12.7061504038299,12.7616498685036,12.8262538291742,12.8744123927481,12.879852905038,12.9082515168896,12.9180138266853,13.0050151620238,13.0330612242777,13.064404454931,13.1086179288555,13.1134856242817,13.1638306463525,13.2443247546312,13.2827316453525,13.3186912980599,13.3729627600566,13.4473679545641,13.4641406495027,13.4840542921229,13.5011326411565,13.5641155636697,13.5849196891386,13.635363195926,13.6883513828067,13.7306430466482,13.7737408915025,13.8192543155857,13.8305793865716,13.9065292651885,13.9523375539029,14.0165426105139,14.0517612350856,14.0984656144022,14.125474183861,14.1883899871538,14.2006167403393,14.2089820632795,14.3004059674624,14.3694083334285,14.3979459535879,14.4611578687852,14.5139135083697,14.5869948176832,14.6093578055443,14.6779252558473,14.6962179573214,14.7900311734787,14.7999078040223,14.8632112354614,14.9691598312289,15.0207306389788,15.11682719722,15.1847088649222,15.1945429148972,15.3269787448832,15.3593355922191,15.3806420990224,15.4947914283078,15.5356882309803,15.5757966117381,15.6845260632252,15.6958237417709,15.8299535449705,15.9344044558569,15.9425771418282,16.0950770679084,16.1689666224798,16.2074147705776,16.3389964278918,16.4535850192368,16.5364144154615,16.5921416955571,16.7071870322675,16.7884008125026,16.8298034930498,17.0042975058823,17.1227787553877,17.2664626716929,17.4690064548994,17.8855699831034,17.966839058288,18.0675343149646,18.1999472216428,18.3037266415625,18.4292572246569,18.5879562474814,18.9224162025099,18.9431966313824,19.12424968111,19.3799871166209,19.5674378625183,19.7157135308415,20.0493045412816,20.2055840697507,20.6158118273845,20.983205693145,21.4038387321818,23.2413584414674,NA,NA,NA,NA,NA,NA,NA,NA,NA,NA,NA,NA,NA,NA,NA,NA,NA,NA,NA,NA,NA,NA,NA,NA,NA,NA,NA,NA,NA,NA,NA,NA,NA,NA,NA,NA,NA,NA,NA,NA,NA,NA,NA,NA,NA,NA,NA,NA,NA,NA,NA
0.569493670388439,0.667182156968407,0.883013653856836,1.02914716705958,1.11682555457926,1.39497193226167,1.4559635560023,1.51468930736148,1.60412951446714,1.72731757084295,1.80857079317199,1.85023774330308,1.8617343646829,1.98337583396713,2.24762766344393,2.27558196776848,2.34030576542134,2.39094039950246,2.48613383809563,2.58059362576514,2.6794295896009,2.72181515098877,2.82528388124165,2.87492902863658,2.91226363838885,2.984147718217,3.0910486199082,3.14729938364498,3.19108016023969,3.2182739093391,3.28990245829261,3.35136030175637,3.40430351207992,3.46695785502079,3.5157369209933,3.54496341318639,3.6281355191478,3.66577909761341,3.78677066365289,3.84089154277305,3.87651308357182,3.92019006123368,3.98430373852826,4.03703515647353,4.11234663414185,4.20068040778163,4.24729203525601,4.26040057885164,4.29157940645792,4.31431108929679,4.37142598264541,4.39543103964259,4.40600764096165,4.50204465196642,4.57855060156794,4.60805779548001,4.64340011197985,4.66883367871577,4.72952916714496,4.80272947306402,4.80730933084149,4.87291737742247,4.90582681735884,4.93856085402583,4.97846644415452,5.01409496009262,5.03413032211548,5.09055342790336,5.13814472068255,5.15387036923962,5.18048258698765,5.19413817482983,5.21452321718057,5.29750666573775,5.32841718832815,5.35783542473641,5.38731484188017,5.39732657938744,5.44442189257657,5.47395684987186,5.52359940933351,5.55836719930971,5.58482903854613,5.62476024987718,5.67431559637881,5.68912187074344,5.7201867753272,5.72862921410061,5.77473705469411,5.8074144749252,5.83386791550584,5.88602285098569,5.88917811195725,5.90978626647298,5.93618360213442,5.9508241322759,5.99906489155901,6.02794880869141,6.05822254829059,6.08030068052325,6.1119605878621,6.12829756544167,6.1563217765103,6.21984012141201,6.23962219140622,6.27880817253303,6.32070254167545,6.32925503840875,6.34734652959531,6.36116829672605,6.39601695268445,6.40263595469367,6.43772170401314,6.45582745919623,6.4958818570403,6.53029478152943,6.5774548935434,6.59749514228088,6.60604987586726,6.69883955692763,6.72669367906999,6.75231324849459,6.78951180160604,6.79297162892661,6.80631215074039,6.86014205305079,6.86641000132299,6.87303179900285,6.89323571136321,6.91718529418277,6.94275802282817,6.98191636241591,7.01112350997026,7.01627101065432,7.02587412046876,7.0577889907928,7.08120969552223,7.10933920182421,7.12760148008343,7.19571909006782,7.20578654383099,7.23483569438667,7.25113947173524,7.27905018487498,7.28796780860081,7.30963870220221,7.32794626499941,7.33830846387459,7.35710448309596,7.39605818927643,7.41960109064948,7.446995448369,7.46225671565316,7.47607203220967,7.50968749356097,7.5325779693412,7.55678776772168,7.57857087053534,7.61748875039046,7.62718771868273,7.63661328457251,7.65796772952274,7.70420379008793,7.71789801988279,7.73342941802948,7.76939152690337,7.81682151202272,7.82907210550964,7.85645523107349,7.86853820628843,7.89958692439526,7.90620035092982,7.96068963279967,7.97315260211326,7.99461333602606,8.01788373997599,8.04230363776424,8.08035676445152,8.13222790094197,8.14494237083452,8.16664187529946,8.1779421945032,8.218462286008,8.26237607135794,8.27347879355911,8.31072240537161,8.31983769687874,8.33260731035999,8.36994925956397,8.37193368485439,8.42946116712053,8.45322169572237,8.4802453867656,8.49959843499983,8.52044668954404,8.54274586666478,8.59090754389404,8.5972255856899,8.63638049620572,8.64635397645326,8.66951752651869,8.68316821803711,8.70398847910351,8.72605422531895,8.74938617117696,8.77038421972205,8.79910064827319,8.84298815204313,8.86340323954162,8.87650942441601,8.88801587209565,8.96094946638762,9.00964128046718,9.03472913820635,9.04844638464882,9.08682305210415,9.1038211176694,9.14544074864807,9.15415464148889,9.20720570061684,9.22846496381355,9.2374235680235,9.27513860214309,9.29762181320852,9.32481516249641,9.36746693445543,9.39579341817925,9.43230190880655,9.4483112382593,9.49906919099426,9.55193179945696,9.57048596373475,9.59497890464486,9.61922512295459,9.6628944845894,9.70395039641243,9.72970342777243,9.75988943006664,9.77728684522162,9.84449078671852,9.86562311448759,9.91823319228178,9.92836398788626,9.95215667773922,9.98484794374205,9.98880523651835,10.0376084381347,10.0782166619371,10.1024344474174,10.1170342406593,10.1517957492368,10.2104936873567,10.231449697891,10.2697531985964,10.2785647530424,10.3100817594617,10.3422481122762,10.3684392279565,10.3980721688881,10.4492287031768,10.4699166875158,10.4985179634668,10.5122552546638,10.5799272366467,10.6240418785202,10.6532210494095,10.6772500364392,10.7293512458815,10.8181545360686,10.8284635282985,10.8612970623119,10.8809233355423,10.9062349716555,11.0014478745019,11.0304186965645,11.0391316318582,11.07096558054,11.0989344423662,11.1405534636839,11.1612615198527,11.1887119780653,11.2725584912849,11.3127427204859,11.3368358677931,11.3602504151041,11.4331765349838,11.4732449732277,11.5075998119333,11.5428635536838,11.5611622547648,11.5828628911069,11.6642524999213,11.6852734372716,11.7205026262085,11.7732172610208,11.7918533814511,11.8154828735855,11.872775733946,11.9086105094158,11.9816049085018,11.990675953303,12.026104503537,12.1006601977358,12.1151573912737,12.1899884658059,12.2345319508301,12.2641712950851,12.2852796355025,12.3132682065947,12.3758546472027,12.4006316997066,12.4033059555657,12.4604881321132,12.4833517485283,12.5790232038657,12.5943762335389,12.6469851348447,12.6668329414039,12.7061504038299,12.7616498685036,12.8262538291742,12.8744123927481,12.879852905038,12.9082515168896,12.9180138266853,13.0050151620238,13.0330612242777,13.064404454931,13.1086179288555,13.1134856242817,13.1638306463525,13.2443247546312,13.2827316453525,13.3186912980599,13.3729627600566,13.4473679545641,13.4641406495027,13.4840542921229,13.5011326411565,13.5641155636697,13.5849196891386,13.635363195926,13.6883513828067,13.7306430466482,13.7737408915025,13.8192543155857,13.8305793865716,13.9065292651885,13.9523375539029,14.0165426105139,14.0517612350856,14.0984656144022,14.125474183861,14.1883899871538,14.2006167403393,14.2089820632795,14.3004059674624,14.3694083334285,14.3979459535879,14.4611578687852,14.5139135083697,14.5869948176832,14.6093578055443,14.6779252558473,14.6962179573214,14.7900311734787,14.7999078040223,14.8632112354614,14.9691598312289,15.0207306389788,15.11682719722,15.1847088649222,15.1945429148972,15.3269787448832,15.3593355922191,15.3806420990224,15.4947914283078,15.5356882309803,15.5757966117381,15.6845260632252,15.6958237417709,15.8299535449705,15.9344044558569,15.9425771418282,16.0950770679084,16.1689666224798,16.2074147705776,16.3389964278918,16.4535850192368,16.5364144154615,16.5921416955571,16.7071870322675,16.7884008125026,16.8298034930498,17.0042975058823,17.1227787553877,17.2664626716929,17.4690064548994,17.8855699831034,17.966839058288,18.0675343149646,18.1999472216428,18.3037266415625,18.4292572246569,18.5879562474814,18.9224162025099,18.9431966313824,19.12424968111,19.3799871166209,19.5674378625183,19.7157135308415,20.0493045412816,20.2055840697507,20.6158118273845,20.983205693145,21.4038387321818,23.2413584414674,NA,NA,NA,NA,NA,NA,NA,NA,NA,NA,NA,NA,NA,NA,NA,NA,NA,NA,NA,NA,NA,NA,NA,NA,NA,NA,NA,NA,NA,NA,NA,NA,NA,NA,NA,NA,NA,NA,NA,NA,NA,NA,NA,NA,NA,NA,NA,NA,NA,NA,NA
0.569493670388439,0.667182156968407,0.883013653856836,1.02914716705958,1.11682555457926,1.39497193226167,1.4559635560023,1.51468930736148,1.60412951446714,1.72731757084295,1.80857079317199,1.85023774330308,1.8617343646829,1.98337583396713,2.24762766344393,2.27558196776848,2.34030576542134,2.39094039950246,2.48613383809563,2.58059362576514,2.6794295896009,2.72181515098877,2.82528388124165,2.87492902863658,2.91226363838885,2.984147718217,3.0910486199082,3.14729938364498,3.19108016023969,3.2182739093391,3.28990245829261,3.35136030175637,3.40430351207992,3.46695785502079,3.5157369209933,3.54496341318639,3.6281355191478,3.66577909761341,3.78677066365289,3.84089154277305,3.87651308357182,3.92019006123368,3.98430373852826,4.03703515647353,4.11234663414185,4.20068040778163,4.24729203525601,4.26040057885164,4.29157940645792,4.31431108929679,4.37142598264541,4.39543103964259,4.40600764096165,4.50204465196642,4.57855060156794,4.60805779548001,4.64340011197985,4.66883367871577,4.72952916714496,4.80272947306402,4.80730933084149,4.87291737742247,4.90582681735884,4.93856085402583,4.97846644415452,5.01409496009262,5.03413032211548,5.09055342790336,5.13814472068255,5.15387036923962,5.18048258698765,5.19413817482983,5.21452321718057,5.29750666573775,5.32841718832815,5.35783542473641,5.38731484188017,5.39732657938744,5.44442189257657,5.47395684987186,5.52359940933351,5.55836719930971,5.58482903854613,5.62476024987718,5.67431559637881,5.68912187074344,5.7201867753272,5.72862921410061,5.77473705469411,5.8074144749252,5.83386791550584,5.88602285098569,5.88917811195725,5.90978626647298,5.93618360213442,5.9508241322759,5.99906489155901,6.02794880869141,6.05822254829059,6.08030068052325,6.1119605878621,6.12829756544167,6.1563217765103,6.21984012141201,6.23962219140622,6.27880817253303,6.32070254167545,6.32925503840875,6.34734652959531,6.36116829672605,6.39601695268445,6.40263595469367,6.43772170401314,6.45582745919623,6.4958818570403,6.53029478152943,6.5774548935434,6.59749514228088,6.60604987586726,6.69883955692763,6.72669367906999,6.75231324849459,6.78951180160604,6.79297162892661,6.80631215074039,6.86014205305079,6.86641000132299,6.87303179900285,6.89323571136321,6.91718529418277,6.94275802282817,6.98191636241591,7.01112350997026,7.01627101065432,7.02587412046876,7.0577889907928,7.08120969552223,7.10933920182421,7.12760148008343,7.19571909006782,7.20578654383099,7.23483569438667,7.25113947173524,7.27905018487498,7.28796780860081,7.30963870220221,7.32794626499941,7.33830846387459,7.35710448309596,7.39605818927643,7.41960109064948,7.446995448369,7.46225671565316,7.47607203220967,7.50968749356097,7.5325779693412,7.55678776772168,7.57857087053534,7.61748875039046,7.62718771868273,7.63661328457251,7.65796772952274,7.70420379008793,7.71789801988279,7.73342941802948,7.76939152690337,7.81682151202272,7.82907210550964,7.85645523107349,7.86853820628843,7.89958692439526,7.90620035092982,7.96068963279967,7.97315260211326,7.99461333602606,8.01788373997599,8.04230363776424,8.08035676445152,8.13222790094197,8.14494237083452,8.16664187529946,8.1779421945032,8.218462286008,8.26237607135794,8.27347879355911,8.31072240537161,8.31983769687874,8.33260731035999,8.36994925956397,8.37193368485439,8.42946116712053,8.45322169572237,8.4802453867656,8.49959843499983,8.52044668954404,8.54274586666478,8.59090754389404,8.5972255856899,8.63638049620572,8.64635397645326,8.66951752651869,8.68316821803711,8.70398847910351,8.72605422531895,8.74938617117696,8.77038421972205,8.79910064827319,8.84298815204313,8.86340323954162,8.87650942441601,8.88801587209565,8.96094946638762,9.00964128046718,9.03472913820635,9.04844638464882,9.08682305210415,9.1038211176694,9.14544074864807,9.15415464148889,9.20720570061684,9.22846496381355,9.2374235680235,9.27513860214309,9.29762181320852,9.32481516249641,9.36746693445543,9.39579341817925,9.43230190880655,9.4483112382593,9.49906919099426,9.55193179945696,9.57048596373475,9.59497890464486,9.61922512295459,9.6628944845894,9.70395039641243,9.72970342777243,9.75988943006664,9.77728684522162,9.84449078671852,9.86562311448759,9.91823319228178,9.92836398788626,9.95215667773922,9.98484794374205,9.98880523651835,10.0376084381347,10.0782166619371,10.1024344474174,10.1170342406593,10.1517957492368,10.2104936873567,10.231449697891,10.2697531985964,10.2785647530424,10.3100817594617,10.3422481122762,10.3684392279565,10.3980721688881,10.4492287031768,10.4699166875158,10.4985179634668,10.5122552546638,10.5799272366467,10.6240418785202,10.6532210494095,10.6772500364392,10.7293512458815,10.8181545360686,10.8284635282985,10.8612970623119,10.8809233355423,10.9062349716555,11.0014478745019,11.0304186965645,11.0391316318582,11.07096558054,11.0989344423662,11.1405534636839,11.1612615198527,11.1887119780653,11.2725584912849,11.3127427204859,11.3368358677931,11.3602504151041,11.4331765349838,11.4732449732277,11.5075998119333,11.5428635536838,11.5611622547648,11.5828628911069,11.6642524999213,11.6852734372716,11.7205026262085,11.7732172610208,11.7918533814511,11.8154828735855,11.872775733946,11.9086105094158,11.9816049085018,11.990675953303,12.026104503537,12.1006601977358,12.1151573912737,12.1899884658059,12.2345319508301,12.2641712950851,12.2852796355025,12.3132682065947,12.3758546472027,12.4006316997066,12.4033059555657,12.4604881321132,12.4833517485283,12.5790232038657,12.5943762335389,12.6469851348447,12.6668329414039,12.7061504038299,12.7616498685036,12.8262538291742,12.8744123927481,12.879852905038,12.9082515168896,12.9180138266853,13.0050151620238,13.0330612242777,13.064404454931,13.1086179288555,13.1134856242817,13.1638306463525,13.2443247546312,13.2827316453525,13.3186912980599,13.3729627600566,13.4473679545641,13.4641406495027,13.4840542921229,13.5011326411565,13.5641155636697,13.5849196891386,13.635363195926,13.6883513828067,13.7306430466482,13.7737408915025,13.8192543155857,13.8305793865716,13.9065292651885,13.9523375539029,14.0165426105139,14.0517612350856,14.0984656144022,14.125474183861,14.1883899871538,14.2006167403393,14.2089820632795,14.3004059674624,14.3694083334285,14.3979459535879,14.4611578687852,14.5139135083697,14.5869948176832,14.6093578055443,14.6779252558473,14.6962179573214,14.7900311734787,14.7999078040223,14.8632112354614,14.9691598312289,15.0207306389788,15.11682719722,15.1847088649222,15.1945429148972,15.3269787448832,15.3593355922191,15.3806420990224,15.4947914283078,15.5356882309803,15.5757966117381,15.6845260632252,15.6958237417709,15.8299535449705,15.9344044558569,15.9425771418282,16.0950770679084,16.1689666224798,16.2074147705776,16.3389964278918,16.4535850192368,16.5364144154615,16.5921416955571,16.7071870322675,16.7884008125026,16.8298034930498,17.0042975058823,17.1227787553877,17.2664626716929,17.4690064548994,17.8855699831034,17.966839058288,18.0675343149646,18.1999472216428,18.3037266415625,18.4292572246569,18.5879562474814,18.9224162025099,18.9431966313824,19.12424968111,19.3799871166209,19.5674378625183,19.7157135308415,20.0493045412816,20.2055840697507,20.6158118273845,20.983205693145,21.4038387321818,23.2413584414674,NA,NA,NA,NA,NA,NA,NA,NA,NA,NA,NA,NA,NA,NA,NA,NA,NA,NA,NA,NA,NA,NA,NA,NA,NA,NA,NA,NA,NA,NA,NA,NA,NA,NA,NA,NA,NA,NA,NA,NA,NA,NA,NA,NA,NA,NA,NA,NA,NA,NA,NA
0.569493670388439,0.667182156968407,0.883013653856836,1.02914716705958,1.11682555457926,1.39497193226167,1.4559635560023,1.51468930736148,1.60412951446714,1.72731757084295,1.80857079317199,1.85023774330308,1.8617343646829,1.98337583396713,2.24762766344393,2.27558196776848,2.34030576542134,2.39094039950246,2.48613383809563,2.58059362576514,2.6794295896009,2.72181515098877,2.82528388124165,2.87492902863658,2.91226363838885,2.984147718217,3.0910486199082,3.14729938364498,3.19108016023969,3.2182739093391,3.28990245829261,3.35136030175637,3.40430351207992,3.46695785502079,3.5157369209933,3.54496341318639,3.6281355191478,3.66577909761341,3.78677066365289,3.84089154277305,3.87651308357182,3.92019006123368,3.98430373852826,4.03703515647353,4.11234663414185,4.20068040778163,4.24729203525601,4.26040057885164,4.29157940645792,4.31431108929679,4.37142598264541,4.39543103964259,4.40600764096165,4.50204465196642,4.57855060156794,4.60805779548001,4.64340011197985,4.66883367871577,4.72952916714496,4.80272947306402,4.80730933084149,4.87291737742247,4.90582681735884,4.93856085402583,4.97846644415452,5.01409496009262,5.03413032211548,5.09055342790336,5.13814472068255,5.15387036923962,5.18048258698765,5.19413817482983,5.21452321718057,5.29750666573775,5.32841718832815,5.35783542473641,5.38731484188017,5.39732657938744,5.44442189257657,5.47395684987186,5.52359940933351,5.55836719930971,5.58482903854613,5.62476024987718,5.67431559637881,5.68912187074344,5.7201867753272,5.72862921410061,5.77473705469411,5.8074144749252,5.83386791550584,5.88602285098569,5.88917811195725,5.90978626647298,5.93618360213442,5.9508241322759,5.99906489155901,6.02794880869141,6.05822254829059,6.08030068052325,6.1119605878621,6.12829756544167,6.1563217765103,6.21984012141201,6.23962219140622,6.27880817253303,6.32070254167545,6.32925503840875,6.34734652959531,6.36116829672605,6.39601695268445,6.40263595469367,6.43772170401314,6.45582745919623,6.4958818570403,6.53029478152943,6.5774548935434,6.59749514228088,6.60604987586726,6.69883955692763,6.72669367906999,6.75231324849459,6.78951180160604,6.79297162892661,6.80631215074039,6.86014205305079,6.86641000132299,6.87303179900285,6.89323571136321,6.91718529418277,6.94275802282817,6.98191636241591,7.01112350997026,7.01627101065432,7.02587412046876,7.0577889907928,7.08120969552223,7.10933920182421,7.12760148008343,7.19571909006782,7.20578654383099,7.23483569438667,7.25113947173524,7.27905018487498,7.28796780860081,7.30963870220221,7.32794626499941,7.33830846387459,7.35710448309596,7.39605818927643,7.41960109064948,7.446995448369,7.46225671565316,7.47607203220967,7.50968749356097,7.5325779693412,7.55678776772168,7.57857087053534,7.61748875039046,7.62718771868273,7.63661328457251,7.65796772952274,7.70420379008793,7.71789801988279,7.73342941802948,7.76939152690337,7.81682151202272,7.82907210550964,7.85645523107349,7.86853820628843,7.89958692439526,7.90620035092982,7.96068963279967,7.97315260211326,7.99461333602606,8.01788373997599,8.04230363776424,8.08035676445152,8.13222790094197,8.14494237083452,8.16664187529946,8.1779421945032,8.218462286008,8.26237607135794,8.27347879355911,8.31072240537161,8.31983769687874,8.33260731035999,8.36994925956397,8.37193368485439,8.42946116712053,8.45322169572237,8.4802453867656,8.49959843499983,8.52044668954404,8.54274586666478,8.59090754389404,8.5972255856899,8.63638049620572,8.64635397645326,8.66951752651869,8.68316821803711,8.70398847910351,8.72605422531895,8.74938617117696,8.77038421972205,8.79910064827319,8.84298815204313,8.86340323954162,8.87650942441601,8.88801587209565,8.96094946638762,9.00964128046718,9.03472913820635,9.04844638464882,9.08682305210415,9.1038211176694,9.14544074864807,9.15415464148889,9.20720570061684,9.22846496381355,9.2374235680235,9.27513860214309,9.29762181320852,9.32481516249641,9.36746693445543,9.39579341817925,9.43230190880655,9.4483112382593,9.49906919099426,9.55193179945696,9.57048596373475,9.59497890464486,9.61922512295459,9.6628944845894,9.70395039641243,9.72970342777243,9.75988943006664,9.77728684522162,9.84449078671852,9.86562311448759,9.91823319228178,9.92836398788626,9.95215667773922,9.98484794374205,9.98880523651835,10.0376084381347,10.0782166619371,10.1024344474174,10.1170342406593,10.1517957492368,10.2104936873567,10.231449697891,10.2697531985964,10.2785647530424,10.3100817594617,10.3422481122762,10.3684392279565,10.3980721688881,10.4492287031768,10.4699166875158,10.4985179634668,10.5122552546638,10.5799272366467,10.6240418785202,10.6532210494095,10.6772500364392,10.7293512458815,10.8181545360686,10.8284635282985,10.8612970623119,10.8809233355423,10.9062349716555,11.0014478745019,11.0304186965645,11.0391316318582,11.07096558054,11.0989344423662,11.1405534636839,11.1612615198527,11.1887119780653,11.2725584912849,11.3127427204859,11.3368358677931,11.3602504151041,11.4331765349838,11.4732449732277,11.5075998119333,11.5428635536838,11.5611622547648,11.5828628911069,11.6642524999213,11.6852734372716,11.7205026262085,11.7732172610208,11.7918533814511,11.8154828735855,11.872775733946,11.9086105094158,11.9816049085018,11.990675953303,12.026104503537,12.1006601977358,12.1151573912737,12.1899884658059,12.2345319508301,12.2641712950851,12.2852796355025,12.3132682065947,12.3758546472027,12.4006316997066,12.4033059555657,12.4604881321132,12.4833517485283,12.5790232038657,12.5943762335389,12.6469851348447,12.6668329414039,12.7061504038299,12.7616498685036,12.8262538291742,12.8744123927481,12.879852905038,12.9082515168896,12.9180138266853,13.0050151620238,13.0330612242777,13.064404454931,13.1086179288555,13.1134856242817,13.1638306463525,13.2443247546312,13.2827316453525,13.3186912980599,13.3729627600566,13.4473679545641,13.4641406495027,13.4840542921229,13.5011326411565,13.5641155636697,13.5849196891386,13.635363195926,13.6883513828067,13.7306430466482,13.7737408915025,13.8192543155857,13.8305793865716,13.9065292651885,13.9523375539029,14.0165426105139,14.0517612350856,14.0984656144022,14.125474183861,14.1883899871538,14.2006167403393,14.2089820632795,14.3004059674624,14.3694083334285,14.3979459535879,14.4611578687852,14.5139135083697,14.5869948176832,14.6093578055443,14.6779252558473,14.6962179573214,14.7900311734787,14.7999078040223,14.8632112354614,14.9691598312289,15.0207306389788,15.11682719722,15.1847088649222,15.1945429148972,15.3269787448832,15.3593355922191,15.3806420990224,15.4947914283078,15.5356882309803,15.5757966117381,15.6845260632252,15.6958237417709,15.8299535449705,15.9344044558569,15.9425771418282,16.0950770679084,16.1689666224798,16.2074147705776,16.3389964278918,16.4535850192368,16.5364144154615,16.5921416955571,16.7071870322675,16.7884008125026,16.8298034930498,17.0042975058823,17.1227787553877,17.2664626716929,17.4690064548994,17.8855699831034,17.966839058288,18.0675343149646,18.1999472216428,18.3037266415625,18.4292572246569,18.5879562474814,18.9224162025099,18.9431966313824,19.12424968111,19.3799871166209,19.5674378625183,19.7157135308415,20.0493045412816,20.2055840697507,20.6158118273845,20.983205693145,21.4038387321818,23.2413584414674,NA,NA,NA,NA,NA,NA,NA,NA,NA,NA,NA,NA,NA,NA,NA,NA,NA,NA,NA,NA,NA,NA,NA,NA,NA,NA,NA,NA,NA,NA,NA,NA,NA,NA,NA,NA,NA,NA,NA,NA,NA,NA,NA,NA,NA,NA,NA,NA,NA,NA,NA
0.569493670388439,0.667182156968407,0.883013653856836,1.02914716705958,1.11682555457926,1.39497193226167,1.4559635560023,1.51468930736148,1.60412951446714,1.72731757084295,1.80857079317199,1.85023774330308,1.8617343646829,1.98337583396713,2.24762766344393,2.27558196776848,2.34030576542134,2.39094039950246,2.48613383809563,2.58059362576514,2.6794295896009,2.72181515098877,2.82528388124165,2.87492902863658,2.91226363838885,2.984147718217,3.0910486199082,3.14729938364498,3.19108016023969,3.2182739093391,3.28990245829261,3.35136030175637,3.40430351207992,3.46695785502079,3.5157369209933,3.54496341318639,3.6281355191478,3.66577909761341,3.78677066365289,3.84089154277305,3.87651308357182,3.92019006123368,3.98430373852826,4.03703515647353,4.11234663414185,4.20068040778163,4.24729203525601,4.26040057885164,4.29157940645792,4.31431108929679,4.37142598264541,4.39543103964259,4.40600764096165,4.50204465196642,4.57855060156794,4.60805779548001,4.64340011197985,4.66883367871577,4.72952916714496,4.80272947306402,4.80730933084149,4.87291737742247,4.90582681735884,4.93856085402583,4.97846644415452,5.01409496009262,5.03413032211548,5.09055342790336,5.13814472068255,5.15387036923962,5.18048258698765,5.19413817482983,5.21452321718057,5.29750666573775,5.32841718832815,5.35783542473641,5.38731484188017,5.39732657938744,5.44442189257657,5.47395684987186,5.52359940933351,5.55836719930971,5.58482903854613,5.62476024987718,5.67431559637881,5.68912187074344,5.7201867753272,5.72862921410061,5.77473705469411,5.8074144749252,5.83386791550584,5.88602285098569,5.88917811195725,5.90978626647298,5.93618360213442,5.9508241322759,5.99906489155901,6.02794880869141,6.05822254829059,6.08030068052325,6.1119605878621,6.12829756544167,6.1563217765103,6.21984012141201,6.23962219140622,6.27880817253303,6.32070254167545,6.32925503840875,6.34734652959531,6.36116829672605,6.39601695268445,6.40263595469367,6.43772170401314,6.45582745919623,6.4958818570403,6.53029478152943,6.5774548935434,6.59749514228088,6.60604987586726,6.69883955692763,6.72669367906999,6.75231324849459,6.78951180160604,6.79297162892661,6.80631215074039,6.86014205305079,6.86641000132299,6.87303179900285,6.89323571136321,6.91718529418277,6.94275802282817,6.98191636241591,7.01112350997026,7.01627101065432,7.02587412046876,7.0577889907928,7.08120969552223,7.10933920182421,7.12760148008343,7.19571909006782,7.20578654383099,7.23483569438667,7.25113947173524,7.27905018487498,7.28796780860081,7.30963870220221,7.32794626499941,7.33830846387459,7.35710448309596,7.39605818927643,7.41960109064948,7.446995448369,7.46225671565316,7.47607203220967,7.50968749356097,7.5325779693412,7.55678776772168,7.57857087053534,7.61748875039046,7.62718771868273,7.63661328457251,7.65796772952274,7.70420379008793,7.71789801988279,7.73342941802948,7.76939152690337,7.81682151202272,7.82907210550964,7.85645523107349,7.86853820628843,7.89958692439526,7.90620035092982,7.96068963279967,7.97315260211326,7.99461333602606,8.01788373997599,8.04230363776424,8.08035676445152,8.13222790094197,8.14494237083452,8.16664187529946,8.1779421945032,8.218462286008,8.26237607135794,8.27347879355911,8.31072240537161,8.31983769687874,8.33260731035999,8.36994925956397,8.37193368485439,8.42946116712053,8.45322169572237,8.4802453867656,8.49959843499983,8.52044668954404,8.54274586666478,8.59090754389404,8.5972255856899,8.63638049620572,8.64635397645326,8.66951752651869,8.68316821803711,8.70398847910351,8.72605422531895,8.74938617117696,8.77038421972205,8.79910064827319,8.84298815204313,8.86340323954162,8.87650942441601,8.88801587209565,8.96094946638762,9.00964128046718,9.03472913820635,9.04844638464882,9.08682305210415,9.1038211176694,9.14544074864807,9.15415464148889,9.20720570061684,9.22846496381355,9.2374235680235,9.27513860214309,9.29762181320852,9.32481516249641,9.36746693445543,9.39579341817925,9.43230190880655,9.4483112382593,9.49906919099426,9.55193179945696,9.57048596373475,9.59497890464486,9.61922512295459,9.6628944845894,9.70395039641243,9.72970342777243,9.75988943006664,9.77728684522162,9.84449078671852,9.86562311448759,9.91823319228178,9.92836398788626,9.95215667773922,9.98484794374205,9.98880523651835,10.0376084381347,10.0782166619371,10.1024344474174,10.1170342406593,10.1517957492368,10.2104936873567,10.231449697891,10.2697531985964,10.2785647530424,10.3100817594617,10.3422481122762,10.3684392279565,10.3980721688881,10.4492287031768,10.4699166875158,10.4985179634668,10.5122552546638,10.5799272366467,10.6240418785202,10.6532210494095,10.6772500364392,10.7293512458815,10.8181545360686,10.8284635282985,10.8612970623119,10.8809233355423,10.9062349716555,11.0014478745019,11.0304186965645,11.0391316318582,11.07096558054,11.0989344423662,11.1405534636839,11.1612615198527,11.1887119780653,11.2725584912849,11.3127427204859,11.3368358677931,11.3602504151041,11.4331765349838,11.4732449732277,11.5075998119333,11.5428635536838,11.5611622547648,11.5828628911069,11.6642524999213,11.6852734372716,11.7205026262085,11.7732172610208,11.7918533814511,11.8154828735855,11.872775733946,11.9086105094158,11.9816049085018,11.990675953303,12.026104503537,12.1006601977358,12.1151573912737,12.1899884658059,12.2345319508301,12.2641712950851,12.2852796355025,12.3132682065947,12.3758546472027,12.4006316997066,12.4033059555657,12.4604881321132,12.4833517485283,12.5790232038657,12.5943762335389,12.6469851348447,12.6668329414039,12.7061504038299,12.7616498685036,12.8262538291742,12.8744123927481,12.879852905038,12.9082515168896,12.9180138266853,13.0050151620238,13.0330612242777,13.064404454931,13.1086179288555,13.1134856242817,13.1638306463525,13.2443247546312,13.2827316453525,13.3186912980599,13.3729627600566,13.4473679545641,13.4641406495027,13.4840542921229,13.5011326411565,13.5641155636697,13.5849196891386,13.635363195926,13.6883513828067,13.7306430466482,13.7737408915025,13.8192543155857,13.8305793865716,13.9065292651885,13.9523375539029,14.0165426105139,14.0517612350856,14.0984656144022,14.125474183861,14.1883899871538,14.2006167403393,14.2089820632795,14.3004059674624,14.3694083334285,14.3979459535879,14.4611578687852,14.5139135083697,14.5869948176832,14.6093578055443,14.6779252558473,14.6962179573214,14.7900311734787,14.7999078040223,14.8632112354614,14.9691598312289,15.0207306389788,15.11682719722,15.1847088649222,15.1945429148972,15.3269787448832,15.3593355922191,15.3806420990224,15.4947914283078,15.5356882309803,15.5757966117381,15.6845260632252,15.6958237417709,15.8299535449705,15.9344044558569,15.9425771418282,16.0950770679084,16.1689666224798,16.2074147705776,16.3389964278918,16.4535850192368,16.5364144154615,16.5921416955571,16.7071870322675,16.7884008125026,16.8298034930498,17.0042975058823,17.1227787553877,17.2664626716929,17.4690064548994,17.8855699831034,17.966839058288,18.0675343149646,18.1999472216428,18.3037266415625,18.4292572246569,18.5879562474814,18.9224162025099,18.9431966313824,19.12424968111,19.3799871166209,19.5674378625183,19.7157135308415,20.0493045412816,20.2055840697507,20.6158118273845,20.983205693145,21.4038387321818,23.2413584414674,NA,NA,NA,NA,NA,NA,NA,NA,NA,NA,NA,NA,NA,NA,NA,NA,NA,NA,NA,NA,NA,NA,NA,NA,NA,NA,NA,NA,NA,NA,NA,NA,NA,NA,NA,NA,NA,NA,NA,NA,NA,NA,NA,NA,NA,NA,NA,NA,NA,NA,NA
0.569493670388439,0.667182156968407,0.883013653856836,1.02914716705958,1.11682555457926,1.39497193226167,1.4559635560023,1.51468930736148,1.60412951446714,1.72731757084295,1.80857079317199,1.85023774330308,1.8617343646829,1.98337583396713,2.24762766344393,2.27558196776848,2.34030576542134,2.39094039950246,2.48613383809563,2.58059362576514,2.6794295896009,2.72181515098877,2.82528388124165,2.87492902863658,2.91226363838885,2.984147718217,3.0910486199082,3.14729938364498,3.19108016023969,3.2182739093391,3.28990245829261,3.35136030175637,3.40430351207992,3.46695785502079,3.5157369209933,3.54496341318639,3.6281355191478,3.66577909761341,3.78677066365289,3.84089154277305,3.87651308357182,3.92019006123368,3.98430373852826,4.03703515647353,4.11234663414185,4.20068040778163,4.24729203525601,4.26040057885164,4.29157940645792,4.31431108929679,4.37142598264541,4.39543103964259,4.40600764096165,4.50204465196642,4.57855060156794,4.60805779548001,4.64340011197985,4.66883367871577,4.72952916714496,4.80272947306402,4.80730933084149,4.87291737742247,4.90582681735884,4.93856085402583,4.97846644415452,5.01409496009262,5.03413032211548,5.09055342790336,5.13814472068255,5.15387036923962,5.18048258698765,5.19413817482983,5.21452321718057,5.29750666573775,5.32841718832815,5.35783542473641,5.38731484188017,5.39732657938744,5.44442189257657,5.47395684987186,5.52359940933351,5.55836719930971,5.58482903854613,5.62476024987718,5.67431559637881,5.68912187074344,5.7201867753272,5.72862921410061,5.77473705469411,5.8074144749252,5.83386791550584,5.88602285098569,5.88917811195725,5.90978626647298,5.93618360213442,5.9508241322759,5.99906489155901,6.02794880869141,6.05822254829059,6.08030068052325,6.1119605878621,6.12829756544167,6.1563217765103,6.21984012141201,6.23962219140622,6.27880817253303,6.32070254167545,6.32925503840875,6.34734652959531,6.36116829672605,6.39601695268445,6.40263595469367,6.43772170401314,6.45582745919623,6.4958818570403,6.53029478152943,6.5774548935434,6.59749514228088,6.60604987586726,6.69883955692763,6.72669367906999,6.75231324849459,6.78951180160604,6.79297162892661,6.80631215074039,6.86014205305079,6.86641000132299,6.87303179900285,6.89323571136321,6.91718529418277,6.94275802282817,6.98191636241591,7.01112350997026,7.01627101065432,7.02587412046876,7.0577889907928,7.08120969552223,7.10933920182421,7.12760148008343,7.19571909006782,7.20578654383099,7.23483569438667,7.25113947173524,7.27905018487498,7.28796780860081,7.30963870220221,7.32794626499941,7.33830846387459,7.35710448309596,7.39605818927643,7.41960109064948,7.446995448369,7.46225671565316,7.47607203220967,7.50968749356097,7.5325779693412,7.55678776772168,7.57857087053534,7.61748875039046,7.62718771868273,7.63661328457251,7.65796772952274,7.70420379008793,7.71789801988279,7.73342941802948,7.76939152690337,7.81682151202272,7.82907210550964,7.85645523107349,7.86853820628843,7.89958692439526,7.90620035092982,7.96068963279967,7.97315260211326,7.99461333602606,8.01788373997599,8.04230363776424,8.08035676445152,8.13222790094197,8.14494237083452,8.16664187529946,8.1779421945032,8.218462286008,8.26237607135794,8.27347879355911,8.31072240537161,8.31983769687874,8.33260731035999,8.36994925956397,8.37193368485439,8.42946116712053,8.45322169572237,8.4802453867656,8.49959843499983,8.52044668954404,8.54274586666478,8.59090754389404,8.5972255856899,8.63638049620572,8.64635397645326,8.66951752651869,8.68316821803711,8.70398847910351,8.72605422531895,8.74938617117696,8.77038421972205,8.79910064827319,8.84298815204313,8.86340323954162,8.87650942441601,8.88801587209565,8.96094946638762,9.00964128046718,9.03472913820635,9.04844638464882,9.08682305210415,9.1038211176694,9.14544074864807,9.15415464148889,9.20720570061684,9.22846496381355,9.2374235680235,9.27513860214309,9.29762181320852,9.32481516249641,9.36746693445543,9.39579341817925,9.43230190880655,9.4483112382593,9.49906919099426,9.55193179945696,9.57048596373475,9.59497890464486,9.61922512295459,9.6628944845894,9.70395039641243,9.72970342777243,9.75988943006664,9.77728684522162,9.84449078671852,9.86562311448759,9.91823319228178,9.92836398788626,9.95215667773922,9.98484794374205,9.98880523651835,10.0376084381347,10.0782166619371,10.1024344474174,10.1170342406593,10.1517957492368,10.2104936873567,10.231449697891,10.2697531985964,10.2785647530424,10.3100817594617,10.3422481122762,10.3684392279565,10.3980721688881,10.4492287031768,10.4699166875158,10.4985179634668,10.5122552546638,10.5799272366467,10.6240418785202,10.6532210494095,10.6772500364392,10.7293512458815,10.8181545360686,10.8284635282985,10.8612970623119,10.8809233355423,10.9062349716555,11.0014478745019,11.0304186965645,11.0391316318582,11.07096558054,11.0989344423662,11.1405534636839,11.1612615198527,11.1887119780653,11.2725584912849,11.3127427204859,11.3368358677931,11.3602504151041,11.4331765349838,11.4732449732277,11.5075998119333,11.5428635536838,11.5611622547648,11.5828628911069,11.6642524999213,11.6852734372716,11.7205026262085,11.7732172610208,11.7918533814511,11.8154828735855,11.872775733946,11.9086105094158,11.9816049085018,11.990675953303,12.026104503537,12.1006601977358,12.1151573912737,12.1899884658059,12.2345319508301,12.2641712950851,12.2852796355025,12.3132682065947,12.3758546472027,12.4006316997066,12.4033059555657,12.4604881321132,12.4833517485283,12.5790232038657,12.5943762335389,12.6469851348447,12.6668329414039,12.7061504038299,12.7616498685036,12.8262538291742,12.8744123927481,12.879852905038,12.9082515168896,12.9180138266853,13.0050151620238,13.0330612242777,13.064404454931,13.1086179288555,13.1134856242817,13.1638306463525,13.2443247546312,13.2827316453525,13.3186912980599,13.3729627600566,13.4473679545641,13.4641406495027,13.4840542921229,13.5011326411565,13.5641155636697,13.5849196891386,13.635363195926,13.6883513828067,13.7306430466482,13.7737408915025,13.8192543155857,13.8305793865716,13.9065292651885,13.9523375539029,14.0165426105139,14.0517612350856,14.0984656144022,14.125474183861,14.1883899871538,14.2006167403393,14.2089820632795,14.3004059674624,14.3694083334285,14.3979459535879,14.4611578687852,14.5139135083697,14.5869948176832,14.6093578055443,14.6779252558473,14.6962179573214,14.7900311734787,14.7999078040223,14.8632112354614,14.9691598312289,15.0207306389788,15.11682719722,15.1847088649222,15.1945429148972,15.3269787448832,15.3593355922191,15.3806420990224,15.4947914283078,15.5356882309803,15.5757966117381,15.6845260632252,15.6958237417709,15.8299535449705,15.9344044558569,15.9425771418282,16.0950770679084,16.1689666224798,16.2074147705776,16.3389964278918,16.4535850192368,16.5364144154615,16.5921416955571,16.7071870322675,16.7884008125026,16.8298034930498,17.0042975058823,17.1227787553877,17.2664626716929,17.4690064548994,17.8855699831034,17.966839058288,18.0675343149646,18.1999472216428,18.3037266415625,18.4292572246569,18.5879562474814,18.9224162025099,18.9431966313824,19.12424968111,19.3799871166209,19.5674378625183,19.7157135308415,20.0493045412816,20.2055840697507,20.6158118273845,20.983205693145,21.4038387321818,23.2413584414674,NA,NA,NA,NA,NA,NA,NA,NA,NA,NA,NA,NA,NA,NA,NA,NA,NA,NA,NA,NA,NA,NA,NA,NA,NA,NA,NA,NA,NA,NA,NA,NA,NA,NA,NA,NA,NA,NA,NA,NA,NA,NA,NA,NA,NA,NA,NA,NA,NA,NA,NA
0.569493670388439,0.667182156968407,0.883013653856836,1.02914716705958,1.11682555457926,1.39497193226167,1.4559635560023,1.51468930736148,1.60412951446714,1.72731757084295,1.80857079317199,1.85023774330308,1.8617343646829,1.98337583396713,2.24762766344393,2.27558196776848,2.34030576542134,2.39094039950246,2.48613383809563,2.58059362576514,2.6794295896009,2.72181515098877,2.82528388124165,2.87492902863658,2.91226363838885,2.984147718217,3.0910486199082,3.14729938364498,3.19108016023969,3.2182739093391,3.28990245829261,3.35136030175637,3.40430351207992,3.46695785502079,3.5157369209933,3.54496341318639,3.6281355191478,3.66577909761341,3.78677066365289,3.84089154277305,3.87651308357182,3.92019006123368,3.98430373852826,4.03703515647353,4.11234663414185,4.20068040778163,4.24729203525601,4.26040057885164,4.29157940645792,4.31431108929679,4.37142598264541,4.39543103964259,4.40600764096165,4.50204465196642,4.57855060156794,4.60805779548001,4.64340011197985,4.66883367871577,4.72952916714496,4.80272947306402,4.80730933084149,4.87291737742247,4.90582681735884,4.93856085402583,4.97846644415452,5.01409496009262,5.03413032211548,5.09055342790336,5.13814472068255,5.15387036923962,5.18048258698765,5.19413817482983,5.21452321718057,5.29750666573775,5.32841718832815,5.35783542473641,5.38731484188017,5.39732657938744,5.44442189257657,5.47395684987186,5.52359940933351,5.55836719930971,5.58482903854613,5.62476024987718,5.67431559637881,5.68912187074344,5.7201867753272,5.72862921410061,5.77473705469411,5.8074144749252,5.83386791550584,5.88602285098569,5.88917811195725,5.90978626647298,5.93618360213442,5.9508241322759,5.99906489155901,6.02794880869141,6.05822254829059,6.08030068052325,6.1119605878621,6.12829756544167,6.1563217765103,6.21984012141201,6.23962219140622,6.27880817253303,6.32070254167545,6.32925503840875,6.34734652959531,6.36116829672605,6.39601695268445,6.40263595469367,6.43772170401314,6.45582745919623,6.4958818570403,6.53029478152943,6.5774548935434,6.59749514228088,6.60604987586726,6.69883955692763,6.72669367906999,6.75231324849459,6.78951180160604,6.79297162892661,6.80631215074039,6.86014205305079,6.86641000132299,6.87303179900285,6.89323571136321,6.91718529418277,6.94275802282817,6.98191636241591,7.01112350997026,7.01627101065432,7.02587412046876,7.0577889907928,7.08120969552223,7.10933920182421,7.12760148008343,7.19571909006782,7.20578654383099,7.23483569438667,7.25113947173524,7.27905018487498,7.28796780860081,7.30963870220221,7.32794626499941,7.33830846387459,7.35710448309596,7.39605818927643,7.41960109064948,7.446995448369,7.46225671565316,7.47607203220967,7.50968749356097,7.5325779693412,7.55678776772168,7.57857087053534,7.61748875039046,7.62718771868273,7.63661328457251,7.65796772952274,7.70420379008793,7.71789801988279,7.73342941802948,7.76939152690337,7.81682151202272,7.82907210550964,7.85645523107349,7.86853820628843,7.89958692439526,7.90620035092982,7.96068963279967,7.97315260211326,7.99461333602606,8.01788373997599,8.04230363776424,8.08035676445152,8.13222790094197,8.14494237083452,8.16664187529946,8.1779421945032,8.218462286008,8.26237607135794,8.27347879355911,8.31072240537161,8.31983769687874,8.33260731035999,8.36994925956397,8.37193368485439,8.42946116712053,8.45322169572237,8.4802453867656,8.49959843499983,8.52044668954404,8.54274586666478,8.59090754389404,8.5972255856899,8.63638049620572,8.64635397645326,8.66951752651869,8.68316821803711,8.70398847910351,8.72605422531895,8.74938617117696,8.77038421972205,8.79910064827319,8.84298815204313,8.86340323954162,8.87650942441601,8.88801587209565,8.96094946638762,9.00964128046718,9.03472913820635,9.04844638464882,9.08682305210415,9.1038211176694,9.14544074864807,9.15415464148889,9.20720570061684,9.22846496381355,9.2374235680235,9.27513860214309,9.29762181320852,9.32481516249641,9.36746693445543,9.39579341817925,9.43230190880655,9.4483112382593,9.49906919099426,9.55193179945696,9.57048596373475,9.59497890464486,9.61922512295459,9.6628944845894,9.70395039641243,9.72970342777243,9.75988943006664,9.77728684522162,9.84449078671852,9.86562311448759,9.91823319228178,9.92836398788626,9.95215667773922,9.98484794374205,9.98880523651835,10.0376084381347,10.0782166619371,10.1024344474174,10.1170342406593,10.1517957492368,10.2104936873567,10.231449697891,10.2697531985964,10.2785647530424,10.3100817594617,10.3422481122762,10.3684392279565,10.3980721688881,10.4492287031768,10.4699166875158,10.4985179634668,10.5122552546638,10.5799272366467,10.6240418785202,10.6532210494095,10.6772500364392,10.7293512458815,10.8181545360686,10.8284635282985,10.8612970623119,10.8809233355423,10.9062349716555,11.0014478745019,11.0304186965645,11.0391316318582,11.07096558054,11.0989344423662,11.1405534636839,11.1612615198527,11.1887119780653,11.2725584912849,11.3127427204859,11.3368358677931,11.3602504151041,11.4331765349838,11.4732449732277,11.5075998119333,11.5428635536838,11.5611622547648,11.5828628911069,11.6642524999213,11.6852734372716,11.7205026262085,11.7732172610208,11.7918533814511,11.8154828735855,11.872775733946,11.9086105094158,11.9816049085018,11.990675953303,12.026104503537,12.1006601977358,12.1151573912737,12.1899884658059,12.2345319508301,12.2641712950851,12.2852796355025,12.3132682065947,12.3758546472027,12.4006316997066,12.4033059555657,12.4604881321132,12.4833517485283,12.5790232038657,12.5943762335389,12.6469851348447,12.6668329414039,12.7061504038299,12.7616498685036,12.8262538291742,12.8744123927481,12.879852905038,12.9082515168896,12.9180138266853,13.0050151620238,13.0330612242777,13.064404454931,13.1086179288555,13.1134856242817,13.1638306463525,13.2443247546312,13.2827316453525,13.3186912980599,13.3729627600566,13.4473679545641,13.4641406495027,13.4840542921229,13.5011326411565,13.5641155636697,13.5849196891386,13.635363195926,13.6883513828067,13.7306430466482,13.7737408915025,13.8192543155857,13.8305793865716,13.9065292651885,13.9523375539029,14.0165426105139,14.0517612350856,14.0984656144022,14.125474183861,14.1883899871538,14.2006167403393,14.2089820632795,14.3004059674624,14.3694083334285,14.3979459535879,14.4611578687852,14.5139135083697,14.5869948176832,14.6093578055443,14.6779252558473,14.6962179573214,14.7900311734787,14.7999078040223,14.8632112354614,14.9691598312289,15.0207306389788,15.11682719722,15.1847088649222,15.1945429148972,15.3269787448832,15.3593355922191,15.3806420990224,15.4947914283078,15.5356882309803,15.5757966117381,15.6845260632252,15.6958237417709,15.8299535449705,15.9344044558569,15.9425771418282,16.0950770679084,16.1689666224798,16.2074147705776,16.3389964278918,16.4535850192368,16.5364144154615,16.5921416955571,16.7071870322675,16.7884008125026,16.8298034930498,17.0042975058823,17.1227787553877,17.2664626716929,17.4690064548994,17.8855699831034,17.966839058288,18.0675343149646,18.1999472216428,18.3037266415625,18.4292572246569,18.5879562474814,18.9224162025099,18.9431966313824,19.12424968111,19.3799871166209,19.5674378625183,19.7157135308415,20.0493045412816,20.2055840697507,20.6158118273845,20.983205693145,21.4038387321818,23.2413584414674,NA,NA,NA,NA,NA,NA,NA,NA,NA,NA,NA,NA,NA,NA,NA,NA,NA,NA,NA,NA,NA,NA,NA,NA,NA,NA,NA,NA,NA,NA,NA,NA,NA,NA,NA,NA,NA,NA,NA,NA,NA,NA,NA,NA,NA,NA,NA,NA,NA,NA,NA
0.569493670388439,0.667182156968407,0.883013653856836,1.02914716705958,1.11682555457926,1.39497193226167,1.4559635560023,1.51468930736148,1.60412951446714,1.72731757084295,1.80857079317199,1.85023774330308,1.8617343646829,1.98337583396713,2.24762766344393,2.27558196776848,2.34030576542134,2.39094039950246,2.48613383809563,2.58059362576514,2.6794295896009,2.72181515098877,2.82528388124165,2.87492902863658,2.91226363838885,2.984147718217,3.0910486199082,3.14729938364498,3.19108016023969,3.2182739093391,3.28990245829261,3.35136030175637,3.40430351207992,3.46695785502079,3.5157369209933,3.54496341318639,3.6281355191478,3.66577909761341,3.78677066365289,3.84089154277305,3.87651308357182,3.92019006123368,3.98430373852826,4.03703515647353,4.11234663414185,4.20068040778163,4.24729203525601,4.26040057885164,4.29157940645792,4.31431108929679,4.37142598264541,4.39543103964259,4.40600764096165,4.50204465196642,4.57855060156794,4.60805779548001,4.64340011197985,4.66883367871577,4.72952916714496,4.80272947306402,4.80730933084149,4.87291737742247,4.90582681735884,4.93856085402583,4.97846644415452,5.01409496009262,5.03413032211548,5.09055342790336,5.13814472068255,5.15387036923962,5.18048258698765,5.19413817482983,5.21452321718057,5.29750666573775,5.32841718832815,5.35783542473641,5.38731484188017,5.39732657938744,5.44442189257657,5.47395684987186,5.52359940933351,5.55836719930971,5.58482903854613,5.62476024987718,5.67431559637881,5.68912187074344,5.7201867753272,5.72862921410061,5.77473705469411,5.8074144749252,5.83386791550584,5.88602285098569,5.88917811195725,5.90978626647298,5.93618360213442,5.9508241322759,5.99906489155901,6.02794880869141,6.05822254829059,6.08030068052325,6.1119605878621,6.12829756544167,6.1563217765103,6.21984012141201,6.23962219140622,6.27880817253303,6.32070254167545,6.32925503840875,6.34734652959531,6.36116829672605,6.39601695268445,6.40263595469367,6.43772170401314,6.45582745919623,6.4958818570403,6.53029478152943,6.5774548935434,6.59749514228088,6.60604987586726,6.69883955692763,6.72669367906999,6.75231324849459,6.78951180160604,6.79297162892661,6.80631215074039,6.86014205305079,6.86641000132299,6.87303179900285,6.89323571136321,6.91718529418277,6.94275802282817,6.98191636241591,7.01112350997026,7.01627101065432,7.02587412046876,7.0577889907928,7.08120969552223,7.10933920182421,7.12760148008343,7.19571909006782,7.20578654383099,7.23483569438667,7.25113947173524,7.27905018487498,7.28796780860081,7.30963870220221,7.32794626499941,7.33830846387459,7.35710448309596,7.39605818927643,7.41960109064948,7.446995448369,7.46225671565316,7.47607203220967,7.50968749356097,7.5325779693412,7.55678776772168,7.57857087053534,7.61748875039046,7.62718771868273,7.63661328457251,7.65796772952274,7.70420379008793,7.71789801988279,7.73342941802948,7.76939152690337,7.81682151202272,7.82907210550964,7.85645523107349,7.86853820628843,7.89958692439526,7.90620035092982,7.96068963279967,7.97315260211326,7.99461333602606,8.01788373997599,8.04230363776424,8.08035676445152,8.13222790094197,8.14494237083452,8.16664187529946,8.1779421945032,8.218462286008,8.26237607135794,8.27347879355911,8.31072240537161,8.31983769687874,8.33260731035999,8.36994925956397,8.37193368485439,8.42946116712053,8.45322169572237,8.4802453867656,8.49959843499983,8.52044668954404,8.54274586666478,8.59090754389404,8.5972255856899,8.63638049620572,8.64635397645326,8.66951752651869,8.68316821803711,8.70398847910351,8.72605422531895,8.74938617117696,8.77038421972205,8.79910064827319,8.84298815204313,8.86340323954162,8.87650942441601,8.88801587209565,8.96094946638762,9.00964128046718,9.03472913820635,9.04844638464882,9.08682305210415,9.1038211176694,9.14544074864807,9.15415464148889,9.20720570061684,9.22846496381355,9.2374235680235,9.27513860214309,9.29762181320852,9.32481516249641,9.36746693445543,9.39579341817925,9.43230190880655,9.4483112382593,9.49906919099426,9.55193179945696,9.57048596373475,9.59497890464486,9.61922512295459,9.6628944845894,9.70395039641243,9.72970342777243,9.75988943006664,9.77728684522162,9.84449078671852,9.86562311448759,9.91823319228178,9.92836398788626,9.95215667773922,9.98484794374205,9.98880523651835,10.0376084381347,10.0782166619371,10.1024344474174,10.1170342406593,10.1517957492368,10.2104936873567,10.231449697891,10.2697531985964,10.2785647530424,10.3100817594617,10.3422481122762,10.3684392279565,10.3980721688881,10.4492287031768,10.4699166875158,10.4985179634668,10.5122552546638,10.5799272366467,10.6240418785202,10.6532210494095,10.6772500364392,10.7293512458815,10.8181545360686,10.8284635282985,10.8612970623119,10.8809233355423,10.9062349716555,11.0014478745019,11.0304186965645,11.0391316318582,11.07096558054,11.0989344423662,11.1405534636839,11.1612615198527,11.1887119780653,11.2725584912849,11.3127427204859,11.3368358677931,11.3602504151041,11.4331765349838,11.4732449732277,11.5075998119333,11.5428635536838,11.5611622547648,11.5828628911069,11.6642524999213,11.6852734372716,11.7205026262085,11.7732172610208,11.7918533814511,11.8154828735855,11.872775733946,11.9086105094158,11.9816049085018,11.990675953303,12.026104503537,12.1006601977358,12.1151573912737,12.1899884658059,12.2345319508301,12.2641712950851,12.2852796355025,12.3132682065947,12.3758546472027,12.4006316997066,12.4033059555657,12.4604881321132,12.4833517485283,12.5790232038657,12.5943762335389,12.6469851348447,12.6668329414039,12.7061504038299,12.7616498685036,12.8262538291742,12.8744123927481,12.879852905038,12.9082515168896,12.9180138266853,13.0050151620238,13.0330612242777,13.064404454931,13.1086179288555,13.1134856242817,13.1638306463525,13.2443247546312,13.2827316453525,13.3186912980599,13.3729627600566,13.4473679545641,13.4641406495027,13.4840542921229,13.5011326411565,13.5641155636697,13.5849196891386,13.635363195926,13.6883513828067,13.7306430466482,13.7737408915025,13.8192543155857,13.8305793865716,13.9065292651885,13.9523375539029,14.0165426105139,14.0517612350856,14.0984656144022,14.125474183861,14.1883899871538,14.2006167403393,14.2089820632795,14.3004059674624,14.3694083334285,14.3979459535879,14.4611578687852,14.5139135083697,14.5869948176832,14.6093578055443,14.6779252558473,14.6962179573214,14.7900311734787,14.7999078040223,14.8632112354614,14.9691598312289,15.0207306389788,15.11682719722,15.1847088649222,15.1945429148972,15.3269787448832,15.3593355922191,15.3806420990224,15.4947914283078,15.5356882309803,15.5757966117381,15.6845260632252,15.6958237417709,15.8299535449705,15.9344044558569,15.9425771418282,16.0950770679084,16.1689666224798,16.2074147705776,16.3389964278918,16.4535850192368,16.5364144154615,16.5921416955571,16.7071870322675,16.7884008125026,16.8298034930498,17.0042975058823,17.1227787553877,17.2664626716929,17.4690064548994,17.8855699831034,17.966839058288,18.0675343149646,18.1999472216428,18.3037266415625,18.4292572246569,18.5879562474814,18.9224162025099,18.9431966313824,19.12424968111,19.3799871166209,19.5674378625183,19.7157135308415,20.0493045412816,20.2055840697507,20.6158118273845,20.983205693145,21.4038387321818,23.2413584414674,NA,NA,NA,NA,NA,NA,NA,NA,NA,NA,NA,NA,NA,NA,NA,NA,NA,NA,NA,NA,NA,NA,NA,NA,NA,NA,NA,NA,NA,NA,NA,NA,NA,NA,NA,NA,NA,NA,NA,NA,NA,NA,NA,NA,NA,NA,NA,NA,NA,NA,NA
0.569493670388439,0.667182156968407,0.883013653856836,1.02914716705958,1.11682555457926,1.39497193226167,1.4559635560023,1.51468930736148,1.60412951446714,1.72731757084295,1.80857079317199,1.85023774330308,1.8617343646829,1.98337583396713,2.24762766344393,2.27558196776848,2.34030576542134,2.39094039950246,2.48613383809563,2.58059362576514,2.6794295896009,2.72181515098877,2.82528388124165,2.87492902863658,2.91226363838885,2.984147718217,3.0910486199082,3.14729938364498,3.19108016023969,3.2182739093391,3.28990245829261,3.35136030175637,3.40430351207992,3.46695785502079,3.5157369209933,3.54496341318639,3.6281355191478,3.66577909761341,3.78677066365289,3.84089154277305,3.87651308357182,3.92019006123368,3.98430373852826,4.03703515647353,4.11234663414185,4.20068040778163,4.24729203525601,4.26040057885164,4.29157940645792,4.31431108929679,4.37142598264541,4.39543103964259,4.40600764096165,4.50204465196642,4.57855060156794,4.60805779548001,4.64340011197985,4.66883367871577,4.72952916714496,4.80272947306402,4.80730933084149,4.87291737742247,4.90582681735884,4.93856085402583,4.97846644415452,5.01409496009262,5.03413032211548,5.09055342790336,5.13814472068255,5.15387036923962,5.18048258698765,5.19413817482983,5.21452321718057,5.29750666573775,5.32841718832815,5.35783542473641,5.38731484188017,5.39732657938744,5.44442189257657,5.47395684987186,5.52359940933351,5.55836719930971,5.58482903854613,5.62476024987718,5.67431559637881,5.68912187074344,5.7201867753272,5.72862921410061,5.77473705469411,5.8074144749252,5.83386791550584,5.88602285098569,5.88917811195725,5.90978626647298,5.93618360213442,5.9508241322759,5.99906489155901,6.02794880869141,6.05822254829059,6.08030068052325,6.1119605878621,6.12829756544167,6.1563217765103,6.21984012141201,6.23962219140622,6.27880817253303,6.32070254167545,6.32925503840875,6.34734652959531,6.36116829672605,6.39601695268445,6.40263595469367,6.43772170401314,6.45582745919623,6.4958818570403,6.53029478152943,6.5774548935434,6.59749514228088,6.60604987586726,6.69883955692763,6.72669367906999,6.75231324849459,6.78951180160604,6.79297162892661,6.80631215074039,6.86014205305079,6.86641000132299,6.87303179900285,6.89323571136321,6.91718529418277,6.94275802282817,6.98191636241591,7.01112350997026,7.01627101065432,7.02587412046876,7.0577889907928,7.08120969552223,7.10933920182421,7.12760148008343,7.19571909006782,7.20578654383099,7.23483569438667,7.25113947173524,7.27905018487498,7.28796780860081,7.30963870220221,7.32794626499941,7.33830846387459,7.35710448309596,7.39605818927643,7.41960109064948,7.446995448369,7.46225671565316,7.47607203220967,7.50968749356097,7.5325779693412,7.55678776772168,7.57857087053534,7.61748875039046,7.62718771868273,7.63661328457251,7.65796772952274,7.70420379008793,7.71789801988279,7.73342941802948,7.76939152690337,7.81682151202272,7.82907210550964,7.85645523107349,7.86853820628843,7.89958692439526,7.90620035092982,7.96068963279967,7.97315260211326,7.99461333602606,8.01788373997599,8.04230363776424,8.08035676445152,8.13222790094197,8.14494237083452,8.16664187529946,8.1779421945032,8.218462286008,8.26237607135794,8.27347879355911,8.31072240537161,8.31983769687874,8.33260731035999,8.36994925956397,8.37193368485439,8.42946116712053,8.45322169572237,8.4802453867656,8.49959843499983,8.52044668954404,8.54274586666478,8.59090754389404,8.5972255856899,8.63638049620572,8.64635397645326,8.66951752651869,8.68316821803711,8.70398847910351,8.72605422531895,8.74938617117696,8.77038421972205,8.79910064827319,8.84298815204313,8.86340323954162,8.87650942441601,8.88801587209565,8.96094946638762,9.00964128046718,9.03472913820635,9.04844638464882,9.08682305210415,9.1038211176694,9.14544074864807,9.15415464148889,9.20720570061684,9.22846496381355,9.2374235680235,9.27513860214309,9.29762181320852,9.32481516249641,9.36746693445543,9.39579341817925,9.43230190880655,9.4483112382593,9.49906919099426,9.55193179945696,9.57048596373475,9.59497890464486,9.61922512295459,9.6628944845894,9.70395039641243,9.72970342777243,9.75988943006664,9.77728684522162,9.84449078671852,9.86562311448759,9.91823319228178,9.92836398788626,9.95215667773922,9.98484794374205,9.98880523651835,10.0376084381347,10.0782166619371,10.1024344474174,10.1170342406593,10.1517957492368,10.2104936873567,10.231449697891,10.2697531985964,10.2785647530424,10.3100817594617,10.3422481122762,10.3684392279565,10.3980721688881,10.4492287031768,10.4699166875158,10.4985179634668,10.5122552546638,10.5799272366467,10.6240418785202,10.6532210494095,10.6772500364392,10.7293512458815,10.8181545360686,10.8284635282985,10.8612970623119,10.8809233355423,10.9062349716555,11.0014478745019,11.0304186965645,11.0391316318582,11.07096558054,11.0989344423662,11.1405534636839,11.1612615198527,11.1887119780653,11.2725584912849,11.3127427204859,11.3368358677931,11.3602504151041,11.4331765349838,11.4732449732277,11.5075998119333,11.5428635536838,11.5611622547648,11.5828628911069,11.6642524999213,11.6852734372716,11.7205026262085,11.7732172610208,11.7918533814511,11.8154828735855,11.872775733946,11.9086105094158,11.9816049085018,11.990675953303,12.026104503537,12.1006601977358,12.1151573912737,12.1899884658059,12.2345319508301,12.2641712950851,12.2852796355025,12.3132682065947,12.3758546472027,12.4006316997066,12.4033059555657,12.4604881321132,12.4833517485283,12.5790232038657,12.5943762335389,12.6469851348447,12.6668329414039,12.7061504038299,12.7616498685036,12.8262538291742,12.8744123927481,12.879852905038,12.9082515168896,12.9180138266853,13.0050151620238,13.0330612242777,13.064404454931,13.1086179288555,13.1134856242817,13.1638306463525,13.2443247546312,13.2827316453525,13.3186912980599,13.3729627600566,13.4473679545641,13.4641406495027,13.4840542921229,13.5011326411565,13.5641155636697,13.5849196891386,13.635363195926,13.6883513828067,13.7306430466482,13.7737408915025,13.8192543155857,13.8305793865716,13.9065292651885,13.9523375539029,14.0165426105139,14.0517612350856,14.0984656144022,14.125474183861,14.1883899871538,14.2006167403393,14.2089820632795,14.3004059674624,14.3694083334285,14.3979459535879,14.4611578687852,14.5139135083697,14.5869948176832,14.6093578055443,14.6779252558473,14.6962179573214,14.7900311734787,14.7999078040223,14.8632112354614,14.9691598312289,15.0207306389788,15.11682719722,15.1847088649222,15.1945429148972,15.3269787448832,15.3593355922191,15.3806420990224,15.4947914283078,15.5356882309803,15.5757966117381,15.6845260632252,15.6958237417709,15.8299535449705,15.9344044558569,15.9425771418282,16.0950770679084,16.1689666224798,16.2074147705776,16.3389964278918,16.4535850192368,16.5364144154615,16.5921416955571,16.7071870322675,16.7884008125026,16.8298034930498,17.0042975058823,17.1227787553877,17.2664626716929,17.4690064548994,17.8855699831034,17.966839058288,18.0675343149646,18.1999472216428,18.3037266415625,18.4292572246569,18.5879562474814,18.9224162025099,18.9431966313824,19.12424968111,19.3799871166209,19.5674378625183,19.7157135308415,20.0493045412816,20.2055840697507,20.6158118273845,20.983205693145,21.4038387321818,23.2413584414674,NA,NA,NA,NA,NA,NA,NA,NA,NA,NA,NA,NA,NA,NA,NA,NA,NA,NA,NA,NA,NA,NA,NA,NA,NA,NA,NA,NA,NA,NA,NA,NA,NA,NA,NA,NA,NA,NA,NA,NA,NA,NA,NA,NA,NA,NA,NA,NA,NA,NA,NA
0.569493670388439,0.667182156968407,0.883013653856836,1.02914716705958,1.11682555457926,1.39497193226167,1.4559635560023,1.51468930736148,1.60412951446714,1.72731757084295,1.80857079317199,1.85023774330308,1.8617343646829,1.98337583396713,2.24762766344393,2.27558196776848,2.34030576542134,2.39094039950246,2.48613383809563,2.58059362576514,2.6794295896009,2.72181515098877,2.82528388124165,2.87492902863658,2.91226363838885,2.984147718217,3.0910486199082,3.14729938364498,3.19108016023969,3.2182739093391,3.28990245829261,3.35136030175637,3.40430351207992,3.46695785502079,3.5157369209933,3.54496341318639,3.6281355191478,3.66577909761341,3.78677066365289,3.84089154277305,3.87651308357182,3.92019006123368,3.98430373852826,4.03703515647353,4.11234663414185,4.20068040778163,4.24729203525601,4.26040057885164,4.29157940645792,4.31431108929679,4.37142598264541,4.39543103964259,4.40600764096165,4.50204465196642,4.57855060156794,4.60805779548001,4.64340011197985,4.66883367871577,4.72952916714496,4.80272947306402,4.80730933084149,4.87291737742247,4.90582681735884,4.93856085402583,4.97846644415452,5.01409496009262,5.03413032211548,5.09055342790336,5.13814472068255,5.15387036923962,5.18048258698765,5.19413817482983,5.21452321718057,5.29750666573775,5.32841718832815,5.35783542473641,5.38731484188017,5.39732657938744,5.44442189257657,5.47395684987186,5.52359940933351,5.55836719930971,5.58482903854613,5.62476024987718,5.67431559637881,5.68912187074344,5.7201867753272,5.72862921410061,5.77473705469411,5.8074144749252,5.83386791550584,5.88602285098569,5.88917811195725,5.90978626647298,5.93618360213442,5.9508241322759,5.99906489155901,6.02794880869141,6.05822254829059,6.08030068052325,6.1119605878621,6.12829756544167,6.1563217765103,6.21984012141201,6.23962219140622,6.27880817253303,6.32070254167545,6.32925503840875,6.34734652959531,6.36116829672605,6.39601695268445,6.40263595469367,6.43772170401314,6.45582745919623,6.4958818570403,6.53029478152943,6.5774548935434,6.59749514228088,6.60604987586726,6.69883955692763,6.72669367906999,6.75231324849459,6.78951180160604,6.79297162892661,6.80631215074039,6.86014205305079,6.86641000132299,6.87303179900285,6.89323571136321,6.91718529418277,6.94275802282817,6.98191636241591,7.01112350997026,7.01627101065432,7.02587412046876,7.0577889907928,7.08120969552223,7.10933920182421,7.12760148008343,7.19571909006782,7.20578654383099,7.23483569438667,7.25113947173524,7.27905018487498,7.28796780860081,7.30963870220221,7.32794626499941,7.33830846387459,7.35710448309596,7.39605818927643,7.41960109064948,7.446995448369,7.46225671565316,7.47607203220967,7.50968749356097,7.5325779693412,7.55678776772168,7.57857087053534,7.61748875039046,7.62718771868273,7.63661328457251,7.65796772952274,7.70420379008793,7.71789801988279,7.73342941802948,7.76939152690337,7.81682151202272,7.82907210550964,7.85645523107349,7.86853820628843,7.89958692439526,7.90620035092982,7.96068963279967,7.97315260211326,7.99461333602606,8.01788373997599,8.04230363776424,8.08035676445152,8.13222790094197,8.14494237083452,8.16664187529946,8.1779421945032,8.218462286008,8.26237607135794,8.27347879355911,8.31072240537161,8.31983769687874,8.33260731035999,8.36994925956397,8.37193368485439,8.42946116712053,8.45322169572237,8.4802453867656,8.49959843499983,8.52044668954404,8.54274586666478,8.59090754389404,8.5972255856899,8.63638049620572,8.64635397645326,8.66951752651869,8.68316821803711,8.70398847910351,8.72605422531895,8.74938617117696,8.77038421972205,8.79910064827319,8.84298815204313,8.86340323954162,8.87650942441601,8.88801587209565,8.96094946638762,9.00964128046718,9.03472913820635,9.04844638464882,9.08682305210415,9.1038211176694,9.14544074864807,9.15415464148889,9.20720570061684,9.22846496381355,9.2374235680235,9.27513860214309,9.29762181320852,9.32481516249641,9.36746693445543,9.39579341817925,9.43230190880655,9.4483112382593,9.49906919099426,9.55193179945696,9.57048596373475,9.59497890464486,9.61922512295459,9.6628944845894,9.70395039641243,9.72970342777243,9.75988943006664,9.77728684522162,9.84449078671852,9.86562311448759,9.91823319228178,9.92836398788626,9.95215667773922,9.98484794374205,9.98880523651835,10.0376084381347,10.0782166619371,10.1024344474174,10.1170342406593,10.1517957492368,10.2104936873567,10.231449697891,10.2697531985964,10.2785647530424,10.3100817594617,10.3422481122762,10.3684392279565,10.3980721688881,10.4492287031768,10.4699166875158,10.4985179634668,10.5122552546638,10.5799272366467,10.6240418785202,10.6532210494095,10.6772500364392,10.7293512458815,10.8181545360686,10.8284635282985,10.8612970623119,10.8809233355423,10.9062349716555,11.0014478745019,11.0304186965645,11.0391316318582,11.07096558054,11.0989344423662,11.1405534636839,11.1612615198527,11.1887119780653,11.2725584912849,11.3127427204859,11.3368358677931,11.3602504151041,11.4331765349838,11.4732449732277,11.5075998119333,11.5428635536838,11.5611622547648,11.5828628911069,11.6642524999213,11.6852734372716,11.7205026262085,11.7732172610208,11.7918533814511,11.8154828735855,11.872775733946,11.9086105094158,11.9816049085018,11.990675953303,12.026104503537,12.1006601977358,12.1151573912737,12.1899884658059,12.2345319508301,12.2641712950851,12.2852796355025,12.3132682065947,12.3758546472027,12.4006316997066,12.4033059555657,12.4604881321132,12.4833517485283,12.5790232038657,12.5943762335389,12.6469851348447,12.6668329414039,12.7061504038299,12.7616498685036,12.8262538291742,12.8744123927481,12.879852905038,12.9082515168896,12.9180138266853,13.0050151620238,13.0330612242777,13.064404454931,13.1086179288555,13.1134856242817,13.1638306463525,13.2443247546312,13.2827316453525,13.3186912980599,13.3729627600566,13.4473679545641,13.4641406495027,13.4840542921229,13.5011326411565,13.5641155636697,13.5849196891386,13.635363195926,13.6883513828067,13.7306430466482,13.7737408915025,13.8192543155857,13.8305793865716,13.9065292651885,13.9523375539029,14.0165426105139,14.0517612350856,14.0984656144022,14.125474183861,14.1883899871538,14.2006167403393,14.2089820632795,14.3004059674624,14.3694083334285,14.3979459535879,14.4611578687852,14.5139135083697,14.5869948176832,14.6093578055443,14.6779252558473,14.6962179573214,14.7900311734787,14.7999078040223,14.8632112354614,14.9691598312289,15.0207306389788,15.11682719722,15.1847088649222,15.1945429148972,15.3269787448832,15.3593355922191,15.3806420990224,15.4947914283078,15.5356882309803,15.5757966117381,15.6845260632252,15.6958237417709,15.8299535449705,15.9344044558569,15.9425771418282,16.0950770679084,16.1689666224798,16.2074147705776,16.3389964278918,16.4535850192368,16.5364144154615,16.5921416955571,16.7071870322675,16.7884008125026,16.8298034930498,17.0042975058823,17.1227787553877,17.2664626716929,17.4690064548994,17.8855699831034,17.966839058288,18.0675343149646,18.1999472216428,18.3037266415625,18.4292572246569,18.5879562474814,18.9224162025099,18.9431966313824,19.12424968111,19.3799871166209,19.5674378625183,19.7157135308415,20.0493045412816,20.2055840697507,20.6158118273845,20.983205693145,21.4038387321818,23.2413584414674,NA,NA,NA,NA,NA,NA,NA,NA,NA,NA,NA,NA,NA,NA,NA,NA,NA,NA,NA,NA,NA,NA,NA,NA,NA,NA,NA,NA,NA,NA,NA,NA,NA,NA,NA,NA,NA,NA,NA,NA,NA,NA,NA,NA,NA,NA,NA,NA,NA,NA,NA
0.569493670388439,0.667182156968407,0.883013653856836,1.02914716705958,1.11682555457926,1.39497193226167,1.4559635560023,1.51468930736148,1.60412951446714,1.72731757084295,1.80857079317199,1.85023774330308,1.8617343646829,1.98337583396713,2.24762766344393,2.27558196776848,2.34030576542134,2.39094039950246,2.48613383809563,2.58059362576514,2.6794295896009,2.72181515098877,2.82528388124165,2.87492902863658,2.91226363838885,2.984147718217,3.0910486199082,3.14729938364498,3.19108016023969,3.2182739093391,3.28990245829261,3.35136030175637,3.40430351207992,3.46695785502079,3.5157369209933,3.54496341318639,3.6281355191478,3.66577909761341,3.78677066365289,3.84089154277305,3.87651308357182,3.92019006123368,3.98430373852826,4.03703515647353,4.11234663414185,4.20068040778163,4.24729203525601,4.26040057885164,4.29157940645792,4.31431108929679,4.37142598264541,4.39543103964259,4.40600764096165,4.50204465196642,4.57855060156794,4.60805779548001,4.64340011197985,4.66883367871577,4.72952916714496,4.80272947306402,4.80730933084149,4.87291737742247,4.90582681735884,4.93856085402583,4.97846644415452,5.01409496009262,5.03413032211548,5.09055342790336,5.13814472068255,5.15387036923962,5.18048258698765,5.19413817482983,5.21452321718057,5.29750666573775,5.32841718832815,5.35783542473641,5.38731484188017,5.39732657938744,5.44442189257657,5.47395684987186,5.52359940933351,5.55836719930971,5.58482903854613,5.62476024987718,5.67431559637881,5.68912187074344,5.7201867753272,5.72862921410061,5.77473705469411,5.8074144749252,5.83386791550584,5.88602285098569,5.88917811195725,5.90978626647298,5.93618360213442,5.9508241322759,5.99906489155901,6.02794880869141,6.05822254829059,6.08030068052325,6.1119605878621,6.12829756544167,6.1563217765103,6.21984012141201,6.23962219140622,6.27880817253303,6.32070254167545,6.32925503840875,6.34734652959531,6.36116829672605,6.39601695268445,6.40263595469367,6.43772170401314,6.45582745919623,6.4958818570403,6.53029478152943,6.5774548935434,6.59749514228088,6.60604987586726,6.69883955692763,6.72669367906999,6.75231324849459,6.78951180160604,6.79297162892661,6.80631215074039,6.86014205305079,6.86641000132299,6.87303179900285,6.89323571136321,6.91718529418277,6.94275802282817,6.98191636241591,7.01112350997026,7.01627101065432,7.02587412046876,7.0577889907928,7.08120969552223,7.10933920182421,7.12760148008343,7.19571909006782,7.20578654383099,7.23483569438667,7.25113947173524,7.27905018487498,7.28796780860081,7.30963870220221,7.32794626499941,7.33830846387459,7.35710448309596,7.39605818927643,7.41960109064948,7.446995448369,7.46225671565316,7.47607203220967,7.50968749356097,7.5325779693412,7.55678776772168,7.57857087053534,7.61748875039046,7.62718771868273,7.63661328457251,7.65796772952274,7.70420379008793,7.71789801988279,7.73342941802948,7.76939152690337,7.81682151202272,7.82907210550964,7.85645523107349,7.86853820628843,7.89958692439526,7.90620035092982,7.96068963279967,7.97315260211326,7.99461333602606,8.01788373997599,8.04230363776424,8.08035676445152,8.13222790094197,8.14494237083452,8.16664187529946,8.1779421945032,8.218462286008,8.26237607135794,8.27347879355911,8.31072240537161,8.31983769687874,8.33260731035999,8.36994925956397,8.37193368485439,8.42946116712053,8.45322169572237,8.4802453867656,8.49959843499983,8.52044668954404,8.54274586666478,8.59090754389404,8.5972255856899,8.63638049620572,8.64635397645326,8.66951752651869,8.68316821803711,8.70398847910351,8.72605422531895,8.74938617117696,8.77038421972205,8.79910064827319,8.84298815204313,8.86340323954162,8.87650942441601,8.88801587209565,8.96094946638762,9.00964128046718,9.03472913820635,9.04844638464882,9.08682305210415,9.1038211176694,9.14544074864807,9.15415464148889,9.20720570061684,9.22846496381355,9.2374235680235,9.27513860214309,9.29762181320852,9.32481516249641,9.36746693445543,9.39579341817925,9.43230190880655,9.4483112382593,9.49906919099426,9.55193179945696,9.57048596373475,9.59497890464486,9.61922512295459,9.6628944845894,9.70395039641243,9.72970342777243,9.75988943006664,9.77728684522162,9.84449078671852,9.86562311448759,9.91823319228178,9.92836398788626,9.95215667773922,9.98484794374205,9.98880523651835,10.0376084381347,10.0782166619371,10.1024344474174,10.1170342406593,10.1517957492368,10.2104936873567,10.231449697891,10.2697531985964,10.2785647530424,10.3100817594617,10.3422481122762,10.3684392279565,10.3980721688881,10.4492287031768,10.4699166875158,10.4985179634668,10.5122552546638,10.5799272366467,10.6240418785202,10.6532210494095,10.6772500364392,10.7293512458815,10.8181545360686,10.8284635282985,10.8612970623119,10.8809233355423,10.9062349716555,11.0014478745019,11.0304186965645,11.0391316318582,11.07096558054,11.0989344423662,11.1405534636839,11.1612615198527,11.1887119780653,11.2725584912849,11.3127427204859,11.3368358677931,11.3602504151041,11.4331765349838,11.4732449732277,11.5075998119333,11.5428635536838,11.5611622547648,11.5828628911069,11.6642524999213,11.6852734372716,11.7205026262085,11.7732172610208,11.7918533814511,11.8154828735855,11.872775733946,11.9086105094158,11.9816049085018,11.990675953303,12.026104503537,12.1006601977358,12.1151573912737,12.1899884658059,12.2345319508301,12.2641712950851,12.2852796355025,12.3132682065947,12.3758546472027,12.4006316997066,12.4033059555657,12.4604881321132,12.4833517485283,12.5790232038657,12.5943762335389,12.6469851348447,12.6668329414039,12.7061504038299,12.7616498685036,12.8262538291742,12.8744123927481,12.879852905038,12.9082515168896,12.9180138266853,13.0050151620238,13.0330612242777,13.064404454931,13.1086179288555,13.1134856242817,13.1638306463525,13.2443247546312,13.2827316453525,13.3186912980599,13.3729627600566,13.4473679545641,13.4641406495027,13.4840542921229,13.5011326411565,13.5641155636697,13.5849196891386,13.635363195926,13.6883513828067,13.7306430466482,13.7737408915025,13.8192543155857,13.8305793865716,13.9065292651885,13.9523375539029,14.0165426105139,14.0517612350856,14.0984656144022,14.125474183861,14.1883899871538,14.2006167403393,14.2089820632795,14.3004059674624,14.3694083334285,14.3979459535879,14.4611578687852,14.5139135083697,14.5869948176832,14.6093578055443,14.6779252558473,14.6962179573214,14.7900311734787,14.7999078040223,14.8632112354614,14.9691598312289,15.0207306389788,15.11682719722,15.1847088649222,15.1945429148972,15.3269787448832,15.3593355922191,15.3806420990224,15.4947914283078,15.5356882309803,15.5757966117381,15.6845260632252,15.6958237417709,15.8299535449705,15.9344044558569,15.9425771418282,16.0950770679084,16.1689666224798,16.2074147705776,16.3389964278918,16.4535850192368,16.5364144154615,16.5921416955571,16.7071870322675,16.7884008125026,16.8298034930498,17.0042975058823,17.1227787553877,17.2664626716929,17.4690064548994,17.8855699831034,17.966839058288,18.0675343149646,18.1999472216428,18.3037266415625,18.4292572246569,18.5879562474814,18.9224162025099,18.9431966313824,19.12424968111,19.3799871166209,19.5674378625183,19.7157135308415,20.0493045412816,20.2055840697507,20.6158118273845,20.983205693145,21.4038387321818,23.2413584414674,NA,NA,NA,NA,NA,NA,NA,NA,NA,NA,NA,NA,NA,NA,NA,NA,NA,NA,NA,NA,NA,NA,NA,NA,NA,NA,NA,NA,NA,NA,NA,NA,NA,NA,NA,NA,NA,NA,NA,NA,NA,NA,NA,NA,NA,NA,NA,NA,NA,NA,NA
0.569493670388439,0.667182156968407,0.883013653856836,1.02914716705958,1.11682555457926,1.39497193226167,1.4559635560023,1.51468930736148,1.60412951446714,1.72731757084295,1.80857079317199,1.85023774330308,1.8617343646829,1.98337583396713,2.24762766344393,2.27558196776848,2.34030576542134,2.39094039950246,2.48613383809563,2.58059362576514,2.6794295896009,2.72181515098877,2.82528388124165,2.87492902863658,2.91226363838885,2.984147718217,3.0910486199082,3.14729938364498,3.19108016023969,3.2182739093391,3.28990245829261,3.35136030175637,3.40430351207992,3.46695785502079,3.5157369209933,3.54496341318639,3.6281355191478,3.66577909761341,3.78677066365289,3.84089154277305,3.87651308357182,3.92019006123368,3.98430373852826,4.03703515647353,4.11234663414185,4.20068040778163,4.24729203525601,4.26040057885164,4.29157940645792,4.31431108929679,4.37142598264541,4.39543103964259,4.40600764096165,4.50204465196642,4.57855060156794,4.60805779548001,4.64340011197985,4.66883367871577,4.72952916714496,4.80272947306402,4.80730933084149,4.87291737742247,4.90582681735884,4.93856085402583,4.97846644415452,5.01409496009262,5.03413032211548,5.09055342790336,5.13814472068255,5.15387036923962,5.18048258698765,5.19413817482983,5.21452321718057,5.29750666573775,5.32841718832815,5.35783542473641,5.38731484188017,5.39732657938744,5.44442189257657,5.47395684987186,5.52359940933351,5.55836719930971,5.58482903854613,5.62476024987718,5.67431559637881,5.68912187074344,5.7201867753272,5.72862921410061,5.77473705469411,5.8074144749252,5.83386791550584,5.88602285098569,5.88917811195725,5.90978626647298,5.93618360213442,5.9508241322759,5.99906489155901,6.02794880869141,6.05822254829059,6.08030068052325,6.1119605878621,6.12829756544167,6.1563217765103,6.21984012141201,6.23962219140622,6.27880817253303,6.32070254167545,6.32925503840875,6.34734652959531,6.36116829672605,6.39601695268445,6.40263595469367,6.43772170401314,6.45582745919623,6.4958818570403,6.53029478152943,6.5774548935434,6.59749514228088,6.60604987586726,6.69883955692763,6.72669367906999,6.75231324849459,6.78951180160604,6.79297162892661,6.80631215074039,6.86014205305079,6.86641000132299,6.87303179900285,6.89323571136321,6.91718529418277,6.94275802282817,6.98191636241591,7.01112350997026,7.01627101065432,7.02587412046876,7.0577889907928,7.08120969552223,7.10933920182421,7.12760148008343,7.19571909006782,7.20578654383099,7.23483569438667,7.25113947173524,7.27905018487498,7.28796780860081,7.30963870220221,7.32794626499941,7.33830846387459,7.35710448309596,7.39605818927643,7.41960109064948,7.446995448369,7.46225671565316,7.47607203220967,7.50968749356097,7.5325779693412,7.55678776772168,7.57857087053534,7.61748875039046,7.62718771868273,7.63661328457251,7.65796772952274,7.70420379008793,7.71789801988279,7.73342941802948,7.76939152690337,7.81682151202272,7.82907210550964,7.85645523107349,7.86853820628843,7.89958692439526,7.90620035092982,7.96068963279967,7.97315260211326,7.99461333602606,8.01788373997599,8.04230363776424,8.08035676445152,8.13222790094197,8.14494237083452,8.16664187529946,8.1779421945032,8.218462286008,8.26237607135794,8.27347879355911,8.31072240537161,8.31983769687874,8.33260731035999,8.36994925956397,8.37193368485439,8.42946116712053,8.45322169572237,8.4802453867656,8.49959843499983,8.52044668954404,8.54274586666478,8.59090754389404,8.5972255856899,8.63638049620572,8.64635397645326,8.66951752651869,8.68316821803711,8.70398847910351,8.72605422531895,8.74938617117696,8.77038421972205,8.79910064827319,8.84298815204313,8.86340323954162,8.87650942441601,8.88801587209565,8.96094946638762,9.00964128046718,9.03472913820635,9.04844638464882,9.08682305210415,9.1038211176694,9.14544074864807,9.15415464148889,9.20720570061684,9.22846496381355,9.2374235680235,9.27513860214309,9.29762181320852,9.32481516249641,9.36746693445543,9.39579341817925,9.43230190880655,9.4483112382593,9.49906919099426,9.55193179945696,9.57048596373475,9.59497890464486,9.61922512295459,9.6628944845894,9.70395039641243,9.72970342777243,9.75988943006664,9.77728684522162,9.84449078671852,9.86562311448759,9.91823319228178,9.92836398788626,9.95215667773922,9.98484794374205,9.98880523651835,10.0376084381347,10.0782166619371,10.1024344474174,10.1170342406593,10.1517957492368,10.2104936873567,10.231449697891,10.2697531985964,10.2785647530424,10.3100817594617,10.3422481122762,10.3684392279565,10.3980721688881,10.4492287031768,10.4699166875158,10.4985179634668,10.5122552546638,10.5799272366467,10.6240418785202,10.6532210494095,10.6772500364392,10.7293512458815,10.8181545360686,10.8284635282985,10.8612970623119,10.8809233355423,10.9062349716555,11.0014478745019,11.0304186965645,11.0391316318582,11.07096558054,11.0989344423662,11.1405534636839,11.1612615198527,11.1887119780653,11.2725584912849,11.3127427204859,11.3368358677931,11.3602504151041,11.4331765349838,11.4732449732277,11.5075998119333,11.5428635536838,11.5611622547648,11.5828628911069,11.6642524999213,11.6852734372716,11.7205026262085,11.7732172610208,11.7918533814511,11.8154828735855,11.872775733946,11.9086105094158,11.9816049085018,11.990675953303,12.026104503537,12.1006601977358,12.1151573912737,12.1899884658059,12.2345319508301,12.2641712950851,12.2852796355025,12.3132682065947,12.3758546472027,12.4006316997066,12.4033059555657,12.4604881321132,12.4833517485283,12.5790232038657,12.5943762335389,12.6469851348447,12.6668329414039,12.7061504038299,12.7616498685036,12.8262538291742,12.8744123927481,12.879852905038,12.9082515168896,12.9180138266853,13.0050151620238,13.0330612242777,13.064404454931,13.1086179288555,13.1134856242817,13.1638306463525,13.2443247546312,13.2827316453525,13.3186912980599,13.3729627600566,13.4473679545641,13.4641406495027,13.4840542921229,13.5011326411565,13.5641155636697,13.5849196891386,13.635363195926,13.6883513828067,13.7306430466482,13.7737408915025,13.8192543155857,13.8305793865716,13.9065292651885,13.9523375539029,14.0165426105139,14.0517612350856,14.0984656144022,14.125474183861,14.1883899871538,14.2006167403393,14.2089820632795,14.3004059674624,14.3694083334285,14.3979459535879,14.4611578687852,14.5139135083697,14.5869948176832,14.6093578055443,14.6779252558473,14.6962179573214,14.7900311734787,14.7999078040223,14.8632112354614,14.9691598312289,15.0207306389788,15.11682719722,15.1847088649222,15.1945429148972,15.3269787448832,15.3593355922191,15.3806420990224,15.4947914283078,15.5356882309803,15.5757966117381,15.6845260632252,15.6958237417709,15.8299535449705,15.9344044558569,15.9425771418282,16.0950770679084,16.1689666224798,16.2074147705776,16.3389964278918,16.4535850192368,16.5364144154615,16.5921416955571,16.7071870322675,16.7884008125026,16.8298034930498,17.0042975058823,17.1227787553877,17.2664626716929,17.4690064548994,17.8855699831034,17.966839058288,18.0675343149646,18.1999472216428,18.3037266415625,18.4292572246569,18.5879562474814,18.9224162025099,18.9431966313824,19.12424968111,19.3799871166209,19.5674378625183,19.7157135308415,20.0493045412816,20.2055840697507,20.6158118273845,20.983205693145,21.4038387321818,23.2413584414674,NA,NA,NA,NA,NA,NA,NA,NA,NA,NA,NA,NA,NA,NA,NA,NA,NA,NA,NA,NA,NA,NA,NA,NA,NA,NA,NA,NA,NA,NA,NA,NA,NA,NA,NA,NA,NA,NA,NA,NA,NA,NA,NA,NA,NA,NA,NA,NA,NA,NA,NA
0.569493670388439,0.667182156968407,0.883013653856836,1.02914716705958,1.11682555457926,1.39497193226167,1.4559635560023,1.51468930736148,1.60412951446714,1.72731757084295,1.80857079317199,1.85023774330308,1.8617343646829,1.98337583396713,2.24762766344393,2.27558196776848,2.34030576542134,2.39094039950246,2.48613383809563,2.58059362576514,2.6794295896009,2.72181515098877,2.82528388124165,2.87492902863658,2.91226363838885,2.984147718217,3.0910486199082,3.14729938364498,3.19108016023969,3.2182739093391,3.28990245829261,3.35136030175637,3.40430351207992,3.46695785502079,3.5157369209933,3.54496341318639,3.6281355191478,3.66577909761341,3.78677066365289,3.84089154277305,3.87651308357182,3.92019006123368,3.98430373852826,4.03703515647353,4.11234663414185,4.20068040778163,4.24729203525601,4.26040057885164,4.29157940645792,4.31431108929679,4.37142598264541,4.39543103964259,4.40600764096165,4.50204465196642,4.57855060156794,4.60805779548001,4.64340011197985,4.66883367871577,4.72952916714496,4.80272947306402,4.80730933084149,4.87291737742247,4.90582681735884,4.93856085402583,4.97846644415452,5.01409496009262,5.03413032211548,5.09055342790336,5.13814472068255,5.15387036923962,5.18048258698765,5.19413817482983,5.21452321718057,5.29750666573775,5.32841718832815,5.35783542473641,5.38731484188017,5.39732657938744,5.44442189257657,5.47395684987186,5.52359940933351,5.55836719930971,5.58482903854613,5.62476024987718,5.67431559637881,5.68912187074344,5.7201867753272,5.72862921410061,5.77473705469411,5.8074144749252,5.83386791550584,5.88602285098569,5.88917811195725,5.90978626647298,5.93618360213442,5.9508241322759,5.99906489155901,6.02794880869141,6.05822254829059,6.08030068052325,6.1119605878621,6.12829756544167,6.1563217765103,6.21984012141201,6.23962219140622,6.27880817253303,6.32070254167545,6.32925503840875,6.34734652959531,6.36116829672605,6.39601695268445,6.40263595469367,6.43772170401314,6.45582745919623,6.4958818570403,6.53029478152943,6.5774548935434,6.59749514228088,6.60604987586726,6.69883955692763,6.72669367906999,6.75231324849459,6.78951180160604,6.79297162892661,6.80631215074039,6.86014205305079,6.86641000132299,6.87303179900285,6.89323571136321,6.91718529418277,6.94275802282817,6.98191636241591,7.01112350997026,7.01627101065432,7.02587412046876,7.0577889907928,7.08120969552223,7.10933920182421,7.12760148008343,7.19571909006782,7.20578654383099,7.23483569438667,7.25113947173524,7.27905018487498,7.28796780860081,7.30963870220221,7.32794626499941,7.33830846387459,7.35710448309596,7.39605818927643,7.41960109064948,7.446995448369,7.46225671565316,7.47607203220967,7.50968749356097,7.5325779693412,7.55678776772168,7.57857087053534,7.61748875039046,7.62718771868273,7.63661328457251,7.65796772952274,7.70420379008793,7.71789801988279,7.73342941802948,7.76939152690337,7.81682151202272,7.82907210550964,7.85645523107349,7.86853820628843,7.89958692439526,7.90620035092982,7.96068963279967,7.97315260211326,7.99461333602606,8.01788373997599,8.04230363776424,8.08035676445152,8.13222790094197,8.14494237083452,8.16664187529946,8.1779421945032,8.218462286008,8.26237607135794,8.27347879355911,8.31072240537161,8.31983769687874,8.33260731035999,8.36994925956397,8.37193368485439,8.42946116712053,8.45322169572237,8.4802453867656,8.49959843499983,8.52044668954404,8.54274586666478,8.59090754389404,8.5972255856899,8.63638049620572,8.64635397645326,8.66951752651869,8.68316821803711,8.70398847910351,8.72605422531895,8.74938617117696,8.77038421972205,8.79910064827319,8.84298815204313,8.86340323954162,8.87650942441601,8.88801587209565,8.96094946638762,9.00964128046718,9.03472913820635,9.04844638464882,9.08682305210415,9.1038211176694,9.14544074864807,9.15415464148889,9.20720570061684,9.22846496381355,9.2374235680235,9.27513860214309,9.29762181320852,9.32481516249641,9.36746693445543,9.39579341817925,9.43230190880655,9.4483112382593,9.49906919099426,9.55193179945696,9.57048596373475,9.59497890464486,9.61922512295459,9.6628944845894,9.70395039641243,9.72970342777243,9.75988943006664,9.77728684522162,9.84449078671852,9.86562311448759,9.91823319228178,9.92836398788626,9.95215667773922,9.98484794374205,9.98880523651835,10.0376084381347,10.0782166619371,10.1024344474174,10.1170342406593,10.1517957492368,10.2104936873567,10.231449697891,10.2697531985964,10.2785647530424,10.3100817594617,10.3422481122762,10.3684392279565,10.3980721688881,10.4492287031768,10.4699166875158,10.4985179634668,10.5122552546638,10.5799272366467,10.6240418785202,10.6532210494095,10.6772500364392,10.7293512458815,10.8181545360686,10.8284635282985,10.8612970623119,10.8809233355423,10.9062349716555,11.0014478745019,11.0304186965645,11.0391316318582,11.07096558054,11.0989344423662,11.1405534636839,11.1612615198527,11.1887119780653,11.2725584912849,11.3127427204859,11.3368358677931,11.3602504151041,11.4331765349838,11.4732449732277,11.5075998119333,11.5428635536838,11.5611622547648,11.5828628911069,11.6642524999213,11.6852734372716,11.7205026262085,11.7732172610208,11.7918533814511,11.8154828735855,11.872775733946,11.9086105094158,11.9816049085018,11.990675953303,12.026104503537,12.1006601977358,12.1151573912737,12.1899884658059,12.2345319508301,12.2641712950851,12.2852796355025,12.3132682065947,12.3758546472027,12.4006316997066,12.4033059555657,12.4604881321132,12.4833517485283,12.5790232038657,12.5943762335389,12.6469851348447,12.6668329414039,12.7061504038299,12.7616498685036,12.8262538291742,12.8744123927481,12.879852905038,12.9082515168896,12.9180138266853,13.0050151620238,13.0330612242777,13.064404454931,13.1086179288555,13.1134856242817,13.1638306463525,13.2443247546312,13.2827316453525,13.3186912980599,13.3729627600566,13.4473679545641,13.4641406495027,13.4840542921229,13.5011326411565,13.5641155636697,13.5849196891386,13.635363195926,13.6883513828067,13.7306430466482,13.7737408915025,13.8192543155857,13.8305793865716,13.9065292651885,13.9523375539029,14.0165426105139,14.0517612350856,14.0984656144022,14.125474183861,14.1883899871538,14.2006167403393,14.2089820632795,14.3004059674624,14.3694083334285,14.3979459535879,14.4611578687852,14.5139135083697,14.5869948176832,14.6093578055443,14.6779252558473,14.6962179573214,14.7900311734787,14.7999078040223,14.8632112354614,14.9691598312289,15.0207306389788,15.11682719722,15.1847088649222,15.1945429148972,15.3269787448832,15.3593355922191,15.3806420990224,15.4947914283078,15.5356882309803,15.5757966117381,15.6845260632252,15.6958237417709,15.8299535449705,15.9344044558569,15.9425771418282,16.0950770679084,16.1689666224798,16.2074147705776,16.3389964278918,16.4535850192368,16.5364144154615,16.5921416955571,16.7071870322675,16.7884008125026,16.8298034930498,17.0042975058823,17.1227787553877,17.2664626716929,17.4690064548994,17.8855699831034,17.966839058288,18.0675343149646,18.1999472216428,18.3037266415625,18.4292572246569,18.5879562474814,18.9224162025099,18.9431966313824,19.12424968111,19.3799871166209,19.5674378625183,19.7157135308415,20.0493045412816,20.2055840697507,20.6158118273845,20.983205693145,21.4038387321818,23.2413584414674,NA,NA,NA,NA,NA,NA,NA,NA,NA,NA,NA,NA,NA,NA,NA,NA,NA,NA,NA,NA,NA,NA,NA,NA,NA,NA,NA,NA,NA,NA,NA,NA,NA,NA,NA,NA,NA,NA,NA,NA,NA,NA,NA,NA,NA,NA,NA,NA,NA,NA,NA
0.569493670388439,0.667182156968407,0.883013653856836,1.02914716705958,1.11682555457926,1.39497193226167,1.4559635560023,1.51468930736148,1.60412951446714,1.72731757084295,1.80857079317199,1.85023774330308,1.8617343646829,1.98337583396713,2.24762766344393,2.27558196776848,2.34030576542134,2.39094039950246,2.48613383809563,2.58059362576514,2.6794295896009,2.72181515098877,2.82528388124165,2.87492902863658,2.91226363838885,2.984147718217,3.0910486199082,3.14729938364498,3.19108016023969,3.2182739093391,3.28990245829261,3.35136030175637,3.40430351207992,3.46695785502079,3.5157369209933,3.54496341318639,3.6281355191478,3.66577909761341,3.78677066365289,3.84089154277305,3.87651308357182,3.92019006123368,3.98430373852826,4.03703515647353,4.11234663414185,4.20068040778163,4.24729203525601,4.26040057885164,4.29157940645792,4.31431108929679,4.37142598264541,4.39543103964259,4.40600764096165,4.50204465196642,4.57855060156794,4.60805779548001,4.64340011197985,4.66883367871577,4.72952916714496,4.80272947306402,4.80730933084149,4.87291737742247,4.90582681735884,4.93856085402583,4.97846644415452,5.01409496009262,5.03413032211548,5.09055342790336,5.13814472068255,5.15387036923962,5.18048258698765,5.19413817482983,5.21452321718057,5.29750666573775,5.32841718832815,5.35783542473641,5.38731484188017,5.39732657938744,5.44442189257657,5.47395684987186,5.52359940933351,5.55836719930971,5.58482903854613,5.62476024987718,5.67431559637881,5.68912187074344,5.7201867753272,5.72862921410061,5.77473705469411,5.8074144749252,5.83386791550584,5.88602285098569,5.88917811195725,5.90978626647298,5.93618360213442,5.9508241322759,5.99906489155901,6.02794880869141,6.05822254829059,6.08030068052325,6.1119605878621,6.12829756544167,6.1563217765103,6.21984012141201,6.23962219140622,6.27880817253303,6.32070254167545,6.32925503840875,6.34734652959531,6.36116829672605,6.39601695268445,6.40263595469367,6.43772170401314,6.45582745919623,6.4958818570403,6.53029478152943,6.5774548935434,6.59749514228088,6.60604987586726,6.69883955692763,6.72669367906999,6.75231324849459,6.78951180160604,6.79297162892661,6.80631215074039,6.86014205305079,6.86641000132299,6.87303179900285,6.89323571136321,6.91718529418277,6.94275802282817,6.98191636241591,7.01112350997026,7.01627101065432,7.02587412046876,7.0577889907928,7.08120969552223,7.10933920182421,7.12760148008343,7.19571909006782,7.20578654383099,7.23483569438667,7.25113947173524,7.27905018487498,7.28796780860081,7.30963870220221,7.32794626499941,7.33830846387459,7.35710448309596,7.39605818927643,7.41960109064948,7.446995448369,7.46225671565316,7.47607203220967,7.50968749356097,7.5325779693412,7.55678776772168,7.57857087053534,7.61748875039046,7.62718771868273,7.63661328457251,7.65796772952274,7.70420379008793,7.71789801988279,7.73342941802948,7.76939152690337,7.81682151202272,7.82907210550964,7.85645523107349,7.86853820628843,7.89958692439526,7.90620035092982,7.96068963279967,7.97315260211326,7.99461333602606,8.01788373997599,8.04230363776424,8.08035676445152,8.13222790094197,8.14494237083452,8.16664187529946,8.1779421945032,8.218462286008,8.26237607135794,8.27347879355911,8.31072240537161,8.31983769687874,8.33260731035999,8.36994925956397,8.37193368485439,8.42946116712053,8.45322169572237,8.4802453867656,8.49959843499983,8.52044668954404,8.54274586666478,8.59090754389404,8.5972255856899,8.63638049620572,8.64635397645326,8.66951752651869,8.68316821803711,8.70398847910351,8.72605422531895,8.74938617117696,8.77038421972205,8.79910064827319,8.84298815204313,8.86340323954162,8.87650942441601,8.88801587209565,8.96094946638762,9.00964128046718,9.03472913820635,9.04844638464882,9.08682305210415,9.1038211176694,9.14544074864807,9.15415464148889,9.20720570061684,9.22846496381355,9.2374235680235,9.27513860214309,9.29762181320852,9.32481516249641,9.36746693445543,9.39579341817925,9.43230190880655,9.4483112382593,9.49906919099426,9.55193179945696,9.57048596373475,9.59497890464486,9.61922512295459,9.6628944845894,9.70395039641243,9.72970342777243,9.75988943006664,9.77728684522162,9.84449078671852,9.86562311448759,9.91823319228178,9.92836398788626,9.95215667773922,9.98484794374205,9.98880523651835,10.0376084381347,10.0782166619371,10.1024344474174,10.1170342406593,10.1517957492368,10.2104936873567,10.231449697891,10.2697531985964,10.2785647530424,10.3100817594617,10.3422481122762,10.3684392279565,10.3980721688881,10.4492287031768,10.4699166875158,10.4985179634668,10.5122552546638,10.5799272366467,10.6240418785202,10.6532210494095,10.6772500364392,10.7293512458815,10.8181545360686,10.8284635282985,10.8612970623119,10.8809233355423,10.9062349716555,11.0014478745019,11.0304186965645,11.0391316318582,11.07096558054,11.0989344423662,11.1405534636839,11.1612615198527,11.1887119780653,11.2725584912849,11.3127427204859,11.3368358677931,11.3602504151041,11.4331765349838,11.4732449732277,11.5075998119333,11.5428635536838,11.5611622547648,11.5828628911069,11.6642524999213,11.6852734372716,11.7205026262085,11.7732172610208,11.7918533814511,11.8154828735855,11.872775733946,11.9086105094158,11.9816049085018,11.990675953303,12.026104503537,12.1006601977358,12.1151573912737,12.1899884658059,12.2345319508301,12.2641712950851,12.2852796355025,12.3132682065947,12.3758546472027,12.4006316997066,12.4033059555657,12.4604881321132,12.4833517485283,12.5790232038657,12.5943762335389,12.6469851348447,12.6668329414039,12.7061504038299,12.7616498685036,12.8262538291742,12.8744123927481,12.879852905038,12.9082515168896,12.9180138266853,13.0050151620238,13.0330612242777,13.064404454931,13.1086179288555,13.1134856242817,13.1638306463525,13.2443247546312,13.2827316453525,13.3186912980599,13.3729627600566,13.4473679545641,13.4641406495027,13.4840542921229,13.5011326411565,13.5641155636697,13.5849196891386,13.635363195926,13.6883513828067,13.7306430466482,13.7737408915025,13.8192543155857,13.8305793865716,13.9065292651885,13.9523375539029,14.0165426105139,14.0517612350856,14.0984656144022,14.125474183861,14.1883899871538,14.2006167403393,14.2089820632795,14.3004059674624,14.3694083334285,14.3979459535879,14.4611578687852,14.5139135083697,14.5869948176832,14.6093578055443,14.6779252558473,14.6962179573214,14.7900311734787,14.7999078040223,14.8632112354614,14.9691598312289,15.0207306389788,15.11682719722,15.1847088649222,15.1945429148972,15.3269787448832,15.3593355922191,15.3806420990224,15.4947914283078,15.5356882309803,15.5757966117381,15.6845260632252,15.6958237417709,15.8299535449705,15.9344044558569,15.9425771418282,16.0950770679084,16.1689666224798,16.2074147705776,16.3389964278918,16.4535850192368,16.5364144154615,16.5921416955571,16.7071870322675,16.7884008125026,16.8298034930498,17.0042975058823,17.1227787553877,17.2664626716929,17.4690064548994,17.8855699831034,17.966839058288,18.0675343149646,18.1999472216428,18.3037266415625,18.4292572246569,18.5879562474814,18.9224162025099,18.9431966313824,19.12424968111,19.3799871166209,19.5674378625183,19.7157135308415,20.0493045412816,20.2055840697507,20.6158118273845,20.983205693145,21.4038387321818,23.2413584414674,NA,NA,NA,NA,NA,NA,NA,NA,NA,NA,NA,NA,NA,NA,NA,NA,NA,NA,NA,NA,NA,NA,NA,NA,NA,NA,NA,NA,NA,NA,NA,NA,NA,NA,NA,NA,NA,NA,NA,NA,NA,NA,NA,NA,NA,NA,NA,NA,NA,NA,NA
0.569493670388439,0.667182156968407,0.883013653856836,1.02914716705958,1.11682555457926,1.39497193226167,1.4559635560023,1.51468930736148,1.60412951446714,1.72731757084295,1.80857079317199,1.85023774330308,1.8617343646829,1.98337583396713,2.24762766344393,2.27558196776848,2.34030576542134,2.39094039950246,2.48613383809563,2.58059362576514,2.6794295896009,2.72181515098877,2.82528388124165,2.87492902863658,2.91226363838885,2.984147718217,3.0910486199082,3.14729938364498,3.19108016023969,3.2182739093391,3.28990245829261,3.35136030175637,3.40430351207992,3.46695785502079,3.5157369209933,3.54496341318639,3.6281355191478,3.66577909761341,3.78677066365289,3.84089154277305,3.87651308357182,3.92019006123368,3.98430373852826,4.03703515647353,4.11234663414185,4.20068040778163,4.24729203525601,4.26040057885164,4.29157940645792,4.31431108929679,4.37142598264541,4.39543103964259,4.40600764096165,4.50204465196642,4.57855060156794,4.60805779548001,4.64340011197985,4.66883367871577,4.72952916714496,4.80272947306402,4.80730933084149,4.87291737742247,4.90582681735884,4.93856085402583,4.97846644415452,5.01409496009262,5.03413032211548,5.09055342790336,5.13814472068255,5.15387036923962,5.18048258698765,5.19413817482983,5.21452321718057,5.29750666573775,5.32841718832815,5.35783542473641,5.38731484188017,5.39732657938744,5.44442189257657,5.47395684987186,5.52359940933351,5.55836719930971,5.58482903854613,5.62476024987718,5.67431559637881,5.68912187074344,5.7201867753272,5.72862921410061,5.77473705469411,5.8074144749252,5.83386791550584,5.88602285098569,5.88917811195725,5.90978626647298,5.93618360213442,5.9508241322759,5.99906489155901,6.02794880869141,6.05822254829059,6.08030068052325,6.1119605878621,6.12829756544167,6.1563217765103,6.21984012141201,6.23962219140622,6.27880817253303,6.32070254167545,6.32925503840875,6.34734652959531,6.36116829672605,6.39601695268445,6.40263595469367,6.43772170401314,6.45582745919623,6.4958818570403,6.53029478152943,6.5774548935434,6.59749514228088,6.60604987586726,6.69883955692763,6.72669367906999,6.75231324849459,6.78951180160604,6.79297162892661,6.80631215074039,6.86014205305079,6.86641000132299,6.87303179900285,6.89323571136321,6.91718529418277,6.94275802282817,6.98191636241591,7.01112350997026,7.01627101065432,7.02587412046876,7.0577889907928,7.08120969552223,7.10933920182421,7.12760148008343,7.19571909006782,7.20578654383099,7.23483569438667,7.25113947173524,7.27905018487498,7.28796780860081,7.30963870220221,7.32794626499941,7.33830846387459,7.35710448309596,7.39605818927643,7.41960109064948,7.446995448369,7.46225671565316,7.47607203220967,7.50968749356097,7.5325779693412,7.55678776772168,7.57857087053534,7.61748875039046,7.62718771868273,7.63661328457251,7.65796772952274,7.70420379008793,7.71789801988279,7.73342941802948,7.76939152690337,7.81682151202272,7.82907210550964,7.85645523107349,7.86853820628843,7.89958692439526,7.90620035092982,7.96068963279967,7.97315260211326,7.99461333602606,8.01788373997599,8.04230363776424,8.08035676445152,8.13222790094197,8.14494237083452,8.16664187529946,8.1779421945032,8.218462286008,8.26237607135794,8.27347879355911,8.31072240537161,8.31983769687874,8.33260731035999,8.36994925956397,8.37193368485439,8.42946116712053,8.45322169572237,8.4802453867656,8.49959843499983,8.52044668954404,8.54274586666478,8.59090754389404,8.5972255856899,8.63638049620572,8.64635397645326,8.66951752651869,8.68316821803711,8.70398847910351,8.72605422531895,8.74938617117696,8.77038421972205,8.79910064827319,8.84298815204313,8.86340323954162,8.87650942441601,8.88801587209565,8.96094946638762,9.00964128046718,9.03472913820635,9.04844638464882,9.08682305210415,9.1038211176694,9.14544074864807,9.15415464148889,9.20720570061684,9.22846496381355,9.2374235680235,9.27513860214309,9.29762181320852,9.32481516249641,9.36746693445543,9.39579341817925,9.43230190880655,9.4483112382593,9.49906919099426,9.55193179945696,9.57048596373475,9.59497890464486,9.61922512295459,9.6628944845894,9.70395039641243,9.72970342777243,9.75988943006664,9.77728684522162,9.84449078671852,9.86562311448759,9.91823319228178,9.92836398788626,9.95215667773922,9.98484794374205,9.98880523651835,10.0376084381347,10.0782166619371,10.1024344474174,10.1170342406593,10.1517957492368,10.2104936873567,10.231449697891,10.2697531985964,10.2785647530424,10.3100817594617,10.3422481122762,10.3684392279565,10.3980721688881,10.4492287031768,10.4699166875158,10.4985179634668,10.5122552546638,10.5799272366467,10.6240418785202,10.6532210494095,10.6772500364392,10.7293512458815,10.8181545360686,10.8284635282985,10.8612970623119,10.8809233355423,10.9062349716555,11.0014478745019,11.0304186965645,11.0391316318582,11.07096558054,11.0989344423662,11.1405534636839,11.1612615198527,11.1887119780653,11.2725584912849,11.3127427204859,11.3368358677931,11.3602504151041,11.4331765349838,11.4732449732277,11.5075998119333,11.5428635536838,11.5611622547648,11.5828628911069,11.6642524999213,11.6852734372716,11.7205026262085,11.7732172610208,11.7918533814511,11.8154828735855,11.872775733946,11.9086105094158,11.9816049085018,11.990675953303,12.026104503537,12.1006601977358,12.1151573912737,12.1899884658059,12.2345319508301,12.2641712950851,12.2852796355025,12.3132682065947,12.3758546472027,12.4006316997066,12.4033059555657,12.4604881321132,12.4833517485283,12.5790232038657,12.5943762335389,12.6469851348447,12.6668329414039,12.7061504038299,12.7616498685036,12.8262538291742,12.8744123927481,12.879852905038,12.9082515168896,12.9180138266853,13.0050151620238,13.0330612242777,13.064404454931,13.1086179288555,13.1134856242817,13.1638306463525,13.2443247546312,13.2827316453525,13.3186912980599,13.3729627600566,13.4473679545641,13.4641406495027,13.4840542921229,13.5011326411565,13.5641155636697,13.5849196891386,13.635363195926,13.6883513828067,13.7306430466482,13.7737408915025,13.8192543155857,13.8305793865716,13.9065292651885,13.9523375539029,14.0165426105139,14.0517612350856,14.0984656144022,14.125474183861,14.1883899871538,14.2006167403393,14.2089820632795,14.3004059674624,14.3694083334285,14.3979459535879,14.4611578687852,14.5139135083697,14.5869948176832,14.6093578055443,14.6779252558473,14.6962179573214,14.7900311734787,14.7999078040223,14.8632112354614,14.9691598312289,15.0207306389788,15.11682719722,15.1847088649222,15.1945429148972,15.3269787448832,15.3593355922191,15.3806420990224,15.4947914283078,15.5356882309803,15.5757966117381,15.6845260632252,15.6958237417709,15.8299535449705,15.9344044558569,15.9425771418282,16.0950770679084,16.1689666224798,16.2074147705776,16.3389964278918,16.4535850192368,16.5364144154615,16.5921416955571,16.7071870322675,16.7884008125026,16.8298034930498,17.0042975058823,17.1227787553877,17.2664626716929,17.4690064548994,17.8855699831034,17.966839058288,18.0675343149646,18.1999472216428,18.3037266415625,18.4292572246569,18.5879562474814,18.9224162025099,18.9431966313824,19.12424968111,19.3799871166209,19.5674378625183,19.7157135308415,20.0493045412816,20.2055840697507,20.6158118273845,20.983205693145,21.4038387321818,23.2413584414674,NA,NA,NA,NA,NA,NA,NA,NA,NA,NA,NA,NA,NA,NA,NA,NA,NA,NA,NA,NA,NA,NA,NA,NA,NA,NA,NA,NA,NA,NA,NA,NA,NA,NA,NA,NA,NA,NA,NA,NA,NA,NA,NA,NA,NA,NA,NA,NA,NA,NA,NA
0.569493670388439,0.667182156968407,0.883013653856836,1.02914716705958,1.11682555457926,1.39497193226167,1.4559635560023,1.51468930736148,1.60412951446714,1.72731757084295,1.80857079317199,1.85023774330308,1.8617343646829,1.98337583396713,2.24762766344393,2.27558196776848,2.34030576542134,2.39094039950246,2.48613383809563,2.58059362576514,2.6794295896009,2.72181515098877,2.82528388124165,2.87492902863658,2.91226363838885,2.984147718217,3.0910486199082,3.14729938364498,3.19108016023969,3.2182739093391,3.28990245829261,3.35136030175637,3.40430351207992,3.46695785502079,3.5157369209933,3.54496341318639,3.6281355191478,3.66577909761341,3.78677066365289,3.84089154277305,3.87651308357182,3.92019006123368,3.98430373852826,4.03703515647353,4.11234663414185,4.20068040778163,4.24729203525601,4.26040057885164,4.29157940645792,4.31431108929679,4.37142598264541,4.39543103964259,4.40600764096165,4.50204465196642,4.57855060156794,4.60805779548001,4.64340011197985,4.66883367871577,4.72952916714496,4.80272947306402,4.80730933084149,4.87291737742247,4.90582681735884,4.93856085402583,4.97846644415452,5.01409496009262,5.03413032211548,5.09055342790336,5.13814472068255,5.15387036923962,5.18048258698765,5.19413817482983,5.21452321718057,5.29750666573775,5.32841718832815,5.35783542473641,5.38731484188017,5.39732657938744,5.44442189257657,5.47395684987186,5.52359940933351,5.55836719930971,5.58482903854613,5.62476024987718,5.67431559637881,5.68912187074344,5.7201867753272,5.72862921410061,5.77473705469411,5.8074144749252,5.83386791550584,5.88602285098569,5.88917811195725,5.90978626647298,5.93618360213442,5.9508241322759,5.99906489155901,6.02794880869141,6.05822254829059,6.08030068052325,6.1119605878621,6.12829756544167,6.1563217765103,6.21984012141201,6.23962219140622,6.27880817253303,6.32070254167545,6.32925503840875,6.34734652959531,6.36116829672605,6.39601695268445,6.40263595469367,6.43772170401314,6.45582745919623,6.4958818570403,6.53029478152943,6.5774548935434,6.59749514228088,6.60604987586726,6.69883955692763,6.72669367906999,6.75231324849459,6.78951180160604,6.79297162892661,6.80631215074039,6.86014205305079,6.86641000132299,6.87303179900285,6.89323571136321,6.91718529418277,6.94275802282817,6.98191636241591,7.01112350997026,7.01627101065432,7.02587412046876,7.0577889907928,7.08120969552223,7.10933920182421,7.12760148008343,7.19571909006782,7.20578654383099,7.23483569438667,7.25113947173524,7.27905018487498,7.28796780860081,7.30963870220221,7.32794626499941,7.33830846387459,7.35710448309596,7.39605818927643,7.41960109064948,7.446995448369,7.46225671565316,7.47607203220967,7.50968749356097,7.5325779693412,7.55678776772168,7.57857087053534,7.61748875039046,7.62718771868273,7.63661328457251,7.65796772952274,7.70420379008793,7.71789801988279,7.73342941802948,7.76939152690337,7.81682151202272,7.82907210550964,7.85645523107349,7.86853820628843,7.89958692439526,7.90620035092982,7.96068963279967,7.97315260211326,7.99461333602606,8.01788373997599,8.04230363776424,8.08035676445152,8.13222790094197,8.14494237083452,8.16664187529946,8.1779421945032,8.218462286008,8.26237607135794,8.27347879355911,8.31072240537161,8.31983769687874,8.33260731035999,8.36994925956397,8.37193368485439,8.42946116712053,8.45322169572237,8.4802453867656,8.49959843499983,8.52044668954404,8.54274586666478,8.59090754389404,8.5972255856899,8.63638049620572,8.64635397645326,8.66951752651869,8.68316821803711,8.70398847910351,8.72605422531895,8.74938617117696,8.77038421972205,8.79910064827319,8.84298815204313,8.86340323954162,8.87650942441601,8.88801587209565,8.96094946638762,9.00964128046718,9.03472913820635,9.04844638464882,9.08682305210415,9.1038211176694,9.14544074864807,9.15415464148889,9.20720570061684,9.22846496381355,9.2374235680235,9.27513860214309,9.29762181320852,9.32481516249641,9.36746693445543,9.39579341817925,9.43230190880655,9.4483112382593,9.49906919099426,9.55193179945696,9.57048596373475,9.59497890464486,9.61922512295459,9.6628944845894,9.70395039641243,9.72970342777243,9.75988943006664,9.77728684522162,9.84449078671852,9.86562311448759,9.91823319228178,9.92836398788626,9.95215667773922,9.98484794374205,9.98880523651835,10.0376084381347,10.0782166619371,10.1024344474174,10.1170342406593,10.1517957492368,10.2104936873567,10.231449697891,10.2697531985964,10.2785647530424,10.3100817594617,10.3422481122762,10.3684392279565,10.3980721688881,10.4492287031768,10.4699166875158,10.4985179634668,10.5122552546638,10.5799272366467,10.6240418785202,10.6532210494095,10.6772500364392,10.7293512458815,10.8181545360686,10.8284635282985,10.8612970623119,10.8809233355423,10.9062349716555,11.0014478745019,11.0304186965645,11.0391316318582,11.07096558054,11.0989344423662,11.1405534636839,11.1612615198527,11.1887119780653,11.2725584912849,11.3127427204859,11.3368358677931,11.3602504151041,11.4331765349838,11.4732449732277,11.5075998119333,11.5428635536838,11.5611622547648,11.5828628911069,11.6642524999213,11.6852734372716,11.7205026262085,11.7732172610208,11.7918533814511,11.8154828735855,11.872775733946,11.9086105094158,11.9816049085018,11.990675953303,12.026104503537,12.1006601977358,12.1151573912737,12.1899884658059,12.2345319508301,12.2641712950851,12.2852796355025,12.3132682065947,12.3758546472027,12.4006316997066,12.4033059555657,12.4604881321132,12.4833517485283,12.5790232038657,12.5943762335389,12.6469851348447,12.6668329414039,12.7061504038299,12.7616498685036,12.8262538291742,12.8744123927481,12.879852905038,12.9082515168896,12.9180138266853,13.0050151620238,13.0330612242777,13.064404454931,13.1086179288555,13.1134856242817,13.1638306463525,13.2443247546312,13.2827316453525,13.3186912980599,13.3729627600566,13.4473679545641,13.4641406495027,13.4840542921229,13.5011326411565,13.5641155636697,13.5849196891386,13.635363195926,13.6883513828067,13.7306430466482,13.7737408915025,13.8192543155857,13.8305793865716,13.9065292651885,13.9523375539029,14.0165426105139,14.0517612350856,14.0984656144022,14.125474183861,14.1883899871538,14.2006167403393,14.2089820632795,14.3004059674624,14.3694083334285,14.3979459535879,14.4611578687852,14.5139135083697,14.5869948176832,14.6093578055443,14.6779252558473,14.6962179573214,14.7900311734787,14.7999078040223,14.8632112354614,14.9691598312289,15.0207306389788,15.11682719722,15.1847088649222,15.1945429148972,15.3269787448832,15.3593355922191,15.3806420990224,15.4947914283078,15.5356882309803,15.5757966117381,15.6845260632252,15.6958237417709,15.8299535449705,15.9344044558569,15.9425771418282,16.0950770679084,16.1689666224798,16.2074147705776,16.3389964278918,16.4535850192368,16.5364144154615,16.5921416955571,16.7071870322675,16.7884008125026,16.8298034930498,17.0042975058823,17.1227787553877,17.2664626716929,17.4690064548994,17.8855699831034,17.966839058288,18.0675343149646,18.1999472216428,18.3037266415625,18.4292572246569,18.5879562474814,18.9224162025099,18.9431966313824,19.12424968111,19.3799871166209,19.5674378625183,19.7157135308415,20.0493045412816,20.2055840697507,20.6158118273845,20.983205693145,21.4038387321818,23.2413584414674,NA,NA,NA,NA,NA,NA,NA,NA,NA,NA,NA,NA,NA,NA,NA,NA,NA,NA,NA,NA,NA,NA,NA,NA,NA,NA,NA,NA,NA,NA,NA,NA,NA,NA,NA,NA,NA,NA,NA,NA,NA,NA,NA,NA,NA,NA,NA,NA,NA,NA,NA
0.569493670388439,0.667182156968407,0.883013653856836,1.02914716705958,1.11682555457926,1.39497193226167,1.4559635560023,1.51468930736148,1.60412951446714,1.72731757084295,1.80857079317199,1.85023774330308,1.8617343646829,1.98337583396713,2.24762766344393,2.27558196776848,2.34030576542134,2.39094039950246,2.48613383809563,2.58059362576514,2.6794295896009,2.72181515098877,2.82528388124165,2.87492902863658,2.91226363838885,2.984147718217,3.0910486199082,3.14729938364498,3.19108016023969,3.2182739093391,3.28990245829261,3.35136030175637,3.40430351207992,3.46695785502079,3.5157369209933,3.54496341318639,3.6281355191478,3.66577909761341,3.78677066365289,3.84089154277305,3.87651308357182,3.92019006123368,3.98430373852826,4.03703515647353,4.11234663414185,4.20068040778163,4.24729203525601,4.26040057885164,4.29157940645792,4.31431108929679,4.37142598264541,4.39543103964259,4.40600764096165,4.50204465196642,4.57855060156794,4.60805779548001,4.64340011197985,4.66883367871577,4.72952916714496,4.80272947306402,4.80730933084149,4.87291737742247,4.90582681735884,4.93856085402583,4.97846644415452,5.01409496009262,5.03413032211548,5.09055342790336,5.13814472068255,5.15387036923962,5.18048258698765,5.19413817482983,5.21452321718057,5.29750666573775,5.32841718832815,5.35783542473641,5.38731484188017,5.39732657938744,5.44442189257657,5.47395684987186,5.52359940933351,5.55836719930971,5.58482903854613,5.62476024987718,5.67431559637881,5.68912187074344,5.7201867753272,5.72862921410061,5.77473705469411,5.8074144749252,5.83386791550584,5.88602285098569,5.88917811195725,5.90978626647298,5.93618360213442,5.9508241322759,5.99906489155901,6.02794880869141,6.05822254829059,6.08030068052325,6.1119605878621,6.12829756544167,6.1563217765103,6.21984012141201,6.23962219140622,6.27880817253303,6.32070254167545,6.32925503840875,6.34734652959531,6.36116829672605,6.39601695268445,6.40263595469367,6.43772170401314,6.45582745919623,6.4958818570403,6.53029478152943,6.5774548935434,6.59749514228088,6.60604987586726,6.69883955692763,6.72669367906999,6.75231324849459,6.78951180160604,6.79297162892661,6.80631215074039,6.86014205305079,6.86641000132299,6.87303179900285,6.89323571136321,6.91718529418277,6.94275802282817,6.98191636241591,7.01112350997026,7.01627101065432,7.02587412046876,7.0577889907928,7.08120969552223,7.10933920182421,7.12760148008343,7.19571909006782,7.20578654383099,7.23483569438667,7.25113947173524,7.27905018487498,7.28796780860081,7.30963870220221,7.32794626499941,7.33830846387459,7.35710448309596,7.39605818927643,7.41960109064948,7.446995448369,7.46225671565316,7.47607203220967,7.50968749356097,7.5325779693412,7.55678776772168,7.57857087053534,7.61748875039046,7.62718771868273,7.63661328457251,7.65796772952274,7.70420379008793,7.71789801988279,7.73342941802948,7.76939152690337,7.81682151202272,7.82907210550964,7.85645523107349,7.86853820628843,7.89958692439526,7.90620035092982,7.96068963279967,7.97315260211326,7.99461333602606,8.01788373997599,8.04230363776424,8.08035676445152,8.13222790094197,8.14494237083452,8.16664187529946,8.1779421945032,8.218462286008,8.26237607135794,8.27347879355911,8.31072240537161,8.31983769687874,8.33260731035999,8.36994925956397,8.37193368485439,8.42946116712053,8.45322169572237,8.4802453867656,8.49959843499983,8.52044668954404,8.54274586666478,8.59090754389404,8.5972255856899,8.63638049620572,8.64635397645326,8.66951752651869,8.68316821803711,8.70398847910351,8.72605422531895,8.74938617117696,8.77038421972205,8.79910064827319,8.84298815204313,8.86340323954162,8.87650942441601,8.88801587209565,8.96094946638762,9.00964128046718,9.03472913820635,9.04844638464882,9.08682305210415,9.1038211176694,9.14544074864807,9.15415464148889,9.20720570061684,9.22846496381355,9.2374235680235,9.27513860214309,9.29762181320852,9.32481516249641,9.36746693445543,9.39579341817925,9.43230190880655,9.4483112382593,9.49906919099426,9.55193179945696,9.57048596373475,9.59497890464486,9.61922512295459,9.6628944845894,9.70395039641243,9.72970342777243,9.75988943006664,9.77728684522162,9.84449078671852,9.86562311448759,9.91823319228178,9.92836398788626,9.95215667773922,9.98484794374205,9.98880523651835,10.0376084381347,10.0782166619371,10.1024344474174,10.1170342406593,10.1517957492368,10.2104936873567,10.231449697891,10.2697531985964,10.2785647530424,10.3100817594617,10.3422481122762,10.3684392279565,10.3980721688881,10.4492287031768,10.4699166875158,10.4985179634668,10.5122552546638,10.5799272366467,10.6240418785202,10.6532210494095,10.6772500364392,10.7293512458815,10.8181545360686,10.8284635282985,10.8612970623119,10.8809233355423,10.9062349716555,11.0014478745019,11.0304186965645,11.0391316318582,11.07096558054,11.0989344423662,11.1405534636839,11.1612615198527,11.1887119780653,11.2725584912849,11.3127427204859,11.3368358677931,11.3602504151041,11.4331765349838,11.4732449732277,11.5075998119333,11.5428635536838,11.5611622547648,11.5828628911069,11.6642524999213,11.6852734372716,11.7205026262085,11.7732172610208,11.7918533814511,11.8154828735855,11.872775733946,11.9086105094158,11.9816049085018,11.990675953303,12.026104503537,12.1006601977358,12.1151573912737,12.1899884658059,12.2345319508301,12.2641712950851,12.2852796355025,12.3132682065947,12.3758546472027,12.4006316997066,12.4033059555657,12.4604881321132,12.4833517485283,12.5790232038657,12.5943762335389,12.6469851348447,12.6668329414039,12.7061504038299,12.7616498685036,12.8262538291742,12.8744123927481,12.879852905038,12.9082515168896,12.9180138266853,13.0050151620238,13.0330612242777,13.064404454931,13.1086179288555,13.1134856242817,13.1638306463525,13.2443247546312,13.2827316453525,13.3186912980599,13.3729627600566,13.4473679545641,13.4641406495027,13.4840542921229,13.5011326411565,13.5641155636697,13.5849196891386,13.635363195926,13.6883513828067,13.7306430466482,13.7737408915025,13.8192543155857,13.8305793865716,13.9065292651885,13.9523375539029,14.0165426105139,14.0517612350856,14.0984656144022,14.125474183861,14.1883899871538,14.2006167403393,14.2089820632795,14.3004059674624,14.3694083334285,14.3979459535879,14.4611578687852,14.5139135083697,14.5869948176832,14.6093578055443,14.6779252558473,14.6962179573214,14.7900311734787,14.7999078040223,14.8632112354614,14.9691598312289,15.0207306389788,15.11682719722,15.1847088649222,15.1945429148972,15.3269787448832,15.3593355922191,15.3806420990224,15.4947914283078,15.5356882309803,15.5757966117381,15.6845260632252,15.6958237417709,15.8299535449705,15.9344044558569,15.9425771418282,16.0950770679084,16.1689666224798,16.2074147705776,16.3389964278918,16.4535850192368,16.5364144154615,16.5921416955571,16.7071870322675,16.7884008125026,16.8298034930498,17.0042975058823,17.1227787553877,17.2664626716929,17.4690064548994,17.8855699831034,17.966839058288,18.0675343149646,18.1999472216428,18.3037266415625,18.4292572246569,18.5879562474814,18.9224162025099,18.9431966313824,19.12424968111,19.3799871166209,19.5674378625183,19.7157135308415,20.0493045412816,20.2055840697507,20.6158118273845,20.983205693145,21.4038387321818,23.2413584414674,NA,NA,NA,NA,NA,NA,NA,NA,NA,NA,NA,NA,NA,NA,NA,NA,NA,NA,NA,NA,NA,NA,NA,NA,NA,NA,NA,NA,NA,NA,NA,NA,NA,NA,NA,NA,NA,NA,NA,NA,NA,NA,NA,NA,NA,NA,NA,NA,NA,NA,NA
0.569493670388439,0.667182156968407,0.883013653856836,1.02914716705958,1.11682555457926,1.39497193226167,1.4559635560023,1.51468930736148,1.60412951446714,1.72731757084295,1.80857079317199,1.85023774330308,1.8617343646829,1.98337583396713,2.24762766344393,2.27558196776848,2.34030576542134,2.39094039950246,2.48613383809563,2.58059362576514,2.6794295896009,2.72181515098877,2.82528388124165,2.87492902863658,2.91226363838885,2.984147718217,3.0910486199082,3.14729938364498,3.19108016023969,3.2182739093391,3.28990245829261,3.35136030175637,3.40430351207992,3.46695785502079,3.5157369209933,3.54496341318639,3.6281355191478,3.66577909761341,3.78677066365289,3.84089154277305,3.87651308357182,3.92019006123368,3.98430373852826,4.03703515647353,4.11234663414185,4.20068040778163,4.24729203525601,4.26040057885164,4.29157940645792,4.31431108929679,4.37142598264541,4.39543103964259,4.40600764096165,4.50204465196642,4.57855060156794,4.60805779548001,4.64340011197985,4.66883367871577,4.72952916714496,4.80272947306402,4.80730933084149,4.87291737742247,4.90582681735884,4.93856085402583,4.97846644415452,5.01409496009262,5.03413032211548,5.09055342790336,5.13814472068255,5.15387036923962,5.18048258698765,5.19413817482983,5.21452321718057,5.29750666573775,5.32841718832815,5.35783542473641,5.38731484188017,5.39732657938744,5.44442189257657,5.47395684987186,5.52359940933351,5.55836719930971,5.58482903854613,5.62476024987718,5.67431559637881,5.68912187074344,5.7201867753272,5.72862921410061,5.77473705469411,5.8074144749252,5.83386791550584,5.88602285098569,5.88917811195725,5.90978626647298,5.93618360213442,5.9508241322759,5.99906489155901,6.02794880869141,6.05822254829059,6.08030068052325,6.1119605878621,6.12829756544167,6.1563217765103,6.21984012141201,6.23962219140622,6.27880817253303,6.32070254167545,6.32925503840875,6.34734652959531,6.36116829672605,6.39601695268445,6.40263595469367,6.43772170401314,6.45582745919623,6.4958818570403,6.53029478152943,6.5774548935434,6.59749514228088,6.60604987586726,6.69883955692763,6.72669367906999,6.75231324849459,6.78951180160604,6.79297162892661,6.80631215074039,6.86014205305079,6.86641000132299,6.87303179900285,6.89323571136321,6.91718529418277,6.94275802282817,6.98191636241591,7.01112350997026,7.01627101065432,7.02587412046876,7.0577889907928,7.08120969552223,7.10933920182421,7.12760148008343,7.19571909006782,7.20578654383099,7.23483569438667,7.25113947173524,7.27905018487498,7.28796780860081,7.30963870220221,7.32794626499941,7.33830846387459,7.35710448309596,7.39605818927643,7.41960109064948,7.446995448369,7.46225671565316,7.47607203220967,7.50968749356097,7.5325779693412,7.55678776772168,7.57857087053534,7.61748875039046,7.62718771868273,7.63661328457251,7.65796772952274,7.70420379008793,7.71789801988279,7.73342941802948,7.76939152690337,7.81682151202272,7.82907210550964,7.85645523107349,7.86853820628843,7.89958692439526,7.90620035092982,7.96068963279967,7.97315260211326,7.99461333602606,8.01788373997599,8.04230363776424,8.08035676445152,8.13222790094197,8.14494237083452,8.16664187529946,8.1779421945032,8.218462286008,8.26237607135794,8.27347879355911,8.31072240537161,8.31983769687874,8.33260731035999,8.36994925956397,8.37193368485439,8.42946116712053,8.45322169572237,8.4802453867656,8.49959843499983,8.52044668954404,8.54274586666478,8.59090754389404,8.5972255856899,8.63638049620572,8.64635397645326,8.66951752651869,8.68316821803711,8.70398847910351,8.72605422531895,8.74938617117696,8.77038421972205,8.79910064827319,8.84298815204313,8.86340323954162,8.87650942441601,8.88801587209565,8.96094946638762,9.00964128046718,9.03472913820635,9.04844638464882,9.08682305210415,9.1038211176694,9.14544074864807,9.15415464148889,9.20720570061684,9.22846496381355,9.2374235680235,9.27513860214309,9.29762181320852,9.32481516249641,9.36746693445543,9.39579341817925,9.43230190880655,9.4483112382593,9.49906919099426,9.55193179945696,9.57048596373475,9.59497890464486,9.61922512295459,9.6628944845894,9.70395039641243,9.72970342777243,9.75988943006664,9.77728684522162,9.84449078671852,9.86562311448759,9.91823319228178,9.92836398788626,9.95215667773922,9.98484794374205,9.98880523651835,10.0376084381347,10.0782166619371,10.1024344474174,10.1170342406593,10.1517957492368,10.2104936873567,10.231449697891,10.2697531985964,10.2785647530424,10.3100817594617,10.3422481122762,10.3684392279565,10.3980721688881,10.4492287031768,10.4699166875158,10.4985179634668,10.5122552546638,10.5799272366467,10.6240418785202,10.6532210494095,10.6772500364392,10.7293512458815,10.8181545360686,10.8284635282985,10.8612970623119,10.8809233355423,10.9062349716555,11.0014478745019,11.0304186965645,11.0391316318582,11.07096558054,11.0989344423662,11.1405534636839,11.1612615198527,11.1887119780653,11.2725584912849,11.3127427204859,11.3368358677931,11.3602504151041,11.4331765349838,11.4732449732277,11.5075998119333,11.5428635536838,11.5611622547648,11.5828628911069,11.6642524999213,11.6852734372716,11.7205026262085,11.7732172610208,11.7918533814511,11.8154828735855,11.872775733946,11.9086105094158,11.9816049085018,11.990675953303,12.026104503537,12.1006601977358,12.1151573912737,12.1899884658059,12.2345319508301,12.2641712950851,12.2852796355025,12.3132682065947,12.3758546472027,12.4006316997066,12.4033059555657,12.4604881321132,12.4833517485283,12.5790232038657,12.5943762335389,12.6469851348447,12.6668329414039,12.7061504038299,12.7616498685036,12.8262538291742,12.8744123927481,12.879852905038,12.9082515168896,12.9180138266853,13.0050151620238,13.0330612242777,13.064404454931,13.1086179288555,13.1134856242817,13.1638306463525,13.2443247546312,13.2827316453525,13.3186912980599,13.3729627600566,13.4473679545641,13.4641406495027,13.4840542921229,13.5011326411565,13.5641155636697,13.5849196891386,13.635363195926,13.6883513828067,13.7306430466482,13.7737408915025,13.8192543155857,13.8305793865716,13.9065292651885,13.9523375539029,14.0165426105139,14.0517612350856,14.0984656144022,14.125474183861,14.1883899871538,14.2006167403393,14.2089820632795,14.3004059674624,14.3694083334285,14.3979459535879,14.4611578687852,14.5139135083697,14.5869948176832,14.6093578055443,14.6779252558473,14.6962179573214,14.7900311734787,14.7999078040223,14.8632112354614,14.9691598312289,15.0207306389788,15.11682719722,15.1847088649222,15.1945429148972,15.3269787448832,15.3593355922191,15.3806420990224,15.4947914283078,15.5356882309803,15.5757966117381,15.6845260632252,15.6958237417709,15.8299535449705,15.9344044558569,15.9425771418282,16.0950770679084,16.1689666224798,16.2074147705776,16.3389964278918,16.4535850192368,16.5364144154615,16.5921416955571,16.7071870322675,16.7884008125026,16.8298034930498,17.0042975058823,17.1227787553877,17.2664626716929,17.4690064548994,17.8855699831034,17.966839058288,18.0675343149646,18.1999472216428,18.3037266415625,18.4292572246569,18.5879562474814,18.9224162025099,18.9431966313824,19.12424968111,19.3799871166209,19.5674378625183,19.7157135308415,20.0493045412816,20.2055840697507,20.6158118273845,20.983205693145,21.4038387321818,23.2413584414674,NA,NA,NA,NA,NA,NA,NA,NA,NA,NA,NA,NA,NA,NA,NA,NA,NA,NA,NA,NA,NA,NA,NA,NA,NA,NA,NA,NA,NA,NA,NA,NA,NA,NA,NA,NA,NA,NA,NA,NA,NA,NA,NA,NA,NA,NA,NA,NA,NA,NA,NA
0.569493670388439,0.667182156968407,0.883013653856836,1.02914716705958,1.11682555457926,1.39497193226167,1.4559635560023,1.51468930736148,1.60412951446714,1.72731757084295,1.80857079317199,1.85023774330308,1.8617343646829,1.98337583396713,2.24762766344393,2.27558196776848,2.34030576542134,2.39094039950246,2.48613383809563,2.58059362576514,2.6794295896009,2.72181515098877,2.82528388124165,2.87492902863658,2.91226363838885,2.984147718217,3.0910486199082,3.14729938364498,3.19108016023969,3.2182739093391,3.28990245829261,3.35136030175637,3.40430351207992,3.46695785502079,3.5157369209933,3.54496341318639,3.6281355191478,3.66577909761341,3.78677066365289,3.84089154277305,3.87651308357182,3.92019006123368,3.98430373852826,4.03703515647353,4.11234663414185,4.20068040778163,4.24729203525601,4.26040057885164,4.29157940645792,4.31431108929679,4.37142598264541,4.39543103964259,4.40600764096165,4.50204465196642,4.57855060156794,4.60805779548001,4.64340011197985,4.66883367871577,4.72952916714496,4.80272947306402,4.80730933084149,4.87291737742247,4.90582681735884,4.93856085402583,4.97846644415452,5.01409496009262,5.03413032211548,5.09055342790336,5.13814472068255,5.15387036923962,5.18048258698765,5.19413817482983,5.21452321718057,5.29750666573775,5.32841718832815,5.35783542473641,5.38731484188017,5.39732657938744,5.44442189257657,5.47395684987186,5.52359940933351,5.55836719930971,5.58482903854613,5.62476024987718,5.67431559637881,5.68912187074344,5.7201867753272,5.72862921410061,5.77473705469411,5.8074144749252,5.83386791550584,5.88602285098569,5.88917811195725,5.90978626647298,5.93618360213442,5.9508241322759,5.99906489155901,6.02794880869141,6.05822254829059,6.08030068052325,6.1119605878621,6.12829756544167,6.1563217765103,6.21984012141201,6.23962219140622,6.27880817253303,6.32070254167545,6.32925503840875,6.34734652959531,6.36116829672605,6.39601695268445,6.40263595469367,6.43772170401314,6.45582745919623,6.4958818570403,6.53029478152943,6.5774548935434,6.59749514228088,6.60604987586726,6.69883955692763,6.72669367906999,6.75231324849459,6.78951180160604,6.79297162892661,6.80631215074039,6.86014205305079,6.86641000132299,6.87303179900285,6.89323571136321,6.91718529418277,6.94275802282817,6.98191636241591,7.01112350997026,7.01627101065432,7.02587412046876,7.0577889907928,7.08120969552223,7.10933920182421,7.12760148008343,7.19571909006782,7.20578654383099,7.23483569438667,7.25113947173524,7.27905018487498,7.28796780860081,7.30963870220221,7.32794626499941,7.33830846387459,7.35710448309596,7.39605818927643,7.41960109064948,7.446995448369,7.46225671565316,7.47607203220967,7.50968749356097,7.5325779693412,7.55678776772168,7.57857087053534,7.61748875039046,7.62718771868273,7.63661328457251,7.65796772952274,7.70420379008793,7.71789801988279,7.73342941802948,7.76939152690337,7.81682151202272,7.82907210550964,7.85645523107349,7.86853820628843,7.89958692439526,7.90620035092982,7.96068963279967,7.97315260211326,7.99461333602606,8.01788373997599,8.04230363776424,8.08035676445152,8.13222790094197,8.14494237083452,8.16664187529946,8.1779421945032,8.218462286008,8.26237607135794,8.27347879355911,8.31072240537161,8.31983769687874,8.33260731035999,8.36994925956397,8.37193368485439,8.42946116712053,8.45322169572237,8.4802453867656,8.49959843499983,8.52044668954404,8.54274586666478,8.59090754389404,8.5972255856899,8.63638049620572,8.64635397645326,8.66951752651869,8.68316821803711,8.70398847910351,8.72605422531895,8.74938617117696,8.77038421972205,8.79910064827319,8.84298815204313,8.86340323954162,8.87650942441601,8.88801587209565,8.96094946638762,9.00964128046718,9.03472913820635,9.04844638464882,9.08682305210415,9.1038211176694,9.14544074864807,9.15415464148889,9.20720570061684,9.22846496381355,9.2374235680235,9.27513860214309,9.29762181320852,9.32481516249641,9.36746693445543,9.39579341817925,9.43230190880655,9.4483112382593,9.49906919099426,9.55193179945696,9.57048596373475,9.59497890464486,9.61922512295459,9.6628944845894,9.70395039641243,9.72970342777243,9.75988943006664,9.77728684522162,9.84449078671852,9.86562311448759,9.91823319228178,9.92836398788626,9.95215667773922,9.98484794374205,9.98880523651835,10.0376084381347,10.0782166619371,10.1024344474174,10.1170342406593,10.1517957492368,10.2104936873567,10.231449697891,10.2697531985964,10.2785647530424,10.3100817594617,10.3422481122762,10.3684392279565,10.3980721688881,10.4492287031768,10.4699166875158,10.4985179634668,10.5122552546638,10.5799272366467,10.6240418785202,10.6532210494095,10.6772500364392,10.7293512458815,10.8181545360686,10.8284635282985,10.8612970623119,10.8809233355423,10.9062349716555,11.0014478745019,11.0304186965645,11.0391316318582,11.07096558054,11.0989344423662,11.1405534636839,11.1612615198527,11.1887119780653,11.2725584912849,11.3127427204859,11.3368358677931,11.3602504151041,11.4331765349838,11.4732449732277,11.5075998119333,11.5428635536838,11.5611622547648,11.5828628911069,11.6642524999213,11.6852734372716,11.7205026262085,11.7732172610208,11.7918533814511,11.8154828735855,11.872775733946,11.9086105094158,11.9816049085018,11.990675953303,12.026104503537,12.1006601977358,12.1151573912737,12.1899884658059,12.2345319508301,12.2641712950851,12.2852796355025,12.3132682065947,12.3758546472027,12.4006316997066,12.4033059555657,12.4604881321132,12.4833517485283,12.5790232038657,12.5943762335389,12.6469851348447,12.6668329414039,12.7061504038299,12.7616498685036,12.8262538291742,12.8744123927481,12.879852905038,12.9082515168896,12.9180138266853,13.0050151620238,13.0330612242777,13.064404454931,13.1086179288555,13.1134856242817,13.1638306463525,13.2443247546312,13.2827316453525,13.3186912980599,13.3729627600566,13.4473679545641,13.4641406495027,13.4840542921229,13.5011326411565,13.5641155636697,13.5849196891386,13.635363195926,13.6883513828067,13.7306430466482,13.7737408915025,13.8192543155857,13.8305793865716,13.9065292651885,13.9523375539029,14.0165426105139,14.0517612350856,14.0984656144022,14.125474183861,14.1883899871538,14.2006167403393,14.2089820632795,14.3004059674624,14.3694083334285,14.3979459535879,14.4611578687852,14.5139135083697,14.5869948176832,14.6093578055443,14.6779252558473,14.6962179573214,14.7900311734787,14.7999078040223,14.8632112354614,14.9691598312289,15.0207306389788,15.11682719722,15.1847088649222,15.1945429148972,15.3269787448832,15.3593355922191,15.3806420990224,15.4947914283078,15.5356882309803,15.5757966117381,15.6845260632252,15.6958237417709,15.8299535449705,15.9344044558569,15.9425771418282,16.0950770679084,16.1689666224798,16.2074147705776,16.3389964278918,16.4535850192368,16.5364144154615,16.5921416955571,16.7071870322675,16.7884008125026,16.8298034930498,17.0042975058823,17.1227787553877,17.2664626716929,17.4690064548994,17.8855699831034,17.966839058288,18.0675343149646,18.1999472216428,18.3037266415625,18.4292572246569,18.5879562474814,18.9224162025099,18.9431966313824,19.12424968111,19.3799871166209,19.5674378625183,19.7157135308415,20.0493045412816,20.2055840697507,20.6158118273845,20.983205693145,21.4038387321818,23.2413584414674,NA,NA,NA,NA,NA,NA,NA,NA,NA,NA,NA,NA,NA,NA,NA,NA,NA,NA,NA,NA,NA,NA,NA,NA,NA,NA,NA,NA,NA,NA,NA,NA,NA,NA,NA,NA,NA,NA,NA,NA,NA,NA,NA,NA,NA,NA,NA,NA,NA,NA,NA
0.569493670388439,0.667182156968407,0.883013653856836,1.02914716705958,1.11682555457926,1.39497193226167,1.4559635560023,1.51468930736148,1.60412951446714,1.72731757084295,1.80857079317199,1.85023774330308,1.8617343646829,1.98337583396713,2.24762766344393,2.27558196776848,2.34030576542134,2.39094039950246,2.48613383809563,2.58059362576514,2.6794295896009,2.72181515098877,2.82528388124165,2.87492902863658,2.91226363838885,2.984147718217,3.0910486199082,3.14729938364498,3.19108016023969,3.2182739093391,3.28990245829261,3.35136030175637,3.40430351207992,3.46695785502079,3.5157369209933,3.54496341318639,3.6281355191478,3.66577909761341,3.78677066365289,3.84089154277305,3.87651308357182,3.92019006123368,3.98430373852826,4.03703515647353,4.11234663414185,4.20068040778163,4.24729203525601,4.26040057885164,4.29157940645792,4.31431108929679,4.37142598264541,4.39543103964259,4.40600764096165,4.50204465196642,4.57855060156794,4.60805779548001,4.64340011197985,4.66883367871577,4.72952916714496,4.80272947306402,4.80730933084149,4.87291737742247,4.90582681735884,4.93856085402583,4.97846644415452,5.01409496009262,5.03413032211548,5.09055342790336,5.13814472068255,5.15387036923962,5.18048258698765,5.19413817482983,5.21452321718057,5.29750666573775,5.32841718832815,5.35783542473641,5.38731484188017,5.39732657938744,5.44442189257657,5.47395684987186,5.52359940933351,5.55836719930971,5.58482903854613,5.62476024987718,5.67431559637881,5.68912187074344,5.7201867753272,5.72862921410061,5.77473705469411,5.8074144749252,5.83386791550584,5.88602285098569,5.88917811195725,5.90978626647298,5.93618360213442,5.9508241322759,5.99906489155901,6.02794880869141,6.05822254829059,6.08030068052325,6.1119605878621,6.12829756544167,6.1563217765103,6.21984012141201,6.23962219140622,6.27880817253303,6.32070254167545,6.32925503840875,6.34734652959531,6.36116829672605,6.39601695268445,6.40263595469367,6.43772170401314,6.45582745919623,6.4958818570403,6.53029478152943,6.5774548935434,6.59749514228088,6.60604987586726,6.69883955692763,6.72669367906999,6.75231324849459,6.78951180160604,6.79297162892661,6.80631215074039,6.86014205305079,6.86641000132299,6.87303179900285,6.89323571136321,6.91718529418277,6.94275802282817,6.98191636241591,7.01112350997026,7.01627101065432,7.02587412046876,7.0577889907928,7.08120969552223,7.10933920182421,7.12760148008343,7.19571909006782,7.20578654383099,7.23483569438667,7.25113947173524,7.27905018487498,7.28796780860081,7.30963870220221,7.32794626499941,7.33830846387459,7.35710448309596,7.39605818927643,7.41960109064948,7.446995448369,7.46225671565316,7.47607203220967,7.50968749356097,7.5325779693412,7.55678776772168,7.57857087053534,7.61748875039046,7.62718771868273,7.63661328457251,7.65796772952274,7.70420379008793,7.71789801988279,7.73342941802948,7.76939152690337,7.81682151202272,7.82907210550964,7.85645523107349,7.86853820628843,7.89958692439526,7.90620035092982,7.96068963279967,7.97315260211326,7.99461333602606,8.01788373997599,8.04230363776424,8.08035676445152,8.13222790094197,8.14494237083452,8.16664187529946,8.1779421945032,8.218462286008,8.26237607135794,8.27347879355911,8.31072240537161,8.31983769687874,8.33260731035999,8.36994925956397,8.37193368485439,8.42946116712053,8.45322169572237,8.4802453867656,8.49959843499983,8.52044668954404,8.54274586666478,8.59090754389404,8.5972255856899,8.63638049620572,8.64635397645326,8.66951752651869,8.68316821803711,8.70398847910351,8.72605422531895,8.74938617117696,8.77038421972205,8.79910064827319,8.84298815204313,8.86340323954162,8.87650942441601,8.88801587209565,8.96094946638762,9.00964128046718,9.03472913820635,9.04844638464882,9.08682305210415,9.1038211176694,9.14544074864807,9.15415464148889,9.20720570061684,9.22846496381355,9.2374235680235,9.27513860214309,9.29762181320852,9.32481516249641,9.36746693445543,9.39579341817925,9.43230190880655,9.4483112382593,9.49906919099426,9.55193179945696,9.57048596373475,9.59497890464486,9.61922512295459,9.6628944845894,9.70395039641243,9.72970342777243,9.75988943006664,9.77728684522162,9.84449078671852,9.86562311448759,9.91823319228178,9.92836398788626,9.95215667773922,9.98484794374205,9.98880523651835,10.0376084381347,10.0782166619371,10.1024344474174,10.1170342406593,10.1517957492368,10.2104936873567,10.231449697891,10.2697531985964,10.2785647530424,10.3100817594617,10.3422481122762,10.3684392279565,10.3980721688881,10.4492287031768,10.4699166875158,10.4985179634668,10.5122552546638,10.5799272366467,10.6240418785202,10.6532210494095,10.6772500364392,10.7293512458815,10.8181545360686,10.8284635282985,10.8612970623119,10.8809233355423,10.9062349716555,11.0014478745019,11.0304186965645,11.0391316318582,11.07096558054,11.0989344423662,11.1405534636839,11.1612615198527,11.1887119780653,11.2725584912849,11.3127427204859,11.3368358677931,11.3602504151041,11.4331765349838,11.4732449732277,11.5075998119333,11.5428635536838,11.5611622547648,11.5828628911069,11.6642524999213,11.6852734372716,11.7205026262085,11.7732172610208,11.7918533814511,11.8154828735855,11.872775733946,11.9086105094158,11.9816049085018,11.990675953303,12.026104503537,12.1006601977358,12.1151573912737,12.1899884658059,12.2345319508301,12.2641712950851,12.2852796355025,12.3132682065947,12.3758546472027,12.4006316997066,12.4033059555657,12.4604881321132,12.4833517485283,12.5790232038657,12.5943762335389,12.6469851348447,12.6668329414039,12.7061504038299,12.7616498685036,12.8262538291742,12.8744123927481,12.879852905038,12.9082515168896,12.9180138266853,13.0050151620238,13.0330612242777,13.064404454931,13.1086179288555,13.1134856242817,13.1638306463525,13.2443247546312,13.2827316453525,13.3186912980599,13.3729627600566,13.4473679545641,13.4641406495027,13.4840542921229,13.5011326411565,13.5641155636697,13.5849196891386,13.635363195926,13.6883513828067,13.7306430466482,13.7737408915025,13.8192543155857,13.8305793865716,13.9065292651885,13.9523375539029,14.0165426105139,14.0517612350856,14.0984656144022,14.125474183861,14.1883899871538,14.2006167403393,14.2089820632795,14.3004059674624,14.3694083334285,14.3979459535879,14.4611578687852,14.5139135083697,14.5869948176832,14.6093578055443,14.6779252558473,14.6962179573214,14.7900311734787,14.7999078040223,14.8632112354614,14.9691598312289,15.0207306389788,15.11682719722,15.1847088649222,15.1945429148972,15.3269787448832,15.3593355922191,15.3806420990224,15.4947914283078,15.5356882309803,15.5757966117381,15.6845260632252,15.6958237417709,15.8299535449705,15.9344044558569,15.9425771418282,16.0950770679084,16.1689666224798,16.2074147705776,16.3389964278918,16.4535850192368,16.5364144154615,16.5921416955571,16.7071870322675,16.7884008125026,16.8298034930498,17.0042975058823,17.1227787553877,17.2664626716929,17.4690064548994,17.8855699831034,17.966839058288,18.0675343149646,18.1999472216428,18.3037266415625,18.4292572246569,18.5879562474814,18.9224162025099,18.9431966313824,19.12424968111,19.3799871166209,19.5674378625183,19.7157135308415,20.0493045412816,20.2055840697507,20.6158118273845,20.983205693145,21.4038387321818,23.2413584414674,NA,NA,NA,NA,NA,NA,NA,NA,NA,NA,NA,NA,NA,NA,NA,NA,NA,NA,NA,NA,NA,NA,NA,NA,NA,NA,NA,NA,NA,NA,NA,NA,NA,NA,NA,NA,NA,NA,NA,NA,NA,NA,NA,NA,NA,NA,NA,NA,NA,NA,NA
0.569493670388439,0.667182156968407,0.883013653856836,1.02914716705958,1.11682555457926,1.39497193226167,1.4559635560023,1.51468930736148,1.60412951446714,1.72731757084295,1.80857079317199,1.85023774330308,1.8617343646829,1.98337583396713,2.24762766344393,2.27558196776848,2.34030576542134,2.39094039950246,2.48613383809563,2.58059362576514,2.6794295896009,2.72181515098877,2.82528388124165,2.87492902863658,2.91226363838885,2.984147718217,3.0910486199082,3.14729938364498,3.19108016023969,3.2182739093391,3.28990245829261,3.35136030175637,3.40430351207992,3.46695785502079,3.5157369209933,3.54496341318639,3.6281355191478,3.66577909761341,3.78677066365289,3.84089154277305,3.87651308357182,3.92019006123368,3.98430373852826,4.03703515647353,4.11234663414185,4.20068040778163,4.24729203525601,4.26040057885164,4.29157940645792,4.31431108929679,4.37142598264541,4.39543103964259,4.40600764096165,4.50204465196642,4.57855060156794,4.60805779548001,4.64340011197985,4.66883367871577,4.72952916714496,4.80272947306402,4.80730933084149,4.87291737742247,4.90582681735884,4.93856085402583,4.97846644415452,5.01409496009262,5.03413032211548,5.09055342790336,5.13814472068255,5.15387036923962,5.18048258698765,5.19413817482983,5.21452321718057,5.29750666573775,5.32841718832815,5.35783542473641,5.38731484188017,5.39732657938744,5.44442189257657,5.47395684987186,5.52359940933351,5.55836719930971,5.58482903854613,5.62476024987718,5.67431559637881,5.68912187074344,5.7201867753272,5.72862921410061,5.77473705469411,5.8074144749252,5.83386791550584,5.88602285098569,5.88917811195725,5.90978626647298,5.93618360213442,5.9508241322759,5.99906489155901,6.02794880869141,6.05822254829059,6.08030068052325,6.1119605878621,6.12829756544167,6.1563217765103,6.21984012141201,6.23962219140622,6.27880817253303,6.32070254167545,6.32925503840875,6.34734652959531,6.36116829672605,6.39601695268445,6.40263595469367,6.43772170401314,6.45582745919623,6.4958818570403,6.53029478152943,6.5774548935434,6.59749514228088,6.60604987586726,6.69883955692763,6.72669367906999,6.75231324849459,6.78951180160604,6.79297162892661,6.80631215074039,6.86014205305079,6.86641000132299,6.87303179900285,6.89323571136321,6.91718529418277,6.94275802282817,6.98191636241591,7.01112350997026,7.01627101065432,7.02587412046876,7.0577889907928,7.08120969552223,7.10933920182421,7.12760148008343,7.19571909006782,7.20578654383099,7.23483569438667,7.25113947173524,7.27905018487498,7.28796780860081,7.30963870220221,7.32794626499941,7.33830846387459,7.35710448309596,7.39605818927643,7.41960109064948,7.446995448369,7.46225671565316,7.47607203220967,7.50968749356097,7.5325779693412,7.55678776772168,7.57857087053534,7.61748875039046,7.62718771868273,7.63661328457251,7.65796772952274,7.70420379008793,7.71789801988279,7.73342941802948,7.76939152690337,7.81682151202272,7.82907210550964,7.85645523107349,7.86853820628843,7.89958692439526,7.90620035092982,7.96068963279967,7.97315260211326,7.99461333602606,8.01788373997599,8.04230363776424,8.08035676445152,8.13222790094197,8.14494237083452,8.16664187529946,8.1779421945032,8.218462286008,8.26237607135794,8.27347879355911,8.31072240537161,8.31983769687874,8.33260731035999,8.36994925956397,8.37193368485439,8.42946116712053,8.45322169572237,8.4802453867656,8.49959843499983,8.52044668954404,8.54274586666478,8.59090754389404,8.5972255856899,8.63638049620572,8.64635397645326,8.66951752651869,8.68316821803711,8.70398847910351,8.72605422531895,8.74938617117696,8.77038421972205,8.79910064827319,8.84298815204313,8.86340323954162,8.87650942441601,8.88801587209565,8.96094946638762,9.00964128046718,9.03472913820635,9.04844638464882,9.08682305210415,9.1038211176694,9.14544074864807,9.15415464148889,9.20720570061684,9.22846496381355,9.2374235680235,9.27513860214309,9.29762181320852,9.32481516249641,9.36746693445543,9.39579341817925,9.43230190880655,9.4483112382593,9.49906919099426,9.55193179945696,9.57048596373475,9.59497890464486,9.61922512295459,9.6628944845894,9.70395039641243,9.72970342777243,9.75988943006664,9.77728684522162,9.84449078671852,9.86562311448759,9.91823319228178,9.92836398788626,9.95215667773922,9.98484794374205,9.98880523651835,10.0376084381347,10.0782166619371,10.1024344474174,10.1170342406593,10.1517957492368,10.2104936873567,10.231449697891,10.2697531985964,10.2785647530424,10.3100817594617,10.3422481122762,10.3684392279565,10.3980721688881,10.4492287031768,10.4699166875158,10.4985179634668,10.5122552546638,10.5799272366467,10.6240418785202,10.6532210494095,10.6772500364392,10.7293512458815,10.8181545360686,10.8284635282985,10.8612970623119,10.8809233355423,10.9062349716555,11.0014478745019,11.0304186965645,11.0391316318582,11.07096558054,11.0989344423662,11.1405534636839,11.1612615198527,11.1887119780653,11.2725584912849,11.3127427204859,11.3368358677931,11.3602504151041,11.4331765349838,11.4732449732277,11.5075998119333,11.5428635536838,11.5611622547648,11.5828628911069,11.6642524999213,11.6852734372716,11.7205026262085,11.7732172610208,11.7918533814511,11.8154828735855,11.872775733946,11.9086105094158,11.9816049085018,11.990675953303,12.026104503537,12.1006601977358,12.1151573912737,12.1899884658059,12.2345319508301,12.2641712950851,12.2852796355025,12.3132682065947,12.3758546472027,12.4006316997066,12.4033059555657,12.4604881321132,12.4833517485283,12.5790232038657,12.5943762335389,12.6469851348447,12.6668329414039,12.7061504038299,12.7616498685036,12.8262538291742,12.8744123927481,12.879852905038,12.9082515168896,12.9180138266853,13.0050151620238,13.0330612242777,13.064404454931,13.1086179288555,13.1134856242817,13.1638306463525,13.2443247546312,13.2827316453525,13.3186912980599,13.3729627600566,13.4473679545641,13.4641406495027,13.4840542921229,13.5011326411565,13.5641155636697,13.5849196891386,13.635363195926,13.6883513828067,13.7306430466482,13.7737408915025,13.8192543155857,13.8305793865716,13.9065292651885,13.9523375539029,14.0165426105139,14.0517612350856,14.0984656144022,14.125474183861,14.1883899871538,14.2006167403393,14.2089820632795,14.3004059674624,14.3694083334285,14.3979459535879,14.4611578687852,14.5139135083697,14.5869948176832,14.6093578055443,14.6779252558473,14.6962179573214,14.7900311734787,14.7999078040223,14.8632112354614,14.9691598312289,15.0207306389788,15.11682719722,15.1847088649222,15.1945429148972,15.3269787448832,15.3593355922191,15.3806420990224,15.4947914283078,15.5356882309803,15.5757966117381,15.6845260632252,15.6958237417709,15.8299535449705,15.9344044558569,15.9425771418282,16.0950770679084,16.1689666224798,16.2074147705776,16.3389964278918,16.4535850192368,16.5364144154615,16.5921416955571,16.7071870322675,16.7884008125026,16.8298034930498,17.0042975058823,17.1227787553877,17.2664626716929,17.4690064548994,17.8855699831034,17.966839058288,18.0675343149646,18.1999472216428,18.3037266415625,18.4292572246569,18.5879562474814,18.9224162025099,18.9431966313824,19.12424968111,19.3799871166209,19.5674378625183,19.7157135308415,20.0493045412816,20.2055840697507,20.6158118273845,20.983205693145,21.4038387321818,23.2413584414674,NA,NA,NA,NA,NA,NA,NA,NA,NA,NA,NA,NA,NA,NA,NA,NA,NA,NA,NA,NA,NA,NA,NA,NA,NA,NA,NA,NA,NA,NA,NA,NA,NA,NA,NA,NA,NA,NA,NA,NA,NA,NA,NA,NA,NA,NA,NA,NA,NA,NA,NA
0.569493670388439,0.667182156968407,0.883013653856836,1.02914716705958,1.11682555457926,1.39497193226167,1.4559635560023,1.51468930736148,1.60412951446714,1.72731757084295,1.80857079317199,1.85023774330308,1.8617343646829,1.98337583396713,2.24762766344393,2.27558196776848,2.34030576542134,2.39094039950246,2.48613383809563,2.58059362576514,2.6794295896009,2.72181515098877,2.82528388124165,2.87492902863658,2.91226363838885,2.984147718217,3.0910486199082,3.14729938364498,3.19108016023969,3.2182739093391,3.28990245829261,3.35136030175637,3.40430351207992,3.46695785502079,3.5157369209933,3.54496341318639,3.6281355191478,3.66577909761341,3.78677066365289,3.84089154277305,3.87651308357182,3.92019006123368,3.98430373852826,4.03703515647353,4.11234663414185,4.20068040778163,4.24729203525601,4.26040057885164,4.29157940645792,4.31431108929679,4.37142598264541,4.39543103964259,4.40600764096165,4.50204465196642,4.57855060156794,4.60805779548001,4.64340011197985,4.66883367871577,4.72952916714496,4.80272947306402,4.80730933084149,4.87291737742247,4.90582681735884,4.93856085402583,4.97846644415452,5.01409496009262,5.03413032211548,5.09055342790336,5.13814472068255,5.15387036923962,5.18048258698765,5.19413817482983,5.21452321718057,5.29750666573775,5.32841718832815,5.35783542473641,5.38731484188017,5.39732657938744,5.44442189257657,5.47395684987186,5.52359940933351,5.55836719930971,5.58482903854613,5.62476024987718,5.67431559637881,5.68912187074344,5.7201867753272,5.72862921410061,5.77473705469411,5.8074144749252,5.83386791550584,5.88602285098569,5.88917811195725,5.90978626647298,5.93618360213442,5.9508241322759,5.99906489155901,6.02794880869141,6.05822254829059,6.08030068052325,6.1119605878621,6.12829756544167,6.1563217765103,6.21984012141201,6.23962219140622,6.27880817253303,6.32070254167545,6.32925503840875,6.34734652959531,6.36116829672605,6.39601695268445,6.40263595469367,6.43772170401314,6.45582745919623,6.4958818570403,6.53029478152943,6.5774548935434,6.59749514228088,6.60604987586726,6.69883955692763,6.72669367906999,6.75231324849459,6.78951180160604,6.79297162892661,6.80631215074039,6.86014205305079,6.86641000132299,6.87303179900285,6.89323571136321,6.91718529418277,6.94275802282817,6.98191636241591,7.01112350997026,7.01627101065432,7.02587412046876,7.0577889907928,7.08120969552223,7.10933920182421,7.12760148008343,7.19571909006782,7.20578654383099,7.23483569438667,7.25113947173524,7.27905018487498,7.28796780860081,7.30963870220221,7.32794626499941,7.33830846387459,7.35710448309596,7.39605818927643,7.41960109064948,7.446995448369,7.46225671565316,7.47607203220967,7.50968749356097,7.5325779693412,7.55678776772168,7.57857087053534,7.61748875039046,7.62718771868273,7.63661328457251,7.65796772952274,7.70420379008793,7.71789801988279,7.73342941802948,7.76939152690337,7.81682151202272,7.82907210550964,7.85645523107349,7.86853820628843,7.89958692439526,7.90620035092982,7.96068963279967,7.97315260211326,7.99461333602606,8.01788373997599,8.04230363776424,8.08035676445152,8.13222790094197,8.14494237083452,8.16664187529946,8.1779421945032,8.218462286008,8.26237607135794,8.27347879355911,8.31072240537161,8.31983769687874,8.33260731035999,8.36994925956397,8.37193368485439,8.42946116712053,8.45322169572237,8.4802453867656,8.49959843499983,8.52044668954404,8.54274586666478,8.59090754389404,8.5972255856899,8.63638049620572,8.64635397645326,8.66951752651869,8.68316821803711,8.70398847910351,8.72605422531895,8.74938617117696,8.77038421972205,8.79910064827319,8.84298815204313,8.86340323954162,8.87650942441601,8.88801587209565,8.96094946638762,9.00964128046718,9.03472913820635,9.04844638464882,9.08682305210415,9.1038211176694,9.14544074864807,9.15415464148889,9.20720570061684,9.22846496381355,9.2374235680235,9.27513860214309,9.29762181320852,9.32481516249641,9.36746693445543,9.39579341817925,9.43230190880655,9.4483112382593,9.49906919099426,9.55193179945696,9.57048596373475,9.59497890464486,9.61922512295459,9.6628944845894,9.70395039641243,9.72970342777243,9.75988943006664,9.77728684522162,9.84449078671852,9.86562311448759,9.91823319228178,9.92836398788626,9.95215667773922,9.98484794374205,9.98880523651835,10.0376084381347,10.0782166619371,10.1024344474174,10.1170342406593,10.1517957492368,10.2104936873567,10.231449697891,10.2697531985964,10.2785647530424,10.3100817594617,10.3422481122762,10.3684392279565,10.3980721688881,10.4492287031768,10.4699166875158,10.4985179634668,10.5122552546638,10.5799272366467,10.6240418785202,10.6532210494095,10.6772500364392,10.7293512458815,10.8181545360686,10.8284635282985,10.8612970623119,10.8809233355423,10.9062349716555,11.0014478745019,11.0304186965645,11.0391316318582,11.07096558054,11.0989344423662,11.1405534636839,11.1612615198527,11.1887119780653,11.2725584912849,11.3127427204859,11.3368358677931,11.3602504151041,11.4331765349838,11.4732449732277,11.5075998119333,11.5428635536838,11.5611622547648,11.5828628911069,11.6642524999213,11.6852734372716,11.7205026262085,11.7732172610208,11.7918533814511,11.8154828735855,11.872775733946,11.9086105094158,11.9816049085018,11.990675953303,12.026104503537,12.1006601977358,12.1151573912737,12.1899884658059,12.2345319508301,12.2641712950851,12.2852796355025,12.3132682065947,12.3758546472027,12.4006316997066,12.4033059555657,12.4604881321132,12.4833517485283,12.5790232038657,12.5943762335389,12.6469851348447,12.6668329414039,12.7061504038299,12.7616498685036,12.8262538291742,12.8744123927481,12.879852905038,12.9082515168896,12.9180138266853,13.0050151620238,13.0330612242777,13.064404454931,13.1086179288555,13.1134856242817,13.1638306463525,13.2443247546312,13.2827316453525,13.3186912980599,13.3729627600566,13.4473679545641,13.4641406495027,13.4840542921229,13.5011326411565,13.5641155636697,13.5849196891386,13.635363195926,13.6883513828067,13.7306430466482,13.7737408915025,13.8192543155857,13.8305793865716,13.9065292651885,13.9523375539029,14.0165426105139,14.0517612350856,14.0984656144022,14.125474183861,14.1883899871538,14.2006167403393,14.2089820632795,14.3004059674624,14.3694083334285,14.3979459535879,14.4611578687852,14.5139135083697,14.5869948176832,14.6093578055443,14.6779252558473,14.6962179573214,14.7900311734787,14.7999078040223,14.8632112354614,14.9691598312289,15.0207306389788,15.11682719722,15.1847088649222,15.1945429148972,15.3269787448832,15.3593355922191,15.3806420990224,15.4947914283078,15.5356882309803,15.5757966117381,15.6845260632252,15.6958237417709,15.8299535449705,15.9344044558569,15.9425771418282,16.0950770679084,16.1689666224798,16.2074147705776,16.3389964278918,16.4535850192368,16.5364144154615,16.5921416955571,16.7071870322675,16.7884008125026,16.8298034930498,17.0042975058823,17.1227787553877,17.2664626716929,17.4690064548994,17.8855699831034,17.966839058288,18.0675343149646,18.1999472216428,18.3037266415625,18.4292572246569,18.5879562474814,18.9224162025099,18.9431966313824,19.12424968111,19.3799871166209,19.5674378625183,19.7157135308415,20.0493045412816,20.2055840697507,20.6158118273845,20.983205693145,21.4038387321818,23.2413584414674,NA,NA,NA,NA,NA,NA,NA,NA,NA,NA,NA,NA,NA,NA,NA,NA,NA,NA,NA,NA,NA,NA,NA,NA,NA,NA,NA,NA,NA,NA,NA,NA,NA,NA,NA,NA,NA,NA,NA,NA,NA,NA,NA,NA,NA,NA,NA,NA,NA,NA,NA
0.569493670388439,0.667182156968407,0.883013653856836,1.02914716705958,1.11682555457926,1.39497193226167,1.4559635560023,1.51468930736148,1.60412951446714,1.72731757084295,1.80857079317199,1.85023774330308,1.8617343646829,1.98337583396713,2.24762766344393,2.27558196776848,2.34030576542134,2.39094039950246,2.48613383809563,2.58059362576514,2.6794295896009,2.72181515098877,2.82528388124165,2.87492902863658,2.91226363838885,2.984147718217,3.0910486199082,3.14729938364498,3.19108016023969,3.2182739093391,3.28990245829261,3.35136030175637,3.40430351207992,3.46695785502079,3.5157369209933,3.54496341318639,3.6281355191478,3.66577909761341,3.78677066365289,3.84089154277305,3.87651308357182,3.92019006123368,3.98430373852826,4.03703515647353,4.11234663414185,4.20068040778163,4.24729203525601,4.26040057885164,4.29157940645792,4.31431108929679,4.37142598264541,4.39543103964259,4.40600764096165,4.50204465196642,4.57855060156794,4.60805779548001,4.64340011197985,4.66883367871577,4.72952916714496,4.80272947306402,4.80730933084149,4.87291737742247,4.90582681735884,4.93856085402583,4.97846644415452,5.01409496009262,5.03413032211548,5.09055342790336,5.13814472068255,5.15387036923962,5.18048258698765,5.19413817482983,5.21452321718057,5.29750666573775,5.32841718832815,5.35783542473641,5.38731484188017,5.39732657938744,5.44442189257657,5.47395684987186,5.52359940933351,5.55836719930971,5.58482903854613,5.62476024987718,5.67431559637881,5.68912187074344,5.7201867753272,5.72862921410061,5.77473705469411,5.8074144749252,5.83386791550584,5.88602285098569,5.88917811195725,5.90978626647298,5.93618360213442,5.9508241322759,5.99906489155901,6.02794880869141,6.05822254829059,6.08030068052325,6.1119605878621,6.12829756544167,6.1563217765103,6.21984012141201,6.23962219140622,6.27880817253303,6.32070254167545,6.32925503840875,6.34734652959531,6.36116829672605,6.39601695268445,6.40263595469367,6.43772170401314,6.45582745919623,6.4958818570403,6.53029478152943,6.5774548935434,6.59749514228088,6.60604987586726,6.69883955692763,6.72669367906999,6.75231324849459,6.78951180160604,6.79297162892661,6.80631215074039,6.86014205305079,6.86641000132299,6.87303179900285,6.89323571136321,6.91718529418277,6.94275802282817,6.98191636241591,7.01112350997026,7.01627101065432,7.02587412046876,7.0577889907928,7.08120969552223,7.10933920182421,7.12760148008343,7.19571909006782,7.20578654383099,7.23483569438667,7.25113947173524,7.27905018487498,7.28796780860081,7.30963870220221,7.32794626499941,7.33830846387459,7.35710448309596,7.39605818927643,7.41960109064948,7.446995448369,7.46225671565316,7.47607203220967,7.50968749356097,7.5325779693412,7.55678776772168,7.57857087053534,7.61748875039046,7.62718771868273,7.63661328457251,7.65796772952274,7.70420379008793,7.71789801988279,7.73342941802948,7.76939152690337,7.81682151202272,7.82907210550964,7.85645523107349,7.86853820628843,7.89958692439526,7.90620035092982,7.96068963279967,7.97315260211326,7.99461333602606,8.01788373997599,8.04230363776424,8.08035676445152,8.13222790094197,8.14494237083452,8.16664187529946,8.1779421945032,8.218462286008,8.26237607135794,8.27347879355911,8.31072240537161,8.31983769687874,8.33260731035999,8.36994925956397,8.37193368485439,8.42946116712053,8.45322169572237,8.4802453867656,8.49959843499983,8.52044668954404,8.54274586666478,8.59090754389404,8.5972255856899,8.63638049620572,8.64635397645326,8.66951752651869,8.68316821803711,8.70398847910351,8.72605422531895,8.74938617117696,8.77038421972205,8.79910064827319,8.84298815204313,8.86340323954162,8.87650942441601,8.88801587209565,8.96094946638762,9.00964128046718,9.03472913820635,9.04844638464882,9.08682305210415,9.1038211176694,9.14544074864807,9.15415464148889,9.20720570061684,9.22846496381355,9.2374235680235,9.27513860214309,9.29762181320852,9.32481516249641,9.36746693445543,9.39579341817925,9.43230190880655,9.4483112382593,9.49906919099426,9.55193179945696,9.57048596373475,9.59497890464486,9.61922512295459,9.6628944845894,9.70395039641243,9.72970342777243,9.75988943006664,9.77728684522162,9.84449078671852,9.86562311448759,9.91823319228178,9.92836398788626,9.95215667773922,9.98484794374205,9.98880523651835,10.0376084381347,10.0782166619371,10.1024344474174,10.1170342406593,10.1517957492368,10.2104936873567,10.231449697891,10.2697531985964,10.2785647530424,10.3100817594617,10.3422481122762,10.3684392279565,10.3980721688881,10.4492287031768,10.4699166875158,10.4985179634668,10.5122552546638,10.5799272366467,10.6240418785202,10.6532210494095,10.6772500364392,10.7293512458815,10.8181545360686,10.8284635282985,10.8612970623119,10.8809233355423,10.9062349716555,11.0014478745019,11.0304186965645,11.0391316318582,11.07096558054,11.0989344423662,11.1405534636839,11.1612615198527,11.1887119780653,11.2725584912849,11.3127427204859,11.3368358677931,11.3602504151041,11.4331765349838,11.4732449732277,11.5075998119333,11.5428635536838,11.5611622547648,11.5828628911069,11.6642524999213,11.6852734372716,11.7205026262085,11.7732172610208,11.7918533814511,11.8154828735855,11.872775733946,11.9086105094158,11.9816049085018,11.990675953303,12.026104503537,12.1006601977358,12.1151573912737,12.1899884658059,12.2345319508301,12.2641712950851,12.2852796355025,12.3132682065947,12.3758546472027,12.4006316997066,12.4033059555657,12.4604881321132,12.4833517485283,12.5790232038657,12.5943762335389,12.6469851348447,12.6668329414039,12.7061504038299,12.7616498685036,12.8262538291742,12.8744123927481,12.879852905038,12.9082515168896,12.9180138266853,13.0050151620238,13.0330612242777,13.064404454931,13.1086179288555,13.1134856242817,13.1638306463525,13.2443247546312,13.2827316453525,13.3186912980599,13.3729627600566,13.4473679545641,13.4641406495027,13.4840542921229,13.5011326411565,13.5641155636697,13.5849196891386,13.635363195926,13.6883513828067,13.7306430466482,13.7737408915025,13.8192543155857,13.8305793865716,13.9065292651885,13.9523375539029,14.0165426105139,14.0517612350856,14.0984656144022,14.125474183861,14.1883899871538,14.2006167403393,14.2089820632795,14.3004059674624,14.3694083334285,14.3979459535879,14.4611578687852,14.5139135083697,14.5869948176832,14.6093578055443,14.6779252558473,14.6962179573214,14.7900311734787,14.7999078040223,14.8632112354614,14.9691598312289,15.0207306389788,15.11682719722,15.1847088649222,15.1945429148972,15.3269787448832,15.3593355922191,15.3806420990224,15.4947914283078,15.5356882309803,15.5757966117381,15.6845260632252,15.6958237417709,15.8299535449705,15.9344044558569,15.9425771418282,16.0950770679084,16.1689666224798,16.2074147705776,16.3389964278918,16.4535850192368,16.5364144154615,16.5921416955571,16.7071870322675,16.7884008125026,16.8298034930498,17.0042975058823,17.1227787553877,17.2664626716929,17.4690064548994,17.8855699831034,17.966839058288,18.0675343149646,18.1999472216428,18.3037266415625,18.4292572246569,18.5879562474814,18.9224162025099,18.9431966313824,19.12424968111,19.3799871166209,19.5674378625183,19.7157135308415,20.0493045412816,20.2055840697507,20.6158118273845,20.983205693145,21.4038387321818,23.2413584414674,NA,NA,NA,NA,NA,NA,NA,NA,NA,NA,NA,NA,NA,NA,NA,NA,NA,NA,NA,NA,NA,NA,NA,NA,NA,NA,NA,NA,NA,NA,NA,NA,NA,NA,NA,NA,NA,NA,NA,NA,NA,NA,NA,NA,NA,NA,NA,NA,NA,NA,NA
0.569493670388439,0.667182156968407,0.883013653856836,1.02914716705958,1.11682555457926,1.39497193226167,1.4559635560023,1.51468930736148,1.60412951446714,1.72731757084295,1.80857079317199,1.85023774330308,1.8617343646829,1.98337583396713,2.24762766344393,2.27558196776848,2.34030576542134,2.39094039950246,2.48613383809563,2.58059362576514,2.6794295896009,2.72181515098877,2.82528388124165,2.87492902863658,2.91226363838885,2.984147718217,3.0910486199082,3.14729938364498,3.19108016023969,3.2182739093391,3.28990245829261,3.35136030175637,3.40430351207992,3.46695785502079,3.5157369209933,3.54496341318639,3.6281355191478,3.66577909761341,3.78677066365289,3.84089154277305,3.87651308357182,3.92019006123368,3.98430373852826,4.03703515647353,4.11234663414185,4.20068040778163,4.24729203525601,4.26040057885164,4.29157940645792,4.31431108929679,4.37142598264541,4.39543103964259,4.40600764096165,4.50204465196642,4.57855060156794,4.60805779548001,4.64340011197985,4.66883367871577,4.72952916714496,4.80272947306402,4.80730933084149,4.87291737742247,4.90582681735884,4.93856085402583,4.97846644415452,5.01409496009262,5.03413032211548,5.09055342790336,5.13814472068255,5.15387036923962,5.18048258698765,5.19413817482983,5.21452321718057,5.29750666573775,5.32841718832815,5.35783542473641,5.38731484188017,5.39732657938744,5.44442189257657,5.47395684987186,5.52359940933351,5.55836719930971,5.58482903854613,5.62476024987718,5.67431559637881,5.68912187074344,5.7201867753272,5.72862921410061,5.77473705469411,5.8074144749252,5.83386791550584,5.88602285098569,5.88917811195725,5.90978626647298,5.93618360213442,5.9508241322759,5.99906489155901,6.02794880869141,6.05822254829059,6.08030068052325,6.1119605878621,6.12829756544167,6.1563217765103,6.21984012141201,6.23962219140622,6.27880817253303,6.32070254167545,6.32925503840875,6.34734652959531,6.36116829672605,6.39601695268445,6.40263595469367,6.43772170401314,6.45582745919623,6.4958818570403,6.53029478152943,6.5774548935434,6.59749514228088,6.60604987586726,6.69883955692763,6.72669367906999,6.75231324849459,6.78951180160604,6.79297162892661,6.80631215074039,6.86014205305079,6.86641000132299,6.87303179900285,6.89323571136321,6.91718529418277,6.94275802282817,6.98191636241591,7.01112350997026,7.01627101065432,7.02587412046876,7.0577889907928,7.08120969552223,7.10933920182421,7.12760148008343,7.19571909006782,7.20578654383099,7.23483569438667,7.25113947173524,7.27905018487498,7.28796780860081,7.30963870220221,7.32794626499941,7.33830846387459,7.35710448309596,7.39605818927643,7.41960109064948,7.446995448369,7.46225671565316,7.47607203220967,7.50968749356097,7.5325779693412,7.55678776772168,7.57857087053534,7.61748875039046,7.62718771868273,7.63661328457251,7.65796772952274,7.70420379008793,7.71789801988279,7.73342941802948,7.76939152690337,7.81682151202272,7.82907210550964,7.85645523107349,7.86853820628843,7.89958692439526,7.90620035092982,7.96068963279967,7.97315260211326,7.99461333602606,8.01788373997599,8.04230363776424,8.08035676445152,8.13222790094197,8.14494237083452,8.16664187529946,8.1779421945032,8.218462286008,8.26237607135794,8.27347879355911,8.31072240537161,8.31983769687874,8.33260731035999,8.36994925956397,8.37193368485439,8.42946116712053,8.45322169572237,8.4802453867656,8.49959843499983,8.52044668954404,8.54274586666478,8.59090754389404,8.5972255856899,8.63638049620572,8.64635397645326,8.66951752651869,8.68316821803711,8.70398847910351,8.72605422531895,8.74938617117696,8.77038421972205,8.79910064827319,8.84298815204313,8.86340323954162,8.87650942441601,8.88801587209565,8.96094946638762,9.00964128046718,9.03472913820635,9.04844638464882,9.08682305210415,9.1038211176694,9.14544074864807,9.15415464148889,9.20720570061684,9.22846496381355,9.2374235680235,9.27513860214309,9.29762181320852,9.32481516249641,9.36746693445543,9.39579341817925,9.43230190880655,9.4483112382593,9.49906919099426,9.55193179945696,9.57048596373475,9.59497890464486,9.61922512295459,9.6628944845894,9.70395039641243,9.72970342777243,9.75988943006664,9.77728684522162,9.84449078671852,9.86562311448759,9.91823319228178,9.92836398788626,9.95215667773922,9.98484794374205,9.98880523651835,10.0376084381347,10.0782166619371,10.1024344474174,10.1170342406593,10.1517957492368,10.2104936873567,10.231449697891,10.2697531985964,10.2785647530424,10.3100817594617,10.3422481122762,10.3684392279565,10.3980721688881,10.4492287031768,10.4699166875158,10.4985179634668,10.5122552546638,10.5799272366467,10.6240418785202,10.6532210494095,10.6772500364392,10.7293512458815,10.8181545360686,10.8284635282985,10.8612970623119,10.8809233355423,10.9062349716555,11.0014478745019,11.0304186965645,11.0391316318582,11.07096558054,11.0989344423662,11.1405534636839,11.1612615198527,11.1887119780653,11.2725584912849,11.3127427204859,11.3368358677931,11.3602504151041,11.4331765349838,11.4732449732277,11.5075998119333,11.5428635536838,11.5611622547648,11.5828628911069,11.6642524999213,11.6852734372716,11.7205026262085,11.7732172610208,11.7918533814511,11.8154828735855,11.872775733946,11.9086105094158,11.9816049085018,11.990675953303,12.026104503537,12.1006601977358,12.1151573912737,12.1899884658059,12.2345319508301,12.2641712950851,12.2852796355025,12.3132682065947,12.3758546472027,12.4006316997066,12.4033059555657,12.4604881321132,12.4833517485283,12.5790232038657,12.5943762335389,12.6469851348447,12.6668329414039,12.7061504038299,12.7616498685036,12.8262538291742,12.8744123927481,12.879852905038,12.9082515168896,12.9180138266853,13.0050151620238,13.0330612242777,13.064404454931,13.1086179288555,13.1134856242817,13.1638306463525,13.2443247546312,13.2827316453525,13.3186912980599,13.3729627600566,13.4473679545641,13.4641406495027,13.4840542921229,13.5011326411565,13.5641155636697,13.5849196891386,13.635363195926,13.6883513828067,13.7306430466482,13.7737408915025,13.8192543155857,13.8305793865716,13.9065292651885,13.9523375539029,14.0165426105139,14.0517612350856,14.0984656144022,14.125474183861,14.1883899871538,14.2006167403393,14.2089820632795,14.3004059674624,14.3694083334285,14.3979459535879,14.4611578687852,14.5139135083697,14.5869948176832,14.6093578055443,14.6779252558473,14.6962179573214,14.7900311734787,14.7999078040223,14.8632112354614,14.9691598312289,15.0207306389788,15.11682719722,15.1847088649222,15.1945429148972,15.3269787448832,15.3593355922191,15.3806420990224,15.4947914283078,15.5356882309803,15.5757966117381,15.6845260632252,15.6958237417709,15.8299535449705,15.9344044558569,15.9425771418282,16.0950770679084,16.1689666224798,16.2074147705776,16.3389964278918,16.4535850192368,16.5364144154615,16.5921416955571,16.7071870322675,16.7884008125026,16.8298034930498,17.0042975058823,17.1227787553877,17.2664626716929,17.4690064548994,17.8855699831034,17.966839058288,18.0675343149646,18.1999472216428,18.3037266415625,18.4292572246569,18.5879562474814,18.9224162025099,18.9431966313824,19.12424968111,19.3799871166209,19.5674378625183,19.7157135308415,20.0493045412816,20.2055840697507,20.6158118273845,20.983205693145,21.4038387321818,23.2413584414674,NA,NA,NA,NA,NA,NA,NA,NA,NA,NA,NA,NA,NA,NA,NA,NA,NA,NA,NA,NA,NA,NA,NA,NA,NA,NA,NA,NA,NA,NA,NA,NA,NA,NA,NA,NA,NA,NA,NA,NA,NA,NA,NA,NA,NA,NA,NA,NA,NA,NA,NA
0.569493670388439,0.667182156968407,0.883013653856836,1.02914716705958,1.11682555457926,1.39497193226167,1.4559635560023,1.51468930736148,1.60412951446714,1.72731757084295,1.80857079317199,1.85023774330308,1.8617343646829,1.98337583396713,2.24762766344393,2.27558196776848,2.34030576542134,2.39094039950246,2.48613383809563,2.58059362576514,2.6794295896009,2.72181515098877,2.82528388124165,2.87492902863658,2.91226363838885,2.984147718217,3.0910486199082,3.14729938364498,3.19108016023969,3.2182739093391,3.28990245829261,3.35136030175637,3.40430351207992,3.46695785502079,3.5157369209933,3.54496341318639,3.6281355191478,3.66577909761341,3.78677066365289,3.84089154277305,3.87651308357182,3.92019006123368,3.98430373852826,4.03703515647353,4.11234663414185,4.20068040778163,4.24729203525601,4.26040057885164,4.29157940645792,4.31431108929679,4.37142598264541,4.39543103964259,4.40600764096165,4.50204465196642,4.57855060156794,4.60805779548001,4.64340011197985,4.66883367871577,4.72952916714496,4.80272947306402,4.80730933084149,4.87291737742247,4.90582681735884,4.93856085402583,4.97846644415452,5.01409496009262,5.03413032211548,5.09055342790336,5.13814472068255,5.15387036923962,5.18048258698765,5.19413817482983,5.21452321718057,5.29750666573775,5.32841718832815,5.35783542473641,5.38731484188017,5.39732657938744,5.44442189257657,5.47395684987186,5.52359940933351,5.55836719930971,5.58482903854613,5.62476024987718,5.67431559637881,5.68912187074344,5.7201867753272,5.72862921410061,5.77473705469411,5.8074144749252,5.83386791550584,5.88602285098569,5.88917811195725,5.90978626647298,5.93618360213442,5.9508241322759,5.99906489155901,6.02794880869141,6.05822254829059,6.08030068052325,6.1119605878621,6.12829756544167,6.1563217765103,6.21984012141201,6.23962219140622,6.27880817253303,6.32070254167545,6.32925503840875,6.34734652959531,6.36116829672605,6.39601695268445,6.40263595469367,6.43772170401314,6.45582745919623,6.4958818570403,6.53029478152943,6.5774548935434,6.59749514228088,6.60604987586726,6.69883955692763,6.72669367906999,6.75231324849459,6.78951180160604,6.79297162892661,6.80631215074039,6.86014205305079,6.86641000132299,6.87303179900285,6.89323571136321,6.91718529418277,6.94275802282817,6.98191636241591,7.01112350997026,7.01627101065432,7.02587412046876,7.0577889907928,7.08120969552223,7.10933920182421,7.12760148008343,7.19571909006782,7.20578654383099,7.23483569438667,7.25113947173524,7.27905018487498,7.28796780860081,7.30963870220221,7.32794626499941,7.33830846387459,7.35710448309596,7.39605818927643,7.41960109064948,7.446995448369,7.46225671565316,7.47607203220967,7.50968749356097,7.5325779693412,7.55678776772168,7.57857087053534,7.61748875039046,7.62718771868273,7.63661328457251,7.65796772952274,7.70420379008793,7.71789801988279,7.73342941802948,7.76939152690337,7.81682151202272,7.82907210550964,7.85645523107349,7.86853820628843,7.89958692439526,7.90620035092982,7.96068963279967,7.97315260211326,7.99461333602606,8.01788373997599,8.04230363776424,8.08035676445152,8.13222790094197,8.14494237083452,8.16664187529946,8.1779421945032,8.218462286008,8.26237607135794,8.27347879355911,8.31072240537161,8.31983769687874,8.33260731035999,8.36994925956397,8.37193368485439,8.42946116712053,8.45322169572237,8.4802453867656,8.49959843499983,8.52044668954404,8.54274586666478,8.59090754389404,8.5972255856899,8.63638049620572,8.64635397645326,8.66951752651869,8.68316821803711,8.70398847910351,8.72605422531895,8.74938617117696,8.77038421972205,8.79910064827319,8.84298815204313,8.86340323954162,8.87650942441601,8.88801587209565,8.96094946638762,9.00964128046718,9.03472913820635,9.04844638464882,9.08682305210415,9.1038211176694,9.14544074864807,9.15415464148889,9.20720570061684,9.22846496381355,9.2374235680235,9.27513860214309,9.29762181320852,9.32481516249641,9.36746693445543,9.39579341817925,9.43230190880655,9.4483112382593,9.49906919099426,9.55193179945696,9.57048596373475,9.59497890464486,9.61922512295459,9.6628944845894,9.70395039641243,9.72970342777243,9.75988943006664,9.77728684522162,9.84449078671852,9.86562311448759,9.91823319228178,9.92836398788626,9.95215667773922,9.98484794374205,9.98880523651835,10.0376084381347,10.0782166619371,10.1024344474174,10.1170342406593,10.1517957492368,10.2104936873567,10.231449697891,10.2697531985964,10.2785647530424,10.3100817594617,10.3422481122762,10.3684392279565,10.3980721688881,10.4492287031768,10.4699166875158,10.4985179634668,10.5122552546638,10.5799272366467,10.6240418785202,10.6532210494095,10.6772500364392,10.7293512458815,10.8181545360686,10.8284635282985,10.8612970623119,10.8809233355423,10.9062349716555,11.0014478745019,11.0304186965645,11.0391316318582,11.07096558054,11.0989344423662,11.1405534636839,11.1612615198527,11.1887119780653,11.2725584912849,11.3127427204859,11.3368358677931,11.3602504151041,11.4331765349838,11.4732449732277,11.5075998119333,11.5428635536838,11.5611622547648,11.5828628911069,11.6642524999213,11.6852734372716,11.7205026262085,11.7732172610208,11.7918533814511,11.8154828735855,11.872775733946,11.9086105094158,11.9816049085018,11.990675953303,12.026104503537,12.1006601977358,12.1151573912737,12.1899884658059,12.2345319508301,12.2641712950851,12.2852796355025,12.3132682065947,12.3758546472027,12.4006316997066,12.4033059555657,12.4604881321132,12.4833517485283,12.5790232038657,12.5943762335389,12.6469851348447,12.6668329414039,12.7061504038299,12.7616498685036,12.8262538291742,12.8744123927481,12.879852905038,12.9082515168896,12.9180138266853,13.0050151620238,13.0330612242777,13.064404454931,13.1086179288555,13.1134856242817,13.1638306463525,13.2443247546312,13.2827316453525,13.3186912980599,13.3729627600566,13.4473679545641,13.4641406495027,13.4840542921229,13.5011326411565,13.5641155636697,13.5849196891386,13.635363195926,13.6883513828067,13.7306430466482,13.7737408915025,13.8192543155857,13.8305793865716,13.9065292651885,13.9523375539029,14.0165426105139,14.0517612350856,14.0984656144022,14.125474183861,14.1883899871538,14.2006167403393,14.2089820632795,14.3004059674624,14.3694083334285,14.3979459535879,14.4611578687852,14.5139135083697,14.5869948176832,14.6093578055443,14.6779252558473,14.6962179573214,14.7900311734787,14.7999078040223,14.8632112354614,14.9691598312289,15.0207306389788,15.11682719722,15.1847088649222,15.1945429148972,15.3269787448832,15.3593355922191,15.3806420990224,15.4947914283078,15.5356882309803,15.5757966117381,15.6845260632252,15.6958237417709,15.8299535449705,15.9344044558569,15.9425771418282,16.0950770679084,16.1689666224798,16.2074147705776,16.3389964278918,16.4535850192368,16.5364144154615,16.5921416955571,16.7071870322675,16.7884008125026,16.8298034930498,17.0042975058823,17.1227787553877,17.2664626716929,17.4690064548994,17.8855699831034,17.966839058288,18.0675343149646,18.1999472216428,18.3037266415625,18.4292572246569,18.5879562474814,18.9224162025099,18.9431966313824,19.12424968111,19.3799871166209,19.5674378625183,19.7157135308415,20.0493045412816,20.2055840697507,20.6158118273845,20.983205693145,21.4038387321818,23.2413584414674,NA,NA,NA,NA,NA,NA,NA,NA,NA,NA,NA,NA,NA,NA,NA,NA,NA,NA,NA,NA,NA,NA,NA,NA,NA,NA,NA,NA,NA,NA,NA,NA,NA,NA,NA,NA,NA,NA,NA,NA,NA,NA,NA,NA,NA,NA,NA,NA,NA,NA,NA
0.569493670388439,0.667182156968407,0.883013653856836,1.02914716705958,1.11682555457926,1.39497193226167,1.4559635560023,1.51468930736148,1.60412951446714,1.72731757084295,1.80857079317199,1.85023774330308,1.8617343646829,1.98337583396713,2.24762766344393,2.27558196776848,2.34030576542134,2.39094039950246,2.48613383809563,2.58059362576514,2.6794295896009,2.72181515098877,2.82528388124165,2.87492902863658,2.91226363838885,2.984147718217,3.0910486199082,3.14729938364498,3.19108016023969,3.2182739093391,3.28990245829261,3.35136030175637,3.40430351207992,3.46695785502079,3.5157369209933,3.54496341318639,3.6281355191478,3.66577909761341,3.78677066365289,3.84089154277305,3.87651308357182,3.92019006123368,3.98430373852826,4.03703515647353,4.11234663414185,4.20068040778163,4.24729203525601,4.26040057885164,4.29157940645792,4.31431108929679,4.37142598264541,4.39543103964259,4.40600764096165,4.50204465196642,4.57855060156794,4.60805779548001,4.64340011197985,4.66883367871577,4.72952916714496,4.80272947306402,4.80730933084149,4.87291737742247,4.90582681735884,4.93856085402583,4.97846644415452,5.01409496009262,5.03413032211548,5.09055342790336,5.13814472068255,5.15387036923962,5.18048258698765,5.19413817482983,5.21452321718057,5.29750666573775,5.32841718832815,5.35783542473641,5.38731484188017,5.39732657938744,5.44442189257657,5.47395684987186,5.52359940933351,5.55836719930971,5.58482903854613,5.62476024987718,5.67431559637881,5.68912187074344,5.7201867753272,5.72862921410061,5.77473705469411,5.8074144749252,5.83386791550584,5.88602285098569,5.88917811195725,5.90978626647298,5.93618360213442,5.9508241322759,5.99906489155901,6.02794880869141,6.05822254829059,6.08030068052325,6.1119605878621,6.12829756544167,6.1563217765103,6.21984012141201,6.23962219140622,6.27880817253303,6.32070254167545,6.32925503840875,6.34734652959531,6.36116829672605,6.39601695268445,6.40263595469367,6.43772170401314,6.45582745919623,6.4958818570403,6.53029478152943,6.5774548935434,6.59749514228088,6.60604987586726,6.69883955692763,6.72669367906999,6.75231324849459,6.78951180160604,6.79297162892661,6.80631215074039,6.86014205305079,6.86641000132299,6.87303179900285,6.89323571136321,6.91718529418277,6.94275802282817,6.98191636241591,7.01112350997026,7.01627101065432,7.02587412046876,7.0577889907928,7.08120969552223,7.10933920182421,7.12760148008343,7.19571909006782,7.20578654383099,7.23483569438667,7.25113947173524,7.27905018487498,7.28796780860081,7.30963870220221,7.32794626499941,7.33830846387459,7.35710448309596,7.39605818927643,7.41960109064948,7.446995448369,7.46225671565316,7.47607203220967,7.50968749356097,7.5325779693412,7.55678776772168,7.57857087053534,7.61748875039046,7.62718771868273,7.63661328457251,7.65796772952274,7.70420379008793,7.71789801988279,7.73342941802948,7.76939152690337,7.81682151202272,7.82907210550964,7.85645523107349,7.86853820628843,7.89958692439526,7.90620035092982,7.96068963279967,7.97315260211326,7.99461333602606,8.01788373997599,8.04230363776424,8.08035676445152,8.13222790094197,8.14494237083452,8.16664187529946,8.1779421945032,8.218462286008,8.26237607135794,8.27347879355911,8.31072240537161,8.31983769687874,8.33260731035999,8.36994925956397,8.37193368485439,8.42946116712053,8.45322169572237,8.4802453867656,8.49959843499983,8.52044668954404,8.54274586666478,8.59090754389404,8.5972255856899,8.63638049620572,8.64635397645326,8.66951752651869,8.68316821803711,8.70398847910351,8.72605422531895,8.74938617117696,8.77038421972205,8.79910064827319,8.84298815204313,8.86340323954162,8.87650942441601,8.88801587209565,8.96094946638762,9.00964128046718,9.03472913820635,9.04844638464882,9.08682305210415,9.1038211176694,9.14544074864807,9.15415464148889,9.20720570061684,9.22846496381355,9.2374235680235,9.27513860214309,9.29762181320852,9.32481516249641,9.36746693445543,9.39579341817925,9.43230190880655,9.4483112382593,9.49906919099426,9.55193179945696,9.57048596373475,9.59497890464486,9.61922512295459,9.6628944845894,9.70395039641243,9.72970342777243,9.75988943006664,9.77728684522162,9.84449078671852,9.86562311448759,9.91823319228178,9.92836398788626,9.95215667773922,9.98484794374205,9.98880523651835,10.0376084381347,10.0782166619371,10.1024344474174,10.1170342406593,10.1517957492368,10.2104936873567,10.231449697891,10.2697531985964,10.2785647530424,10.3100817594617,10.3422481122762,10.3684392279565,10.3980721688881,10.4492287031768,10.4699166875158,10.4985179634668,10.5122552546638,10.5799272366467,10.6240418785202,10.6532210494095,10.6772500364392,10.7293512458815,10.8181545360686,10.8284635282985,10.8612970623119,10.8809233355423,10.9062349716555,11.0014478745019,11.0304186965645,11.0391316318582,11.07096558054,11.0989344423662,11.1405534636839,11.1612615198527,11.1887119780653,11.2725584912849,11.3127427204859,11.3368358677931,11.3602504151041,11.4331765349838,11.4732449732277,11.5075998119333,11.5428635536838,11.5611622547648,11.5828628911069,11.6642524999213,11.6852734372716,11.7205026262085,11.7732172610208,11.7918533814511,11.8154828735855,11.872775733946,11.9086105094158,11.9816049085018,11.990675953303,12.026104503537,12.1006601977358,12.1151573912737,12.1899884658059,12.2345319508301,12.2641712950851,12.2852796355025,12.3132682065947,12.3758546472027,12.4006316997066,12.4033059555657,12.4604881321132,12.4833517485283,12.5790232038657,12.5943762335389,12.6469851348447,12.6668329414039,12.7061504038299,12.7616498685036,12.8262538291742,12.8744123927481,12.879852905038,12.9082515168896,12.9180138266853,13.0050151620238,13.0330612242777,13.064404454931,13.1086179288555,13.1134856242817,13.1638306463525,13.2443247546312,13.2827316453525,13.3186912980599,13.3729627600566,13.4473679545641,13.4641406495027,13.4840542921229,13.5011326411565,13.5641155636697,13.5849196891386,13.635363195926,13.6883513828067,13.7306430466482,13.7737408915025,13.8192543155857,13.8305793865716,13.9065292651885,13.9523375539029,14.0165426105139,14.0517612350856,14.0984656144022,14.125474183861,14.1883899871538,14.2006167403393,14.2089820632795,14.3004059674624,14.3694083334285,14.3979459535879,14.4611578687852,14.5139135083697,14.5869948176832,14.6093578055443,14.6779252558473,14.6962179573214,14.7900311734787,14.7999078040223,14.8632112354614,14.9691598312289,15.0207306389788,15.11682719722,15.1847088649222,15.1945429148972,15.3269787448832,15.3593355922191,15.3806420990224,15.4947914283078,15.5356882309803,15.5757966117381,15.6845260632252,15.6958237417709,15.8299535449705,15.9344044558569,15.9425771418282,16.0950770679084,16.1689666224798,16.2074147705776,16.3389964278918,16.4535850192368,16.5364144154615,16.5921416955571,16.7071870322675,16.7884008125026,16.8298034930498,17.0042975058823,17.1227787553877,17.2664626716929,17.4690064548994,17.8855699831034,17.966839058288,18.0675343149646,18.1999472216428,18.3037266415625,18.4292572246569,18.5879562474814,18.9224162025099,18.9431966313824,19.12424968111,19.3799871166209,19.5674378625183,19.7157135308415,20.0493045412816,20.2055840697507,20.6158118273845,20.983205693145,21.4038387321818,23.2413584414674,NA,NA,NA,NA,NA,NA,NA,NA,NA,NA,NA,NA,NA,NA,NA,NA,NA,NA,NA,NA,NA,NA,NA,NA,NA,NA,NA,NA,NA,NA,NA,NA,NA,NA,NA,NA,NA,NA,NA,NA,NA,NA,NA,NA,NA,NA,NA,NA,NA,NA,NA
0.569493670388439,0.667182156968407,0.883013653856836,1.02914716705958,1.11682555457926,1.39497193226167,1.4559635560023,1.51468930736148,1.60412951446714,1.72731757084295,1.80857079317199,1.85023774330308,1.8617343646829,1.98337583396713,2.24762766344393,2.27558196776848,2.34030576542134,2.39094039950246,2.48613383809563,2.58059362576514,2.6794295896009,2.72181515098877,2.82528388124165,2.87492902863658,2.91226363838885,2.984147718217,3.0910486199082,3.14729938364498,3.19108016023969,3.2182739093391,3.28990245829261,3.35136030175637,3.40430351207992,3.46695785502079,3.5157369209933,3.54496341318639,3.6281355191478,3.66577909761341,3.78677066365289,3.84089154277305,3.87651308357182,3.92019006123368,3.98430373852826,4.03703515647353,4.11234663414185,4.20068040778163,4.24729203525601,4.26040057885164,4.29157940645792,4.31431108929679,4.37142598264541,4.39543103964259,4.40600764096165,4.50204465196642,4.57855060156794,4.60805779548001,4.64340011197985,4.66883367871577,4.72952916714496,4.80272947306402,4.80730933084149,4.87291737742247,4.90582681735884,4.93856085402583,4.97846644415452,5.01409496009262,5.03413032211548,5.09055342790336,5.13814472068255,5.15387036923962,5.18048258698765,5.19413817482983,5.21452321718057,5.29750666573775,5.32841718832815,5.35783542473641,5.38731484188017,5.39732657938744,5.44442189257657,5.47395684987186,5.52359940933351,5.55836719930971,5.58482903854613,5.62476024987718,5.67431559637881,5.68912187074344,5.7201867753272,5.72862921410061,5.77473705469411,5.8074144749252,5.83386791550584,5.88602285098569,5.88917811195725,5.90978626647298,5.93618360213442,5.9508241322759,5.99906489155901,6.02794880869141,6.05822254829059,6.08030068052325,6.1119605878621,6.12829756544167,6.1563217765103,6.21984012141201,6.23962219140622,6.27880817253303,6.32070254167545,6.32925503840875,6.34734652959531,6.36116829672605,6.39601695268445,6.40263595469367,6.43772170401314,6.45582745919623,6.4958818570403,6.53029478152943,6.5774548935434,6.59749514228088,6.60604987586726,6.69883955692763,6.72669367906999,6.75231324849459,6.78951180160604,6.79297162892661,6.80631215074039,6.86014205305079,6.86641000132299,6.87303179900285,6.89323571136321,6.91718529418277,6.94275802282817,6.98191636241591,7.01112350997026,7.01627101065432,7.02587412046876,7.0577889907928,7.08120969552223,7.10933920182421,7.12760148008343,7.19571909006782,7.20578654383099,7.23483569438667,7.25113947173524,7.27905018487498,7.28796780860081,7.30963870220221,7.32794626499941,7.33830846387459,7.35710448309596,7.39605818927643,7.41960109064948,7.446995448369,7.46225671565316,7.47607203220967,7.50968749356097,7.5325779693412,7.55678776772168,7.57857087053534,7.61748875039046,7.62718771868273,7.63661328457251,7.65796772952274,7.70420379008793,7.71789801988279,7.73342941802948,7.76939152690337,7.81682151202272,7.82907210550964,7.85645523107349,7.86853820628843,7.89958692439526,7.90620035092982,7.96068963279967,7.97315260211326,7.99461333602606,8.01788373997599,8.04230363776424,8.08035676445152,8.13222790094197,8.14494237083452,8.16664187529946,8.1779421945032,8.218462286008,8.26237607135794,8.27347879355911,8.31072240537161,8.31983769687874,8.33260731035999,8.36994925956397,8.37193368485439,8.42946116712053,8.45322169572237,8.4802453867656,8.49959843499983,8.52044668954404,8.54274586666478,8.59090754389404,8.5972255856899,8.63638049620572,8.64635397645326,8.66951752651869,8.68316821803711,8.70398847910351,8.72605422531895,8.74938617117696,8.77038421972205,8.79910064827319,8.84298815204313,8.86340323954162,8.87650942441601,8.88801587209565,8.96094946638762,9.00964128046718,9.03472913820635,9.04844638464882,9.08682305210415,9.1038211176694,9.14544074864807,9.15415464148889,9.20720570061684,9.22846496381355,9.2374235680235,9.27513860214309,9.29762181320852,9.32481516249641,9.36746693445543,9.39579341817925,9.43230190880655,9.4483112382593,9.49906919099426,9.55193179945696,9.57048596373475,9.59497890464486,9.61922512295459,9.6628944845894,9.70395039641243,9.72970342777243,9.75988943006664,9.77728684522162,9.84449078671852,9.86562311448759,9.91823319228178,9.92836398788626,9.95215667773922,9.98484794374205,9.98880523651835,10.0376084381347,10.0782166619371,10.1024344474174,10.1170342406593,10.1517957492368,10.2104936873567,10.231449697891,10.2697531985964,10.2785647530424,10.3100817594617,10.3422481122762,10.3684392279565,10.3980721688881,10.4492287031768,10.4699166875158,10.4985179634668,10.5122552546638,10.5799272366467,10.6240418785202,10.6532210494095,10.6772500364392,10.7293512458815,10.8181545360686,10.8284635282985,10.8612970623119,10.8809233355423,10.9062349716555,11.0014478745019,11.0304186965645,11.0391316318582,11.07096558054,11.0989344423662,11.1405534636839,11.1612615198527,11.1887119780653,11.2725584912849,11.3127427204859,11.3368358677931,11.3602504151041,11.4331765349838,11.4732449732277,11.5075998119333,11.5428635536838,11.5611622547648,11.5828628911069,11.6642524999213,11.6852734372716,11.7205026262085,11.7732172610208,11.7918533814511,11.8154828735855,11.872775733946,11.9086105094158,11.9816049085018,11.990675953303,12.026104503537,12.1006601977358,12.1151573912737,12.1899884658059,12.2345319508301,12.2641712950851,12.2852796355025,12.3132682065947,12.3758546472027,12.4006316997066,12.4033059555657,12.4604881321132,12.4833517485283,12.5790232038657,12.5943762335389,12.6469851348447,12.6668329414039,12.7061504038299,12.7616498685036,12.8262538291742,12.8744123927481,12.879852905038,12.9082515168896,12.9180138266853,13.0050151620238,13.0330612242777,13.064404454931,13.1086179288555,13.1134856242817,13.1638306463525,13.2443247546312,13.2827316453525,13.3186912980599,13.3729627600566,13.4473679545641,13.4641406495027,13.4840542921229,13.5011326411565,13.5641155636697,13.5849196891386,13.635363195926,13.6883513828067,13.7306430466482,13.7737408915025,13.8192543155857,13.8305793865716,13.9065292651885,13.9523375539029,14.0165426105139,14.0517612350856,14.0984656144022,14.125474183861,14.1883899871538,14.2006167403393,14.2089820632795,14.3004059674624,14.3694083334285,14.3979459535879,14.4611578687852,14.5139135083697,14.5869948176832,14.6093578055443,14.6779252558473,14.6962179573214,14.7900311734787,14.7999078040223,14.8632112354614,14.9691598312289,15.0207306389788,15.11682719722,15.1847088649222,15.1945429148972,15.3269787448832,15.3593355922191,15.3806420990224,15.4947914283078,15.5356882309803,15.5757966117381,15.6845260632252,15.6958237417709,15.8299535449705,15.9344044558569,15.9425771418282,16.0950770679084,16.1689666224798,16.2074147705776,16.3389964278918,16.4535850192368,16.5364144154615,16.5921416955571,16.7071870322675,16.7884008125026,16.8298034930498,17.0042975058823,17.1227787553877,17.2664626716929,17.4690064548994,17.8855699831034,17.966839058288,18.0675343149646,18.1999472216428,18.3037266415625,18.4292572246569,18.5879562474814,18.9224162025099,18.9431966313824,19.12424968111,19.3799871166209,19.5674378625183,19.7157135308415,20.0493045412816,20.2055840697507,20.6158118273845,20.983205693145,21.4038387321818,23.2413584414674,NA,NA,NA,NA,NA,NA,NA,NA,NA,NA,NA,NA,NA,NA,NA,NA,NA,NA,NA,NA,NA,NA,NA,NA,NA,NA,NA,NA,NA,NA,NA,NA,NA,NA,NA,NA,NA,NA,NA,NA,NA,NA,NA,NA,NA,NA,NA,NA,NA,NA,NA
0.569493670388439,0.667182156968407,0.883013653856836,1.02914716705958,1.11682555457926,1.39497193226167,1.4559635560023,1.51468930736148,1.60412951446714,1.72731757084295,1.80857079317199,1.85023774330308,1.8617343646829,1.98337583396713,2.24762766344393,2.27558196776848,2.34030576542134,2.39094039950246,2.48613383809563,2.58059362576514,2.6794295896009,2.72181515098877,2.82528388124165,2.87492902863658,2.91226363838885,2.984147718217,3.0910486199082,3.14729938364498,3.19108016023969,3.2182739093391,3.28990245829261,3.35136030175637,3.40430351207992,3.46695785502079,3.5157369209933,3.54496341318639,3.6281355191478,3.66577909761341,3.78677066365289,3.84089154277305,3.87651308357182,3.92019006123368,3.98430373852826,4.03703515647353,4.11234663414185,4.20068040778163,4.24729203525601,4.26040057885164,4.29157940645792,4.31431108929679,4.37142598264541,4.39543103964259,4.40600764096165,4.50204465196642,4.57855060156794,4.60805779548001,4.64340011197985,4.66883367871577,4.72952916714496,4.80272947306402,4.80730933084149,4.87291737742247,4.90582681735884,4.93856085402583,4.97846644415452,5.01409496009262,5.03413032211548,5.09055342790336,5.13814472068255,5.15387036923962,5.18048258698765,5.19413817482983,5.21452321718057,5.29750666573775,5.32841718832815,5.35783542473641,5.38731484188017,5.39732657938744,5.44442189257657,5.47395684987186,5.52359940933351,5.55836719930971,5.58482903854613,5.62476024987718,5.67431559637881,5.68912187074344,5.7201867753272,5.72862921410061,5.77473705469411,5.8074144749252,5.83386791550584,5.88602285098569,5.88917811195725,5.90978626647298,5.93618360213442,5.9508241322759,5.99906489155901,6.02794880869141,6.05822254829059,6.08030068052325,6.1119605878621,6.12829756544167,6.1563217765103,6.21984012141201,6.23962219140622,6.27880817253303,6.32070254167545,6.32925503840875,6.34734652959531,6.36116829672605,6.39601695268445,6.40263595469367,6.43772170401314,6.45582745919623,6.4958818570403,6.53029478152943,6.5774548935434,6.59749514228088,6.60604987586726,6.69883955692763,6.72669367906999,6.75231324849459,6.78951180160604,6.79297162892661,6.80631215074039,6.86014205305079,6.86641000132299,6.87303179900285,6.89323571136321,6.91718529418277,6.94275802282817,6.98191636241591,7.01112350997026,7.01627101065432,7.02587412046876,7.0577889907928,7.08120969552223,7.10933920182421,7.12760148008343,7.19571909006782,7.20578654383099,7.23483569438667,7.25113947173524,7.27905018487498,7.28796780860081,7.30963870220221,7.32794626499941,7.33830846387459,7.35710448309596,7.39605818927643,7.41960109064948,7.446995448369,7.46225671565316,7.47607203220967,7.50968749356097,7.5325779693412,7.55678776772168,7.57857087053534,7.61748875039046,7.62718771868273,7.63661328457251,7.65796772952274,7.70420379008793,7.71789801988279,7.73342941802948,7.76939152690337,7.81682151202272,7.82907210550964,7.85645523107349,7.86853820628843,7.89958692439526,7.90620035092982,7.96068963279967,7.97315260211326,7.99461333602606,8.01788373997599,8.04230363776424,8.08035676445152,8.13222790094197,8.14494237083452,8.16664187529946,8.1779421945032,8.218462286008,8.26237607135794,8.27347879355911,8.31072240537161,8.31983769687874,8.33260731035999,8.36994925956397,8.37193368485439,8.42946116712053,8.45322169572237,8.4802453867656,8.49959843499983,8.52044668954404,8.54274586666478,8.59090754389404,8.5972255856899,8.63638049620572,8.64635397645326,8.66951752651869,8.68316821803711,8.70398847910351,8.72605422531895,8.74938617117696,8.77038421972205,8.79910064827319,8.84298815204313,8.86340323954162,8.87650942441601,8.88801587209565,8.96094946638762,9.00964128046718,9.03472913820635,9.04844638464882,9.08682305210415,9.1038211176694,9.14544074864807,9.15415464148889,9.20720570061684,9.22846496381355,9.2374235680235,9.27513860214309,9.29762181320852,9.32481516249641,9.36746693445543,9.39579341817925,9.43230190880655,9.4483112382593,9.49906919099426,9.55193179945696,9.57048596373475,9.59497890464486,9.61922512295459,9.6628944845894,9.70395039641243,9.72970342777243,9.75988943006664,9.77728684522162,9.84449078671852,9.86562311448759,9.91823319228178,9.92836398788626,9.95215667773922,9.98484794374205,9.98880523651835,10.0376084381347,10.0782166619371,10.1024344474174,10.1170342406593,10.1517957492368,10.2104936873567,10.231449697891,10.2697531985964,10.2785647530424,10.3100817594617,10.3422481122762,10.3684392279565,10.3980721688881,10.4492287031768,10.4699166875158,10.4985179634668,10.5122552546638,10.5799272366467,10.6240418785202,10.6532210494095,10.6772500364392,10.7293512458815,10.8181545360686,10.8284635282985,10.8612970623119,10.8809233355423,10.9062349716555,11.0014478745019,11.0304186965645,11.0391316318582,11.07096558054,11.0989344423662,11.1405534636839,11.1612615198527,11.1887119780653,11.2725584912849,11.3127427204859,11.3368358677931,11.3602504151041,11.4331765349838,11.4732449732277,11.5075998119333,11.5428635536838,11.5611622547648,11.5828628911069,11.6642524999213,11.6852734372716,11.7205026262085,11.7732172610208,11.7918533814511,11.8154828735855,11.872775733946,11.9086105094158,11.9816049085018,11.990675953303,12.026104503537,12.1006601977358,12.1151573912737,12.1899884658059,12.2345319508301,12.2641712950851,12.2852796355025,12.3132682065947,12.3758546472027,12.4006316997066,12.4033059555657,12.4604881321132,12.4833517485283,12.5790232038657,12.5943762335389,12.6469851348447,12.6668329414039,12.7061504038299,12.7616498685036,12.8262538291742,12.8744123927481,12.879852905038,12.9082515168896,12.9180138266853,13.0050151620238,13.0330612242777,13.064404454931,13.1086179288555,13.1134856242817,13.1638306463525,13.2443247546312,13.2827316453525,13.3186912980599,13.3729627600566,13.4473679545641,13.4641406495027,13.4840542921229,13.5011326411565,13.5641155636697,13.5849196891386,13.635363195926,13.6883513828067,13.7306430466482,13.7737408915025,13.8192543155857,13.8305793865716,13.9065292651885,13.9523375539029,14.0165426105139,14.0517612350856,14.0984656144022,14.125474183861,14.1883899871538,14.2006167403393,14.2089820632795,14.3004059674624,14.3694083334285,14.3979459535879,14.4611578687852,14.5139135083697,14.5869948176832,14.6093578055443,14.6779252558473,14.6962179573214,14.7900311734787,14.7999078040223,14.8632112354614,14.9691598312289,15.0207306389788,15.11682719722,15.1847088649222,15.1945429148972,15.3269787448832,15.3593355922191,15.3806420990224,15.4947914283078,15.5356882309803,15.5757966117381,15.6845260632252,15.6958237417709,15.8299535449705,15.9344044558569,15.9425771418282,16.0950770679084,16.1689666224798,16.2074147705776,16.3389964278918,16.4535850192368,16.5364144154615,16.5921416955571,16.7071870322675,16.7884008125026,16.8298034930498,17.0042975058823,17.1227787553877,17.2664626716929,17.4690064548994,17.8855699831034,17.966839058288,18.0675343149646,18.1999472216428,18.3037266415625,18.4292572246569,18.5879562474814,18.9224162025099,18.9431966313824,19.12424968111,19.3799871166209,19.5674378625183,19.7157135308415,20.0493045412816,20.2055840697507,20.6158118273845,20.983205693145,21.4038387321818,23.2413584414674,NA,NA,NA,NA,NA,NA,NA,NA,NA,NA,NA,NA,NA,NA,NA,NA,NA,NA,NA,NA,NA,NA,NA,NA,NA,NA,NA,NA,NA,NA,NA,NA,NA,NA,NA,NA,NA,NA,NA,NA,NA,NA,NA,NA,NA,NA,NA,NA,NA,NA,NA
0.569493670388439,0.667182156968407,0.883013653856836,1.02914716705958,1.11682555457926,1.39497193226167,1.4559635560023,1.51468930736148,1.60412951446714,1.72731757084295,1.80857079317199,1.85023774330308,1.8617343646829,1.98337583396713,2.24762766344393,2.27558196776848,2.34030576542134,2.39094039950246,2.48613383809563,2.58059362576514,2.6794295896009,2.72181515098877,2.82528388124165,2.87492902863658,2.91226363838885,2.984147718217,3.0910486199082,3.14729938364498,3.19108016023969,3.2182739093391,3.28990245829261,3.35136030175637,3.40430351207992,3.46695785502079,3.5157369209933,3.54496341318639,3.6281355191478,3.66577909761341,3.78677066365289,3.84089154277305,3.87651308357182,3.92019006123368,3.98430373852826,4.03703515647353,4.11234663414185,4.20068040778163,4.24729203525601,4.26040057885164,4.29157940645792,4.31431108929679,4.37142598264541,4.39543103964259,4.40600764096165,4.50204465196642,4.57855060156794,4.60805779548001,4.64340011197985,4.66883367871577,4.72952916714496,4.80272947306402,4.80730933084149,4.87291737742247,4.90582681735884,4.93856085402583,4.97846644415452,5.01409496009262,5.03413032211548,5.09055342790336,5.13814472068255,5.15387036923962,5.18048258698765,5.19413817482983,5.21452321718057,5.29750666573775,5.32841718832815,5.35783542473641,5.38731484188017,5.39732657938744,5.44442189257657,5.47395684987186,5.52359940933351,5.55836719930971,5.58482903854613,5.62476024987718,5.67431559637881,5.68912187074344,5.7201867753272,5.72862921410061,5.77473705469411,5.8074144749252,5.83386791550584,5.88602285098569,5.88917811195725,5.90978626647298,5.93618360213442,5.9508241322759,5.99906489155901,6.02794880869141,6.05822254829059,6.08030068052325,6.1119605878621,6.12829756544167,6.1563217765103,6.21984012141201,6.23962219140622,6.27880817253303,6.32070254167545,6.32925503840875,6.34734652959531,6.36116829672605,6.39601695268445,6.40263595469367,6.43772170401314,6.45582745919623,6.4958818570403,6.53029478152943,6.5774548935434,6.59749514228088,6.60604987586726,6.69883955692763,6.72669367906999,6.75231324849459,6.78951180160604,6.79297162892661,6.80631215074039,6.86014205305079,6.86641000132299,6.87303179900285,6.89323571136321,6.91718529418277,6.94275802282817,6.98191636241591,7.01112350997026,7.01627101065432,7.02587412046876,7.0577889907928,7.08120969552223,7.10933920182421,7.12760148008343,7.19571909006782,7.20578654383099,7.23483569438667,7.25113947173524,7.27905018487498,7.28796780860081,7.30963870220221,7.32794626499941,7.33830846387459,7.35710448309596,7.39605818927643,7.41960109064948,7.446995448369,7.46225671565316,7.47607203220967,7.50968749356097,7.5325779693412,7.55678776772168,7.57857087053534,7.61748875039046,7.62718771868273,7.63661328457251,7.65796772952274,7.70420379008793,7.71789801988279,7.73342941802948,7.76939152690337,7.81682151202272,7.82907210550964,7.85645523107349,7.86853820628843,7.89958692439526,7.90620035092982,7.96068963279967,7.97315260211326,7.99461333602606,8.01788373997599,8.04230363776424,8.08035676445152,8.13222790094197,8.14494237083452,8.16664187529946,8.1779421945032,8.218462286008,8.26237607135794,8.27347879355911,8.31072240537161,8.31983769687874,8.33260731035999,8.36994925956397,8.37193368485439,8.42946116712053,8.45322169572237,8.4802453867656,8.49959843499983,8.52044668954404,8.54274586666478,8.59090754389404,8.5972255856899,8.63638049620572,8.64635397645326,8.66951752651869,8.68316821803711,8.70398847910351,8.72605422531895,8.74938617117696,8.77038421972205,8.79910064827319,8.84298815204313,8.86340323954162,8.87650942441601,8.88801587209565,8.96094946638762,9.00964128046718,9.03472913820635,9.04844638464882,9.08682305210415,9.1038211176694,9.14544074864807,9.15415464148889,9.20720570061684,9.22846496381355,9.2374235680235,9.27513860214309,9.29762181320852,9.32481516249641,9.36746693445543,9.39579341817925,9.43230190880655,9.4483112382593,9.49906919099426,9.55193179945696,9.57048596373475,9.59497890464486,9.61922512295459,9.6628944845894,9.70395039641243,9.72970342777243,9.75988943006664,9.77728684522162,9.84449078671852,9.86562311448759,9.91823319228178,9.92836398788626,9.95215667773922,9.98484794374205,9.98880523651835,10.0376084381347,10.0782166619371,10.1024344474174,10.1170342406593,10.1517957492368,10.2104936873567,10.231449697891,10.2697531985964,10.2785647530424,10.3100817594617,10.3422481122762,10.3684392279565,10.3980721688881,10.4492287031768,10.4699166875158,10.4985179634668,10.5122552546638,10.5799272366467,10.6240418785202,10.6532210494095,10.6772500364392,10.7293512458815,10.8181545360686,10.8284635282985,10.8612970623119,10.8809233355423,10.9062349716555,11.0014478745019,11.0304186965645,11.0391316318582,11.07096558054,11.0989344423662,11.1405534636839,11.1612615198527,11.1887119780653,11.2725584912849,11.3127427204859,11.3368358677931,11.3602504151041,11.4331765349838,11.4732449732277,11.5075998119333,11.5428635536838,11.5611622547648,11.5828628911069,11.6642524999213,11.6852734372716,11.7205026262085,11.7732172610208,11.7918533814511,11.8154828735855,11.872775733946,11.9086105094158,11.9816049085018,11.990675953303,12.026104503537,12.1006601977358,12.1151573912737,12.1899884658059,12.2345319508301,12.2641712950851,12.2852796355025,12.3132682065947,12.3758546472027,12.4006316997066,12.4033059555657,12.4604881321132,12.4833517485283,12.5790232038657,12.5943762335389,12.6469851348447,12.6668329414039,12.7061504038299,12.7616498685036,12.8262538291742,12.8744123927481,12.879852905038,12.9082515168896,12.9180138266853,13.0050151620238,13.0330612242777,13.064404454931,13.1086179288555,13.1134856242817,13.1638306463525,13.2443247546312,13.2827316453525,13.3186912980599,13.3729627600566,13.4473679545641,13.4641406495027,13.4840542921229,13.5011326411565,13.5641155636697,13.5849196891386,13.635363195926,13.6883513828067,13.7306430466482,13.7737408915025,13.8192543155857,13.8305793865716,13.9065292651885,13.9523375539029,14.0165426105139,14.0517612350856,14.0984656144022,14.125474183861,14.1883899871538,14.2006167403393,14.2089820632795,14.3004059674624,14.3694083334285,14.3979459535879,14.4611578687852,14.5139135083697,14.5869948176832,14.6093578055443,14.6779252558473,14.6962179573214,14.7900311734787,14.7999078040223,14.8632112354614,14.9691598312289,15.0207306389788,15.11682719722,15.1847088649222,15.1945429148972,15.3269787448832,15.3593355922191,15.3806420990224,15.4947914283078,15.5356882309803,15.5757966117381,15.6845260632252,15.6958237417709,15.8299535449705,15.9344044558569,15.9425771418282,16.0950770679084,16.1689666224798,16.2074147705776,16.3389964278918,16.4535850192368,16.5364144154615,16.5921416955571,16.7071870322675,16.7884008125026,16.8298034930498,17.0042975058823,17.1227787553877,17.2664626716929,17.4690064548994,17.8855699831034,17.966839058288,18.0675343149646,18.1999472216428,18.3037266415625,18.4292572246569,18.5879562474814,18.9224162025099,18.9431966313824,19.12424968111,19.3799871166209,19.5674378625183,19.7157135308415,20.0493045412816,20.2055840697507,20.6158118273845,20.983205693145,21.4038387321818,23.2413584414674,NA,NA,NA,NA,NA,NA,NA,NA,NA,NA,NA,NA,NA,NA,NA,NA,NA,NA,NA,NA,NA,NA,NA,NA,NA,NA,NA,NA,NA,NA,NA,NA,NA,NA,NA,NA,NA,NA,NA,NA,NA,NA,NA,NA,NA,NA,NA,NA,NA,NA,NA
0.569493670388439,0.667182156968407,0.883013653856836,1.02914716705958,1.11682555457926,1.39497193226167,1.4559635560023,1.51468930736148,1.60412951446714,1.72731757084295,1.80857079317199,1.85023774330308,1.8617343646829,1.98337583396713,2.24762766344393,2.27558196776848,2.34030576542134,2.39094039950246,2.48613383809563,2.58059362576514,2.6794295896009,2.72181515098877,2.82528388124165,2.87492902863658,2.91226363838885,2.984147718217,3.0910486199082,3.14729938364498,3.19108016023969,3.2182739093391,3.28990245829261,3.35136030175637,3.40430351207992,3.46695785502079,3.5157369209933,3.54496341318639,3.6281355191478,3.66577909761341,3.78677066365289,3.84089154277305,3.87651308357182,3.92019006123368,3.98430373852826,4.03703515647353,4.11234663414185,4.20068040778163,4.24729203525601,4.26040057885164,4.29157940645792,4.31431108929679,4.37142598264541,4.39543103964259,4.40600764096165,4.50204465196642,4.57855060156794,4.60805779548001,4.64340011197985,4.66883367871577,4.72952916714496,4.80272947306402,4.80730933084149,4.87291737742247,4.90582681735884,4.93856085402583,4.97846644415452,5.01409496009262,5.03413032211548,5.09055342790336,5.13814472068255,5.15387036923962,5.18048258698765,5.19413817482983,5.21452321718057,5.29750666573775,5.32841718832815,5.35783542473641,5.38731484188017,5.39732657938744,5.44442189257657,5.47395684987186,5.52359940933351,5.55836719930971,5.58482903854613,5.62476024987718,5.67431559637881,5.68912187074344,5.7201867753272,5.72862921410061,5.77473705469411,5.8074144749252,5.83386791550584,5.88602285098569,5.88917811195725,5.90978626647298,5.93618360213442,5.9508241322759,5.99906489155901,6.02794880869141,6.05822254829059,6.08030068052325,6.1119605878621,6.12829756544167,6.1563217765103,6.21984012141201,6.23962219140622,6.27880817253303,6.32070254167545,6.32925503840875,6.34734652959531,6.36116829672605,6.39601695268445,6.40263595469367,6.43772170401314,6.45582745919623,6.4958818570403,6.53029478152943,6.5774548935434,6.59749514228088,6.60604987586726,6.69883955692763,6.72669367906999,6.75231324849459,6.78951180160604,6.79297162892661,6.80631215074039,6.86014205305079,6.86641000132299,6.87303179900285,6.89323571136321,6.91718529418277,6.94275802282817,6.98191636241591,7.01112350997026,7.01627101065432,7.02587412046876,7.0577889907928,7.08120969552223,7.10933920182421,7.12760148008343,7.19571909006782,7.20578654383099,7.23483569438667,7.25113947173524,7.27905018487498,7.28796780860081,7.30963870220221,7.32794626499941,7.33830846387459,7.35710448309596,7.39605818927643,7.41960109064948,7.446995448369,7.46225671565316,7.47607203220967,7.50968749356097,7.5325779693412,7.55678776772168,7.57857087053534,7.61748875039046,7.62718771868273,7.63661328457251,7.65796772952274,7.70420379008793,7.71789801988279,7.73342941802948,7.76939152690337,7.81682151202272,7.82907210550964,7.85645523107349,7.86853820628843,7.89958692439526,7.90620035092982,7.96068963279967,7.97315260211326,7.99461333602606,8.01788373997599,8.04230363776424,8.08035676445152,8.13222790094197,8.14494237083452,8.16664187529946,8.1779421945032,8.218462286008,8.26237607135794,8.27347879355911,8.31072240537161,8.31983769687874,8.33260731035999,8.36994925956397,8.37193368485439,8.42946116712053,8.45322169572237,8.4802453867656,8.49959843499983,8.52044668954404,8.54274586666478,8.59090754389404,8.5972255856899,8.63638049620572,8.64635397645326,8.66951752651869,8.68316821803711,8.70398847910351,8.72605422531895,8.74938617117696,8.77038421972205,8.79910064827319,8.84298815204313,8.86340323954162,8.87650942441601,8.88801587209565,8.96094946638762,9.00964128046718,9.03472913820635,9.04844638464882,9.08682305210415,9.1038211176694,9.14544074864807,9.15415464148889,9.20720570061684,9.22846496381355,9.2374235680235,9.27513860214309,9.29762181320852,9.32481516249641,9.36746693445543,9.39579341817925,9.43230190880655,9.4483112382593,9.49906919099426,9.55193179945696,9.57048596373475,9.59497890464486,9.61922512295459,9.6628944845894,9.70395039641243,9.72970342777243,9.75988943006664,9.77728684522162,9.84449078671852,9.86562311448759,9.91823319228178,9.92836398788626,9.95215667773922,9.98484794374205,9.98880523651835,10.0376084381347,10.0782166619371,10.1024344474174,10.1170342406593,10.1517957492368,10.2104936873567,10.231449697891,10.2697531985964,10.2785647530424,10.3100817594617,10.3422481122762,10.3684392279565,10.3980721688881,10.4492287031768,10.4699166875158,10.4985179634668,10.5122552546638,10.5799272366467,10.6240418785202,10.6532210494095,10.6772500364392,10.7293512458815,10.8181545360686,10.8284635282985,10.8612970623119,10.8809233355423,10.9062349716555,11.0014478745019,11.0304186965645,11.0391316318582,11.07096558054,11.0989344423662,11.1405534636839,11.1612615198527,11.1887119780653,11.2725584912849,11.3127427204859,11.3368358677931,11.3602504151041,11.4331765349838,11.4732449732277,11.5075998119333,11.5428635536838,11.5611622547648,11.5828628911069,11.6642524999213,11.6852734372716,11.7205026262085,11.7732172610208,11.7918533814511,11.8154828735855,11.872775733946,11.9086105094158,11.9816049085018,11.990675953303,12.026104503537,12.1006601977358,12.1151573912737,12.1899884658059,12.2345319508301,12.2641712950851,12.2852796355025,12.3132682065947,12.3758546472027,12.4006316997066,12.4033059555657,12.4604881321132,12.4833517485283,12.5790232038657,12.5943762335389,12.6469851348447,12.6668329414039,12.7061504038299,12.7616498685036,12.8262538291742,12.8744123927481,12.879852905038,12.9082515168896,12.9180138266853,13.0050151620238,13.0330612242777,13.064404454931,13.1086179288555,13.1134856242817,13.1638306463525,13.2443247546312,13.2827316453525,13.3186912980599,13.3729627600566,13.4473679545641,13.4641406495027,13.4840542921229,13.5011326411565,13.5641155636697,13.5849196891386,13.635363195926,13.6883513828067,13.7306430466482,13.7737408915025,13.8192543155857,13.8305793865716,13.9065292651885,13.9523375539029,14.0165426105139,14.0517612350856,14.0984656144022,14.125474183861,14.1883899871538,14.2006167403393,14.2089820632795,14.3004059674624,14.3694083334285,14.3979459535879,14.4611578687852,14.5139135083697,14.5869948176832,14.6093578055443,14.6779252558473,14.6962179573214,14.7900311734787,14.7999078040223,14.8632112354614,14.9691598312289,15.0207306389788,15.11682719722,15.1847088649222,15.1945429148972,15.3269787448832,15.3593355922191,15.3806420990224,15.4947914283078,15.5356882309803,15.5757966117381,15.6845260632252,15.6958237417709,15.8299535449705,15.9344044558569,15.9425771418282,16.0950770679084,16.1689666224798,16.2074147705776,16.3389964278918,16.4535850192368,16.5364144154615,16.5921416955571,16.7071870322675,16.7884008125026,16.8298034930498,17.0042975058823,17.1227787553877,17.2664626716929,17.4690064548994,17.8855699831034,17.966839058288,18.0675343149646,18.1999472216428,18.3037266415625,18.4292572246569,18.5879562474814,18.9224162025099,18.9431966313824,19.12424968111,19.3799871166209,19.5674378625183,19.7157135308415,20.0493045412816,20.2055840697507,20.6158118273845,20.983205693145,21.4038387321818,23.2413584414674,NA,NA,NA,NA,NA,NA,NA,NA,NA,NA,NA,NA,NA,NA,NA,NA,NA,NA,NA,NA,NA,NA,NA,NA,NA,NA,NA,NA,NA,NA,NA,NA,NA,NA,NA,NA,NA,NA,NA,NA,NA,NA,NA,NA,NA,NA,NA,NA,NA,NA,NA
0.569493670388439,0.667182156968407,0.883013653856836,1.02914716705958,1.11682555457926,1.39497193226167,1.4559635560023,1.51468930736148,1.60412951446714,1.72731757084295,1.80857079317199,1.85023774330308,1.8617343646829,1.98337583396713,2.24762766344393,2.27558196776848,2.34030576542134,2.39094039950246,2.48613383809563,2.58059362576514,2.6794295896009,2.72181515098877,2.82528388124165,2.87492902863658,2.91226363838885,2.984147718217,3.0910486199082,3.14729938364498,3.19108016023969,3.2182739093391,3.28990245829261,3.35136030175637,3.40430351207992,3.46695785502079,3.5157369209933,3.54496341318639,3.6281355191478,3.66577909761341,3.78677066365289,3.84089154277305,3.87651308357182,3.92019006123368,3.98430373852826,4.03703515647353,4.11234663414185,4.20068040778163,4.24729203525601,4.26040057885164,4.29157940645792,4.31431108929679,4.37142598264541,4.39543103964259,4.40600764096165,4.50204465196642,4.57855060156794,4.60805779548001,4.64340011197985,4.66883367871577,4.72952916714496,4.80272947306402,4.80730933084149,4.87291737742247,4.90582681735884,4.93856085402583,4.97846644415452,5.01409496009262,5.03413032211548,5.09055342790336,5.13814472068255,5.15387036923962,5.18048258698765,5.19413817482983,5.21452321718057,5.29750666573775,5.32841718832815,5.35783542473641,5.38731484188017,5.39732657938744,5.44442189257657,5.47395684987186,5.52359940933351,5.55836719930971,5.58482903854613,5.62476024987718,5.67431559637881,5.68912187074344,5.7201867753272,5.72862921410061,5.77473705469411,5.8074144749252,5.83386791550584,5.88602285098569,5.88917811195725,5.90978626647298,5.93618360213442,5.9508241322759,5.99906489155901,6.02794880869141,6.05822254829059,6.08030068052325,6.1119605878621,6.12829756544167,6.1563217765103,6.21984012141201,6.23962219140622,6.27880817253303,6.32070254167545,6.32925503840875,6.34734652959531,6.36116829672605,6.39601695268445,6.40263595469367,6.43772170401314,6.45582745919623,6.4958818570403,6.53029478152943,6.5774548935434,6.59749514228088,6.60604987586726,6.69883955692763,6.72669367906999,6.75231324849459,6.78951180160604,6.79297162892661,6.80631215074039,6.86014205305079,6.86641000132299,6.87303179900285,6.89323571136321,6.91718529418277,6.94275802282817,6.98191636241591,7.01112350997026,7.01627101065432,7.02587412046876,7.0577889907928,7.08120969552223,7.10933920182421,7.12760148008343,7.19571909006782,7.20578654383099,7.23483569438667,7.25113947173524,7.27905018487498,7.28796780860081,7.30963870220221,7.32794626499941,7.33830846387459,7.35710448309596,7.39605818927643,7.41960109064948,7.446995448369,7.46225671565316,7.47607203220967,7.50968749356097,7.5325779693412,7.55678776772168,7.57857087053534,7.61748875039046,7.62718771868273,7.63661328457251,7.65796772952274,7.70420379008793,7.71789801988279,7.73342941802948,7.76939152690337,7.81682151202272,7.82907210550964,7.85645523107349,7.86853820628843,7.89958692439526,7.90620035092982,7.96068963279967,7.97315260211326,7.99461333602606,8.01788373997599,8.04230363776424,8.08035676445152,8.13222790094197,8.14494237083452,8.16664187529946,8.1779421945032,8.218462286008,8.26237607135794,8.27347879355911,8.31072240537161,8.31983769687874,8.33260731035999,8.36994925956397,8.37193368485439,8.42946116712053,8.45322169572237,8.4802453867656,8.49959843499983,8.52044668954404,8.54274586666478,8.59090754389404,8.5972255856899,8.63638049620572,8.64635397645326,8.66951752651869,8.68316821803711,8.70398847910351,8.72605422531895,8.74938617117696,8.77038421972205,8.79910064827319,8.84298815204313,8.86340323954162,8.87650942441601,8.88801587209565,8.96094946638762,9.00964128046718,9.03472913820635,9.04844638464882,9.08682305210415,9.1038211176694,9.14544074864807,9.15415464148889,9.20720570061684,9.22846496381355,9.2374235680235,9.27513860214309,9.29762181320852,9.32481516249641,9.36746693445543,9.39579341817925,9.43230190880655,9.4483112382593,9.49906919099426,9.55193179945696,9.57048596373475,9.59497890464486,9.61922512295459,9.6628944845894,9.70395039641243,9.72970342777243,9.75988943006664,9.77728684522162,9.84449078671852,9.86562311448759,9.91823319228178,9.92836398788626,9.95215667773922,9.98484794374205,9.98880523651835,10.0376084381347,10.0782166619371,10.1024344474174,10.1170342406593,10.1517957492368,10.2104936873567,10.231449697891,10.2697531985964,10.2785647530424,10.3100817594617,10.3422481122762,10.3684392279565,10.3980721688881,10.4492287031768,10.4699166875158,10.4985179634668,10.5122552546638,10.5799272366467,10.6240418785202,10.6532210494095,10.6772500364392,10.7293512458815,10.8181545360686,10.8284635282985,10.8612970623119,10.8809233355423,10.9062349716555,11.0014478745019,11.0304186965645,11.0391316318582,11.07096558054,11.0989344423662,11.1405534636839,11.1612615198527,11.1887119780653,11.2725584912849,11.3127427204859,11.3368358677931,11.3602504151041,11.4331765349838,11.4732449732277,11.5075998119333,11.5428635536838,11.5611622547648,11.5828628911069,11.6642524999213,11.6852734372716,11.7205026262085,11.7732172610208,11.7918533814511,11.8154828735855,11.872775733946,11.9086105094158,11.9816049085018,11.990675953303,12.026104503537,12.1006601977358,12.1151573912737,12.1899884658059,12.2345319508301,12.2641712950851,12.2852796355025,12.3132682065947,12.3758546472027,12.4006316997066,12.4033059555657,12.4604881321132,12.4833517485283,12.5790232038657,12.5943762335389,12.6469851348447,12.6668329414039,12.7061504038299,12.7616498685036,12.8262538291742,12.8744123927481,12.879852905038,12.9082515168896,12.9180138266853,13.0050151620238,13.0330612242777,13.064404454931,13.1086179288555,13.1134856242817,13.1638306463525,13.2443247546312,13.2827316453525,13.3186912980599,13.3729627600566,13.4473679545641,13.4641406495027,13.4840542921229,13.5011326411565,13.5641155636697,13.5849196891386,13.635363195926,13.6883513828067,13.7306430466482,13.7737408915025,13.8192543155857,13.8305793865716,13.9065292651885,13.9523375539029,14.0165426105139,14.0517612350856,14.0984656144022,14.125474183861,14.1883899871538,14.2006167403393,14.2089820632795,14.3004059674624,14.3694083334285,14.3979459535879,14.4611578687852,14.5139135083697,14.5869948176832,14.6093578055443,14.6779252558473,14.6962179573214,14.7900311734787,14.7999078040223,14.8632112354614,14.9691598312289,15.0207306389788,15.11682719722,15.1847088649222,15.1945429148972,15.3269787448832,15.3593355922191,15.3806420990224,15.4947914283078,15.5356882309803,15.5757966117381,15.6845260632252,15.6958237417709,15.8299535449705,15.9344044558569,15.9425771418282,16.0950770679084,16.1689666224798,16.2074147705776,16.3389964278918,16.4535850192368,16.5364144154615,16.5921416955571,16.7071870322675,16.7884008125026,16.8298034930498,17.0042975058823,17.1227787553877,17.2664626716929,17.4690064548994,17.8855699831034,17.966839058288,18.0675343149646,18.1999472216428,18.3037266415625,18.4292572246569,18.5879562474814,18.9224162025099,18.9431966313824,19.12424968111,19.3799871166209,19.5674378625183,19.7157135308415,20.0493045412816,20.2055840697507,20.6158118273845,20.983205693145,21.4038387321818,23.2413584414674,NA,NA,NA,NA,NA,NA,NA,NA,NA,NA,NA,NA,NA,NA,NA,NA,NA,NA,NA,NA,NA,NA,NA,NA,NA,NA,NA,NA,NA,NA,NA,NA,NA,NA,NA,NA,NA,NA,NA,NA,NA,NA,NA,NA,NA,NA,NA,NA,NA,NA,NA
0.569493670388439,0.667182156968407,0.883013653856836,1.02914716705958,1.11682555457926,1.39497193226167,1.4559635560023,1.51468930736148,1.60412951446714,1.72731757084295,1.80857079317199,1.85023774330308,1.8617343646829,1.98337583396713,2.24762766344393,2.27558196776848,2.34030576542134,2.39094039950246,2.48613383809563,2.58059362576514,2.6794295896009,2.72181515098877,2.82528388124165,2.87492902863658,2.91226363838885,2.984147718217,3.0910486199082,3.14729938364498,3.19108016023969,3.2182739093391,3.28990245829261,3.35136030175637,3.40430351207992,3.46695785502079,3.5157369209933,3.54496341318639,3.6281355191478,3.66577909761341,3.78677066365289,3.84089154277305,3.87651308357182,3.92019006123368,3.98430373852826,4.03703515647353,4.11234663414185,4.20068040778163,4.24729203525601,4.26040057885164,4.29157940645792,4.31431108929679,4.37142598264541,4.39543103964259,4.40600764096165,4.50204465196642,4.57855060156794,4.60805779548001,4.64340011197985,4.66883367871577,4.72952916714496,4.80272947306402,4.80730933084149,4.87291737742247,4.90582681735884,4.93856085402583,4.97846644415452,5.01409496009262,5.03413032211548,5.09055342790336,5.13814472068255,5.15387036923962,5.18048258698765,5.19413817482983,5.21452321718057,5.29750666573775,5.32841718832815,5.35783542473641,5.38731484188017,5.39732657938744,5.44442189257657,5.47395684987186,5.52359940933351,5.55836719930971,5.58482903854613,5.62476024987718,5.67431559637881,5.68912187074344,5.7201867753272,5.72862921410061,5.77473705469411,5.8074144749252,5.83386791550584,5.88602285098569,5.88917811195725,5.90978626647298,5.93618360213442,5.9508241322759,5.99906489155901,6.02794880869141,6.05822254829059,6.08030068052325,6.1119605878621,6.12829756544167,6.1563217765103,6.21984012141201,6.23962219140622,6.27880817253303,6.32070254167545,6.32925503840875,6.34734652959531,6.36116829672605,6.39601695268445,6.40263595469367,6.43772170401314,6.45582745919623,6.4958818570403,6.53029478152943,6.5774548935434,6.59749514228088,6.60604987586726,6.69883955692763,6.72669367906999,6.75231324849459,6.78951180160604,6.79297162892661,6.80631215074039,6.86014205305079,6.86641000132299,6.87303179900285,6.89323571136321,6.91718529418277,6.94275802282817,6.98191636241591,7.01112350997026,7.01627101065432,7.02587412046876,7.0577889907928,7.08120969552223,7.10933920182421,7.12760148008343,7.19571909006782,7.20578654383099,7.23483569438667,7.25113947173524,7.27905018487498,7.28796780860081,7.30963870220221,7.32794626499941,7.33830846387459,7.35710448309596,7.39605818927643,7.41960109064948,7.446995448369,7.46225671565316,7.47607203220967,7.50968749356097,7.5325779693412,7.55678776772168,7.57857087053534,7.61748875039046,7.62718771868273,7.63661328457251,7.65796772952274,7.70420379008793,7.71789801988279,7.73342941802948,7.76939152690337,7.81682151202272,7.82907210550964,7.85645523107349,7.86853820628843,7.89958692439526,7.90620035092982,7.96068963279967,7.97315260211326,7.99461333602606,8.01788373997599,8.04230363776424,8.08035676445152,8.13222790094197,8.14494237083452,8.16664187529946,8.1779421945032,8.218462286008,8.26237607135794,8.27347879355911,8.31072240537161,8.31983769687874,8.33260731035999,8.36994925956397,8.37193368485439,8.42946116712053,8.45322169572237,8.4802453867656,8.49959843499983,8.52044668954404,8.54274586666478,8.59090754389404,8.5972255856899,8.63638049620572,8.64635397645326,8.66951752651869,8.68316821803711,8.70398847910351,8.72605422531895,8.74938617117696,8.77038421972205,8.79910064827319,8.84298815204313,8.86340323954162,8.87650942441601,8.88801587209565,8.96094946638762,9.00964128046718,9.03472913820635,9.04844638464882,9.08682305210415,9.1038211176694,9.14544074864807,9.15415464148889,9.20720570061684,9.22846496381355,9.2374235680235,9.27513860214309,9.29762181320852,9.32481516249641,9.36746693445543,9.39579341817925,9.43230190880655,9.4483112382593,9.49906919099426,9.55193179945696,9.57048596373475,9.59497890464486,9.61922512295459,9.6628944845894,9.70395039641243,9.72970342777243,9.75988943006664,9.77728684522162,9.84449078671852,9.86562311448759,9.91823319228178,9.92836398788626,9.95215667773922,9.98484794374205,9.98880523651835,10.0376084381347,10.0782166619371,10.1024344474174,10.1170342406593,10.1517957492368,10.2104936873567,10.231449697891,10.2697531985964,10.2785647530424,10.3100817594617,10.3422481122762,10.3684392279565,10.3980721688881,10.4492287031768,10.4699166875158,10.4985179634668,10.5122552546638,10.5799272366467,10.6240418785202,10.6532210494095,10.6772500364392,10.7293512458815,10.8181545360686,10.8284635282985,10.8612970623119,10.8809233355423,10.9062349716555,11.0014478745019,11.0304186965645,11.0391316318582,11.07096558054,11.0989344423662,11.1405534636839,11.1612615198527,11.1887119780653,11.2725584912849,11.3127427204859,11.3368358677931,11.3602504151041,11.4331765349838,11.4732449732277,11.5075998119333,11.5428635536838,11.5611622547648,11.5828628911069,11.6642524999213,11.6852734372716,11.7205026262085,11.7732172610208,11.7918533814511,11.8154828735855,11.872775733946,11.9086105094158,11.9816049085018,11.990675953303,12.026104503537,12.1006601977358,12.1151573912737,12.1899884658059,12.2345319508301,12.2641712950851,12.2852796355025,12.3132682065947,12.3758546472027,12.4006316997066,12.4033059555657,12.4604881321132,12.4833517485283,12.5790232038657,12.5943762335389,12.6469851348447,12.6668329414039,12.7061504038299,12.7616498685036,12.8262538291742,12.8744123927481,12.879852905038,12.9082515168896,12.9180138266853,13.0050151620238,13.0330612242777,13.064404454931,13.1086179288555,13.1134856242817,13.1638306463525,13.2443247546312,13.2827316453525,13.3186912980599,13.3729627600566,13.4473679545641,13.4641406495027,13.4840542921229,13.5011326411565,13.5641155636697,13.5849196891386,13.635363195926,13.6883513828067,13.7306430466482,13.7737408915025,13.8192543155857,13.8305793865716,13.9065292651885,13.9523375539029,14.0165426105139,14.0517612350856,14.0984656144022,14.125474183861,14.1883899871538,14.2006167403393,14.2089820632795,14.3004059674624,14.3694083334285,14.3979459535879,14.4611578687852,14.5139135083697,14.5869948176832,14.6093578055443,14.6779252558473,14.6962179573214,14.7900311734787,14.7999078040223,14.8632112354614,14.9691598312289,15.0207306389788,15.11682719722,15.1847088649222,15.1945429148972,15.3269787448832,15.3593355922191,15.3806420990224,15.4947914283078,15.5356882309803,15.5757966117381,15.6845260632252,15.6958237417709,15.8299535449705,15.9344044558569,15.9425771418282,16.0950770679084,16.1689666224798,16.2074147705776,16.3389964278918,16.4535850192368,16.5364144154615,16.5921416955571,16.7071870322675,16.7884008125026,16.8298034930498,17.0042975058823,17.1227787553877,17.2664626716929,17.4690064548994,17.8855699831034,17.966839058288,18.0675343149646,18.1999472216428,18.3037266415625,18.4292572246569,18.5879562474814,18.9224162025099,18.9431966313824,19.12424968111,19.3799871166209,19.5674378625183,19.7157135308415,20.0493045412816,20.2055840697507,20.6158118273845,20.983205693145,21.4038387321818,23.2413584414674,NA,NA,NA,NA,NA,NA,NA,NA,NA,NA,NA,NA,NA,NA,NA,NA,NA,NA,NA,NA,NA,NA,NA,NA,NA,NA,NA,NA,NA,NA,NA,NA,NA,NA,NA,NA,NA,NA,NA,NA,NA,NA,NA,NA,NA,NA,NA,NA,NA,NA,NA
0.569493670388439,0.667182156968407,0.883013653856836,1.02914716705958,1.11682555457926,1.39497193226167,1.4559635560023,1.51468930736148,1.60412951446714,1.72731757084295,1.80857079317199,1.85023774330308,1.8617343646829,1.98337583396713,2.24762766344393,2.27558196776848,2.34030576542134,2.39094039950246,2.48613383809563,2.58059362576514,2.6794295896009,2.72181515098877,2.82528388124165,2.87492902863658,2.91226363838885,2.984147718217,3.0910486199082,3.14729938364498,3.19108016023969,3.2182739093391,3.28990245829261,3.35136030175637,3.40430351207992,3.46695785502079,3.5157369209933,3.54496341318639,3.6281355191478,3.66577909761341,3.78677066365289,3.84089154277305,3.87651308357182,3.92019006123368,3.98430373852826,4.03703515647353,4.11234663414185,4.20068040778163,4.24729203525601,4.26040057885164,4.29157940645792,4.31431108929679,4.37142598264541,4.39543103964259,4.40600764096165,4.50204465196642,4.57855060156794,4.60805779548001,4.64340011197985,4.66883367871577,4.72952916714496,4.80272947306402,4.80730933084149,4.87291737742247,4.90582681735884,4.93856085402583,4.97846644415452,5.01409496009262,5.03413032211548,5.09055342790336,5.13814472068255,5.15387036923962,5.18048258698765,5.19413817482983,5.21452321718057,5.29750666573775,5.32841718832815,5.35783542473641,5.38731484188017,5.39732657938744,5.44442189257657,5.47395684987186,5.52359940933351,5.55836719930971,5.58482903854613,5.62476024987718,5.67431559637881,5.68912187074344,5.7201867753272,5.72862921410061,5.77473705469411,5.8074144749252,5.83386791550584,5.88602285098569,5.88917811195725,5.90978626647298,5.93618360213442,5.9508241322759,5.99906489155901,6.02794880869141,6.05822254829059,6.08030068052325,6.1119605878621,6.12829756544167,6.1563217765103,6.21984012141201,6.23962219140622,6.27880817253303,6.32070254167545,6.32925503840875,6.34734652959531,6.36116829672605,6.39601695268445,6.40263595469367,6.43772170401314,6.45582745919623,6.4958818570403,6.53029478152943,6.5774548935434,6.59749514228088,6.60604987586726,6.69883955692763,6.72669367906999,6.75231324849459,6.78951180160604,6.79297162892661,6.80631215074039,6.86014205305079,6.86641000132299,6.87303179900285,6.89323571136321,6.91718529418277,6.94275802282817,6.98191636241591,7.01112350997026,7.01627101065432,7.02587412046876,7.0577889907928,7.08120969552223,7.10933920182421,7.12760148008343,7.19571909006782,7.20578654383099,7.23483569438667,7.25113947173524,7.27905018487498,7.28796780860081,7.30963870220221,7.32794626499941,7.33830846387459,7.35710448309596,7.39605818927643,7.41960109064948,7.446995448369,7.46225671565316,7.47607203220967,7.50968749356097,7.5325779693412,7.55678776772168,7.57857087053534,7.61748875039046,7.62718771868273,7.63661328457251,7.65796772952274,7.70420379008793,7.71789801988279,7.73342941802948,7.76939152690337,7.81682151202272,7.82907210550964,7.85645523107349,7.86853820628843,7.89958692439526,7.90620035092982,7.96068963279967,7.97315260211326,7.99461333602606,8.01788373997599,8.04230363776424,8.08035676445152,8.13222790094197,8.14494237083452,8.16664187529946,8.1779421945032,8.218462286008,8.26237607135794,8.27347879355911,8.31072240537161,8.31983769687874,8.33260731035999,8.36994925956397,8.37193368485439,8.42946116712053,8.45322169572237,8.4802453867656,8.49959843499983,8.52044668954404,8.54274586666478,8.59090754389404,8.5972255856899,8.63638049620572,8.64635397645326,8.66951752651869,8.68316821803711,8.70398847910351,8.72605422531895,8.74938617117696,8.77038421972205,8.79910064827319,8.84298815204313,8.86340323954162,8.87650942441601,8.88801587209565,8.96094946638762,9.00964128046718,9.03472913820635,9.04844638464882,9.08682305210415,9.1038211176694,9.14544074864807,9.15415464148889,9.20720570061684,9.22846496381355,9.2374235680235,9.27513860214309,9.29762181320852,9.32481516249641,9.36746693445543,9.39579341817925,9.43230190880655,9.4483112382593,9.49906919099426,9.55193179945696,9.57048596373475,9.59497890464486,9.61922512295459,9.6628944845894,9.70395039641243,9.72970342777243,9.75988943006664,9.77728684522162,9.84449078671852,9.86562311448759,9.91823319228178,9.92836398788626,9.95215667773922,9.98484794374205,9.98880523651835,10.0376084381347,10.0782166619371,10.1024344474174,10.1170342406593,10.1517957492368,10.2104936873567,10.231449697891,10.2697531985964,10.2785647530424,10.3100817594617,10.3422481122762,10.3684392279565,10.3980721688881,10.4492287031768,10.4699166875158,10.4985179634668,10.5122552546638,10.5799272366467,10.6240418785202,10.6532210494095,10.6772500364392,10.7293512458815,10.8181545360686,10.8284635282985,10.8612970623119,10.8809233355423,10.9062349716555,11.0014478745019,11.0304186965645,11.0391316318582,11.07096558054,11.0989344423662,11.1405534636839,11.1612615198527,11.1887119780653,11.2725584912849,11.3127427204859,11.3368358677931,11.3602504151041,11.4331765349838,11.4732449732277,11.5075998119333,11.5428635536838,11.5611622547648,11.5828628911069,11.6642524999213,11.6852734372716,11.7205026262085,11.7732172610208,11.7918533814511,11.8154828735855,11.872775733946,11.9086105094158,11.9816049085018,11.990675953303,12.026104503537,12.1006601977358,12.1151573912737,12.1899884658059,12.2345319508301,12.2641712950851,12.2852796355025,12.3132682065947,12.3758546472027,12.4006316997066,12.4033059555657,12.4604881321132,12.4833517485283,12.5790232038657,12.5943762335389,12.6469851348447,12.6668329414039,12.7061504038299,12.7616498685036,12.8262538291742,12.8744123927481,12.879852905038,12.9082515168896,12.9180138266853,13.0050151620238,13.0330612242777,13.064404454931,13.1086179288555,13.1134856242817,13.1638306463525,13.2443247546312,13.2827316453525,13.3186912980599,13.3729627600566,13.4473679545641,13.4641406495027,13.4840542921229,13.5011326411565,13.5641155636697,13.5849196891386,13.635363195926,13.6883513828067,13.7306430466482,13.7737408915025,13.8192543155857,13.8305793865716,13.9065292651885,13.9523375539029,14.0165426105139,14.0517612350856,14.0984656144022,14.125474183861,14.1883899871538,14.2006167403393,14.2089820632795,14.3004059674624,14.3694083334285,14.3979459535879,14.4611578687852,14.5139135083697,14.5869948176832,14.6093578055443,14.6779252558473,14.6962179573214,14.7900311734787,14.7999078040223,14.8632112354614,14.9691598312289,15.0207306389788,15.11682719722,15.1847088649222,15.1945429148972,15.3269787448832,15.3593355922191,15.3806420990224,15.4947914283078,15.5356882309803,15.5757966117381,15.6845260632252,15.6958237417709,15.8299535449705,15.9344044558569,15.9425771418282,16.0950770679084,16.1689666224798,16.2074147705776,16.3389964278918,16.4535850192368,16.5364144154615,16.5921416955571,16.7071870322675,16.7884008125026,16.8298034930498,17.0042975058823,17.1227787553877,17.2664626716929,17.4690064548994,17.8855699831034,17.966839058288,18.0675343149646,18.1999472216428,18.3037266415625,18.4292572246569,18.5879562474814,18.9224162025099,18.9431966313824,19.12424968111,19.3799871166209,19.5674378625183,19.7157135308415,20.0493045412816,20.2055840697507,20.6158118273845,20.983205693145,21.4038387321818,23.2413584414674,NA,NA,NA,NA,NA,NA,NA,NA,NA,NA,NA,NA,NA,NA,NA,NA,NA,NA,NA,NA,NA,NA,NA,NA,NA,NA,NA,NA,NA,NA,NA,NA,NA,NA,NA,NA,NA,NA,NA,NA,NA,NA,NA,NA,NA,NA,NA,NA,NA,NA,NA
0.557092252190627,0.663896648671137,0.863498958638505,1.02661128406125,1.10998429463066,1.36287135136453,1.44717035196537,1.50892136006343,1.59961609766011,1.72470106994239,1.80370307868105,1.84940914429557,1.85643779671505,1.97761307435819,2.24711101178175,2.25854238837317,2.33499926644372,2.38980980903283,2.47805425593076,2.57991367307421,2.67807468525463,2.71769953891735,2.82267892499847,2.85182444908157,2.89852801786611,2.98110838261533,3.08088402820952,3.12535398921445,3.16353529274562,3.19396296687732,3.28541134826561,3.34495982775057,3.38760039941316,3.45684345644576,3.50902348133849,3.52269479400818,3.61240941273727,3.65564971114062,3.76547026451117,3.81309338714697,3.86342101406709,3.90518150272079,3.95365516735965,3.99642095359109,4.09474788670665,4.11049863970573,4.21825264473212,4.24922538406455,4.26677185294961,4.2916934764118,4.33866311225443,4.3891829320855,4.40443475494895,4.42052117804979,4.52488838939365,4.59616702779214,4.61209852572834,4.64321833951029,4.72723238670634,4.79054634138167,4.80713889964553,4.84814279087576,4.89086396059641,4.91200990609985,4.97627822595476,4.99932040155999,5.02249560089867,5.08194332341201,5.11515593858883,5.15165983054157,5.16486127897201,5.18925619675959,5.20341219857142,5.21547597694389,5.2922550724343,5.32348204386903,5.35856744033573,5.36640630741286,5.3979852701611,5.44204693771413,5.48408697781795,5.52376845061939,5.56613189489922,5.58776416613743,5.62748191837552,5.67578620637772,5.68666954143495,5.728313519038,5.7676342228735,5.78173643765545,5.80948593318885,5.84048391594871,5.87197310066908,5.89910562818661,5.91172950389061,5.92899429424236,5.95007715660119,6.00018542935262,6.0276383615179,6.05431774895112,6.06962961273339,6.10241089219373,6.1275765384626,6.1394423008693,6.21615448621245,6.25191285528764,6.28092502847409,6.30887943126096,6.32726443039425,6.35270297222206,6.35965334808573,6.37677383021384,6.41225029063469,6.43541855343961,6.45445740340373,6.49302593404207,6.5358596578075,6.57369158022344,6.59082636436405,6.60358681733399,6.69760224260584,6.72705601554176,6.75570566423893,6.78783141629839,6.79328368862436,6.80660689508719,6.84555210795562,6.86161873140901,6.87426282176874,6.89146908906208,6.91704941526139,6.92864888364139,6.95466725539434,6.98083597823362,7.01589111969996,7.02437234630704,7.04035918457861,7.05870189979169,7.08997047524431,7.12125788036255,7.16429015361132,7.19667950915095,7.22256425129764,7.24016577613383,7.25513390971702,7.28036507548609,7.30959598981845,7.3232713339237,7.33701409789519,7.34858365358189,7.36296071546765,7.40124214662562,7.43923703129822,7.4537030360886,7.46158614564911,7.50778920642158,7.53222670350424,7.56094693693893,7.57983252537704,7.6145032983216,7.63522889135672,7.6470861896269,7.65631599645649,7.6970627830359,7.70102905400043,7.71963590349295,7.74153972909809,7.77797124445321,7.82177225336748,7.84347229824996,7.84679410783579,7.87955643784238,7.89780026764671,7.92947709607796,7.9682678967651,7.97333083657065,8.00744417549991,8.03910681602055,8.04543746394263,8.08894723799586,8.13958815368642,8.1475347242885,8.16752168559746,8.19328982706913,8.20383241617795,8.25532978874822,8.2757287171297,8.31147636657156,8.32118410442141,8.35862346453238,8.37231956686656,8.39118621202842,8.42156858121305,8.448736383092,8.45454134675519,8.49377977008645,8.50944722858073,8.54218226135062,8.56026480528849,8.59433271016928,8.60715878930884,8.64568657902878,8.65792231236452,8.68018926397816,8.7019850717732,8.73116176512798,8.75274580754737,8.77780307075409,8.79945767948957,8.8377041408143,8.86597069975798,8.88393823512045,8.92567007624123,8.96796138663015,8.97234494095595,9.02637874676251,9.05378173990122,9.08952473147111,9.10076471622394,9.14674722124699,9.18990269319063,9.21255514498445,9.2382570703458,9.24288438872598,9.27641517971976,9.30122701712273,9.31433849385033,9.36180268017444,9.39598301994846,9.43200314153221,9.44485100821052,9.47208280860898,9.50305565858083,9.55830656242166,9.58518922206513,9.60521318339891,9.6443605995228,9.67662180227753,9.70809610971786,9.73747088739477,9.778218661893,9.79409572079191,9.8540790015887,9.88244456871281,9.93005823141949,9.95132138289627,9.97293159613814,9.98994976564905,10.0174237707245,10.0568444141403,10.085759499666,10.1116439176243,10.13716663545,10.2088089256633,10.230034529285,10.2598478661287,10.2774263727803,10.2872101620424,10.3210860423914,10.3440458102298,10.3965368844187,10.41248480821,10.4638960102026,10.4916354713106,10.5106730161072,10.5290866033855,10.593907822748,10.6360567220812,10.6601333843442,10.6843374467243,10.7313253495371,10.8246583394885,10.8538355878974,10.8720694941213,10.9099876064889,10.9416767474147,11.0155924391561,11.0374606563941,11.0590520678948,11.1057167662389,11.1301699147648,11.1418093252573,11.1770734698683,11.1960160400594,11.2735042984296,11.3368430026265,11.3537622262993,11.3882832254628,11.4462830005939,11.4837473233697,11.5149036896078,11.5482102696044,11.5624584187873,11.5945863825417,11.6791479612584,11.6977590090398,11.7417290433406,11.7795796315251,11.8045051418904,11.827369976603,11.883017027488,11.9113696748087,11.9860543507827,12.0029089363878,12.0527662233693,12.1175890938424,12.1272978389298,12.1915357194127,12.2411860930662,12.2725008459189,12.29617335625,12.3136401607564,12.3860955978477,12.4119814094156,12.4178875112369,12.4695331811407,12.4872337190471,12.5798257458128,12.5966778818879,12.6488259119573,12.6887641343602,12.7115116740957,12.7666853344686,12.8505853008651,12.8776053270983,12.8826237868656,12.9155995378605,12.9361618507731,13.0116521339865,13.0381581624421,13.0688112839155,13.1097413539399,13.1199624496178,13.1891560560969,13.2480147748237,13.2868295060705,13.3285153470353,13.3879966475835,13.4584375317429,13.472298904974,13.4965668244652,13.531813188759,13.5722835015481,13.5929395478974,13.6417868884577,13.6896314870111,13.7467480773106,13.7851182504142,13.8209246609102,13.851493176362,13.9107154997606,13.9540658721593,14.0290333937496,14.0537622879499,14.1218973068784,14.1333312437929,14.2015043889041,14.2067724240719,14.2114131199797,14.3184281229716,14.3761964049114,14.4336216171758,14.4656412371511,14.5333848390127,14.6005593214217,14.6535262603753,14.6835703147492,14.6981065728916,14.8013410718132,14.8200893397333,14.8656875463991,14.9738411320813,15.0562772549892,15.1768675688204,15.1885371334329,15.2206734741177,15.3402451385337,15.3612210598232,15.3912561499806,15.5157882373665,15.5755265375171,15.6177368658212,15.6852882914286,15.7172953302685,15.8426075503744,15.9346720707258,15.9591080176715,16.1330549754384,16.180176324609,16.21787613518,16.3410003407713,16.4662595874782,16.5722160420487,16.6015801035687,16.7409075019217,16.8158656988751,16.8337750171877,17.0164007812944,17.1339819712841,17.2874182037745,17.4812629891157,17.8919011191431,17.9819351537147,18.0700475337531,18.203024927745,18.3044063392416,18.4320667559792,18.6097275092413,18.9238410494564,18.9534759386616,19.1251549605007,19.3803590759614,19.5732951328525,19.7403827327247,20.0509821182117,20.20645062152,20.6175680085538,20.99641654593,21.4063364113265,23.2438366038252,NA,NA,NA,NA,NA,NA,NA,NA,NA,NA,NA,NA,NA,NA,NA,NA,NA,NA,NA,NA,NA,NA,NA,NA,NA,NA,NA,NA,NA,NA,NA,NA,NA,NA,NA,NA,NA,NA,NA,NA,NA,NA,NA,NA,NA,NA,NA,NA
0.557092252190627,0.663896648671137,0.863498958638505,1.02661128406125,1.10998429463066,1.36287135136453,1.44717035196537,1.50892136006343,1.59961609766011,1.72470106994239,1.80370307868105,1.84940914429557,1.85643779671505,1.97761307435819,2.24711101178175,2.25854238837317,2.33499926644372,2.38980980903283,2.47805425593076,2.57991367307421,2.67807468525463,2.71769953891735,2.82267892499847,2.85182444908157,2.89852801786611,2.98110838261533,3.08088402820952,3.12535398921445,3.16353529274562,3.19396296687732,3.28541134826561,3.34495982775057,3.38760039941316,3.45684345644576,3.50902348133849,3.52269479400818,3.61240941273727,3.65564971114062,3.76547026451117,3.81309338714697,3.86342101406709,3.90518150272079,3.95365516735965,3.99642095359109,4.09474788670665,4.11049863970573,4.21825264473212,4.24922538406455,4.26677185294961,4.2916934764118,4.33866311225443,4.3891829320855,4.40443475494895,4.42052117804979,4.52488838939365,4.59616702779214,4.61209852572834,4.64321833951029,4.72723238670634,4.79054634138167,4.80713889964553,4.84814279087576,4.89086396059641,4.91200990609985,4.97627822595476,4.99932040155999,5.02249560089867,5.08194332341201,5.11515593858883,5.15165983054157,5.16486127897201,5.18925619675959,5.20341219857142,5.21547597694389,5.2922550724343,5.32348204386903,5.35856744033573,5.36640630741286,5.3979852701611,5.44204693771413,5.48408697781795,5.52376845061939,5.56613189489922,5.58776416613743,5.62748191837552,5.67578620637772,5.68666954143495,5.728313519038,5.7676342228735,5.78173643765545,5.80948593318885,5.84048391594871,5.87197310066908,5.89910562818661,5.91172950389061,5.92899429424236,5.95007715660119,6.00018542935262,6.0276383615179,6.05431774895112,6.06962961273339,6.10241089219373,6.1275765384626,6.1394423008693,6.21615448621245,6.25191285528764,6.28092502847409,6.30887943126096,6.32726443039425,6.35270297222206,6.35965334808573,6.37677383021384,6.41225029063469,6.43541855343961,6.45445740340373,6.49302593404207,6.5358596578075,6.57369158022344,6.59082636436405,6.60358681733399,6.69760224260584,6.72705601554176,6.75570566423893,6.78783141629839,6.79328368862436,6.80660689508719,6.84555210795562,6.86161873140901,6.87426282176874,6.89146908906208,6.91704941526139,6.92864888364139,6.95466725539434,6.98083597823362,7.01589111969996,7.02437234630704,7.04035918457861,7.05870189979169,7.08997047524431,7.12125788036255,7.16429015361132,7.19667950915095,7.22256425129764,7.24016577613383,7.25513390971702,7.28036507548609,7.30959598981845,7.3232713339237,7.33701409789519,7.34858365358189,7.36296071546765,7.40124214662562,7.43923703129822,7.4537030360886,7.46158614564911,7.50778920642158,7.53222670350424,7.56094693693893,7.57983252537704,7.6145032983216,7.63522889135672,7.6470861896269,7.65631599645649,7.6970627830359,7.70102905400043,7.71963590349295,7.74153972909809,7.77797124445321,7.82177225336748,7.84347229824996,7.84679410783579,7.87955643784238,7.89780026764671,7.92947709607796,7.9682678967651,7.97333083657065,8.00744417549991,8.03910681602055,8.04543746394263,8.08894723799586,8.13958815368642,8.1475347242885,8.16752168559746,8.19328982706913,8.20383241617795,8.25532978874822,8.2757287171297,8.31147636657156,8.32118410442141,8.35862346453238,8.37231956686656,8.39118621202842,8.42156858121305,8.448736383092,8.45454134675519,8.49377977008645,8.50944722858073,8.54218226135062,8.56026480528849,8.59433271016928,8.60715878930884,8.64568657902878,8.65792231236452,8.68018926397816,8.7019850717732,8.73116176512798,8.75274580754737,8.77780307075409,8.79945767948957,8.8377041408143,8.86597069975798,8.88393823512045,8.92567007624123,8.96796138663015,8.97234494095595,9.02637874676251,9.05378173990122,9.08952473147111,9.10076471622394,9.14674722124699,9.18990269319063,9.21255514498445,9.2382570703458,9.24288438872598,9.27641517971976,9.30122701712273,9.31433849385033,9.36180268017444,9.39598301994846,9.43200314153221,9.44485100821052,9.47208280860898,9.50305565858083,9.55830656242166,9.58518922206513,9.60521318339891,9.6443605995228,9.67662180227753,9.70809610971786,9.73747088739477,9.778218661893,9.79409572079191,9.8540790015887,9.88244456871281,9.93005823141949,9.95132138289627,9.97293159613814,9.98994976564905,10.0174237707245,10.0568444141403,10.085759499666,10.1116439176243,10.13716663545,10.2088089256633,10.230034529285,10.2598478661287,10.2774263727803,10.2872101620424,10.3210860423914,10.3440458102298,10.3965368844187,10.41248480821,10.4638960102026,10.4916354713106,10.5106730161072,10.5290866033855,10.593907822748,10.6360567220812,10.6601333843442,10.6843374467243,10.7313253495371,10.8246583394885,10.8538355878974,10.8720694941213,10.9099876064889,10.9416767474147,11.0155924391561,11.0374606563941,11.0590520678948,11.1057167662389,11.1301699147648,11.1418093252573,11.1770734698683,11.1960160400594,11.2735042984296,11.3368430026265,11.3537622262993,11.3882832254628,11.4462830005939,11.4837473233697,11.5149036896078,11.5482102696044,11.5624584187873,11.5945863825417,11.6791479612584,11.6977590090398,11.7417290433406,11.7795796315251,11.8045051418904,11.827369976603,11.883017027488,11.9113696748087,11.9860543507827,12.0029089363878,12.0527662233693,12.1175890938424,12.1272978389298,12.1915357194127,12.2411860930662,12.2725008459189,12.29617335625,12.3136401607564,12.3860955978477,12.4119814094156,12.4178875112369,12.4695331811407,12.4872337190471,12.5798257458128,12.5966778818879,12.6488259119573,12.6887641343602,12.7115116740957,12.7666853344686,12.8505853008651,12.8776053270983,12.8826237868656,12.9155995378605,12.9361618507731,13.0116521339865,13.0381581624421,13.0688112839155,13.1097413539399,13.1199624496178,13.1891560560969,13.2480147748237,13.2868295060705,13.3285153470353,13.3879966475835,13.4584375317429,13.472298904974,13.4965668244652,13.531813188759,13.5722835015481,13.5929395478974,13.6417868884577,13.6896314870111,13.7467480773106,13.7851182504142,13.8209246609102,13.851493176362,13.9107154997606,13.9540658721593,14.0290333937496,14.0537622879499,14.1218973068784,14.1333312437929,14.2015043889041,14.2067724240719,14.2114131199797,14.3184281229716,14.3761964049114,14.4336216171758,14.4656412371511,14.5333848390127,14.6005593214217,14.6535262603753,14.6835703147492,14.6981065728916,14.8013410718132,14.8200893397333,14.8656875463991,14.9738411320813,15.0562772549892,15.1768675688204,15.1885371334329,15.2206734741177,15.3402451385337,15.3612210598232,15.3912561499806,15.5157882373665,15.5755265375171,15.6177368658212,15.6852882914286,15.7172953302685,15.8426075503744,15.9346720707258,15.9591080176715,16.1330549754384,16.180176324609,16.21787613518,16.3410003407713,16.4662595874782,16.5722160420487,16.6015801035687,16.7409075019217,16.8158656988751,16.8337750171877,17.0164007812944,17.1339819712841,17.2874182037745,17.4812629891157,17.8919011191431,17.9819351537147,18.0700475337531,18.203024927745,18.3044063392416,18.4320667559792,18.6097275092413,18.9238410494564,18.9534759386616,19.1251549605007,19.3803590759614,19.5732951328525,19.7403827327247,20.0509821182117,20.20645062152,20.6175680085538,20.99641654593,21.4063364113265,23.2438366038252,NA,NA,NA,NA,NA,NA,NA,NA,NA,NA,NA,NA,NA,NA,NA,NA,NA,NA,NA,NA,NA,NA,NA,NA,NA,NA,NA,NA,NA,NA,NA,NA,NA,NA,NA,NA,NA,NA,NA,NA,NA,NA,NA,NA,NA,NA,NA,NA
0.557092252190627,0.663896648671137,0.863498958638505,1.02661128406125,1.10998429463066,1.36287135136453,1.44717035196537,1.50892136006343,1.59961609766011,1.72470106994239,1.80370307868105,1.84940914429557,1.85643779671505,1.97761307435819,2.24711101178175,2.25854238837317,2.33499926644372,2.38980980903283,2.47805425593076,2.57991367307421,2.67807468525463,2.71769953891735,2.82267892499847,2.85182444908157,2.89852801786611,2.98110838261533,3.08088402820952,3.12535398921445,3.16353529274562,3.19396296687732,3.28541134826561,3.34495982775057,3.38760039941316,3.45684345644576,3.50902348133849,3.52269479400818,3.61240941273727,3.65564971114062,3.76547026451117,3.81309338714697,3.86342101406709,3.90518150272079,3.95365516735965,3.99642095359109,4.09474788670665,4.11049863970573,4.21825264473212,4.24922538406455,4.26677185294961,4.2916934764118,4.33866311225443,4.3891829320855,4.40443475494895,4.42052117804979,4.52488838939365,4.59616702779214,4.61209852572834,4.64321833951029,4.72723238670634,4.79054634138167,4.80713889964553,4.84814279087576,4.89086396059641,4.91200990609985,4.97627822595476,4.99932040155999,5.02249560089867,5.08194332341201,5.11515593858883,5.15165983054157,5.16486127897201,5.18925619675959,5.20341219857142,5.21547597694389,5.2922550724343,5.32348204386903,5.35856744033573,5.36640630741286,5.3979852701611,5.44204693771413,5.48408697781795,5.52376845061939,5.56613189489922,5.58776416613743,5.62748191837552,5.67578620637772,5.68666954143495,5.728313519038,5.7676342228735,5.78173643765545,5.80948593318885,5.84048391594871,5.87197310066908,5.89910562818661,5.91172950389061,5.92899429424236,5.95007715660119,6.00018542935262,6.0276383615179,6.05431774895112,6.06962961273339,6.10241089219373,6.1275765384626,6.1394423008693,6.21615448621245,6.25191285528764,6.28092502847409,6.30887943126096,6.32726443039425,6.35270297222206,6.35965334808573,6.37677383021384,6.41225029063469,6.43541855343961,6.45445740340373,6.49302593404207,6.5358596578075,6.57369158022344,6.59082636436405,6.60358681733399,6.69760224260584,6.72705601554176,6.75570566423893,6.78783141629839,6.79328368862436,6.80660689508719,6.84555210795562,6.86161873140901,6.87426282176874,6.89146908906208,6.91704941526139,6.92864888364139,6.95466725539434,6.98083597823362,7.01589111969996,7.02437234630704,7.04035918457861,7.05870189979169,7.08997047524431,7.12125788036255,7.16429015361132,7.19667950915095,7.22256425129764,7.24016577613383,7.25513390971702,7.28036507548609,7.30959598981845,7.3232713339237,7.33701409789519,7.34858365358189,7.36296071546765,7.40124214662562,7.43923703129822,7.4537030360886,7.46158614564911,7.50778920642158,7.53222670350424,7.56094693693893,7.57983252537704,7.6145032983216,7.63522889135672,7.6470861896269,7.65631599645649,7.6970627830359,7.70102905400043,7.71963590349295,7.74153972909809,7.77797124445321,7.82177225336748,7.84347229824996,7.84679410783579,7.87955643784238,7.89780026764671,7.92947709607796,7.9682678967651,7.97333083657065,8.00744417549991,8.03910681602055,8.04543746394263,8.08894723799586,8.13958815368642,8.1475347242885,8.16752168559746,8.19328982706913,8.20383241617795,8.25532978874822,8.2757287171297,8.31147636657156,8.32118410442141,8.35862346453238,8.37231956686656,8.39118621202842,8.42156858121305,8.448736383092,8.45454134675519,8.49377977008645,8.50944722858073,8.54218226135062,8.56026480528849,8.59433271016928,8.60715878930884,8.64568657902878,8.65792231236452,8.68018926397816,8.7019850717732,8.73116176512798,8.75274580754737,8.77780307075409,8.79945767948957,8.8377041408143,8.86597069975798,8.88393823512045,8.92567007624123,8.96796138663015,8.97234494095595,9.02637874676251,9.05378173990122,9.08952473147111,9.10076471622394,9.14674722124699,9.18990269319063,9.21255514498445,9.2382570703458,9.24288438872598,9.27641517971976,9.30122701712273,9.31433849385033,9.36180268017444,9.39598301994846,9.43200314153221,9.44485100821052,9.47208280860898,9.50305565858083,9.55830656242166,9.58518922206513,9.60521318339891,9.6443605995228,9.67662180227753,9.70809610971786,9.73747088739477,9.778218661893,9.79409572079191,9.8540790015887,9.88244456871281,9.93005823141949,9.95132138289627,9.97293159613814,9.98994976564905,10.0174237707245,10.0568444141403,10.085759499666,10.1116439176243,10.13716663545,10.2088089256633,10.230034529285,10.2598478661287,10.2774263727803,10.2872101620424,10.3210860423914,10.3440458102298,10.3965368844187,10.41248480821,10.4638960102026,10.4916354713106,10.5106730161072,10.5290866033855,10.593907822748,10.6360567220812,10.6601333843442,10.6843374467243,10.7313253495371,10.8246583394885,10.8538355878974,10.8720694941213,10.9099876064889,10.9416767474147,11.0155924391561,11.0374606563941,11.0590520678948,11.1057167662389,11.1301699147648,11.1418093252573,11.1770734698683,11.1960160400594,11.2735042984296,11.3368430026265,11.3537622262993,11.3882832254628,11.4462830005939,11.4837473233697,11.5149036896078,11.5482102696044,11.5624584187873,11.5945863825417,11.6791479612584,11.6977590090398,11.7417290433406,11.7795796315251,11.8045051418904,11.827369976603,11.883017027488,11.9113696748087,11.9860543507827,12.0029089363878,12.0527662233693,12.1175890938424,12.1272978389298,12.1915357194127,12.2411860930662,12.2725008459189,12.29617335625,12.3136401607564,12.3860955978477,12.4119814094156,12.4178875112369,12.4695331811407,12.4872337190471,12.5798257458128,12.5966778818879,12.6488259119573,12.6887641343602,12.7115116740957,12.7666853344686,12.8505853008651,12.8776053270983,12.8826237868656,12.9155995378605,12.9361618507731,13.0116521339865,13.0381581624421,13.0688112839155,13.1097413539399,13.1199624496178,13.1891560560969,13.2480147748237,13.2868295060705,13.3285153470353,13.3879966475835,13.4584375317429,13.472298904974,13.4965668244652,13.531813188759,13.5722835015481,13.5929395478974,13.6417868884577,13.6896314870111,13.7467480773106,13.7851182504142,13.8209246609102,13.851493176362,13.9107154997606,13.9540658721593,14.0290333937496,14.0537622879499,14.1218973068784,14.1333312437929,14.2015043889041,14.2067724240719,14.2114131199797,14.3184281229716,14.3761964049114,14.4336216171758,14.4656412371511,14.5333848390127,14.6005593214217,14.6535262603753,14.6835703147492,14.6981065728916,14.8013410718132,14.8200893397333,14.8656875463991,14.9738411320813,15.0562772549892,15.1768675688204,15.1885371334329,15.2206734741177,15.3402451385337,15.3612210598232,15.3912561499806,15.5157882373665,15.5755265375171,15.6177368658212,15.6852882914286,15.7172953302685,15.8426075503744,15.9346720707258,15.9591080176715,16.1330549754384,16.180176324609,16.21787613518,16.3410003407713,16.4662595874782,16.5722160420487,16.6015801035687,16.7409075019217,16.8158656988751,16.8337750171877,17.0164007812944,17.1339819712841,17.2874182037745,17.4812629891157,17.8919011191431,17.9819351537147,18.0700475337531,18.203024927745,18.3044063392416,18.4320667559792,18.6097275092413,18.9238410494564,18.9534759386616,19.1251549605007,19.3803590759614,19.5732951328525,19.7403827327247,20.0509821182117,20.20645062152,20.6175680085538,20.99641654593,21.4063364113265,23.2438366038252,NA,NA,NA,NA,NA,NA,NA,NA,NA,NA,NA,NA,NA,NA,NA,NA,NA,NA,NA,NA,NA,NA,NA,NA,NA,NA,NA,NA,NA,NA,NA,NA,NA,NA,NA,NA,NA,NA,NA,NA,NA,NA,NA,NA,NA,NA,NA,NA
0.557092252190627,0.663896648671137,0.863498958638505,1.02661128406125,1.10998429463066,1.36287135136453,1.44717035196537,1.50892136006343,1.59961609766011,1.72470106994239,1.80370307868105,1.84940914429557,1.85643779671505,1.97761307435819,2.24711101178175,2.25854238837317,2.33499926644372,2.38980980903283,2.47805425593076,2.57991367307421,2.67807468525463,2.71769953891735,2.82267892499847,2.85182444908157,2.89852801786611,2.98110838261533,3.08088402820952,3.12535398921445,3.16353529274562,3.19396296687732,3.28541134826561,3.34495982775057,3.38760039941316,3.45684345644576,3.50902348133849,3.52269479400818,3.61240941273727,3.65564971114062,3.76547026451117,3.81309338714697,3.86342101406709,3.90518150272079,3.95365516735965,3.99642095359109,4.09474788670665,4.11049863970573,4.21825264473212,4.24922538406455,4.26677185294961,4.2916934764118,4.33866311225443,4.3891829320855,4.40443475494895,4.42052117804979,4.52488838939365,4.59616702779214,4.61209852572834,4.64321833951029,4.72723238670634,4.79054634138167,4.80713889964553,4.84814279087576,4.89086396059641,4.91200990609985,4.97627822595476,4.99932040155999,5.02249560089867,5.08194332341201,5.11515593858883,5.15165983054157,5.16486127897201,5.18925619675959,5.20341219857142,5.21547597694389,5.2922550724343,5.32348204386903,5.35856744033573,5.36640630741286,5.3979852701611,5.44204693771413,5.48408697781795,5.52376845061939,5.56613189489922,5.58776416613743,5.62748191837552,5.67578620637772,5.68666954143495,5.728313519038,5.7676342228735,5.78173643765545,5.80948593318885,5.84048391594871,5.87197310066908,5.89910562818661,5.91172950389061,5.92899429424236,5.95007715660119,6.00018542935262,6.0276383615179,6.05431774895112,6.06962961273339,6.10241089219373,6.1275765384626,6.1394423008693,6.21615448621245,6.25191285528764,6.28092502847409,6.30887943126096,6.32726443039425,6.35270297222206,6.35965334808573,6.37677383021384,6.41225029063469,6.43541855343961,6.45445740340373,6.49302593404207,6.5358596578075,6.57369158022344,6.59082636436405,6.60358681733399,6.69760224260584,6.72705601554176,6.75570566423893,6.78783141629839,6.79328368862436,6.80660689508719,6.84555210795562,6.86161873140901,6.87426282176874,6.89146908906208,6.91704941526139,6.92864888364139,6.95466725539434,6.98083597823362,7.01589111969996,7.02437234630704,7.04035918457861,7.05870189979169,7.08997047524431,7.12125788036255,7.16429015361132,7.19667950915095,7.22256425129764,7.24016577613383,7.25513390971702,7.28036507548609,7.30959598981845,7.3232713339237,7.33701409789519,7.34858365358189,7.36296071546765,7.40124214662562,7.43923703129822,7.4537030360886,7.46158614564911,7.50778920642158,7.53222670350424,7.56094693693893,7.57983252537704,7.6145032983216,7.63522889135672,7.6470861896269,7.65631599645649,7.6970627830359,7.70102905400043,7.71963590349295,7.74153972909809,7.77797124445321,7.82177225336748,7.84347229824996,7.84679410783579,7.87955643784238,7.89780026764671,7.92947709607796,7.9682678967651,7.97333083657065,8.00744417549991,8.03910681602055,8.04543746394263,8.08894723799586,8.13958815368642,8.1475347242885,8.16752168559746,8.19328982706913,8.20383241617795,8.25532978874822,8.2757287171297,8.31147636657156,8.32118410442141,8.35862346453238,8.37231956686656,8.39118621202842,8.42156858121305,8.448736383092,8.45454134675519,8.49377977008645,8.50944722858073,8.54218226135062,8.56026480528849,8.59433271016928,8.60715878930884,8.64568657902878,8.65792231236452,8.68018926397816,8.7019850717732,8.73116176512798,8.75274580754737,8.77780307075409,8.79945767948957,8.8377041408143,8.86597069975798,8.88393823512045,8.92567007624123,8.96796138663015,8.97234494095595,9.02637874676251,9.05378173990122,9.08952473147111,9.10076471622394,9.14674722124699,9.18990269319063,9.21255514498445,9.2382570703458,9.24288438872598,9.27641517971976,9.30122701712273,9.31433849385033,9.36180268017444,9.39598301994846,9.43200314153221,9.44485100821052,9.47208280860898,9.50305565858083,9.55830656242166,9.58518922206513,9.60521318339891,9.6443605995228,9.67662180227753,9.70809610971786,9.73747088739477,9.778218661893,9.79409572079191,9.8540790015887,9.88244456871281,9.93005823141949,9.95132138289627,9.97293159613814,9.98994976564905,10.0174237707245,10.0568444141403,10.085759499666,10.1116439176243,10.13716663545,10.2088089256633,10.230034529285,10.2598478661287,10.2774263727803,10.2872101620424,10.3210860423914,10.3440458102298,10.3965368844187,10.41248480821,10.4638960102026,10.4916354713106,10.5106730161072,10.5290866033855,10.593907822748,10.6360567220812,10.6601333843442,10.6843374467243,10.7313253495371,10.8246583394885,10.8538355878974,10.8720694941213,10.9099876064889,10.9416767474147,11.0155924391561,11.0374606563941,11.0590520678948,11.1057167662389,11.1301699147648,11.1418093252573,11.1770734698683,11.1960160400594,11.2735042984296,11.3368430026265,11.3537622262993,11.3882832254628,11.4462830005939,11.4837473233697,11.5149036896078,11.5482102696044,11.5624584187873,11.5945863825417,11.6791479612584,11.6977590090398,11.7417290433406,11.7795796315251,11.8045051418904,11.827369976603,11.883017027488,11.9113696748087,11.9860543507827,12.0029089363878,12.0527662233693,12.1175890938424,12.1272978389298,12.1915357194127,12.2411860930662,12.2725008459189,12.29617335625,12.3136401607564,12.3860955978477,12.4119814094156,12.4178875112369,12.4695331811407,12.4872337190471,12.5798257458128,12.5966778818879,12.6488259119573,12.6887641343602,12.7115116740957,12.7666853344686,12.8505853008651,12.8776053270983,12.8826237868656,12.9155995378605,12.9361618507731,13.0116521339865,13.0381581624421,13.0688112839155,13.1097413539399,13.1199624496178,13.1891560560969,13.2480147748237,13.2868295060705,13.3285153470353,13.3879966475835,13.4584375317429,13.472298904974,13.4965668244652,13.531813188759,13.5722835015481,13.5929395478974,13.6417868884577,13.6896314870111,13.7467480773106,13.7851182504142,13.8209246609102,13.851493176362,13.9107154997606,13.9540658721593,14.0290333937496,14.0537622879499,14.1218973068784,14.1333312437929,14.2015043889041,14.2067724240719,14.2114131199797,14.3184281229716,14.3761964049114,14.4336216171758,14.4656412371511,14.5333848390127,14.6005593214217,14.6535262603753,14.6835703147492,14.6981065728916,14.8013410718132,14.8200893397333,14.8656875463991,14.9738411320813,15.0562772549892,15.1768675688204,15.1885371334329,15.2206734741177,15.3402451385337,15.3612210598232,15.3912561499806,15.5157882373665,15.5755265375171,15.6177368658212,15.6852882914286,15.7172953302685,15.8426075503744,15.9346720707258,15.9591080176715,16.1330549754384,16.180176324609,16.21787613518,16.3410003407713,16.4662595874782,16.5722160420487,16.6015801035687,16.7409075019217,16.8158656988751,16.8337750171877,17.0164007812944,17.1339819712841,17.2874182037745,17.4812629891157,17.8919011191431,17.9819351537147,18.0700475337531,18.203024927745,18.3044063392416,18.4320667559792,18.6097275092413,18.9238410494564,18.9534759386616,19.1251549605007,19.3803590759614,19.5732951328525,19.7403827327247,20.0509821182117,20.20645062152,20.6175680085538,20.99641654593,21.4063364113265,23.2438366038252,NA,NA,NA,NA,NA,NA,NA,NA,NA,NA,NA,NA,NA,NA,NA,NA,NA,NA,NA,NA,NA,NA,NA,NA,NA,NA,NA,NA,NA,NA,NA,NA,NA,NA,NA,NA,NA,NA,NA,NA,NA,NA,NA,NA,NA,NA,NA,NA
0.557092252190627,0.663896648671137,0.863498958638505,1.02661128406125,1.10998429463066,1.36287135136453,1.44717035196537,1.50892136006343,1.59961609766011,1.72470106994239,1.80370307868105,1.84940914429557,1.85643779671505,1.97761307435819,2.24711101178175,2.25854238837317,2.33499926644372,2.38980980903283,2.47805425593076,2.57991367307421,2.67807468525463,2.71769953891735,2.82267892499847,2.85182444908157,2.89852801786611,2.98110838261533,3.08088402820952,3.12535398921445,3.16353529274562,3.19396296687732,3.28541134826561,3.34495982775057,3.38760039941316,3.45684345644576,3.50902348133849,3.52269479400818,3.61240941273727,3.65564971114062,3.76547026451117,3.81309338714697,3.86342101406709,3.90518150272079,3.95365516735965,3.99642095359109,4.09474788670665,4.11049863970573,4.21825264473212,4.24922538406455,4.26677185294961,4.2916934764118,4.33866311225443,4.3891829320855,4.40443475494895,4.42052117804979,4.52488838939365,4.59616702779214,4.61209852572834,4.64321833951029,4.72723238670634,4.79054634138167,4.80713889964553,4.84814279087576,4.89086396059641,4.91200990609985,4.97627822595476,4.99932040155999,5.02249560089867,5.08194332341201,5.11515593858883,5.15165983054157,5.16486127897201,5.18925619675959,5.20341219857142,5.21547597694389,5.2922550724343,5.32348204386903,5.35856744033573,5.36640630741286,5.3979852701611,5.44204693771413,5.48408697781795,5.52376845061939,5.56613189489922,5.58776416613743,5.62748191837552,5.67578620637772,5.68666954143495,5.728313519038,5.7676342228735,5.78173643765545,5.80948593318885,5.84048391594871,5.87197310066908,5.89910562818661,5.91172950389061,5.92899429424236,5.95007715660119,6.00018542935262,6.0276383615179,6.05431774895112,6.06962961273339,6.10241089219373,6.1275765384626,6.1394423008693,6.21615448621245,6.25191285528764,6.28092502847409,6.30887943126096,6.32726443039425,6.35270297222206,6.35965334808573,6.37677383021384,6.41225029063469,6.43541855343961,6.45445740340373,6.49302593404207,6.5358596578075,6.57369158022344,6.59082636436405,6.60358681733399,6.69760224260584,6.72705601554176,6.75570566423893,6.78783141629839,6.79328368862436,6.80660689508719,6.84555210795562,6.86161873140901,6.87426282176874,6.89146908906208,6.91704941526139,6.92864888364139,6.95466725539434,6.98083597823362,7.01589111969996,7.02437234630704,7.04035918457861,7.05870189979169,7.08997047524431,7.12125788036255,7.16429015361132,7.19667950915095,7.22256425129764,7.24016577613383,7.25513390971702,7.28036507548609,7.30959598981845,7.3232713339237,7.33701409789519,7.34858365358189,7.36296071546765,7.40124214662562,7.43923703129822,7.4537030360886,7.46158614564911,7.50778920642158,7.53222670350424,7.56094693693893,7.57983252537704,7.6145032983216,7.63522889135672,7.6470861896269,7.65631599645649,7.6970627830359,7.70102905400043,7.71963590349295,7.74153972909809,7.77797124445321,7.82177225336748,7.84347229824996,7.84679410783579,7.87955643784238,7.89780026764671,7.92947709607796,7.9682678967651,7.97333083657065,8.00744417549991,8.03910681602055,8.04543746394263,8.08894723799586,8.13958815368642,8.1475347242885,8.16752168559746,8.19328982706913,8.20383241617795,8.25532978874822,8.2757287171297,8.31147636657156,8.32118410442141,8.35862346453238,8.37231956686656,8.39118621202842,8.42156858121305,8.448736383092,8.45454134675519,8.49377977008645,8.50944722858073,8.54218226135062,8.56026480528849,8.59433271016928,8.60715878930884,8.64568657902878,8.65792231236452,8.68018926397816,8.7019850717732,8.73116176512798,8.75274580754737,8.77780307075409,8.79945767948957,8.8377041408143,8.86597069975798,8.88393823512045,8.92567007624123,8.96796138663015,8.97234494095595,9.02637874676251,9.05378173990122,9.08952473147111,9.10076471622394,9.14674722124699,9.18990269319063,9.21255514498445,9.2382570703458,9.24288438872598,9.27641517971976,9.30122701712273,9.31433849385033,9.36180268017444,9.39598301994846,9.43200314153221,9.44485100821052,9.47208280860898,9.50305565858083,9.55830656242166,9.58518922206513,9.60521318339891,9.6443605995228,9.67662180227753,9.70809610971786,9.73747088739477,9.778218661893,9.79409572079191,9.8540790015887,9.88244456871281,9.93005823141949,9.95132138289627,9.97293159613814,9.98994976564905,10.0174237707245,10.0568444141403,10.085759499666,10.1116439176243,10.13716663545,10.2088089256633,10.230034529285,10.2598478661287,10.2774263727803,10.2872101620424,10.3210860423914,10.3440458102298,10.3965368844187,10.41248480821,10.4638960102026,10.4916354713106,10.5106730161072,10.5290866033855,10.593907822748,10.6360567220812,10.6601333843442,10.6843374467243,10.7313253495371,10.8246583394885,10.8538355878974,10.8720694941213,10.9099876064889,10.9416767474147,11.0155924391561,11.0374606563941,11.0590520678948,11.1057167662389,11.1301699147648,11.1418093252573,11.1770734698683,11.1960160400594,11.2735042984296,11.3368430026265,11.3537622262993,11.3882832254628,11.4462830005939,11.4837473233697,11.5149036896078,11.5482102696044,11.5624584187873,11.5945863825417,11.6791479612584,11.6977590090398,11.7417290433406,11.7795796315251,11.8045051418904,11.827369976603,11.883017027488,11.9113696748087,11.9860543507827,12.0029089363878,12.0527662233693,12.1175890938424,12.1272978389298,12.1915357194127,12.2411860930662,12.2725008459189,12.29617335625,12.3136401607564,12.3860955978477,12.4119814094156,12.4178875112369,12.4695331811407,12.4872337190471,12.5798257458128,12.5966778818879,12.6488259119573,12.6887641343602,12.7115116740957,12.7666853344686,12.8505853008651,12.8776053270983,12.8826237868656,12.9155995378605,12.9361618507731,13.0116521339865,13.0381581624421,13.0688112839155,13.1097413539399,13.1199624496178,13.1891560560969,13.2480147748237,13.2868295060705,13.3285153470353,13.3879966475835,13.4584375317429,13.472298904974,13.4965668244652,13.531813188759,13.5722835015481,13.5929395478974,13.6417868884577,13.6896314870111,13.7467480773106,13.7851182504142,13.8209246609102,13.851493176362,13.9107154997606,13.9540658721593,14.0290333937496,14.0537622879499,14.1218973068784,14.1333312437929,14.2015043889041,14.2067724240719,14.2114131199797,14.3184281229716,14.3761964049114,14.4336216171758,14.4656412371511,14.5333848390127,14.6005593214217,14.6535262603753,14.6835703147492,14.6981065728916,14.8013410718132,14.8200893397333,14.8656875463991,14.9738411320813,15.0562772549892,15.1768675688204,15.1885371334329,15.2206734741177,15.3402451385337,15.3612210598232,15.3912561499806,15.5157882373665,15.5755265375171,15.6177368658212,15.6852882914286,15.7172953302685,15.8426075503744,15.9346720707258,15.9591080176715,16.1330549754384,16.180176324609,16.21787613518,16.3410003407713,16.4662595874782,16.5722160420487,16.6015801035687,16.7409075019217,16.8158656988751,16.8337750171877,17.0164007812944,17.1339819712841,17.2874182037745,17.4812629891157,17.8919011191431,17.9819351537147,18.0700475337531,18.203024927745,18.3044063392416,18.4320667559792,18.6097275092413,18.9238410494564,18.9534759386616,19.1251549605007,19.3803590759614,19.5732951328525,19.7403827327247,20.0509821182117,20.20645062152,20.6175680085538,20.99641654593,21.4063364113265,23.2438366038252,NA,NA,NA,NA,NA,NA,NA,NA,NA,NA,NA,NA,NA,NA,NA,NA,NA,NA,NA,NA,NA,NA,NA,NA,NA,NA,NA,NA,NA,NA,NA,NA,NA,NA,NA,NA,NA,NA,NA,NA,NA,NA,NA,NA,NA,NA,NA,NA
0.557092252190627,0.663896648671137,0.863498958638505,1.02661128406125,1.10998429463066,1.36287135136453,1.44717035196537,1.50892136006343,1.59961609766011,1.72470106994239,1.80370307868105,1.84940914429557,1.85643779671505,1.97761307435819,2.24711101178175,2.25854238837317,2.33499926644372,2.38980980903283,2.47805425593076,2.57991367307421,2.67807468525463,2.71769953891735,2.82267892499847,2.85182444908157,2.89852801786611,2.98110838261533,3.08088402820952,3.12535398921445,3.16353529274562,3.19396296687732,3.28541134826561,3.34495982775057,3.38760039941316,3.45684345644576,3.50902348133849,3.52269479400818,3.61240941273727,3.65564971114062,3.76547026451117,3.81309338714697,3.86342101406709,3.90518150272079,3.95365516735965,3.99642095359109,4.09474788670665,4.11049863970573,4.21825264473212,4.24922538406455,4.26677185294961,4.2916934764118,4.33866311225443,4.3891829320855,4.40443475494895,4.42052117804979,4.52488838939365,4.59616702779214,4.61209852572834,4.64321833951029,4.72723238670634,4.79054634138167,4.80713889964553,4.84814279087576,4.89086396059641,4.91200990609985,4.97627822595476,4.99932040155999,5.02249560089867,5.08194332341201,5.11515593858883,5.15165983054157,5.16486127897201,5.18925619675959,5.20341219857142,5.21547597694389,5.2922550724343,5.32348204386903,5.35856744033573,5.36640630741286,5.3979852701611,5.44204693771413,5.48408697781795,5.52376845061939,5.56613189489922,5.58776416613743,5.62748191837552,5.67578620637772,5.68666954143495,5.728313519038,5.7676342228735,5.78173643765545,5.80948593318885,5.84048391594871,5.87197310066908,5.89910562818661,5.91172950389061,5.92899429424236,5.95007715660119,6.00018542935262,6.0276383615179,6.05431774895112,6.06962961273339,6.10241089219373,6.1275765384626,6.1394423008693,6.21615448621245,6.25191285528764,6.28092502847409,6.30887943126096,6.32726443039425,6.35270297222206,6.35965334808573,6.37677383021384,6.41225029063469,6.43541855343961,6.45445740340373,6.49302593404207,6.5358596578075,6.57369158022344,6.59082636436405,6.60358681733399,6.69760224260584,6.72705601554176,6.75570566423893,6.78783141629839,6.79328368862436,6.80660689508719,6.84555210795562,6.86161873140901,6.87426282176874,6.89146908906208,6.91704941526139,6.92864888364139,6.95466725539434,6.98083597823362,7.01589111969996,7.02437234630704,7.04035918457861,7.05870189979169,7.08997047524431,7.12125788036255,7.16429015361132,7.19667950915095,7.22256425129764,7.24016577613383,7.25513390971702,7.28036507548609,7.30959598981845,7.3232713339237,7.33701409789519,7.34858365358189,7.36296071546765,7.40124214662562,7.43923703129822,7.4537030360886,7.46158614564911,7.50778920642158,7.53222670350424,7.56094693693893,7.57983252537704,7.6145032983216,7.63522889135672,7.6470861896269,7.65631599645649,7.6970627830359,7.70102905400043,7.71963590349295,7.74153972909809,7.77797124445321,7.82177225336748,7.84347229824996,7.84679410783579,7.87955643784238,7.89780026764671,7.92947709607796,7.9682678967651,7.97333083657065,8.00744417549991,8.03910681602055,8.04543746394263,8.08894723799586,8.13958815368642,8.1475347242885,8.16752168559746,8.19328982706913,8.20383241617795,8.25532978874822,8.2757287171297,8.31147636657156,8.32118410442141,8.35862346453238,8.37231956686656,8.39118621202842,8.42156858121305,8.448736383092,8.45454134675519,8.49377977008645,8.50944722858073,8.54218226135062,8.56026480528849,8.59433271016928,8.60715878930884,8.64568657902878,8.65792231236452,8.68018926397816,8.7019850717732,8.73116176512798,8.75274580754737,8.77780307075409,8.79945767948957,8.8377041408143,8.86597069975798,8.88393823512045,8.92567007624123,8.96796138663015,8.97234494095595,9.02637874676251,9.05378173990122,9.08952473147111,9.10076471622394,9.14674722124699,9.18990269319063,9.21255514498445,9.2382570703458,9.24288438872598,9.27641517971976,9.30122701712273,9.31433849385033,9.36180268017444,9.39598301994846,9.43200314153221,9.44485100821052,9.47208280860898,9.50305565858083,9.55830656242166,9.58518922206513,9.60521318339891,9.6443605995228,9.67662180227753,9.70809610971786,9.73747088739477,9.778218661893,9.79409572079191,9.8540790015887,9.88244456871281,9.93005823141949,9.95132138289627,9.97293159613814,9.98994976564905,10.0174237707245,10.0568444141403,10.085759499666,10.1116439176243,10.13716663545,10.2088089256633,10.230034529285,10.2598478661287,10.2774263727803,10.2872101620424,10.3210860423914,10.3440458102298,10.3965368844187,10.41248480821,10.4638960102026,10.4916354713106,10.5106730161072,10.5290866033855,10.593907822748,10.6360567220812,10.6601333843442,10.6843374467243,10.7313253495371,10.8246583394885,10.8538355878974,10.8720694941213,10.9099876064889,10.9416767474147,11.0155924391561,11.0374606563941,11.0590520678948,11.1057167662389,11.1301699147648,11.1418093252573,11.1770734698683,11.1960160400594,11.2735042984296,11.3368430026265,11.3537622262993,11.3882832254628,11.4462830005939,11.4837473233697,11.5149036896078,11.5482102696044,11.5624584187873,11.5945863825417,11.6791479612584,11.6977590090398,11.7417290433406,11.7795796315251,11.8045051418904,11.827369976603,11.883017027488,11.9113696748087,11.9860543507827,12.0029089363878,12.0527662233693,12.1175890938424,12.1272978389298,12.1915357194127,12.2411860930662,12.2725008459189,12.29617335625,12.3136401607564,12.3860955978477,12.4119814094156,12.4178875112369,12.4695331811407,12.4872337190471,12.5798257458128,12.5966778818879,12.6488259119573,12.6887641343602,12.7115116740957,12.7666853344686,12.8505853008651,12.8776053270983,12.8826237868656,12.9155995378605,12.9361618507731,13.0116521339865,13.0381581624421,13.0688112839155,13.1097413539399,13.1199624496178,13.1891560560969,13.2480147748237,13.2868295060705,13.3285153470353,13.3879966475835,13.4584375317429,13.472298904974,13.4965668244652,13.531813188759,13.5722835015481,13.5929395478974,13.6417868884577,13.6896314870111,13.7467480773106,13.7851182504142,13.8209246609102,13.851493176362,13.9107154997606,13.9540658721593,14.0290333937496,14.0537622879499,14.1218973068784,14.1333312437929,14.2015043889041,14.2067724240719,14.2114131199797,14.3184281229716,14.3761964049114,14.4336216171758,14.4656412371511,14.5333848390127,14.6005593214217,14.6535262603753,14.6835703147492,14.6981065728916,14.8013410718132,14.8200893397333,14.8656875463991,14.9738411320813,15.0562772549892,15.1768675688204,15.1885371334329,15.2206734741177,15.3402451385337,15.3612210598232,15.3912561499806,15.5157882373665,15.5755265375171,15.6177368658212,15.6852882914286,15.7172953302685,15.8426075503744,15.9346720707258,15.9591080176715,16.1330549754384,16.180176324609,16.21787613518,16.3410003407713,16.4662595874782,16.5722160420487,16.6015801035687,16.7409075019217,16.8158656988751,16.8337750171877,17.0164007812944,17.1339819712841,17.2874182037745,17.4812629891157,17.8919011191431,17.9819351537147,18.0700475337531,18.203024927745,18.3044063392416,18.4320667559792,18.6097275092413,18.9238410494564,18.9534759386616,19.1251549605007,19.3803590759614,19.5732951328525,19.7403827327247,20.0509821182117,20.20645062152,20.6175680085538,20.99641654593,21.4063364113265,23.2438366038252,NA,NA,NA,NA,NA,NA,NA,NA,NA,NA,NA,NA,NA,NA,NA,NA,NA,NA,NA,NA,NA,NA,NA,NA,NA,NA,NA,NA,NA,NA,NA,NA,NA,NA,NA,NA,NA,NA,NA,NA,NA,NA,NA,NA,NA,NA,NA,NA
0.557092252190627,0.663896648671137,0.863498958638505,1.02661128406125,1.10998429463066,1.36287135136453,1.44717035196537,1.50892136006343,1.59961609766011,1.72470106994239,1.80370307868105,1.84940914429557,1.85643779671505,1.97761307435819,2.24711101178175,2.25854238837317,2.33499926644372,2.38980980903283,2.47805425593076,2.57991367307421,2.67807468525463,2.71769953891735,2.82267892499847,2.85182444908157,2.89852801786611,2.98110838261533,3.08088402820952,3.12535398921445,3.16353529274562,3.19396296687732,3.28541134826561,3.34495982775057,3.38760039941316,3.45684345644576,3.50902348133849,3.52269479400818,3.61240941273727,3.65564971114062,3.76547026451117,3.81309338714697,3.86342101406709,3.90518150272079,3.95365516735965,3.99642095359109,4.09474788670665,4.11049863970573,4.21825264473212,4.24922538406455,4.26677185294961,4.2916934764118,4.33866311225443,4.3891829320855,4.40443475494895,4.42052117804979,4.52488838939365,4.59616702779214,4.61209852572834,4.64321833951029,4.72723238670634,4.79054634138167,4.80713889964553,4.84814279087576,4.89086396059641,4.91200990609985,4.97627822595476,4.99932040155999,5.02249560089867,5.08194332341201,5.11515593858883,5.15165983054157,5.16486127897201,5.18925619675959,5.20341219857142,5.21547597694389,5.2922550724343,5.32348204386903,5.35856744033573,5.36640630741286,5.3979852701611,5.44204693771413,5.48408697781795,5.52376845061939,5.56613189489922,5.58776416613743,5.62748191837552,5.67578620637772,5.68666954143495,5.728313519038,5.7676342228735,5.78173643765545,5.80948593318885,5.84048391594871,5.87197310066908,5.89910562818661,5.91172950389061,5.92899429424236,5.95007715660119,6.00018542935262,6.0276383615179,6.05431774895112,6.06962961273339,6.10241089219373,6.1275765384626,6.1394423008693,6.21615448621245,6.25191285528764,6.28092502847409,6.30887943126096,6.32726443039425,6.35270297222206,6.35965334808573,6.37677383021384,6.41225029063469,6.43541855343961,6.45445740340373,6.49302593404207,6.5358596578075,6.57369158022344,6.59082636436405,6.60358681733399,6.69760224260584,6.72705601554176,6.75570566423893,6.78783141629839,6.79328368862436,6.80660689508719,6.84555210795562,6.86161873140901,6.87426282176874,6.89146908906208,6.91704941526139,6.92864888364139,6.95466725539434,6.98083597823362,7.01589111969996,7.02437234630704,7.04035918457861,7.05870189979169,7.08997047524431,7.12125788036255,7.16429015361132,7.19667950915095,7.22256425129764,7.24016577613383,7.25513390971702,7.28036507548609,7.30959598981845,7.3232713339237,7.33701409789519,7.34858365358189,7.36296071546765,7.40124214662562,7.43923703129822,7.4537030360886,7.46158614564911,7.50778920642158,7.53222670350424,7.56094693693893,7.57983252537704,7.6145032983216,7.63522889135672,7.6470861896269,7.65631599645649,7.6970627830359,7.70102905400043,7.71963590349295,7.74153972909809,7.77797124445321,7.82177225336748,7.84347229824996,7.84679410783579,7.87955643784238,7.89780026764671,7.92947709607796,7.9682678967651,7.97333083657065,8.00744417549991,8.03910681602055,8.04543746394263,8.08894723799586,8.13958815368642,8.1475347242885,8.16752168559746,8.19328982706913,8.20383241617795,8.25532978874822,8.2757287171297,8.31147636657156,8.32118410442141,8.35862346453238,8.37231956686656,8.39118621202842,8.42156858121305,8.448736383092,8.45454134675519,8.49377977008645,8.50944722858073,8.54218226135062,8.56026480528849,8.59433271016928,8.60715878930884,8.64568657902878,8.65792231236452,8.68018926397816,8.7019850717732,8.73116176512798,8.75274580754737,8.77780307075409,8.79945767948957,8.8377041408143,8.86597069975798,8.88393823512045,8.92567007624123,8.96796138663015,8.97234494095595,9.02637874676251,9.05378173990122,9.08952473147111,9.10076471622394,9.14674722124699,9.18990269319063,9.21255514498445,9.2382570703458,9.24288438872598,9.27641517971976,9.30122701712273,9.31433849385033,9.36180268017444,9.39598301994846,9.43200314153221,9.44485100821052,9.47208280860898,9.50305565858083,9.55830656242166,9.58518922206513,9.60521318339891,9.6443605995228,9.67662180227753,9.70809610971786,9.73747088739477,9.778218661893,9.79409572079191,9.8540790015887,9.88244456871281,9.93005823141949,9.95132138289627,9.97293159613814,9.98994976564905,10.0174237707245,10.0568444141403,10.085759499666,10.1116439176243,10.13716663545,10.2088089256633,10.230034529285,10.2598478661287,10.2774263727803,10.2872101620424,10.3210860423914,10.3440458102298,10.3965368844187,10.41248480821,10.4638960102026,10.4916354713106,10.5106730161072,10.5290866033855,10.593907822748,10.6360567220812,10.6601333843442,10.6843374467243,10.7313253495371,10.8246583394885,10.8538355878974,10.8720694941213,10.9099876064889,10.9416767474147,11.0155924391561,11.0374606563941,11.0590520678948,11.1057167662389,11.1301699147648,11.1418093252573,11.1770734698683,11.1960160400594,11.2735042984296,11.3368430026265,11.3537622262993,11.3882832254628,11.4462830005939,11.4837473233697,11.5149036896078,11.5482102696044,11.5624584187873,11.5945863825417,11.6791479612584,11.6977590090398,11.7417290433406,11.7795796315251,11.8045051418904,11.827369976603,11.883017027488,11.9113696748087,11.9860543507827,12.0029089363878,12.0527662233693,12.1175890938424,12.1272978389298,12.1915357194127,12.2411860930662,12.2725008459189,12.29617335625,12.3136401607564,12.3860955978477,12.4119814094156,12.4178875112369,12.4695331811407,12.4872337190471,12.5798257458128,12.5966778818879,12.6488259119573,12.6887641343602,12.7115116740957,12.7666853344686,12.8505853008651,12.8776053270983,12.8826237868656,12.9155995378605,12.9361618507731,13.0116521339865,13.0381581624421,13.0688112839155,13.1097413539399,13.1199624496178,13.1891560560969,13.2480147748237,13.2868295060705,13.3285153470353,13.3879966475835,13.4584375317429,13.472298904974,13.4965668244652,13.531813188759,13.5722835015481,13.5929395478974,13.6417868884577,13.6896314870111,13.7467480773106,13.7851182504142,13.8209246609102,13.851493176362,13.9107154997606,13.9540658721593,14.0290333937496,14.0537622879499,14.1218973068784,14.1333312437929,14.2015043889041,14.2067724240719,14.2114131199797,14.3184281229716,14.3761964049114,14.4336216171758,14.4656412371511,14.5333848390127,14.6005593214217,14.6535262603753,14.6835703147492,14.6981065728916,14.8013410718132,14.8200893397333,14.8656875463991,14.9738411320813,15.0562772549892,15.1768675688204,15.1885371334329,15.2206734741177,15.3402451385337,15.3612210598232,15.3912561499806,15.5157882373665,15.5755265375171,15.6177368658212,15.6852882914286,15.7172953302685,15.8426075503744,15.9346720707258,15.9591080176715,16.1330549754384,16.180176324609,16.21787613518,16.3410003407713,16.4662595874782,16.5722160420487,16.6015801035687,16.7409075019217,16.8158656988751,16.8337750171877,17.0164007812944,17.1339819712841,17.2874182037745,17.4812629891157,17.8919011191431,17.9819351537147,18.0700475337531,18.203024927745,18.3044063392416,18.4320667559792,18.6097275092413,18.9238410494564,18.9534759386616,19.1251549605007,19.3803590759614,19.5732951328525,19.7403827327247,20.0509821182117,20.20645062152,20.6175680085538,20.99641654593,21.4063364113265,23.2438366038252,NA,NA,NA,NA,NA,NA,NA,NA,NA,NA,NA,NA,NA,NA,NA,NA,NA,NA,NA,NA,NA,NA,NA,NA,NA,NA,NA,NA,NA,NA,NA,NA,NA,NA,NA,NA,NA,NA,NA,NA,NA,NA,NA,NA,NA,NA,NA,NA
0.557092252190627,0.663896648671137,0.863498958638505,1.02661128406125,1.10998429463066,1.36287135136453,1.44717035196537,1.50892136006343,1.59961609766011,1.72470106994239,1.80370307868105,1.84940914429557,1.85643779671505,1.97761307435819,2.24711101178175,2.25854238837317,2.33499926644372,2.38980980903283,2.47805425593076,2.57991367307421,2.67807468525463,2.71769953891735,2.82267892499847,2.85182444908157,2.89852801786611,2.98110838261533,3.08088402820952,3.12535398921445,3.16353529274562,3.19396296687732,3.28541134826561,3.34495982775057,3.38760039941316,3.45684345644576,3.50902348133849,3.52269479400818,3.61240941273727,3.65564971114062,3.76547026451117,3.81309338714697,3.86342101406709,3.90518150272079,3.95365516735965,3.99642095359109,4.09474788670665,4.11049863970573,4.21825264473212,4.24922538406455,4.26677185294961,4.2916934764118,4.33866311225443,4.3891829320855,4.40443475494895,4.42052117804979,4.52488838939365,4.59616702779214,4.61209852572834,4.64321833951029,4.72723238670634,4.79054634138167,4.80713889964553,4.84814279087576,4.89086396059641,4.91200990609985,4.97627822595476,4.99932040155999,5.02249560089867,5.08194332341201,5.11515593858883,5.15165983054157,5.16486127897201,5.18925619675959,5.20341219857142,5.21547597694389,5.2922550724343,5.32348204386903,5.35856744033573,5.36640630741286,5.3979852701611,5.44204693771413,5.48408697781795,5.52376845061939,5.56613189489922,5.58776416613743,5.62748191837552,5.67578620637772,5.68666954143495,5.728313519038,5.7676342228735,5.78173643765545,5.80948593318885,5.84048391594871,5.87197310066908,5.89910562818661,5.91172950389061,5.92899429424236,5.95007715660119,6.00018542935262,6.0276383615179,6.05431774895112,6.06962961273339,6.10241089219373,6.1275765384626,6.1394423008693,6.21615448621245,6.25191285528764,6.28092502847409,6.30887943126096,6.32726443039425,6.35270297222206,6.35965334808573,6.37677383021384,6.41225029063469,6.43541855343961,6.45445740340373,6.49302593404207,6.5358596578075,6.57369158022344,6.59082636436405,6.60358681733399,6.69760224260584,6.72705601554176,6.75570566423893,6.78783141629839,6.79328368862436,6.80660689508719,6.84555210795562,6.86161873140901,6.87426282176874,6.89146908906208,6.91704941526139,6.92864888364139,6.95466725539434,6.98083597823362,7.01589111969996,7.02437234630704,7.04035918457861,7.05870189979169,7.08997047524431,7.12125788036255,7.16429015361132,7.19667950915095,7.22256425129764,7.24016577613383,7.25513390971702,7.28036507548609,7.30959598981845,7.3232713339237,7.33701409789519,7.34858365358189,7.36296071546765,7.40124214662562,7.43923703129822,7.4537030360886,7.46158614564911,7.50778920642158,7.53222670350424,7.56094693693893,7.57983252537704,7.6145032983216,7.63522889135672,7.6470861896269,7.65631599645649,7.6970627830359,7.70102905400043,7.71963590349295,7.74153972909809,7.77797124445321,7.82177225336748,7.84347229824996,7.84679410783579,7.87955643784238,7.89780026764671,7.92947709607796,7.9682678967651,7.97333083657065,8.00744417549991,8.03910681602055,8.04543746394263,8.08894723799586,8.13958815368642,8.1475347242885,8.16752168559746,8.19328982706913,8.20383241617795,8.25532978874822,8.2757287171297,8.31147636657156,8.32118410442141,8.35862346453238,8.37231956686656,8.39118621202842,8.42156858121305,8.448736383092,8.45454134675519,8.49377977008645,8.50944722858073,8.54218226135062,8.56026480528849,8.59433271016928,8.60715878930884,8.64568657902878,8.65792231236452,8.68018926397816,8.7019850717732,8.73116176512798,8.75274580754737,8.77780307075409,8.79945767948957,8.8377041408143,8.86597069975798,8.88393823512045,8.92567007624123,8.96796138663015,8.97234494095595,9.02637874676251,9.05378173990122,9.08952473147111,9.10076471622394,9.14674722124699,9.18990269319063,9.21255514498445,9.2382570703458,9.24288438872598,9.27641517971976,9.30122701712273,9.31433849385033,9.36180268017444,9.39598301994846,9.43200314153221,9.44485100821052,9.47208280860898,9.50305565858083,9.55830656242166,9.58518922206513,9.60521318339891,9.6443605995228,9.67662180227753,9.70809610971786,9.73747088739477,9.778218661893,9.79409572079191,9.8540790015887,9.88244456871281,9.93005823141949,9.95132138289627,9.97293159613814,9.98994976564905,10.0174237707245,10.0568444141403,10.085759499666,10.1116439176243,10.13716663545,10.2088089256633,10.230034529285,10.2598478661287,10.2774263727803,10.2872101620424,10.3210860423914,10.3440458102298,10.3965368844187,10.41248480821,10.4638960102026,10.4916354713106,10.5106730161072,10.5290866033855,10.593907822748,10.6360567220812,10.6601333843442,10.6843374467243,10.7313253495371,10.8246583394885,10.8538355878974,10.8720694941213,10.9099876064889,10.9416767474147,11.0155924391561,11.0374606563941,11.0590520678948,11.1057167662389,11.1301699147648,11.1418093252573,11.1770734698683,11.1960160400594,11.2735042984296,11.3368430026265,11.3537622262993,11.3882832254628,11.4462830005939,11.4837473233697,11.5149036896078,11.5482102696044,11.5624584187873,11.5945863825417,11.6791479612584,11.6977590090398,11.7417290433406,11.7795796315251,11.8045051418904,11.827369976603,11.883017027488,11.9113696748087,11.9860543507827,12.0029089363878,12.0527662233693,12.1175890938424,12.1272978389298,12.1915357194127,12.2411860930662,12.2725008459189,12.29617335625,12.3136401607564,12.3860955978477,12.4119814094156,12.4178875112369,12.4695331811407,12.4872337190471,12.5798257458128,12.5966778818879,12.6488259119573,12.6887641343602,12.7115116740957,12.7666853344686,12.8505853008651,12.8776053270983,12.8826237868656,12.9155995378605,12.9361618507731,13.0116521339865,13.0381581624421,13.0688112839155,13.1097413539399,13.1199624496178,13.1891560560969,13.2480147748237,13.2868295060705,13.3285153470353,13.3879966475835,13.4584375317429,13.472298904974,13.4965668244652,13.531813188759,13.5722835015481,13.5929395478974,13.6417868884577,13.6896314870111,13.7467480773106,13.7851182504142,13.8209246609102,13.851493176362,13.9107154997606,13.9540658721593,14.0290333937496,14.0537622879499,14.1218973068784,14.1333312437929,14.2015043889041,14.2067724240719,14.2114131199797,14.3184281229716,14.3761964049114,14.4336216171758,14.4656412371511,14.5333848390127,14.6005593214217,14.6535262603753,14.6835703147492,14.6981065728916,14.8013410718132,14.8200893397333,14.8656875463991,14.9738411320813,15.0562772549892,15.1768675688204,15.1885371334329,15.2206734741177,15.3402451385337,15.3612210598232,15.3912561499806,15.5157882373665,15.5755265375171,15.6177368658212,15.6852882914286,15.7172953302685,15.8426075503744,15.9346720707258,15.9591080176715,16.1330549754384,16.180176324609,16.21787613518,16.3410003407713,16.4662595874782,16.5722160420487,16.6015801035687,16.7409075019217,16.8158656988751,16.8337750171877,17.0164007812944,17.1339819712841,17.2874182037745,17.4812629891157,17.8919011191431,17.9819351537147,18.0700475337531,18.203024927745,18.3044063392416,18.4320667559792,18.6097275092413,18.9238410494564,18.9534759386616,19.1251549605007,19.3803590759614,19.5732951328525,19.7403827327247,20.0509821182117,20.20645062152,20.6175680085538,20.99641654593,21.4063364113265,23.2438366038252,NA,NA,NA,NA,NA,NA,NA,NA,NA,NA,NA,NA,NA,NA,NA,NA,NA,NA,NA,NA,NA,NA,NA,NA,NA,NA,NA,NA,NA,NA,NA,NA,NA,NA,NA,NA,NA,NA,NA,NA,NA,NA,NA,NA,NA,NA,NA,NA
0.557092252190627,0.663896648671137,0.863498958638505,1.02661128406125,1.10998429463066,1.36287135136453,1.44717035196537,1.50892136006343,1.59961609766011,1.72470106994239,1.80370307868105,1.84940914429557,1.85643779671505,1.97761307435819,2.24711101178175,2.25854238837317,2.33499926644372,2.38980980903283,2.47805425593076,2.57991367307421,2.67807468525463,2.71769953891735,2.82267892499847,2.85182444908157,2.89852801786611,2.98110838261533,3.08088402820952,3.12535398921445,3.16353529274562,3.19396296687732,3.28541134826561,3.34495982775057,3.38760039941316,3.45684345644576,3.50902348133849,3.52269479400818,3.61240941273727,3.65564971114062,3.76547026451117,3.81309338714697,3.86342101406709,3.90518150272079,3.95365516735965,3.99642095359109,4.09474788670665,4.11049863970573,4.21825264473212,4.24922538406455,4.26677185294961,4.2916934764118,4.33866311225443,4.3891829320855,4.40443475494895,4.42052117804979,4.52488838939365,4.59616702779214,4.61209852572834,4.64321833951029,4.72723238670634,4.79054634138167,4.80713889964553,4.84814279087576,4.89086396059641,4.91200990609985,4.97627822595476,4.99932040155999,5.02249560089867,5.08194332341201,5.11515593858883,5.15165983054157,5.16486127897201,5.18925619675959,5.20341219857142,5.21547597694389,5.2922550724343,5.32348204386903,5.35856744033573,5.36640630741286,5.3979852701611,5.44204693771413,5.48408697781795,5.52376845061939,5.56613189489922,5.58776416613743,5.62748191837552,5.67578620637772,5.68666954143495,5.728313519038,5.7676342228735,5.78173643765545,5.80948593318885,5.84048391594871,5.87197310066908,5.89910562818661,5.91172950389061,5.92899429424236,5.95007715660119,6.00018542935262,6.0276383615179,6.05431774895112,6.06962961273339,6.10241089219373,6.1275765384626,6.1394423008693,6.21615448621245,6.25191285528764,6.28092502847409,6.30887943126096,6.32726443039425,6.35270297222206,6.35965334808573,6.37677383021384,6.41225029063469,6.43541855343961,6.45445740340373,6.49302593404207,6.5358596578075,6.57369158022344,6.59082636436405,6.60358681733399,6.69760224260584,6.72705601554176,6.75570566423893,6.78783141629839,6.79328368862436,6.80660689508719,6.84555210795562,6.86161873140901,6.87426282176874,6.89146908906208,6.91704941526139,6.92864888364139,6.95466725539434,6.98083597823362,7.01589111969996,7.02437234630704,7.04035918457861,7.05870189979169,7.08997047524431,7.12125788036255,7.16429015361132,7.19667950915095,7.22256425129764,7.24016577613383,7.25513390971702,7.28036507548609,7.30959598981845,7.3232713339237,7.33701409789519,7.34858365358189,7.36296071546765,7.40124214662562,7.43923703129822,7.4537030360886,7.46158614564911,7.50778920642158,7.53222670350424,7.56094693693893,7.57983252537704,7.6145032983216,7.63522889135672,7.6470861896269,7.65631599645649,7.6970627830359,7.70102905400043,7.71963590349295,7.74153972909809,7.77797124445321,7.82177225336748,7.84347229824996,7.84679410783579,7.87955643784238,7.89780026764671,7.92947709607796,7.9682678967651,7.97333083657065,8.00744417549991,8.03910681602055,8.04543746394263,8.08894723799586,8.13958815368642,8.1475347242885,8.16752168559746,8.19328982706913,8.20383241617795,8.25532978874822,8.2757287171297,8.31147636657156,8.32118410442141,8.35862346453238,8.37231956686656,8.39118621202842,8.42156858121305,8.448736383092,8.45454134675519,8.49377977008645,8.50944722858073,8.54218226135062,8.56026480528849,8.59433271016928,8.60715878930884,8.64568657902878,8.65792231236452,8.68018926397816,8.7019850717732,8.73116176512798,8.75274580754737,8.77780307075409,8.79945767948957,8.8377041408143,8.86597069975798,8.88393823512045,8.92567007624123,8.96796138663015,8.97234494095595,9.02637874676251,9.05378173990122,9.08952473147111,9.10076471622394,9.14674722124699,9.18990269319063,9.21255514498445,9.2382570703458,9.24288438872598,9.27641517971976,9.30122701712273,9.31433849385033,9.36180268017444,9.39598301994846,9.43200314153221,9.44485100821052,9.47208280860898,9.50305565858083,9.55830656242166,9.58518922206513,9.60521318339891,9.6443605995228,9.67662180227753,9.70809610971786,9.73747088739477,9.778218661893,9.79409572079191,9.8540790015887,9.88244456871281,9.93005823141949,9.95132138289627,9.97293159613814,9.98994976564905,10.0174237707245,10.0568444141403,10.085759499666,10.1116439176243,10.13716663545,10.2088089256633,10.230034529285,10.2598478661287,10.2774263727803,10.2872101620424,10.3210860423914,10.3440458102298,10.3965368844187,10.41248480821,10.4638960102026,10.4916354713106,10.5106730161072,10.5290866033855,10.593907822748,10.6360567220812,10.6601333843442,10.6843374467243,10.7313253495371,10.8246583394885,10.8538355878974,10.8720694941213,10.9099876064889,10.9416767474147,11.0155924391561,11.0374606563941,11.0590520678948,11.1057167662389,11.1301699147648,11.1418093252573,11.1770734698683,11.1960160400594,11.2735042984296,11.3368430026265,11.3537622262993,11.3882832254628,11.4462830005939,11.4837473233697,11.5149036896078,11.5482102696044,11.5624584187873,11.5945863825417,11.6791479612584,11.6977590090398,11.7417290433406,11.7795796315251,11.8045051418904,11.827369976603,11.883017027488,11.9113696748087,11.9860543507827,12.0029089363878,12.0527662233693,12.1175890938424,12.1272978389298,12.1915357194127,12.2411860930662,12.2725008459189,12.29617335625,12.3136401607564,12.3860955978477,12.4119814094156,12.4178875112369,12.4695331811407,12.4872337190471,12.5798257458128,12.5966778818879,12.6488259119573,12.6887641343602,12.7115116740957,12.7666853344686,12.8505853008651,12.8776053270983,12.8826237868656,12.9155995378605,12.9361618507731,13.0116521339865,13.0381581624421,13.0688112839155,13.1097413539399,13.1199624496178,13.1891560560969,13.2480147748237,13.2868295060705,13.3285153470353,13.3879966475835,13.4584375317429,13.472298904974,13.4965668244652,13.531813188759,13.5722835015481,13.5929395478974,13.6417868884577,13.6896314870111,13.7467480773106,13.7851182504142,13.8209246609102,13.851493176362,13.9107154997606,13.9540658721593,14.0290333937496,14.0537622879499,14.1218973068784,14.1333312437929,14.2015043889041,14.2067724240719,14.2114131199797,14.3184281229716,14.3761964049114,14.4336216171758,14.4656412371511,14.5333848390127,14.6005593214217,14.6535262603753,14.6835703147492,14.6981065728916,14.8013410718132,14.8200893397333,14.8656875463991,14.9738411320813,15.0562772549892,15.1768675688204,15.1885371334329,15.2206734741177,15.3402451385337,15.3612210598232,15.3912561499806,15.5157882373665,15.5755265375171,15.6177368658212,15.6852882914286,15.7172953302685,15.8426075503744,15.9346720707258,15.9591080176715,16.1330549754384,16.180176324609,16.21787613518,16.3410003407713,16.4662595874782,16.5722160420487,16.6015801035687,16.7409075019217,16.8158656988751,16.8337750171877,17.0164007812944,17.1339819712841,17.2874182037745,17.4812629891157,17.8919011191431,17.9819351537147,18.0700475337531,18.203024927745,18.3044063392416,18.4320667559792,18.6097275092413,18.9238410494564,18.9534759386616,19.1251549605007,19.3803590759614,19.5732951328525,19.7403827327247,20.0509821182117,20.20645062152,20.6175680085538,20.99641654593,21.4063364113265,23.2438366038252,NA,NA,NA,NA,NA,NA,NA,NA,NA,NA,NA,NA,NA,NA,NA,NA,NA,NA,NA,NA,NA,NA,NA,NA,NA,NA,NA,NA,NA,NA,NA,NA,NA,NA,NA,NA,NA,NA,NA,NA,NA,NA,NA,NA,NA,NA,NA,NA
0.557092252190627,0.663896648671137,0.863498958638505,1.02661128406125,1.10998429463066,1.36287135136453,1.44717035196537,1.50892136006343,1.59961609766011,1.72470106994239,1.80370307868105,1.84940914429557,1.85643779671505,1.97761307435819,2.24711101178175,2.25854238837317,2.33499926644372,2.38980980903283,2.47805425593076,2.57991367307421,2.67807468525463,2.71769953891735,2.82267892499847,2.85182444908157,2.89852801786611,2.98110838261533,3.08088402820952,3.12535398921445,3.16353529274562,3.19396296687732,3.28541134826561,3.34495982775057,3.38760039941316,3.45684345644576,3.50902348133849,3.52269479400818,3.61240941273727,3.65564971114062,3.76547026451117,3.81309338714697,3.86342101406709,3.90518150272079,3.95365516735965,3.99642095359109,4.09474788670665,4.11049863970573,4.21825264473212,4.24922538406455,4.26677185294961,4.2916934764118,4.33866311225443,4.3891829320855,4.40443475494895,4.42052117804979,4.52488838939365,4.59616702779214,4.61209852572834,4.64321833951029,4.72723238670634,4.79054634138167,4.80713889964553,4.84814279087576,4.89086396059641,4.91200990609985,4.97627822595476,4.99932040155999,5.02249560089867,5.08194332341201,5.11515593858883,5.15165983054157,5.16486127897201,5.18925619675959,5.20341219857142,5.21547597694389,5.2922550724343,5.32348204386903,5.35856744033573,5.36640630741286,5.3979852701611,5.44204693771413,5.48408697781795,5.52376845061939,5.56613189489922,5.58776416613743,5.62748191837552,5.67578620637772,5.68666954143495,5.728313519038,5.7676342228735,5.78173643765545,5.80948593318885,5.84048391594871,5.87197310066908,5.89910562818661,5.91172950389061,5.92899429424236,5.95007715660119,6.00018542935262,6.0276383615179,6.05431774895112,6.06962961273339,6.10241089219373,6.1275765384626,6.1394423008693,6.21615448621245,6.25191285528764,6.28092502847409,6.30887943126096,6.32726443039425,6.35270297222206,6.35965334808573,6.37677383021384,6.41225029063469,6.43541855343961,6.45445740340373,6.49302593404207,6.5358596578075,6.57369158022344,6.59082636436405,6.60358681733399,6.69760224260584,6.72705601554176,6.75570566423893,6.78783141629839,6.79328368862436,6.80660689508719,6.84555210795562,6.86161873140901,6.87426282176874,6.89146908906208,6.91704941526139,6.92864888364139,6.95466725539434,6.98083597823362,7.01589111969996,7.02437234630704,7.04035918457861,7.05870189979169,7.08997047524431,7.12125788036255,7.16429015361132,7.19667950915095,7.22256425129764,7.24016577613383,7.25513390971702,7.28036507548609,7.30959598981845,7.3232713339237,7.33701409789519,7.34858365358189,7.36296071546765,7.40124214662562,7.43923703129822,7.4537030360886,7.46158614564911,7.50778920642158,7.53222670350424,7.56094693693893,7.57983252537704,7.6145032983216,7.63522889135672,7.6470861896269,7.65631599645649,7.6970627830359,7.70102905400043,7.71963590349295,7.74153972909809,7.77797124445321,7.82177225336748,7.84347229824996,7.84679410783579,7.87955643784238,7.89780026764671,7.92947709607796,7.9682678967651,7.97333083657065,8.00744417549991,8.03910681602055,8.04543746394263,8.08894723799586,8.13958815368642,8.1475347242885,8.16752168559746,8.19328982706913,8.20383241617795,8.25532978874822,8.2757287171297,8.31147636657156,8.32118410442141,8.35862346453238,8.37231956686656,8.39118621202842,8.42156858121305,8.448736383092,8.45454134675519,8.49377977008645,8.50944722858073,8.54218226135062,8.56026480528849,8.59433271016928,8.60715878930884,8.64568657902878,8.65792231236452,8.68018926397816,8.7019850717732,8.73116176512798,8.75274580754737,8.77780307075409,8.79945767948957,8.8377041408143,8.86597069975798,8.88393823512045,8.92567007624123,8.96796138663015,8.97234494095595,9.02637874676251,9.05378173990122,9.08952473147111,9.10076471622394,9.14674722124699,9.18990269319063,9.21255514498445,9.2382570703458,9.24288438872598,9.27641517971976,9.30122701712273,9.31433849385033,9.36180268017444,9.39598301994846,9.43200314153221,9.44485100821052,9.47208280860898,9.50305565858083,9.55830656242166,9.58518922206513,9.60521318339891,9.6443605995228,9.67662180227753,9.70809610971786,9.73747088739477,9.778218661893,9.79409572079191,9.8540790015887,9.88244456871281,9.93005823141949,9.95132138289627,9.97293159613814,9.98994976564905,10.0174237707245,10.0568444141403,10.085759499666,10.1116439176243,10.13716663545,10.2088089256633,10.230034529285,10.2598478661287,10.2774263727803,10.2872101620424,10.3210860423914,10.3440458102298,10.3965368844187,10.41248480821,10.4638960102026,10.4916354713106,10.5106730161072,10.5290866033855,10.593907822748,10.6360567220812,10.6601333843442,10.6843374467243,10.7313253495371,10.8246583394885,10.8538355878974,10.8720694941213,10.9099876064889,10.9416767474147,11.0155924391561,11.0374606563941,11.0590520678948,11.1057167662389,11.1301699147648,11.1418093252573,11.1770734698683,11.1960160400594,11.2735042984296,11.3368430026265,11.3537622262993,11.3882832254628,11.4462830005939,11.4837473233697,11.5149036896078,11.5482102696044,11.5624584187873,11.5945863825417,11.6791479612584,11.6977590090398,11.7417290433406,11.7795796315251,11.8045051418904,11.827369976603,11.883017027488,11.9113696748087,11.9860543507827,12.0029089363878,12.0527662233693,12.1175890938424,12.1272978389298,12.1915357194127,12.2411860930662,12.2725008459189,12.29617335625,12.3136401607564,12.3860955978477,12.4119814094156,12.4178875112369,12.4695331811407,12.4872337190471,12.5798257458128,12.5966778818879,12.6488259119573,12.6887641343602,12.7115116740957,12.7666853344686,12.8505853008651,12.8776053270983,12.8826237868656,12.9155995378605,12.9361618507731,13.0116521339865,13.0381581624421,13.0688112839155,13.1097413539399,13.1199624496178,13.1891560560969,13.2480147748237,13.2868295060705,13.3285153470353,13.3879966475835,13.4584375317429,13.472298904974,13.4965668244652,13.531813188759,13.5722835015481,13.5929395478974,13.6417868884577,13.6896314870111,13.7467480773106,13.7851182504142,13.8209246609102,13.851493176362,13.9107154997606,13.9540658721593,14.0290333937496,14.0537622879499,14.1218973068784,14.1333312437929,14.2015043889041,14.2067724240719,14.2114131199797,14.3184281229716,14.3761964049114,14.4336216171758,14.4656412371511,14.5333848390127,14.6005593214217,14.6535262603753,14.6835703147492,14.6981065728916,14.8013410718132,14.8200893397333,14.8656875463991,14.9738411320813,15.0562772549892,15.1768675688204,15.1885371334329,15.2206734741177,15.3402451385337,15.3612210598232,15.3912561499806,15.5157882373665,15.5755265375171,15.6177368658212,15.6852882914286,15.7172953302685,15.8426075503744,15.9346720707258,15.9591080176715,16.1330549754384,16.180176324609,16.21787613518,16.3410003407713,16.4662595874782,16.5722160420487,16.6015801035687,16.7409075019217,16.8158656988751,16.8337750171877,17.0164007812944,17.1339819712841,17.2874182037745,17.4812629891157,17.8919011191431,17.9819351537147,18.0700475337531,18.203024927745,18.3044063392416,18.4320667559792,18.6097275092413,18.9238410494564,18.9534759386616,19.1251549605007,19.3803590759614,19.5732951328525,19.7403827327247,20.0509821182117,20.20645062152,20.6175680085538,20.99641654593,21.4063364113265,23.2438366038252,NA,NA,NA,NA,NA,NA,NA,NA,NA,NA,NA,NA,NA,NA,NA,NA,NA,NA,NA,NA,NA,NA,NA,NA,NA,NA,NA,NA,NA,NA,NA,NA,NA,NA,NA,NA,NA,NA,NA,NA,NA,NA,NA,NA,NA,NA,NA,NA
0.611930439305673,0.640066671934063,0.847953074304844,1.06783931395084,1.32305296158107,1.38668323815013,1.48598053632999,1.59208436357025,1.60482561017287,1.82148705489198,1.89148578289194,2.08255586841316,2.09969438960729,2.2084828934926,2.38180002517135,2.46975746790793,2.50914949759512,2.57892701140895,2.6405933290617,2.65704574420573,2.78004567843723,2.89483014748681,3.01020403615161,3.0739721034847,3.09265949393219,3.14888804052261,3.23094317859375,3.28642196218828,3.35291714436606,3.40915951616974,3.50712980443888,3.57434328597997,3.64937807356382,3.68469540607375,3.70723497991856,3.77005195650192,3.79847040304695,3.86901544488635,3.95092882270389,3.99019963318055,4.04803397550284,4.09372631936943,4.2096394286646,4.23758610663242,4.27176316743897,4.32087859887411,4.3756581568932,4.39353963302648,4.399326040519,4.48511327029592,4.51484396625563,4.56207699307044,4.619496888965,4.65033935120824,4.68103990869561,4.76974956012503,4.77997301220526,4.79996556798418,4.8672222764439,4.92236345378202,4.9663740148736,4.97578665014456,5.00640371753547,5.08034575257279,5.09268485630474,5.12392701633707,5.13858779526279,5.17410469462942,5.19696357589648,5.25377655909642,5.28749100662085,5.3128975982039,5.33045645136389,5.33884175080052,5.3666994395155,5.45094897883749,5.46350105964279,5.52532458533201,5.57778265800299,5.60107790919557,5.66144639562545,5.69250354784137,5.7244792336177,5.75200012534886,5.76713722204906,5.80290631014008,5.8083480976802,5.83791385015507,5.87722677734436,5.91652940720957,5.93101769662707,5.94956653446765,5.97554924910859,6.03912367337354,6.04668624029386,6.08413514450468,6.11148831961162,6.12526131470317,6.16626825679653,6.18843143235024,6.20721750330509,6.25294548775867,6.27449260777933,6.29590380310769,6.31795068329615,6.34594062915552,6.38587516431587,6.39599433827932,6.4144619866348,6.44310265485117,6.4584474124847,6.46727074599341,6.51830567845589,6.55175948835915,6.59829370050507,6.66528228054141,6.67716896212196,6.75474657067319,6.76538267547089,6.81574122190333,6.81916493283343,6.83696421882508,6.86712611616239,6.88147329090514,6.91218251634398,6.93422690966378,6.97468183347594,6.98979949017439,7.0197691164098,7.02702531999292,7.04452591484743,7.08383653654046,7.126927878673,7.13309228401012,7.16608077538088,7.18002950336385,7.20044506098948,7.21685139217174,7.23517455790306,7.25268022127812,7.27436765844324,7.33027627241692,7.33611108760296,7.35129180029795,7.39051925311781,7.4012428823816,7.4469442803254,7.45637811588653,7.47122959067972,7.49053593038923,7.52277025731224,7.53939664642341,7.54770501227014,7.59089905732461,7.61703529619474,7.63546368099446,7.66334051097616,7.69683411275451,7.73752377698134,7.76434895817771,7.78116013969834,7.81884514077626,7.84153334816273,7.84440460490494,7.88222129771874,7.89984490644675,7.96387938294409,7.9939728970084,8.02300711923564,8.04138485893098,8.07495381980353,8.09452474151169,8.13267755724569,8.14606478497316,8.14692506680174,8.2032544038037,8.24029924333811,8.26348387682009,8.28504763812133,8.30861042801926,8.34489702964821,8.37001565199365,8.39503144973657,8.41413420636614,8.44525850954968,8.47572652662276,8.52111692134385,8.53141173019156,8.57099239120345,8.59916354709505,8.61763045941358,8.62488317592443,8.63919550211401,8.68254981998271,8.7057824500167,8.72665831178933,8.77147566385587,8.83417856486472,8.85968331498004,8.88802354507916,8.92025481045268,8.93369010299655,8.99733243794142,9.02538215774899,9.07710692219333,9.09296145875358,9.12168605866315,9.15352473236905,9.15704613173668,9.20354269260921,9.22874586368149,9.26827098137674,9.32028134817648,9.33300740454726,9.36604648332623,9.41238469683078,9.42960724433226,9.45083360757724,9.50250748083556,9.50664305217864,9.54192220434826,9.59791951490851,9.61336623302448,9.64845106189913,9.66323441499556,9.71806028792831,9.73258044362334,9.75330049836863,9.81037942231119,9.83018922449604,9.85685851658898,9.88794624589191,9.92335634247597,9.9715260004322,9.98153108294589,10.018311276029,10.0590000495512,10.0738809913926,10.089424787492,10.1471311579983,10.1714145821755,10.2131371407131,10.253999351303,10.2955307672593,10.3192761996728,10.3622549387667,10.3968509202797,10.420593602695,10.4417229840088,10.4698268745156,10.5409462827664,10.5555351469813,10.5984124516934,10.6881923022548,10.7278100521713,10.7741214623312,10.8053808231862,10.8263284986198,10.8613041117655,10.9119803553253,10.9576990784077,10.9966672052106,11.0223884144059,11.0838585842544,11.1347914707443,11.1825283893711,11.1991447756842,11.2180005842263,11.2728351833491,11.3108343087768,11.3841185166844,11.3898215926728,11.4450527616031,11.4939366438979,11.5021746258344,11.5487069317266,11.5778420883565,11.6272072287029,11.6383562792357,11.7078444493382,11.7602286139605,11.8012595511155,11.819806275499,11.8547755771386,11.9123360236069,11.9504572975257,11.9992892438762,12.0041405968495,12.0822702195278,12.1200616868975,12.1484476599234,12.169337944996,12.2441977298984,12.2525448136513,12.3054757848843,12.3366700024509,12.3471475089038,12.4155157410028,12.4544278764546,12.4946013080771,12.5222583994021,12.5802705922063,12.6277990594014,12.6910968168703,12.7427080250753,12.7686001077663,12.8143861155024,12.8380274821337,12.8626524850015,12.9062162234525,12.9425050693373,12.9640967837396,12.9952910992014,13.0475044242392,13.0961315993708,13.1786660366662,13.207932164161,13.2714169844347,13.295419514715,13.3562781101307,13.3874206518736,13.3955894666322,13.4289940131633,13.4624739062584,13.4903393069545,13.5014440968418,13.5873302445764,13.6243821125457,13.6338098274409,13.7065947358843,13.7135843898012,13.7983109549186,13.8368472701894,13.8996677356622,13.9326054321169,13.9932323575753,14.016191600655,14.0772587604656,14.1521552091969,14.2101544870866,14.2251703804837,14.244155285891,14.3225496439316,14.3678096539811,14.4109790635634,14.4429053313417,14.5038586758014,14.5703537743035,14.623057386076,14.6592255871431,14.7124043679846,14.7437648510468,14.8569986633891,14.9228081178918,15.0052882076756,15.0277022085492,15.0667951640534,15.1107601708897,15.1899276367167,15.3022356686477,15.3532015451571,15.3892483932843,15.4420750651248,15.4756851131798,15.5524618922482,15.6120409381186,15.7007136228148,15.7670701024981,15.8607975313125,15.9846095998356,16.0668736551626,16.1246679278116,16.2524699062605,16.3670658055572,16.4090665934417,16.5008215021476,16.588591406693,16.6655273737468,16.7752079228146,16.9387111747756,16.9955676517373,17.0836343756814,17.3537023557537,17.4418187988432,17.7049181124455,17.7388804954041,18.0916233820337,18.1964040037115,18.309084108084,18.4400405118259,18.6524585125126,18.8443464742735,18.9360496753748,19.330311097866,19.3741346210412,19.4421278384778,19.8828043995201,20.0181451462281,20.5031681429484,20.6616973600635,21.2155295788082,23.3041535887134,NA,NA,NA,NA,NA,NA,NA,NA,NA,NA,NA,NA,NA,NA,NA,NA,NA,NA,NA,NA,NA,NA,NA,NA,NA,NA,NA,NA,NA,NA,NA,NA,NA,NA,NA,NA,NA,NA,NA,NA,NA,NA,NA,NA,NA,NA,NA,NA,NA,NA,NA,NA,NA,NA,NA,NA,NA,NA,NA,NA,NA,NA,NA,NA,NA,NA
0.611930439305673,0.640066671934063,0.847953074304844,1.06783931395084,1.32305296158107,1.38668323815013,1.48598053632999,1.59208436357025,1.60482561017287,1.82148705489198,1.89148578289194,2.08255586841316,2.09969438960729,2.2084828934926,2.38180002517135,2.46975746790793,2.50914949759512,2.57892701140895,2.6405933290617,2.65704574420573,2.78004567843723,2.89483014748681,3.01020403615161,3.0739721034847,3.09265949393219,3.14888804052261,3.23094317859375,3.28642196218828,3.35291714436606,3.40915951616974,3.50712980443888,3.57434328597997,3.64937807356382,3.68469540607375,3.70723497991856,3.77005195650192,3.79847040304695,3.86901544488635,3.95092882270389,3.99019963318055,4.04803397550284,4.09372631936943,4.2096394286646,4.23758610663242,4.27176316743897,4.32087859887411,4.3756581568932,4.39353963302648,4.399326040519,4.48511327029592,4.51484396625563,4.56207699307044,4.619496888965,4.65033935120824,4.68103990869561,4.76974956012503,4.77997301220526,4.79996556798418,4.8672222764439,4.92236345378202,4.9663740148736,4.97578665014456,5.00640371753547,5.08034575257279,5.09268485630474,5.12392701633707,5.13858779526279,5.17410469462942,5.19696357589648,5.25377655909642,5.28749100662085,5.3128975982039,5.33045645136389,5.33884175080052,5.3666994395155,5.45094897883749,5.46350105964279,5.52532458533201,5.57778265800299,5.60107790919557,5.66144639562545,5.69250354784137,5.7244792336177,5.75200012534886,5.76713722204906,5.80290631014008,5.8083480976802,5.83791385015507,5.87722677734436,5.91652940720957,5.93101769662707,5.94956653446765,5.97554924910859,6.03912367337354,6.04668624029386,6.08413514450468,6.11148831961162,6.12526131470317,6.16626825679653,6.18843143235024,6.20721750330509,6.25294548775867,6.27449260777933,6.29590380310769,6.31795068329615,6.34594062915552,6.38587516431587,6.39599433827932,6.4144619866348,6.44310265485117,6.4584474124847,6.46727074599341,6.51830567845589,6.55175948835915,6.59829370050507,6.66528228054141,6.67716896212196,6.75474657067319,6.76538267547089,6.81574122190333,6.81916493283343,6.83696421882508,6.86712611616239,6.88147329090514,6.91218251634398,6.93422690966378,6.97468183347594,6.98979949017439,7.0197691164098,7.02702531999292,7.04452591484743,7.08383653654046,7.126927878673,7.13309228401012,7.16608077538088,7.18002950336385,7.20044506098948,7.21685139217174,7.23517455790306,7.25268022127812,7.27436765844324,7.33027627241692,7.33611108760296,7.35129180029795,7.39051925311781,7.4012428823816,7.4469442803254,7.45637811588653,7.47122959067972,7.49053593038923,7.52277025731224,7.53939664642341,7.54770501227014,7.59089905732461,7.61703529619474,7.63546368099446,7.66334051097616,7.69683411275451,7.73752377698134,7.76434895817771,7.78116013969834,7.81884514077626,7.84153334816273,7.84440460490494,7.88222129771874,7.89984490644675,7.96387938294409,7.9939728970084,8.02300711923564,8.04138485893098,8.07495381980353,8.09452474151169,8.13267755724569,8.14606478497316,8.14692506680174,8.2032544038037,8.24029924333811,8.26348387682009,8.28504763812133,8.30861042801926,8.34489702964821,8.37001565199365,8.39503144973657,8.41413420636614,8.44525850954968,8.47572652662276,8.52111692134385,8.53141173019156,8.57099239120345,8.59916354709505,8.61763045941358,8.62488317592443,8.63919550211401,8.68254981998271,8.7057824500167,8.72665831178933,8.77147566385587,8.83417856486472,8.85968331498004,8.88802354507916,8.92025481045268,8.93369010299655,8.99733243794142,9.02538215774899,9.07710692219333,9.09296145875358,9.12168605866315,9.15352473236905,9.15704613173668,9.20354269260921,9.22874586368149,9.26827098137674,9.32028134817648,9.33300740454726,9.36604648332623,9.41238469683078,9.42960724433226,9.45083360757724,9.50250748083556,9.50664305217864,9.54192220434826,9.59791951490851,9.61336623302448,9.64845106189913,9.66323441499556,9.71806028792831,9.73258044362334,9.75330049836863,9.81037942231119,9.83018922449604,9.85685851658898,9.88794624589191,9.92335634247597,9.9715260004322,9.98153108294589,10.018311276029,10.0590000495512,10.0738809913926,10.089424787492,10.1471311579983,10.1714145821755,10.2131371407131,10.253999351303,10.2955307672593,10.3192761996728,10.3622549387667,10.3968509202797,10.420593602695,10.4417229840088,10.4698268745156,10.5409462827664,10.5555351469813,10.5984124516934,10.6881923022548,10.7278100521713,10.7741214623312,10.8053808231862,10.8263284986198,10.8613041117655,10.9119803553253,10.9576990784077,10.9966672052106,11.0223884144059,11.0838585842544,11.1347914707443,11.1825283893711,11.1991447756842,11.2180005842263,11.2728351833491,11.3108343087768,11.3841185166844,11.3898215926728,11.4450527616031,11.4939366438979,11.5021746258344,11.5487069317266,11.5778420883565,11.6272072287029,11.6383562792357,11.7078444493382,11.7602286139605,11.8012595511155,11.819806275499,11.8547755771386,11.9123360236069,11.9504572975257,11.9992892438762,12.0041405968495,12.0822702195278,12.1200616868975,12.1484476599234,12.169337944996,12.2441977298984,12.2525448136513,12.3054757848843,12.3366700024509,12.3471475089038,12.4155157410028,12.4544278764546,12.4946013080771,12.5222583994021,12.5802705922063,12.6277990594014,12.6910968168703,12.7427080250753,12.7686001077663,12.8143861155024,12.8380274821337,12.8626524850015,12.9062162234525,12.9425050693373,12.9640967837396,12.9952910992014,13.0475044242392,13.0961315993708,13.1786660366662,13.207932164161,13.2714169844347,13.295419514715,13.3562781101307,13.3874206518736,13.3955894666322,13.4289940131633,13.4624739062584,13.4903393069545,13.5014440968418,13.5873302445764,13.6243821125457,13.6338098274409,13.7065947358843,13.7135843898012,13.7983109549186,13.8368472701894,13.8996677356622,13.9326054321169,13.9932323575753,14.016191600655,14.0772587604656,14.1521552091969,14.2101544870866,14.2251703804837,14.244155285891,14.3225496439316,14.3678096539811,14.4109790635634,14.4429053313417,14.5038586758014,14.5703537743035,14.623057386076,14.6592255871431,14.7124043679846,14.7437648510468,14.8569986633891,14.9228081178918,15.0052882076756,15.0277022085492,15.0667951640534,15.1107601708897,15.1899276367167,15.3022356686477,15.3532015451571,15.3892483932843,15.4420750651248,15.4756851131798,15.5524618922482,15.6120409381186,15.7007136228148,15.7670701024981,15.8607975313125,15.9846095998356,16.0668736551626,16.1246679278116,16.2524699062605,16.3670658055572,16.4090665934417,16.5008215021476,16.588591406693,16.6655273737468,16.7752079228146,16.9387111747756,16.9955676517373,17.0836343756814,17.3537023557537,17.4418187988432,17.7049181124455,17.7388804954041,18.0916233820337,18.1964040037115,18.309084108084,18.4400405118259,18.6524585125126,18.8443464742735,18.9360496753748,19.330311097866,19.3741346210412,19.4421278384778,19.8828043995201,20.0181451462281,20.5031681429484,20.6616973600635,21.2155295788082,23.3041535887134,NA,NA,NA,NA,NA,NA,NA,NA,NA,NA,NA,NA,NA,NA,NA,NA,NA,NA,NA,NA,NA,NA,NA,NA,NA,NA,NA,NA,NA,NA,NA,NA,NA,NA,NA,NA,NA,NA,NA,NA,NA,NA,NA,NA,NA,NA,NA,NA,NA,NA,NA,NA,NA,NA,NA,NA,NA,NA,NA,NA,NA,NA,NA,NA,NA,NA
0.611930439305673,0.640066671934063,0.847953074304844,1.06783931395084,1.32305296158107,1.38668323815013,1.48598053632999,1.59208436357025,1.60482561017287,1.82148705489198,1.89148578289194,2.08255586841316,2.09969438960729,2.2084828934926,2.38180002517135,2.46975746790793,2.50914949759512,2.57892701140895,2.6405933290617,2.65704574420573,2.78004567843723,2.89483014748681,3.01020403615161,3.0739721034847,3.09265949393219,3.14888804052261,3.23094317859375,3.28642196218828,3.35291714436606,3.40915951616974,3.50712980443888,3.57434328597997,3.64937807356382,3.68469540607375,3.70723497991856,3.77005195650192,3.79847040304695,3.86901544488635,3.95092882270389,3.99019963318055,4.04803397550284,4.09372631936943,4.2096394286646,4.23758610663242,4.27176316743897,4.32087859887411,4.3756581568932,4.39353963302648,4.399326040519,4.48511327029592,4.51484396625563,4.56207699307044,4.619496888965,4.65033935120824,4.68103990869561,4.76974956012503,4.77997301220526,4.79996556798418,4.8672222764439,4.92236345378202,4.9663740148736,4.97578665014456,5.00640371753547,5.08034575257279,5.09268485630474,5.12392701633707,5.13858779526279,5.17410469462942,5.19696357589648,5.25377655909642,5.28749100662085,5.3128975982039,5.33045645136389,5.33884175080052,5.3666994395155,5.45094897883749,5.46350105964279,5.52532458533201,5.57778265800299,5.60107790919557,5.66144639562545,5.69250354784137,5.7244792336177,5.75200012534886,5.76713722204906,5.80290631014008,5.8083480976802,5.83791385015507,5.87722677734436,5.91652940720957,5.93101769662707,5.94956653446765,5.97554924910859,6.03912367337354,6.04668624029386,6.08413514450468,6.11148831961162,6.12526131470317,6.16626825679653,6.18843143235024,6.20721750330509,6.25294548775867,6.27449260777933,6.29590380310769,6.31795068329615,6.34594062915552,6.38587516431587,6.39599433827932,6.4144619866348,6.44310265485117,6.4584474124847,6.46727074599341,6.51830567845589,6.55175948835915,6.59829370050507,6.66528228054141,6.67716896212196,6.75474657067319,6.76538267547089,6.81574122190333,6.81916493283343,6.83696421882508,6.86712611616239,6.88147329090514,6.91218251634398,6.93422690966378,6.97468183347594,6.98979949017439,7.0197691164098,7.02702531999292,7.04452591484743,7.08383653654046,7.126927878673,7.13309228401012,7.16608077538088,7.18002950336385,7.20044506098948,7.21685139217174,7.23517455790306,7.25268022127812,7.27436765844324,7.33027627241692,7.33611108760296,7.35129180029795,7.39051925311781,7.4012428823816,7.4469442803254,7.45637811588653,7.47122959067972,7.49053593038923,7.52277025731224,7.53939664642341,7.54770501227014,7.59089905732461,7.61703529619474,7.63546368099446,7.66334051097616,7.69683411275451,7.73752377698134,7.76434895817771,7.78116013969834,7.81884514077626,7.84153334816273,7.84440460490494,7.88222129771874,7.89984490644675,7.96387938294409,7.9939728970084,8.02300711923564,8.04138485893098,8.07495381980353,8.09452474151169,8.13267755724569,8.14606478497316,8.14692506680174,8.2032544038037,8.24029924333811,8.26348387682009,8.28504763812133,8.30861042801926,8.34489702964821,8.37001565199365,8.39503144973657,8.41413420636614,8.44525850954968,8.47572652662276,8.52111692134385,8.53141173019156,8.57099239120345,8.59916354709505,8.61763045941358,8.62488317592443,8.63919550211401,8.68254981998271,8.7057824500167,8.72665831178933,8.77147566385587,8.83417856486472,8.85968331498004,8.88802354507916,8.92025481045268,8.93369010299655,8.99733243794142,9.02538215774899,9.07710692219333,9.09296145875358,9.12168605866315,9.15352473236905,9.15704613173668,9.20354269260921,9.22874586368149,9.26827098137674,9.32028134817648,9.33300740454726,9.36604648332623,9.41238469683078,9.42960724433226,9.45083360757724,9.50250748083556,9.50664305217864,9.54192220434826,9.59791951490851,9.61336623302448,9.64845106189913,9.66323441499556,9.71806028792831,9.73258044362334,9.75330049836863,9.81037942231119,9.83018922449604,9.85685851658898,9.88794624589191,9.92335634247597,9.9715260004322,9.98153108294589,10.018311276029,10.0590000495512,10.0738809913926,10.089424787492,10.1471311579983,10.1714145821755,10.2131371407131,10.253999351303,10.2955307672593,10.3192761996728,10.3622549387667,10.3968509202797,10.420593602695,10.4417229840088,10.4698268745156,10.5409462827664,10.5555351469813,10.5984124516934,10.6881923022548,10.7278100521713,10.7741214623312,10.8053808231862,10.8263284986198,10.8613041117655,10.9119803553253,10.9576990784077,10.9966672052106,11.0223884144059,11.0838585842544,11.1347914707443,11.1825283893711,11.1991447756842,11.2180005842263,11.2728351833491,11.3108343087768,11.3841185166844,11.3898215926728,11.4450527616031,11.4939366438979,11.5021746258344,11.5487069317266,11.5778420883565,11.6272072287029,11.6383562792357,11.7078444493382,11.7602286139605,11.8012595511155,11.819806275499,11.8547755771386,11.9123360236069,11.9504572975257,11.9992892438762,12.0041405968495,12.0822702195278,12.1200616868975,12.1484476599234,12.169337944996,12.2441977298984,12.2525448136513,12.3054757848843,12.3366700024509,12.3471475089038,12.4155157410028,12.4544278764546,12.4946013080771,12.5222583994021,12.5802705922063,12.6277990594014,12.6910968168703,12.7427080250753,12.7686001077663,12.8143861155024,12.8380274821337,12.8626524850015,12.9062162234525,12.9425050693373,12.9640967837396,12.9952910992014,13.0475044242392,13.0961315993708,13.1786660366662,13.207932164161,13.2714169844347,13.295419514715,13.3562781101307,13.3874206518736,13.3955894666322,13.4289940131633,13.4624739062584,13.4903393069545,13.5014440968418,13.5873302445764,13.6243821125457,13.6338098274409,13.7065947358843,13.7135843898012,13.7983109549186,13.8368472701894,13.8996677356622,13.9326054321169,13.9932323575753,14.016191600655,14.0772587604656,14.1521552091969,14.2101544870866,14.2251703804837,14.244155285891,14.3225496439316,14.3678096539811,14.4109790635634,14.4429053313417,14.5038586758014,14.5703537743035,14.623057386076,14.6592255871431,14.7124043679846,14.7437648510468,14.8569986633891,14.9228081178918,15.0052882076756,15.0277022085492,15.0667951640534,15.1107601708897,15.1899276367167,15.3022356686477,15.3532015451571,15.3892483932843,15.4420750651248,15.4756851131798,15.5524618922482,15.6120409381186,15.7007136228148,15.7670701024981,15.8607975313125,15.9846095998356,16.0668736551626,16.1246679278116,16.2524699062605,16.3670658055572,16.4090665934417,16.5008215021476,16.588591406693,16.6655273737468,16.7752079228146,16.9387111747756,16.9955676517373,17.0836343756814,17.3537023557537,17.4418187988432,17.7049181124455,17.7388804954041,18.0916233820337,18.1964040037115,18.309084108084,18.4400405118259,18.6524585125126,18.8443464742735,18.9360496753748,19.330311097866,19.3741346210412,19.4421278384778,19.8828043995201,20.0181451462281,20.5031681429484,20.6616973600635,21.2155295788082,23.3041535887134,NA,NA,NA,NA,NA,NA,NA,NA,NA,NA,NA,NA,NA,NA,NA,NA,NA,NA,NA,NA,NA,NA,NA,NA,NA,NA,NA,NA,NA,NA,NA,NA,NA,NA,NA,NA,NA,NA,NA,NA,NA,NA,NA,NA,NA,NA,NA,NA,NA,NA,NA,NA,NA,NA,NA,NA,NA,NA,NA,NA,NA,NA,NA,NA,NA,NA
0.611930439305673,0.640066671934063,0.847953074304844,1.06783931395084,1.32305296158107,1.38668323815013,1.48598053632999,1.59208436357025,1.60482561017287,1.82148705489198,1.89148578289194,2.08255586841316,2.09969438960729,2.2084828934926,2.38180002517135,2.46975746790793,2.50914949759512,2.57892701140895,2.6405933290617,2.65704574420573,2.78004567843723,2.89483014748681,3.01020403615161,3.0739721034847,3.09265949393219,3.14888804052261,3.23094317859375,3.28642196218828,3.35291714436606,3.40915951616974,3.50712980443888,3.57434328597997,3.64937807356382,3.68469540607375,3.70723497991856,3.77005195650192,3.79847040304695,3.86901544488635,3.95092882270389,3.99019963318055,4.04803397550284,4.09372631936943,4.2096394286646,4.23758610663242,4.27176316743897,4.32087859887411,4.3756581568932,4.39353963302648,4.399326040519,4.48511327029592,4.51484396625563,4.56207699307044,4.619496888965,4.65033935120824,4.68103990869561,4.76974956012503,4.77997301220526,4.79996556798418,4.8672222764439,4.92236345378202,4.9663740148736,4.97578665014456,5.00640371753547,5.08034575257279,5.09268485630474,5.12392701633707,5.13858779526279,5.17410469462942,5.19696357589648,5.25377655909642,5.28749100662085,5.3128975982039,5.33045645136389,5.33884175080052,5.3666994395155,5.45094897883749,5.46350105964279,5.52532458533201,5.57778265800299,5.60107790919557,5.66144639562545,5.69250354784137,5.7244792336177,5.75200012534886,5.76713722204906,5.80290631014008,5.8083480976802,5.83791385015507,5.87722677734436,5.91652940720957,5.93101769662707,5.94956653446765,5.97554924910859,6.03912367337354,6.04668624029386,6.08413514450468,6.11148831961162,6.12526131470317,6.16626825679653,6.18843143235024,6.20721750330509,6.25294548775867,6.27449260777933,6.29590380310769,6.31795068329615,6.34594062915552,6.38587516431587,6.39599433827932,6.4144619866348,6.44310265485117,6.4584474124847,6.46727074599341,6.51830567845589,6.55175948835915,6.59829370050507,6.66528228054141,6.67716896212196,6.75474657067319,6.76538267547089,6.81574122190333,6.81916493283343,6.83696421882508,6.86712611616239,6.88147329090514,6.91218251634398,6.93422690966378,6.97468183347594,6.98979949017439,7.0197691164098,7.02702531999292,7.04452591484743,7.08383653654046,7.126927878673,7.13309228401012,7.16608077538088,7.18002950336385,7.20044506098948,7.21685139217174,7.23517455790306,7.25268022127812,7.27436765844324,7.33027627241692,7.33611108760296,7.35129180029795,7.39051925311781,7.4012428823816,7.4469442803254,7.45637811588653,7.47122959067972,7.49053593038923,7.52277025731224,7.53939664642341,7.54770501227014,7.59089905732461,7.61703529619474,7.63546368099446,7.66334051097616,7.69683411275451,7.73752377698134,7.76434895817771,7.78116013969834,7.81884514077626,7.84153334816273,7.84440460490494,7.88222129771874,7.89984490644675,7.96387938294409,7.9939728970084,8.02300711923564,8.04138485893098,8.07495381980353,8.09452474151169,8.13267755724569,8.14606478497316,8.14692506680174,8.2032544038037,8.24029924333811,8.26348387682009,8.28504763812133,8.30861042801926,8.34489702964821,8.37001565199365,8.39503144973657,8.41413420636614,8.44525850954968,8.47572652662276,8.52111692134385,8.53141173019156,8.57099239120345,8.59916354709505,8.61763045941358,8.62488317592443,8.63919550211401,8.68254981998271,8.7057824500167,8.72665831178933,8.77147566385587,8.83417856486472,8.85968331498004,8.88802354507916,8.92025481045268,8.93369010299655,8.99733243794142,9.02538215774899,9.07710692219333,9.09296145875358,9.12168605866315,9.15352473236905,9.15704613173668,9.20354269260921,9.22874586368149,9.26827098137674,9.32028134817648,9.33300740454726,9.36604648332623,9.41238469683078,9.42960724433226,9.45083360757724,9.50250748083556,9.50664305217864,9.54192220434826,9.59791951490851,9.61336623302448,9.64845106189913,9.66323441499556,9.71806028792831,9.73258044362334,9.75330049836863,9.81037942231119,9.83018922449604,9.85685851658898,9.88794624589191,9.92335634247597,9.9715260004322,9.98153108294589,10.018311276029,10.0590000495512,10.0738809913926,10.089424787492,10.1471311579983,10.1714145821755,10.2131371407131,10.253999351303,10.2955307672593,10.3192761996728,10.3622549387667,10.3968509202797,10.420593602695,10.4417229840088,10.4698268745156,10.5409462827664,10.5555351469813,10.5984124516934,10.6881923022548,10.7278100521713,10.7741214623312,10.8053808231862,10.8263284986198,10.8613041117655,10.9119803553253,10.9576990784077,10.9966672052106,11.0223884144059,11.0838585842544,11.1347914707443,11.1825283893711,11.1991447756842,11.2180005842263,11.2728351833491,11.3108343087768,11.3841185166844,11.3898215926728,11.4450527616031,11.4939366438979,11.5021746258344,11.5487069317266,11.5778420883565,11.6272072287029,11.6383562792357,11.7078444493382,11.7602286139605,11.8012595511155,11.819806275499,11.8547755771386,11.9123360236069,11.9504572975257,11.9992892438762,12.0041405968495,12.0822702195278,12.1200616868975,12.1484476599234,12.169337944996,12.2441977298984,12.2525448136513,12.3054757848843,12.3366700024509,12.3471475089038,12.4155157410028,12.4544278764546,12.4946013080771,12.5222583994021,12.5802705922063,12.6277990594014,12.6910968168703,12.7427080250753,12.7686001077663,12.8143861155024,12.8380274821337,12.8626524850015,12.9062162234525,12.9425050693373,12.9640967837396,12.9952910992014,13.0475044242392,13.0961315993708,13.1786660366662,13.207932164161,13.2714169844347,13.295419514715,13.3562781101307,13.3874206518736,13.3955894666322,13.4289940131633,13.4624739062584,13.4903393069545,13.5014440968418,13.5873302445764,13.6243821125457,13.6338098274409,13.7065947358843,13.7135843898012,13.7983109549186,13.8368472701894,13.8996677356622,13.9326054321169,13.9932323575753,14.016191600655,14.0772587604656,14.1521552091969,14.2101544870866,14.2251703804837,14.244155285891,14.3225496439316,14.3678096539811,14.4109790635634,14.4429053313417,14.5038586758014,14.5703537743035,14.623057386076,14.6592255871431,14.7124043679846,14.7437648510468,14.8569986633891,14.9228081178918,15.0052882076756,15.0277022085492,15.0667951640534,15.1107601708897,15.1899276367167,15.3022356686477,15.3532015451571,15.3892483932843,15.4420750651248,15.4756851131798,15.5524618922482,15.6120409381186,15.7007136228148,15.7670701024981,15.8607975313125,15.9846095998356,16.0668736551626,16.1246679278116,16.2524699062605,16.3670658055572,16.4090665934417,16.5008215021476,16.588591406693,16.6655273737468,16.7752079228146,16.9387111747756,16.9955676517373,17.0836343756814,17.3537023557537,17.4418187988432,17.7049181124455,17.7388804954041,18.0916233820337,18.1964040037115,18.309084108084,18.4400405118259,18.6524585125126,18.8443464742735,18.9360496753748,19.330311097866,19.3741346210412,19.4421278384778,19.8828043995201,20.0181451462281,20.5031681429484,20.6616973600635,21.2155295788082,23.3041535887134,NA,NA,NA,NA,NA,NA,NA,NA,NA,NA,NA,NA,NA,NA,NA,NA,NA,NA,NA,NA,NA,NA,NA,NA,NA,NA,NA,NA,NA,NA,NA,NA,NA,NA,NA,NA,NA,NA,NA,NA,NA,NA,NA,NA,NA,NA,NA,NA,NA,NA,NA,NA,NA,NA,NA,NA,NA,NA,NA,NA,NA,NA,NA,NA,NA,NA
0.611930439305673,0.640066671934063,0.847953074304844,1.06783931395084,1.32305296158107,1.38668323815013,1.48598053632999,1.59208436357025,1.60482561017287,1.82148705489198,1.89148578289194,2.08255586841316,2.09969438960729,2.2084828934926,2.38180002517135,2.46975746790793,2.50914949759512,2.57892701140895,2.6405933290617,2.65704574420573,2.78004567843723,2.89483014748681,3.01020403615161,3.0739721034847,3.09265949393219,3.14888804052261,3.23094317859375,3.28642196218828,3.35291714436606,3.40915951616974,3.50712980443888,3.57434328597997,3.64937807356382,3.68469540607375,3.70723497991856,3.77005195650192,3.79847040304695,3.86901544488635,3.95092882270389,3.99019963318055,4.04803397550284,4.09372631936943,4.2096394286646,4.23758610663242,4.27176316743897,4.32087859887411,4.3756581568932,4.39353963302648,4.399326040519,4.48511327029592,4.51484396625563,4.56207699307044,4.619496888965,4.65033935120824,4.68103990869561,4.76974956012503,4.77997301220526,4.79996556798418,4.8672222764439,4.92236345378202,4.9663740148736,4.97578665014456,5.00640371753547,5.08034575257279,5.09268485630474,5.12392701633707,5.13858779526279,5.17410469462942,5.19696357589648,5.25377655909642,5.28749100662085,5.3128975982039,5.33045645136389,5.33884175080052,5.3666994395155,5.45094897883749,5.46350105964279,5.52532458533201,5.57778265800299,5.60107790919557,5.66144639562545,5.69250354784137,5.7244792336177,5.75200012534886,5.76713722204906,5.80290631014008,5.8083480976802,5.83791385015507,5.87722677734436,5.91652940720957,5.93101769662707,5.94956653446765,5.97554924910859,6.03912367337354,6.04668624029386,6.08413514450468,6.11148831961162,6.12526131470317,6.16626825679653,6.18843143235024,6.20721750330509,6.25294548775867,6.27449260777933,6.29590380310769,6.31795068329615,6.34594062915552,6.38587516431587,6.39599433827932,6.4144619866348,6.44310265485117,6.4584474124847,6.46727074599341,6.51830567845589,6.55175948835915,6.59829370050507,6.66528228054141,6.67716896212196,6.75474657067319,6.76538267547089,6.81574122190333,6.81916493283343,6.83696421882508,6.86712611616239,6.88147329090514,6.91218251634398,6.93422690966378,6.97468183347594,6.98979949017439,7.0197691164098,7.02702531999292,7.04452591484743,7.08383653654046,7.126927878673,7.13309228401012,7.16608077538088,7.18002950336385,7.20044506098948,7.21685139217174,7.23517455790306,7.25268022127812,7.27436765844324,7.33027627241692,7.33611108760296,7.35129180029795,7.39051925311781,7.4012428823816,7.4469442803254,7.45637811588653,7.47122959067972,7.49053593038923,7.52277025731224,7.53939664642341,7.54770501227014,7.59089905732461,7.61703529619474,7.63546368099446,7.66334051097616,7.69683411275451,7.73752377698134,7.76434895817771,7.78116013969834,7.81884514077626,7.84153334816273,7.84440460490494,7.88222129771874,7.89984490644675,7.96387938294409,7.9939728970084,8.02300711923564,8.04138485893098,8.07495381980353,8.09452474151169,8.13267755724569,8.14606478497316,8.14692506680174,8.2032544038037,8.24029924333811,8.26348387682009,8.28504763812133,8.30861042801926,8.34489702964821,8.37001565199365,8.39503144973657,8.41413420636614,8.44525850954968,8.47572652662276,8.52111692134385,8.53141173019156,8.57099239120345,8.59916354709505,8.61763045941358,8.62488317592443,8.63919550211401,8.68254981998271,8.7057824500167,8.72665831178933,8.77147566385587,8.83417856486472,8.85968331498004,8.88802354507916,8.92025481045268,8.93369010299655,8.99733243794142,9.02538215774899,9.07710692219333,9.09296145875358,9.12168605866315,9.15352473236905,9.15704613173668,9.20354269260921,9.22874586368149,9.26827098137674,9.32028134817648,9.33300740454726,9.36604648332623,9.41238469683078,9.42960724433226,9.45083360757724,9.50250748083556,9.50664305217864,9.54192220434826,9.59791951490851,9.61336623302448,9.64845106189913,9.66323441499556,9.71806028792831,9.73258044362334,9.75330049836863,9.81037942231119,9.83018922449604,9.85685851658898,9.88794624589191,9.92335634247597,9.9715260004322,9.98153108294589,10.018311276029,10.0590000495512,10.0738809913926,10.089424787492,10.1471311579983,10.1714145821755,10.2131371407131,10.253999351303,10.2955307672593,10.3192761996728,10.3622549387667,10.3968509202797,10.420593602695,10.4417229840088,10.4698268745156,10.5409462827664,10.5555351469813,10.5984124516934,10.6881923022548,10.7278100521713,10.7741214623312,10.8053808231862,10.8263284986198,10.8613041117655,10.9119803553253,10.9576990784077,10.9966672052106,11.0223884144059,11.0838585842544,11.1347914707443,11.1825283893711,11.1991447756842,11.2180005842263,11.2728351833491,11.3108343087768,11.3841185166844,11.3898215926728,11.4450527616031,11.4939366438979,11.5021746258344,11.5487069317266,11.5778420883565,11.6272072287029,11.6383562792357,11.7078444493382,11.7602286139605,11.8012595511155,11.819806275499,11.8547755771386,11.9123360236069,11.9504572975257,11.9992892438762,12.0041405968495,12.0822702195278,12.1200616868975,12.1484476599234,12.169337944996,12.2441977298984,12.2525448136513,12.3054757848843,12.3366700024509,12.3471475089038,12.4155157410028,12.4544278764546,12.4946013080771,12.5222583994021,12.5802705922063,12.6277990594014,12.6910968168703,12.7427080250753,12.7686001077663,12.8143861155024,12.8380274821337,12.8626524850015,12.9062162234525,12.9425050693373,12.9640967837396,12.9952910992014,13.0475044242392,13.0961315993708,13.1786660366662,13.207932164161,13.2714169844347,13.295419514715,13.3562781101307,13.3874206518736,13.3955894666322,13.4289940131633,13.4624739062584,13.4903393069545,13.5014440968418,13.5873302445764,13.6243821125457,13.6338098274409,13.7065947358843,13.7135843898012,13.7983109549186,13.8368472701894,13.8996677356622,13.9326054321169,13.9932323575753,14.016191600655,14.0772587604656,14.1521552091969,14.2101544870866,14.2251703804837,14.244155285891,14.3225496439316,14.3678096539811,14.4109790635634,14.4429053313417,14.5038586758014,14.5703537743035,14.623057386076,14.6592255871431,14.7124043679846,14.7437648510468,14.8569986633891,14.9228081178918,15.0052882076756,15.0277022085492,15.0667951640534,15.1107601708897,15.1899276367167,15.3022356686477,15.3532015451571,15.3892483932843,15.4420750651248,15.4756851131798,15.5524618922482,15.6120409381186,15.7007136228148,15.7670701024981,15.8607975313125,15.9846095998356,16.0668736551626,16.1246679278116,16.2524699062605,16.3670658055572,16.4090665934417,16.5008215021476,16.588591406693,16.6655273737468,16.7752079228146,16.9387111747756,16.9955676517373,17.0836343756814,17.3537023557537,17.4418187988432,17.7049181124455,17.7388804954041,18.0916233820337,18.1964040037115,18.309084108084,18.4400405118259,18.6524585125126,18.8443464742735,18.9360496753748,19.330311097866,19.3741346210412,19.4421278384778,19.8828043995201,20.0181451462281,20.5031681429484,20.6616973600635,21.2155295788082,23.3041535887134,NA,NA,NA,NA,NA,NA,NA,NA,NA,NA,NA,NA,NA,NA,NA,NA,NA,NA,NA,NA,NA,NA,NA,NA,NA,NA,NA,NA,NA,NA,NA,NA,NA,NA,NA,NA,NA,NA,NA,NA,NA,NA,NA,NA,NA,NA,NA,NA,NA,NA,NA,NA,NA,NA,NA,NA,NA,NA,NA,NA,NA,NA,NA,NA,NA,NA
0.611930439305673,0.640066671934063,0.847953074304844,1.06783931395084,1.32305296158107,1.38668323815013,1.48598053632999,1.59208436357025,1.60482561017287,1.82148705489198,1.89148578289194,2.08255586841316,2.09969438960729,2.2084828934926,2.38180002517135,2.46975746790793,2.50914949759512,2.57892701140895,2.6405933290617,2.65704574420573,2.78004567843723,2.89483014748681,3.01020403615161,3.0739721034847,3.09265949393219,3.14888804052261,3.23094317859375,3.28642196218828,3.35291714436606,3.40915951616974,3.50712980443888,3.57434328597997,3.64937807356382,3.68469540607375,3.70723497991856,3.77005195650192,3.79847040304695,3.86901544488635,3.95092882270389,3.99019963318055,4.04803397550284,4.09372631936943,4.2096394286646,4.23758610663242,4.27176316743897,4.32087859887411,4.3756581568932,4.39353963302648,4.399326040519,4.48511327029592,4.51484396625563,4.56207699307044,4.619496888965,4.65033935120824,4.68103990869561,4.76974956012503,4.77997301220526,4.79996556798418,4.8672222764439,4.92236345378202,4.9663740148736,4.97578665014456,5.00640371753547,5.08034575257279,5.09268485630474,5.12392701633707,5.13858779526279,5.17410469462942,5.19696357589648,5.25377655909642,5.28749100662085,5.3128975982039,5.33045645136389,5.33884175080052,5.3666994395155,5.45094897883749,5.46350105964279,5.52532458533201,5.57778265800299,5.60107790919557,5.66144639562545,5.69250354784137,5.7244792336177,5.75200012534886,5.76713722204906,5.80290631014008,5.8083480976802,5.83791385015507,5.87722677734436,5.91652940720957,5.93101769662707,5.94956653446765,5.97554924910859,6.03912367337354,6.04668624029386,6.08413514450468,6.11148831961162,6.12526131470317,6.16626825679653,6.18843143235024,6.20721750330509,6.25294548775867,6.27449260777933,6.29590380310769,6.31795068329615,6.34594062915552,6.38587516431587,6.39599433827932,6.4144619866348,6.44310265485117,6.4584474124847,6.46727074599341,6.51830567845589,6.55175948835915,6.59829370050507,6.66528228054141,6.67716896212196,6.75474657067319,6.76538267547089,6.81574122190333,6.81916493283343,6.83696421882508,6.86712611616239,6.88147329090514,6.91218251634398,6.93422690966378,6.97468183347594,6.98979949017439,7.0197691164098,7.02702531999292,7.04452591484743,7.08383653654046,7.126927878673,7.13309228401012,7.16608077538088,7.18002950336385,7.20044506098948,7.21685139217174,7.23517455790306,7.25268022127812,7.27436765844324,7.33027627241692,7.33611108760296,7.35129180029795,7.39051925311781,7.4012428823816,7.4469442803254,7.45637811588653,7.47122959067972,7.49053593038923,7.52277025731224,7.53939664642341,7.54770501227014,7.59089905732461,7.61703529619474,7.63546368099446,7.66334051097616,7.69683411275451,7.73752377698134,7.76434895817771,7.78116013969834,7.81884514077626,7.84153334816273,7.84440460490494,7.88222129771874,7.89984490644675,7.96387938294409,7.9939728970084,8.02300711923564,8.04138485893098,8.07495381980353,8.09452474151169,8.13267755724569,8.14606478497316,8.14692506680174,8.2032544038037,8.24029924333811,8.26348387682009,8.28504763812133,8.30861042801926,8.34489702964821,8.37001565199365,8.39503144973657,8.41413420636614,8.44525850954968,8.47572652662276,8.52111692134385,8.53141173019156,8.57099239120345,8.59916354709505,8.61763045941358,8.62488317592443,8.63919550211401,8.68254981998271,8.7057824500167,8.72665831178933,8.77147566385587,8.83417856486472,8.85968331498004,8.88802354507916,8.92025481045268,8.93369010299655,8.99733243794142,9.02538215774899,9.07710692219333,9.09296145875358,9.12168605866315,9.15352473236905,9.15704613173668,9.20354269260921,9.22874586368149,9.26827098137674,9.32028134817648,9.33300740454726,9.36604648332623,9.41238469683078,9.42960724433226,9.45083360757724,9.50250748083556,9.50664305217864,9.54192220434826,9.59791951490851,9.61336623302448,9.64845106189913,9.66323441499556,9.71806028792831,9.73258044362334,9.75330049836863,9.81037942231119,9.83018922449604,9.85685851658898,9.88794624589191,9.92335634247597,9.9715260004322,9.98153108294589,10.018311276029,10.0590000495512,10.0738809913926,10.089424787492,10.1471311579983,10.1714145821755,10.2131371407131,10.253999351303,10.2955307672593,10.3192761996728,10.3622549387667,10.3968509202797,10.420593602695,10.4417229840088,10.4698268745156,10.5409462827664,10.5555351469813,10.5984124516934,10.6881923022548,10.7278100521713,10.7741214623312,10.8053808231862,10.8263284986198,10.8613041117655,10.9119803553253,10.9576990784077,10.9966672052106,11.0223884144059,11.0838585842544,11.1347914707443,11.1825283893711,11.1991447756842,11.2180005842263,11.2728351833491,11.3108343087768,11.3841185166844,11.3898215926728,11.4450527616031,11.4939366438979,11.5021746258344,11.5487069317266,11.5778420883565,11.6272072287029,11.6383562792357,11.7078444493382,11.7602286139605,11.8012595511155,11.819806275499,11.8547755771386,11.9123360236069,11.9504572975257,11.9992892438762,12.0041405968495,12.0822702195278,12.1200616868975,12.1484476599234,12.169337944996,12.2441977298984,12.2525448136513,12.3054757848843,12.3366700024509,12.3471475089038,12.4155157410028,12.4544278764546,12.4946013080771,12.5222583994021,12.5802705922063,12.6277990594014,12.6910968168703,12.7427080250753,12.7686001077663,12.8143861155024,12.8380274821337,12.8626524850015,12.9062162234525,12.9425050693373,12.9640967837396,12.9952910992014,13.0475044242392,13.0961315993708,13.1786660366662,13.207932164161,13.2714169844347,13.295419514715,13.3562781101307,13.3874206518736,13.3955894666322,13.4289940131633,13.4624739062584,13.4903393069545,13.5014440968418,13.5873302445764,13.6243821125457,13.6338098274409,13.7065947358843,13.7135843898012,13.7983109549186,13.8368472701894,13.8996677356622,13.9326054321169,13.9932323575753,14.016191600655,14.0772587604656,14.1521552091969,14.2101544870866,14.2251703804837,14.244155285891,14.3225496439316,14.3678096539811,14.4109790635634,14.4429053313417,14.5038586758014,14.5703537743035,14.623057386076,14.6592255871431,14.7124043679846,14.7437648510468,14.8569986633891,14.9228081178918,15.0052882076756,15.0277022085492,15.0667951640534,15.1107601708897,15.1899276367167,15.3022356686477,15.3532015451571,15.3892483932843,15.4420750651248,15.4756851131798,15.5524618922482,15.6120409381186,15.7007136228148,15.7670701024981,15.8607975313125,15.9846095998356,16.0668736551626,16.1246679278116,16.2524699062605,16.3670658055572,16.4090665934417,16.5008215021476,16.588591406693,16.6655273737468,16.7752079228146,16.9387111747756,16.9955676517373,17.0836343756814,17.3537023557537,17.4418187988432,17.7049181124455,17.7388804954041,18.0916233820337,18.1964040037115,18.309084108084,18.4400405118259,18.6524585125126,18.8443464742735,18.9360496753748,19.330311097866,19.3741346210412,19.4421278384778,19.8828043995201,20.0181451462281,20.5031681429484,20.6616973600635,21.2155295788082,23.3041535887134,NA,NA,NA,NA,NA,NA,NA,NA,NA,NA,NA,NA,NA,NA,NA,NA,NA,NA,NA,NA,NA,NA,NA,NA,NA,NA,NA,NA,NA,NA,NA,NA,NA,NA,NA,NA,NA,NA,NA,NA,NA,NA,NA,NA,NA,NA,NA,NA,NA,NA,NA,NA,NA,NA,NA,NA,NA,NA,NA,NA,NA,NA,NA,NA,NA,NA
0.611930439305673,0.640066671934063,0.847953074304844,1.06783931395084,1.32305296158107,1.38668323815013,1.48598053632999,1.59208436357025,1.60482561017287,1.82148705489198,1.89148578289194,2.08255586841316,2.09969438960729,2.2084828934926,2.38180002517135,2.46975746790793,2.50914949759512,2.57892701140895,2.6405933290617,2.65704574420573,2.78004567843723,2.89483014748681,3.01020403615161,3.0739721034847,3.09265949393219,3.14888804052261,3.23094317859375,3.28642196218828,3.35291714436606,3.40915951616974,3.50712980443888,3.57434328597997,3.64937807356382,3.68469540607375,3.70723497991856,3.77005195650192,3.79847040304695,3.86901544488635,3.95092882270389,3.99019963318055,4.04803397550284,4.09372631936943,4.2096394286646,4.23758610663242,4.27176316743897,4.32087859887411,4.3756581568932,4.39353963302648,4.399326040519,4.48511327029592,4.51484396625563,4.56207699307044,4.619496888965,4.65033935120824,4.68103990869561,4.76974956012503,4.77997301220526,4.79996556798418,4.8672222764439,4.92236345378202,4.9663740148736,4.97578665014456,5.00640371753547,5.08034575257279,5.09268485630474,5.12392701633707,5.13858779526279,5.17410469462942,5.19696357589648,5.25377655909642,5.28749100662085,5.3128975982039,5.33045645136389,5.33884175080052,5.3666994395155,5.45094897883749,5.46350105964279,5.52532458533201,5.57778265800299,5.60107790919557,5.66144639562545,5.69250354784137,5.7244792336177,5.75200012534886,5.76713722204906,5.80290631014008,5.8083480976802,5.83791385015507,5.87722677734436,5.91652940720957,5.93101769662707,5.94956653446765,5.97554924910859,6.03912367337354,6.04668624029386,6.08413514450468,6.11148831961162,6.12526131470317,6.16626825679653,6.18843143235024,6.20721750330509,6.25294548775867,6.27449260777933,6.29590380310769,6.31795068329615,6.34594062915552,6.38587516431587,6.39599433827932,6.4144619866348,6.44310265485117,6.4584474124847,6.46727074599341,6.51830567845589,6.55175948835915,6.59829370050507,6.66528228054141,6.67716896212196,6.75474657067319,6.76538267547089,6.81574122190333,6.81916493283343,6.83696421882508,6.86712611616239,6.88147329090514,6.91218251634398,6.93422690966378,6.97468183347594,6.98979949017439,7.0197691164098,7.02702531999292,7.04452591484743,7.08383653654046,7.126927878673,7.13309228401012,7.16608077538088,7.18002950336385,7.20044506098948,7.21685139217174,7.23517455790306,7.25268022127812,7.27436765844324,7.33027627241692,7.33611108760296,7.35129180029795,7.39051925311781,7.4012428823816,7.4469442803254,7.45637811588653,7.47122959067972,7.49053593038923,7.52277025731224,7.53939664642341,7.54770501227014,7.59089905732461,7.61703529619474,7.63546368099446,7.66334051097616,7.69683411275451,7.73752377698134,7.76434895817771,7.78116013969834,7.81884514077626,7.84153334816273,7.84440460490494,7.88222129771874,7.89984490644675,7.96387938294409,7.9939728970084,8.02300711923564,8.04138485893098,8.07495381980353,8.09452474151169,8.13267755724569,8.14606478497316,8.14692506680174,8.2032544038037,8.24029924333811,8.26348387682009,8.28504763812133,8.30861042801926,8.34489702964821,8.37001565199365,8.39503144973657,8.41413420636614,8.44525850954968,8.47572652662276,8.52111692134385,8.53141173019156,8.57099239120345,8.59916354709505,8.61763045941358,8.62488317592443,8.63919550211401,8.68254981998271,8.7057824500167,8.72665831178933,8.77147566385587,8.83417856486472,8.85968331498004,8.88802354507916,8.92025481045268,8.93369010299655,8.99733243794142,9.02538215774899,9.07710692219333,9.09296145875358,9.12168605866315,9.15352473236905,9.15704613173668,9.20354269260921,9.22874586368149,9.26827098137674,9.32028134817648,9.33300740454726,9.36604648332623,9.41238469683078,9.42960724433226,9.45083360757724,9.50250748083556,9.50664305217864,9.54192220434826,9.59791951490851,9.61336623302448,9.64845106189913,9.66323441499556,9.71806028792831,9.73258044362334,9.75330049836863,9.81037942231119,9.83018922449604,9.85685851658898,9.88794624589191,9.92335634247597,9.9715260004322,9.98153108294589,10.018311276029,10.0590000495512,10.0738809913926,10.089424787492,10.1471311579983,10.1714145821755,10.2131371407131,10.253999351303,10.2955307672593,10.3192761996728,10.3622549387667,10.3968509202797,10.420593602695,10.4417229840088,10.4698268745156,10.5409462827664,10.5555351469813,10.5984124516934,10.6881923022548,10.7278100521713,10.7741214623312,10.8053808231862,10.8263284986198,10.8613041117655,10.9119803553253,10.9576990784077,10.9966672052106,11.0223884144059,11.0838585842544,11.1347914707443,11.1825283893711,11.1991447756842,11.2180005842263,11.2728351833491,11.3108343087768,11.3841185166844,11.3898215926728,11.4450527616031,11.4939366438979,11.5021746258344,11.5487069317266,11.5778420883565,11.6272072287029,11.6383562792357,11.7078444493382,11.7602286139605,11.8012595511155,11.819806275499,11.8547755771386,11.9123360236069,11.9504572975257,11.9992892438762,12.0041405968495,12.0822702195278,12.1200616868975,12.1484476599234,12.169337944996,12.2441977298984,12.2525448136513,12.3054757848843,12.3366700024509,12.3471475089038,12.4155157410028,12.4544278764546,12.4946013080771,12.5222583994021,12.5802705922063,12.6277990594014,12.6910968168703,12.7427080250753,12.7686001077663,12.8143861155024,12.8380274821337,12.8626524850015,12.9062162234525,12.9425050693373,12.9640967837396,12.9952910992014,13.0475044242392,13.0961315993708,13.1786660366662,13.207932164161,13.2714169844347,13.295419514715,13.3562781101307,13.3874206518736,13.3955894666322,13.4289940131633,13.4624739062584,13.4903393069545,13.5014440968418,13.5873302445764,13.6243821125457,13.6338098274409,13.7065947358843,13.7135843898012,13.7983109549186,13.8368472701894,13.8996677356622,13.9326054321169,13.9932323575753,14.016191600655,14.0772587604656,14.1521552091969,14.2101544870866,14.2251703804837,14.244155285891,14.3225496439316,14.3678096539811,14.4109790635634,14.4429053313417,14.5038586758014,14.5703537743035,14.623057386076,14.6592255871431,14.7124043679846,14.7437648510468,14.8569986633891,14.9228081178918,15.0052882076756,15.0277022085492,15.0667951640534,15.1107601708897,15.1899276367167,15.3022356686477,15.3532015451571,15.3892483932843,15.4420750651248,15.4756851131798,15.5524618922482,15.6120409381186,15.7007136228148,15.7670701024981,15.8607975313125,15.9846095998356,16.0668736551626,16.1246679278116,16.2524699062605,16.3670658055572,16.4090665934417,16.5008215021476,16.588591406693,16.6655273737468,16.7752079228146,16.9387111747756,16.9955676517373,17.0836343756814,17.3537023557537,17.4418187988432,17.7049181124455,17.7388804954041,18.0916233820337,18.1964040037115,18.309084108084,18.4400405118259,18.6524585125126,18.8443464742735,18.9360496753748,19.330311097866,19.3741346210412,19.4421278384778,19.8828043995201,20.0181451462281,20.5031681429484,20.6616973600635,21.2155295788082,23.3041535887134,NA,NA,NA,NA,NA,NA,NA,NA,NA,NA,NA,NA,NA,NA,NA,NA,NA,NA,NA,NA,NA,NA,NA,NA,NA,NA,NA,NA,NA,NA,NA,NA,NA,NA,NA,NA,NA,NA,NA,NA,NA,NA,NA,NA,NA,NA,NA,NA,NA,NA,NA,NA,NA,NA,NA,NA,NA,NA,NA,NA,NA,NA,NA,NA,NA,NA
0.611930439305673,0.640066671934063,0.847953074304844,1.06783931395084,1.32305296158107,1.38668323815013,1.48598053632999,1.59208436357025,1.60482561017287,1.82148705489198,1.89148578289194,2.08255586841316,2.09969438960729,2.2084828934926,2.38180002517135,2.46975746790793,2.50914949759512,2.57892701140895,2.6405933290617,2.65704574420573,2.78004567843723,2.89483014748681,3.01020403615161,3.0739721034847,3.09265949393219,3.14888804052261,3.23094317859375,3.28642196218828,3.35291714436606,3.40915951616974,3.50712980443888,3.57434328597997,3.64937807356382,3.68469540607375,3.70723497991856,3.77005195650192,3.79847040304695,3.86901544488635,3.95092882270389,3.99019963318055,4.04803397550284,4.09372631936943,4.2096394286646,4.23758610663242,4.27176316743897,4.32087859887411,4.3756581568932,4.39353963302648,4.399326040519,4.48511327029592,4.51484396625563,4.56207699307044,4.619496888965,4.65033935120824,4.68103990869561,4.76974956012503,4.77997301220526,4.79996556798418,4.8672222764439,4.92236345378202,4.9663740148736,4.97578665014456,5.00640371753547,5.08034575257279,5.09268485630474,5.12392701633707,5.13858779526279,5.17410469462942,5.19696357589648,5.25377655909642,5.28749100662085,5.3128975982039,5.33045645136389,5.33884175080052,5.3666994395155,5.45094897883749,5.46350105964279,5.52532458533201,5.57778265800299,5.60107790919557,5.66144639562545,5.69250354784137,5.7244792336177,5.75200012534886,5.76713722204906,5.80290631014008,5.8083480976802,5.83791385015507,5.87722677734436,5.91652940720957,5.93101769662707,5.94956653446765,5.97554924910859,6.03912367337354,6.04668624029386,6.08413514450468,6.11148831961162,6.12526131470317,6.16626825679653,6.18843143235024,6.20721750330509,6.25294548775867,6.27449260777933,6.29590380310769,6.31795068329615,6.34594062915552,6.38587516431587,6.39599433827932,6.4144619866348,6.44310265485117,6.4584474124847,6.46727074599341,6.51830567845589,6.55175948835915,6.59829370050507,6.66528228054141,6.67716896212196,6.75474657067319,6.76538267547089,6.81574122190333,6.81916493283343,6.83696421882508,6.86712611616239,6.88147329090514,6.91218251634398,6.93422690966378,6.97468183347594,6.98979949017439,7.0197691164098,7.02702531999292,7.04452591484743,7.08383653654046,7.126927878673,7.13309228401012,7.16608077538088,7.18002950336385,7.20044506098948,7.21685139217174,7.23517455790306,7.25268022127812,7.27436765844324,7.33027627241692,7.33611108760296,7.35129180029795,7.39051925311781,7.4012428823816,7.4469442803254,7.45637811588653,7.47122959067972,7.49053593038923,7.52277025731224,7.53939664642341,7.54770501227014,7.59089905732461,7.61703529619474,7.63546368099446,7.66334051097616,7.69683411275451,7.73752377698134,7.76434895817771,7.78116013969834,7.81884514077626,7.84153334816273,7.84440460490494,7.88222129771874,7.89984490644675,7.96387938294409,7.9939728970084,8.02300711923564,8.04138485893098,8.07495381980353,8.09452474151169,8.13267755724569,8.14606478497316,8.14692506680174,8.2032544038037,8.24029924333811,8.26348387682009,8.28504763812133,8.30861042801926,8.34489702964821,8.37001565199365,8.39503144973657,8.41413420636614,8.44525850954968,8.47572652662276,8.52111692134385,8.53141173019156,8.57099239120345,8.59916354709505,8.61763045941358,8.62488317592443,8.63919550211401,8.68254981998271,8.7057824500167,8.72665831178933,8.77147566385587,8.83417856486472,8.85968331498004,8.88802354507916,8.92025481045268,8.93369010299655,8.99733243794142,9.02538215774899,9.07710692219333,9.09296145875358,9.12168605866315,9.15352473236905,9.15704613173668,9.20354269260921,9.22874586368149,9.26827098137674,9.32028134817648,9.33300740454726,9.36604648332623,9.41238469683078,9.42960724433226,9.45083360757724,9.50250748083556,9.50664305217864,9.54192220434826,9.59791951490851,9.61336623302448,9.64845106189913,9.66323441499556,9.71806028792831,9.73258044362334,9.75330049836863,9.81037942231119,9.83018922449604,9.85685851658898,9.88794624589191,9.92335634247597,9.9715260004322,9.98153108294589,10.018311276029,10.0590000495512,10.0738809913926,10.089424787492,10.1471311579983,10.1714145821755,10.2131371407131,10.253999351303,10.2955307672593,10.3192761996728,10.3622549387667,10.3968509202797,10.420593602695,10.4417229840088,10.4698268745156,10.5409462827664,10.5555351469813,10.5984124516934,10.6881923022548,10.7278100521713,10.7741214623312,10.8053808231862,10.8263284986198,10.8613041117655,10.9119803553253,10.9576990784077,10.9966672052106,11.0223884144059,11.0838585842544,11.1347914707443,11.1825283893711,11.1991447756842,11.2180005842263,11.2728351833491,11.3108343087768,11.3841185166844,11.3898215926728,11.4450527616031,11.4939366438979,11.5021746258344,11.5487069317266,11.5778420883565,11.6272072287029,11.6383562792357,11.7078444493382,11.7602286139605,11.8012595511155,11.819806275499,11.8547755771386,11.9123360236069,11.9504572975257,11.9992892438762,12.0041405968495,12.0822702195278,12.1200616868975,12.1484476599234,12.169337944996,12.2441977298984,12.2525448136513,12.3054757848843,12.3366700024509,12.3471475089038,12.4155157410028,12.4544278764546,12.4946013080771,12.5222583994021,12.5802705922063,12.6277990594014,12.6910968168703,12.7427080250753,12.7686001077663,12.8143861155024,12.8380274821337,12.8626524850015,12.9062162234525,12.9425050693373,12.9640967837396,12.9952910992014,13.0475044242392,13.0961315993708,13.1786660366662,13.207932164161,13.2714169844347,13.295419514715,13.3562781101307,13.3874206518736,13.3955894666322,13.4289940131633,13.4624739062584,13.4903393069545,13.5014440968418,13.5873302445764,13.6243821125457,13.6338098274409,13.7065947358843,13.7135843898012,13.7983109549186,13.8368472701894,13.8996677356622,13.9326054321169,13.9932323575753,14.016191600655,14.0772587604656,14.1521552091969,14.2101544870866,14.2251703804837,14.244155285891,14.3225496439316,14.3678096539811,14.4109790635634,14.4429053313417,14.5038586758014,14.5703537743035,14.623057386076,14.6592255871431,14.7124043679846,14.7437648510468,14.8569986633891,14.9228081178918,15.0052882076756,15.0277022085492,15.0667951640534,15.1107601708897,15.1899276367167,15.3022356686477,15.3532015451571,15.3892483932843,15.4420750651248,15.4756851131798,15.5524618922482,15.6120409381186,15.7007136228148,15.7670701024981,15.8607975313125,15.9846095998356,16.0668736551626,16.1246679278116,16.2524699062605,16.3670658055572,16.4090665934417,16.5008215021476,16.588591406693,16.6655273737468,16.7752079228146,16.9387111747756,16.9955676517373,17.0836343756814,17.3537023557537,17.4418187988432,17.7049181124455,17.7388804954041,18.0916233820337,18.1964040037115,18.309084108084,18.4400405118259,18.6524585125126,18.8443464742735,18.9360496753748,19.330311097866,19.3741346210412,19.4421278384778,19.8828043995201,20.0181451462281,20.5031681429484,20.6616973600635,21.2155295788082,23.3041535887134,NA,NA,NA,NA,NA,NA,NA,NA,NA,NA,NA,NA,NA,NA,NA,NA,NA,NA,NA,NA,NA,NA,NA,NA,NA,NA,NA,NA,NA,NA,NA,NA,NA,NA,NA,NA,NA,NA,NA,NA,NA,NA,NA,NA,NA,NA,NA,NA,NA,NA,NA,NA,NA,NA,NA,NA,NA,NA,NA,NA,NA,NA,NA,NA,NA,NA
0.611930439305673,0.640066671934063,0.847953074304844,1.06783931395084,1.32305296158107,1.38668323815013,1.48598053632999,1.59208436357025,1.60482561017287,1.82148705489198,1.89148578289194,2.08255586841316,2.09969438960729,2.2084828934926,2.38180002517135,2.46975746790793,2.50914949759512,2.57892701140895,2.6405933290617,2.65704574420573,2.78004567843723,2.89483014748681,3.01020403615161,3.0739721034847,3.09265949393219,3.14888804052261,3.23094317859375,3.28642196218828,3.35291714436606,3.40915951616974,3.50712980443888,3.57434328597997,3.64937807356382,3.68469540607375,3.70723497991856,3.77005195650192,3.79847040304695,3.86901544488635,3.95092882270389,3.99019963318055,4.04803397550284,4.09372631936943,4.2096394286646,4.23758610663242,4.27176316743897,4.32087859887411,4.3756581568932,4.39353963302648,4.399326040519,4.48511327029592,4.51484396625563,4.56207699307044,4.619496888965,4.65033935120824,4.68103990869561,4.76974956012503,4.77997301220526,4.79996556798418,4.8672222764439,4.92236345378202,4.9663740148736,4.97578665014456,5.00640371753547,5.08034575257279,5.09268485630474,5.12392701633707,5.13858779526279,5.17410469462942,5.19696357589648,5.25377655909642,5.28749100662085,5.3128975982039,5.33045645136389,5.33884175080052,5.3666994395155,5.45094897883749,5.46350105964279,5.52532458533201,5.57778265800299,5.60107790919557,5.66144639562545,5.69250354784137,5.7244792336177,5.75200012534886,5.76713722204906,5.80290631014008,5.8083480976802,5.83791385015507,5.87722677734436,5.91652940720957,5.93101769662707,5.94956653446765,5.97554924910859,6.03912367337354,6.04668624029386,6.08413514450468,6.11148831961162,6.12526131470317,6.16626825679653,6.18843143235024,6.20721750330509,6.25294548775867,6.27449260777933,6.29590380310769,6.31795068329615,6.34594062915552,6.38587516431587,6.39599433827932,6.4144619866348,6.44310265485117,6.4584474124847,6.46727074599341,6.51830567845589,6.55175948835915,6.59829370050507,6.66528228054141,6.67716896212196,6.75474657067319,6.76538267547089,6.81574122190333,6.81916493283343,6.83696421882508,6.86712611616239,6.88147329090514,6.91218251634398,6.93422690966378,6.97468183347594,6.98979949017439,7.0197691164098,7.02702531999292,7.04452591484743,7.08383653654046,7.126927878673,7.13309228401012,7.16608077538088,7.18002950336385,7.20044506098948,7.21685139217174,7.23517455790306,7.25268022127812,7.27436765844324,7.33027627241692,7.33611108760296,7.35129180029795,7.39051925311781,7.4012428823816,7.4469442803254,7.45637811588653,7.47122959067972,7.49053593038923,7.52277025731224,7.53939664642341,7.54770501227014,7.59089905732461,7.61703529619474,7.63546368099446,7.66334051097616,7.69683411275451,7.73752377698134,7.76434895817771,7.78116013969834,7.81884514077626,7.84153334816273,7.84440460490494,7.88222129771874,7.89984490644675,7.96387938294409,7.9939728970084,8.02300711923564,8.04138485893098,8.07495381980353,8.09452474151169,8.13267755724569,8.14606478497316,8.14692506680174,8.2032544038037,8.24029924333811,8.26348387682009,8.28504763812133,8.30861042801926,8.34489702964821,8.37001565199365,8.39503144973657,8.41413420636614,8.44525850954968,8.47572652662276,8.52111692134385,8.53141173019156,8.57099239120345,8.59916354709505,8.61763045941358,8.62488317592443,8.63919550211401,8.68254981998271,8.7057824500167,8.72665831178933,8.77147566385587,8.83417856486472,8.85968331498004,8.88802354507916,8.92025481045268,8.93369010299655,8.99733243794142,9.02538215774899,9.07710692219333,9.09296145875358,9.12168605866315,9.15352473236905,9.15704613173668,9.20354269260921,9.22874586368149,9.26827098137674,9.32028134817648,9.33300740454726,9.36604648332623,9.41238469683078,9.42960724433226,9.45083360757724,9.50250748083556,9.50664305217864,9.54192220434826,9.59791951490851,9.61336623302448,9.64845106189913,9.66323441499556,9.71806028792831,9.73258044362334,9.75330049836863,9.81037942231119,9.83018922449604,9.85685851658898,9.88794624589191,9.92335634247597,9.9715260004322,9.98153108294589,10.018311276029,10.0590000495512,10.0738809913926,10.089424787492,10.1471311579983,10.1714145821755,10.2131371407131,10.253999351303,10.2955307672593,10.3192761996728,10.3622549387667,10.3968509202797,10.420593602695,10.4417229840088,10.4698268745156,10.5409462827664,10.5555351469813,10.5984124516934,10.6881923022548,10.7278100521713,10.7741214623312,10.8053808231862,10.8263284986198,10.8613041117655,10.9119803553253,10.9576990784077,10.9966672052106,11.0223884144059,11.0838585842544,11.1347914707443,11.1825283893711,11.1991447756842,11.2180005842263,11.2728351833491,11.3108343087768,11.3841185166844,11.3898215926728,11.4450527616031,11.4939366438979,11.5021746258344,11.5487069317266,11.5778420883565,11.6272072287029,11.6383562792357,11.7078444493382,11.7602286139605,11.8012595511155,11.819806275499,11.8547755771386,11.9123360236069,11.9504572975257,11.9992892438762,12.0041405968495,12.0822702195278,12.1200616868975,12.1484476599234,12.169337944996,12.2441977298984,12.2525448136513,12.3054757848843,12.3366700024509,12.3471475089038,12.4155157410028,12.4544278764546,12.4946013080771,12.5222583994021,12.5802705922063,12.6277990594014,12.6910968168703,12.7427080250753,12.7686001077663,12.8143861155024,12.8380274821337,12.8626524850015,12.9062162234525,12.9425050693373,12.9640967837396,12.9952910992014,13.0475044242392,13.0961315993708,13.1786660366662,13.207932164161,13.2714169844347,13.295419514715,13.3562781101307,13.3874206518736,13.3955894666322,13.4289940131633,13.4624739062584,13.4903393069545,13.5014440968418,13.5873302445764,13.6243821125457,13.6338098274409,13.7065947358843,13.7135843898012,13.7983109549186,13.8368472701894,13.8996677356622,13.9326054321169,13.9932323575753,14.016191600655,14.0772587604656,14.1521552091969,14.2101544870866,14.2251703804837,14.244155285891,14.3225496439316,14.3678096539811,14.4109790635634,14.4429053313417,14.5038586758014,14.5703537743035,14.623057386076,14.6592255871431,14.7124043679846,14.7437648510468,14.8569986633891,14.9228081178918,15.0052882076756,15.0277022085492,15.0667951640534,15.1107601708897,15.1899276367167,15.3022356686477,15.3532015451571,15.3892483932843,15.4420750651248,15.4756851131798,15.5524618922482,15.6120409381186,15.7007136228148,15.7670701024981,15.8607975313125,15.9846095998356,16.0668736551626,16.1246679278116,16.2524699062605,16.3670658055572,16.4090665934417,16.5008215021476,16.588591406693,16.6655273737468,16.7752079228146,16.9387111747756,16.9955676517373,17.0836343756814,17.3537023557537,17.4418187988432,17.7049181124455,17.7388804954041,18.0916233820337,18.1964040037115,18.309084108084,18.4400405118259,18.6524585125126,18.8443464742735,18.9360496753748,19.330311097866,19.3741346210412,19.4421278384778,19.8828043995201,20.0181451462281,20.5031681429484,20.6616973600635,21.2155295788082,23.3041535887134,NA,NA,NA,NA,NA,NA,NA,NA,NA,NA,NA,NA,NA,NA,NA,NA,NA,NA,NA,NA,NA,NA,NA,NA,NA,NA,NA,NA,NA,NA,NA,NA,NA,NA,NA,NA,NA,NA,NA,NA,NA,NA,NA,NA,NA,NA,NA,NA,NA,NA,NA,NA,NA,NA,NA,NA,NA,NA,NA,NA,NA,NA,NA,NA,NA,NA
0.611930439305673,0.640066671934063,0.847953074304844,1.06783931395084,1.32305296158107,1.38668323815013,1.48598053632999,1.59208436357025,1.60482561017287,1.82148705489198,1.89148578289194,2.08255586841316,2.09969438960729,2.2084828934926,2.38180002517135,2.46975746790793,2.50914949759512,2.57892701140895,2.6405933290617,2.65704574420573,2.78004567843723,2.89483014748681,3.01020403615161,3.0739721034847,3.09265949393219,3.14888804052261,3.23094317859375,3.28642196218828,3.35291714436606,3.40915951616974,3.50712980443888,3.57434328597997,3.64937807356382,3.68469540607375,3.70723497991856,3.77005195650192,3.79847040304695,3.86901544488635,3.95092882270389,3.99019963318055,4.04803397550284,4.09372631936943,4.2096394286646,4.23758610663242,4.27176316743897,4.32087859887411,4.3756581568932,4.39353963302648,4.399326040519,4.48511327029592,4.51484396625563,4.56207699307044,4.619496888965,4.65033935120824,4.68103990869561,4.76974956012503,4.77997301220526,4.79996556798418,4.8672222764439,4.92236345378202,4.9663740148736,4.97578665014456,5.00640371753547,5.08034575257279,5.09268485630474,5.12392701633707,5.13858779526279,5.17410469462942,5.19696357589648,5.25377655909642,5.28749100662085,5.3128975982039,5.33045645136389,5.33884175080052,5.3666994395155,5.45094897883749,5.46350105964279,5.52532458533201,5.57778265800299,5.60107790919557,5.66144639562545,5.69250354784137,5.7244792336177,5.75200012534886,5.76713722204906,5.80290631014008,5.8083480976802,5.83791385015507,5.87722677734436,5.91652940720957,5.93101769662707,5.94956653446765,5.97554924910859,6.03912367337354,6.04668624029386,6.08413514450468,6.11148831961162,6.12526131470317,6.16626825679653,6.18843143235024,6.20721750330509,6.25294548775867,6.27449260777933,6.29590380310769,6.31795068329615,6.34594062915552,6.38587516431587,6.39599433827932,6.4144619866348,6.44310265485117,6.4584474124847,6.46727074599341,6.51830567845589,6.55175948835915,6.59829370050507,6.66528228054141,6.67716896212196,6.75474657067319,6.76538267547089,6.81574122190333,6.81916493283343,6.83696421882508,6.86712611616239,6.88147329090514,6.91218251634398,6.93422690966378,6.97468183347594,6.98979949017439,7.0197691164098,7.02702531999292,7.04452591484743,7.08383653654046,7.126927878673,7.13309228401012,7.16608077538088,7.18002950336385,7.20044506098948,7.21685139217174,7.23517455790306,7.25268022127812,7.27436765844324,7.33027627241692,7.33611108760296,7.35129180029795,7.39051925311781,7.4012428823816,7.4469442803254,7.45637811588653,7.47122959067972,7.49053593038923,7.52277025731224,7.53939664642341,7.54770501227014,7.59089905732461,7.61703529619474,7.63546368099446,7.66334051097616,7.69683411275451,7.73752377698134,7.76434895817771,7.78116013969834,7.81884514077626,7.84153334816273,7.84440460490494,7.88222129771874,7.89984490644675,7.96387938294409,7.9939728970084,8.02300711923564,8.04138485893098,8.07495381980353,8.09452474151169,8.13267755724569,8.14606478497316,8.14692506680174,8.2032544038037,8.24029924333811,8.26348387682009,8.28504763812133,8.30861042801926,8.34489702964821,8.37001565199365,8.39503144973657,8.41413420636614,8.44525850954968,8.47572652662276,8.52111692134385,8.53141173019156,8.57099239120345,8.59916354709505,8.61763045941358,8.62488317592443,8.63919550211401,8.68254981998271,8.7057824500167,8.72665831178933,8.77147566385587,8.83417856486472,8.85968331498004,8.88802354507916,8.92025481045268,8.93369010299655,8.99733243794142,9.02538215774899,9.07710692219333,9.09296145875358,9.12168605866315,9.15352473236905,9.15704613173668,9.20354269260921,9.22874586368149,9.26827098137674,9.32028134817648,9.33300740454726,9.36604648332623,9.41238469683078,9.42960724433226,9.45083360757724,9.50250748083556,9.50664305217864,9.54192220434826,9.59791951490851,9.61336623302448,9.64845106189913,9.66323441499556,9.71806028792831,9.73258044362334,9.75330049836863,9.81037942231119,9.83018922449604,9.85685851658898,9.88794624589191,9.92335634247597,9.9715260004322,9.98153108294589,10.018311276029,10.0590000495512,10.0738809913926,10.089424787492,10.1471311579983,10.1714145821755,10.2131371407131,10.253999351303,10.2955307672593,10.3192761996728,10.3622549387667,10.3968509202797,10.420593602695,10.4417229840088,10.4698268745156,10.5409462827664,10.5555351469813,10.5984124516934,10.6881923022548,10.7278100521713,10.7741214623312,10.8053808231862,10.8263284986198,10.8613041117655,10.9119803553253,10.9576990784077,10.9966672052106,11.0223884144059,11.0838585842544,11.1347914707443,11.1825283893711,11.1991447756842,11.2180005842263,11.2728351833491,11.3108343087768,11.3841185166844,11.3898215926728,11.4450527616031,11.4939366438979,11.5021746258344,11.5487069317266,11.5778420883565,11.6272072287029,11.6383562792357,11.7078444493382,11.7602286139605,11.8012595511155,11.819806275499,11.8547755771386,11.9123360236069,11.9504572975257,11.9992892438762,12.0041405968495,12.0822702195278,12.1200616868975,12.1484476599234,12.169337944996,12.2441977298984,12.2525448136513,12.3054757848843,12.3366700024509,12.3471475089038,12.4155157410028,12.4544278764546,12.4946013080771,12.5222583994021,12.5802705922063,12.6277990594014,12.6910968168703,12.7427080250753,12.7686001077663,12.8143861155024,12.8380274821337,12.8626524850015,12.9062162234525,12.9425050693373,12.9640967837396,12.9952910992014,13.0475044242392,13.0961315993708,13.1786660366662,13.207932164161,13.2714169844347,13.295419514715,13.3562781101307,13.3874206518736,13.3955894666322,13.4289940131633,13.4624739062584,13.4903393069545,13.5014440968418,13.5873302445764,13.6243821125457,13.6338098274409,13.7065947358843,13.7135843898012,13.7983109549186,13.8368472701894,13.8996677356622,13.9326054321169,13.9932323575753,14.016191600655,14.0772587604656,14.1521552091969,14.2101544870866,14.2251703804837,14.244155285891,14.3225496439316,14.3678096539811,14.4109790635634,14.4429053313417,14.5038586758014,14.5703537743035,14.623057386076,14.6592255871431,14.7124043679846,14.7437648510468,14.8569986633891,14.9228081178918,15.0052882076756,15.0277022085492,15.0667951640534,15.1107601708897,15.1899276367167,15.3022356686477,15.3532015451571,15.3892483932843,15.4420750651248,15.4756851131798,15.5524618922482,15.6120409381186,15.7007136228148,15.7670701024981,15.8607975313125,15.9846095998356,16.0668736551626,16.1246679278116,16.2524699062605,16.3670658055572,16.4090665934417,16.5008215021476,16.588591406693,16.6655273737468,16.7752079228146,16.9387111747756,16.9955676517373,17.0836343756814,17.3537023557537,17.4418187988432,17.7049181124455,17.7388804954041,18.0916233820337,18.1964040037115,18.309084108084,18.4400405118259,18.6524585125126,18.8443464742735,18.9360496753748,19.330311097866,19.3741346210412,19.4421278384778,19.8828043995201,20.0181451462281,20.5031681429484,20.6616973600635,21.2155295788082,23.3041535887134,NA,NA,NA,NA,NA,NA,NA,NA,NA,NA,NA,NA,NA,NA,NA,NA,NA,NA,NA,NA,NA,NA,NA,NA,NA,NA,NA,NA,NA,NA,NA,NA,NA,NA,NA,NA,NA,NA,NA,NA,NA,NA,NA,NA,NA,NA,NA,NA,NA,NA,NA,NA,NA,NA,NA,NA,NA,NA,NA,NA,NA,NA,NA,NA,NA,NA
0.580814421981707,0.637521746392696,0.815054016127507,1.0827116927665,1.23765416283596,1.43681295153578,1.46489035926616,1.56562156526153,1.67117489277026,1.74037199238478,1.85595160910209,1.95903987946385,1.9691900870955,2.15248419035289,2.20641722646131,2.30638530159679,2.44088488091937,2.50195794306138,2.54438460096123,2.64680881391984,2.67236070168948,2.79081104734785,2.85178294451531,2.94489656554958,2.9478306585445,3.02798484722007,3.10422918328897,3.1335687116897,3.22017351587346,3.24612334187078,3.34440625290498,3.41572181975481,3.45212103575595,3.53627492720754,3.61692310683613,3.6313233584271,3.65160364242522,3.76384233774383,3.84083544683351,3.88393216152779,3.91858839286391,3.96805449325579,4.02247441548849,4.04338432722023,4.13235763288643,4.17845797588821,4.2445228197337,4.27674502937681,4.29900732632374,4.3328825325974,4.40825268137348,4.4682340140401,4.54289483364164,4.56768468117137,4.61256319707361,4.65636227454392,4.72592847756262,4.73153289657658,4.77950633247974,4.82658658253536,4.86799923983267,4.87727442774826,4.95090310088054,5.01222758468983,5.05314797500495,5.06515397522855,5.10494888516594,5.14257060112319,5.16047617691729,5.19440737580698,5.21816734986903,5.26059085701756,5.30752984202756,5.32551103532821,5.36557448446311,5.40130802291287,5.43870368114282,5.4623478750311,5.47275471298351,5.5681959277318,5.58123484470316,5.63053337037782,5.64717761061563,5.66745859547297,5.71815606177336,5.74418304814469,5.77606098308458,5.8148576517684,5.82655293372747,5.88039102488141,5.90417202285261,5.91823261368749,5.94308434376395,5.96150207311953,5.99884092934194,6.02618104971702,6.05134583491921,6.06813018809071,6.08766877061965,6.1316403619526,6.16086776137922,6.17979022173605,6.23381431421894,6.27683827811625,6.2835710813185,6.32527748926557,6.34917152584189,6.381118024342,6.40969099676566,6.42209049693392,6.43060217064957,6.47795899978577,6.49181207524266,6.5255431679673,6.59470054127728,6.60000857335579,6.64266682333575,6.65593343143227,6.70838501034249,6.74997324018444,6.76301248530292,6.82561884532451,6.83768086393063,6.84435782945593,6.87571060350948,6.89703323321708,6.91801398686736,6.92933507636865,6.95069901442357,6.97219182082326,6.98944671209626,7.01818877663921,7.06129421108381,7.06223974089849,7.1120940314241,7.12910413603779,7.15518813195701,7.16842463459428,7.18247501901678,7.22189000225489,7.24678181401088,7.27742578652671,7.2992824093373,7.3035670840535,7.33001101338988,7.35351679665774,7.37854273310246,7.40572790268879,7.43320898897239,7.44705027827168,7.47705865567916,7.50060873143642,7.50416933111318,7.51684080291426,7.55762584617405,7.57457608431633,7.59407443837699,7.62361577526342,7.65617789963678,7.69124470966316,7.69771181122152,7.72615088803956,7.76853134584107,7.81197656443747,7.83916137576407,7.8439324735945,7.8475748727995,7.90328002225672,7.92136527294053,7.92892811902079,7.97336633209458,8.00344429954961,8.02833429805676,8.05046559715984,8.06565649054611,8.1044090439086,8.11814003525621,8.14461427049548,8.17586314146096,8.22209248162096,8.25513479188245,8.28424406025895,8.29704163609105,8.30579741467596,8.3361974487985,8.35774302185228,8.38587702739749,8.41674070255472,8.4270173793718,8.43960934644831,8.45320731117189,8.47360795668918,8.52373888552377,8.53735706098097,8.5833269635255,8.59591211238388,8.61715253772696,8.63848999064816,8.65170511403867,8.67085894345093,8.70725103537328,8.75256050113995,8.76812890043124,8.77555589009307,8.84645290600437,8.86268446977862,8.92502232702088,8.95496443152615,8.97678246716083,9.00474727362255,9.00502779113224,9.053139199528,9.10188831167802,9.10506407766522,9.18465843865935,9.19157340014063,9.25008501571789,9.27580928666533,9.30354778476357,9.3381982981207,9.35570124714675,9.38726440948713,9.41764109685308,9.44355366767462,9.49082671365439,9.53177208071466,9.56864177948752,9.58127487330169,9.61430957375404,9.68833562250539,9.72147570331514,9.77227584928663,9.81624757313527,9.83091291993584,9.83713660125819,9.89437236611621,9.90343895177477,9.93938992190209,9.96216899478278,9.98404603191777,10.0211090180587,10.0503566925228,10.0943599240686,10.1190973737961,10.1397577493171,10.1905487870019,10.1966544005767,10.2434852156025,10.3019163761466,10.3077886946059,10.3310368644004,10.3677279005056,10.3819796721602,10.4750948962804,10.4857639902381,10.4912862243349,10.54554347705,10.576080458168,10.6102244944006,10.6289524971605,10.6791442677719,10.7111560891202,10.7834572491556,10.8373964036729,10.8882944217717,10.9107616820908,10.9726357498841,10.9890578846875,11.0219294919034,11.0884692370187,11.1377463655244,11.1605531028835,11.1923777648301,11.2061588549678,11.2491141394608,11.2924183785829,11.3331508469496,11.4138376521051,11.4395922615088,11.4552319333955,11.4784528569665,11.5474092849495,11.5636289000552,11.6330472151009,11.6952940573362,11.7043043610935,11.7157864410859,11.752226497706,11.8232783194678,11.8764161453246,11.9083267898006,11.9670179307519,12.0135553164899,12.029471341407,12.0763482061662,12.1024375007935,12.1740147086116,12.1935685268919,12.2420703796257,12.2783449459144,12.3188304109851,12.3525426830836,12.3885071011536,12.4050088332038,12.440799220925,12.4857861774816,12.5207383976923,12.5549579880577,12.61487589129,12.6786224018922,12.7182300182394,12.7824938673477,12.8007836036727,12.8356781368069,12.8913575438256,12.9040782057421,12.9403220053909,12.986164222804,13.0025041593649,13.0352725794344,13.1030279385924,13.1794274478232,13.1956018245421,13.2052438956879,13.2241603731032,13.3253220604986,13.3670951484107,13.3759400670358,13.4451042790229,13.4654139688874,13.5241310229053,13.5826038966406,13.6037573874261,13.6422470261556,13.6543004957278,13.7063432518629,13.7169442945399,13.8043643551919,13.8103190108468,13.9043150120395,13.9254848935876,14.0060709243267,14.0719608000487,14.1265600254805,14.1370389080891,14.1829064744319,14.1927287344529,14.2363117239479,14.2828516869318,14.3746289277242,14.4236324503913,14.4724312911466,14.5384686288483,14.5645556337908,14.6402288801686,14.7092831400366,14.7327379811839,14.8051264552427,14.8905729950027,15.0046718088015,15.0297975786215,15.0489674217641,15.0952672522691,15.1467242600454,15.2561894014324,15.294173813357,15.3182733690893,15.3860778584109,15.4347858272979,15.4603964836447,15.6667575924951,15.7131024777743,15.7609463207033,15.7979554073218,15.9108128920431,16.0293275449345,16.0910052174029,16.1648924391223,16.2963165322517,16.3789449829204,16.4373057530117,16.5533190536427,16.5913950292852,16.7400491281421,16.7766752030205,16.9779786553595,17.1993102931943,17.2387011466316,17.4247924001872,17.496931120187,17.9102921082749,17.999457199371,18.0383133538009,18.2152110238466,18.2841149872811,18.5348733936342,18.656502503909,18.8219788670929,18.9439981128981,19.346010708311,19.5843261269096,19.8306570841822,20.0367063631645,20.1244690962373,20.5634651885111,20.9670137904806,21.460364639482,23.356846013741,NA,NA,NA,NA,NA,NA,NA,NA,NA,NA,NA,NA,NA,NA,NA,NA,NA,NA,NA,NA,NA,NA,NA,NA,NA,NA,NA,NA,NA,NA,NA,NA,NA,NA,NA,NA,NA,NA,NA,NA,NA,NA,NA,NA,NA,NA,NA,NA,NA,NA,NA,NA,NA,NA,NA,NA,NA,NA,NA,NA
0.580814421981707,0.637521746392696,0.815054016127507,1.0827116927665,1.23765416283596,1.43681295153578,1.46489035926616,1.56562156526153,1.67117489277026,1.74037199238478,1.85595160910209,1.95903987946385,1.9691900870955,2.15248419035289,2.20641722646131,2.30638530159679,2.44088488091937,2.50195794306138,2.54438460096123,2.64680881391984,2.67236070168948,2.79081104734785,2.85178294451531,2.94489656554958,2.9478306585445,3.02798484722007,3.10422918328897,3.1335687116897,3.22017351587346,3.24612334187078,3.34440625290498,3.41572181975481,3.45212103575595,3.53627492720754,3.61692310683613,3.6313233584271,3.65160364242522,3.76384233774383,3.84083544683351,3.88393216152779,3.91858839286391,3.96805449325579,4.02247441548849,4.04338432722023,4.13235763288643,4.17845797588821,4.2445228197337,4.27674502937681,4.29900732632374,4.3328825325974,4.40825268137348,4.4682340140401,4.54289483364164,4.56768468117137,4.61256319707361,4.65636227454392,4.72592847756262,4.73153289657658,4.77950633247974,4.82658658253536,4.86799923983267,4.87727442774826,4.95090310088054,5.01222758468983,5.05314797500495,5.06515397522855,5.10494888516594,5.14257060112319,5.16047617691729,5.19440737580698,5.21816734986903,5.26059085701756,5.30752984202756,5.32551103532821,5.36557448446311,5.40130802291287,5.43870368114282,5.4623478750311,5.47275471298351,5.5681959277318,5.58123484470316,5.63053337037782,5.64717761061563,5.66745859547297,5.71815606177336,5.74418304814469,5.77606098308458,5.8148576517684,5.82655293372747,5.88039102488141,5.90417202285261,5.91823261368749,5.94308434376395,5.96150207311953,5.99884092934194,6.02618104971702,6.05134583491921,6.06813018809071,6.08766877061965,6.1316403619526,6.16086776137922,6.17979022173605,6.23381431421894,6.27683827811625,6.2835710813185,6.32527748926557,6.34917152584189,6.381118024342,6.40969099676566,6.42209049693392,6.43060217064957,6.47795899978577,6.49181207524266,6.5255431679673,6.59470054127728,6.60000857335579,6.64266682333575,6.65593343143227,6.70838501034249,6.74997324018444,6.76301248530292,6.82561884532451,6.83768086393063,6.84435782945593,6.87571060350948,6.89703323321708,6.91801398686736,6.92933507636865,6.95069901442357,6.97219182082326,6.98944671209626,7.01818877663921,7.06129421108381,7.06223974089849,7.1120940314241,7.12910413603779,7.15518813195701,7.16842463459428,7.18247501901678,7.22189000225489,7.24678181401088,7.27742578652671,7.2992824093373,7.3035670840535,7.33001101338988,7.35351679665774,7.37854273310246,7.40572790268879,7.43320898897239,7.44705027827168,7.47705865567916,7.50060873143642,7.50416933111318,7.51684080291426,7.55762584617405,7.57457608431633,7.59407443837699,7.62361577526342,7.65617789963678,7.69124470966316,7.69771181122152,7.72615088803956,7.76853134584107,7.81197656443747,7.83916137576407,7.8439324735945,7.8475748727995,7.90328002225672,7.92136527294053,7.92892811902079,7.97336633209458,8.00344429954961,8.02833429805676,8.05046559715984,8.06565649054611,8.1044090439086,8.11814003525621,8.14461427049548,8.17586314146096,8.22209248162096,8.25513479188245,8.28424406025895,8.29704163609105,8.30579741467596,8.3361974487985,8.35774302185228,8.38587702739749,8.41674070255472,8.4270173793718,8.43960934644831,8.45320731117189,8.47360795668918,8.52373888552377,8.53735706098097,8.5833269635255,8.59591211238388,8.61715253772696,8.63848999064816,8.65170511403867,8.67085894345093,8.70725103537328,8.75256050113995,8.76812890043124,8.77555589009307,8.84645290600437,8.86268446977862,8.92502232702088,8.95496443152615,8.97678246716083,9.00474727362255,9.00502779113224,9.053139199528,9.10188831167802,9.10506407766522,9.18465843865935,9.19157340014063,9.25008501571789,9.27580928666533,9.30354778476357,9.3381982981207,9.35570124714675,9.38726440948713,9.41764109685308,9.44355366767462,9.49082671365439,9.53177208071466,9.56864177948752,9.58127487330169,9.61430957375404,9.68833562250539,9.72147570331514,9.77227584928663,9.81624757313527,9.83091291993584,9.83713660125819,9.89437236611621,9.90343895177477,9.93938992190209,9.96216899478278,9.98404603191777,10.0211090180587,10.0503566925228,10.0943599240686,10.1190973737961,10.1397577493171,10.1905487870019,10.1966544005767,10.2434852156025,10.3019163761466,10.3077886946059,10.3310368644004,10.3677279005056,10.3819796721602,10.4750948962804,10.4857639902381,10.4912862243349,10.54554347705,10.576080458168,10.6102244944006,10.6289524971605,10.6791442677719,10.7111560891202,10.7834572491556,10.8373964036729,10.8882944217717,10.9107616820908,10.9726357498841,10.9890578846875,11.0219294919034,11.0884692370187,11.1377463655244,11.1605531028835,11.1923777648301,11.2061588549678,11.2491141394608,11.2924183785829,11.3331508469496,11.4138376521051,11.4395922615088,11.4552319333955,11.4784528569665,11.5474092849495,11.5636289000552,11.6330472151009,11.6952940573362,11.7043043610935,11.7157864410859,11.752226497706,11.8232783194678,11.8764161453246,11.9083267898006,11.9670179307519,12.0135553164899,12.029471341407,12.0763482061662,12.1024375007935,12.1740147086116,12.1935685268919,12.2420703796257,12.2783449459144,12.3188304109851,12.3525426830836,12.3885071011536,12.4050088332038,12.440799220925,12.4857861774816,12.5207383976923,12.5549579880577,12.61487589129,12.6786224018922,12.7182300182394,12.7824938673477,12.8007836036727,12.8356781368069,12.8913575438256,12.9040782057421,12.9403220053909,12.986164222804,13.0025041593649,13.0352725794344,13.1030279385924,13.1794274478232,13.1956018245421,13.2052438956879,13.2241603731032,13.3253220604986,13.3670951484107,13.3759400670358,13.4451042790229,13.4654139688874,13.5241310229053,13.5826038966406,13.6037573874261,13.6422470261556,13.6543004957278,13.7063432518629,13.7169442945399,13.8043643551919,13.8103190108468,13.9043150120395,13.9254848935876,14.0060709243267,14.0719608000487,14.1265600254805,14.1370389080891,14.1829064744319,14.1927287344529,14.2363117239479,14.2828516869318,14.3746289277242,14.4236324503913,14.4724312911466,14.5384686288483,14.5645556337908,14.6402288801686,14.7092831400366,14.7327379811839,14.8051264552427,14.8905729950027,15.0046718088015,15.0297975786215,15.0489674217641,15.0952672522691,15.1467242600454,15.2561894014324,15.294173813357,15.3182733690893,15.3860778584109,15.4347858272979,15.4603964836447,15.6667575924951,15.7131024777743,15.7609463207033,15.7979554073218,15.9108128920431,16.0293275449345,16.0910052174029,16.1648924391223,16.2963165322517,16.3789449829204,16.4373057530117,16.5533190536427,16.5913950292852,16.7400491281421,16.7766752030205,16.9779786553595,17.1993102931943,17.2387011466316,17.4247924001872,17.496931120187,17.9102921082749,17.999457199371,18.0383133538009,18.2152110238466,18.2841149872811,18.5348733936342,18.656502503909,18.8219788670929,18.9439981128981,19.346010708311,19.5843261269096,19.8306570841822,20.0367063631645,20.1244690962373,20.5634651885111,20.9670137904806,21.460364639482,23.356846013741,NA,NA,NA,NA,NA,NA,NA,NA,NA,NA,NA,NA,NA,NA,NA,NA,NA,NA,NA,NA,NA,NA,NA,NA,NA,NA,NA,NA,NA,NA,NA,NA,NA,NA,NA,NA,NA,NA,NA,NA,NA,NA,NA,NA,NA,NA,NA,NA,NA,NA,NA,NA,NA,NA,NA,NA,NA,NA,NA,NA
0.580814421981707,0.637521746392696,0.815054016127507,1.0827116927665,1.23765416283596,1.43681295153578,1.46489035926616,1.56562156526153,1.67117489277026,1.74037199238478,1.85595160910209,1.95903987946385,1.9691900870955,2.15248419035289,2.20641722646131,2.30638530159679,2.44088488091937,2.50195794306138,2.54438460096123,2.64680881391984,2.67236070168948,2.79081104734785,2.85178294451531,2.94489656554958,2.9478306585445,3.02798484722007,3.10422918328897,3.1335687116897,3.22017351587346,3.24612334187078,3.34440625290498,3.41572181975481,3.45212103575595,3.53627492720754,3.61692310683613,3.6313233584271,3.65160364242522,3.76384233774383,3.84083544683351,3.88393216152779,3.91858839286391,3.96805449325579,4.02247441548849,4.04338432722023,4.13235763288643,4.17845797588821,4.2445228197337,4.27674502937681,4.29900732632374,4.3328825325974,4.40825268137348,4.4682340140401,4.54289483364164,4.56768468117137,4.61256319707361,4.65636227454392,4.72592847756262,4.73153289657658,4.77950633247974,4.82658658253536,4.86799923983267,4.87727442774826,4.95090310088054,5.01222758468983,5.05314797500495,5.06515397522855,5.10494888516594,5.14257060112319,5.16047617691729,5.19440737580698,5.21816734986903,5.26059085701756,5.30752984202756,5.32551103532821,5.36557448446311,5.40130802291287,5.43870368114282,5.4623478750311,5.47275471298351,5.5681959277318,5.58123484470316,5.63053337037782,5.64717761061563,5.66745859547297,5.71815606177336,5.74418304814469,5.77606098308458,5.8148576517684,5.82655293372747,5.88039102488141,5.90417202285261,5.91823261368749,5.94308434376395,5.96150207311953,5.99884092934194,6.02618104971702,6.05134583491921,6.06813018809071,6.08766877061965,6.1316403619526,6.16086776137922,6.17979022173605,6.23381431421894,6.27683827811625,6.2835710813185,6.32527748926557,6.34917152584189,6.381118024342,6.40969099676566,6.42209049693392,6.43060217064957,6.47795899978577,6.49181207524266,6.5255431679673,6.59470054127728,6.60000857335579,6.64266682333575,6.65593343143227,6.70838501034249,6.74997324018444,6.76301248530292,6.82561884532451,6.83768086393063,6.84435782945593,6.87571060350948,6.89703323321708,6.91801398686736,6.92933507636865,6.95069901442357,6.97219182082326,6.98944671209626,7.01818877663921,7.06129421108381,7.06223974089849,7.1120940314241,7.12910413603779,7.15518813195701,7.16842463459428,7.18247501901678,7.22189000225489,7.24678181401088,7.27742578652671,7.2992824093373,7.3035670840535,7.33001101338988,7.35351679665774,7.37854273310246,7.40572790268879,7.43320898897239,7.44705027827168,7.47705865567916,7.50060873143642,7.50416933111318,7.51684080291426,7.55762584617405,7.57457608431633,7.59407443837699,7.62361577526342,7.65617789963678,7.69124470966316,7.69771181122152,7.72615088803956,7.76853134584107,7.81197656443747,7.83916137576407,7.8439324735945,7.8475748727995,7.90328002225672,7.92136527294053,7.92892811902079,7.97336633209458,8.00344429954961,8.02833429805676,8.05046559715984,8.06565649054611,8.1044090439086,8.11814003525621,8.14461427049548,8.17586314146096,8.22209248162096,8.25513479188245,8.28424406025895,8.29704163609105,8.30579741467596,8.3361974487985,8.35774302185228,8.38587702739749,8.41674070255472,8.4270173793718,8.43960934644831,8.45320731117189,8.47360795668918,8.52373888552377,8.53735706098097,8.5833269635255,8.59591211238388,8.61715253772696,8.63848999064816,8.65170511403867,8.67085894345093,8.70725103537328,8.75256050113995,8.76812890043124,8.77555589009307,8.84645290600437,8.86268446977862,8.92502232702088,8.95496443152615,8.97678246716083,9.00474727362255,9.00502779113224,9.053139199528,9.10188831167802,9.10506407766522,9.18465843865935,9.19157340014063,9.25008501571789,9.27580928666533,9.30354778476357,9.3381982981207,9.35570124714675,9.38726440948713,9.41764109685308,9.44355366767462,9.49082671365439,9.53177208071466,9.56864177948752,9.58127487330169,9.61430957375404,9.68833562250539,9.72147570331514,9.77227584928663,9.81624757313527,9.83091291993584,9.83713660125819,9.89437236611621,9.90343895177477,9.93938992190209,9.96216899478278,9.98404603191777,10.0211090180587,10.0503566925228,10.0943599240686,10.1190973737961,10.1397577493171,10.1905487870019,10.1966544005767,10.2434852156025,10.3019163761466,10.3077886946059,10.3310368644004,10.3677279005056,10.3819796721602,10.4750948962804,10.4857639902381,10.4912862243349,10.54554347705,10.576080458168,10.6102244944006,10.6289524971605,10.6791442677719,10.7111560891202,10.7834572491556,10.8373964036729,10.8882944217717,10.9107616820908,10.9726357498841,10.9890578846875,11.0219294919034,11.0884692370187,11.1377463655244,11.1605531028835,11.1923777648301,11.2061588549678,11.2491141394608,11.2924183785829,11.3331508469496,11.4138376521051,11.4395922615088,11.4552319333955,11.4784528569665,11.5474092849495,11.5636289000552,11.6330472151009,11.6952940573362,11.7043043610935,11.7157864410859,11.752226497706,11.8232783194678,11.8764161453246,11.9083267898006,11.9670179307519,12.0135553164899,12.029471341407,12.0763482061662,12.1024375007935,12.1740147086116,12.1935685268919,12.2420703796257,12.2783449459144,12.3188304109851,12.3525426830836,12.3885071011536,12.4050088332038,12.440799220925,12.4857861774816,12.5207383976923,12.5549579880577,12.61487589129,12.6786224018922,12.7182300182394,12.7824938673477,12.8007836036727,12.8356781368069,12.8913575438256,12.9040782057421,12.9403220053909,12.986164222804,13.0025041593649,13.0352725794344,13.1030279385924,13.1794274478232,13.1956018245421,13.2052438956879,13.2241603731032,13.3253220604986,13.3670951484107,13.3759400670358,13.4451042790229,13.4654139688874,13.5241310229053,13.5826038966406,13.6037573874261,13.6422470261556,13.6543004957278,13.7063432518629,13.7169442945399,13.8043643551919,13.8103190108468,13.9043150120395,13.9254848935876,14.0060709243267,14.0719608000487,14.1265600254805,14.1370389080891,14.1829064744319,14.1927287344529,14.2363117239479,14.2828516869318,14.3746289277242,14.4236324503913,14.4724312911466,14.5384686288483,14.5645556337908,14.6402288801686,14.7092831400366,14.7327379811839,14.8051264552427,14.8905729950027,15.0046718088015,15.0297975786215,15.0489674217641,15.0952672522691,15.1467242600454,15.2561894014324,15.294173813357,15.3182733690893,15.3860778584109,15.4347858272979,15.4603964836447,15.6667575924951,15.7131024777743,15.7609463207033,15.7979554073218,15.9108128920431,16.0293275449345,16.0910052174029,16.1648924391223,16.2963165322517,16.3789449829204,16.4373057530117,16.5533190536427,16.5913950292852,16.7400491281421,16.7766752030205,16.9779786553595,17.1993102931943,17.2387011466316,17.4247924001872,17.496931120187,17.9102921082749,17.999457199371,18.0383133538009,18.2152110238466,18.2841149872811,18.5348733936342,18.656502503909,18.8219788670929,18.9439981128981,19.346010708311,19.5843261269096,19.8306570841822,20.0367063631645,20.1244690962373,20.5634651885111,20.9670137904806,21.460364639482,23.356846013741,NA,NA,NA,NA,NA,NA,NA,NA,NA,NA,NA,NA,NA,NA,NA,NA,NA,NA,NA,NA,NA,NA,NA,NA,NA,NA,NA,NA,NA,NA,NA,NA,NA,NA,NA,NA,NA,NA,NA,NA,NA,NA,NA,NA,NA,NA,NA,NA,NA,NA,NA,NA,NA,NA,NA,NA,NA,NA,NA,NA
0.580814421981707,0.637521746392696,0.815054016127507,1.0827116927665,1.23765416283596,1.43681295153578,1.46489035926616,1.56562156526153,1.67117489277026,1.74037199238478,1.85595160910209,1.95903987946385,1.9691900870955,2.15248419035289,2.20641722646131,2.30638530159679,2.44088488091937,2.50195794306138,2.54438460096123,2.64680881391984,2.67236070168948,2.79081104734785,2.85178294451531,2.94489656554958,2.9478306585445,3.02798484722007,3.10422918328897,3.1335687116897,3.22017351587346,3.24612334187078,3.34440625290498,3.41572181975481,3.45212103575595,3.53627492720754,3.61692310683613,3.6313233584271,3.65160364242522,3.76384233774383,3.84083544683351,3.88393216152779,3.91858839286391,3.96805449325579,4.02247441548849,4.04338432722023,4.13235763288643,4.17845797588821,4.2445228197337,4.27674502937681,4.29900732632374,4.3328825325974,4.40825268137348,4.4682340140401,4.54289483364164,4.56768468117137,4.61256319707361,4.65636227454392,4.72592847756262,4.73153289657658,4.77950633247974,4.82658658253536,4.86799923983267,4.87727442774826,4.95090310088054,5.01222758468983,5.05314797500495,5.06515397522855,5.10494888516594,5.14257060112319,5.16047617691729,5.19440737580698,5.21816734986903,5.26059085701756,5.30752984202756,5.32551103532821,5.36557448446311,5.40130802291287,5.43870368114282,5.4623478750311,5.47275471298351,5.5681959277318,5.58123484470316,5.63053337037782,5.64717761061563,5.66745859547297,5.71815606177336,5.74418304814469,5.77606098308458,5.8148576517684,5.82655293372747,5.88039102488141,5.90417202285261,5.91823261368749,5.94308434376395,5.96150207311953,5.99884092934194,6.02618104971702,6.05134583491921,6.06813018809071,6.08766877061965,6.1316403619526,6.16086776137922,6.17979022173605,6.23381431421894,6.27683827811625,6.2835710813185,6.32527748926557,6.34917152584189,6.381118024342,6.40969099676566,6.42209049693392,6.43060217064957,6.47795899978577,6.49181207524266,6.5255431679673,6.59470054127728,6.60000857335579,6.64266682333575,6.65593343143227,6.70838501034249,6.74997324018444,6.76301248530292,6.82561884532451,6.83768086393063,6.84435782945593,6.87571060350948,6.89703323321708,6.91801398686736,6.92933507636865,6.95069901442357,6.97219182082326,6.98944671209626,7.01818877663921,7.06129421108381,7.06223974089849,7.1120940314241,7.12910413603779,7.15518813195701,7.16842463459428,7.18247501901678,7.22189000225489,7.24678181401088,7.27742578652671,7.2992824093373,7.3035670840535,7.33001101338988,7.35351679665774,7.37854273310246,7.40572790268879,7.43320898897239,7.44705027827168,7.47705865567916,7.50060873143642,7.50416933111318,7.51684080291426,7.55762584617405,7.57457608431633,7.59407443837699,7.62361577526342,7.65617789963678,7.69124470966316,7.69771181122152,7.72615088803956,7.76853134584107,7.81197656443747,7.83916137576407,7.8439324735945,7.8475748727995,7.90328002225672,7.92136527294053,7.92892811902079,7.97336633209458,8.00344429954961,8.02833429805676,8.05046559715984,8.06565649054611,8.1044090439086,8.11814003525621,8.14461427049548,8.17586314146096,8.22209248162096,8.25513479188245,8.28424406025895,8.29704163609105,8.30579741467596,8.3361974487985,8.35774302185228,8.38587702739749,8.41674070255472,8.4270173793718,8.43960934644831,8.45320731117189,8.47360795668918,8.52373888552377,8.53735706098097,8.5833269635255,8.59591211238388,8.61715253772696,8.63848999064816,8.65170511403867,8.67085894345093,8.70725103537328,8.75256050113995,8.76812890043124,8.77555589009307,8.84645290600437,8.86268446977862,8.92502232702088,8.95496443152615,8.97678246716083,9.00474727362255,9.00502779113224,9.053139199528,9.10188831167802,9.10506407766522,9.18465843865935,9.19157340014063,9.25008501571789,9.27580928666533,9.30354778476357,9.3381982981207,9.35570124714675,9.38726440948713,9.41764109685308,9.44355366767462,9.49082671365439,9.53177208071466,9.56864177948752,9.58127487330169,9.61430957375404,9.68833562250539,9.72147570331514,9.77227584928663,9.81624757313527,9.83091291993584,9.83713660125819,9.89437236611621,9.90343895177477,9.93938992190209,9.96216899478278,9.98404603191777,10.0211090180587,10.0503566925228,10.0943599240686,10.1190973737961,10.1397577493171,10.1905487870019,10.1966544005767,10.2434852156025,10.3019163761466,10.3077886946059,10.3310368644004,10.3677279005056,10.3819796721602,10.4750948962804,10.4857639902381,10.4912862243349,10.54554347705,10.576080458168,10.6102244944006,10.6289524971605,10.6791442677719,10.7111560891202,10.7834572491556,10.8373964036729,10.8882944217717,10.9107616820908,10.9726357498841,10.9890578846875,11.0219294919034,11.0884692370187,11.1377463655244,11.1605531028835,11.1923777648301,11.2061588549678,11.2491141394608,11.2924183785829,11.3331508469496,11.4138376521051,11.4395922615088,11.4552319333955,11.4784528569665,11.5474092849495,11.5636289000552,11.6330472151009,11.6952940573362,11.7043043610935,11.7157864410859,11.752226497706,11.8232783194678,11.8764161453246,11.9083267898006,11.9670179307519,12.0135553164899,12.029471341407,12.0763482061662,12.1024375007935,12.1740147086116,12.1935685268919,12.2420703796257,12.2783449459144,12.3188304109851,12.3525426830836,12.3885071011536,12.4050088332038,12.440799220925,12.4857861774816,12.5207383976923,12.5549579880577,12.61487589129,12.6786224018922,12.7182300182394,12.7824938673477,12.8007836036727,12.8356781368069,12.8913575438256,12.9040782057421,12.9403220053909,12.986164222804,13.0025041593649,13.0352725794344,13.1030279385924,13.1794274478232,13.1956018245421,13.2052438956879,13.2241603731032,13.3253220604986,13.3670951484107,13.3759400670358,13.4451042790229,13.4654139688874,13.5241310229053,13.5826038966406,13.6037573874261,13.6422470261556,13.6543004957278,13.7063432518629,13.7169442945399,13.8043643551919,13.8103190108468,13.9043150120395,13.9254848935876,14.0060709243267,14.0719608000487,14.1265600254805,14.1370389080891,14.1829064744319,14.1927287344529,14.2363117239479,14.2828516869318,14.3746289277242,14.4236324503913,14.4724312911466,14.5384686288483,14.5645556337908,14.6402288801686,14.7092831400366,14.7327379811839,14.8051264552427,14.8905729950027,15.0046718088015,15.0297975786215,15.0489674217641,15.0952672522691,15.1467242600454,15.2561894014324,15.294173813357,15.3182733690893,15.3860778584109,15.4347858272979,15.4603964836447,15.6667575924951,15.7131024777743,15.7609463207033,15.7979554073218,15.9108128920431,16.0293275449345,16.0910052174029,16.1648924391223,16.2963165322517,16.3789449829204,16.4373057530117,16.5533190536427,16.5913950292852,16.7400491281421,16.7766752030205,16.9779786553595,17.1993102931943,17.2387011466316,17.4247924001872,17.496931120187,17.9102921082749,17.999457199371,18.0383133538009,18.2152110238466,18.2841149872811,18.5348733936342,18.656502503909,18.8219788670929,18.9439981128981,19.346010708311,19.5843261269096,19.8306570841822,20.0367063631645,20.1244690962373,20.5634651885111,20.9670137904806,21.460364639482,23.356846013741,NA,NA,NA,NA,NA,NA,NA,NA,NA,NA,NA,NA,NA,NA,NA,NA,NA,NA,NA,NA,NA,NA,NA,NA,NA,NA,NA,NA,NA,NA,NA,NA,NA,NA,NA,NA,NA,NA,NA,NA,NA,NA,NA,NA,NA,NA,NA,NA,NA,NA,NA,NA,NA,NA,NA,NA,NA,NA,NA,NA
0.580814421981707,0.637521746392696,0.815054016127507,1.0827116927665,1.23765416283596,1.43681295153578,1.46489035926616,1.56562156526153,1.67117489277026,1.74037199238478,1.85595160910209,1.95903987946385,1.9691900870955,2.15248419035289,2.20641722646131,2.30638530159679,2.44088488091937,2.50195794306138,2.54438460096123,2.64680881391984,2.67236070168948,2.79081104734785,2.85178294451531,2.94489656554958,2.9478306585445,3.02798484722007,3.10422918328897,3.1335687116897,3.22017351587346,3.24612334187078,3.34440625290498,3.41572181975481,3.45212103575595,3.53627492720754,3.61692310683613,3.6313233584271,3.65160364242522,3.76384233774383,3.84083544683351,3.88393216152779,3.91858839286391,3.96805449325579,4.02247441548849,4.04338432722023,4.13235763288643,4.17845797588821,4.2445228197337,4.27674502937681,4.29900732632374,4.3328825325974,4.40825268137348,4.4682340140401,4.54289483364164,4.56768468117137,4.61256319707361,4.65636227454392,4.72592847756262,4.73153289657658,4.77950633247974,4.82658658253536,4.86799923983267,4.87727442774826,4.95090310088054,5.01222758468983,5.05314797500495,5.06515397522855,5.10494888516594,5.14257060112319,5.16047617691729,5.19440737580698,5.21816734986903,5.26059085701756,5.30752984202756,5.32551103532821,5.36557448446311,5.40130802291287,5.43870368114282,5.4623478750311,5.47275471298351,5.5681959277318,5.58123484470316,5.63053337037782,5.64717761061563,5.66745859547297,5.71815606177336,5.74418304814469,5.77606098308458,5.8148576517684,5.82655293372747,5.88039102488141,5.90417202285261,5.91823261368749,5.94308434376395,5.96150207311953,5.99884092934194,6.02618104971702,6.05134583491921,6.06813018809071,6.08766877061965,6.1316403619526,6.16086776137922,6.17979022173605,6.23381431421894,6.27683827811625,6.2835710813185,6.32527748926557,6.34917152584189,6.381118024342,6.40969099676566,6.42209049693392,6.43060217064957,6.47795899978577,6.49181207524266,6.5255431679673,6.59470054127728,6.60000857335579,6.64266682333575,6.65593343143227,6.70838501034249,6.74997324018444,6.76301248530292,6.82561884532451,6.83768086393063,6.84435782945593,6.87571060350948,6.89703323321708,6.91801398686736,6.92933507636865,6.95069901442357,6.97219182082326,6.98944671209626,7.01818877663921,7.06129421108381,7.06223974089849,7.1120940314241,7.12910413603779,7.15518813195701,7.16842463459428,7.18247501901678,7.22189000225489,7.24678181401088,7.27742578652671,7.2992824093373,7.3035670840535,7.33001101338988,7.35351679665774,7.37854273310246,7.40572790268879,7.43320898897239,7.44705027827168,7.47705865567916,7.50060873143642,7.50416933111318,7.51684080291426,7.55762584617405,7.57457608431633,7.59407443837699,7.62361577526342,7.65617789963678,7.69124470966316,7.69771181122152,7.72615088803956,7.76853134584107,7.81197656443747,7.83916137576407,7.8439324735945,7.8475748727995,7.90328002225672,7.92136527294053,7.92892811902079,7.97336633209458,8.00344429954961,8.02833429805676,8.05046559715984,8.06565649054611,8.1044090439086,8.11814003525621,8.14461427049548,8.17586314146096,8.22209248162096,8.25513479188245,8.28424406025895,8.29704163609105,8.30579741467596,8.3361974487985,8.35774302185228,8.38587702739749,8.41674070255472,8.4270173793718,8.43960934644831,8.45320731117189,8.47360795668918,8.52373888552377,8.53735706098097,8.5833269635255,8.59591211238388,8.61715253772696,8.63848999064816,8.65170511403867,8.67085894345093,8.70725103537328,8.75256050113995,8.76812890043124,8.77555589009307,8.84645290600437,8.86268446977862,8.92502232702088,8.95496443152615,8.97678246716083,9.00474727362255,9.00502779113224,9.053139199528,9.10188831167802,9.10506407766522,9.18465843865935,9.19157340014063,9.25008501571789,9.27580928666533,9.30354778476357,9.3381982981207,9.35570124714675,9.38726440948713,9.41764109685308,9.44355366767462,9.49082671365439,9.53177208071466,9.56864177948752,9.58127487330169,9.61430957375404,9.68833562250539,9.72147570331514,9.77227584928663,9.81624757313527,9.83091291993584,9.83713660125819,9.89437236611621,9.90343895177477,9.93938992190209,9.96216899478278,9.98404603191777,10.0211090180587,10.0503566925228,10.0943599240686,10.1190973737961,10.1397577493171,10.1905487870019,10.1966544005767,10.2434852156025,10.3019163761466,10.3077886946059,10.3310368644004,10.3677279005056,10.3819796721602,10.4750948962804,10.4857639902381,10.4912862243349,10.54554347705,10.576080458168,10.6102244944006,10.6289524971605,10.6791442677719,10.7111560891202,10.7834572491556,10.8373964036729,10.8882944217717,10.9107616820908,10.9726357498841,10.9890578846875,11.0219294919034,11.0884692370187,11.1377463655244,11.1605531028835,11.1923777648301,11.2061588549678,11.2491141394608,11.2924183785829,11.3331508469496,11.4138376521051,11.4395922615088,11.4552319333955,11.4784528569665,11.5474092849495,11.5636289000552,11.6330472151009,11.6952940573362,11.7043043610935,11.7157864410859,11.752226497706,11.8232783194678,11.8764161453246,11.9083267898006,11.9670179307519,12.0135553164899,12.029471341407,12.0763482061662,12.1024375007935,12.1740147086116,12.1935685268919,12.2420703796257,12.2783449459144,12.3188304109851,12.3525426830836,12.3885071011536,12.4050088332038,12.440799220925,12.4857861774816,12.5207383976923,12.5549579880577,12.61487589129,12.6786224018922,12.7182300182394,12.7824938673477,12.8007836036727,12.8356781368069,12.8913575438256,12.9040782057421,12.9403220053909,12.986164222804,13.0025041593649,13.0352725794344,13.1030279385924,13.1794274478232,13.1956018245421,13.2052438956879,13.2241603731032,13.3253220604986,13.3670951484107,13.3759400670358,13.4451042790229,13.4654139688874,13.5241310229053,13.5826038966406,13.6037573874261,13.6422470261556,13.6543004957278,13.7063432518629,13.7169442945399,13.8043643551919,13.8103190108468,13.9043150120395,13.9254848935876,14.0060709243267,14.0719608000487,14.1265600254805,14.1370389080891,14.1829064744319,14.1927287344529,14.2363117239479,14.2828516869318,14.3746289277242,14.4236324503913,14.4724312911466,14.5384686288483,14.5645556337908,14.6402288801686,14.7092831400366,14.7327379811839,14.8051264552427,14.8905729950027,15.0046718088015,15.0297975786215,15.0489674217641,15.0952672522691,15.1467242600454,15.2561894014324,15.294173813357,15.3182733690893,15.3860778584109,15.4347858272979,15.4603964836447,15.6667575924951,15.7131024777743,15.7609463207033,15.7979554073218,15.9108128920431,16.0293275449345,16.0910052174029,16.1648924391223,16.2963165322517,16.3789449829204,16.4373057530117,16.5533190536427,16.5913950292852,16.7400491281421,16.7766752030205,16.9779786553595,17.1993102931943,17.2387011466316,17.4247924001872,17.496931120187,17.9102921082749,17.999457199371,18.0383133538009,18.2152110238466,18.2841149872811,18.5348733936342,18.656502503909,18.8219788670929,18.9439981128981,19.346010708311,19.5843261269096,19.8306570841822,20.0367063631645,20.1244690962373,20.5634651885111,20.9670137904806,21.460364639482,23.356846013741,NA,NA,NA,NA,NA,NA,NA,NA,NA,NA,NA,NA,NA,NA,NA,NA,NA,NA,NA,NA,NA,NA,NA,NA,NA,NA,NA,NA,NA,NA,NA,NA,NA,NA,NA,NA,NA,NA,NA,NA,NA,NA,NA,NA,NA,NA,NA,NA,NA,NA,NA,NA,NA,NA,NA,NA,NA,NA,NA,NA
0.580814421981707,0.637521746392696,0.815054016127507,1.0827116927665,1.23765416283596,1.43681295153578,1.46489035926616,1.56562156526153,1.67117489277026,1.74037199238478,1.85595160910209,1.95903987946385,1.9691900870955,2.15248419035289,2.20641722646131,2.30638530159679,2.44088488091937,2.50195794306138,2.54438460096123,2.64680881391984,2.67236070168948,2.79081104734785,2.85178294451531,2.94489656554958,2.9478306585445,3.02798484722007,3.10422918328897,3.1335687116897,3.22017351587346,3.24612334187078,3.34440625290498,3.41572181975481,3.45212103575595,3.53627492720754,3.61692310683613,3.6313233584271,3.65160364242522,3.76384233774383,3.84083544683351,3.88393216152779,3.91858839286391,3.96805449325579,4.02247441548849,4.04338432722023,4.13235763288643,4.17845797588821,4.2445228197337,4.27674502937681,4.29900732632374,4.3328825325974,4.40825268137348,4.4682340140401,4.54289483364164,4.56768468117137,4.61256319707361,4.65636227454392,4.72592847756262,4.73153289657658,4.77950633247974,4.82658658253536,4.86799923983267,4.87727442774826,4.95090310088054,5.01222758468983,5.05314797500495,5.06515397522855,5.10494888516594,5.14257060112319,5.16047617691729,5.19440737580698,5.21816734986903,5.26059085701756,5.30752984202756,5.32551103532821,5.36557448446311,5.40130802291287,5.43870368114282,5.4623478750311,5.47275471298351,5.5681959277318,5.58123484470316,5.63053337037782,5.64717761061563,5.66745859547297,5.71815606177336,5.74418304814469,5.77606098308458,5.8148576517684,5.82655293372747,5.88039102488141,5.90417202285261,5.91823261368749,5.94308434376395,5.96150207311953,5.99884092934194,6.02618104971702,6.05134583491921,6.06813018809071,6.08766877061965,6.1316403619526,6.16086776137922,6.17979022173605,6.23381431421894,6.27683827811625,6.2835710813185,6.32527748926557,6.34917152584189,6.381118024342,6.40969099676566,6.42209049693392,6.43060217064957,6.47795899978577,6.49181207524266,6.5255431679673,6.59470054127728,6.60000857335579,6.64266682333575,6.65593343143227,6.70838501034249,6.74997324018444,6.76301248530292,6.82561884532451,6.83768086393063,6.84435782945593,6.87571060350948,6.89703323321708,6.91801398686736,6.92933507636865,6.95069901442357,6.97219182082326,6.98944671209626,7.01818877663921,7.06129421108381,7.06223974089849,7.1120940314241,7.12910413603779,7.15518813195701,7.16842463459428,7.18247501901678,7.22189000225489,7.24678181401088,7.27742578652671,7.2992824093373,7.3035670840535,7.33001101338988,7.35351679665774,7.37854273310246,7.40572790268879,7.43320898897239,7.44705027827168,7.47705865567916,7.50060873143642,7.50416933111318,7.51684080291426,7.55762584617405,7.57457608431633,7.59407443837699,7.62361577526342,7.65617789963678,7.69124470966316,7.69771181122152,7.72615088803956,7.76853134584107,7.81197656443747,7.83916137576407,7.8439324735945,7.8475748727995,7.90328002225672,7.92136527294053,7.92892811902079,7.97336633209458,8.00344429954961,8.02833429805676,8.05046559715984,8.06565649054611,8.1044090439086,8.11814003525621,8.14461427049548,8.17586314146096,8.22209248162096,8.25513479188245,8.28424406025895,8.29704163609105,8.30579741467596,8.3361974487985,8.35774302185228,8.38587702739749,8.41674070255472,8.4270173793718,8.43960934644831,8.45320731117189,8.47360795668918,8.52373888552377,8.53735706098097,8.5833269635255,8.59591211238388,8.61715253772696,8.63848999064816,8.65170511403867,8.67085894345093,8.70725103537328,8.75256050113995,8.76812890043124,8.77555589009307,8.84645290600437,8.86268446977862,8.92502232702088,8.95496443152615,8.97678246716083,9.00474727362255,9.00502779113224,9.053139199528,9.10188831167802,9.10506407766522,9.18465843865935,9.19157340014063,9.25008501571789,9.27580928666533,9.30354778476357,9.3381982981207,9.35570124714675,9.38726440948713,9.41764109685308,9.44355366767462,9.49082671365439,9.53177208071466,9.56864177948752,9.58127487330169,9.61430957375404,9.68833562250539,9.72147570331514,9.77227584928663,9.81624757313527,9.83091291993584,9.83713660125819,9.89437236611621,9.90343895177477,9.93938992190209,9.96216899478278,9.98404603191777,10.0211090180587,10.0503566925228,10.0943599240686,10.1190973737961,10.1397577493171,10.1905487870019,10.1966544005767,10.2434852156025,10.3019163761466,10.3077886946059,10.3310368644004,10.3677279005056,10.3819796721602,10.4750948962804,10.4857639902381,10.4912862243349,10.54554347705,10.576080458168,10.6102244944006,10.6289524971605,10.6791442677719,10.7111560891202,10.7834572491556,10.8373964036729,10.8882944217717,10.9107616820908,10.9726357498841,10.9890578846875,11.0219294919034,11.0884692370187,11.1377463655244,11.1605531028835,11.1923777648301,11.2061588549678,11.2491141394608,11.2924183785829,11.3331508469496,11.4138376521051,11.4395922615088,11.4552319333955,11.4784528569665,11.5474092849495,11.5636289000552,11.6330472151009,11.6952940573362,11.7043043610935,11.7157864410859,11.752226497706,11.8232783194678,11.8764161453246,11.9083267898006,11.9670179307519,12.0135553164899,12.029471341407,12.0763482061662,12.1024375007935,12.1740147086116,12.1935685268919,12.2420703796257,12.2783449459144,12.3188304109851,12.3525426830836,12.3885071011536,12.4050088332038,12.440799220925,12.4857861774816,12.5207383976923,12.5549579880577,12.61487589129,12.6786224018922,12.7182300182394,12.7824938673477,12.8007836036727,12.8356781368069,12.8913575438256,12.9040782057421,12.9403220053909,12.986164222804,13.0025041593649,13.0352725794344,13.1030279385924,13.1794274478232,13.1956018245421,13.2052438956879,13.2241603731032,13.3253220604986,13.3670951484107,13.3759400670358,13.4451042790229,13.4654139688874,13.5241310229053,13.5826038966406,13.6037573874261,13.6422470261556,13.6543004957278,13.7063432518629,13.7169442945399,13.8043643551919,13.8103190108468,13.9043150120395,13.9254848935876,14.0060709243267,14.0719608000487,14.1265600254805,14.1370389080891,14.1829064744319,14.1927287344529,14.2363117239479,14.2828516869318,14.3746289277242,14.4236324503913,14.4724312911466,14.5384686288483,14.5645556337908,14.6402288801686,14.7092831400366,14.7327379811839,14.8051264552427,14.8905729950027,15.0046718088015,15.0297975786215,15.0489674217641,15.0952672522691,15.1467242600454,15.2561894014324,15.294173813357,15.3182733690893,15.3860778584109,15.4347858272979,15.4603964836447,15.6667575924951,15.7131024777743,15.7609463207033,15.7979554073218,15.9108128920431,16.0293275449345,16.0910052174029,16.1648924391223,16.2963165322517,16.3789449829204,16.4373057530117,16.5533190536427,16.5913950292852,16.7400491281421,16.7766752030205,16.9779786553595,17.1993102931943,17.2387011466316,17.4247924001872,17.496931120187,17.9102921082749,17.999457199371,18.0383133538009,18.2152110238466,18.2841149872811,18.5348733936342,18.656502503909,18.8219788670929,18.9439981128981,19.346010708311,19.5843261269096,19.8306570841822,20.0367063631645,20.1244690962373,20.5634651885111,20.9670137904806,21.460364639482,23.356846013741,NA,NA,NA,NA,NA,NA,NA,NA,NA,NA,NA,NA,NA,NA,NA,NA,NA,NA,NA,NA,NA,NA,NA,NA,NA,NA,NA,NA,NA,NA,NA,NA,NA,NA,NA,NA,NA,NA,NA,NA,NA,NA,NA,NA,NA,NA,NA,NA,NA,NA,NA,NA,NA,NA,NA,NA,NA,NA,NA,NA
0.580814421981707,0.637521746392696,0.815054016127507,1.0827116927665,1.23765416283596,1.43681295153578,1.46489035926616,1.56562156526153,1.67117489277026,1.74037199238478,1.85595160910209,1.95903987946385,1.9691900870955,2.15248419035289,2.20641722646131,2.30638530159679,2.44088488091937,2.50195794306138,2.54438460096123,2.64680881391984,2.67236070168948,2.79081104734785,2.85178294451531,2.94489656554958,2.9478306585445,3.02798484722007,3.10422918328897,3.1335687116897,3.22017351587346,3.24612334187078,3.34440625290498,3.41572181975481,3.45212103575595,3.53627492720754,3.61692310683613,3.6313233584271,3.65160364242522,3.76384233774383,3.84083544683351,3.88393216152779,3.91858839286391,3.96805449325579,4.02247441548849,4.04338432722023,4.13235763288643,4.17845797588821,4.2445228197337,4.27674502937681,4.29900732632374,4.3328825325974,4.40825268137348,4.4682340140401,4.54289483364164,4.56768468117137,4.61256319707361,4.65636227454392,4.72592847756262,4.73153289657658,4.77950633247974,4.82658658253536,4.86799923983267,4.87727442774826,4.95090310088054,5.01222758468983,5.05314797500495,5.06515397522855,5.10494888516594,5.14257060112319,5.16047617691729,5.19440737580698,5.21816734986903,5.26059085701756,5.30752984202756,5.32551103532821,5.36557448446311,5.40130802291287,5.43870368114282,5.4623478750311,5.47275471298351,5.5681959277318,5.58123484470316,5.63053337037782,5.64717761061563,5.66745859547297,5.71815606177336,5.74418304814469,5.77606098308458,5.8148576517684,5.82655293372747,5.88039102488141,5.90417202285261,5.91823261368749,5.94308434376395,5.96150207311953,5.99884092934194,6.02618104971702,6.05134583491921,6.06813018809071,6.08766877061965,6.1316403619526,6.16086776137922,6.17979022173605,6.23381431421894,6.27683827811625,6.2835710813185,6.32527748926557,6.34917152584189,6.381118024342,6.40969099676566,6.42209049693392,6.43060217064957,6.47795899978577,6.49181207524266,6.5255431679673,6.59470054127728,6.60000857335579,6.64266682333575,6.65593343143227,6.70838501034249,6.74997324018444,6.76301248530292,6.82561884532451,6.83768086393063,6.84435782945593,6.87571060350948,6.89703323321708,6.91801398686736,6.92933507636865,6.95069901442357,6.97219182082326,6.98944671209626,7.01818877663921,7.06129421108381,7.06223974089849,7.1120940314241,7.12910413603779,7.15518813195701,7.16842463459428,7.18247501901678,7.22189000225489,7.24678181401088,7.27742578652671,7.2992824093373,7.3035670840535,7.33001101338988,7.35351679665774,7.37854273310246,7.40572790268879,7.43320898897239,7.44705027827168,7.47705865567916,7.50060873143642,7.50416933111318,7.51684080291426,7.55762584617405,7.57457608431633,7.59407443837699,7.62361577526342,7.65617789963678,7.69124470966316,7.69771181122152,7.72615088803956,7.76853134584107,7.81197656443747,7.83916137576407,7.8439324735945,7.8475748727995,7.90328002225672,7.92136527294053,7.92892811902079,7.97336633209458,8.00344429954961,8.02833429805676,8.05046559715984,8.06565649054611,8.1044090439086,8.11814003525621,8.14461427049548,8.17586314146096,8.22209248162096,8.25513479188245,8.28424406025895,8.29704163609105,8.30579741467596,8.3361974487985,8.35774302185228,8.38587702739749,8.41674070255472,8.4270173793718,8.43960934644831,8.45320731117189,8.47360795668918,8.52373888552377,8.53735706098097,8.5833269635255,8.59591211238388,8.61715253772696,8.63848999064816,8.65170511403867,8.67085894345093,8.70725103537328,8.75256050113995,8.76812890043124,8.77555589009307,8.84645290600437,8.86268446977862,8.92502232702088,8.95496443152615,8.97678246716083,9.00474727362255,9.00502779113224,9.053139199528,9.10188831167802,9.10506407766522,9.18465843865935,9.19157340014063,9.25008501571789,9.27580928666533,9.30354778476357,9.3381982981207,9.35570124714675,9.38726440948713,9.41764109685308,9.44355366767462,9.49082671365439,9.53177208071466,9.56864177948752,9.58127487330169,9.61430957375404,9.68833562250539,9.72147570331514,9.77227584928663,9.81624757313527,9.83091291993584,9.83713660125819,9.89437236611621,9.90343895177477,9.93938992190209,9.96216899478278,9.98404603191777,10.0211090180587,10.0503566925228,10.0943599240686,10.1190973737961,10.1397577493171,10.1905487870019,10.1966544005767,10.2434852156025,10.3019163761466,10.3077886946059,10.3310368644004,10.3677279005056,10.3819796721602,10.4750948962804,10.4857639902381,10.4912862243349,10.54554347705,10.576080458168,10.6102244944006,10.6289524971605,10.6791442677719,10.7111560891202,10.7834572491556,10.8373964036729,10.8882944217717,10.9107616820908,10.9726357498841,10.9890578846875,11.0219294919034,11.0884692370187,11.1377463655244,11.1605531028835,11.1923777648301,11.2061588549678,11.2491141394608,11.2924183785829,11.3331508469496,11.4138376521051,11.4395922615088,11.4552319333955,11.4784528569665,11.5474092849495,11.5636289000552,11.6330472151009,11.6952940573362,11.7043043610935,11.7157864410859,11.752226497706,11.8232783194678,11.8764161453246,11.9083267898006,11.9670179307519,12.0135553164899,12.029471341407,12.0763482061662,12.1024375007935,12.1740147086116,12.1935685268919,12.2420703796257,12.2783449459144,12.3188304109851,12.3525426830836,12.3885071011536,12.4050088332038,12.440799220925,12.4857861774816,12.5207383976923,12.5549579880577,12.61487589129,12.6786224018922,12.7182300182394,12.7824938673477,12.8007836036727,12.8356781368069,12.8913575438256,12.9040782057421,12.9403220053909,12.986164222804,13.0025041593649,13.0352725794344,13.1030279385924,13.1794274478232,13.1956018245421,13.2052438956879,13.2241603731032,13.3253220604986,13.3670951484107,13.3759400670358,13.4451042790229,13.4654139688874,13.5241310229053,13.5826038966406,13.6037573874261,13.6422470261556,13.6543004957278,13.7063432518629,13.7169442945399,13.8043643551919,13.8103190108468,13.9043150120395,13.9254848935876,14.0060709243267,14.0719608000487,14.1265600254805,14.1370389080891,14.1829064744319,14.1927287344529,14.2363117239479,14.2828516869318,14.3746289277242,14.4236324503913,14.4724312911466,14.5384686288483,14.5645556337908,14.6402288801686,14.7092831400366,14.7327379811839,14.8051264552427,14.8905729950027,15.0046718088015,15.0297975786215,15.0489674217641,15.0952672522691,15.1467242600454,15.2561894014324,15.294173813357,15.3182733690893,15.3860778584109,15.4347858272979,15.4603964836447,15.6667575924951,15.7131024777743,15.7609463207033,15.7979554073218,15.9108128920431,16.0293275449345,16.0910052174029,16.1648924391223,16.2963165322517,16.3789449829204,16.4373057530117,16.5533190536427,16.5913950292852,16.7400491281421,16.7766752030205,16.9779786553595,17.1993102931943,17.2387011466316,17.4247924001872,17.496931120187,17.9102921082749,17.999457199371,18.0383133538009,18.2152110238466,18.2841149872811,18.5348733936342,18.656502503909,18.8219788670929,18.9439981128981,19.346010708311,19.5843261269096,19.8306570841822,20.0367063631645,20.1244690962373,20.5634651885111,20.9670137904806,21.460364639482,23.356846013741,NA,NA,NA,NA,NA,NA,NA,NA,NA,NA,NA,NA,NA,NA,NA,NA,NA,NA,NA,NA,NA,NA,NA,NA,NA,NA,NA,NA,NA,NA,NA,NA,NA,NA,NA,NA,NA,NA,NA,NA,NA,NA,NA,NA,NA,NA,NA,NA,NA,NA,NA,NA,NA,NA,NA,NA,NA,NA,NA,NA
0.580814421981707,0.637521746392696,0.815054016127507,1.0827116927665,1.23765416283596,1.43681295153578,1.46489035926616,1.56562156526153,1.67117489277026,1.74037199238478,1.85595160910209,1.95903987946385,1.9691900870955,2.15248419035289,2.20641722646131,2.30638530159679,2.44088488091937,2.50195794306138,2.54438460096123,2.64680881391984,2.67236070168948,2.79081104734785,2.85178294451531,2.94489656554958,2.9478306585445,3.02798484722007,3.10422918328897,3.1335687116897,3.22017351587346,3.24612334187078,3.34440625290498,3.41572181975481,3.45212103575595,3.53627492720754,3.61692310683613,3.6313233584271,3.65160364242522,3.76384233774383,3.84083544683351,3.88393216152779,3.91858839286391,3.96805449325579,4.02247441548849,4.04338432722023,4.13235763288643,4.17845797588821,4.2445228197337,4.27674502937681,4.29900732632374,4.3328825325974,4.40825268137348,4.4682340140401,4.54289483364164,4.56768468117137,4.61256319707361,4.65636227454392,4.72592847756262,4.73153289657658,4.77950633247974,4.82658658253536,4.86799923983267,4.87727442774826,4.95090310088054,5.01222758468983,5.05314797500495,5.06515397522855,5.10494888516594,5.14257060112319,5.16047617691729,5.19440737580698,5.21816734986903,5.26059085701756,5.30752984202756,5.32551103532821,5.36557448446311,5.40130802291287,5.43870368114282,5.4623478750311,5.47275471298351,5.5681959277318,5.58123484470316,5.63053337037782,5.64717761061563,5.66745859547297,5.71815606177336,5.74418304814469,5.77606098308458,5.8148576517684,5.82655293372747,5.88039102488141,5.90417202285261,5.91823261368749,5.94308434376395,5.96150207311953,5.99884092934194,6.02618104971702,6.05134583491921,6.06813018809071,6.08766877061965,6.1316403619526,6.16086776137922,6.17979022173605,6.23381431421894,6.27683827811625,6.2835710813185,6.32527748926557,6.34917152584189,6.381118024342,6.40969099676566,6.42209049693392,6.43060217064957,6.47795899978577,6.49181207524266,6.5255431679673,6.59470054127728,6.60000857335579,6.64266682333575,6.65593343143227,6.70838501034249,6.74997324018444,6.76301248530292,6.82561884532451,6.83768086393063,6.84435782945593,6.87571060350948,6.89703323321708,6.91801398686736,6.92933507636865,6.95069901442357,6.97219182082326,6.98944671209626,7.01818877663921,7.06129421108381,7.06223974089849,7.1120940314241,7.12910413603779,7.15518813195701,7.16842463459428,7.18247501901678,7.22189000225489,7.24678181401088,7.27742578652671,7.2992824093373,7.3035670840535,7.33001101338988,7.35351679665774,7.37854273310246,7.40572790268879,7.43320898897239,7.44705027827168,7.47705865567916,7.50060873143642,7.50416933111318,7.51684080291426,7.55762584617405,7.57457608431633,7.59407443837699,7.62361577526342,7.65617789963678,7.69124470966316,7.69771181122152,7.72615088803956,7.76853134584107,7.81197656443747,7.83916137576407,7.8439324735945,7.8475748727995,7.90328002225672,7.92136527294053,7.92892811902079,7.97336633209458,8.00344429954961,8.02833429805676,8.05046559715984,8.06565649054611,8.1044090439086,8.11814003525621,8.14461427049548,8.17586314146096,8.22209248162096,8.25513479188245,8.28424406025895,8.29704163609105,8.30579741467596,8.3361974487985,8.35774302185228,8.38587702739749,8.41674070255472,8.4270173793718,8.43960934644831,8.45320731117189,8.47360795668918,8.52373888552377,8.53735706098097,8.5833269635255,8.59591211238388,8.61715253772696,8.63848999064816,8.65170511403867,8.67085894345093,8.70725103537328,8.75256050113995,8.76812890043124,8.77555589009307,8.84645290600437,8.86268446977862,8.92502232702088,8.95496443152615,8.97678246716083,9.00474727362255,9.00502779113224,9.053139199528,9.10188831167802,9.10506407766522,9.18465843865935,9.19157340014063,9.25008501571789,9.27580928666533,9.30354778476357,9.3381982981207,9.35570124714675,9.38726440948713,9.41764109685308,9.44355366767462,9.49082671365439,9.53177208071466,9.56864177948752,9.58127487330169,9.61430957375404,9.68833562250539,9.72147570331514,9.77227584928663,9.81624757313527,9.83091291993584,9.83713660125819,9.89437236611621,9.90343895177477,9.93938992190209,9.96216899478278,9.98404603191777,10.0211090180587,10.0503566925228,10.0943599240686,10.1190973737961,10.1397577493171,10.1905487870019,10.1966544005767,10.2434852156025,10.3019163761466,10.3077886946059,10.3310368644004,10.3677279005056,10.3819796721602,10.4750948962804,10.4857639902381,10.4912862243349,10.54554347705,10.576080458168,10.6102244944006,10.6289524971605,10.6791442677719,10.7111560891202,10.7834572491556,10.8373964036729,10.8882944217717,10.9107616820908,10.9726357498841,10.9890578846875,11.0219294919034,11.0884692370187,11.1377463655244,11.1605531028835,11.1923777648301,11.2061588549678,11.2491141394608,11.2924183785829,11.3331508469496,11.4138376521051,11.4395922615088,11.4552319333955,11.4784528569665,11.5474092849495,11.5636289000552,11.6330472151009,11.6952940573362,11.7043043610935,11.7157864410859,11.752226497706,11.8232783194678,11.8764161453246,11.9083267898006,11.9670179307519,12.0135553164899,12.029471341407,12.0763482061662,12.1024375007935,12.1740147086116,12.1935685268919,12.2420703796257,12.2783449459144,12.3188304109851,12.3525426830836,12.3885071011536,12.4050088332038,12.440799220925,12.4857861774816,12.5207383976923,12.5549579880577,12.61487589129,12.6786224018922,12.7182300182394,12.7824938673477,12.8007836036727,12.8356781368069,12.8913575438256,12.9040782057421,12.9403220053909,12.986164222804,13.0025041593649,13.0352725794344,13.1030279385924,13.1794274478232,13.1956018245421,13.2052438956879,13.2241603731032,13.3253220604986,13.3670951484107,13.3759400670358,13.4451042790229,13.4654139688874,13.5241310229053,13.5826038966406,13.6037573874261,13.6422470261556,13.6543004957278,13.7063432518629,13.7169442945399,13.8043643551919,13.8103190108468,13.9043150120395,13.9254848935876,14.0060709243267,14.0719608000487,14.1265600254805,14.1370389080891,14.1829064744319,14.1927287344529,14.2363117239479,14.2828516869318,14.3746289277242,14.4236324503913,14.4724312911466,14.5384686288483,14.5645556337908,14.6402288801686,14.7092831400366,14.7327379811839,14.8051264552427,14.8905729950027,15.0046718088015,15.0297975786215,15.0489674217641,15.0952672522691,15.1467242600454,15.2561894014324,15.294173813357,15.3182733690893,15.3860778584109,15.4347858272979,15.4603964836447,15.6667575924951,15.7131024777743,15.7609463207033,15.7979554073218,15.9108128920431,16.0293275449345,16.0910052174029,16.1648924391223,16.2963165322517,16.3789449829204,16.4373057530117,16.5533190536427,16.5913950292852,16.7400491281421,16.7766752030205,16.9779786553595,17.1993102931943,17.2387011466316,17.4247924001872,17.496931120187,17.9102921082749,17.999457199371,18.0383133538009,18.2152110238466,18.2841149872811,18.5348733936342,18.656502503909,18.8219788670929,18.9439981128981,19.346010708311,19.5843261269096,19.8306570841822,20.0367063631645,20.1244690962373,20.5634651885111,20.9670137904806,21.460364639482,23.356846013741,NA,NA,NA,NA,NA,NA,NA,NA,NA,NA,NA,NA,NA,NA,NA,NA,NA,NA,NA,NA,NA,NA,NA,NA,NA,NA,NA,NA,NA,NA,NA,NA,NA,NA,NA,NA,NA,NA,NA,NA,NA,NA,NA,NA,NA,NA,NA,NA,NA,NA,NA,NA,NA,NA,NA,NA,NA,NA,NA,NA
0.580814421981707,0.637521746392696,0.815054016127507,1.0827116927665,1.23765416283596,1.43681295153578,1.46489035926616,1.56562156526153,1.67117489277026,1.74037199238478,1.85595160910209,1.95903987946385,1.9691900870955,2.15248419035289,2.20641722646131,2.30638530159679,2.44088488091937,2.50195794306138,2.54438460096123,2.64680881391984,2.67236070168948,2.79081104734785,2.85178294451531,2.94489656554958,2.9478306585445,3.02798484722007,3.10422918328897,3.1335687116897,3.22017351587346,3.24612334187078,3.34440625290498,3.41572181975481,3.45212103575595,3.53627492720754,3.61692310683613,3.6313233584271,3.65160364242522,3.76384233774383,3.84083544683351,3.88393216152779,3.91858839286391,3.96805449325579,4.02247441548849,4.04338432722023,4.13235763288643,4.17845797588821,4.2445228197337,4.27674502937681,4.29900732632374,4.3328825325974,4.40825268137348,4.4682340140401,4.54289483364164,4.56768468117137,4.61256319707361,4.65636227454392,4.72592847756262,4.73153289657658,4.77950633247974,4.82658658253536,4.86799923983267,4.87727442774826,4.95090310088054,5.01222758468983,5.05314797500495,5.06515397522855,5.10494888516594,5.14257060112319,5.16047617691729,5.19440737580698,5.21816734986903,5.26059085701756,5.30752984202756,5.32551103532821,5.36557448446311,5.40130802291287,5.43870368114282,5.4623478750311,5.47275471298351,5.5681959277318,5.58123484470316,5.63053337037782,5.64717761061563,5.66745859547297,5.71815606177336,5.74418304814469,5.77606098308458,5.8148576517684,5.82655293372747,5.88039102488141,5.90417202285261,5.91823261368749,5.94308434376395,5.96150207311953,5.99884092934194,6.02618104971702,6.05134583491921,6.06813018809071,6.08766877061965,6.1316403619526,6.16086776137922,6.17979022173605,6.23381431421894,6.27683827811625,6.2835710813185,6.32527748926557,6.34917152584189,6.381118024342,6.40969099676566,6.42209049693392,6.43060217064957,6.47795899978577,6.49181207524266,6.5255431679673,6.59470054127728,6.60000857335579,6.64266682333575,6.65593343143227,6.70838501034249,6.74997324018444,6.76301248530292,6.82561884532451,6.83768086393063,6.84435782945593,6.87571060350948,6.89703323321708,6.91801398686736,6.92933507636865,6.95069901442357,6.97219182082326,6.98944671209626,7.01818877663921,7.06129421108381,7.06223974089849,7.1120940314241,7.12910413603779,7.15518813195701,7.16842463459428,7.18247501901678,7.22189000225489,7.24678181401088,7.27742578652671,7.2992824093373,7.3035670840535,7.33001101338988,7.35351679665774,7.37854273310246,7.40572790268879,7.43320898897239,7.44705027827168,7.47705865567916,7.50060873143642,7.50416933111318,7.51684080291426,7.55762584617405,7.57457608431633,7.59407443837699,7.62361577526342,7.65617789963678,7.69124470966316,7.69771181122152,7.72615088803956,7.76853134584107,7.81197656443747,7.83916137576407,7.8439324735945,7.8475748727995,7.90328002225672,7.92136527294053,7.92892811902079,7.97336633209458,8.00344429954961,8.02833429805676,8.05046559715984,8.06565649054611,8.1044090439086,8.11814003525621,8.14461427049548,8.17586314146096,8.22209248162096,8.25513479188245,8.28424406025895,8.29704163609105,8.30579741467596,8.3361974487985,8.35774302185228,8.38587702739749,8.41674070255472,8.4270173793718,8.43960934644831,8.45320731117189,8.47360795668918,8.52373888552377,8.53735706098097,8.5833269635255,8.59591211238388,8.61715253772696,8.63848999064816,8.65170511403867,8.67085894345093,8.70725103537328,8.75256050113995,8.76812890043124,8.77555589009307,8.84645290600437,8.86268446977862,8.92502232702088,8.95496443152615,8.97678246716083,9.00474727362255,9.00502779113224,9.053139199528,9.10188831167802,9.10506407766522,9.18465843865935,9.19157340014063,9.25008501571789,9.27580928666533,9.30354778476357,9.3381982981207,9.35570124714675,9.38726440948713,9.41764109685308,9.44355366767462,9.49082671365439,9.53177208071466,9.56864177948752,9.58127487330169,9.61430957375404,9.68833562250539,9.72147570331514,9.77227584928663,9.81624757313527,9.83091291993584,9.83713660125819,9.89437236611621,9.90343895177477,9.93938992190209,9.96216899478278,9.98404603191777,10.0211090180587,10.0503566925228,10.0943599240686,10.1190973737961,10.1397577493171,10.1905487870019,10.1966544005767,10.2434852156025,10.3019163761466,10.3077886946059,10.3310368644004,10.3677279005056,10.3819796721602,10.4750948962804,10.4857639902381,10.4912862243349,10.54554347705,10.576080458168,10.6102244944006,10.6289524971605,10.6791442677719,10.7111560891202,10.7834572491556,10.8373964036729,10.8882944217717,10.9107616820908,10.9726357498841,10.9890578846875,11.0219294919034,11.0884692370187,11.1377463655244,11.1605531028835,11.1923777648301,11.2061588549678,11.2491141394608,11.2924183785829,11.3331508469496,11.4138376521051,11.4395922615088,11.4552319333955,11.4784528569665,11.5474092849495,11.5636289000552,11.6330472151009,11.6952940573362,11.7043043610935,11.7157864410859,11.752226497706,11.8232783194678,11.8764161453246,11.9083267898006,11.9670179307519,12.0135553164899,12.029471341407,12.0763482061662,12.1024375007935,12.1740147086116,12.1935685268919,12.2420703796257,12.2783449459144,12.3188304109851,12.3525426830836,12.3885071011536,12.4050088332038,12.440799220925,12.4857861774816,12.5207383976923,12.5549579880577,12.61487589129,12.6786224018922,12.7182300182394,12.7824938673477,12.8007836036727,12.8356781368069,12.8913575438256,12.9040782057421,12.9403220053909,12.986164222804,13.0025041593649,13.0352725794344,13.1030279385924,13.1794274478232,13.1956018245421,13.2052438956879,13.2241603731032,13.3253220604986,13.3670951484107,13.3759400670358,13.4451042790229,13.4654139688874,13.5241310229053,13.5826038966406,13.6037573874261,13.6422470261556,13.6543004957278,13.7063432518629,13.7169442945399,13.8043643551919,13.8103190108468,13.9043150120395,13.9254848935876,14.0060709243267,14.0719608000487,14.1265600254805,14.1370389080891,14.1829064744319,14.1927287344529,14.2363117239479,14.2828516869318,14.3746289277242,14.4236324503913,14.4724312911466,14.5384686288483,14.5645556337908,14.6402288801686,14.7092831400366,14.7327379811839,14.8051264552427,14.8905729950027,15.0046718088015,15.0297975786215,15.0489674217641,15.0952672522691,15.1467242600454,15.2561894014324,15.294173813357,15.3182733690893,15.3860778584109,15.4347858272979,15.4603964836447,15.6667575924951,15.7131024777743,15.7609463207033,15.7979554073218,15.9108128920431,16.0293275449345,16.0910052174029,16.1648924391223,16.2963165322517,16.3789449829204,16.4373057530117,16.5533190536427,16.5913950292852,16.7400491281421,16.7766752030205,16.9779786553595,17.1993102931943,17.2387011466316,17.4247924001872,17.496931120187,17.9102921082749,17.999457199371,18.0383133538009,18.2152110238466,18.2841149872811,18.5348733936342,18.656502503909,18.8219788670929,18.9439981128981,19.346010708311,19.5843261269096,19.8306570841822,20.0367063631645,20.1244690962373,20.5634651885111,20.9670137904806,21.460364639482,23.356846013741,NA,NA,NA,NA,NA,NA,NA,NA,NA,NA,NA,NA,NA,NA,NA,NA,NA,NA,NA,NA,NA,NA,NA,NA,NA,NA,NA,NA,NA,NA,NA,NA,NA,NA,NA,NA,NA,NA,NA,NA,NA,NA,NA,NA,NA,NA,NA,NA,NA,NA,NA,NA,NA,NA,NA,NA,NA,NA,NA,NA
0.580814421981707,0.637521746392696,0.815054016127507,1.0827116927665,1.23765416283596,1.43681295153578,1.46489035926616,1.56562156526153,1.67117489277026,1.74037199238478,1.85595160910209,1.95903987946385,1.9691900870955,2.15248419035289,2.20641722646131,2.30638530159679,2.44088488091937,2.50195794306138,2.54438460096123,2.64680881391984,2.67236070168948,2.79081104734785,2.85178294451531,2.94489656554958,2.9478306585445,3.02798484722007,3.10422918328897,3.1335687116897,3.22017351587346,3.24612334187078,3.34440625290498,3.41572181975481,3.45212103575595,3.53627492720754,3.61692310683613,3.6313233584271,3.65160364242522,3.76384233774383,3.84083544683351,3.88393216152779,3.91858839286391,3.96805449325579,4.02247441548849,4.04338432722023,4.13235763288643,4.17845797588821,4.2445228197337,4.27674502937681,4.29900732632374,4.3328825325974,4.40825268137348,4.4682340140401,4.54289483364164,4.56768468117137,4.61256319707361,4.65636227454392,4.72592847756262,4.73153289657658,4.77950633247974,4.82658658253536,4.86799923983267,4.87727442774826,4.95090310088054,5.01222758468983,5.05314797500495,5.06515397522855,5.10494888516594,5.14257060112319,5.16047617691729,5.19440737580698,5.21816734986903,5.26059085701756,5.30752984202756,5.32551103532821,5.36557448446311,5.40130802291287,5.43870368114282,5.4623478750311,5.47275471298351,5.5681959277318,5.58123484470316,5.63053337037782,5.64717761061563,5.66745859547297,5.71815606177336,5.74418304814469,5.77606098308458,5.8148576517684,5.82655293372747,5.88039102488141,5.90417202285261,5.91823261368749,5.94308434376395,5.96150207311953,5.99884092934194,6.02618104971702,6.05134583491921,6.06813018809071,6.08766877061965,6.1316403619526,6.16086776137922,6.17979022173605,6.23381431421894,6.27683827811625,6.2835710813185,6.32527748926557,6.34917152584189,6.381118024342,6.40969099676566,6.42209049693392,6.43060217064957,6.47795899978577,6.49181207524266,6.5255431679673,6.59470054127728,6.60000857335579,6.64266682333575,6.65593343143227,6.70838501034249,6.74997324018444,6.76301248530292,6.82561884532451,6.83768086393063,6.84435782945593,6.87571060350948,6.89703323321708,6.91801398686736,6.92933507636865,6.95069901442357,6.97219182082326,6.98944671209626,7.01818877663921,7.06129421108381,7.06223974089849,7.1120940314241,7.12910413603779,7.15518813195701,7.16842463459428,7.18247501901678,7.22189000225489,7.24678181401088,7.27742578652671,7.2992824093373,7.3035670840535,7.33001101338988,7.35351679665774,7.37854273310246,7.40572790268879,7.43320898897239,7.44705027827168,7.47705865567916,7.50060873143642,7.50416933111318,7.51684080291426,7.55762584617405,7.57457608431633,7.59407443837699,7.62361577526342,7.65617789963678,7.69124470966316,7.69771181122152,7.72615088803956,7.76853134584107,7.81197656443747,7.83916137576407,7.8439324735945,7.8475748727995,7.90328002225672,7.92136527294053,7.92892811902079,7.97336633209458,8.00344429954961,8.02833429805676,8.05046559715984,8.06565649054611,8.1044090439086,8.11814003525621,8.14461427049548,8.17586314146096,8.22209248162096,8.25513479188245,8.28424406025895,8.29704163609105,8.30579741467596,8.3361974487985,8.35774302185228,8.38587702739749,8.41674070255472,8.4270173793718,8.43960934644831,8.45320731117189,8.47360795668918,8.52373888552377,8.53735706098097,8.5833269635255,8.59591211238388,8.61715253772696,8.63848999064816,8.65170511403867,8.67085894345093,8.70725103537328,8.75256050113995,8.76812890043124,8.77555589009307,8.84645290600437,8.86268446977862,8.92502232702088,8.95496443152615,8.97678246716083,9.00474727362255,9.00502779113224,9.053139199528,9.10188831167802,9.10506407766522,9.18465843865935,9.19157340014063,9.25008501571789,9.27580928666533,9.30354778476357,9.3381982981207,9.35570124714675,9.38726440948713,9.41764109685308,9.44355366767462,9.49082671365439,9.53177208071466,9.56864177948752,9.58127487330169,9.61430957375404,9.68833562250539,9.72147570331514,9.77227584928663,9.81624757313527,9.83091291993584,9.83713660125819,9.89437236611621,9.90343895177477,9.93938992190209,9.96216899478278,9.98404603191777,10.0211090180587,10.0503566925228,10.0943599240686,10.1190973737961,10.1397577493171,10.1905487870019,10.1966544005767,10.2434852156025,10.3019163761466,10.3077886946059,10.3310368644004,10.3677279005056,10.3819796721602,10.4750948962804,10.4857639902381,10.4912862243349,10.54554347705,10.576080458168,10.6102244944006,10.6289524971605,10.6791442677719,10.7111560891202,10.7834572491556,10.8373964036729,10.8882944217717,10.9107616820908,10.9726357498841,10.9890578846875,11.0219294919034,11.0884692370187,11.1377463655244,11.1605531028835,11.1923777648301,11.2061588549678,11.2491141394608,11.2924183785829,11.3331508469496,11.4138376521051,11.4395922615088,11.4552319333955,11.4784528569665,11.5474092849495,11.5636289000552,11.6330472151009,11.6952940573362,11.7043043610935,11.7157864410859,11.752226497706,11.8232783194678,11.8764161453246,11.9083267898006,11.9670179307519,12.0135553164899,12.029471341407,12.0763482061662,12.1024375007935,12.1740147086116,12.1935685268919,12.2420703796257,12.2783449459144,12.3188304109851,12.3525426830836,12.3885071011536,12.4050088332038,12.440799220925,12.4857861774816,12.5207383976923,12.5549579880577,12.61487589129,12.6786224018922,12.7182300182394,12.7824938673477,12.8007836036727,12.8356781368069,12.8913575438256,12.9040782057421,12.9403220053909,12.986164222804,13.0025041593649,13.0352725794344,13.1030279385924,13.1794274478232,13.1956018245421,13.2052438956879,13.2241603731032,13.3253220604986,13.3670951484107,13.3759400670358,13.4451042790229,13.4654139688874,13.5241310229053,13.5826038966406,13.6037573874261,13.6422470261556,13.6543004957278,13.7063432518629,13.7169442945399,13.8043643551919,13.8103190108468,13.9043150120395,13.9254848935876,14.0060709243267,14.0719608000487,14.1265600254805,14.1370389080891,14.1829064744319,14.1927287344529,14.2363117239479,14.2828516869318,14.3746289277242,14.4236324503913,14.4724312911466,14.5384686288483,14.5645556337908,14.6402288801686,14.7092831400366,14.7327379811839,14.8051264552427,14.8905729950027,15.0046718088015,15.0297975786215,15.0489674217641,15.0952672522691,15.1467242600454,15.2561894014324,15.294173813357,15.3182733690893,15.3860778584109,15.4347858272979,15.4603964836447,15.6667575924951,15.7131024777743,15.7609463207033,15.7979554073218,15.9108128920431,16.0293275449345,16.0910052174029,16.1648924391223,16.2963165322517,16.3789449829204,16.4373057530117,16.5533190536427,16.5913950292852,16.7400491281421,16.7766752030205,16.9779786553595,17.1993102931943,17.2387011466316,17.4247924001872,17.496931120187,17.9102921082749,17.999457199371,18.0383133538009,18.2152110238466,18.2841149872811,18.5348733936342,18.656502503909,18.8219788670929,18.9439981128981,19.346010708311,19.5843261269096,19.8306570841822,20.0367063631645,20.1244690962373,20.5634651885111,20.9670137904806,21.460364639482,23.356846013741,NA,NA,NA,NA,NA,NA,NA,NA,NA,NA,NA,NA,NA,NA,NA,NA,NA,NA,NA,NA,NA,NA,NA,NA,NA,NA,NA,NA,NA,NA,NA,NA,NA,NA,NA,NA,NA,NA,NA,NA,NA,NA,NA,NA,NA,NA,NA,NA,NA,NA,NA,NA,NA,NA,NA,NA,NA,NA,NA,NA
0.618279808803257,0.638947183437402,0.836707212246141,1.07969255834747,1.26779959417117,1.40035506686676,1.48253582872407,1.59600541318136,1.64021878947707,1.8656514762979,1.90382992280536,2.01206734761922,2.06409768785379,2.30440176153611,2.34902078406623,2.45655882871518,2.53246861307829,2.62817373178724,2.64305505468028,2.68686149757285,2.75790584647733,2.87986506453524,2.9834972672679,3.04533478305741,3.12328350613977,3.1431600412752,3.2574164157481,3.28383515803436,3.38224148443265,3.4264949330043,3.5294558298902,3.62371277715906,3.66589692337071,3.78317913889618,3.79022479289857,3.83356157230128,3.87072370447898,3.89062628314374,3.93171888316103,3.99781187902998,4.07776959454693,4.1505046779815,4.22666080955902,4.2551818336649,4.33245918282599,4.34275958211996,4.39299173431439,4.43325130661415,4.46218739543723,4.50214765787665,4.53085905122674,4.58971239418446,4.6467387210142,4.68585973584705,4.71687473751954,4.77397890757706,4.81948508077832,4.87904545162176,4.90566480322925,4.95211305509747,5.01031862271094,5.04429941140965,5.06891137992413,5.0863717127996,5.15153006339209,5.15478023254156,5.19157407770377,5.21101574938461,5.25445707227561,5.30523587352409,5.3503076455778,5.35749100337827,5.42217816127466,5.45511308550085,5.46735915826297,5.54402072347777,5.58888050664985,5.59377856233477,5.62578421409206,5.64645915501306,5.70618971268721,5.74183714314381,5.77760901925143,5.79281036218302,5.84040683662159,5.84777713105657,5.86508093352323,5.89522903115155,5.92399773953356,5.94465011341764,5.98642541291434,6.01496073635156,6.04601508724088,6.06083891567031,6.09346497335851,6.11023371099146,6.1432810055405,6.18002852184333,6.20339247695883,6.23586958643453,6.25242689826438,6.32224901411048,6.33840455914924,6.37327492035493,6.40539169681597,6.41434489260123,6.43356811800901,6.44722725374171,6.49615340513329,6.52267615234088,6.54863703928334,6.57165050267494,6.60468437795031,6.711590471457,6.72192701855556,6.74967468020805,6.79155391034522,6.80818216827956,6.83943063223217,6.85375450981406,6.90133826816945,6.95028896224023,6.96130962013692,6.96505068406848,6.97844523840372,7.01635287923532,7.03383767676326,7.07527797115499,7.10710259233106,7.12853791134057,7.13857747600637,7.15614417992399,7.20826918373469,7.20952157753317,7.25407276084798,7.26715775224901,7.28351019761813,7.31379570151253,7.34332224633962,7.36527810717172,7.39625656766572,7.41073678025529,7.41858119217965,7.44188300856062,7.47115920773992,7.49453420690661,7.50047006545275,7.53317601905608,7.55103445738341,7.5768172832281,7.59835178592159,7.62607878230497,7.63076524639766,7.65941876977972,7.68002369278168,7.71294803098094,7.75913139707128,7.76786165257414,7.80647668808644,7.84030668244048,7.85806640479337,7.87399314602092,7.94277560644916,7.96165783952662,7.97992589891864,8.00875288291362,8.04339264742731,8.06938476006431,8.08402923230617,8.10391022178994,8.18272706152112,8.19890992474573,8.21094814831099,8.22730666648488,8.27627577790693,8.32689696293169,8.33837838894106,8.36842156052343,8.40143457305447,8.4124944411644,8.42406995811037,8.44081130564069,8.49930752677319,8.54887967939985,8.55360091837546,8.56597940822838,8.57958700816032,8.59345671758451,8.63445634019214,8.67163029759717,8.6947311085072,8.72078429173705,8.73444849506417,8.79987151157665,8.81641052238269,8.83997177990574,8.86351080807858,8.87423175852841,8.91577734407273,8.94472051956443,8.99378013698565,9.03777685867555,9.05371560978892,9.07253084238771,9.11082195165237,9.1368228760555,9.15711748288203,9.20636130511564,9.25110474043567,9.27204826058255,9.31935987830567,9.35830543797705,9.37094876895743,9.40555351466864,9.41737303157672,9.46565779948964,9.47241473372686,9.51128357503508,9.54110869304139,9.57857890484149,9.64543056701175,9.67409322049287,9.69082243477714,9.71204552929886,9.74717759920884,9.77633764888789,9.8251639192819,9.83814405427697,9.86656211271128,9.92252612048873,9.95105511117293,9.97808873491528,10.0025269835221,10.0157110761672,10.0359372052133,10.0898182275436,10.1370962841647,10.1750535783076,10.1922106557424,10.2087906613946,10.2431413345191,10.3017273678559,10.3145711702915,10.362465561937,10.4216615754663,10.4268947889543,10.4802785114953,10.5060324149244,10.5135007622495,10.5582402873232,10.5988117557767,10.6113354854246,10.6709722929516,10.7098418575831,10.7699145621637,10.7913654047007,10.8127467537322,10.873446585621,10.893273392278,10.9608949897082,10.9863525850024,10.9954968284858,11.0501458412469,11.0931221645435,11.0991717771853,11.1557035821795,11.1723574720468,11.2194307683871,11.2623936906248,11.2847637165645,11.349829901626,11.4144549542159,11.4516794068094,11.4551190237203,11.5141655313534,11.5198128325908,11.5937596651453,11.655933486079,11.6757386121034,11.7238939201593,11.746715905882,11.7795350409395,11.8104062643079,11.8726497491307,11.9447809378223,11.9586446790502,11.9809747425236,12.0808068144707,12.1269171407339,12.1748107053028,12.2186943470936,12.2286014293196,12.2846835422761,12.2905881742545,12.3410050946507,12.3899750760759,12.4198085524169,12.4551773093967,12.4900428659898,12.5520957755793,12.5797445033317,12.6393705560428,12.6736653236765,12.7216894666573,12.8069438286066,12.8208454302292,12.8397507504251,12.8702971934667,12.9107112490231,12.9603421407839,12.9673261412819,13.0268955310101,13.0963659254545,13.1091200754136,13.1879192055184,13.2154705960925,13.2499047392086,13.2799542410848,13.3560624771786,13.3994545335712,13.4243715018273,13.4520635163883,13.4759310017138,13.5683977950035,13.6043578118252,13.6390384670295,13.6715986304319,13.6897863110811,13.7344507432296,13.7414965339419,13.841999072236,13.8749275876968,13.9124549557827,13.9692997346415,14.0069757499861,14.0456346733696,14.0870457366191,14.1232967532216,14.186259450228,14.237794423251,14.2812595619603,14.3810300832581,14.4080871414292,14.457273335539,14.4957136492586,14.5868915168775,14.6128226433071,14.6760163816411,14.840052077603,14.8438457113586,14.9227274795756,14.9407232573892,15.0106836503103,15.0510014621014,15.0832830873974,15.1493296398404,15.1921854000574,15.2311108996244,15.324485796393,15.3782055954668,15.4412435030111,15.5677698292339,15.6153663567649,15.6684300782985,15.7602374619987,15.7992737619787,15.8365443722298,15.9952381740563,16.0502943658881,16.1026947115168,16.2337923251405,16.3072265469901,16.4840225913549,16.6101336093827,16.6572420608111,16.6926663010528,16.866333869458,16.9253488734683,17.2109558530783,17.2935315233067,17.4913478195512,17.7683921454976,17.8504963072546,17.8922593616263,18.2106917317835,18.2257851951969,18.3952162501604,18.6753121334718,18.750070443451,18.8858668292843,19.2816881524465,19.3720745992618,19.5661148582872,19.8471420225674,20.0280531001217,20.2679050881435,20.7139154618208,21.2386057756208,22.8043930336063,NA,NA,NA,NA,NA,NA,NA,NA,NA,NA,NA,NA,NA,NA,NA,NA,NA,NA,NA,NA,NA,NA,NA,NA,NA,NA,NA,NA,NA,NA,NA,NA,NA,NA,NA,NA,NA,NA,NA,NA,NA,NA,NA,NA,NA,NA,NA,NA,NA,NA,NA,NA,NA,NA,NA,NA,NA,NA,NA,NA,NA,NA,NA,NA,NA,NA,NA,NA,NA
0.618279808803257,0.638947183437402,0.836707212246141,1.07969255834747,1.26779959417117,1.40035506686676,1.48253582872407,1.59600541318136,1.64021878947707,1.8656514762979,1.90382992280536,2.01206734761922,2.06409768785379,2.30440176153611,2.34902078406623,2.45655882871518,2.53246861307829,2.62817373178724,2.64305505468028,2.68686149757285,2.75790584647733,2.87986506453524,2.9834972672679,3.04533478305741,3.12328350613977,3.1431600412752,3.2574164157481,3.28383515803436,3.38224148443265,3.4264949330043,3.5294558298902,3.62371277715906,3.66589692337071,3.78317913889618,3.79022479289857,3.83356157230128,3.87072370447898,3.89062628314374,3.93171888316103,3.99781187902998,4.07776959454693,4.1505046779815,4.22666080955902,4.2551818336649,4.33245918282599,4.34275958211996,4.39299173431439,4.43325130661415,4.46218739543723,4.50214765787665,4.53085905122674,4.58971239418446,4.6467387210142,4.68585973584705,4.71687473751954,4.77397890757706,4.81948508077832,4.87904545162176,4.90566480322925,4.95211305509747,5.01031862271094,5.04429941140965,5.06891137992413,5.0863717127996,5.15153006339209,5.15478023254156,5.19157407770377,5.21101574938461,5.25445707227561,5.30523587352409,5.3503076455778,5.35749100337827,5.42217816127466,5.45511308550085,5.46735915826297,5.54402072347777,5.58888050664985,5.59377856233477,5.62578421409206,5.64645915501306,5.70618971268721,5.74183714314381,5.77760901925143,5.79281036218302,5.84040683662159,5.84777713105657,5.86508093352323,5.89522903115155,5.92399773953356,5.94465011341764,5.98642541291434,6.01496073635156,6.04601508724088,6.06083891567031,6.09346497335851,6.11023371099146,6.1432810055405,6.18002852184333,6.20339247695883,6.23586958643453,6.25242689826438,6.32224901411048,6.33840455914924,6.37327492035493,6.40539169681597,6.41434489260123,6.43356811800901,6.44722725374171,6.49615340513329,6.52267615234088,6.54863703928334,6.57165050267494,6.60468437795031,6.711590471457,6.72192701855556,6.74967468020805,6.79155391034522,6.80818216827956,6.83943063223217,6.85375450981406,6.90133826816945,6.95028896224023,6.96130962013692,6.96505068406848,6.97844523840372,7.01635287923532,7.03383767676326,7.07527797115499,7.10710259233106,7.12853791134057,7.13857747600637,7.15614417992399,7.20826918373469,7.20952157753317,7.25407276084798,7.26715775224901,7.28351019761813,7.31379570151253,7.34332224633962,7.36527810717172,7.39625656766572,7.41073678025529,7.41858119217965,7.44188300856062,7.47115920773992,7.49453420690661,7.50047006545275,7.53317601905608,7.55103445738341,7.5768172832281,7.59835178592159,7.62607878230497,7.63076524639766,7.65941876977972,7.68002369278168,7.71294803098094,7.75913139707128,7.76786165257414,7.80647668808644,7.84030668244048,7.85806640479337,7.87399314602092,7.94277560644916,7.96165783952662,7.97992589891864,8.00875288291362,8.04339264742731,8.06938476006431,8.08402923230617,8.10391022178994,8.18272706152112,8.19890992474573,8.21094814831099,8.22730666648488,8.27627577790693,8.32689696293169,8.33837838894106,8.36842156052343,8.40143457305447,8.4124944411644,8.42406995811037,8.44081130564069,8.49930752677319,8.54887967939985,8.55360091837546,8.56597940822838,8.57958700816032,8.59345671758451,8.63445634019214,8.67163029759717,8.6947311085072,8.72078429173705,8.73444849506417,8.79987151157665,8.81641052238269,8.83997177990574,8.86351080807858,8.87423175852841,8.91577734407273,8.94472051956443,8.99378013698565,9.03777685867555,9.05371560978892,9.07253084238771,9.11082195165237,9.1368228760555,9.15711748288203,9.20636130511564,9.25110474043567,9.27204826058255,9.31935987830567,9.35830543797705,9.37094876895743,9.40555351466864,9.41737303157672,9.46565779948964,9.47241473372686,9.51128357503508,9.54110869304139,9.57857890484149,9.64543056701175,9.67409322049287,9.69082243477714,9.71204552929886,9.74717759920884,9.77633764888789,9.8251639192819,9.83814405427697,9.86656211271128,9.92252612048873,9.95105511117293,9.97808873491528,10.0025269835221,10.0157110761672,10.0359372052133,10.0898182275436,10.1370962841647,10.1750535783076,10.1922106557424,10.2087906613946,10.2431413345191,10.3017273678559,10.3145711702915,10.362465561937,10.4216615754663,10.4268947889543,10.4802785114953,10.5060324149244,10.5135007622495,10.5582402873232,10.5988117557767,10.6113354854246,10.6709722929516,10.7098418575831,10.7699145621637,10.7913654047007,10.8127467537322,10.873446585621,10.893273392278,10.9608949897082,10.9863525850024,10.9954968284858,11.0501458412469,11.0931221645435,11.0991717771853,11.1557035821795,11.1723574720468,11.2194307683871,11.2623936906248,11.2847637165645,11.349829901626,11.4144549542159,11.4516794068094,11.4551190237203,11.5141655313534,11.5198128325908,11.5937596651453,11.655933486079,11.6757386121034,11.7238939201593,11.746715905882,11.7795350409395,11.8104062643079,11.8726497491307,11.9447809378223,11.9586446790502,11.9809747425236,12.0808068144707,12.1269171407339,12.1748107053028,12.2186943470936,12.2286014293196,12.2846835422761,12.2905881742545,12.3410050946507,12.3899750760759,12.4198085524169,12.4551773093967,12.4900428659898,12.5520957755793,12.5797445033317,12.6393705560428,12.6736653236765,12.7216894666573,12.8069438286066,12.8208454302292,12.8397507504251,12.8702971934667,12.9107112490231,12.9603421407839,12.9673261412819,13.0268955310101,13.0963659254545,13.1091200754136,13.1879192055184,13.2154705960925,13.2499047392086,13.2799542410848,13.3560624771786,13.3994545335712,13.4243715018273,13.4520635163883,13.4759310017138,13.5683977950035,13.6043578118252,13.6390384670295,13.6715986304319,13.6897863110811,13.7344507432296,13.7414965339419,13.841999072236,13.8749275876968,13.9124549557827,13.9692997346415,14.0069757499861,14.0456346733696,14.0870457366191,14.1232967532216,14.186259450228,14.237794423251,14.2812595619603,14.3810300832581,14.4080871414292,14.457273335539,14.4957136492586,14.5868915168775,14.6128226433071,14.6760163816411,14.840052077603,14.8438457113586,14.9227274795756,14.9407232573892,15.0106836503103,15.0510014621014,15.0832830873974,15.1493296398404,15.1921854000574,15.2311108996244,15.324485796393,15.3782055954668,15.4412435030111,15.5677698292339,15.6153663567649,15.6684300782985,15.7602374619987,15.7992737619787,15.8365443722298,15.9952381740563,16.0502943658881,16.1026947115168,16.2337923251405,16.3072265469901,16.4840225913549,16.6101336093827,16.6572420608111,16.6926663010528,16.866333869458,16.9253488734683,17.2109558530783,17.2935315233067,17.4913478195512,17.7683921454976,17.8504963072546,17.8922593616263,18.2106917317835,18.2257851951969,18.3952162501604,18.6753121334718,18.750070443451,18.8858668292843,19.2816881524465,19.3720745992618,19.5661148582872,19.8471420225674,20.0280531001217,20.2679050881435,20.7139154618208,21.2386057756208,22.8043930336063,NA,NA,NA,NA,NA,NA,NA,NA,NA,NA,NA,NA,NA,NA,NA,NA,NA,NA,NA,NA,NA,NA,NA,NA,NA,NA,NA,NA,NA,NA,NA,NA,NA,NA,NA,NA,NA,NA,NA,NA,NA,NA,NA,NA,NA,NA,NA,NA,NA,NA,NA,NA,NA,NA,NA,NA,NA,NA,NA,NA,NA,NA,NA,NA,NA,NA,NA,NA,NA
0.618279808803257,0.638947183437402,0.836707212246141,1.07969255834747,1.26779959417117,1.40035506686676,1.48253582872407,1.59600541318136,1.64021878947707,1.8656514762979,1.90382992280536,2.01206734761922,2.06409768785379,2.30440176153611,2.34902078406623,2.45655882871518,2.53246861307829,2.62817373178724,2.64305505468028,2.68686149757285,2.75790584647733,2.87986506453524,2.9834972672679,3.04533478305741,3.12328350613977,3.1431600412752,3.2574164157481,3.28383515803436,3.38224148443265,3.4264949330043,3.5294558298902,3.62371277715906,3.66589692337071,3.78317913889618,3.79022479289857,3.83356157230128,3.87072370447898,3.89062628314374,3.93171888316103,3.99781187902998,4.07776959454693,4.1505046779815,4.22666080955902,4.2551818336649,4.33245918282599,4.34275958211996,4.39299173431439,4.43325130661415,4.46218739543723,4.50214765787665,4.53085905122674,4.58971239418446,4.6467387210142,4.68585973584705,4.71687473751954,4.77397890757706,4.81948508077832,4.87904545162176,4.90566480322925,4.95211305509747,5.01031862271094,5.04429941140965,5.06891137992413,5.0863717127996,5.15153006339209,5.15478023254156,5.19157407770377,5.21101574938461,5.25445707227561,5.30523587352409,5.3503076455778,5.35749100337827,5.42217816127466,5.45511308550085,5.46735915826297,5.54402072347777,5.58888050664985,5.59377856233477,5.62578421409206,5.64645915501306,5.70618971268721,5.74183714314381,5.77760901925143,5.79281036218302,5.84040683662159,5.84777713105657,5.86508093352323,5.89522903115155,5.92399773953356,5.94465011341764,5.98642541291434,6.01496073635156,6.04601508724088,6.06083891567031,6.09346497335851,6.11023371099146,6.1432810055405,6.18002852184333,6.20339247695883,6.23586958643453,6.25242689826438,6.32224901411048,6.33840455914924,6.37327492035493,6.40539169681597,6.41434489260123,6.43356811800901,6.44722725374171,6.49615340513329,6.52267615234088,6.54863703928334,6.57165050267494,6.60468437795031,6.711590471457,6.72192701855556,6.74967468020805,6.79155391034522,6.80818216827956,6.83943063223217,6.85375450981406,6.90133826816945,6.95028896224023,6.96130962013692,6.96505068406848,6.97844523840372,7.01635287923532,7.03383767676326,7.07527797115499,7.10710259233106,7.12853791134057,7.13857747600637,7.15614417992399,7.20826918373469,7.20952157753317,7.25407276084798,7.26715775224901,7.28351019761813,7.31379570151253,7.34332224633962,7.36527810717172,7.39625656766572,7.41073678025529,7.41858119217965,7.44188300856062,7.47115920773992,7.49453420690661,7.50047006545275,7.53317601905608,7.55103445738341,7.5768172832281,7.59835178592159,7.62607878230497,7.63076524639766,7.65941876977972,7.68002369278168,7.71294803098094,7.75913139707128,7.76786165257414,7.80647668808644,7.84030668244048,7.85806640479337,7.87399314602092,7.94277560644916,7.96165783952662,7.97992589891864,8.00875288291362,8.04339264742731,8.06938476006431,8.08402923230617,8.10391022178994,8.18272706152112,8.19890992474573,8.21094814831099,8.22730666648488,8.27627577790693,8.32689696293169,8.33837838894106,8.36842156052343,8.40143457305447,8.4124944411644,8.42406995811037,8.44081130564069,8.49930752677319,8.54887967939985,8.55360091837546,8.56597940822838,8.57958700816032,8.59345671758451,8.63445634019214,8.67163029759717,8.6947311085072,8.72078429173705,8.73444849506417,8.79987151157665,8.81641052238269,8.83997177990574,8.86351080807858,8.87423175852841,8.91577734407273,8.94472051956443,8.99378013698565,9.03777685867555,9.05371560978892,9.07253084238771,9.11082195165237,9.1368228760555,9.15711748288203,9.20636130511564,9.25110474043567,9.27204826058255,9.31935987830567,9.35830543797705,9.37094876895743,9.40555351466864,9.41737303157672,9.46565779948964,9.47241473372686,9.51128357503508,9.54110869304139,9.57857890484149,9.64543056701175,9.67409322049287,9.69082243477714,9.71204552929886,9.74717759920884,9.77633764888789,9.8251639192819,9.83814405427697,9.86656211271128,9.92252612048873,9.95105511117293,9.97808873491528,10.0025269835221,10.0157110761672,10.0359372052133,10.0898182275436,10.1370962841647,10.1750535783076,10.1922106557424,10.2087906613946,10.2431413345191,10.3017273678559,10.3145711702915,10.362465561937,10.4216615754663,10.4268947889543,10.4802785114953,10.5060324149244,10.5135007622495,10.5582402873232,10.5988117557767,10.6113354854246,10.6709722929516,10.7098418575831,10.7699145621637,10.7913654047007,10.8127467537322,10.873446585621,10.893273392278,10.9608949897082,10.9863525850024,10.9954968284858,11.0501458412469,11.0931221645435,11.0991717771853,11.1557035821795,11.1723574720468,11.2194307683871,11.2623936906248,11.2847637165645,11.349829901626,11.4144549542159,11.4516794068094,11.4551190237203,11.5141655313534,11.5198128325908,11.5937596651453,11.655933486079,11.6757386121034,11.7238939201593,11.746715905882,11.7795350409395,11.8104062643079,11.8726497491307,11.9447809378223,11.9586446790502,11.9809747425236,12.0808068144707,12.1269171407339,12.1748107053028,12.2186943470936,12.2286014293196,12.2846835422761,12.2905881742545,12.3410050946507,12.3899750760759,12.4198085524169,12.4551773093967,12.4900428659898,12.5520957755793,12.5797445033317,12.6393705560428,12.6736653236765,12.7216894666573,12.8069438286066,12.8208454302292,12.8397507504251,12.8702971934667,12.9107112490231,12.9603421407839,12.9673261412819,13.0268955310101,13.0963659254545,13.1091200754136,13.1879192055184,13.2154705960925,13.2499047392086,13.2799542410848,13.3560624771786,13.3994545335712,13.4243715018273,13.4520635163883,13.4759310017138,13.5683977950035,13.6043578118252,13.6390384670295,13.6715986304319,13.6897863110811,13.7344507432296,13.7414965339419,13.841999072236,13.8749275876968,13.9124549557827,13.9692997346415,14.0069757499861,14.0456346733696,14.0870457366191,14.1232967532216,14.186259450228,14.237794423251,14.2812595619603,14.3810300832581,14.4080871414292,14.457273335539,14.4957136492586,14.5868915168775,14.6128226433071,14.6760163816411,14.840052077603,14.8438457113586,14.9227274795756,14.9407232573892,15.0106836503103,15.0510014621014,15.0832830873974,15.1493296398404,15.1921854000574,15.2311108996244,15.324485796393,15.3782055954668,15.4412435030111,15.5677698292339,15.6153663567649,15.6684300782985,15.7602374619987,15.7992737619787,15.8365443722298,15.9952381740563,16.0502943658881,16.1026947115168,16.2337923251405,16.3072265469901,16.4840225913549,16.6101336093827,16.6572420608111,16.6926663010528,16.866333869458,16.9253488734683,17.2109558530783,17.2935315233067,17.4913478195512,17.7683921454976,17.8504963072546,17.8922593616263,18.2106917317835,18.2257851951969,18.3952162501604,18.6753121334718,18.750070443451,18.8858668292843,19.2816881524465,19.3720745992618,19.5661148582872,19.8471420225674,20.0280531001217,20.2679050881435,20.7139154618208,21.2386057756208,22.8043930336063,NA,NA,NA,NA,NA,NA,NA,NA,NA,NA,NA,NA,NA,NA,NA,NA,NA,NA,NA,NA,NA,NA,NA,NA,NA,NA,NA,NA,NA,NA,NA,NA,NA,NA,NA,NA,NA,NA,NA,NA,NA,NA,NA,NA,NA,NA,NA,NA,NA,NA,NA,NA,NA,NA,NA,NA,NA,NA,NA,NA,NA,NA,NA,NA,NA,NA,NA,NA,NA
0.618279808803257,0.638947183437402,0.836707212246141,1.07969255834747,1.26779959417117,1.40035506686676,1.48253582872407,1.59600541318136,1.64021878947707,1.8656514762979,1.90382992280536,2.01206734761922,2.06409768785379,2.30440176153611,2.34902078406623,2.45655882871518,2.53246861307829,2.62817373178724,2.64305505468028,2.68686149757285,2.75790584647733,2.87986506453524,2.9834972672679,3.04533478305741,3.12328350613977,3.1431600412752,3.2574164157481,3.28383515803436,3.38224148443265,3.4264949330043,3.5294558298902,3.62371277715906,3.66589692337071,3.78317913889618,3.79022479289857,3.83356157230128,3.87072370447898,3.89062628314374,3.93171888316103,3.99781187902998,4.07776959454693,4.1505046779815,4.22666080955902,4.2551818336649,4.33245918282599,4.34275958211996,4.39299173431439,4.43325130661415,4.46218739543723,4.50214765787665,4.53085905122674,4.58971239418446,4.6467387210142,4.68585973584705,4.71687473751954,4.77397890757706,4.81948508077832,4.87904545162176,4.90566480322925,4.95211305509747,5.01031862271094,5.04429941140965,5.06891137992413,5.0863717127996,5.15153006339209,5.15478023254156,5.19157407770377,5.21101574938461,5.25445707227561,5.30523587352409,5.3503076455778,5.35749100337827,5.42217816127466,5.45511308550085,5.46735915826297,5.54402072347777,5.58888050664985,5.59377856233477,5.62578421409206,5.64645915501306,5.70618971268721,5.74183714314381,5.77760901925143,5.79281036218302,5.84040683662159,5.84777713105657,5.86508093352323,5.89522903115155,5.92399773953356,5.94465011341764,5.98642541291434,6.01496073635156,6.04601508724088,6.06083891567031,6.09346497335851,6.11023371099146,6.1432810055405,6.18002852184333,6.20339247695883,6.23586958643453,6.25242689826438,6.32224901411048,6.33840455914924,6.37327492035493,6.40539169681597,6.41434489260123,6.43356811800901,6.44722725374171,6.49615340513329,6.52267615234088,6.54863703928334,6.57165050267494,6.60468437795031,6.711590471457,6.72192701855556,6.74967468020805,6.79155391034522,6.80818216827956,6.83943063223217,6.85375450981406,6.90133826816945,6.95028896224023,6.96130962013692,6.96505068406848,6.97844523840372,7.01635287923532,7.03383767676326,7.07527797115499,7.10710259233106,7.12853791134057,7.13857747600637,7.15614417992399,7.20826918373469,7.20952157753317,7.25407276084798,7.26715775224901,7.28351019761813,7.31379570151253,7.34332224633962,7.36527810717172,7.39625656766572,7.41073678025529,7.41858119217965,7.44188300856062,7.47115920773992,7.49453420690661,7.50047006545275,7.53317601905608,7.55103445738341,7.5768172832281,7.59835178592159,7.62607878230497,7.63076524639766,7.65941876977972,7.68002369278168,7.71294803098094,7.75913139707128,7.76786165257414,7.80647668808644,7.84030668244048,7.85806640479337,7.87399314602092,7.94277560644916,7.96165783952662,7.97992589891864,8.00875288291362,8.04339264742731,8.06938476006431,8.08402923230617,8.10391022178994,8.18272706152112,8.19890992474573,8.21094814831099,8.22730666648488,8.27627577790693,8.32689696293169,8.33837838894106,8.36842156052343,8.40143457305447,8.4124944411644,8.42406995811037,8.44081130564069,8.49930752677319,8.54887967939985,8.55360091837546,8.56597940822838,8.57958700816032,8.59345671758451,8.63445634019214,8.67163029759717,8.6947311085072,8.72078429173705,8.73444849506417,8.79987151157665,8.81641052238269,8.83997177990574,8.86351080807858,8.87423175852841,8.91577734407273,8.94472051956443,8.99378013698565,9.03777685867555,9.05371560978892,9.07253084238771,9.11082195165237,9.1368228760555,9.15711748288203,9.20636130511564,9.25110474043567,9.27204826058255,9.31935987830567,9.35830543797705,9.37094876895743,9.40555351466864,9.41737303157672,9.46565779948964,9.47241473372686,9.51128357503508,9.54110869304139,9.57857890484149,9.64543056701175,9.67409322049287,9.69082243477714,9.71204552929886,9.74717759920884,9.77633764888789,9.8251639192819,9.83814405427697,9.86656211271128,9.92252612048873,9.95105511117293,9.97808873491528,10.0025269835221,10.0157110761672,10.0359372052133,10.0898182275436,10.1370962841647,10.1750535783076,10.1922106557424,10.2087906613946,10.2431413345191,10.3017273678559,10.3145711702915,10.362465561937,10.4216615754663,10.4268947889543,10.4802785114953,10.5060324149244,10.5135007622495,10.5582402873232,10.5988117557767,10.6113354854246,10.6709722929516,10.7098418575831,10.7699145621637,10.7913654047007,10.8127467537322,10.873446585621,10.893273392278,10.9608949897082,10.9863525850024,10.9954968284858,11.0501458412469,11.0931221645435,11.0991717771853,11.1557035821795,11.1723574720468,11.2194307683871,11.2623936906248,11.2847637165645,11.349829901626,11.4144549542159,11.4516794068094,11.4551190237203,11.5141655313534,11.5198128325908,11.5937596651453,11.655933486079,11.6757386121034,11.7238939201593,11.746715905882,11.7795350409395,11.8104062643079,11.8726497491307,11.9447809378223,11.9586446790502,11.9809747425236,12.0808068144707,12.1269171407339,12.1748107053028,12.2186943470936,12.2286014293196,12.2846835422761,12.2905881742545,12.3410050946507,12.3899750760759,12.4198085524169,12.4551773093967,12.4900428659898,12.5520957755793,12.5797445033317,12.6393705560428,12.6736653236765,12.7216894666573,12.8069438286066,12.8208454302292,12.8397507504251,12.8702971934667,12.9107112490231,12.9603421407839,12.9673261412819,13.0268955310101,13.0963659254545,13.1091200754136,13.1879192055184,13.2154705960925,13.2499047392086,13.2799542410848,13.3560624771786,13.3994545335712,13.4243715018273,13.4520635163883,13.4759310017138,13.5683977950035,13.6043578118252,13.6390384670295,13.6715986304319,13.6897863110811,13.7344507432296,13.7414965339419,13.841999072236,13.8749275876968,13.9124549557827,13.9692997346415,14.0069757499861,14.0456346733696,14.0870457366191,14.1232967532216,14.186259450228,14.237794423251,14.2812595619603,14.3810300832581,14.4080871414292,14.457273335539,14.4957136492586,14.5868915168775,14.6128226433071,14.6760163816411,14.840052077603,14.8438457113586,14.9227274795756,14.9407232573892,15.0106836503103,15.0510014621014,15.0832830873974,15.1493296398404,15.1921854000574,15.2311108996244,15.324485796393,15.3782055954668,15.4412435030111,15.5677698292339,15.6153663567649,15.6684300782985,15.7602374619987,15.7992737619787,15.8365443722298,15.9952381740563,16.0502943658881,16.1026947115168,16.2337923251405,16.3072265469901,16.4840225913549,16.6101336093827,16.6572420608111,16.6926663010528,16.866333869458,16.9253488734683,17.2109558530783,17.2935315233067,17.4913478195512,17.7683921454976,17.8504963072546,17.8922593616263,18.2106917317835,18.2257851951969,18.3952162501604,18.6753121334718,18.750070443451,18.8858668292843,19.2816881524465,19.3720745992618,19.5661148582872,19.8471420225674,20.0280531001217,20.2679050881435,20.7139154618208,21.2386057756208,22.8043930336063,NA,NA,NA,NA,NA,NA,NA,NA,NA,NA,NA,NA,NA,NA,NA,NA,NA,NA,NA,NA,NA,NA,NA,NA,NA,NA,NA,NA,NA,NA,NA,NA,NA,NA,NA,NA,NA,NA,NA,NA,NA,NA,NA,NA,NA,NA,NA,NA,NA,NA,NA,NA,NA,NA,NA,NA,NA,NA,NA,NA,NA,NA,NA,NA,NA,NA,NA,NA,NA
0.618279808803257,0.638947183437402,0.836707212246141,1.07969255834747,1.26779959417117,1.40035506686676,1.48253582872407,1.59600541318136,1.64021878947707,1.8656514762979,1.90382992280536,2.01206734761922,2.06409768785379,2.30440176153611,2.34902078406623,2.45655882871518,2.53246861307829,2.62817373178724,2.64305505468028,2.68686149757285,2.75790584647733,2.87986506453524,2.9834972672679,3.04533478305741,3.12328350613977,3.1431600412752,3.2574164157481,3.28383515803436,3.38224148443265,3.4264949330043,3.5294558298902,3.62371277715906,3.66589692337071,3.78317913889618,3.79022479289857,3.83356157230128,3.87072370447898,3.89062628314374,3.93171888316103,3.99781187902998,4.07776959454693,4.1505046779815,4.22666080955902,4.2551818336649,4.33245918282599,4.34275958211996,4.39299173431439,4.43325130661415,4.46218739543723,4.50214765787665,4.53085905122674,4.58971239418446,4.6467387210142,4.68585973584705,4.71687473751954,4.77397890757706,4.81948508077832,4.87904545162176,4.90566480322925,4.95211305509747,5.01031862271094,5.04429941140965,5.06891137992413,5.0863717127996,5.15153006339209,5.15478023254156,5.19157407770377,5.21101574938461,5.25445707227561,5.30523587352409,5.3503076455778,5.35749100337827,5.42217816127466,5.45511308550085,5.46735915826297,5.54402072347777,5.58888050664985,5.59377856233477,5.62578421409206,5.64645915501306,5.70618971268721,5.74183714314381,5.77760901925143,5.79281036218302,5.84040683662159,5.84777713105657,5.86508093352323,5.89522903115155,5.92399773953356,5.94465011341764,5.98642541291434,6.01496073635156,6.04601508724088,6.06083891567031,6.09346497335851,6.11023371099146,6.1432810055405,6.18002852184333,6.20339247695883,6.23586958643453,6.25242689826438,6.32224901411048,6.33840455914924,6.37327492035493,6.40539169681597,6.41434489260123,6.43356811800901,6.44722725374171,6.49615340513329,6.52267615234088,6.54863703928334,6.57165050267494,6.60468437795031,6.711590471457,6.72192701855556,6.74967468020805,6.79155391034522,6.80818216827956,6.83943063223217,6.85375450981406,6.90133826816945,6.95028896224023,6.96130962013692,6.96505068406848,6.97844523840372,7.01635287923532,7.03383767676326,7.07527797115499,7.10710259233106,7.12853791134057,7.13857747600637,7.15614417992399,7.20826918373469,7.20952157753317,7.25407276084798,7.26715775224901,7.28351019761813,7.31379570151253,7.34332224633962,7.36527810717172,7.39625656766572,7.41073678025529,7.41858119217965,7.44188300856062,7.47115920773992,7.49453420690661,7.50047006545275,7.53317601905608,7.55103445738341,7.5768172832281,7.59835178592159,7.62607878230497,7.63076524639766,7.65941876977972,7.68002369278168,7.71294803098094,7.75913139707128,7.76786165257414,7.80647668808644,7.84030668244048,7.85806640479337,7.87399314602092,7.94277560644916,7.96165783952662,7.97992589891864,8.00875288291362,8.04339264742731,8.06938476006431,8.08402923230617,8.10391022178994,8.18272706152112,8.19890992474573,8.21094814831099,8.22730666648488,8.27627577790693,8.32689696293169,8.33837838894106,8.36842156052343,8.40143457305447,8.4124944411644,8.42406995811037,8.44081130564069,8.49930752677319,8.54887967939985,8.55360091837546,8.56597940822838,8.57958700816032,8.59345671758451,8.63445634019214,8.67163029759717,8.6947311085072,8.72078429173705,8.73444849506417,8.79987151157665,8.81641052238269,8.83997177990574,8.86351080807858,8.87423175852841,8.91577734407273,8.94472051956443,8.99378013698565,9.03777685867555,9.05371560978892,9.07253084238771,9.11082195165237,9.1368228760555,9.15711748288203,9.20636130511564,9.25110474043567,9.27204826058255,9.31935987830567,9.35830543797705,9.37094876895743,9.40555351466864,9.41737303157672,9.46565779948964,9.47241473372686,9.51128357503508,9.54110869304139,9.57857890484149,9.64543056701175,9.67409322049287,9.69082243477714,9.71204552929886,9.74717759920884,9.77633764888789,9.8251639192819,9.83814405427697,9.86656211271128,9.92252612048873,9.95105511117293,9.97808873491528,10.0025269835221,10.0157110761672,10.0359372052133,10.0898182275436,10.1370962841647,10.1750535783076,10.1922106557424,10.2087906613946,10.2431413345191,10.3017273678559,10.3145711702915,10.362465561937,10.4216615754663,10.4268947889543,10.4802785114953,10.5060324149244,10.5135007622495,10.5582402873232,10.5988117557767,10.6113354854246,10.6709722929516,10.7098418575831,10.7699145621637,10.7913654047007,10.8127467537322,10.873446585621,10.893273392278,10.9608949897082,10.9863525850024,10.9954968284858,11.0501458412469,11.0931221645435,11.0991717771853,11.1557035821795,11.1723574720468,11.2194307683871,11.2623936906248,11.2847637165645,11.349829901626,11.4144549542159,11.4516794068094,11.4551190237203,11.5141655313534,11.5198128325908,11.5937596651453,11.655933486079,11.6757386121034,11.7238939201593,11.746715905882,11.7795350409395,11.8104062643079,11.8726497491307,11.9447809378223,11.9586446790502,11.9809747425236,12.0808068144707,12.1269171407339,12.1748107053028,12.2186943470936,12.2286014293196,12.2846835422761,12.2905881742545,12.3410050946507,12.3899750760759,12.4198085524169,12.4551773093967,12.4900428659898,12.5520957755793,12.5797445033317,12.6393705560428,12.6736653236765,12.7216894666573,12.8069438286066,12.8208454302292,12.8397507504251,12.8702971934667,12.9107112490231,12.9603421407839,12.9673261412819,13.0268955310101,13.0963659254545,13.1091200754136,13.1879192055184,13.2154705960925,13.2499047392086,13.2799542410848,13.3560624771786,13.3994545335712,13.4243715018273,13.4520635163883,13.4759310017138,13.5683977950035,13.6043578118252,13.6390384670295,13.6715986304319,13.6897863110811,13.7344507432296,13.7414965339419,13.841999072236,13.8749275876968,13.9124549557827,13.9692997346415,14.0069757499861,14.0456346733696,14.0870457366191,14.1232967532216,14.186259450228,14.237794423251,14.2812595619603,14.3810300832581,14.4080871414292,14.457273335539,14.4957136492586,14.5868915168775,14.6128226433071,14.6760163816411,14.840052077603,14.8438457113586,14.9227274795756,14.9407232573892,15.0106836503103,15.0510014621014,15.0832830873974,15.1493296398404,15.1921854000574,15.2311108996244,15.324485796393,15.3782055954668,15.4412435030111,15.5677698292339,15.6153663567649,15.6684300782985,15.7602374619987,15.7992737619787,15.8365443722298,15.9952381740563,16.0502943658881,16.1026947115168,16.2337923251405,16.3072265469901,16.4840225913549,16.6101336093827,16.6572420608111,16.6926663010528,16.866333869458,16.9253488734683,17.2109558530783,17.2935315233067,17.4913478195512,17.7683921454976,17.8504963072546,17.8922593616263,18.2106917317835,18.2257851951969,18.3952162501604,18.6753121334718,18.750070443451,18.8858668292843,19.2816881524465,19.3720745992618,19.5661148582872,19.8471420225674,20.0280531001217,20.2679050881435,20.7139154618208,21.2386057756208,22.8043930336063,NA,NA,NA,NA,NA,NA,NA,NA,NA,NA,NA,NA,NA,NA,NA,NA,NA,NA,NA,NA,NA,NA,NA,NA,NA,NA,NA,NA,NA,NA,NA,NA,NA,NA,NA,NA,NA,NA,NA,NA,NA,NA,NA,NA,NA,NA,NA,NA,NA,NA,NA,NA,NA,NA,NA,NA,NA,NA,NA,NA,NA,NA,NA,NA,NA,NA,NA,NA,NA
0.618279808803257,0.638947183437402,0.836707212246141,1.07969255834747,1.26779959417117,1.40035506686676,1.48253582872407,1.59600541318136,1.64021878947707,1.8656514762979,1.90382992280536,2.01206734761922,2.06409768785379,2.30440176153611,2.34902078406623,2.45655882871518,2.53246861307829,2.62817373178724,2.64305505468028,2.68686149757285,2.75790584647733,2.87986506453524,2.9834972672679,3.04533478305741,3.12328350613977,3.1431600412752,3.2574164157481,3.28383515803436,3.38224148443265,3.4264949330043,3.5294558298902,3.62371277715906,3.66589692337071,3.78317913889618,3.79022479289857,3.83356157230128,3.87072370447898,3.89062628314374,3.93171888316103,3.99781187902998,4.07776959454693,4.1505046779815,4.22666080955902,4.2551818336649,4.33245918282599,4.34275958211996,4.39299173431439,4.43325130661415,4.46218739543723,4.50214765787665,4.53085905122674,4.58971239418446,4.6467387210142,4.68585973584705,4.71687473751954,4.77397890757706,4.81948508077832,4.87904545162176,4.90566480322925,4.95211305509747,5.01031862271094,5.04429941140965,5.06891137992413,5.0863717127996,5.15153006339209,5.15478023254156,5.19157407770377,5.21101574938461,5.25445707227561,5.30523587352409,5.3503076455778,5.35749100337827,5.42217816127466,5.45511308550085,5.46735915826297,5.54402072347777,5.58888050664985,5.59377856233477,5.62578421409206,5.64645915501306,5.70618971268721,5.74183714314381,5.77760901925143,5.79281036218302,5.84040683662159,5.84777713105657,5.86508093352323,5.89522903115155,5.92399773953356,5.94465011341764,5.98642541291434,6.01496073635156,6.04601508724088,6.06083891567031,6.09346497335851,6.11023371099146,6.1432810055405,6.18002852184333,6.20339247695883,6.23586958643453,6.25242689826438,6.32224901411048,6.33840455914924,6.37327492035493,6.40539169681597,6.41434489260123,6.43356811800901,6.44722725374171,6.49615340513329,6.52267615234088,6.54863703928334,6.57165050267494,6.60468437795031,6.711590471457,6.72192701855556,6.74967468020805,6.79155391034522,6.80818216827956,6.83943063223217,6.85375450981406,6.90133826816945,6.95028896224023,6.96130962013692,6.96505068406848,6.97844523840372,7.01635287923532,7.03383767676326,7.07527797115499,7.10710259233106,7.12853791134057,7.13857747600637,7.15614417992399,7.20826918373469,7.20952157753317,7.25407276084798,7.26715775224901,7.28351019761813,7.31379570151253,7.34332224633962,7.36527810717172,7.39625656766572,7.41073678025529,7.41858119217965,7.44188300856062,7.47115920773992,7.49453420690661,7.50047006545275,7.53317601905608,7.55103445738341,7.5768172832281,7.59835178592159,7.62607878230497,7.63076524639766,7.65941876977972,7.68002369278168,7.71294803098094,7.75913139707128,7.76786165257414,7.80647668808644,7.84030668244048,7.85806640479337,7.87399314602092,7.94277560644916,7.96165783952662,7.97992589891864,8.00875288291362,8.04339264742731,8.06938476006431,8.08402923230617,8.10391022178994,8.18272706152112,8.19890992474573,8.21094814831099,8.22730666648488,8.27627577790693,8.32689696293169,8.33837838894106,8.36842156052343,8.40143457305447,8.4124944411644,8.42406995811037,8.44081130564069,8.49930752677319,8.54887967939985,8.55360091837546,8.56597940822838,8.57958700816032,8.59345671758451,8.63445634019214,8.67163029759717,8.6947311085072,8.72078429173705,8.73444849506417,8.79987151157665,8.81641052238269,8.83997177990574,8.86351080807858,8.87423175852841,8.91577734407273,8.94472051956443,8.99378013698565,9.03777685867555,9.05371560978892,9.07253084238771,9.11082195165237,9.1368228760555,9.15711748288203,9.20636130511564,9.25110474043567,9.27204826058255,9.31935987830567,9.35830543797705,9.37094876895743,9.40555351466864,9.41737303157672,9.46565779948964,9.47241473372686,9.51128357503508,9.54110869304139,9.57857890484149,9.64543056701175,9.67409322049287,9.69082243477714,9.71204552929886,9.74717759920884,9.77633764888789,9.8251639192819,9.83814405427697,9.86656211271128,9.92252612048873,9.95105511117293,9.97808873491528,10.0025269835221,10.0157110761672,10.0359372052133,10.0898182275436,10.1370962841647,10.1750535783076,10.1922106557424,10.2087906613946,10.2431413345191,10.3017273678559,10.3145711702915,10.362465561937,10.4216615754663,10.4268947889543,10.4802785114953,10.5060324149244,10.5135007622495,10.5582402873232,10.5988117557767,10.6113354854246,10.6709722929516,10.7098418575831,10.7699145621637,10.7913654047007,10.8127467537322,10.873446585621,10.893273392278,10.9608949897082,10.9863525850024,10.9954968284858,11.0501458412469,11.0931221645435,11.0991717771853,11.1557035821795,11.1723574720468,11.2194307683871,11.2623936906248,11.2847637165645,11.349829901626,11.4144549542159,11.4516794068094,11.4551190237203,11.5141655313534,11.5198128325908,11.5937596651453,11.655933486079,11.6757386121034,11.7238939201593,11.746715905882,11.7795350409395,11.8104062643079,11.8726497491307,11.9447809378223,11.9586446790502,11.9809747425236,12.0808068144707,12.1269171407339,12.1748107053028,12.2186943470936,12.2286014293196,12.2846835422761,12.2905881742545,12.3410050946507,12.3899750760759,12.4198085524169,12.4551773093967,12.4900428659898,12.5520957755793,12.5797445033317,12.6393705560428,12.6736653236765,12.7216894666573,12.8069438286066,12.8208454302292,12.8397507504251,12.8702971934667,12.9107112490231,12.9603421407839,12.9673261412819,13.0268955310101,13.0963659254545,13.1091200754136,13.1879192055184,13.2154705960925,13.2499047392086,13.2799542410848,13.3560624771786,13.3994545335712,13.4243715018273,13.4520635163883,13.4759310017138,13.5683977950035,13.6043578118252,13.6390384670295,13.6715986304319,13.6897863110811,13.7344507432296,13.7414965339419,13.841999072236,13.8749275876968,13.9124549557827,13.9692997346415,14.0069757499861,14.0456346733696,14.0870457366191,14.1232967532216,14.186259450228,14.237794423251,14.2812595619603,14.3810300832581,14.4080871414292,14.457273335539,14.4957136492586,14.5868915168775,14.6128226433071,14.6760163816411,14.840052077603,14.8438457113586,14.9227274795756,14.9407232573892,15.0106836503103,15.0510014621014,15.0832830873974,15.1493296398404,15.1921854000574,15.2311108996244,15.324485796393,15.3782055954668,15.4412435030111,15.5677698292339,15.6153663567649,15.6684300782985,15.7602374619987,15.7992737619787,15.8365443722298,15.9952381740563,16.0502943658881,16.1026947115168,16.2337923251405,16.3072265469901,16.4840225913549,16.6101336093827,16.6572420608111,16.6926663010528,16.866333869458,16.9253488734683,17.2109558530783,17.2935315233067,17.4913478195512,17.7683921454976,17.8504963072546,17.8922593616263,18.2106917317835,18.2257851951969,18.3952162501604,18.6753121334718,18.750070443451,18.8858668292843,19.2816881524465,19.3720745992618,19.5661148582872,19.8471420225674,20.0280531001217,20.2679050881435,20.7139154618208,21.2386057756208,22.8043930336063,NA,NA,NA,NA,NA,NA,NA,NA,NA,NA,NA,NA,NA,NA,NA,NA,NA,NA,NA,NA,NA,NA,NA,NA,NA,NA,NA,NA,NA,NA,NA,NA,NA,NA,NA,NA,NA,NA,NA,NA,NA,NA,NA,NA,NA,NA,NA,NA,NA,NA,NA,NA,NA,NA,NA,NA,NA,NA,NA,NA,NA,NA,NA,NA,NA,NA,NA,NA,NA
0.618279808803257,0.638947183437402,0.836707212246141,1.07969255834747,1.26779959417117,1.40035506686676,1.48253582872407,1.59600541318136,1.64021878947707,1.8656514762979,1.90382992280536,2.01206734761922,2.06409768785379,2.30440176153611,2.34902078406623,2.45655882871518,2.53246861307829,2.62817373178724,2.64305505468028,2.68686149757285,2.75790584647733,2.87986506453524,2.9834972672679,3.04533478305741,3.12328350613977,3.1431600412752,3.2574164157481,3.28383515803436,3.38224148443265,3.4264949330043,3.5294558298902,3.62371277715906,3.66589692337071,3.78317913889618,3.79022479289857,3.83356157230128,3.87072370447898,3.89062628314374,3.93171888316103,3.99781187902998,4.07776959454693,4.1505046779815,4.22666080955902,4.2551818336649,4.33245918282599,4.34275958211996,4.39299173431439,4.43325130661415,4.46218739543723,4.50214765787665,4.53085905122674,4.58971239418446,4.6467387210142,4.68585973584705,4.71687473751954,4.77397890757706,4.81948508077832,4.87904545162176,4.90566480322925,4.95211305509747,5.01031862271094,5.04429941140965,5.06891137992413,5.0863717127996,5.15153006339209,5.15478023254156,5.19157407770377,5.21101574938461,5.25445707227561,5.30523587352409,5.3503076455778,5.35749100337827,5.42217816127466,5.45511308550085,5.46735915826297,5.54402072347777,5.58888050664985,5.59377856233477,5.62578421409206,5.64645915501306,5.70618971268721,5.74183714314381,5.77760901925143,5.79281036218302,5.84040683662159,5.84777713105657,5.86508093352323,5.89522903115155,5.92399773953356,5.94465011341764,5.98642541291434,6.01496073635156,6.04601508724088,6.06083891567031,6.09346497335851,6.11023371099146,6.1432810055405,6.18002852184333,6.20339247695883,6.23586958643453,6.25242689826438,6.32224901411048,6.33840455914924,6.37327492035493,6.40539169681597,6.41434489260123,6.43356811800901,6.44722725374171,6.49615340513329,6.52267615234088,6.54863703928334,6.57165050267494,6.60468437795031,6.711590471457,6.72192701855556,6.74967468020805,6.79155391034522,6.80818216827956,6.83943063223217,6.85375450981406,6.90133826816945,6.95028896224023,6.96130962013692,6.96505068406848,6.97844523840372,7.01635287923532,7.03383767676326,7.07527797115499,7.10710259233106,7.12853791134057,7.13857747600637,7.15614417992399,7.20826918373469,7.20952157753317,7.25407276084798,7.26715775224901,7.28351019761813,7.31379570151253,7.34332224633962,7.36527810717172,7.39625656766572,7.41073678025529,7.41858119217965,7.44188300856062,7.47115920773992,7.49453420690661,7.50047006545275,7.53317601905608,7.55103445738341,7.5768172832281,7.59835178592159,7.62607878230497,7.63076524639766,7.65941876977972,7.68002369278168,7.71294803098094,7.75913139707128,7.76786165257414,7.80647668808644,7.84030668244048,7.85806640479337,7.87399314602092,7.94277560644916,7.96165783952662,7.97992589891864,8.00875288291362,8.04339264742731,8.06938476006431,8.08402923230617,8.10391022178994,8.18272706152112,8.19890992474573,8.21094814831099,8.22730666648488,8.27627577790693,8.32689696293169,8.33837838894106,8.36842156052343,8.40143457305447,8.4124944411644,8.42406995811037,8.44081130564069,8.49930752677319,8.54887967939985,8.55360091837546,8.56597940822838,8.57958700816032,8.59345671758451,8.63445634019214,8.67163029759717,8.6947311085072,8.72078429173705,8.73444849506417,8.79987151157665,8.81641052238269,8.83997177990574,8.86351080807858,8.87423175852841,8.91577734407273,8.94472051956443,8.99378013698565,9.03777685867555,9.05371560978892,9.07253084238771,9.11082195165237,9.1368228760555,9.15711748288203,9.20636130511564,9.25110474043567,9.27204826058255,9.31935987830567,9.35830543797705,9.37094876895743,9.40555351466864,9.41737303157672,9.46565779948964,9.47241473372686,9.51128357503508,9.54110869304139,9.57857890484149,9.64543056701175,9.67409322049287,9.69082243477714,9.71204552929886,9.74717759920884,9.77633764888789,9.8251639192819,9.83814405427697,9.86656211271128,9.92252612048873,9.95105511117293,9.97808873491528,10.0025269835221,10.0157110761672,10.0359372052133,10.0898182275436,10.1370962841647,10.1750535783076,10.1922106557424,10.2087906613946,10.2431413345191,10.3017273678559,10.3145711702915,10.362465561937,10.4216615754663,10.4268947889543,10.4802785114953,10.5060324149244,10.5135007622495,10.5582402873232,10.5988117557767,10.6113354854246,10.6709722929516,10.7098418575831,10.7699145621637,10.7913654047007,10.8127467537322,10.873446585621,10.893273392278,10.9608949897082,10.9863525850024,10.9954968284858,11.0501458412469,11.0931221645435,11.0991717771853,11.1557035821795,11.1723574720468,11.2194307683871,11.2623936906248,11.2847637165645,11.349829901626,11.4144549542159,11.4516794068094,11.4551190237203,11.5141655313534,11.5198128325908,11.5937596651453,11.655933486079,11.6757386121034,11.7238939201593,11.746715905882,11.7795350409395,11.8104062643079,11.8726497491307,11.9447809378223,11.9586446790502,11.9809747425236,12.0808068144707,12.1269171407339,12.1748107053028,12.2186943470936,12.2286014293196,12.2846835422761,12.2905881742545,12.3410050946507,12.3899750760759,12.4198085524169,12.4551773093967,12.4900428659898,12.5520957755793,12.5797445033317,12.6393705560428,12.6736653236765,12.7216894666573,12.8069438286066,12.8208454302292,12.8397507504251,12.8702971934667,12.9107112490231,12.9603421407839,12.9673261412819,13.0268955310101,13.0963659254545,13.1091200754136,13.1879192055184,13.2154705960925,13.2499047392086,13.2799542410848,13.3560624771786,13.3994545335712,13.4243715018273,13.4520635163883,13.4759310017138,13.5683977950035,13.6043578118252,13.6390384670295,13.6715986304319,13.6897863110811,13.7344507432296,13.7414965339419,13.841999072236,13.8749275876968,13.9124549557827,13.9692997346415,14.0069757499861,14.0456346733696,14.0870457366191,14.1232967532216,14.186259450228,14.237794423251,14.2812595619603,14.3810300832581,14.4080871414292,14.457273335539,14.4957136492586,14.5868915168775,14.6128226433071,14.6760163816411,14.840052077603,14.8438457113586,14.9227274795756,14.9407232573892,15.0106836503103,15.0510014621014,15.0832830873974,15.1493296398404,15.1921854000574,15.2311108996244,15.324485796393,15.3782055954668,15.4412435030111,15.5677698292339,15.6153663567649,15.6684300782985,15.7602374619987,15.7992737619787,15.8365443722298,15.9952381740563,16.0502943658881,16.1026947115168,16.2337923251405,16.3072265469901,16.4840225913549,16.6101336093827,16.6572420608111,16.6926663010528,16.866333869458,16.9253488734683,17.2109558530783,17.2935315233067,17.4913478195512,17.7683921454976,17.8504963072546,17.8922593616263,18.2106917317835,18.2257851951969,18.3952162501604,18.6753121334718,18.750070443451,18.8858668292843,19.2816881524465,19.3720745992618,19.5661148582872,19.8471420225674,20.0280531001217,20.2679050881435,20.7139154618208,21.2386057756208,22.8043930336063,NA,NA,NA,NA,NA,NA,NA,NA,NA,NA,NA,NA,NA,NA,NA,NA,NA,NA,NA,NA,NA,NA,NA,NA,NA,NA,NA,NA,NA,NA,NA,NA,NA,NA,NA,NA,NA,NA,NA,NA,NA,NA,NA,NA,NA,NA,NA,NA,NA,NA,NA,NA,NA,NA,NA,NA,NA,NA,NA,NA,NA,NA,NA,NA,NA,NA,NA,NA,NA
0.618279808803257,0.638947183437402,0.836707212246141,1.07969255834747,1.26779959417117,1.40035506686676,1.48253582872407,1.59600541318136,1.64021878947707,1.8656514762979,1.90382992280536,2.01206734761922,2.06409768785379,2.30440176153611,2.34902078406623,2.45655882871518,2.53246861307829,2.62817373178724,2.64305505468028,2.68686149757285,2.75790584647733,2.87986506453524,2.9834972672679,3.04533478305741,3.12328350613977,3.1431600412752,3.2574164157481,3.28383515803436,3.38224148443265,3.4264949330043,3.5294558298902,3.62371277715906,3.66589692337071,3.78317913889618,3.79022479289857,3.83356157230128,3.87072370447898,3.89062628314374,3.93171888316103,3.99781187902998,4.07776959454693,4.1505046779815,4.22666080955902,4.2551818336649,4.33245918282599,4.34275958211996,4.39299173431439,4.43325130661415,4.46218739543723,4.50214765787665,4.53085905122674,4.58971239418446,4.6467387210142,4.68585973584705,4.71687473751954,4.77397890757706,4.81948508077832,4.87904545162176,4.90566480322925,4.95211305509747,5.01031862271094,5.04429941140965,5.06891137992413,5.0863717127996,5.15153006339209,5.15478023254156,5.19157407770377,5.21101574938461,5.25445707227561,5.30523587352409,5.3503076455778,5.35749100337827,5.42217816127466,5.45511308550085,5.46735915826297,5.54402072347777,5.58888050664985,5.59377856233477,5.62578421409206,5.64645915501306,5.70618971268721,5.74183714314381,5.77760901925143,5.79281036218302,5.84040683662159,5.84777713105657,5.86508093352323,5.89522903115155,5.92399773953356,5.94465011341764,5.98642541291434,6.01496073635156,6.04601508724088,6.06083891567031,6.09346497335851,6.11023371099146,6.1432810055405,6.18002852184333,6.20339247695883,6.23586958643453,6.25242689826438,6.32224901411048,6.33840455914924,6.37327492035493,6.40539169681597,6.41434489260123,6.43356811800901,6.44722725374171,6.49615340513329,6.52267615234088,6.54863703928334,6.57165050267494,6.60468437795031,6.711590471457,6.72192701855556,6.74967468020805,6.79155391034522,6.80818216827956,6.83943063223217,6.85375450981406,6.90133826816945,6.95028896224023,6.96130962013692,6.96505068406848,6.97844523840372,7.01635287923532,7.03383767676326,7.07527797115499,7.10710259233106,7.12853791134057,7.13857747600637,7.15614417992399,7.20826918373469,7.20952157753317,7.25407276084798,7.26715775224901,7.28351019761813,7.31379570151253,7.34332224633962,7.36527810717172,7.39625656766572,7.41073678025529,7.41858119217965,7.44188300856062,7.47115920773992,7.49453420690661,7.50047006545275,7.53317601905608,7.55103445738341,7.5768172832281,7.59835178592159,7.62607878230497,7.63076524639766,7.65941876977972,7.68002369278168,7.71294803098094,7.75913139707128,7.76786165257414,7.80647668808644,7.84030668244048,7.85806640479337,7.87399314602092,7.94277560644916,7.96165783952662,7.97992589891864,8.00875288291362,8.04339264742731,8.06938476006431,8.08402923230617,8.10391022178994,8.18272706152112,8.19890992474573,8.21094814831099,8.22730666648488,8.27627577790693,8.32689696293169,8.33837838894106,8.36842156052343,8.40143457305447,8.4124944411644,8.42406995811037,8.44081130564069,8.49930752677319,8.54887967939985,8.55360091837546,8.56597940822838,8.57958700816032,8.59345671758451,8.63445634019214,8.67163029759717,8.6947311085072,8.72078429173705,8.73444849506417,8.79987151157665,8.81641052238269,8.83997177990574,8.86351080807858,8.87423175852841,8.91577734407273,8.94472051956443,8.99378013698565,9.03777685867555,9.05371560978892,9.07253084238771,9.11082195165237,9.1368228760555,9.15711748288203,9.20636130511564,9.25110474043567,9.27204826058255,9.31935987830567,9.35830543797705,9.37094876895743,9.40555351466864,9.41737303157672,9.46565779948964,9.47241473372686,9.51128357503508,9.54110869304139,9.57857890484149,9.64543056701175,9.67409322049287,9.69082243477714,9.71204552929886,9.74717759920884,9.77633764888789,9.8251639192819,9.83814405427697,9.86656211271128,9.92252612048873,9.95105511117293,9.97808873491528,10.0025269835221,10.0157110761672,10.0359372052133,10.0898182275436,10.1370962841647,10.1750535783076,10.1922106557424,10.2087906613946,10.2431413345191,10.3017273678559,10.3145711702915,10.362465561937,10.4216615754663,10.4268947889543,10.4802785114953,10.5060324149244,10.5135007622495,10.5582402873232,10.5988117557767,10.6113354854246,10.6709722929516,10.7098418575831,10.7699145621637,10.7913654047007,10.8127467537322,10.873446585621,10.893273392278,10.9608949897082,10.9863525850024,10.9954968284858,11.0501458412469,11.0931221645435,11.0991717771853,11.1557035821795,11.1723574720468,11.2194307683871,11.2623936906248,11.2847637165645,11.349829901626,11.4144549542159,11.4516794068094,11.4551190237203,11.5141655313534,11.5198128325908,11.5937596651453,11.655933486079,11.6757386121034,11.7238939201593,11.746715905882,11.7795350409395,11.8104062643079,11.8726497491307,11.9447809378223,11.9586446790502,11.9809747425236,12.0808068144707,12.1269171407339,12.1748107053028,12.2186943470936,12.2286014293196,12.2846835422761,12.2905881742545,12.3410050946507,12.3899750760759,12.4198085524169,12.4551773093967,12.4900428659898,12.5520957755793,12.5797445033317,12.6393705560428,12.6736653236765,12.7216894666573,12.8069438286066,12.8208454302292,12.8397507504251,12.8702971934667,12.9107112490231,12.9603421407839,12.9673261412819,13.0268955310101,13.0963659254545,13.1091200754136,13.1879192055184,13.2154705960925,13.2499047392086,13.2799542410848,13.3560624771786,13.3994545335712,13.4243715018273,13.4520635163883,13.4759310017138,13.5683977950035,13.6043578118252,13.6390384670295,13.6715986304319,13.6897863110811,13.7344507432296,13.7414965339419,13.841999072236,13.8749275876968,13.9124549557827,13.9692997346415,14.0069757499861,14.0456346733696,14.0870457366191,14.1232967532216,14.186259450228,14.237794423251,14.2812595619603,14.3810300832581,14.4080871414292,14.457273335539,14.4957136492586,14.5868915168775,14.6128226433071,14.6760163816411,14.840052077603,14.8438457113586,14.9227274795756,14.9407232573892,15.0106836503103,15.0510014621014,15.0832830873974,15.1493296398404,15.1921854000574,15.2311108996244,15.324485796393,15.3782055954668,15.4412435030111,15.5677698292339,15.6153663567649,15.6684300782985,15.7602374619987,15.7992737619787,15.8365443722298,15.9952381740563,16.0502943658881,16.1026947115168,16.2337923251405,16.3072265469901,16.4840225913549,16.6101336093827,16.6572420608111,16.6926663010528,16.866333869458,16.9253488734683,17.2109558530783,17.2935315233067,17.4913478195512,17.7683921454976,17.8504963072546,17.8922593616263,18.2106917317835,18.2257851951969,18.3952162501604,18.6753121334718,18.750070443451,18.8858668292843,19.2816881524465,19.3720745992618,19.5661148582872,19.8471420225674,20.0280531001217,20.2679050881435,20.7139154618208,21.2386057756208,22.8043930336063,NA,NA,NA,NA,NA,NA,NA,NA,NA,NA,NA,NA,NA,NA,NA,NA,NA,NA,NA,NA,NA,NA,NA,NA,NA,NA,NA,NA,NA,NA,NA,NA,NA,NA,NA,NA,NA,NA,NA,NA,NA,NA,NA,NA,NA,NA,NA,NA,NA,NA,NA,NA,NA,NA,NA,NA,NA,NA,NA,NA,NA,NA,NA,NA,NA,NA,NA,NA,NA
0.618279808803257,0.638947183437402,0.836707212246141,1.07969255834747,1.26779959417117,1.40035506686676,1.48253582872407,1.59600541318136,1.64021878947707,1.8656514762979,1.90382992280536,2.01206734761922,2.06409768785379,2.30440176153611,2.34902078406623,2.45655882871518,2.53246861307829,2.62817373178724,2.64305505468028,2.68686149757285,2.75790584647733,2.87986506453524,2.9834972672679,3.04533478305741,3.12328350613977,3.1431600412752,3.2574164157481,3.28383515803436,3.38224148443265,3.4264949330043,3.5294558298902,3.62371277715906,3.66589692337071,3.78317913889618,3.79022479289857,3.83356157230128,3.87072370447898,3.89062628314374,3.93171888316103,3.99781187902998,4.07776959454693,4.1505046779815,4.22666080955902,4.2551818336649,4.33245918282599,4.34275958211996,4.39299173431439,4.43325130661415,4.46218739543723,4.50214765787665,4.53085905122674,4.58971239418446,4.6467387210142,4.68585973584705,4.71687473751954,4.77397890757706,4.81948508077832,4.87904545162176,4.90566480322925,4.95211305509747,5.01031862271094,5.04429941140965,5.06891137992413,5.0863717127996,5.15153006339209,5.15478023254156,5.19157407770377,5.21101574938461,5.25445707227561,5.30523587352409,5.3503076455778,5.35749100337827,5.42217816127466,5.45511308550085,5.46735915826297,5.54402072347777,5.58888050664985,5.59377856233477,5.62578421409206,5.64645915501306,5.70618971268721,5.74183714314381,5.77760901925143,5.79281036218302,5.84040683662159,5.84777713105657,5.86508093352323,5.89522903115155,5.92399773953356,5.94465011341764,5.98642541291434,6.01496073635156,6.04601508724088,6.06083891567031,6.09346497335851,6.11023371099146,6.1432810055405,6.18002852184333,6.20339247695883,6.23586958643453,6.25242689826438,6.32224901411048,6.33840455914924,6.37327492035493,6.40539169681597,6.41434489260123,6.43356811800901,6.44722725374171,6.49615340513329,6.52267615234088,6.54863703928334,6.57165050267494,6.60468437795031,6.711590471457,6.72192701855556,6.74967468020805,6.79155391034522,6.80818216827956,6.83943063223217,6.85375450981406,6.90133826816945,6.95028896224023,6.96130962013692,6.96505068406848,6.97844523840372,7.01635287923532,7.03383767676326,7.07527797115499,7.10710259233106,7.12853791134057,7.13857747600637,7.15614417992399,7.20826918373469,7.20952157753317,7.25407276084798,7.26715775224901,7.28351019761813,7.31379570151253,7.34332224633962,7.36527810717172,7.39625656766572,7.41073678025529,7.41858119217965,7.44188300856062,7.47115920773992,7.49453420690661,7.50047006545275,7.53317601905608,7.55103445738341,7.5768172832281,7.59835178592159,7.62607878230497,7.63076524639766,7.65941876977972,7.68002369278168,7.71294803098094,7.75913139707128,7.76786165257414,7.80647668808644,7.84030668244048,7.85806640479337,7.87399314602092,7.94277560644916,7.96165783952662,7.97992589891864,8.00875288291362,8.04339264742731,8.06938476006431,8.08402923230617,8.10391022178994,8.18272706152112,8.19890992474573,8.21094814831099,8.22730666648488,8.27627577790693,8.32689696293169,8.33837838894106,8.36842156052343,8.40143457305447,8.4124944411644,8.42406995811037,8.44081130564069,8.49930752677319,8.54887967939985,8.55360091837546,8.56597940822838,8.57958700816032,8.59345671758451,8.63445634019214,8.67163029759717,8.6947311085072,8.72078429173705,8.73444849506417,8.79987151157665,8.81641052238269,8.83997177990574,8.86351080807858,8.87423175852841,8.91577734407273,8.94472051956443,8.99378013698565,9.03777685867555,9.05371560978892,9.07253084238771,9.11082195165237,9.1368228760555,9.15711748288203,9.20636130511564,9.25110474043567,9.27204826058255,9.31935987830567,9.35830543797705,9.37094876895743,9.40555351466864,9.41737303157672,9.46565779948964,9.47241473372686,9.51128357503508,9.54110869304139,9.57857890484149,9.64543056701175,9.67409322049287,9.69082243477714,9.71204552929886,9.74717759920884,9.77633764888789,9.8251639192819,9.83814405427697,9.86656211271128,9.92252612048873,9.95105511117293,9.97808873491528,10.0025269835221,10.0157110761672,10.0359372052133,10.0898182275436,10.1370962841647,10.1750535783076,10.1922106557424,10.2087906613946,10.2431413345191,10.3017273678559,10.3145711702915,10.362465561937,10.4216615754663,10.4268947889543,10.4802785114953,10.5060324149244,10.5135007622495,10.5582402873232,10.5988117557767,10.6113354854246,10.6709722929516,10.7098418575831,10.7699145621637,10.7913654047007,10.8127467537322,10.873446585621,10.893273392278,10.9608949897082,10.9863525850024,10.9954968284858,11.0501458412469,11.0931221645435,11.0991717771853,11.1557035821795,11.1723574720468,11.2194307683871,11.2623936906248,11.2847637165645,11.349829901626,11.4144549542159,11.4516794068094,11.4551190237203,11.5141655313534,11.5198128325908,11.5937596651453,11.655933486079,11.6757386121034,11.7238939201593,11.746715905882,11.7795350409395,11.8104062643079,11.8726497491307,11.9447809378223,11.9586446790502,11.9809747425236,12.0808068144707,12.1269171407339,12.1748107053028,12.2186943470936,12.2286014293196,12.2846835422761,12.2905881742545,12.3410050946507,12.3899750760759,12.4198085524169,12.4551773093967,12.4900428659898,12.5520957755793,12.5797445033317,12.6393705560428,12.6736653236765,12.7216894666573,12.8069438286066,12.8208454302292,12.8397507504251,12.8702971934667,12.9107112490231,12.9603421407839,12.9673261412819,13.0268955310101,13.0963659254545,13.1091200754136,13.1879192055184,13.2154705960925,13.2499047392086,13.2799542410848,13.3560624771786,13.3994545335712,13.4243715018273,13.4520635163883,13.4759310017138,13.5683977950035,13.6043578118252,13.6390384670295,13.6715986304319,13.6897863110811,13.7344507432296,13.7414965339419,13.841999072236,13.8749275876968,13.9124549557827,13.9692997346415,14.0069757499861,14.0456346733696,14.0870457366191,14.1232967532216,14.186259450228,14.237794423251,14.2812595619603,14.3810300832581,14.4080871414292,14.457273335539,14.4957136492586,14.5868915168775,14.6128226433071,14.6760163816411,14.840052077603,14.8438457113586,14.9227274795756,14.9407232573892,15.0106836503103,15.0510014621014,15.0832830873974,15.1493296398404,15.1921854000574,15.2311108996244,15.324485796393,15.3782055954668,15.4412435030111,15.5677698292339,15.6153663567649,15.6684300782985,15.7602374619987,15.7992737619787,15.8365443722298,15.9952381740563,16.0502943658881,16.1026947115168,16.2337923251405,16.3072265469901,16.4840225913549,16.6101336093827,16.6572420608111,16.6926663010528,16.866333869458,16.9253488734683,17.2109558530783,17.2935315233067,17.4913478195512,17.7683921454976,17.8504963072546,17.8922593616263,18.2106917317835,18.2257851951969,18.3952162501604,18.6753121334718,18.750070443451,18.8858668292843,19.2816881524465,19.3720745992618,19.5661148582872,19.8471420225674,20.0280531001217,20.2679050881435,20.7139154618208,21.2386057756208,22.8043930336063,NA,NA,NA,NA,NA,NA,NA,NA,NA,NA,NA,NA,NA,NA,NA,NA,NA,NA,NA,NA,NA,NA,NA,NA,NA,NA,NA,NA,NA,NA,NA,NA,NA,NA,NA,NA,NA,NA,NA,NA,NA,NA,NA,NA,NA,NA,NA,NA,NA,NA,NA,NA,NA,NA,NA,NA,NA,NA,NA,NA,NA,NA,NA,NA,NA,NA,NA,NA,NA
0.618279808803257,0.638947183437402,0.836707212246141,1.07969255834747,1.26779959417117,1.40035506686676,1.48253582872407,1.59600541318136,1.64021878947707,1.8656514762979,1.90382992280536,2.01206734761922,2.06409768785379,2.30440176153611,2.34902078406623,2.45655882871518,2.53246861307829,2.62817373178724,2.64305505468028,2.68686149757285,2.75790584647733,2.87986506453524,2.9834972672679,3.04533478305741,3.12328350613977,3.1431600412752,3.2574164157481,3.28383515803436,3.38224148443265,3.4264949330043,3.5294558298902,3.62371277715906,3.66589692337071,3.78317913889618,3.79022479289857,3.83356157230128,3.87072370447898,3.89062628314374,3.93171888316103,3.99781187902998,4.07776959454693,4.1505046779815,4.22666080955902,4.2551818336649,4.33245918282599,4.34275958211996,4.39299173431439,4.43325130661415,4.46218739543723,4.50214765787665,4.53085905122674,4.58971239418446,4.6467387210142,4.68585973584705,4.71687473751954,4.77397890757706,4.81948508077832,4.87904545162176,4.90566480322925,4.95211305509747,5.01031862271094,5.04429941140965,5.06891137992413,5.0863717127996,5.15153006339209,5.15478023254156,5.19157407770377,5.21101574938461,5.25445707227561,5.30523587352409,5.3503076455778,5.35749100337827,5.42217816127466,5.45511308550085,5.46735915826297,5.54402072347777,5.58888050664985,5.59377856233477,5.62578421409206,5.64645915501306,5.70618971268721,5.74183714314381,5.77760901925143,5.79281036218302,5.84040683662159,5.84777713105657,5.86508093352323,5.89522903115155,5.92399773953356,5.94465011341764,5.98642541291434,6.01496073635156,6.04601508724088,6.06083891567031,6.09346497335851,6.11023371099146,6.1432810055405,6.18002852184333,6.20339247695883,6.23586958643453,6.25242689826438,6.32224901411048,6.33840455914924,6.37327492035493,6.40539169681597,6.41434489260123,6.43356811800901,6.44722725374171,6.49615340513329,6.52267615234088,6.54863703928334,6.57165050267494,6.60468437795031,6.711590471457,6.72192701855556,6.74967468020805,6.79155391034522,6.80818216827956,6.83943063223217,6.85375450981406,6.90133826816945,6.95028896224023,6.96130962013692,6.96505068406848,6.97844523840372,7.01635287923532,7.03383767676326,7.07527797115499,7.10710259233106,7.12853791134057,7.13857747600637,7.15614417992399,7.20826918373469,7.20952157753317,7.25407276084798,7.26715775224901,7.28351019761813,7.31379570151253,7.34332224633962,7.36527810717172,7.39625656766572,7.41073678025529,7.41858119217965,7.44188300856062,7.47115920773992,7.49453420690661,7.50047006545275,7.53317601905608,7.55103445738341,7.5768172832281,7.59835178592159,7.62607878230497,7.63076524639766,7.65941876977972,7.68002369278168,7.71294803098094,7.75913139707128,7.76786165257414,7.80647668808644,7.84030668244048,7.85806640479337,7.87399314602092,7.94277560644916,7.96165783952662,7.97992589891864,8.00875288291362,8.04339264742731,8.06938476006431,8.08402923230617,8.10391022178994,8.18272706152112,8.19890992474573,8.21094814831099,8.22730666648488,8.27627577790693,8.32689696293169,8.33837838894106,8.36842156052343,8.40143457305447,8.4124944411644,8.42406995811037,8.44081130564069,8.49930752677319,8.54887967939985,8.55360091837546,8.56597940822838,8.57958700816032,8.59345671758451,8.63445634019214,8.67163029759717,8.6947311085072,8.72078429173705,8.73444849506417,8.79987151157665,8.81641052238269,8.83997177990574,8.86351080807858,8.87423175852841,8.91577734407273,8.94472051956443,8.99378013698565,9.03777685867555,9.05371560978892,9.07253084238771,9.11082195165237,9.1368228760555,9.15711748288203,9.20636130511564,9.25110474043567,9.27204826058255,9.31935987830567,9.35830543797705,9.37094876895743,9.40555351466864,9.41737303157672,9.46565779948964,9.47241473372686,9.51128357503508,9.54110869304139,9.57857890484149,9.64543056701175,9.67409322049287,9.69082243477714,9.71204552929886,9.74717759920884,9.77633764888789,9.8251639192819,9.83814405427697,9.86656211271128,9.92252612048873,9.95105511117293,9.97808873491528,10.0025269835221,10.0157110761672,10.0359372052133,10.0898182275436,10.1370962841647,10.1750535783076,10.1922106557424,10.2087906613946,10.2431413345191,10.3017273678559,10.3145711702915,10.362465561937,10.4216615754663,10.4268947889543,10.4802785114953,10.5060324149244,10.5135007622495,10.5582402873232,10.5988117557767,10.6113354854246,10.6709722929516,10.7098418575831,10.7699145621637,10.7913654047007,10.8127467537322,10.873446585621,10.893273392278,10.9608949897082,10.9863525850024,10.9954968284858,11.0501458412469,11.0931221645435,11.0991717771853,11.1557035821795,11.1723574720468,11.2194307683871,11.2623936906248,11.2847637165645,11.349829901626,11.4144549542159,11.4516794068094,11.4551190237203,11.5141655313534,11.5198128325908,11.5937596651453,11.655933486079,11.6757386121034,11.7238939201593,11.746715905882,11.7795350409395,11.8104062643079,11.8726497491307,11.9447809378223,11.9586446790502,11.9809747425236,12.0808068144707,12.1269171407339,12.1748107053028,12.2186943470936,12.2286014293196,12.2846835422761,12.2905881742545,12.3410050946507,12.3899750760759,12.4198085524169,12.4551773093967,12.4900428659898,12.5520957755793,12.5797445033317,12.6393705560428,12.6736653236765,12.7216894666573,12.8069438286066,12.8208454302292,12.8397507504251,12.8702971934667,12.9107112490231,12.9603421407839,12.9673261412819,13.0268955310101,13.0963659254545,13.1091200754136,13.1879192055184,13.2154705960925,13.2499047392086,13.2799542410848,13.3560624771786,13.3994545335712,13.4243715018273,13.4520635163883,13.4759310017138,13.5683977950035,13.6043578118252,13.6390384670295,13.6715986304319,13.6897863110811,13.7344507432296,13.7414965339419,13.841999072236,13.8749275876968,13.9124549557827,13.9692997346415,14.0069757499861,14.0456346733696,14.0870457366191,14.1232967532216,14.186259450228,14.237794423251,14.2812595619603,14.3810300832581,14.4080871414292,14.457273335539,14.4957136492586,14.5868915168775,14.6128226433071,14.6760163816411,14.840052077603,14.8438457113586,14.9227274795756,14.9407232573892,15.0106836503103,15.0510014621014,15.0832830873974,15.1493296398404,15.1921854000574,15.2311108996244,15.324485796393,15.3782055954668,15.4412435030111,15.5677698292339,15.6153663567649,15.6684300782985,15.7602374619987,15.7992737619787,15.8365443722298,15.9952381740563,16.0502943658881,16.1026947115168,16.2337923251405,16.3072265469901,16.4840225913549,16.6101336093827,16.6572420608111,16.6926663010528,16.866333869458,16.9253488734683,17.2109558530783,17.2935315233067,17.4913478195512,17.7683921454976,17.8504963072546,17.8922593616263,18.2106917317835,18.2257851951969,18.3952162501604,18.6753121334718,18.750070443451,18.8858668292843,19.2816881524465,19.3720745992618,19.5661148582872,19.8471420225674,20.0280531001217,20.2679050881435,20.7139154618208,21.2386057756208,22.8043930336063,NA,NA,NA,NA,NA,NA,NA,NA,NA,NA,NA,NA,NA,NA,NA,NA,NA,NA,NA,NA,NA,NA,NA,NA,NA,NA,NA,NA,NA,NA,NA,NA,NA,NA,NA,NA,NA,NA,NA,NA,NA,NA,NA,NA,NA,NA,NA,NA,NA,NA,NA,NA,NA,NA,NA,NA,NA,NA,NA,NA,NA,NA,NA,NA,NA,NA,NA,NA,NA
0.569493670388439,0.667182156968407,0.883013653856836,1.02914716705958,1.11682555457926,1.39497193226167,1.4559635560023,1.51468930736148,1.60412951446714,1.72731757084295,1.80857079317199,1.85023774330308,1.8617343646829,1.98337583396713,2.24762766344393,2.27558196776848,2.34030576542134,2.39094039950246,2.48613383809563,2.58059362576514,2.6794295896009,2.72181515098877,2.82528388124165,2.87492902863658,2.91226363838885,2.984147718217,3.0910486199082,3.14729938364498,3.19108016023969,3.2182739093391,3.28990245829261,3.35136030175637,3.40430351207992,3.46695785502079,3.5157369209933,3.54496341318639,3.6281355191478,3.66577909761341,3.78677066365289,3.84089154277305,3.87651308357182,3.92019006123368,3.98430373852826,4.03703515647353,4.11234663414185,4.20068040778163,4.24729203525601,4.26040057885164,4.29157940645792,4.31431108929679,4.37142598264541,4.39543103964259,4.40600764096165,4.50204465196642,4.57855060156794,4.60805779548001,4.64340011197985,4.66883367871577,4.72952916714496,4.80272947306402,4.80730933084149,4.87291737742247,4.90582681735884,4.93856085402583,4.97846644415452,5.01409496009262,5.03413032211548,5.09055342790336,5.13814472068255,5.15387036923962,5.18048258698765,5.19413817482983,5.21452321718057,5.29750666573775,5.32841718832815,5.35783542473641,5.38731484188017,5.39732657938744,5.44442189257657,5.47395684987186,5.52359940933351,5.55836719930971,5.58482903854613,5.62476024987718,5.67431559637881,5.68912187074344,5.7201867753272,5.72862921410061,5.77473705469411,5.8074144749252,5.83386791550584,5.88602285098569,5.88917811195725,5.90978626647298,5.93618360213442,5.9508241322759,5.99906489155901,6.02794880869141,6.05822254829059,6.08030068052325,6.1119605878621,6.12829756544167,6.1563217765103,6.21984012141201,6.23962219140622,6.27880817253303,6.32070254167545,6.32925503840875,6.34734652959531,6.36116829672605,6.39601695268445,6.40263595469367,6.43772170401314,6.45582745919623,6.4958818570403,6.53029478152943,6.5774548935434,6.59749514228088,6.60604987586726,6.69883955692763,6.72669367906999,6.75231324849459,6.78951180160604,6.79297162892661,6.80631215074039,6.86014205305079,6.86641000132299,6.87303179900285,6.89323571136321,6.91718529418277,6.94275802282817,6.98191636241591,7.01112350997026,7.01627101065432,7.02587412046876,7.0577889907928,7.08120969552223,7.10933920182421,7.12760148008343,7.19571909006782,7.20578654383099,7.23483569438667,7.25113947173524,7.27905018487498,7.28796780860081,7.30963870220221,7.32794626499941,7.33830846387459,7.35710448309596,7.39605818927643,7.41960109064948,7.446995448369,7.46225671565316,7.47607203220967,7.50968749356097,7.5325779693412,7.55678776772168,7.57857087053534,7.61748875039046,7.62718771868273,7.63661328457251,7.65796772952274,7.70420379008793,7.71789801988279,7.73342941802948,7.76939152690337,7.81682151202272,7.82907210550964,7.85645523107349,7.86853820628843,7.89958692439526,7.90620035092982,7.96068963279967,7.97315260211326,7.99461333602606,8.01788373997599,8.04230363776424,8.08035676445152,8.13222790094197,8.14494237083452,8.16664187529946,8.1779421945032,8.218462286008,8.26237607135794,8.27347879355911,8.31072240537161,8.31983769687874,8.33260731035999,8.36994925956397,8.37193368485439,8.42946116712053,8.45322169572237,8.4802453867656,8.49959843499983,8.52044668954404,8.54274586666478,8.59090754389404,8.5972255856899,8.63638049620572,8.64635397645326,8.66951752651869,8.68316821803711,8.70398847910351,8.72605422531895,8.74938617117696,8.77038421972205,8.79910064827319,8.84298815204313,8.86340323954162,8.87650942441601,8.88801587209565,8.96094946638762,9.00964128046718,9.03472913820635,9.04844638464882,9.08682305210415,9.1038211176694,9.14544074864807,9.15415464148889,9.20720570061684,9.22846496381355,9.2374235680235,9.27513860214309,9.29762181320852,9.32481516249641,9.36746693445543,9.39579341817925,9.43230190880655,9.4483112382593,9.49906919099426,9.55193179945696,9.57048596373475,9.59497890464486,9.61922512295459,9.6628944845894,9.70395039641243,9.72970342777243,9.75988943006664,9.77728684522162,9.84449078671852,9.86562311448759,9.91823319228178,9.92836398788626,9.95215667773922,9.98484794374205,9.98880523651835,10.0376084381347,10.0782166619371,10.1024344474174,10.1170342406593,10.1517957492368,10.2104936873567,10.231449697891,10.2697531985964,10.2785647530424,10.3100817594617,10.3422481122762,10.3684392279565,10.3980721688881,10.4492287031768,10.4699166875158,10.4985179634668,10.5122552546638,10.5799272366467,10.6240418785202,10.6532210494095,10.6772500364392,10.7293512458815,10.8181545360686,10.8284635282985,10.8612970623119,10.8809233355423,10.9062349716555,11.0014478745019,11.0304186965645,11.0391316318582,11.07096558054,11.0989344423662,11.1405534636839,11.1612615198527,11.1887119780653,11.2725584912849,11.3127427204859,11.3368358677931,11.3602504151041,11.4331765349838,11.4732449732277,11.5075998119333,11.5428635536838,11.5611622547648,11.5828628911069,11.6642524999213,11.6852734372716,11.7205026262085,11.7732172610208,11.7918533814511,11.8154828735855,11.872775733946,11.9086105094158,11.9816049085018,11.990675953303,12.026104503537,12.1006601977358,12.1151573912737,12.1899884658059,12.2345319508301,12.2641712950851,12.2852796355025,12.3132682065947,12.3758546472027,12.4006316997066,12.4033059555657,12.4604881321132,12.4833517485283,12.5790232038657,12.5943762335389,12.6469851348447,12.6668329414039,12.7061504038299,12.7616498685036,12.8262538291742,12.8744123927481,12.879852905038,12.9082515168896,12.9180138266853,13.0050151620238,13.0330612242777,13.064404454931,13.1086179288555,13.1134856242817,13.1638306463525,13.2443247546312,13.2827316453525,13.3186912980599,13.3729627600566,13.4473679545641,13.4641406495027,13.4840542921229,13.5011326411565,13.5641155636697,13.5849196891386,13.635363195926,13.6883513828067,13.7306430466482,13.7737408915025,13.8192543155857,13.8305793865716,13.9065292651885,13.9523375539029,14.0165426105139,14.0517612350856,14.0984656144022,14.125474183861,14.1883899871538,14.2006167403393,14.2089820632795,14.3004059674624,14.3694083334285,14.3979459535879,14.4611578687852,14.5139135083697,14.5869948176832,14.6093578055443,14.6779252558473,14.6962179573214,14.7900311734787,14.7999078040223,14.8632112354614,14.9691598312289,15.0207306389788,15.11682719722,15.1847088649222,15.1945429148972,15.3269787448832,15.3593355922191,15.3806420990224,15.4947914283078,15.5356882309803,15.5757966117381,15.6845260632252,15.6958237417709,15.8299535449705,15.9344044558569,15.9425771418282,16.0950770679084,16.1689666224798,16.2074147705776,16.3389964278918,16.4535850192368,16.5364144154615,16.5921416955571,16.7071870322675,16.7884008125026,16.8298034930498,17.0042975058823,17.1227787553877,17.2664626716929,17.4690064548994,17.8855699831034,17.966839058288,18.0675343149646,18.1999472216428,18.3037266415625,18.4292572246569,18.5879562474814,18.9224162025099,18.9431966313824,19.12424968111,19.3799871166209,19.5674378625183,19.7157135308415,20.0493045412816,20.2055840697507,20.6158118273845,20.983205693145,21.4038387321818,23.2413584414674,NA,NA,NA,NA,NA,NA,NA,NA,NA,NA,NA,NA,NA,NA,NA,NA,NA,NA,NA,NA,NA,NA,NA,NA,NA,NA,NA,NA,NA,NA,NA,NA,NA,NA,NA,NA,NA,NA,NA,NA,NA,NA,NA,NA,NA,NA,NA,NA,NA,NA,NA
0.569493670388439,0.667182156968407,0.883013653856836,1.02914716705958,1.11682555457926,1.39497193226167,1.4559635560023,1.51468930736148,1.60412951446714,1.72731757084295,1.80857079317199,1.85023774330308,1.8617343646829,1.98337583396713,2.24762766344393,2.27558196776848,2.34030576542134,2.39094039950246,2.48613383809563,2.58059362576514,2.6794295896009,2.72181515098877,2.82528388124165,2.87492902863658,2.91226363838885,2.984147718217,3.0910486199082,3.14729938364498,3.19108016023969,3.2182739093391,3.28990245829261,3.35136030175637,3.40430351207992,3.46695785502079,3.5157369209933,3.54496341318639,3.6281355191478,3.66577909761341,3.78677066365289,3.84089154277305,3.87651308357182,3.92019006123368,3.98430373852826,4.03703515647353,4.11234663414185,4.20068040778163,4.24729203525601,4.26040057885164,4.29157940645792,4.31431108929679,4.37142598264541,4.39543103964259,4.40600764096165,4.50204465196642,4.57855060156794,4.60805779548001,4.64340011197985,4.66883367871577,4.72952916714496,4.80272947306402,4.80730933084149,4.87291737742247,4.90582681735884,4.93856085402583,4.97846644415452,5.01409496009262,5.03413032211548,5.09055342790336,5.13814472068255,5.15387036923962,5.18048258698765,5.19413817482983,5.21452321718057,5.29750666573775,5.32841718832815,5.35783542473641,5.38731484188017,5.39732657938744,5.44442189257657,5.47395684987186,5.52359940933351,5.55836719930971,5.58482903854613,5.62476024987718,5.67431559637881,5.68912187074344,5.7201867753272,5.72862921410061,5.77473705469411,5.8074144749252,5.83386791550584,5.88602285098569,5.88917811195725,5.90978626647298,5.93618360213442,5.9508241322759,5.99906489155901,6.02794880869141,6.05822254829059,6.08030068052325,6.1119605878621,6.12829756544167,6.1563217765103,6.21984012141201,6.23962219140622,6.27880817253303,6.32070254167545,6.32925503840875,6.34734652959531,6.36116829672605,6.39601695268445,6.40263595469367,6.43772170401314,6.45582745919623,6.4958818570403,6.53029478152943,6.5774548935434,6.59749514228088,6.60604987586726,6.69883955692763,6.72669367906999,6.75231324849459,6.78951180160604,6.79297162892661,6.80631215074039,6.86014205305079,6.86641000132299,6.87303179900285,6.89323571136321,6.91718529418277,6.94275802282817,6.98191636241591,7.01112350997026,7.01627101065432,7.02587412046876,7.0577889907928,7.08120969552223,7.10933920182421,7.12760148008343,7.19571909006782,7.20578654383099,7.23483569438667,7.25113947173524,7.27905018487498,7.28796780860081,7.30963870220221,7.32794626499941,7.33830846387459,7.35710448309596,7.39605818927643,7.41960109064948,7.446995448369,7.46225671565316,7.47607203220967,7.50968749356097,7.5325779693412,7.55678776772168,7.57857087053534,7.61748875039046,7.62718771868273,7.63661328457251,7.65796772952274,7.70420379008793,7.71789801988279,7.73342941802948,7.76939152690337,7.81682151202272,7.82907210550964,7.85645523107349,7.86853820628843,7.89958692439526,7.90620035092982,7.96068963279967,7.97315260211326,7.99461333602606,8.01788373997599,8.04230363776424,8.08035676445152,8.13222790094197,8.14494237083452,8.16664187529946,8.1779421945032,8.218462286008,8.26237607135794,8.27347879355911,8.31072240537161,8.31983769687874,8.33260731035999,8.36994925956397,8.37193368485439,8.42946116712053,8.45322169572237,8.4802453867656,8.49959843499983,8.52044668954404,8.54274586666478,8.59090754389404,8.5972255856899,8.63638049620572,8.64635397645326,8.66951752651869,8.68316821803711,8.70398847910351,8.72605422531895,8.74938617117696,8.77038421972205,8.79910064827319,8.84298815204313,8.86340323954162,8.87650942441601,8.88801587209565,8.96094946638762,9.00964128046718,9.03472913820635,9.04844638464882,9.08682305210415,9.1038211176694,9.14544074864807,9.15415464148889,9.20720570061684,9.22846496381355,9.2374235680235,9.27513860214309,9.29762181320852,9.32481516249641,9.36746693445543,9.39579341817925,9.43230190880655,9.4483112382593,9.49906919099426,9.55193179945696,9.57048596373475,9.59497890464486,9.61922512295459,9.6628944845894,9.70395039641243,9.72970342777243,9.75988943006664,9.77728684522162,9.84449078671852,9.86562311448759,9.91823319228178,9.92836398788626,9.95215667773922,9.98484794374205,9.98880523651835,10.0376084381347,10.0782166619371,10.1024344474174,10.1170342406593,10.1517957492368,10.2104936873567,10.231449697891,10.2697531985964,10.2785647530424,10.3100817594617,10.3422481122762,10.3684392279565,10.3980721688881,10.4492287031768,10.4699166875158,10.4985179634668,10.5122552546638,10.5799272366467,10.6240418785202,10.6532210494095,10.6772500364392,10.7293512458815,10.8181545360686,10.8284635282985,10.8612970623119,10.8809233355423,10.9062349716555,11.0014478745019,11.0304186965645,11.0391316318582,11.07096558054,11.0989344423662,11.1405534636839,11.1612615198527,11.1887119780653,11.2725584912849,11.3127427204859,11.3368358677931,11.3602504151041,11.4331765349838,11.4732449732277,11.5075998119333,11.5428635536838,11.5611622547648,11.5828628911069,11.6642524999213,11.6852734372716,11.7205026262085,11.7732172610208,11.7918533814511,11.8154828735855,11.872775733946,11.9086105094158,11.9816049085018,11.990675953303,12.026104503537,12.1006601977358,12.1151573912737,12.1899884658059,12.2345319508301,12.2641712950851,12.2852796355025,12.3132682065947,12.3758546472027,12.4006316997066,12.4033059555657,12.4604881321132,12.4833517485283,12.5790232038657,12.5943762335389,12.6469851348447,12.6668329414039,12.7061504038299,12.7616498685036,12.8262538291742,12.8744123927481,12.879852905038,12.9082515168896,12.9180138266853,13.0050151620238,13.0330612242777,13.064404454931,13.1086179288555,13.1134856242817,13.1638306463525,13.2443247546312,13.2827316453525,13.3186912980599,13.3729627600566,13.4473679545641,13.4641406495027,13.4840542921229,13.5011326411565,13.5641155636697,13.5849196891386,13.635363195926,13.6883513828067,13.7306430466482,13.7737408915025,13.8192543155857,13.8305793865716,13.9065292651885,13.9523375539029,14.0165426105139,14.0517612350856,14.0984656144022,14.125474183861,14.1883899871538,14.2006167403393,14.2089820632795,14.3004059674624,14.3694083334285,14.3979459535879,14.4611578687852,14.5139135083697,14.5869948176832,14.6093578055443,14.6779252558473,14.6962179573214,14.7900311734787,14.7999078040223,14.8632112354614,14.9691598312289,15.0207306389788,15.11682719722,15.1847088649222,15.1945429148972,15.3269787448832,15.3593355922191,15.3806420990224,15.4947914283078,15.5356882309803,15.5757966117381,15.6845260632252,15.6958237417709,15.8299535449705,15.9344044558569,15.9425771418282,16.0950770679084,16.1689666224798,16.2074147705776,16.3389964278918,16.4535850192368,16.5364144154615,16.5921416955571,16.7071870322675,16.7884008125026,16.8298034930498,17.0042975058823,17.1227787553877,17.2664626716929,17.4690064548994,17.8855699831034,17.966839058288,18.0675343149646,18.1999472216428,18.3037266415625,18.4292572246569,18.5879562474814,18.9224162025099,18.9431966313824,19.12424968111,19.3799871166209,19.5674378625183,19.7157135308415,20.0493045412816,20.2055840697507,20.6158118273845,20.983205693145,21.4038387321818,23.2413584414674,NA,NA,NA,NA,NA,NA,NA,NA,NA,NA,NA,NA,NA,NA,NA,NA,NA,NA,NA,NA,NA,NA,NA,NA,NA,NA,NA,NA,NA,NA,NA,NA,NA,NA,NA,NA,NA,NA,NA,NA,NA,NA,NA,NA,NA,NA,NA,NA,NA,NA,NA
0.569493670388439,0.667182156968407,0.883013653856836,1.02914716705958,1.11682555457926,1.39497193226167,1.4559635560023,1.51468930736148,1.60412951446714,1.72731757084295,1.80857079317199,1.85023774330308,1.8617343646829,1.98337583396713,2.24762766344393,2.27558196776848,2.34030576542134,2.39094039950246,2.48613383809563,2.58059362576514,2.6794295896009,2.72181515098877,2.82528388124165,2.87492902863658,2.91226363838885,2.984147718217,3.0910486199082,3.14729938364498,3.19108016023969,3.2182739093391,3.28990245829261,3.35136030175637,3.40430351207992,3.46695785502079,3.5157369209933,3.54496341318639,3.6281355191478,3.66577909761341,3.78677066365289,3.84089154277305,3.87651308357182,3.92019006123368,3.98430373852826,4.03703515647353,4.11234663414185,4.20068040778163,4.24729203525601,4.26040057885164,4.29157940645792,4.31431108929679,4.37142598264541,4.39543103964259,4.40600764096165,4.50204465196642,4.57855060156794,4.60805779548001,4.64340011197985,4.66883367871577,4.72952916714496,4.80272947306402,4.80730933084149,4.87291737742247,4.90582681735884,4.93856085402583,4.97846644415452,5.01409496009262,5.03413032211548,5.09055342790336,5.13814472068255,5.15387036923962,5.18048258698765,5.19413817482983,5.21452321718057,5.29750666573775,5.32841718832815,5.35783542473641,5.38731484188017,5.39732657938744,5.44442189257657,5.47395684987186,5.52359940933351,5.55836719930971,5.58482903854613,5.62476024987718,5.67431559637881,5.68912187074344,5.7201867753272,5.72862921410061,5.77473705469411,5.8074144749252,5.83386791550584,5.88602285098569,5.88917811195725,5.90978626647298,5.93618360213442,5.9508241322759,5.99906489155901,6.02794880869141,6.05822254829059,6.08030068052325,6.1119605878621,6.12829756544167,6.1563217765103,6.21984012141201,6.23962219140622,6.27880817253303,6.32070254167545,6.32925503840875,6.34734652959531,6.36116829672605,6.39601695268445,6.40263595469367,6.43772170401314,6.45582745919623,6.4958818570403,6.53029478152943,6.5774548935434,6.59749514228088,6.60604987586726,6.69883955692763,6.72669367906999,6.75231324849459,6.78951180160604,6.79297162892661,6.80631215074039,6.86014205305079,6.86641000132299,6.87303179900285,6.89323571136321,6.91718529418277,6.94275802282817,6.98191636241591,7.01112350997026,7.01627101065432,7.02587412046876,7.0577889907928,7.08120969552223,7.10933920182421,7.12760148008343,7.19571909006782,7.20578654383099,7.23483569438667,7.25113947173524,7.27905018487498,7.28796780860081,7.30963870220221,7.32794626499941,7.33830846387459,7.35710448309596,7.39605818927643,7.41960109064948,7.446995448369,7.46225671565316,7.47607203220967,7.50968749356097,7.5325779693412,7.55678776772168,7.57857087053534,7.61748875039046,7.62718771868273,7.63661328457251,7.65796772952274,7.70420379008793,7.71789801988279,7.73342941802948,7.76939152690337,7.81682151202272,7.82907210550964,7.85645523107349,7.86853820628843,7.89958692439526,7.90620035092982,7.96068963279967,7.97315260211326,7.99461333602606,8.01788373997599,8.04230363776424,8.08035676445152,8.13222790094197,8.14494237083452,8.16664187529946,8.1779421945032,8.218462286008,8.26237607135794,8.27347879355911,8.31072240537161,8.31983769687874,8.33260731035999,8.36994925956397,8.37193368485439,8.42946116712053,8.45322169572237,8.4802453867656,8.49959843499983,8.52044668954404,8.54274586666478,8.59090754389404,8.5972255856899,8.63638049620572,8.64635397645326,8.66951752651869,8.68316821803711,8.70398847910351,8.72605422531895,8.74938617117696,8.77038421972205,8.79910064827319,8.84298815204313,8.86340323954162,8.87650942441601,8.88801587209565,8.96094946638762,9.00964128046718,9.03472913820635,9.04844638464882,9.08682305210415,9.1038211176694,9.14544074864807,9.15415464148889,9.20720570061684,9.22846496381355,9.2374235680235,9.27513860214309,9.29762181320852,9.32481516249641,9.36746693445543,9.39579341817925,9.43230190880655,9.4483112382593,9.49906919099426,9.55193179945696,9.57048596373475,9.59497890464486,9.61922512295459,9.6628944845894,9.70395039641243,9.72970342777243,9.75988943006664,9.77728684522162,9.84449078671852,9.86562311448759,9.91823319228178,9.92836398788626,9.95215667773922,9.98484794374205,9.98880523651835,10.0376084381347,10.0782166619371,10.1024344474174,10.1170342406593,10.1517957492368,10.2104936873567,10.231449697891,10.2697531985964,10.2785647530424,10.3100817594617,10.3422481122762,10.3684392279565,10.3980721688881,10.4492287031768,10.4699166875158,10.4985179634668,10.5122552546638,10.5799272366467,10.6240418785202,10.6532210494095,10.6772500364392,10.7293512458815,10.8181545360686,10.8284635282985,10.8612970623119,10.8809233355423,10.9062349716555,11.0014478745019,11.0304186965645,11.0391316318582,11.07096558054,11.0989344423662,11.1405534636839,11.1612615198527,11.1887119780653,11.2725584912849,11.3127427204859,11.3368358677931,11.3602504151041,11.4331765349838,11.4732449732277,11.5075998119333,11.5428635536838,11.5611622547648,11.5828628911069,11.6642524999213,11.6852734372716,11.7205026262085,11.7732172610208,11.7918533814511,11.8154828735855,11.872775733946,11.9086105094158,11.9816049085018,11.990675953303,12.026104503537,12.1006601977358,12.1151573912737,12.1899884658059,12.2345319508301,12.2641712950851,12.2852796355025,12.3132682065947,12.3758546472027,12.4006316997066,12.4033059555657,12.4604881321132,12.4833517485283,12.5790232038657,12.5943762335389,12.6469851348447,12.6668329414039,12.7061504038299,12.7616498685036,12.8262538291742,12.8744123927481,12.879852905038,12.9082515168896,12.9180138266853,13.0050151620238,13.0330612242777,13.064404454931,13.1086179288555,13.1134856242817,13.1638306463525,13.2443247546312,13.2827316453525,13.3186912980599,13.3729627600566,13.4473679545641,13.4641406495027,13.4840542921229,13.5011326411565,13.5641155636697,13.5849196891386,13.635363195926,13.6883513828067,13.7306430466482,13.7737408915025,13.8192543155857,13.8305793865716,13.9065292651885,13.9523375539029,14.0165426105139,14.0517612350856,14.0984656144022,14.125474183861,14.1883899871538,14.2006167403393,14.2089820632795,14.3004059674624,14.3694083334285,14.3979459535879,14.4611578687852,14.5139135083697,14.5869948176832,14.6093578055443,14.6779252558473,14.6962179573214,14.7900311734787,14.7999078040223,14.8632112354614,14.9691598312289,15.0207306389788,15.11682719722,15.1847088649222,15.1945429148972,15.3269787448832,15.3593355922191,15.3806420990224,15.4947914283078,15.5356882309803,15.5757966117381,15.6845260632252,15.6958237417709,15.8299535449705,15.9344044558569,15.9425771418282,16.0950770679084,16.1689666224798,16.2074147705776,16.3389964278918,16.4535850192368,16.5364144154615,16.5921416955571,16.7071870322675,16.7884008125026,16.8298034930498,17.0042975058823,17.1227787553877,17.2664626716929,17.4690064548994,17.8855699831034,17.966839058288,18.0675343149646,18.1999472216428,18.3037266415625,18.4292572246569,18.5879562474814,18.9224162025099,18.9431966313824,19.12424968111,19.3799871166209,19.5674378625183,19.7157135308415,20.0493045412816,20.2055840697507,20.6158118273845,20.983205693145,21.4038387321818,23.2413584414674,NA,NA,NA,NA,NA,NA,NA,NA,NA,NA,NA,NA,NA,NA,NA,NA,NA,NA,NA,NA,NA,NA,NA,NA,NA,NA,NA,NA,NA,NA,NA,NA,NA,NA,NA,NA,NA,NA,NA,NA,NA,NA,NA,NA,NA,NA,NA,NA,NA,NA,NA
0.569493670388439,0.667182156968407,0.883013653856836,1.02914716705958,1.11682555457926,1.39497193226167,1.4559635560023,1.51468930736148,1.60412951446714,1.72731757084295,1.80857079317199,1.85023774330308,1.8617343646829,1.98337583396713,2.24762766344393,2.27558196776848,2.34030576542134,2.39094039950246,2.48613383809563,2.58059362576514,2.6794295896009,2.72181515098877,2.82528388124165,2.87492902863658,2.91226363838885,2.984147718217,3.0910486199082,3.14729938364498,3.19108016023969,3.2182739093391,3.28990245829261,3.35136030175637,3.40430351207992,3.46695785502079,3.5157369209933,3.54496341318639,3.6281355191478,3.66577909761341,3.78677066365289,3.84089154277305,3.87651308357182,3.92019006123368,3.98430373852826,4.03703515647353,4.11234663414185,4.20068040778163,4.24729203525601,4.26040057885164,4.29157940645792,4.31431108929679,4.37142598264541,4.39543103964259,4.40600764096165,4.50204465196642,4.57855060156794,4.60805779548001,4.64340011197985,4.66883367871577,4.72952916714496,4.80272947306402,4.80730933084149,4.87291737742247,4.90582681735884,4.93856085402583,4.97846644415452,5.01409496009262,5.03413032211548,5.09055342790336,5.13814472068255,5.15387036923962,5.18048258698765,5.19413817482983,5.21452321718057,5.29750666573775,5.32841718832815,5.35783542473641,5.38731484188017,5.39732657938744,5.44442189257657,5.47395684987186,5.52359940933351,5.55836719930971,5.58482903854613,5.62476024987718,5.67431559637881,5.68912187074344,5.7201867753272,5.72862921410061,5.77473705469411,5.8074144749252,5.83386791550584,5.88602285098569,5.88917811195725,5.90978626647298,5.93618360213442,5.9508241322759,5.99906489155901,6.02794880869141,6.05822254829059,6.08030068052325,6.1119605878621,6.12829756544167,6.1563217765103,6.21984012141201,6.23962219140622,6.27880817253303,6.32070254167545,6.32925503840875,6.34734652959531,6.36116829672605,6.39601695268445,6.40263595469367,6.43772170401314,6.45582745919623,6.4958818570403,6.53029478152943,6.5774548935434,6.59749514228088,6.60604987586726,6.69883955692763,6.72669367906999,6.75231324849459,6.78951180160604,6.79297162892661,6.80631215074039,6.86014205305079,6.86641000132299,6.87303179900285,6.89323571136321,6.91718529418277,6.94275802282817,6.98191636241591,7.01112350997026,7.01627101065432,7.02587412046876,7.0577889907928,7.08120969552223,7.10933920182421,7.12760148008343,7.19571909006782,7.20578654383099,7.23483569438667,7.25113947173524,7.27905018487498,7.28796780860081,7.30963870220221,7.32794626499941,7.33830846387459,7.35710448309596,7.39605818927643,7.41960109064948,7.446995448369,7.46225671565316,7.47607203220967,7.50968749356097,7.5325779693412,7.55678776772168,7.57857087053534,7.61748875039046,7.62718771868273,7.63661328457251,7.65796772952274,7.70420379008793,7.71789801988279,7.73342941802948,7.76939152690337,7.81682151202272,7.82907210550964,7.85645523107349,7.86853820628843,7.89958692439526,7.90620035092982,7.96068963279967,7.97315260211326,7.99461333602606,8.01788373997599,8.04230363776424,8.08035676445152,8.13222790094197,8.14494237083452,8.16664187529946,8.1779421945032,8.218462286008,8.26237607135794,8.27347879355911,8.31072240537161,8.31983769687874,8.33260731035999,8.36994925956397,8.37193368485439,8.42946116712053,8.45322169572237,8.4802453867656,8.49959843499983,8.52044668954404,8.54274586666478,8.59090754389404,8.5972255856899,8.63638049620572,8.64635397645326,8.66951752651869,8.68316821803711,8.70398847910351,8.72605422531895,8.74938617117696,8.77038421972205,8.79910064827319,8.84298815204313,8.86340323954162,8.87650942441601,8.88801587209565,8.96094946638762,9.00964128046718,9.03472913820635,9.04844638464882,9.08682305210415,9.1038211176694,9.14544074864807,9.15415464148889,9.20720570061684,9.22846496381355,9.2374235680235,9.27513860214309,9.29762181320852,9.32481516249641,9.36746693445543,9.39579341817925,9.43230190880655,9.4483112382593,9.49906919099426,9.55193179945696,9.57048596373475,9.59497890464486,9.61922512295459,9.6628944845894,9.70395039641243,9.72970342777243,9.75988943006664,9.77728684522162,9.84449078671852,9.86562311448759,9.91823319228178,9.92836398788626,9.95215667773922,9.98484794374205,9.98880523651835,10.0376084381347,10.0782166619371,10.1024344474174,10.1170342406593,10.1517957492368,10.2104936873567,10.231449697891,10.2697531985964,10.2785647530424,10.3100817594617,10.3422481122762,10.3684392279565,10.3980721688881,10.4492287031768,10.4699166875158,10.4985179634668,10.5122552546638,10.5799272366467,10.6240418785202,10.6532210494095,10.6772500364392,10.7293512458815,10.8181545360686,10.8284635282985,10.8612970623119,10.8809233355423,10.9062349716555,11.0014478745019,11.0304186965645,11.0391316318582,11.07096558054,11.0989344423662,11.1405534636839,11.1612615198527,11.1887119780653,11.2725584912849,11.3127427204859,11.3368358677931,11.3602504151041,11.4331765349838,11.4732449732277,11.5075998119333,11.5428635536838,11.5611622547648,11.5828628911069,11.6642524999213,11.6852734372716,11.7205026262085,11.7732172610208,11.7918533814511,11.8154828735855,11.872775733946,11.9086105094158,11.9816049085018,11.990675953303,12.026104503537,12.1006601977358,12.1151573912737,12.1899884658059,12.2345319508301,12.2641712950851,12.2852796355025,12.3132682065947,12.3758546472027,12.4006316997066,12.4033059555657,12.4604881321132,12.4833517485283,12.5790232038657,12.5943762335389,12.6469851348447,12.6668329414039,12.7061504038299,12.7616498685036,12.8262538291742,12.8744123927481,12.879852905038,12.9082515168896,12.9180138266853,13.0050151620238,13.0330612242777,13.064404454931,13.1086179288555,13.1134856242817,13.1638306463525,13.2443247546312,13.2827316453525,13.3186912980599,13.3729627600566,13.4473679545641,13.4641406495027,13.4840542921229,13.5011326411565,13.5641155636697,13.5849196891386,13.635363195926,13.6883513828067,13.7306430466482,13.7737408915025,13.8192543155857,13.8305793865716,13.9065292651885,13.9523375539029,14.0165426105139,14.0517612350856,14.0984656144022,14.125474183861,14.1883899871538,14.2006167403393,14.2089820632795,14.3004059674624,14.3694083334285,14.3979459535879,14.4611578687852,14.5139135083697,14.5869948176832,14.6093578055443,14.6779252558473,14.6962179573214,14.7900311734787,14.7999078040223,14.8632112354614,14.9691598312289,15.0207306389788,15.11682719722,15.1847088649222,15.1945429148972,15.3269787448832,15.3593355922191,15.3806420990224,15.4947914283078,15.5356882309803,15.5757966117381,15.6845260632252,15.6958237417709,15.8299535449705,15.9344044558569,15.9425771418282,16.0950770679084,16.1689666224798,16.2074147705776,16.3389964278918,16.4535850192368,16.5364144154615,16.5921416955571,16.7071870322675,16.7884008125026,16.8298034930498,17.0042975058823,17.1227787553877,17.2664626716929,17.4690064548994,17.8855699831034,17.966839058288,18.0675343149646,18.1999472216428,18.3037266415625,18.4292572246569,18.5879562474814,18.9224162025099,18.9431966313824,19.12424968111,19.3799871166209,19.5674378625183,19.7157135308415,20.0493045412816,20.2055840697507,20.6158118273845,20.983205693145,21.4038387321818,23.2413584414674,NA,NA,NA,NA,NA,NA,NA,NA,NA,NA,NA,NA,NA,NA,NA,NA,NA,NA,NA,NA,NA,NA,NA,NA,NA,NA,NA,NA,NA,NA,NA,NA,NA,NA,NA,NA,NA,NA,NA,NA,NA,NA,NA,NA,NA,NA,NA,NA,NA,NA,NA
0.569493670388439,0.667182156968407,0.883013653856836,1.02914716705958,1.11682555457926,1.39497193226167,1.4559635560023,1.51468930736148,1.60412951446714,1.72731757084295,1.80857079317199,1.85023774330308,1.8617343646829,1.98337583396713,2.24762766344393,2.27558196776848,2.34030576542134,2.39094039950246,2.48613383809563,2.58059362576514,2.6794295896009,2.72181515098877,2.82528388124165,2.87492902863658,2.91226363838885,2.984147718217,3.0910486199082,3.14729938364498,3.19108016023969,3.2182739093391,3.28990245829261,3.35136030175637,3.40430351207992,3.46695785502079,3.5157369209933,3.54496341318639,3.6281355191478,3.66577909761341,3.78677066365289,3.84089154277305,3.87651308357182,3.92019006123368,3.98430373852826,4.03703515647353,4.11234663414185,4.20068040778163,4.24729203525601,4.26040057885164,4.29157940645792,4.31431108929679,4.37142598264541,4.39543103964259,4.40600764096165,4.50204465196642,4.57855060156794,4.60805779548001,4.64340011197985,4.66883367871577,4.72952916714496,4.80272947306402,4.80730933084149,4.87291737742247,4.90582681735884,4.93856085402583,4.97846644415452,5.01409496009262,5.03413032211548,5.09055342790336,5.13814472068255,5.15387036923962,5.18048258698765,5.19413817482983,5.21452321718057,5.29750666573775,5.32841718832815,5.35783542473641,5.38731484188017,5.39732657938744,5.44442189257657,5.47395684987186,5.52359940933351,5.55836719930971,5.58482903854613,5.62476024987718,5.67431559637881,5.68912187074344,5.7201867753272,5.72862921410061,5.77473705469411,5.8074144749252,5.83386791550584,5.88602285098569,5.88917811195725,5.90978626647298,5.93618360213442,5.9508241322759,5.99906489155901,6.02794880869141,6.05822254829059,6.08030068052325,6.1119605878621,6.12829756544167,6.1563217765103,6.21984012141201,6.23962219140622,6.27880817253303,6.32070254167545,6.32925503840875,6.34734652959531,6.36116829672605,6.39601695268445,6.40263595469367,6.43772170401314,6.45582745919623,6.4958818570403,6.53029478152943,6.5774548935434,6.59749514228088,6.60604987586726,6.69883955692763,6.72669367906999,6.75231324849459,6.78951180160604,6.79297162892661,6.80631215074039,6.86014205305079,6.86641000132299,6.87303179900285,6.89323571136321,6.91718529418277,6.94275802282817,6.98191636241591,7.01112350997026,7.01627101065432,7.02587412046876,7.0577889907928,7.08120969552223,7.10933920182421,7.12760148008343,7.19571909006782,7.20578654383099,7.23483569438667,7.25113947173524,7.27905018487498,7.28796780860081,7.30963870220221,7.32794626499941,7.33830846387459,7.35710448309596,7.39605818927643,7.41960109064948,7.446995448369,7.46225671565316,7.47607203220967,7.50968749356097,7.5325779693412,7.55678776772168,7.57857087053534,7.61748875039046,7.62718771868273,7.63661328457251,7.65796772952274,7.70420379008793,7.71789801988279,7.73342941802948,7.76939152690337,7.81682151202272,7.82907210550964,7.85645523107349,7.86853820628843,7.89958692439526,7.90620035092982,7.96068963279967,7.97315260211326,7.99461333602606,8.01788373997599,8.04230363776424,8.08035676445152,8.13222790094197,8.14494237083452,8.16664187529946,8.1779421945032,8.218462286008,8.26237607135794,8.27347879355911,8.31072240537161,8.31983769687874,8.33260731035999,8.36994925956397,8.37193368485439,8.42946116712053,8.45322169572237,8.4802453867656,8.49959843499983,8.52044668954404,8.54274586666478,8.59090754389404,8.5972255856899,8.63638049620572,8.64635397645326,8.66951752651869,8.68316821803711,8.70398847910351,8.72605422531895,8.74938617117696,8.77038421972205,8.79910064827319,8.84298815204313,8.86340323954162,8.87650942441601,8.88801587209565,8.96094946638762,9.00964128046718,9.03472913820635,9.04844638464882,9.08682305210415,9.1038211176694,9.14544074864807,9.15415464148889,9.20720570061684,9.22846496381355,9.2374235680235,9.27513860214309,9.29762181320852,9.32481516249641,9.36746693445543,9.39579341817925,9.43230190880655,9.4483112382593,9.49906919099426,9.55193179945696,9.57048596373475,9.59497890464486,9.61922512295459,9.6628944845894,9.70395039641243,9.72970342777243,9.75988943006664,9.77728684522162,9.84449078671852,9.86562311448759,9.91823319228178,9.92836398788626,9.95215667773922,9.98484794374205,9.98880523651835,10.0376084381347,10.0782166619371,10.1024344474174,10.1170342406593,10.1517957492368,10.2104936873567,10.231449697891,10.2697531985964,10.2785647530424,10.3100817594617,10.3422481122762,10.3684392279565,10.3980721688881,10.4492287031768,10.4699166875158,10.4985179634668,10.5122552546638,10.5799272366467,10.6240418785202,10.6532210494095,10.6772500364392,10.7293512458815,10.8181545360686,10.8284635282985,10.8612970623119,10.8809233355423,10.9062349716555,11.0014478745019,11.0304186965645,11.0391316318582,11.07096558054,11.0989344423662,11.1405534636839,11.1612615198527,11.1887119780653,11.2725584912849,11.3127427204859,11.3368358677931,11.3602504151041,11.4331765349838,11.4732449732277,11.5075998119333,11.5428635536838,11.5611622547648,11.5828628911069,11.6642524999213,11.6852734372716,11.7205026262085,11.7732172610208,11.7918533814511,11.8154828735855,11.872775733946,11.9086105094158,11.9816049085018,11.990675953303,12.026104503537,12.1006601977358,12.1151573912737,12.1899884658059,12.2345319508301,12.2641712950851,12.2852796355025,12.3132682065947,12.3758546472027,12.4006316997066,12.4033059555657,12.4604881321132,12.4833517485283,12.5790232038657,12.5943762335389,12.6469851348447,12.6668329414039,12.7061504038299,12.7616498685036,12.8262538291742,12.8744123927481,12.879852905038,12.9082515168896,12.9180138266853,13.0050151620238,13.0330612242777,13.064404454931,13.1086179288555,13.1134856242817,13.1638306463525,13.2443247546312,13.2827316453525,13.3186912980599,13.3729627600566,13.4473679545641,13.4641406495027,13.4840542921229,13.5011326411565,13.5641155636697,13.5849196891386,13.635363195926,13.6883513828067,13.7306430466482,13.7737408915025,13.8192543155857,13.8305793865716,13.9065292651885,13.9523375539029,14.0165426105139,14.0517612350856,14.0984656144022,14.125474183861,14.1883899871538,14.2006167403393,14.2089820632795,14.3004059674624,14.3694083334285,14.3979459535879,14.4611578687852,14.5139135083697,14.5869948176832,14.6093578055443,14.6779252558473,14.6962179573214,14.7900311734787,14.7999078040223,14.8632112354614,14.9691598312289,15.0207306389788,15.11682719722,15.1847088649222,15.1945429148972,15.3269787448832,15.3593355922191,15.3806420990224,15.4947914283078,15.5356882309803,15.5757966117381,15.6845260632252,15.6958237417709,15.8299535449705,15.9344044558569,15.9425771418282,16.0950770679084,16.1689666224798,16.2074147705776,16.3389964278918,16.4535850192368,16.5364144154615,16.5921416955571,16.7071870322675,16.7884008125026,16.8298034930498,17.0042975058823,17.1227787553877,17.2664626716929,17.4690064548994,17.8855699831034,17.966839058288,18.0675343149646,18.1999472216428,18.3037266415625,18.4292572246569,18.5879562474814,18.9224162025099,18.9431966313824,19.12424968111,19.3799871166209,19.5674378625183,19.7157135308415,20.0493045412816,20.2055840697507,20.6158118273845,20.983205693145,21.4038387321818,23.2413584414674,NA,NA,NA,NA,NA,NA,NA,NA,NA,NA,NA,NA,NA,NA,NA,NA,NA,NA,NA,NA,NA,NA,NA,NA,NA,NA,NA,NA,NA,NA,NA,NA,NA,NA,NA,NA,NA,NA,NA,NA,NA,NA,NA,NA,NA,NA,NA,NA,NA,NA,NA
0.569493670388439,0.667182156968407,0.883013653856836,1.02914716705958,1.11682555457926,1.39497193226167,1.4559635560023,1.51468930736148,1.60412951446714,1.72731757084295,1.80857079317199,1.85023774330308,1.8617343646829,1.98337583396713,2.24762766344393,2.27558196776848,2.34030576542134,2.39094039950246,2.48613383809563,2.58059362576514,2.6794295896009,2.72181515098877,2.82528388124165,2.87492902863658,2.91226363838885,2.984147718217,3.0910486199082,3.14729938364498,3.19108016023969,3.2182739093391,3.28990245829261,3.35136030175637,3.40430351207992,3.46695785502079,3.5157369209933,3.54496341318639,3.6281355191478,3.66577909761341,3.78677066365289,3.84089154277305,3.87651308357182,3.92019006123368,3.98430373852826,4.03703515647353,4.11234663414185,4.20068040778163,4.24729203525601,4.26040057885164,4.29157940645792,4.31431108929679,4.37142598264541,4.39543103964259,4.40600764096165,4.50204465196642,4.57855060156794,4.60805779548001,4.64340011197985,4.66883367871577,4.72952916714496,4.80272947306402,4.80730933084149,4.87291737742247,4.90582681735884,4.93856085402583,4.97846644415452,5.01409496009262,5.03413032211548,5.09055342790336,5.13814472068255,5.15387036923962,5.18048258698765,5.19413817482983,5.21452321718057,5.29750666573775,5.32841718832815,5.35783542473641,5.38731484188017,5.39732657938744,5.44442189257657,5.47395684987186,5.52359940933351,5.55836719930971,5.58482903854613,5.62476024987718,5.67431559637881,5.68912187074344,5.7201867753272,5.72862921410061,5.77473705469411,5.8074144749252,5.83386791550584,5.88602285098569,5.88917811195725,5.90978626647298,5.93618360213442,5.9508241322759,5.99906489155901,6.02794880869141,6.05822254829059,6.08030068052325,6.1119605878621,6.12829756544167,6.1563217765103,6.21984012141201,6.23962219140622,6.27880817253303,6.32070254167545,6.32925503840875,6.34734652959531,6.36116829672605,6.39601695268445,6.40263595469367,6.43772170401314,6.45582745919623,6.4958818570403,6.53029478152943,6.5774548935434,6.59749514228088,6.60604987586726,6.69883955692763,6.72669367906999,6.75231324849459,6.78951180160604,6.79297162892661,6.80631215074039,6.86014205305079,6.86641000132299,6.87303179900285,6.89323571136321,6.91718529418277,6.94275802282817,6.98191636241591,7.01112350997026,7.01627101065432,7.02587412046876,7.0577889907928,7.08120969552223,7.10933920182421,7.12760148008343,7.19571909006782,7.20578654383099,7.23483569438667,7.25113947173524,7.27905018487498,7.28796780860081,7.30963870220221,7.32794626499941,7.33830846387459,7.35710448309596,7.39605818927643,7.41960109064948,7.446995448369,7.46225671565316,7.47607203220967,7.50968749356097,7.5325779693412,7.55678776772168,7.57857087053534,7.61748875039046,7.62718771868273,7.63661328457251,7.65796772952274,7.70420379008793,7.71789801988279,7.73342941802948,7.76939152690337,7.81682151202272,7.82907210550964,7.85645523107349,7.86853820628843,7.89958692439526,7.90620035092982,7.96068963279967,7.97315260211326,7.99461333602606,8.01788373997599,8.04230363776424,8.08035676445152,8.13222790094197,8.14494237083452,8.16664187529946,8.1779421945032,8.218462286008,8.26237607135794,8.27347879355911,8.31072240537161,8.31983769687874,8.33260731035999,8.36994925956397,8.37193368485439,8.42946116712053,8.45322169572237,8.4802453867656,8.49959843499983,8.52044668954404,8.54274586666478,8.59090754389404,8.5972255856899,8.63638049620572,8.64635397645326,8.66951752651869,8.68316821803711,8.70398847910351,8.72605422531895,8.74938617117696,8.77038421972205,8.79910064827319,8.84298815204313,8.86340323954162,8.87650942441601,8.88801587209565,8.96094946638762,9.00964128046718,9.03472913820635,9.04844638464882,9.08682305210415,9.1038211176694,9.14544074864807,9.15415464148889,9.20720570061684,9.22846496381355,9.2374235680235,9.27513860214309,9.29762181320852,9.32481516249641,9.36746693445543,9.39579341817925,9.43230190880655,9.4483112382593,9.49906919099426,9.55193179945696,9.57048596373475,9.59497890464486,9.61922512295459,9.6628944845894,9.70395039641243,9.72970342777243,9.75988943006664,9.77728684522162,9.84449078671852,9.86562311448759,9.91823319228178,9.92836398788626,9.95215667773922,9.98484794374205,9.98880523651835,10.0376084381347,10.0782166619371,10.1024344474174,10.1170342406593,10.1517957492368,10.2104936873567,10.231449697891,10.2697531985964,10.2785647530424,10.3100817594617,10.3422481122762,10.3684392279565,10.3980721688881,10.4492287031768,10.4699166875158,10.4985179634668,10.5122552546638,10.5799272366467,10.6240418785202,10.6532210494095,10.6772500364392,10.7293512458815,10.8181545360686,10.8284635282985,10.8612970623119,10.8809233355423,10.9062349716555,11.0014478745019,11.0304186965645,11.0391316318582,11.07096558054,11.0989344423662,11.1405534636839,11.1612615198527,11.1887119780653,11.2725584912849,11.3127427204859,11.3368358677931,11.3602504151041,11.4331765349838,11.4732449732277,11.5075998119333,11.5428635536838,11.5611622547648,11.5828628911069,11.6642524999213,11.6852734372716,11.7205026262085,11.7732172610208,11.7918533814511,11.8154828735855,11.872775733946,11.9086105094158,11.9816049085018,11.990675953303,12.026104503537,12.1006601977358,12.1151573912737,12.1899884658059,12.2345319508301,12.2641712950851,12.2852796355025,12.3132682065947,12.3758546472027,12.4006316997066,12.4033059555657,12.4604881321132,12.4833517485283,12.5790232038657,12.5943762335389,12.6469851348447,12.6668329414039,12.7061504038299,12.7616498685036,12.8262538291742,12.8744123927481,12.879852905038,12.9082515168896,12.9180138266853,13.0050151620238,13.0330612242777,13.064404454931,13.1086179288555,13.1134856242817,13.1638306463525,13.2443247546312,13.2827316453525,13.3186912980599,13.3729627600566,13.4473679545641,13.4641406495027,13.4840542921229,13.5011326411565,13.5641155636697,13.5849196891386,13.635363195926,13.6883513828067,13.7306430466482,13.7737408915025,13.8192543155857,13.8305793865716,13.9065292651885,13.9523375539029,14.0165426105139,14.0517612350856,14.0984656144022,14.125474183861,14.1883899871538,14.2006167403393,14.2089820632795,14.3004059674624,14.3694083334285,14.3979459535879,14.4611578687852,14.5139135083697,14.5869948176832,14.6093578055443,14.6779252558473,14.6962179573214,14.7900311734787,14.7999078040223,14.8632112354614,14.9691598312289,15.0207306389788,15.11682719722,15.1847088649222,15.1945429148972,15.3269787448832,15.3593355922191,15.3806420990224,15.4947914283078,15.5356882309803,15.5757966117381,15.6845260632252,15.6958237417709,15.8299535449705,15.9344044558569,15.9425771418282,16.0950770679084,16.1689666224798,16.2074147705776,16.3389964278918,16.4535850192368,16.5364144154615,16.5921416955571,16.7071870322675,16.7884008125026,16.8298034930498,17.0042975058823,17.1227787553877,17.2664626716929,17.4690064548994,17.8855699831034,17.966839058288,18.0675343149646,18.1999472216428,18.3037266415625,18.4292572246569,18.5879562474814,18.9224162025099,18.9431966313824,19.12424968111,19.3799871166209,19.5674378625183,19.7157135308415,20.0493045412816,20.2055840697507,20.6158118273845,20.983205693145,21.4038387321818,23.2413584414674,NA,NA,NA,NA,NA,NA,NA,NA,NA,NA,NA,NA,NA,NA,NA,NA,NA,NA,NA,NA,NA,NA,NA,NA,NA,NA,NA,NA,NA,NA,NA,NA,NA,NA,NA,NA,NA,NA,NA,NA,NA,NA,NA,NA,NA,NA,NA,NA,NA,NA,NA
0.569493670388439,0.667182156968407,0.883013653856836,1.02914716705958,1.11682555457926,1.39497193226167,1.4559635560023,1.51468930736148,1.60412951446714,1.72731757084295,1.80857079317199,1.85023774330308,1.8617343646829,1.98337583396713,2.24762766344393,2.27558196776848,2.34030576542134,2.39094039950246,2.48613383809563,2.58059362576514,2.6794295896009,2.72181515098877,2.82528388124165,2.87492902863658,2.91226363838885,2.984147718217,3.0910486199082,3.14729938364498,3.19108016023969,3.2182739093391,3.28990245829261,3.35136030175637,3.40430351207992,3.46695785502079,3.5157369209933,3.54496341318639,3.6281355191478,3.66577909761341,3.78677066365289,3.84089154277305,3.87651308357182,3.92019006123368,3.98430373852826,4.03703515647353,4.11234663414185,4.20068040778163,4.24729203525601,4.26040057885164,4.29157940645792,4.31431108929679,4.37142598264541,4.39543103964259,4.40600764096165,4.50204465196642,4.57855060156794,4.60805779548001,4.64340011197985,4.66883367871577,4.72952916714496,4.80272947306402,4.80730933084149,4.87291737742247,4.90582681735884,4.93856085402583,4.97846644415452,5.01409496009262,5.03413032211548,5.09055342790336,5.13814472068255,5.15387036923962,5.18048258698765,5.19413817482983,5.21452321718057,5.29750666573775,5.32841718832815,5.35783542473641,5.38731484188017,5.39732657938744,5.44442189257657,5.47395684987186,5.52359940933351,5.55836719930971,5.58482903854613,5.62476024987718,5.67431559637881,5.68912187074344,5.7201867753272,5.72862921410061,5.77473705469411,5.8074144749252,5.83386791550584,5.88602285098569,5.88917811195725,5.90978626647298,5.93618360213442,5.9508241322759,5.99906489155901,6.02794880869141,6.05822254829059,6.08030068052325,6.1119605878621,6.12829756544167,6.1563217765103,6.21984012141201,6.23962219140622,6.27880817253303,6.32070254167545,6.32925503840875,6.34734652959531,6.36116829672605,6.39601695268445,6.40263595469367,6.43772170401314,6.45582745919623,6.4958818570403,6.53029478152943,6.5774548935434,6.59749514228088,6.60604987586726,6.69883955692763,6.72669367906999,6.75231324849459,6.78951180160604,6.79297162892661,6.80631215074039,6.86014205305079,6.86641000132299,6.87303179900285,6.89323571136321,6.91718529418277,6.94275802282817,6.98191636241591,7.01112350997026,7.01627101065432,7.02587412046876,7.0577889907928,7.08120969552223,7.10933920182421,7.12760148008343,7.19571909006782,7.20578654383099,7.23483569438667,7.25113947173524,7.27905018487498,7.28796780860081,7.30963870220221,7.32794626499941,7.33830846387459,7.35710448309596,7.39605818927643,7.41960109064948,7.446995448369,7.46225671565316,7.47607203220967,7.50968749356097,7.5325779693412,7.55678776772168,7.57857087053534,7.61748875039046,7.62718771868273,7.63661328457251,7.65796772952274,7.70420379008793,7.71789801988279,7.73342941802948,7.76939152690337,7.81682151202272,7.82907210550964,7.85645523107349,7.86853820628843,7.89958692439526,7.90620035092982,7.96068963279967,7.97315260211326,7.99461333602606,8.01788373997599,8.04230363776424,8.08035676445152,8.13222790094197,8.14494237083452,8.16664187529946,8.1779421945032,8.218462286008,8.26237607135794,8.27347879355911,8.31072240537161,8.31983769687874,8.33260731035999,8.36994925956397,8.37193368485439,8.42946116712053,8.45322169572237,8.4802453867656,8.49959843499983,8.52044668954404,8.54274586666478,8.59090754389404,8.5972255856899,8.63638049620572,8.64635397645326,8.66951752651869,8.68316821803711,8.70398847910351,8.72605422531895,8.74938617117696,8.77038421972205,8.79910064827319,8.84298815204313,8.86340323954162,8.87650942441601,8.88801587209565,8.96094946638762,9.00964128046718,9.03472913820635,9.04844638464882,9.08682305210415,9.1038211176694,9.14544074864807,9.15415464148889,9.20720570061684,9.22846496381355,9.2374235680235,9.27513860214309,9.29762181320852,9.32481516249641,9.36746693445543,9.39579341817925,9.43230190880655,9.4483112382593,9.49906919099426,9.55193179945696,9.57048596373475,9.59497890464486,9.61922512295459,9.6628944845894,9.70395039641243,9.72970342777243,9.75988943006664,9.77728684522162,9.84449078671852,9.86562311448759,9.91823319228178,9.92836398788626,9.95215667773922,9.98484794374205,9.98880523651835,10.0376084381347,10.0782166619371,10.1024344474174,10.1170342406593,10.1517957492368,10.2104936873567,10.231449697891,10.2697531985964,10.2785647530424,10.3100817594617,10.3422481122762,10.3684392279565,10.3980721688881,10.4492287031768,10.4699166875158,10.4985179634668,10.5122552546638,10.5799272366467,10.6240418785202,10.6532210494095,10.6772500364392,10.7293512458815,10.8181545360686,10.8284635282985,10.8612970623119,10.8809233355423,10.9062349716555,11.0014478745019,11.0304186965645,11.0391316318582,11.07096558054,11.0989344423662,11.1405534636839,11.1612615198527,11.1887119780653,11.2725584912849,11.3127427204859,11.3368358677931,11.3602504151041,11.4331765349838,11.4732449732277,11.5075998119333,11.5428635536838,11.5611622547648,11.5828628911069,11.6642524999213,11.6852734372716,11.7205026262085,11.7732172610208,11.7918533814511,11.8154828735855,11.872775733946,11.9086105094158,11.9816049085018,11.990675953303,12.026104503537,12.1006601977358,12.1151573912737,12.1899884658059,12.2345319508301,12.2641712950851,12.2852796355025,12.3132682065947,12.3758546472027,12.4006316997066,12.4033059555657,12.4604881321132,12.4833517485283,12.5790232038657,12.5943762335389,12.6469851348447,12.6668329414039,12.7061504038299,12.7616498685036,12.8262538291742,12.8744123927481,12.879852905038,12.9082515168896,12.9180138266853,13.0050151620238,13.0330612242777,13.064404454931,13.1086179288555,13.1134856242817,13.1638306463525,13.2443247546312,13.2827316453525,13.3186912980599,13.3729627600566,13.4473679545641,13.4641406495027,13.4840542921229,13.5011326411565,13.5641155636697,13.5849196891386,13.635363195926,13.6883513828067,13.7306430466482,13.7737408915025,13.8192543155857,13.8305793865716,13.9065292651885,13.9523375539029,14.0165426105139,14.0517612350856,14.0984656144022,14.125474183861,14.1883899871538,14.2006167403393,14.2089820632795,14.3004059674624,14.3694083334285,14.3979459535879,14.4611578687852,14.5139135083697,14.5869948176832,14.6093578055443,14.6779252558473,14.6962179573214,14.7900311734787,14.7999078040223,14.8632112354614,14.9691598312289,15.0207306389788,15.11682719722,15.1847088649222,15.1945429148972,15.3269787448832,15.3593355922191,15.3806420990224,15.4947914283078,15.5356882309803,15.5757966117381,15.6845260632252,15.6958237417709,15.8299535449705,15.9344044558569,15.9425771418282,16.0950770679084,16.1689666224798,16.2074147705776,16.3389964278918,16.4535850192368,16.5364144154615,16.5921416955571,16.7071870322675,16.7884008125026,16.8298034930498,17.0042975058823,17.1227787553877,17.2664626716929,17.4690064548994,17.8855699831034,17.966839058288,18.0675343149646,18.1999472216428,18.3037266415625,18.4292572246569,18.5879562474814,18.9224162025099,18.9431966313824,19.12424968111,19.3799871166209,19.5674378625183,19.7157135308415,20.0493045412816,20.2055840697507,20.6158118273845,20.983205693145,21.4038387321818,23.2413584414674,NA,NA,NA,NA,NA,NA,NA,NA,NA,NA,NA,NA,NA,NA,NA,NA,NA,NA,NA,NA,NA,NA,NA,NA,NA,NA,NA,NA,NA,NA,NA,NA,NA,NA,NA,NA,NA,NA,NA,NA,NA,NA,NA,NA,NA,NA,NA,NA,NA,NA,NA
0.569493670388439,0.667182156968407,0.883013653856836,1.02914716705958,1.11682555457926,1.39497193226167,1.4559635560023,1.51468930736148,1.60412951446714,1.72731757084295,1.80857079317199,1.85023774330308,1.8617343646829,1.98337583396713,2.24762766344393,2.27558196776848,2.34030576542134,2.39094039950246,2.48613383809563,2.58059362576514,2.6794295896009,2.72181515098877,2.82528388124165,2.87492902863658,2.91226363838885,2.984147718217,3.0910486199082,3.14729938364498,3.19108016023969,3.2182739093391,3.28990245829261,3.35136030175637,3.40430351207992,3.46695785502079,3.5157369209933,3.54496341318639,3.6281355191478,3.66577909761341,3.78677066365289,3.84089154277305,3.87651308357182,3.92019006123368,3.98430373852826,4.03703515647353,4.11234663414185,4.20068040778163,4.24729203525601,4.26040057885164,4.29157940645792,4.31431108929679,4.37142598264541,4.39543103964259,4.40600764096165,4.50204465196642,4.57855060156794,4.60805779548001,4.64340011197985,4.66883367871577,4.72952916714496,4.80272947306402,4.80730933084149,4.87291737742247,4.90582681735884,4.93856085402583,4.97846644415452,5.01409496009262,5.03413032211548,5.09055342790336,5.13814472068255,5.15387036923962,5.18048258698765,5.19413817482983,5.21452321718057,5.29750666573775,5.32841718832815,5.35783542473641,5.38731484188017,5.39732657938744,5.44442189257657,5.47395684987186,5.52359940933351,5.55836719930971,5.58482903854613,5.62476024987718,5.67431559637881,5.68912187074344,5.7201867753272,5.72862921410061,5.77473705469411,5.8074144749252,5.83386791550584,5.88602285098569,5.88917811195725,5.90978626647298,5.93618360213442,5.9508241322759,5.99906489155901,6.02794880869141,6.05822254829059,6.08030068052325,6.1119605878621,6.12829756544167,6.1563217765103,6.21984012141201,6.23962219140622,6.27880817253303,6.32070254167545,6.32925503840875,6.34734652959531,6.36116829672605,6.39601695268445,6.40263595469367,6.43772170401314,6.45582745919623,6.4958818570403,6.53029478152943,6.5774548935434,6.59749514228088,6.60604987586726,6.69883955692763,6.72669367906999,6.75231324849459,6.78951180160604,6.79297162892661,6.80631215074039,6.86014205305079,6.86641000132299,6.87303179900285,6.89323571136321,6.91718529418277,6.94275802282817,6.98191636241591,7.01112350997026,7.01627101065432,7.02587412046876,7.0577889907928,7.08120969552223,7.10933920182421,7.12760148008343,7.19571909006782,7.20578654383099,7.23483569438667,7.25113947173524,7.27905018487498,7.28796780860081,7.30963870220221,7.32794626499941,7.33830846387459,7.35710448309596,7.39605818927643,7.41960109064948,7.446995448369,7.46225671565316,7.47607203220967,7.50968749356097,7.5325779693412,7.55678776772168,7.57857087053534,7.61748875039046,7.62718771868273,7.63661328457251,7.65796772952274,7.70420379008793,7.71789801988279,7.73342941802948,7.76939152690337,7.81682151202272,7.82907210550964,7.85645523107349,7.86853820628843,7.89958692439526,7.90620035092982,7.96068963279967,7.97315260211326,7.99461333602606,8.01788373997599,8.04230363776424,8.08035676445152,8.13222790094197,8.14494237083452,8.16664187529946,8.1779421945032,8.218462286008,8.26237607135794,8.27347879355911,8.31072240537161,8.31983769687874,8.33260731035999,8.36994925956397,8.37193368485439,8.42946116712053,8.45322169572237,8.4802453867656,8.49959843499983,8.52044668954404,8.54274586666478,8.59090754389404,8.5972255856899,8.63638049620572,8.64635397645326,8.66951752651869,8.68316821803711,8.70398847910351,8.72605422531895,8.74938617117696,8.77038421972205,8.79910064827319,8.84298815204313,8.86340323954162,8.87650942441601,8.88801587209565,8.96094946638762,9.00964128046718,9.03472913820635,9.04844638464882,9.08682305210415,9.1038211176694,9.14544074864807,9.15415464148889,9.20720570061684,9.22846496381355,9.2374235680235,9.27513860214309,9.29762181320852,9.32481516249641,9.36746693445543,9.39579341817925,9.43230190880655,9.4483112382593,9.49906919099426,9.55193179945696,9.57048596373475,9.59497890464486,9.61922512295459,9.6628944845894,9.70395039641243,9.72970342777243,9.75988943006664,9.77728684522162,9.84449078671852,9.86562311448759,9.91823319228178,9.92836398788626,9.95215667773922,9.98484794374205,9.98880523651835,10.0376084381347,10.0782166619371,10.1024344474174,10.1170342406593,10.1517957492368,10.2104936873567,10.231449697891,10.2697531985964,10.2785647530424,10.3100817594617,10.3422481122762,10.3684392279565,10.3980721688881,10.4492287031768,10.4699166875158,10.4985179634668,10.5122552546638,10.5799272366467,10.6240418785202,10.6532210494095,10.6772500364392,10.7293512458815,10.8181545360686,10.8284635282985,10.8612970623119,10.8809233355423,10.9062349716555,11.0014478745019,11.0304186965645,11.0391316318582,11.07096558054,11.0989344423662,11.1405534636839,11.1612615198527,11.1887119780653,11.2725584912849,11.3127427204859,11.3368358677931,11.3602504151041,11.4331765349838,11.4732449732277,11.5075998119333,11.5428635536838,11.5611622547648,11.5828628911069,11.6642524999213,11.6852734372716,11.7205026262085,11.7732172610208,11.7918533814511,11.8154828735855,11.872775733946,11.9086105094158,11.9816049085018,11.990675953303,12.026104503537,12.1006601977358,12.1151573912737,12.1899884658059,12.2345319508301,12.2641712950851,12.2852796355025,12.3132682065947,12.3758546472027,12.4006316997066,12.4033059555657,12.4604881321132,12.4833517485283,12.5790232038657,12.5943762335389,12.6469851348447,12.6668329414039,12.7061504038299,12.7616498685036,12.8262538291742,12.8744123927481,12.879852905038,12.9082515168896,12.9180138266853,13.0050151620238,13.0330612242777,13.064404454931,13.1086179288555,13.1134856242817,13.1638306463525,13.2443247546312,13.2827316453525,13.3186912980599,13.3729627600566,13.4473679545641,13.4641406495027,13.4840542921229,13.5011326411565,13.5641155636697,13.5849196891386,13.635363195926,13.6883513828067,13.7306430466482,13.7737408915025,13.8192543155857,13.8305793865716,13.9065292651885,13.9523375539029,14.0165426105139,14.0517612350856,14.0984656144022,14.125474183861,14.1883899871538,14.2006167403393,14.2089820632795,14.3004059674624,14.3694083334285,14.3979459535879,14.4611578687852,14.5139135083697,14.5869948176832,14.6093578055443,14.6779252558473,14.6962179573214,14.7900311734787,14.7999078040223,14.8632112354614,14.9691598312289,15.0207306389788,15.11682719722,15.1847088649222,15.1945429148972,15.3269787448832,15.3593355922191,15.3806420990224,15.4947914283078,15.5356882309803,15.5757966117381,15.6845260632252,15.6958237417709,15.8299535449705,15.9344044558569,15.9425771418282,16.0950770679084,16.1689666224798,16.2074147705776,16.3389964278918,16.4535850192368,16.5364144154615,16.5921416955571,16.7071870322675,16.7884008125026,16.8298034930498,17.0042975058823,17.1227787553877,17.2664626716929,17.4690064548994,17.8855699831034,17.966839058288,18.0675343149646,18.1999472216428,18.3037266415625,18.4292572246569,18.5879562474814,18.9224162025099,18.9431966313824,19.12424968111,19.3799871166209,19.5674378625183,19.7157135308415,20.0493045412816,20.2055840697507,20.6158118273845,20.983205693145,21.4038387321818,23.2413584414674,NA,NA,NA,NA,NA,NA,NA,NA,NA,NA,NA,NA,NA,NA,NA,NA,NA,NA,NA,NA,NA,NA,NA,NA,NA,NA,NA,NA,NA,NA,NA,NA,NA,NA,NA,NA,NA,NA,NA,NA,NA,NA,NA,NA,NA,NA,NA,NA,NA,NA,NA
0.569493670388439,0.667182156968407,0.883013653856836,1.02914716705958,1.11682555457926,1.39497193226167,1.4559635560023,1.51468930736148,1.60412951446714,1.72731757084295,1.80857079317199,1.85023774330308,1.8617343646829,1.98337583396713,2.24762766344393,2.27558196776848,2.34030576542134,2.39094039950246,2.48613383809563,2.58059362576514,2.6794295896009,2.72181515098877,2.82528388124165,2.87492902863658,2.91226363838885,2.984147718217,3.0910486199082,3.14729938364498,3.19108016023969,3.2182739093391,3.28990245829261,3.35136030175637,3.40430351207992,3.46695785502079,3.5157369209933,3.54496341318639,3.6281355191478,3.66577909761341,3.78677066365289,3.84089154277305,3.87651308357182,3.92019006123368,3.98430373852826,4.03703515647353,4.11234663414185,4.20068040778163,4.24729203525601,4.26040057885164,4.29157940645792,4.31431108929679,4.37142598264541,4.39543103964259,4.40600764096165,4.50204465196642,4.57855060156794,4.60805779548001,4.64340011197985,4.66883367871577,4.72952916714496,4.80272947306402,4.80730933084149,4.87291737742247,4.90582681735884,4.93856085402583,4.97846644415452,5.01409496009262,5.03413032211548,5.09055342790336,5.13814472068255,5.15387036923962,5.18048258698765,5.19413817482983,5.21452321718057,5.29750666573775,5.32841718832815,5.35783542473641,5.38731484188017,5.39732657938744,5.44442189257657,5.47395684987186,5.52359940933351,5.55836719930971,5.58482903854613,5.62476024987718,5.67431559637881,5.68912187074344,5.7201867753272,5.72862921410061,5.77473705469411,5.8074144749252,5.83386791550584,5.88602285098569,5.88917811195725,5.90978626647298,5.93618360213442,5.9508241322759,5.99906489155901,6.02794880869141,6.05822254829059,6.08030068052325,6.1119605878621,6.12829756544167,6.1563217765103,6.21984012141201,6.23962219140622,6.27880817253303,6.32070254167545,6.32925503840875,6.34734652959531,6.36116829672605,6.39601695268445,6.40263595469367,6.43772170401314,6.45582745919623,6.4958818570403,6.53029478152943,6.5774548935434,6.59749514228088,6.60604987586726,6.69883955692763,6.72669367906999,6.75231324849459,6.78951180160604,6.79297162892661,6.80631215074039,6.86014205305079,6.86641000132299,6.87303179900285,6.89323571136321,6.91718529418277,6.94275802282817,6.98191636241591,7.01112350997026,7.01627101065432,7.02587412046876,7.0577889907928,7.08120969552223,7.10933920182421,7.12760148008343,7.19571909006782,7.20578654383099,7.23483569438667,7.25113947173524,7.27905018487498,7.28796780860081,7.30963870220221,7.32794626499941,7.33830846387459,7.35710448309596,7.39605818927643,7.41960109064948,7.446995448369,7.46225671565316,7.47607203220967,7.50968749356097,7.5325779693412,7.55678776772168,7.57857087053534,7.61748875039046,7.62718771868273,7.63661328457251,7.65796772952274,7.70420379008793,7.71789801988279,7.73342941802948,7.76939152690337,7.81682151202272,7.82907210550964,7.85645523107349,7.86853820628843,7.89958692439526,7.90620035092982,7.96068963279967,7.97315260211326,7.99461333602606,8.01788373997599,8.04230363776424,8.08035676445152,8.13222790094197,8.14494237083452,8.16664187529946,8.1779421945032,8.218462286008,8.26237607135794,8.27347879355911,8.31072240537161,8.31983769687874,8.33260731035999,8.36994925956397,8.37193368485439,8.42946116712053,8.45322169572237,8.4802453867656,8.49959843499983,8.52044668954404,8.54274586666478,8.59090754389404,8.5972255856899,8.63638049620572,8.64635397645326,8.66951752651869,8.68316821803711,8.70398847910351,8.72605422531895,8.74938617117696,8.77038421972205,8.79910064827319,8.84298815204313,8.86340323954162,8.87650942441601,8.88801587209565,8.96094946638762,9.00964128046718,9.03472913820635,9.04844638464882,9.08682305210415,9.1038211176694,9.14544074864807,9.15415464148889,9.20720570061684,9.22846496381355,9.2374235680235,9.27513860214309,9.29762181320852,9.32481516249641,9.36746693445543,9.39579341817925,9.43230190880655,9.4483112382593,9.49906919099426,9.55193179945696,9.57048596373475,9.59497890464486,9.61922512295459,9.6628944845894,9.70395039641243,9.72970342777243,9.75988943006664,9.77728684522162,9.84449078671852,9.86562311448759,9.91823319228178,9.92836398788626,9.95215667773922,9.98484794374205,9.98880523651835,10.0376084381347,10.0782166619371,10.1024344474174,10.1170342406593,10.1517957492368,10.2104936873567,10.231449697891,10.2697531985964,10.2785647530424,10.3100817594617,10.3422481122762,10.3684392279565,10.3980721688881,10.4492287031768,10.4699166875158,10.4985179634668,10.5122552546638,10.5799272366467,10.6240418785202,10.6532210494095,10.6772500364392,10.7293512458815,10.8181545360686,10.8284635282985,10.8612970623119,10.8809233355423,10.9062349716555,11.0014478745019,11.0304186965645,11.0391316318582,11.07096558054,11.0989344423662,11.1405534636839,11.1612615198527,11.1887119780653,11.2725584912849,11.3127427204859,11.3368358677931,11.3602504151041,11.4331765349838,11.4732449732277,11.5075998119333,11.5428635536838,11.5611622547648,11.5828628911069,11.6642524999213,11.6852734372716,11.7205026262085,11.7732172610208,11.7918533814511,11.8154828735855,11.872775733946,11.9086105094158,11.9816049085018,11.990675953303,12.026104503537,12.1006601977358,12.1151573912737,12.1899884658059,12.2345319508301,12.2641712950851,12.2852796355025,12.3132682065947,12.3758546472027,12.4006316997066,12.4033059555657,12.4604881321132,12.4833517485283,12.5790232038657,12.5943762335389,12.6469851348447,12.6668329414039,12.7061504038299,12.7616498685036,12.8262538291742,12.8744123927481,12.879852905038,12.9082515168896,12.9180138266853,13.0050151620238,13.0330612242777,13.064404454931,13.1086179288555,13.1134856242817,13.1638306463525,13.2443247546312,13.2827316453525,13.3186912980599,13.3729627600566,13.4473679545641,13.4641406495027,13.4840542921229,13.5011326411565,13.5641155636697,13.5849196891386,13.635363195926,13.6883513828067,13.7306430466482,13.7737408915025,13.8192543155857,13.8305793865716,13.9065292651885,13.9523375539029,14.0165426105139,14.0517612350856,14.0984656144022,14.125474183861,14.1883899871538,14.2006167403393,14.2089820632795,14.3004059674624,14.3694083334285,14.3979459535879,14.4611578687852,14.5139135083697,14.5869948176832,14.6093578055443,14.6779252558473,14.6962179573214,14.7900311734787,14.7999078040223,14.8632112354614,14.9691598312289,15.0207306389788,15.11682719722,15.1847088649222,15.1945429148972,15.3269787448832,15.3593355922191,15.3806420990224,15.4947914283078,15.5356882309803,15.5757966117381,15.6845260632252,15.6958237417709,15.8299535449705,15.9344044558569,15.9425771418282,16.0950770679084,16.1689666224798,16.2074147705776,16.3389964278918,16.4535850192368,16.5364144154615,16.5921416955571,16.7071870322675,16.7884008125026,16.8298034930498,17.0042975058823,17.1227787553877,17.2664626716929,17.4690064548994,17.8855699831034,17.966839058288,18.0675343149646,18.1999472216428,18.3037266415625,18.4292572246569,18.5879562474814,18.9224162025099,18.9431966313824,19.12424968111,19.3799871166209,19.5674378625183,19.7157135308415,20.0493045412816,20.2055840697507,20.6158118273845,20.983205693145,21.4038387321818,23.2413584414674,NA,NA,NA,NA,NA,NA,NA,NA,NA,NA,NA,NA,NA,NA,NA,NA,NA,NA,NA,NA,NA,NA,NA,NA,NA,NA,NA,NA,NA,NA,NA,NA,NA,NA,NA,NA,NA,NA,NA,NA,NA,NA,NA,NA,NA,NA,NA,NA,NA,NA,NA
0.569493670388439,0.667182156968407,0.883013653856836,1.02914716705958,1.11682555457926,1.39497193226167,1.4559635560023,1.51468930736148,1.60412951446714,1.72731757084295,1.80857079317199,1.85023774330308,1.8617343646829,1.98337583396713,2.24762766344393,2.27558196776848,2.34030576542134,2.39094039950246,2.48613383809563,2.58059362576514,2.6794295896009,2.72181515098877,2.82528388124165,2.87492902863658,2.91226363838885,2.984147718217,3.0910486199082,3.14729938364498,3.19108016023969,3.2182739093391,3.28990245829261,3.35136030175637,3.40430351207992,3.46695785502079,3.5157369209933,3.54496341318639,3.6281355191478,3.66577909761341,3.78677066365289,3.84089154277305,3.87651308357182,3.92019006123368,3.98430373852826,4.03703515647353,4.11234663414185,4.20068040778163,4.24729203525601,4.26040057885164,4.29157940645792,4.31431108929679,4.37142598264541,4.39543103964259,4.40600764096165,4.50204465196642,4.57855060156794,4.60805779548001,4.64340011197985,4.66883367871577,4.72952916714496,4.80272947306402,4.80730933084149,4.87291737742247,4.90582681735884,4.93856085402583,4.97846644415452,5.01409496009262,5.03413032211548,5.09055342790336,5.13814472068255,5.15387036923962,5.18048258698765,5.19413817482983,5.21452321718057,5.29750666573775,5.32841718832815,5.35783542473641,5.38731484188017,5.39732657938744,5.44442189257657,5.47395684987186,5.52359940933351,5.55836719930971,5.58482903854613,5.62476024987718,5.67431559637881,5.68912187074344,5.7201867753272,5.72862921410061,5.77473705469411,5.8074144749252,5.83386791550584,5.88602285098569,5.88917811195725,5.90978626647298,5.93618360213442,5.9508241322759,5.99906489155901,6.02794880869141,6.05822254829059,6.08030068052325,6.1119605878621,6.12829756544167,6.1563217765103,6.21984012141201,6.23962219140622,6.27880817253303,6.32070254167545,6.32925503840875,6.34734652959531,6.36116829672605,6.39601695268445,6.40263595469367,6.43772170401314,6.45582745919623,6.4958818570403,6.53029478152943,6.5774548935434,6.59749514228088,6.60604987586726,6.69883955692763,6.72669367906999,6.75231324849459,6.78951180160604,6.79297162892661,6.80631215074039,6.86014205305079,6.86641000132299,6.87303179900285,6.89323571136321,6.91718529418277,6.94275802282817,6.98191636241591,7.01112350997026,7.01627101065432,7.02587412046876,7.0577889907928,7.08120969552223,7.10933920182421,7.12760148008343,7.19571909006782,7.20578654383099,7.23483569438667,7.25113947173524,7.27905018487498,7.28796780860081,7.30963870220221,7.32794626499941,7.33830846387459,7.35710448309596,7.39605818927643,7.41960109064948,7.446995448369,7.46225671565316,7.47607203220967,7.50968749356097,7.5325779693412,7.55678776772168,7.57857087053534,7.61748875039046,7.62718771868273,7.63661328457251,7.65796772952274,7.70420379008793,7.71789801988279,7.73342941802948,7.76939152690337,7.81682151202272,7.82907210550964,7.85645523107349,7.86853820628843,7.89958692439526,7.90620035092982,7.96068963279967,7.97315260211326,7.99461333602606,8.01788373997599,8.04230363776424,8.08035676445152,8.13222790094197,8.14494237083452,8.16664187529946,8.1779421945032,8.218462286008,8.26237607135794,8.27347879355911,8.31072240537161,8.31983769687874,8.33260731035999,8.36994925956397,8.37193368485439,8.42946116712053,8.45322169572237,8.4802453867656,8.49959843499983,8.52044668954404,8.54274586666478,8.59090754389404,8.5972255856899,8.63638049620572,8.64635397645326,8.66951752651869,8.68316821803711,8.70398847910351,8.72605422531895,8.74938617117696,8.77038421972205,8.79910064827319,8.84298815204313,8.86340323954162,8.87650942441601,8.88801587209565,8.96094946638762,9.00964128046718,9.03472913820635,9.04844638464882,9.08682305210415,9.1038211176694,9.14544074864807,9.15415464148889,9.20720570061684,9.22846496381355,9.2374235680235,9.27513860214309,9.29762181320852,9.32481516249641,9.36746693445543,9.39579341817925,9.43230190880655,9.4483112382593,9.49906919099426,9.55193179945696,9.57048596373475,9.59497890464486,9.61922512295459,9.6628944845894,9.70395039641243,9.72970342777243,9.75988943006664,9.77728684522162,9.84449078671852,9.86562311448759,9.91823319228178,9.92836398788626,9.95215667773922,9.98484794374205,9.98880523651835,10.0376084381347,10.0782166619371,10.1024344474174,10.1170342406593,10.1517957492368,10.2104936873567,10.231449697891,10.2697531985964,10.2785647530424,10.3100817594617,10.3422481122762,10.3684392279565,10.3980721688881,10.4492287031768,10.4699166875158,10.4985179634668,10.5122552546638,10.5799272366467,10.6240418785202,10.6532210494095,10.6772500364392,10.7293512458815,10.8181545360686,10.8284635282985,10.8612970623119,10.8809233355423,10.9062349716555,11.0014478745019,11.0304186965645,11.0391316318582,11.07096558054,11.0989344423662,11.1405534636839,11.1612615198527,11.1887119780653,11.2725584912849,11.3127427204859,11.3368358677931,11.3602504151041,11.4331765349838,11.4732449732277,11.5075998119333,11.5428635536838,11.5611622547648,11.5828628911069,11.6642524999213,11.6852734372716,11.7205026262085,11.7732172610208,11.7918533814511,11.8154828735855,11.872775733946,11.9086105094158,11.9816049085018,11.990675953303,12.026104503537,12.1006601977358,12.1151573912737,12.1899884658059,12.2345319508301,12.2641712950851,12.2852796355025,12.3132682065947,12.3758546472027,12.4006316997066,12.4033059555657,12.4604881321132,12.4833517485283,12.5790232038657,12.5943762335389,12.6469851348447,12.6668329414039,12.7061504038299,12.7616498685036,12.8262538291742,12.8744123927481,12.879852905038,12.9082515168896,12.9180138266853,13.0050151620238,13.0330612242777,13.064404454931,13.1086179288555,13.1134856242817,13.1638306463525,13.2443247546312,13.2827316453525,13.3186912980599,13.3729627600566,13.4473679545641,13.4641406495027,13.4840542921229,13.5011326411565,13.5641155636697,13.5849196891386,13.635363195926,13.6883513828067,13.7306430466482,13.7737408915025,13.8192543155857,13.8305793865716,13.9065292651885,13.9523375539029,14.0165426105139,14.0517612350856,14.0984656144022,14.125474183861,14.1883899871538,14.2006167403393,14.2089820632795,14.3004059674624,14.3694083334285,14.3979459535879,14.4611578687852,14.5139135083697,14.5869948176832,14.6093578055443,14.6779252558473,14.6962179573214,14.7900311734787,14.7999078040223,14.8632112354614,14.9691598312289,15.0207306389788,15.11682719722,15.1847088649222,15.1945429148972,15.3269787448832,15.3593355922191,15.3806420990224,15.4947914283078,15.5356882309803,15.5757966117381,15.6845260632252,15.6958237417709,15.8299535449705,15.9344044558569,15.9425771418282,16.0950770679084,16.1689666224798,16.2074147705776,16.3389964278918,16.4535850192368,16.5364144154615,16.5921416955571,16.7071870322675,16.7884008125026,16.8298034930498,17.0042975058823,17.1227787553877,17.2664626716929,17.4690064548994,17.8855699831034,17.966839058288,18.0675343149646,18.1999472216428,18.3037266415625,18.4292572246569,18.5879562474814,18.9224162025099,18.9431966313824,19.12424968111,19.3799871166209,19.5674378625183,19.7157135308415,20.0493045412816,20.2055840697507,20.6158118273845,20.983205693145,21.4038387321818,23.2413584414674,NA,NA,NA,NA,NA,NA,NA,NA,NA,NA,NA,NA,NA,NA,NA,NA,NA,NA,NA,NA,NA,NA,NA,NA,NA,NA,NA,NA,NA,NA,NA,NA,NA,NA,NA,NA,NA,NA,NA,NA,NA,NA,NA,NA,NA,NA,NA,NA,NA,NA,NA
0.535347805994956,0.600043990476218,0.718322574521694,0.994659006442158,1.07660454444882,1.27355038557182,1.41318030168279,1.50456114624353,1.52317612271472,1.75666054463568,1.7976422277967,1.80995499064714,1.88310652900523,1.94118371179728,2.19004640717344,2.20302083263084,2.28629743384636,2.42825644927023,2.52765120447611,2.53839538536986,2.61244172632687,2.68124807628617,2.72610537387649,2.78031382098352,2.88759595380696,2.96111215574675,2.99934267875158,3.06158571313214,3.13175778227276,3.16901355288221,3.22761345836655,3.30939403689668,3.38765030444131,3.44860676856422,3.45822433265552,3.4943823334794,3.57713207788775,3.61255458042392,3.70681607584098,3.75736940133087,3.78876326064784,3.82838985416491,3.86585309757563,3.90793223942677,3.93827970588706,4.03986346441936,4.09766166099759,4.13527253359392,4.20633503094681,4.24957222438117,4.26826000082852,4.28458804068541,4.32543817588221,4.39207237500087,4.4105405444064,4.446443860252,4.50855548673894,4.54912570623912,4.61159611597585,4.64502201503552,4.65902677536125,4.7329719180815,4.79843539476282,4.82574172865124,4.85373055135578,4.90613220047497,4.9270527859986,4.97027696321178,5.00458291928422,5.06822929626611,5.08433198074947,5.08873475442274,5.13668491816875,5.15519853850194,5.17517987001164,5.19363561795038,5.21041668695139,5.27249562383754,5.31020176185005,5.33391603205289,5.34685074123351,5.39363750666266,5.43231299335726,5.44959479425057,5.4919414161175,5.52390627913036,5.57778905552943,5.6157362725745,5.63303023147045,5.68283435983198,5.71435912356264,5.72218582320322,5.74106372103394,5.79421640719839,5.84519272785887,5.87563787479613,5.88267554603451,5.91586103199506,5.93113291931898,5.94883500138991,5.96215035103189,5.99843996488387,6.02413401683724,6.04586562670739,6.06787675259358,6.06998416566439,6.13317697352571,6.13631504150696,6.15846908008812,6.20736086514586,6.24724423969593,6.26920477988021,6.32144414499656,6.3340136838322,6.3522579080839,6.36071111246862,6.40038675536751,6.41141271540368,6.43485667924665,6.43685366906276,6.48631414571578,6.50189973153337,6.56438727804804,6.59748475145434,6.60601667180111,6.65461959450255,6.69926847235466,6.72395526873232,6.75325851473609,6.76786721403879,6.81388516223769,6.82739148222962,6.84723765526373,6.87230153468308,6.88060983370392,6.91849106371582,6.93579035692631,6.95802011081823,6.97144247823116,6.99716907430422,7.01812513013277,7.02139117633384,7.05922830662296,7.10950627678896,7.12741139368838,7.15265744764468,7.17335234692334,7.21284246957487,7.21584055424116,7.24371662000068,7.25762572844988,7.28963925491986,7.30336170927804,7.32241263584075,7.35576887334011,7.37771843105325,7.39507398306365,7.43272195404315,7.45117483514874,7.4587493121291,7.4805245758848,7.51165508709814,7.53100461880958,7.55444938135821,7.57392065247301,7.61960563245275,7.6240789793988,7.66126109717086,7.6781184995091,7.69750826779503,7.70968481355785,7.7306002271112,7.77521789686939,7.78513887112975,7.81205907673448,7.85491632303137,7.86109578055967,7.87249116939806,7.88981666296821,7.93786898818999,7.94391271132801,7.96338442608792,8.02597861938211,8.03336635998419,8.07832536141499,8.09013578520871,8.10295863325498,8.10531880951074,8.16584371334747,8.17711939105952,8.20268197224925,8.23694797614721,8.28065248198858,8.28097442136898,8.31122538290584,8.33105913650118,8.36538297185669,8.39058995919552,8.40858639967023,8.43662207669305,8.45632212459985,8.47124417547533,8.50428129423902,8.51183049933178,8.55847095529333,8.58026176063984,8.59888898019918,8.63944272350981,8.64586063877615,8.65268652558212,8.70609117388301,8.73653614294284,8.74696121113115,8.76905964348077,8.7836511726987,8.80616217256478,8.82809140450415,8.87015429782843,8.90750267312509,8.91417158107715,8.94952703787322,9.00294398465118,9.04158307807326,9.07663024972159,9.09450572649857,9.10934852918352,9.13083722389492,9.17363109467006,9.2282195874785,9.24225910025351,9.28915041155414,9.30361840318441,9.32707927122853,9.37849006695953,9.38908539567927,9.41758531196735,9.44952294149698,9.4710237490838,9.51090891942277,9.51730968743081,9.57556754172606,9.60708999151944,9.62570866483893,9.66652036039524,9.68929438893623,9.70982348224314,9.74076143331136,9.7597942008038,9.79818317094402,9.86308563977047,9.87004957750451,9.92216129053774,9.93619550030022,9.97510632526067,9.98766496127907,10.0245428751879,10.0541150094108,10.0781900782741,10.0947034503373,10.1558685230267,10.1748060516376,10.1976454453711,10.2257109075073,10.2333970400219,10.2627074423206,10.2887388396187,10.3307673392216,10.3510316615519,10.3996240430772,10.4173517293068,10.4489867765283,10.4838196065611,10.5385968961739,10.5694013396354,10.5991683669077,10.645728942459,10.7120165362539,10.7209074795958,10.7550811746563,10.8115241221418,10.8172023997465,10.8731407882066,10.9323718233209,10.9515785634988,11.0349018159165,11.0530069591682,11.0951832378827,11.1343811150178,11.15969177109,11.1722608849133,11.207948875732,11.20998446696,11.2678462412458,11.3405497676079,11.3937749428895,11.4079203900363,11.433449900243,11.4811186170353,11.4986323882626,11.5556915225166,11.5720022569787,11.6020296968871,11.6054250434204,11.7356009453378,11.7513615313324,11.8082412490273,11.8271236208928,11.8437432850182,11.8910856186542,11.9303930663041,11.9356133190664,12.0134146368918,12.0770482119762,12.1077588600811,12.121604482292,12.1491052903481,12.1979866091535,12.2839297107787,12.2948842245749,12.3300486276154,12.344053494963,12.3916236709092,12.4218386499988,12.4793874287729,12.5211863443652,12.5883145320603,12.6414334566546,12.6683817152996,12.6807971139865,12.7471617260488,12.7862764445109,12.8356797637194,12.8657397103196,12.8854145624294,12.938967122596,12.9683476323027,12.9905090797627,13.0326241937565,13.0734483850767,13.1060504512161,13.1619542921045,13.2268102123345,13.2504841509617,13.2702473233698,13.3639145424563,13.3987119743474,13.4294436504735,13.475062829617,13.4999683919184,13.5251469081236,13.5682139023428,13.6180106821728,13.6403230562369,13.6839674883868,13.7243980449821,13.7575116539615,13.799293174543,13.843015985758,13.9018332992772,13.9304397836897,13.9897430637698,14.0138343090726,14.1242947440981,14.1765847226876,14.1983826473066,14.2367568627744,14.2612475245546,14.3589902957307,14.4137081436871,14.4344497138239,14.4787837304465,14.5154113295819,14.5601728053865,14.611605544642,14.6377324749124,14.7033805569324,14.720707436365,14.8288555203048,14.9050944667686,15.0025209184991,15.0389467866191,15.1212693917715,15.2000588631421,15.2244587324709,15.353945108252,15.3617934937124,15.4184978331078,15.4668974470441,15.4887701674568,15.5523050121443,15.7081781764692,15.7418690561788,15.8118474005906,15.8556451602379,15.9734706799398,16.0822349410041,16.0918761366374,16.2339416851943,16.2632463233659,16.4101406911007,16.5090616996912,16.5218685015259,16.6356296519994,16.7369158414214,16.8150805485176,16.9165840460647,17.0130056026453,17.2486420860855,17.4049040308785,17.5959960001826,17.7897244602639,17.9678224885896,18.0874835853482,18.1269015462609,18.32241634192,18.4224504097117,18.7146818477631,18.8364319914168,18.9760922683429,19.1827751132466,19.4046260454411,19.700404785019,19.9939427530507,20.1312663194918,20.2405176285227,20.6219653821633,21.1787172887574,21.5133570497122,23.3466064250987,NA,NA,NA,NA,NA,NA,NA,NA,NA,NA,NA,NA,NA,NA,NA,NA,NA,NA,NA,NA,NA,NA,NA,NA,NA,NA,NA,NA,NA,NA,NA,NA,NA,NA,NA,NA,NA,NA,NA
0.535347805994956,0.600043990476218,0.718322574521694,0.994659006442158,1.07660454444882,1.27355038557182,1.41318030168279,1.50456114624353,1.52317612271472,1.75666054463568,1.7976422277967,1.80995499064714,1.88310652900523,1.94118371179728,2.19004640717344,2.20302083263084,2.28629743384636,2.42825644927023,2.52765120447611,2.53839538536986,2.61244172632687,2.68124807628617,2.72610537387649,2.78031382098352,2.88759595380696,2.96111215574675,2.99934267875158,3.06158571313214,3.13175778227276,3.16901355288221,3.22761345836655,3.30939403689668,3.38765030444131,3.44860676856422,3.45822433265552,3.4943823334794,3.57713207788775,3.61255458042392,3.70681607584098,3.75736940133087,3.78876326064784,3.82838985416491,3.86585309757563,3.90793223942677,3.93827970588706,4.03986346441936,4.09766166099759,4.13527253359392,4.20633503094681,4.24957222438117,4.26826000082852,4.28458804068541,4.32543817588221,4.39207237500087,4.4105405444064,4.446443860252,4.50855548673894,4.54912570623912,4.61159611597585,4.64502201503552,4.65902677536125,4.7329719180815,4.79843539476282,4.82574172865124,4.85373055135578,4.90613220047497,4.9270527859986,4.97027696321178,5.00458291928422,5.06822929626611,5.08433198074947,5.08873475442274,5.13668491816875,5.15519853850194,5.17517987001164,5.19363561795038,5.21041668695139,5.27249562383754,5.31020176185005,5.33391603205289,5.34685074123351,5.39363750666266,5.43231299335726,5.44959479425057,5.4919414161175,5.52390627913036,5.57778905552943,5.6157362725745,5.63303023147045,5.68283435983198,5.71435912356264,5.72218582320322,5.74106372103394,5.79421640719839,5.84519272785887,5.87563787479613,5.88267554603451,5.91586103199506,5.93113291931898,5.94883500138991,5.96215035103189,5.99843996488387,6.02413401683724,6.04586562670739,6.06787675259358,6.06998416566439,6.13317697352571,6.13631504150696,6.15846908008812,6.20736086514586,6.24724423969593,6.26920477988021,6.32144414499656,6.3340136838322,6.3522579080839,6.36071111246862,6.40038675536751,6.41141271540368,6.43485667924665,6.43685366906276,6.48631414571578,6.50189973153337,6.56438727804804,6.59748475145434,6.60601667180111,6.65461959450255,6.69926847235466,6.72395526873232,6.75325851473609,6.76786721403879,6.81388516223769,6.82739148222962,6.84723765526373,6.87230153468308,6.88060983370392,6.91849106371582,6.93579035692631,6.95802011081823,6.97144247823116,6.99716907430422,7.01812513013277,7.02139117633384,7.05922830662296,7.10950627678896,7.12741139368838,7.15265744764468,7.17335234692334,7.21284246957487,7.21584055424116,7.24371662000068,7.25762572844988,7.28963925491986,7.30336170927804,7.32241263584075,7.35576887334011,7.37771843105325,7.39507398306365,7.43272195404315,7.45117483514874,7.4587493121291,7.4805245758848,7.51165508709814,7.53100461880958,7.55444938135821,7.57392065247301,7.61960563245275,7.6240789793988,7.66126109717086,7.6781184995091,7.69750826779503,7.70968481355785,7.7306002271112,7.77521789686939,7.78513887112975,7.81205907673448,7.85491632303137,7.86109578055967,7.87249116939806,7.88981666296821,7.93786898818999,7.94391271132801,7.96338442608792,8.02597861938211,8.03336635998419,8.07832536141499,8.09013578520871,8.10295863325498,8.10531880951074,8.16584371334747,8.17711939105952,8.20268197224925,8.23694797614721,8.28065248198858,8.28097442136898,8.31122538290584,8.33105913650118,8.36538297185669,8.39058995919552,8.40858639967023,8.43662207669305,8.45632212459985,8.47124417547533,8.50428129423902,8.51183049933178,8.55847095529333,8.58026176063984,8.59888898019918,8.63944272350981,8.64586063877615,8.65268652558212,8.70609117388301,8.73653614294284,8.74696121113115,8.76905964348077,8.7836511726987,8.80616217256478,8.82809140450415,8.87015429782843,8.90750267312509,8.91417158107715,8.94952703787322,9.00294398465118,9.04158307807326,9.07663024972159,9.09450572649857,9.10934852918352,9.13083722389492,9.17363109467006,9.2282195874785,9.24225910025351,9.28915041155414,9.30361840318441,9.32707927122853,9.37849006695953,9.38908539567927,9.41758531196735,9.44952294149698,9.4710237490838,9.51090891942277,9.51730968743081,9.57556754172606,9.60708999151944,9.62570866483893,9.66652036039524,9.68929438893623,9.70982348224314,9.74076143331136,9.7597942008038,9.79818317094402,9.86308563977047,9.87004957750451,9.92216129053774,9.93619550030022,9.97510632526067,9.98766496127907,10.0245428751879,10.0541150094108,10.0781900782741,10.0947034503373,10.1558685230267,10.1748060516376,10.1976454453711,10.2257109075073,10.2333970400219,10.2627074423206,10.2887388396187,10.3307673392216,10.3510316615519,10.3996240430772,10.4173517293068,10.4489867765283,10.4838196065611,10.5385968961739,10.5694013396354,10.5991683669077,10.645728942459,10.7120165362539,10.7209074795958,10.7550811746563,10.8115241221418,10.8172023997465,10.8731407882066,10.9323718233209,10.9515785634988,11.0349018159165,11.0530069591682,11.0951832378827,11.1343811150178,11.15969177109,11.1722608849133,11.207948875732,11.20998446696,11.2678462412458,11.3405497676079,11.3937749428895,11.4079203900363,11.433449900243,11.4811186170353,11.4986323882626,11.5556915225166,11.5720022569787,11.6020296968871,11.6054250434204,11.7356009453378,11.7513615313324,11.8082412490273,11.8271236208928,11.8437432850182,11.8910856186542,11.9303930663041,11.9356133190664,12.0134146368918,12.0770482119762,12.1077588600811,12.121604482292,12.1491052903481,12.1979866091535,12.2839297107787,12.2948842245749,12.3300486276154,12.344053494963,12.3916236709092,12.4218386499988,12.4793874287729,12.5211863443652,12.5883145320603,12.6414334566546,12.6683817152996,12.6807971139865,12.7471617260488,12.7862764445109,12.8356797637194,12.8657397103196,12.8854145624294,12.938967122596,12.9683476323027,12.9905090797627,13.0326241937565,13.0734483850767,13.1060504512161,13.1619542921045,13.2268102123345,13.2504841509617,13.2702473233698,13.3639145424563,13.3987119743474,13.4294436504735,13.475062829617,13.4999683919184,13.5251469081236,13.5682139023428,13.6180106821728,13.6403230562369,13.6839674883868,13.7243980449821,13.7575116539615,13.799293174543,13.843015985758,13.9018332992772,13.9304397836897,13.9897430637698,14.0138343090726,14.1242947440981,14.1765847226876,14.1983826473066,14.2367568627744,14.2612475245546,14.3589902957307,14.4137081436871,14.4344497138239,14.4787837304465,14.5154113295819,14.5601728053865,14.611605544642,14.6377324749124,14.7033805569324,14.720707436365,14.8288555203048,14.9050944667686,15.0025209184991,15.0389467866191,15.1212693917715,15.2000588631421,15.2244587324709,15.353945108252,15.3617934937124,15.4184978331078,15.4668974470441,15.4887701674568,15.5523050121443,15.7081781764692,15.7418690561788,15.8118474005906,15.8556451602379,15.9734706799398,16.0822349410041,16.0918761366374,16.2339416851943,16.2632463233659,16.4101406911007,16.5090616996912,16.5218685015259,16.6356296519994,16.7369158414214,16.8150805485176,16.9165840460647,17.0130056026453,17.2486420860855,17.4049040308785,17.5959960001826,17.7897244602639,17.9678224885896,18.0874835853482,18.1269015462609,18.32241634192,18.4224504097117,18.7146818477631,18.8364319914168,18.9760922683429,19.1827751132466,19.4046260454411,19.700404785019,19.9939427530507,20.1312663194918,20.2405176285227,20.6219653821633,21.1787172887574,21.5133570497122,23.3466064250987,NA,NA,NA,NA,NA,NA,NA,NA,NA,NA,NA,NA,NA,NA,NA,NA,NA,NA,NA,NA,NA,NA,NA,NA,NA,NA,NA,NA,NA,NA,NA,NA,NA,NA,NA,NA,NA,NA,NA
0.535347805994956,0.600043990476218,0.718322574521694,0.994659006442158,1.07660454444882,1.27355038557182,1.41318030168279,1.50456114624353,1.52317612271472,1.75666054463568,1.7976422277967,1.80995499064714,1.88310652900523,1.94118371179728,2.19004640717344,2.20302083263084,2.28629743384636,2.42825644927023,2.52765120447611,2.53839538536986,2.61244172632687,2.68124807628617,2.72610537387649,2.78031382098352,2.88759595380696,2.96111215574675,2.99934267875158,3.06158571313214,3.13175778227276,3.16901355288221,3.22761345836655,3.30939403689668,3.38765030444131,3.44860676856422,3.45822433265552,3.4943823334794,3.57713207788775,3.61255458042392,3.70681607584098,3.75736940133087,3.78876326064784,3.82838985416491,3.86585309757563,3.90793223942677,3.93827970588706,4.03986346441936,4.09766166099759,4.13527253359392,4.20633503094681,4.24957222438117,4.26826000082852,4.28458804068541,4.32543817588221,4.39207237500087,4.4105405444064,4.446443860252,4.50855548673894,4.54912570623912,4.61159611597585,4.64502201503552,4.65902677536125,4.7329719180815,4.79843539476282,4.82574172865124,4.85373055135578,4.90613220047497,4.9270527859986,4.97027696321178,5.00458291928422,5.06822929626611,5.08433198074947,5.08873475442274,5.13668491816875,5.15519853850194,5.17517987001164,5.19363561795038,5.21041668695139,5.27249562383754,5.31020176185005,5.33391603205289,5.34685074123351,5.39363750666266,5.43231299335726,5.44959479425057,5.4919414161175,5.52390627913036,5.57778905552943,5.6157362725745,5.63303023147045,5.68283435983198,5.71435912356264,5.72218582320322,5.74106372103394,5.79421640719839,5.84519272785887,5.87563787479613,5.88267554603451,5.91586103199506,5.93113291931898,5.94883500138991,5.96215035103189,5.99843996488387,6.02413401683724,6.04586562670739,6.06787675259358,6.06998416566439,6.13317697352571,6.13631504150696,6.15846908008812,6.20736086514586,6.24724423969593,6.26920477988021,6.32144414499656,6.3340136838322,6.3522579080839,6.36071111246862,6.40038675536751,6.41141271540368,6.43485667924665,6.43685366906276,6.48631414571578,6.50189973153337,6.56438727804804,6.59748475145434,6.60601667180111,6.65461959450255,6.69926847235466,6.72395526873232,6.75325851473609,6.76786721403879,6.81388516223769,6.82739148222962,6.84723765526373,6.87230153468308,6.88060983370392,6.91849106371582,6.93579035692631,6.95802011081823,6.97144247823116,6.99716907430422,7.01812513013277,7.02139117633384,7.05922830662296,7.10950627678896,7.12741139368838,7.15265744764468,7.17335234692334,7.21284246957487,7.21584055424116,7.24371662000068,7.25762572844988,7.28963925491986,7.30336170927804,7.32241263584075,7.35576887334011,7.37771843105325,7.39507398306365,7.43272195404315,7.45117483514874,7.4587493121291,7.4805245758848,7.51165508709814,7.53100461880958,7.55444938135821,7.57392065247301,7.61960563245275,7.6240789793988,7.66126109717086,7.6781184995091,7.69750826779503,7.70968481355785,7.7306002271112,7.77521789686939,7.78513887112975,7.81205907673448,7.85491632303137,7.86109578055967,7.87249116939806,7.88981666296821,7.93786898818999,7.94391271132801,7.96338442608792,8.02597861938211,8.03336635998419,8.07832536141499,8.09013578520871,8.10295863325498,8.10531880951074,8.16584371334747,8.17711939105952,8.20268197224925,8.23694797614721,8.28065248198858,8.28097442136898,8.31122538290584,8.33105913650118,8.36538297185669,8.39058995919552,8.40858639967023,8.43662207669305,8.45632212459985,8.47124417547533,8.50428129423902,8.51183049933178,8.55847095529333,8.58026176063984,8.59888898019918,8.63944272350981,8.64586063877615,8.65268652558212,8.70609117388301,8.73653614294284,8.74696121113115,8.76905964348077,8.7836511726987,8.80616217256478,8.82809140450415,8.87015429782843,8.90750267312509,8.91417158107715,8.94952703787322,9.00294398465118,9.04158307807326,9.07663024972159,9.09450572649857,9.10934852918352,9.13083722389492,9.17363109467006,9.2282195874785,9.24225910025351,9.28915041155414,9.30361840318441,9.32707927122853,9.37849006695953,9.38908539567927,9.41758531196735,9.44952294149698,9.4710237490838,9.51090891942277,9.51730968743081,9.57556754172606,9.60708999151944,9.62570866483893,9.66652036039524,9.68929438893623,9.70982348224314,9.74076143331136,9.7597942008038,9.79818317094402,9.86308563977047,9.87004957750451,9.92216129053774,9.93619550030022,9.97510632526067,9.98766496127907,10.0245428751879,10.0541150094108,10.0781900782741,10.0947034503373,10.1558685230267,10.1748060516376,10.1976454453711,10.2257109075073,10.2333970400219,10.2627074423206,10.2887388396187,10.3307673392216,10.3510316615519,10.3996240430772,10.4173517293068,10.4489867765283,10.4838196065611,10.5385968961739,10.5694013396354,10.5991683669077,10.645728942459,10.7120165362539,10.7209074795958,10.7550811746563,10.8115241221418,10.8172023997465,10.8731407882066,10.9323718233209,10.9515785634988,11.0349018159165,11.0530069591682,11.0951832378827,11.1343811150178,11.15969177109,11.1722608849133,11.207948875732,11.20998446696,11.2678462412458,11.3405497676079,11.3937749428895,11.4079203900363,11.433449900243,11.4811186170353,11.4986323882626,11.5556915225166,11.5720022569787,11.6020296968871,11.6054250434204,11.7356009453378,11.7513615313324,11.8082412490273,11.8271236208928,11.8437432850182,11.8910856186542,11.9303930663041,11.9356133190664,12.0134146368918,12.0770482119762,12.1077588600811,12.121604482292,12.1491052903481,12.1979866091535,12.2839297107787,12.2948842245749,12.3300486276154,12.344053494963,12.3916236709092,12.4218386499988,12.4793874287729,12.5211863443652,12.5883145320603,12.6414334566546,12.6683817152996,12.6807971139865,12.7471617260488,12.7862764445109,12.8356797637194,12.8657397103196,12.8854145624294,12.938967122596,12.9683476323027,12.9905090797627,13.0326241937565,13.0734483850767,13.1060504512161,13.1619542921045,13.2268102123345,13.2504841509617,13.2702473233698,13.3639145424563,13.3987119743474,13.4294436504735,13.475062829617,13.4999683919184,13.5251469081236,13.5682139023428,13.6180106821728,13.6403230562369,13.6839674883868,13.7243980449821,13.7575116539615,13.799293174543,13.843015985758,13.9018332992772,13.9304397836897,13.9897430637698,14.0138343090726,14.1242947440981,14.1765847226876,14.1983826473066,14.2367568627744,14.2612475245546,14.3589902957307,14.4137081436871,14.4344497138239,14.4787837304465,14.5154113295819,14.5601728053865,14.611605544642,14.6377324749124,14.7033805569324,14.720707436365,14.8288555203048,14.9050944667686,15.0025209184991,15.0389467866191,15.1212693917715,15.2000588631421,15.2244587324709,15.353945108252,15.3617934937124,15.4184978331078,15.4668974470441,15.4887701674568,15.5523050121443,15.7081781764692,15.7418690561788,15.8118474005906,15.8556451602379,15.9734706799398,16.0822349410041,16.0918761366374,16.2339416851943,16.2632463233659,16.4101406911007,16.5090616996912,16.5218685015259,16.6356296519994,16.7369158414214,16.8150805485176,16.9165840460647,17.0130056026453,17.2486420860855,17.4049040308785,17.5959960001826,17.7897244602639,17.9678224885896,18.0874835853482,18.1269015462609,18.32241634192,18.4224504097117,18.7146818477631,18.8364319914168,18.9760922683429,19.1827751132466,19.4046260454411,19.700404785019,19.9939427530507,20.1312663194918,20.2405176285227,20.6219653821633,21.1787172887574,21.5133570497122,23.3466064250987,NA,NA,NA,NA,NA,NA,NA,NA,NA,NA,NA,NA,NA,NA,NA,NA,NA,NA,NA,NA,NA,NA,NA,NA,NA,NA,NA,NA,NA,NA,NA,NA,NA,NA,NA,NA,NA,NA,NA
0.535347805994956,0.600043990476218,0.718322574521694,0.994659006442158,1.07660454444882,1.27355038557182,1.41318030168279,1.50456114624353,1.52317612271472,1.75666054463568,1.7976422277967,1.80995499064714,1.88310652900523,1.94118371179728,2.19004640717344,2.20302083263084,2.28629743384636,2.42825644927023,2.52765120447611,2.53839538536986,2.61244172632687,2.68124807628617,2.72610537387649,2.78031382098352,2.88759595380696,2.96111215574675,2.99934267875158,3.06158571313214,3.13175778227276,3.16901355288221,3.22761345836655,3.30939403689668,3.38765030444131,3.44860676856422,3.45822433265552,3.4943823334794,3.57713207788775,3.61255458042392,3.70681607584098,3.75736940133087,3.78876326064784,3.82838985416491,3.86585309757563,3.90793223942677,3.93827970588706,4.03986346441936,4.09766166099759,4.13527253359392,4.20633503094681,4.24957222438117,4.26826000082852,4.28458804068541,4.32543817588221,4.39207237500087,4.4105405444064,4.446443860252,4.50855548673894,4.54912570623912,4.61159611597585,4.64502201503552,4.65902677536125,4.7329719180815,4.79843539476282,4.82574172865124,4.85373055135578,4.90613220047497,4.9270527859986,4.97027696321178,5.00458291928422,5.06822929626611,5.08433198074947,5.08873475442274,5.13668491816875,5.15519853850194,5.17517987001164,5.19363561795038,5.21041668695139,5.27249562383754,5.31020176185005,5.33391603205289,5.34685074123351,5.39363750666266,5.43231299335726,5.44959479425057,5.4919414161175,5.52390627913036,5.57778905552943,5.6157362725745,5.63303023147045,5.68283435983198,5.71435912356264,5.72218582320322,5.74106372103394,5.79421640719839,5.84519272785887,5.87563787479613,5.88267554603451,5.91586103199506,5.93113291931898,5.94883500138991,5.96215035103189,5.99843996488387,6.02413401683724,6.04586562670739,6.06787675259358,6.06998416566439,6.13317697352571,6.13631504150696,6.15846908008812,6.20736086514586,6.24724423969593,6.26920477988021,6.32144414499656,6.3340136838322,6.3522579080839,6.36071111246862,6.40038675536751,6.41141271540368,6.43485667924665,6.43685366906276,6.48631414571578,6.50189973153337,6.56438727804804,6.59748475145434,6.60601667180111,6.65461959450255,6.69926847235466,6.72395526873232,6.75325851473609,6.76786721403879,6.81388516223769,6.82739148222962,6.84723765526373,6.87230153468308,6.88060983370392,6.91849106371582,6.93579035692631,6.95802011081823,6.97144247823116,6.99716907430422,7.01812513013277,7.02139117633384,7.05922830662296,7.10950627678896,7.12741139368838,7.15265744764468,7.17335234692334,7.21284246957487,7.21584055424116,7.24371662000068,7.25762572844988,7.28963925491986,7.30336170927804,7.32241263584075,7.35576887334011,7.37771843105325,7.39507398306365,7.43272195404315,7.45117483514874,7.4587493121291,7.4805245758848,7.51165508709814,7.53100461880958,7.55444938135821,7.57392065247301,7.61960563245275,7.6240789793988,7.66126109717086,7.6781184995091,7.69750826779503,7.70968481355785,7.7306002271112,7.77521789686939,7.78513887112975,7.81205907673448,7.85491632303137,7.86109578055967,7.87249116939806,7.88981666296821,7.93786898818999,7.94391271132801,7.96338442608792,8.02597861938211,8.03336635998419,8.07832536141499,8.09013578520871,8.10295863325498,8.10531880951074,8.16584371334747,8.17711939105952,8.20268197224925,8.23694797614721,8.28065248198858,8.28097442136898,8.31122538290584,8.33105913650118,8.36538297185669,8.39058995919552,8.40858639967023,8.43662207669305,8.45632212459985,8.47124417547533,8.50428129423902,8.51183049933178,8.55847095529333,8.58026176063984,8.59888898019918,8.63944272350981,8.64586063877615,8.65268652558212,8.70609117388301,8.73653614294284,8.74696121113115,8.76905964348077,8.7836511726987,8.80616217256478,8.82809140450415,8.87015429782843,8.90750267312509,8.91417158107715,8.94952703787322,9.00294398465118,9.04158307807326,9.07663024972159,9.09450572649857,9.10934852918352,9.13083722389492,9.17363109467006,9.2282195874785,9.24225910025351,9.28915041155414,9.30361840318441,9.32707927122853,9.37849006695953,9.38908539567927,9.41758531196735,9.44952294149698,9.4710237490838,9.51090891942277,9.51730968743081,9.57556754172606,9.60708999151944,9.62570866483893,9.66652036039524,9.68929438893623,9.70982348224314,9.74076143331136,9.7597942008038,9.79818317094402,9.86308563977047,9.87004957750451,9.92216129053774,9.93619550030022,9.97510632526067,9.98766496127907,10.0245428751879,10.0541150094108,10.0781900782741,10.0947034503373,10.1558685230267,10.1748060516376,10.1976454453711,10.2257109075073,10.2333970400219,10.2627074423206,10.2887388396187,10.3307673392216,10.3510316615519,10.3996240430772,10.4173517293068,10.4489867765283,10.4838196065611,10.5385968961739,10.5694013396354,10.5991683669077,10.645728942459,10.7120165362539,10.7209074795958,10.7550811746563,10.8115241221418,10.8172023997465,10.8731407882066,10.9323718233209,10.9515785634988,11.0349018159165,11.0530069591682,11.0951832378827,11.1343811150178,11.15969177109,11.1722608849133,11.207948875732,11.20998446696,11.2678462412458,11.3405497676079,11.3937749428895,11.4079203900363,11.433449900243,11.4811186170353,11.4986323882626,11.5556915225166,11.5720022569787,11.6020296968871,11.6054250434204,11.7356009453378,11.7513615313324,11.8082412490273,11.8271236208928,11.8437432850182,11.8910856186542,11.9303930663041,11.9356133190664,12.0134146368918,12.0770482119762,12.1077588600811,12.121604482292,12.1491052903481,12.1979866091535,12.2839297107787,12.2948842245749,12.3300486276154,12.344053494963,12.3916236709092,12.4218386499988,12.4793874287729,12.5211863443652,12.5883145320603,12.6414334566546,12.6683817152996,12.6807971139865,12.7471617260488,12.7862764445109,12.8356797637194,12.8657397103196,12.8854145624294,12.938967122596,12.9683476323027,12.9905090797627,13.0326241937565,13.0734483850767,13.1060504512161,13.1619542921045,13.2268102123345,13.2504841509617,13.2702473233698,13.3639145424563,13.3987119743474,13.4294436504735,13.475062829617,13.4999683919184,13.5251469081236,13.5682139023428,13.6180106821728,13.6403230562369,13.6839674883868,13.7243980449821,13.7575116539615,13.799293174543,13.843015985758,13.9018332992772,13.9304397836897,13.9897430637698,14.0138343090726,14.1242947440981,14.1765847226876,14.1983826473066,14.2367568627744,14.2612475245546,14.3589902957307,14.4137081436871,14.4344497138239,14.4787837304465,14.5154113295819,14.5601728053865,14.611605544642,14.6377324749124,14.7033805569324,14.720707436365,14.8288555203048,14.9050944667686,15.0025209184991,15.0389467866191,15.1212693917715,15.2000588631421,15.2244587324709,15.353945108252,15.3617934937124,15.4184978331078,15.4668974470441,15.4887701674568,15.5523050121443,15.7081781764692,15.7418690561788,15.8118474005906,15.8556451602379,15.9734706799398,16.0822349410041,16.0918761366374,16.2339416851943,16.2632463233659,16.4101406911007,16.5090616996912,16.5218685015259,16.6356296519994,16.7369158414214,16.8150805485176,16.9165840460647,17.0130056026453,17.2486420860855,17.4049040308785,17.5959960001826,17.7897244602639,17.9678224885896,18.0874835853482,18.1269015462609,18.32241634192,18.4224504097117,18.7146818477631,18.8364319914168,18.9760922683429,19.1827751132466,19.4046260454411,19.700404785019,19.9939427530507,20.1312663194918,20.2405176285227,20.6219653821633,21.1787172887574,21.5133570497122,23.3466064250987,NA,NA,NA,NA,NA,NA,NA,NA,NA,NA,NA,NA,NA,NA,NA,NA,NA,NA,NA,NA,NA,NA,NA,NA,NA,NA,NA,NA,NA,NA,NA,NA,NA,NA,NA,NA,NA,NA,NA
0.535347805994956,0.600043990476218,0.718322574521694,0.994659006442158,1.07660454444882,1.27355038557182,1.41318030168279,1.50456114624353,1.52317612271472,1.75666054463568,1.7976422277967,1.80995499064714,1.88310652900523,1.94118371179728,2.19004640717344,2.20302083263084,2.28629743384636,2.42825644927023,2.52765120447611,2.53839538536986,2.61244172632687,2.68124807628617,2.72610537387649,2.78031382098352,2.88759595380696,2.96111215574675,2.99934267875158,3.06158571313214,3.13175778227276,3.16901355288221,3.22761345836655,3.30939403689668,3.38765030444131,3.44860676856422,3.45822433265552,3.4943823334794,3.57713207788775,3.61255458042392,3.70681607584098,3.75736940133087,3.78876326064784,3.82838985416491,3.86585309757563,3.90793223942677,3.93827970588706,4.03986346441936,4.09766166099759,4.13527253359392,4.20633503094681,4.24957222438117,4.26826000082852,4.28458804068541,4.32543817588221,4.39207237500087,4.4105405444064,4.446443860252,4.50855548673894,4.54912570623912,4.61159611597585,4.64502201503552,4.65902677536125,4.7329719180815,4.79843539476282,4.82574172865124,4.85373055135578,4.90613220047497,4.9270527859986,4.97027696321178,5.00458291928422,5.06822929626611,5.08433198074947,5.08873475442274,5.13668491816875,5.15519853850194,5.17517987001164,5.19363561795038,5.21041668695139,5.27249562383754,5.31020176185005,5.33391603205289,5.34685074123351,5.39363750666266,5.43231299335726,5.44959479425057,5.4919414161175,5.52390627913036,5.57778905552943,5.6157362725745,5.63303023147045,5.68283435983198,5.71435912356264,5.72218582320322,5.74106372103394,5.79421640719839,5.84519272785887,5.87563787479613,5.88267554603451,5.91586103199506,5.93113291931898,5.94883500138991,5.96215035103189,5.99843996488387,6.02413401683724,6.04586562670739,6.06787675259358,6.06998416566439,6.13317697352571,6.13631504150696,6.15846908008812,6.20736086514586,6.24724423969593,6.26920477988021,6.32144414499656,6.3340136838322,6.3522579080839,6.36071111246862,6.40038675536751,6.41141271540368,6.43485667924665,6.43685366906276,6.48631414571578,6.50189973153337,6.56438727804804,6.59748475145434,6.60601667180111,6.65461959450255,6.69926847235466,6.72395526873232,6.75325851473609,6.76786721403879,6.81388516223769,6.82739148222962,6.84723765526373,6.87230153468308,6.88060983370392,6.91849106371582,6.93579035692631,6.95802011081823,6.97144247823116,6.99716907430422,7.01812513013277,7.02139117633384,7.05922830662296,7.10950627678896,7.12741139368838,7.15265744764468,7.17335234692334,7.21284246957487,7.21584055424116,7.24371662000068,7.25762572844988,7.28963925491986,7.30336170927804,7.32241263584075,7.35576887334011,7.37771843105325,7.39507398306365,7.43272195404315,7.45117483514874,7.4587493121291,7.4805245758848,7.51165508709814,7.53100461880958,7.55444938135821,7.57392065247301,7.61960563245275,7.6240789793988,7.66126109717086,7.6781184995091,7.69750826779503,7.70968481355785,7.7306002271112,7.77521789686939,7.78513887112975,7.81205907673448,7.85491632303137,7.86109578055967,7.87249116939806,7.88981666296821,7.93786898818999,7.94391271132801,7.96338442608792,8.02597861938211,8.03336635998419,8.07832536141499,8.09013578520871,8.10295863325498,8.10531880951074,8.16584371334747,8.17711939105952,8.20268197224925,8.23694797614721,8.28065248198858,8.28097442136898,8.31122538290584,8.33105913650118,8.36538297185669,8.39058995919552,8.40858639967023,8.43662207669305,8.45632212459985,8.47124417547533,8.50428129423902,8.51183049933178,8.55847095529333,8.58026176063984,8.59888898019918,8.63944272350981,8.64586063877615,8.65268652558212,8.70609117388301,8.73653614294284,8.74696121113115,8.76905964348077,8.7836511726987,8.80616217256478,8.82809140450415,8.87015429782843,8.90750267312509,8.91417158107715,8.94952703787322,9.00294398465118,9.04158307807326,9.07663024972159,9.09450572649857,9.10934852918352,9.13083722389492,9.17363109467006,9.2282195874785,9.24225910025351,9.28915041155414,9.30361840318441,9.32707927122853,9.37849006695953,9.38908539567927,9.41758531196735,9.44952294149698,9.4710237490838,9.51090891942277,9.51730968743081,9.57556754172606,9.60708999151944,9.62570866483893,9.66652036039524,9.68929438893623,9.70982348224314,9.74076143331136,9.7597942008038,9.79818317094402,9.86308563977047,9.87004957750451,9.92216129053774,9.93619550030022,9.97510632526067,9.98766496127907,10.0245428751879,10.0541150094108,10.0781900782741,10.0947034503373,10.1558685230267,10.1748060516376,10.1976454453711,10.2257109075073,10.2333970400219,10.2627074423206,10.2887388396187,10.3307673392216,10.3510316615519,10.3996240430772,10.4173517293068,10.4489867765283,10.4838196065611,10.5385968961739,10.5694013396354,10.5991683669077,10.645728942459,10.7120165362539,10.7209074795958,10.7550811746563,10.8115241221418,10.8172023997465,10.8731407882066,10.9323718233209,10.9515785634988,11.0349018159165,11.0530069591682,11.0951832378827,11.1343811150178,11.15969177109,11.1722608849133,11.207948875732,11.20998446696,11.2678462412458,11.3405497676079,11.3937749428895,11.4079203900363,11.433449900243,11.4811186170353,11.4986323882626,11.5556915225166,11.5720022569787,11.6020296968871,11.6054250434204,11.7356009453378,11.7513615313324,11.8082412490273,11.8271236208928,11.8437432850182,11.8910856186542,11.9303930663041,11.9356133190664,12.0134146368918,12.0770482119762,12.1077588600811,12.121604482292,12.1491052903481,12.1979866091535,12.2839297107787,12.2948842245749,12.3300486276154,12.344053494963,12.3916236709092,12.4218386499988,12.4793874287729,12.5211863443652,12.5883145320603,12.6414334566546,12.6683817152996,12.6807971139865,12.7471617260488,12.7862764445109,12.8356797637194,12.8657397103196,12.8854145624294,12.938967122596,12.9683476323027,12.9905090797627,13.0326241937565,13.0734483850767,13.1060504512161,13.1619542921045,13.2268102123345,13.2504841509617,13.2702473233698,13.3639145424563,13.3987119743474,13.4294436504735,13.475062829617,13.4999683919184,13.5251469081236,13.5682139023428,13.6180106821728,13.6403230562369,13.6839674883868,13.7243980449821,13.7575116539615,13.799293174543,13.843015985758,13.9018332992772,13.9304397836897,13.9897430637698,14.0138343090726,14.1242947440981,14.1765847226876,14.1983826473066,14.2367568627744,14.2612475245546,14.3589902957307,14.4137081436871,14.4344497138239,14.4787837304465,14.5154113295819,14.5601728053865,14.611605544642,14.6377324749124,14.7033805569324,14.720707436365,14.8288555203048,14.9050944667686,15.0025209184991,15.0389467866191,15.1212693917715,15.2000588631421,15.2244587324709,15.353945108252,15.3617934937124,15.4184978331078,15.4668974470441,15.4887701674568,15.5523050121443,15.7081781764692,15.7418690561788,15.8118474005906,15.8556451602379,15.9734706799398,16.0822349410041,16.0918761366374,16.2339416851943,16.2632463233659,16.4101406911007,16.5090616996912,16.5218685015259,16.6356296519994,16.7369158414214,16.8150805485176,16.9165840460647,17.0130056026453,17.2486420860855,17.4049040308785,17.5959960001826,17.7897244602639,17.9678224885896,18.0874835853482,18.1269015462609,18.32241634192,18.4224504097117,18.7146818477631,18.8364319914168,18.9760922683429,19.1827751132466,19.4046260454411,19.700404785019,19.9939427530507,20.1312663194918,20.2405176285227,20.6219653821633,21.1787172887574,21.5133570497122,23.3466064250987,NA,NA,NA,NA,NA,NA,NA,NA,NA,NA,NA,NA,NA,NA,NA,NA,NA,NA,NA,NA,NA,NA,NA,NA,NA,NA,NA,NA,NA,NA,NA,NA,NA,NA,NA,NA,NA,NA,NA
0.535347805994956,0.600043990476218,0.718322574521694,0.994659006442158,1.07660454444882,1.27355038557182,1.41318030168279,1.50456114624353,1.52317612271472,1.75666054463568,1.7976422277967,1.80995499064714,1.88310652900523,1.94118371179728,2.19004640717344,2.20302083263084,2.28629743384636,2.42825644927023,2.52765120447611,2.53839538536986,2.61244172632687,2.68124807628617,2.72610537387649,2.78031382098352,2.88759595380696,2.96111215574675,2.99934267875158,3.06158571313214,3.13175778227276,3.16901355288221,3.22761345836655,3.30939403689668,3.38765030444131,3.44860676856422,3.45822433265552,3.4943823334794,3.57713207788775,3.61255458042392,3.70681607584098,3.75736940133087,3.78876326064784,3.82838985416491,3.86585309757563,3.90793223942677,3.93827970588706,4.03986346441936,4.09766166099759,4.13527253359392,4.20633503094681,4.24957222438117,4.26826000082852,4.28458804068541,4.32543817588221,4.39207237500087,4.4105405444064,4.446443860252,4.50855548673894,4.54912570623912,4.61159611597585,4.64502201503552,4.65902677536125,4.7329719180815,4.79843539476282,4.82574172865124,4.85373055135578,4.90613220047497,4.9270527859986,4.97027696321178,5.00458291928422,5.06822929626611,5.08433198074947,5.08873475442274,5.13668491816875,5.15519853850194,5.17517987001164,5.19363561795038,5.21041668695139,5.27249562383754,5.31020176185005,5.33391603205289,5.34685074123351,5.39363750666266,5.43231299335726,5.44959479425057,5.4919414161175,5.52390627913036,5.57778905552943,5.6157362725745,5.63303023147045,5.68283435983198,5.71435912356264,5.72218582320322,5.74106372103394,5.79421640719839,5.84519272785887,5.87563787479613,5.88267554603451,5.91586103199506,5.93113291931898,5.94883500138991,5.96215035103189,5.99843996488387,6.02413401683724,6.04586562670739,6.06787675259358,6.06998416566439,6.13317697352571,6.13631504150696,6.15846908008812,6.20736086514586,6.24724423969593,6.26920477988021,6.32144414499656,6.3340136838322,6.3522579080839,6.36071111246862,6.40038675536751,6.41141271540368,6.43485667924665,6.43685366906276,6.48631414571578,6.50189973153337,6.56438727804804,6.59748475145434,6.60601667180111,6.65461959450255,6.69926847235466,6.72395526873232,6.75325851473609,6.76786721403879,6.81388516223769,6.82739148222962,6.84723765526373,6.87230153468308,6.88060983370392,6.91849106371582,6.93579035692631,6.95802011081823,6.97144247823116,6.99716907430422,7.01812513013277,7.02139117633384,7.05922830662296,7.10950627678896,7.12741139368838,7.15265744764468,7.17335234692334,7.21284246957487,7.21584055424116,7.24371662000068,7.25762572844988,7.28963925491986,7.30336170927804,7.32241263584075,7.35576887334011,7.37771843105325,7.39507398306365,7.43272195404315,7.45117483514874,7.4587493121291,7.4805245758848,7.51165508709814,7.53100461880958,7.55444938135821,7.57392065247301,7.61960563245275,7.6240789793988,7.66126109717086,7.6781184995091,7.69750826779503,7.70968481355785,7.7306002271112,7.77521789686939,7.78513887112975,7.81205907673448,7.85491632303137,7.86109578055967,7.87249116939806,7.88981666296821,7.93786898818999,7.94391271132801,7.96338442608792,8.02597861938211,8.03336635998419,8.07832536141499,8.09013578520871,8.10295863325498,8.10531880951074,8.16584371334747,8.17711939105952,8.20268197224925,8.23694797614721,8.28065248198858,8.28097442136898,8.31122538290584,8.33105913650118,8.36538297185669,8.39058995919552,8.40858639967023,8.43662207669305,8.45632212459985,8.47124417547533,8.50428129423902,8.51183049933178,8.55847095529333,8.58026176063984,8.59888898019918,8.63944272350981,8.64586063877615,8.65268652558212,8.70609117388301,8.73653614294284,8.74696121113115,8.76905964348077,8.7836511726987,8.80616217256478,8.82809140450415,8.87015429782843,8.90750267312509,8.91417158107715,8.94952703787322,9.00294398465118,9.04158307807326,9.07663024972159,9.09450572649857,9.10934852918352,9.13083722389492,9.17363109467006,9.2282195874785,9.24225910025351,9.28915041155414,9.30361840318441,9.32707927122853,9.37849006695953,9.38908539567927,9.41758531196735,9.44952294149698,9.4710237490838,9.51090891942277,9.51730968743081,9.57556754172606,9.60708999151944,9.62570866483893,9.66652036039524,9.68929438893623,9.70982348224314,9.74076143331136,9.7597942008038,9.79818317094402,9.86308563977047,9.87004957750451,9.92216129053774,9.93619550030022,9.97510632526067,9.98766496127907,10.0245428751879,10.0541150094108,10.0781900782741,10.0947034503373,10.1558685230267,10.1748060516376,10.1976454453711,10.2257109075073,10.2333970400219,10.2627074423206,10.2887388396187,10.3307673392216,10.3510316615519,10.3996240430772,10.4173517293068,10.4489867765283,10.4838196065611,10.5385968961739,10.5694013396354,10.5991683669077,10.645728942459,10.7120165362539,10.7209074795958,10.7550811746563,10.8115241221418,10.8172023997465,10.8731407882066,10.9323718233209,10.9515785634988,11.0349018159165,11.0530069591682,11.0951832378827,11.1343811150178,11.15969177109,11.1722608849133,11.207948875732,11.20998446696,11.2678462412458,11.3405497676079,11.3937749428895,11.4079203900363,11.433449900243,11.4811186170353,11.4986323882626,11.5556915225166,11.5720022569787,11.6020296968871,11.6054250434204,11.7356009453378,11.7513615313324,11.8082412490273,11.8271236208928,11.8437432850182,11.8910856186542,11.9303930663041,11.9356133190664,12.0134146368918,12.0770482119762,12.1077588600811,12.121604482292,12.1491052903481,12.1979866091535,12.2839297107787,12.2948842245749,12.3300486276154,12.344053494963,12.3916236709092,12.4218386499988,12.4793874287729,12.5211863443652,12.5883145320603,12.6414334566546,12.6683817152996,12.6807971139865,12.7471617260488,12.7862764445109,12.8356797637194,12.8657397103196,12.8854145624294,12.938967122596,12.9683476323027,12.9905090797627,13.0326241937565,13.0734483850767,13.1060504512161,13.1619542921045,13.2268102123345,13.2504841509617,13.2702473233698,13.3639145424563,13.3987119743474,13.4294436504735,13.475062829617,13.4999683919184,13.5251469081236,13.5682139023428,13.6180106821728,13.6403230562369,13.6839674883868,13.7243980449821,13.7575116539615,13.799293174543,13.843015985758,13.9018332992772,13.9304397836897,13.9897430637698,14.0138343090726,14.1242947440981,14.1765847226876,14.1983826473066,14.2367568627744,14.2612475245546,14.3589902957307,14.4137081436871,14.4344497138239,14.4787837304465,14.5154113295819,14.5601728053865,14.611605544642,14.6377324749124,14.7033805569324,14.720707436365,14.8288555203048,14.9050944667686,15.0025209184991,15.0389467866191,15.1212693917715,15.2000588631421,15.2244587324709,15.353945108252,15.3617934937124,15.4184978331078,15.4668974470441,15.4887701674568,15.5523050121443,15.7081781764692,15.7418690561788,15.8118474005906,15.8556451602379,15.9734706799398,16.0822349410041,16.0918761366374,16.2339416851943,16.2632463233659,16.4101406911007,16.5090616996912,16.5218685015259,16.6356296519994,16.7369158414214,16.8150805485176,16.9165840460647,17.0130056026453,17.2486420860855,17.4049040308785,17.5959960001826,17.7897244602639,17.9678224885896,18.0874835853482,18.1269015462609,18.32241634192,18.4224504097117,18.7146818477631,18.8364319914168,18.9760922683429,19.1827751132466,19.4046260454411,19.700404785019,19.9939427530507,20.1312663194918,20.2405176285227,20.6219653821633,21.1787172887574,21.5133570497122,23.3466064250987,NA,NA,NA,NA,NA,NA,NA,NA,NA,NA,NA,NA,NA,NA,NA,NA,NA,NA,NA,NA,NA,NA,NA,NA,NA,NA,NA,NA,NA,NA,NA,NA,NA,NA,NA,NA,NA,NA,NA
0.535347805994956,0.600043990476218,0.718322574521694,0.994659006442158,1.07660454444882,1.27355038557182,1.41318030168279,1.50456114624353,1.52317612271472,1.75666054463568,1.7976422277967,1.80995499064714,1.88310652900523,1.94118371179728,2.19004640717344,2.20302083263084,2.28629743384636,2.42825644927023,2.52765120447611,2.53839538536986,2.61244172632687,2.68124807628617,2.72610537387649,2.78031382098352,2.88759595380696,2.96111215574675,2.99934267875158,3.06158571313214,3.13175778227276,3.16901355288221,3.22761345836655,3.30939403689668,3.38765030444131,3.44860676856422,3.45822433265552,3.4943823334794,3.57713207788775,3.61255458042392,3.70681607584098,3.75736940133087,3.78876326064784,3.82838985416491,3.86585309757563,3.90793223942677,3.93827970588706,4.03986346441936,4.09766166099759,4.13527253359392,4.20633503094681,4.24957222438117,4.26826000082852,4.28458804068541,4.32543817588221,4.39207237500087,4.4105405444064,4.446443860252,4.50855548673894,4.54912570623912,4.61159611597585,4.64502201503552,4.65902677536125,4.7329719180815,4.79843539476282,4.82574172865124,4.85373055135578,4.90613220047497,4.9270527859986,4.97027696321178,5.00458291928422,5.06822929626611,5.08433198074947,5.08873475442274,5.13668491816875,5.15519853850194,5.17517987001164,5.19363561795038,5.21041668695139,5.27249562383754,5.31020176185005,5.33391603205289,5.34685074123351,5.39363750666266,5.43231299335726,5.44959479425057,5.4919414161175,5.52390627913036,5.57778905552943,5.6157362725745,5.63303023147045,5.68283435983198,5.71435912356264,5.72218582320322,5.74106372103394,5.79421640719839,5.84519272785887,5.87563787479613,5.88267554603451,5.91586103199506,5.93113291931898,5.94883500138991,5.96215035103189,5.99843996488387,6.02413401683724,6.04586562670739,6.06787675259358,6.06998416566439,6.13317697352571,6.13631504150696,6.15846908008812,6.20736086514586,6.24724423969593,6.26920477988021,6.32144414499656,6.3340136838322,6.3522579080839,6.36071111246862,6.40038675536751,6.41141271540368,6.43485667924665,6.43685366906276,6.48631414571578,6.50189973153337,6.56438727804804,6.59748475145434,6.60601667180111,6.65461959450255,6.69926847235466,6.72395526873232,6.75325851473609,6.76786721403879,6.81388516223769,6.82739148222962,6.84723765526373,6.87230153468308,6.88060983370392,6.91849106371582,6.93579035692631,6.95802011081823,6.97144247823116,6.99716907430422,7.01812513013277,7.02139117633384,7.05922830662296,7.10950627678896,7.12741139368838,7.15265744764468,7.17335234692334,7.21284246957487,7.21584055424116,7.24371662000068,7.25762572844988,7.28963925491986,7.30336170927804,7.32241263584075,7.35576887334011,7.37771843105325,7.39507398306365,7.43272195404315,7.45117483514874,7.4587493121291,7.4805245758848,7.51165508709814,7.53100461880958,7.55444938135821,7.57392065247301,7.61960563245275,7.6240789793988,7.66126109717086,7.6781184995091,7.69750826779503,7.70968481355785,7.7306002271112,7.77521789686939,7.78513887112975,7.81205907673448,7.85491632303137,7.86109578055967,7.87249116939806,7.88981666296821,7.93786898818999,7.94391271132801,7.96338442608792,8.02597861938211,8.03336635998419,8.07832536141499,8.09013578520871,8.10295863325498,8.10531880951074,8.16584371334747,8.17711939105952,8.20268197224925,8.23694797614721,8.28065248198858,8.28097442136898,8.31122538290584,8.33105913650118,8.36538297185669,8.39058995919552,8.40858639967023,8.43662207669305,8.45632212459985,8.47124417547533,8.50428129423902,8.51183049933178,8.55847095529333,8.58026176063984,8.59888898019918,8.63944272350981,8.64586063877615,8.65268652558212,8.70609117388301,8.73653614294284,8.74696121113115,8.76905964348077,8.7836511726987,8.80616217256478,8.82809140450415,8.87015429782843,8.90750267312509,8.91417158107715,8.94952703787322,9.00294398465118,9.04158307807326,9.07663024972159,9.09450572649857,9.10934852918352,9.13083722389492,9.17363109467006,9.2282195874785,9.24225910025351,9.28915041155414,9.30361840318441,9.32707927122853,9.37849006695953,9.38908539567927,9.41758531196735,9.44952294149698,9.4710237490838,9.51090891942277,9.51730968743081,9.57556754172606,9.60708999151944,9.62570866483893,9.66652036039524,9.68929438893623,9.70982348224314,9.74076143331136,9.7597942008038,9.79818317094402,9.86308563977047,9.87004957750451,9.92216129053774,9.93619550030022,9.97510632526067,9.98766496127907,10.0245428751879,10.0541150094108,10.0781900782741,10.0947034503373,10.1558685230267,10.1748060516376,10.1976454453711,10.2257109075073,10.2333970400219,10.2627074423206,10.2887388396187,10.3307673392216,10.3510316615519,10.3996240430772,10.4173517293068,10.4489867765283,10.4838196065611,10.5385968961739,10.5694013396354,10.5991683669077,10.645728942459,10.7120165362539,10.7209074795958,10.7550811746563,10.8115241221418,10.8172023997465,10.8731407882066,10.9323718233209,10.9515785634988,11.0349018159165,11.0530069591682,11.0951832378827,11.1343811150178,11.15969177109,11.1722608849133,11.207948875732,11.20998446696,11.2678462412458,11.3405497676079,11.3937749428895,11.4079203900363,11.433449900243,11.4811186170353,11.4986323882626,11.5556915225166,11.5720022569787,11.6020296968871,11.6054250434204,11.7356009453378,11.7513615313324,11.8082412490273,11.8271236208928,11.8437432850182,11.8910856186542,11.9303930663041,11.9356133190664,12.0134146368918,12.0770482119762,12.1077588600811,12.121604482292,12.1491052903481,12.1979866091535,12.2839297107787,12.2948842245749,12.3300486276154,12.344053494963,12.3916236709092,12.4218386499988,12.4793874287729,12.5211863443652,12.5883145320603,12.6414334566546,12.6683817152996,12.6807971139865,12.7471617260488,12.7862764445109,12.8356797637194,12.8657397103196,12.8854145624294,12.938967122596,12.9683476323027,12.9905090797627,13.0326241937565,13.0734483850767,13.1060504512161,13.1619542921045,13.2268102123345,13.2504841509617,13.2702473233698,13.3639145424563,13.3987119743474,13.4294436504735,13.475062829617,13.4999683919184,13.5251469081236,13.5682139023428,13.6180106821728,13.6403230562369,13.6839674883868,13.7243980449821,13.7575116539615,13.799293174543,13.843015985758,13.9018332992772,13.9304397836897,13.9897430637698,14.0138343090726,14.1242947440981,14.1765847226876,14.1983826473066,14.2367568627744,14.2612475245546,14.3589902957307,14.4137081436871,14.4344497138239,14.4787837304465,14.5154113295819,14.5601728053865,14.611605544642,14.6377324749124,14.7033805569324,14.720707436365,14.8288555203048,14.9050944667686,15.0025209184991,15.0389467866191,15.1212693917715,15.2000588631421,15.2244587324709,15.353945108252,15.3617934937124,15.4184978331078,15.4668974470441,15.4887701674568,15.5523050121443,15.7081781764692,15.7418690561788,15.8118474005906,15.8556451602379,15.9734706799398,16.0822349410041,16.0918761366374,16.2339416851943,16.2632463233659,16.4101406911007,16.5090616996912,16.5218685015259,16.6356296519994,16.7369158414214,16.8150805485176,16.9165840460647,17.0130056026453,17.2486420860855,17.4049040308785,17.5959960001826,17.7897244602639,17.9678224885896,18.0874835853482,18.1269015462609,18.32241634192,18.4224504097117,18.7146818477631,18.8364319914168,18.9760922683429,19.1827751132466,19.4046260454411,19.700404785019,19.9939427530507,20.1312663194918,20.2405176285227,20.6219653821633,21.1787172887574,21.5133570497122,23.3466064250987,NA,NA,NA,NA,NA,NA,NA,NA,NA,NA,NA,NA,NA,NA,NA,NA,NA,NA,NA,NA,NA,NA,NA,NA,NA,NA,NA,NA,NA,NA,NA,NA,NA,NA,NA,NA,NA,NA,NA
0.535347805994956,0.600043990476218,0.718322574521694,0.994659006442158,1.07660454444882,1.27355038557182,1.41318030168279,1.50456114624353,1.52317612271472,1.75666054463568,1.7976422277967,1.80995499064714,1.88310652900523,1.94118371179728,2.19004640717344,2.20302083263084,2.28629743384636,2.42825644927023,2.52765120447611,2.53839538536986,2.61244172632687,2.68124807628617,2.72610537387649,2.78031382098352,2.88759595380696,2.96111215574675,2.99934267875158,3.06158571313214,3.13175778227276,3.16901355288221,3.22761345836655,3.30939403689668,3.38765030444131,3.44860676856422,3.45822433265552,3.4943823334794,3.57713207788775,3.61255458042392,3.70681607584098,3.75736940133087,3.78876326064784,3.82838985416491,3.86585309757563,3.90793223942677,3.93827970588706,4.03986346441936,4.09766166099759,4.13527253359392,4.20633503094681,4.24957222438117,4.26826000082852,4.28458804068541,4.32543817588221,4.39207237500087,4.4105405444064,4.446443860252,4.50855548673894,4.54912570623912,4.61159611597585,4.64502201503552,4.65902677536125,4.7329719180815,4.79843539476282,4.82574172865124,4.85373055135578,4.90613220047497,4.9270527859986,4.97027696321178,5.00458291928422,5.06822929626611,5.08433198074947,5.08873475442274,5.13668491816875,5.15519853850194,5.17517987001164,5.19363561795038,5.21041668695139,5.27249562383754,5.31020176185005,5.33391603205289,5.34685074123351,5.39363750666266,5.43231299335726,5.44959479425057,5.4919414161175,5.52390627913036,5.57778905552943,5.6157362725745,5.63303023147045,5.68283435983198,5.71435912356264,5.72218582320322,5.74106372103394,5.79421640719839,5.84519272785887,5.87563787479613,5.88267554603451,5.91586103199506,5.93113291931898,5.94883500138991,5.96215035103189,5.99843996488387,6.02413401683724,6.04586562670739,6.06787675259358,6.06998416566439,6.13317697352571,6.13631504150696,6.15846908008812,6.20736086514586,6.24724423969593,6.26920477988021,6.32144414499656,6.3340136838322,6.3522579080839,6.36071111246862,6.40038675536751,6.41141271540368,6.43485667924665,6.43685366906276,6.48631414571578,6.50189973153337,6.56438727804804,6.59748475145434,6.60601667180111,6.65461959450255,6.69926847235466,6.72395526873232,6.75325851473609,6.76786721403879,6.81388516223769,6.82739148222962,6.84723765526373,6.87230153468308,6.88060983370392,6.91849106371582,6.93579035692631,6.95802011081823,6.97144247823116,6.99716907430422,7.01812513013277,7.02139117633384,7.05922830662296,7.10950627678896,7.12741139368838,7.15265744764468,7.17335234692334,7.21284246957487,7.21584055424116,7.24371662000068,7.25762572844988,7.28963925491986,7.30336170927804,7.32241263584075,7.35576887334011,7.37771843105325,7.39507398306365,7.43272195404315,7.45117483514874,7.4587493121291,7.4805245758848,7.51165508709814,7.53100461880958,7.55444938135821,7.57392065247301,7.61960563245275,7.6240789793988,7.66126109717086,7.6781184995091,7.69750826779503,7.70968481355785,7.7306002271112,7.77521789686939,7.78513887112975,7.81205907673448,7.85491632303137,7.86109578055967,7.87249116939806,7.88981666296821,7.93786898818999,7.94391271132801,7.96338442608792,8.02597861938211,8.03336635998419,8.07832536141499,8.09013578520871,8.10295863325498,8.10531880951074,8.16584371334747,8.17711939105952,8.20268197224925,8.23694797614721,8.28065248198858,8.28097442136898,8.31122538290584,8.33105913650118,8.36538297185669,8.39058995919552,8.40858639967023,8.43662207669305,8.45632212459985,8.47124417547533,8.50428129423902,8.51183049933178,8.55847095529333,8.58026176063984,8.59888898019918,8.63944272350981,8.64586063877615,8.65268652558212,8.70609117388301,8.73653614294284,8.74696121113115,8.76905964348077,8.7836511726987,8.80616217256478,8.82809140450415,8.87015429782843,8.90750267312509,8.91417158107715,8.94952703787322,9.00294398465118,9.04158307807326,9.07663024972159,9.09450572649857,9.10934852918352,9.13083722389492,9.17363109467006,9.2282195874785,9.24225910025351,9.28915041155414,9.30361840318441,9.32707927122853,9.37849006695953,9.38908539567927,9.41758531196735,9.44952294149698,9.4710237490838,9.51090891942277,9.51730968743081,9.57556754172606,9.60708999151944,9.62570866483893,9.66652036039524,9.68929438893623,9.70982348224314,9.74076143331136,9.7597942008038,9.79818317094402,9.86308563977047,9.87004957750451,9.92216129053774,9.93619550030022,9.97510632526067,9.98766496127907,10.0245428751879,10.0541150094108,10.0781900782741,10.0947034503373,10.1558685230267,10.1748060516376,10.1976454453711,10.2257109075073,10.2333970400219,10.2627074423206,10.2887388396187,10.3307673392216,10.3510316615519,10.3996240430772,10.4173517293068,10.4489867765283,10.4838196065611,10.5385968961739,10.5694013396354,10.5991683669077,10.645728942459,10.7120165362539,10.7209074795958,10.7550811746563,10.8115241221418,10.8172023997465,10.8731407882066,10.9323718233209,10.9515785634988,11.0349018159165,11.0530069591682,11.0951832378827,11.1343811150178,11.15969177109,11.1722608849133,11.207948875732,11.20998446696,11.2678462412458,11.3405497676079,11.3937749428895,11.4079203900363,11.433449900243,11.4811186170353,11.4986323882626,11.5556915225166,11.5720022569787,11.6020296968871,11.6054250434204,11.7356009453378,11.7513615313324,11.8082412490273,11.8271236208928,11.8437432850182,11.8910856186542,11.9303930663041,11.9356133190664,12.0134146368918,12.0770482119762,12.1077588600811,12.121604482292,12.1491052903481,12.1979866091535,12.2839297107787,12.2948842245749,12.3300486276154,12.344053494963,12.3916236709092,12.4218386499988,12.4793874287729,12.5211863443652,12.5883145320603,12.6414334566546,12.6683817152996,12.6807971139865,12.7471617260488,12.7862764445109,12.8356797637194,12.8657397103196,12.8854145624294,12.938967122596,12.9683476323027,12.9905090797627,13.0326241937565,13.0734483850767,13.1060504512161,13.1619542921045,13.2268102123345,13.2504841509617,13.2702473233698,13.3639145424563,13.3987119743474,13.4294436504735,13.475062829617,13.4999683919184,13.5251469081236,13.5682139023428,13.6180106821728,13.6403230562369,13.6839674883868,13.7243980449821,13.7575116539615,13.799293174543,13.843015985758,13.9018332992772,13.9304397836897,13.9897430637698,14.0138343090726,14.1242947440981,14.1765847226876,14.1983826473066,14.2367568627744,14.2612475245546,14.3589902957307,14.4137081436871,14.4344497138239,14.4787837304465,14.5154113295819,14.5601728053865,14.611605544642,14.6377324749124,14.7033805569324,14.720707436365,14.8288555203048,14.9050944667686,15.0025209184991,15.0389467866191,15.1212693917715,15.2000588631421,15.2244587324709,15.353945108252,15.3617934937124,15.4184978331078,15.4668974470441,15.4887701674568,15.5523050121443,15.7081781764692,15.7418690561788,15.8118474005906,15.8556451602379,15.9734706799398,16.0822349410041,16.0918761366374,16.2339416851943,16.2632463233659,16.4101406911007,16.5090616996912,16.5218685015259,16.6356296519994,16.7369158414214,16.8150805485176,16.9165840460647,17.0130056026453,17.2486420860855,17.4049040308785,17.5959960001826,17.7897244602639,17.9678224885896,18.0874835853482,18.1269015462609,18.32241634192,18.4224504097117,18.7146818477631,18.8364319914168,18.9760922683429,19.1827751132466,19.4046260454411,19.700404785019,19.9939427530507,20.1312663194918,20.2405176285227,20.6219653821633,21.1787172887574,21.5133570497122,23.3466064250987,NA,NA,NA,NA,NA,NA,NA,NA,NA,NA,NA,NA,NA,NA,NA,NA,NA,NA,NA,NA,NA,NA,NA,NA,NA,NA,NA,NA,NA,NA,NA,NA,NA,NA,NA,NA,NA,NA,NA
0.535347805994956,0.600043990476218,0.718322574521694,0.994659006442158,1.07660454444882,1.27355038557182,1.41318030168279,1.50456114624353,1.52317612271472,1.75666054463568,1.7976422277967,1.80995499064714,1.88310652900523,1.94118371179728,2.19004640717344,2.20302083263084,2.28629743384636,2.42825644927023,2.52765120447611,2.53839538536986,2.61244172632687,2.68124807628617,2.72610537387649,2.78031382098352,2.88759595380696,2.96111215574675,2.99934267875158,3.06158571313214,3.13175778227276,3.16901355288221,3.22761345836655,3.30939403689668,3.38765030444131,3.44860676856422,3.45822433265552,3.4943823334794,3.57713207788775,3.61255458042392,3.70681607584098,3.75736940133087,3.78876326064784,3.82838985416491,3.86585309757563,3.90793223942677,3.93827970588706,4.03986346441936,4.09766166099759,4.13527253359392,4.20633503094681,4.24957222438117,4.26826000082852,4.28458804068541,4.32543817588221,4.39207237500087,4.4105405444064,4.446443860252,4.50855548673894,4.54912570623912,4.61159611597585,4.64502201503552,4.65902677536125,4.7329719180815,4.79843539476282,4.82574172865124,4.85373055135578,4.90613220047497,4.9270527859986,4.97027696321178,5.00458291928422,5.06822929626611,5.08433198074947,5.08873475442274,5.13668491816875,5.15519853850194,5.17517987001164,5.19363561795038,5.21041668695139,5.27249562383754,5.31020176185005,5.33391603205289,5.34685074123351,5.39363750666266,5.43231299335726,5.44959479425057,5.4919414161175,5.52390627913036,5.57778905552943,5.6157362725745,5.63303023147045,5.68283435983198,5.71435912356264,5.72218582320322,5.74106372103394,5.79421640719839,5.84519272785887,5.87563787479613,5.88267554603451,5.91586103199506,5.93113291931898,5.94883500138991,5.96215035103189,5.99843996488387,6.02413401683724,6.04586562670739,6.06787675259358,6.06998416566439,6.13317697352571,6.13631504150696,6.15846908008812,6.20736086514586,6.24724423969593,6.26920477988021,6.32144414499656,6.3340136838322,6.3522579080839,6.36071111246862,6.40038675536751,6.41141271540368,6.43485667924665,6.43685366906276,6.48631414571578,6.50189973153337,6.56438727804804,6.59748475145434,6.60601667180111,6.65461959450255,6.69926847235466,6.72395526873232,6.75325851473609,6.76786721403879,6.81388516223769,6.82739148222962,6.84723765526373,6.87230153468308,6.88060983370392,6.91849106371582,6.93579035692631,6.95802011081823,6.97144247823116,6.99716907430422,7.01812513013277,7.02139117633384,7.05922830662296,7.10950627678896,7.12741139368838,7.15265744764468,7.17335234692334,7.21284246957487,7.21584055424116,7.24371662000068,7.25762572844988,7.28963925491986,7.30336170927804,7.32241263584075,7.35576887334011,7.37771843105325,7.39507398306365,7.43272195404315,7.45117483514874,7.4587493121291,7.4805245758848,7.51165508709814,7.53100461880958,7.55444938135821,7.57392065247301,7.61960563245275,7.6240789793988,7.66126109717086,7.6781184995091,7.69750826779503,7.70968481355785,7.7306002271112,7.77521789686939,7.78513887112975,7.81205907673448,7.85491632303137,7.86109578055967,7.87249116939806,7.88981666296821,7.93786898818999,7.94391271132801,7.96338442608792,8.02597861938211,8.03336635998419,8.07832536141499,8.09013578520871,8.10295863325498,8.10531880951074,8.16584371334747,8.17711939105952,8.20268197224925,8.23694797614721,8.28065248198858,8.28097442136898,8.31122538290584,8.33105913650118,8.36538297185669,8.39058995919552,8.40858639967023,8.43662207669305,8.45632212459985,8.47124417547533,8.50428129423902,8.51183049933178,8.55847095529333,8.58026176063984,8.59888898019918,8.63944272350981,8.64586063877615,8.65268652558212,8.70609117388301,8.73653614294284,8.74696121113115,8.76905964348077,8.7836511726987,8.80616217256478,8.82809140450415,8.87015429782843,8.90750267312509,8.91417158107715,8.94952703787322,9.00294398465118,9.04158307807326,9.07663024972159,9.09450572649857,9.10934852918352,9.13083722389492,9.17363109467006,9.2282195874785,9.24225910025351,9.28915041155414,9.30361840318441,9.32707927122853,9.37849006695953,9.38908539567927,9.41758531196735,9.44952294149698,9.4710237490838,9.51090891942277,9.51730968743081,9.57556754172606,9.60708999151944,9.62570866483893,9.66652036039524,9.68929438893623,9.70982348224314,9.74076143331136,9.7597942008038,9.79818317094402,9.86308563977047,9.87004957750451,9.92216129053774,9.93619550030022,9.97510632526067,9.98766496127907,10.0245428751879,10.0541150094108,10.0781900782741,10.0947034503373,10.1558685230267,10.1748060516376,10.1976454453711,10.2257109075073,10.2333970400219,10.2627074423206,10.2887388396187,10.3307673392216,10.3510316615519,10.3996240430772,10.4173517293068,10.4489867765283,10.4838196065611,10.5385968961739,10.5694013396354,10.5991683669077,10.645728942459,10.7120165362539,10.7209074795958,10.7550811746563,10.8115241221418,10.8172023997465,10.8731407882066,10.9323718233209,10.9515785634988,11.0349018159165,11.0530069591682,11.0951832378827,11.1343811150178,11.15969177109,11.1722608849133,11.207948875732,11.20998446696,11.2678462412458,11.3405497676079,11.3937749428895,11.4079203900363,11.433449900243,11.4811186170353,11.4986323882626,11.5556915225166,11.5720022569787,11.6020296968871,11.6054250434204,11.7356009453378,11.7513615313324,11.8082412490273,11.8271236208928,11.8437432850182,11.8910856186542,11.9303930663041,11.9356133190664,12.0134146368918,12.0770482119762,12.1077588600811,12.121604482292,12.1491052903481,12.1979866091535,12.2839297107787,12.2948842245749,12.3300486276154,12.344053494963,12.3916236709092,12.4218386499988,12.4793874287729,12.5211863443652,12.5883145320603,12.6414334566546,12.6683817152996,12.6807971139865,12.7471617260488,12.7862764445109,12.8356797637194,12.8657397103196,12.8854145624294,12.938967122596,12.9683476323027,12.9905090797627,13.0326241937565,13.0734483850767,13.1060504512161,13.1619542921045,13.2268102123345,13.2504841509617,13.2702473233698,13.3639145424563,13.3987119743474,13.4294436504735,13.475062829617,13.4999683919184,13.5251469081236,13.5682139023428,13.6180106821728,13.6403230562369,13.6839674883868,13.7243980449821,13.7575116539615,13.799293174543,13.843015985758,13.9018332992772,13.9304397836897,13.9897430637698,14.0138343090726,14.1242947440981,14.1765847226876,14.1983826473066,14.2367568627744,14.2612475245546,14.3589902957307,14.4137081436871,14.4344497138239,14.4787837304465,14.5154113295819,14.5601728053865,14.611605544642,14.6377324749124,14.7033805569324,14.720707436365,14.8288555203048,14.9050944667686,15.0025209184991,15.0389467866191,15.1212693917715,15.2000588631421,15.2244587324709,15.353945108252,15.3617934937124,15.4184978331078,15.4668974470441,15.4887701674568,15.5523050121443,15.7081781764692,15.7418690561788,15.8118474005906,15.8556451602379,15.9734706799398,16.0822349410041,16.0918761366374,16.2339416851943,16.2632463233659,16.4101406911007,16.5090616996912,16.5218685015259,16.6356296519994,16.7369158414214,16.8150805485176,16.9165840460647,17.0130056026453,17.2486420860855,17.4049040308785,17.5959960001826,17.7897244602639,17.9678224885896,18.0874835853482,18.1269015462609,18.32241634192,18.4224504097117,18.7146818477631,18.8364319914168,18.9760922683429,19.1827751132466,19.4046260454411,19.700404785019,19.9939427530507,20.1312663194918,20.2405176285227,20.6219653821633,21.1787172887574,21.5133570497122,23.3466064250987,NA,NA,NA,NA,NA,NA,NA,NA,NA,NA,NA,NA,NA,NA,NA,NA,NA,NA,NA,NA,NA,NA,NA,NA,NA,NA,NA,NA,NA,NA,NA,NA,NA,NA,NA,NA,NA,NA,NA
0.535347805994956,0.600043990476218,0.718322574521694,0.994659006442158,1.07660454444882,1.27355038557182,1.41318030168279,1.50456114624353,1.52317612271472,1.75666054463568,1.7976422277967,1.80995499064714,1.88310652900523,1.94118371179728,2.19004640717344,2.20302083263084,2.28629743384636,2.42825644927023,2.52765120447611,2.53839538536986,2.61244172632687,2.68124807628617,2.72610537387649,2.78031382098352,2.88759595380696,2.96111215574675,2.99934267875158,3.06158571313214,3.13175778227276,3.16901355288221,3.22761345836655,3.30939403689668,3.38765030444131,3.44860676856422,3.45822433265552,3.4943823334794,3.57713207788775,3.61255458042392,3.70681607584098,3.75736940133087,3.78876326064784,3.82838985416491,3.86585309757563,3.90793223942677,3.93827970588706,4.03986346441936,4.09766166099759,4.13527253359392,4.20633503094681,4.24957222438117,4.26826000082852,4.28458804068541,4.32543817588221,4.39207237500087,4.4105405444064,4.446443860252,4.50855548673894,4.54912570623912,4.61159611597585,4.64502201503552,4.65902677536125,4.7329719180815,4.79843539476282,4.82574172865124,4.85373055135578,4.90613220047497,4.9270527859986,4.97027696321178,5.00458291928422,5.06822929626611,5.08433198074947,5.08873475442274,5.13668491816875,5.15519853850194,5.17517987001164,5.19363561795038,5.21041668695139,5.27249562383754,5.31020176185005,5.33391603205289,5.34685074123351,5.39363750666266,5.43231299335726,5.44959479425057,5.4919414161175,5.52390627913036,5.57778905552943,5.6157362725745,5.63303023147045,5.68283435983198,5.71435912356264,5.72218582320322,5.74106372103394,5.79421640719839,5.84519272785887,5.87563787479613,5.88267554603451,5.91586103199506,5.93113291931898,5.94883500138991,5.96215035103189,5.99843996488387,6.02413401683724,6.04586562670739,6.06787675259358,6.06998416566439,6.13317697352571,6.13631504150696,6.15846908008812,6.20736086514586,6.24724423969593,6.26920477988021,6.32144414499656,6.3340136838322,6.3522579080839,6.36071111246862,6.40038675536751,6.41141271540368,6.43485667924665,6.43685366906276,6.48631414571578,6.50189973153337,6.56438727804804,6.59748475145434,6.60601667180111,6.65461959450255,6.69926847235466,6.72395526873232,6.75325851473609,6.76786721403879,6.81388516223769,6.82739148222962,6.84723765526373,6.87230153468308,6.88060983370392,6.91849106371582,6.93579035692631,6.95802011081823,6.97144247823116,6.99716907430422,7.01812513013277,7.02139117633384,7.05922830662296,7.10950627678896,7.12741139368838,7.15265744764468,7.17335234692334,7.21284246957487,7.21584055424116,7.24371662000068,7.25762572844988,7.28963925491986,7.30336170927804,7.32241263584075,7.35576887334011,7.37771843105325,7.39507398306365,7.43272195404315,7.45117483514874,7.4587493121291,7.4805245758848,7.51165508709814,7.53100461880958,7.55444938135821,7.57392065247301,7.61960563245275,7.6240789793988,7.66126109717086,7.6781184995091,7.69750826779503,7.70968481355785,7.7306002271112,7.77521789686939,7.78513887112975,7.81205907673448,7.85491632303137,7.86109578055967,7.87249116939806,7.88981666296821,7.93786898818999,7.94391271132801,7.96338442608792,8.02597861938211,8.03336635998419,8.07832536141499,8.09013578520871,8.10295863325498,8.10531880951074,8.16584371334747,8.17711939105952,8.20268197224925,8.23694797614721,8.28065248198858,8.28097442136898,8.31122538290584,8.33105913650118,8.36538297185669,8.39058995919552,8.40858639967023,8.43662207669305,8.45632212459985,8.47124417547533,8.50428129423902,8.51183049933178,8.55847095529333,8.58026176063984,8.59888898019918,8.63944272350981,8.64586063877615,8.65268652558212,8.70609117388301,8.73653614294284,8.74696121113115,8.76905964348077,8.7836511726987,8.80616217256478,8.82809140450415,8.87015429782843,8.90750267312509,8.91417158107715,8.94952703787322,9.00294398465118,9.04158307807326,9.07663024972159,9.09450572649857,9.10934852918352,9.13083722389492,9.17363109467006,9.2282195874785,9.24225910025351,9.28915041155414,9.30361840318441,9.32707927122853,9.37849006695953,9.38908539567927,9.41758531196735,9.44952294149698,9.4710237490838,9.51090891942277,9.51730968743081,9.57556754172606,9.60708999151944,9.62570866483893,9.66652036039524,9.68929438893623,9.70982348224314,9.74076143331136,9.7597942008038,9.79818317094402,9.86308563977047,9.87004957750451,9.92216129053774,9.93619550030022,9.97510632526067,9.98766496127907,10.0245428751879,10.0541150094108,10.0781900782741,10.0947034503373,10.1558685230267,10.1748060516376,10.1976454453711,10.2257109075073,10.2333970400219,10.2627074423206,10.2887388396187,10.3307673392216,10.3510316615519,10.3996240430772,10.4173517293068,10.4489867765283,10.4838196065611,10.5385968961739,10.5694013396354,10.5991683669077,10.645728942459,10.7120165362539,10.7209074795958,10.7550811746563,10.8115241221418,10.8172023997465,10.8731407882066,10.9323718233209,10.9515785634988,11.0349018159165,11.0530069591682,11.0951832378827,11.1343811150178,11.15969177109,11.1722608849133,11.207948875732,11.20998446696,11.2678462412458,11.3405497676079,11.3937749428895,11.4079203900363,11.433449900243,11.4811186170353,11.4986323882626,11.5556915225166,11.5720022569787,11.6020296968871,11.6054250434204,11.7356009453378,11.7513615313324,11.8082412490273,11.8271236208928,11.8437432850182,11.8910856186542,11.9303930663041,11.9356133190664,12.0134146368918,12.0770482119762,12.1077588600811,12.121604482292,12.1491052903481,12.1979866091535,12.2839297107787,12.2948842245749,12.3300486276154,12.344053494963,12.3916236709092,12.4218386499988,12.4793874287729,12.5211863443652,12.5883145320603,12.6414334566546,12.6683817152996,12.6807971139865,12.7471617260488,12.7862764445109,12.8356797637194,12.8657397103196,12.8854145624294,12.938967122596,12.9683476323027,12.9905090797627,13.0326241937565,13.0734483850767,13.1060504512161,13.1619542921045,13.2268102123345,13.2504841509617,13.2702473233698,13.3639145424563,13.3987119743474,13.4294436504735,13.475062829617,13.4999683919184,13.5251469081236,13.5682139023428,13.6180106821728,13.6403230562369,13.6839674883868,13.7243980449821,13.7575116539615,13.799293174543,13.843015985758,13.9018332992772,13.9304397836897,13.9897430637698,14.0138343090726,14.1242947440981,14.1765847226876,14.1983826473066,14.2367568627744,14.2612475245546,14.3589902957307,14.4137081436871,14.4344497138239,14.4787837304465,14.5154113295819,14.5601728053865,14.611605544642,14.6377324749124,14.7033805569324,14.720707436365,14.8288555203048,14.9050944667686,15.0025209184991,15.0389467866191,15.1212693917715,15.2000588631421,15.2244587324709,15.353945108252,15.3617934937124,15.4184978331078,15.4668974470441,15.4887701674568,15.5523050121443,15.7081781764692,15.7418690561788,15.8118474005906,15.8556451602379,15.9734706799398,16.0822349410041,16.0918761366374,16.2339416851943,16.2632463233659,16.4101406911007,16.5090616996912,16.5218685015259,16.6356296519994,16.7369158414214,16.8150805485176,16.9165840460647,17.0130056026453,17.2486420860855,17.4049040308785,17.5959960001826,17.7897244602639,17.9678224885896,18.0874835853482,18.1269015462609,18.32241634192,18.4224504097117,18.7146818477631,18.8364319914168,18.9760922683429,19.1827751132466,19.4046260454411,19.700404785019,19.9939427530507,20.1312663194918,20.2405176285227,20.6219653821633,21.1787172887574,21.5133570497122,23.3466064250987,NA,NA,NA,NA,NA,NA,NA,NA,NA,NA,NA,NA,NA,NA,NA,NA,NA,NA,NA,NA,NA,NA,NA,NA,NA,NA,NA,NA,NA,NA,NA,NA,NA,NA,NA,NA,NA,NA,NA
0.541410873174675,0.606537053764053,0.721014393012734,1.02498629230706,1.11155334108069,1.31349009875996,1.41699155934892,1.52221730276586,1.56778169452534,1.76576140482892,1.82584183287477,1.84228562123975,1.89114867823074,1.95038732916529,2.20048015000762,2.21116663074064,2.36219374310247,2.50134540436987,2.55250031283444,2.56355324301267,2.67754186040477,2.70414180908042,2.7335615544102,2.82694592965687,2.94611900079179,2.98514035899414,3.05964013597688,3.11118159654226,3.1762711476385,3.22492748792174,3.30871108089488,3.36501468125424,3.41440831416248,3.47591283842599,3.50424642989158,3.57406515477285,3.62059220133675,3.70269348455234,3.75614464096358,3.78477400583356,3.83092303393191,3.86632388123931,3.90705573384016,3.9412407708374,4.04326584889814,4.09807899440745,4.13430488881295,4.21608739044862,4.24898389438098,4.27532365405924,4.30600959984392,4.32651754156009,4.38691328791086,4.43614935146447,4.44826431611031,4.50389186641538,4.54777306341946,4.61054525370591,4.6497525037295,4.70532809834239,4.71800393637258,4.79172038964422,4.82183470019352,4.84706863938348,4.90491647576787,4.957486525855,4.97041459404908,5.00451789610489,5.06279170851963,5.07720252428464,5.0888873234686,5.13860118720081,5.15582692854608,5.17553817719153,5.19448009880512,5.22212494547657,5.27682371444701,5.31039513823586,5.34120604779528,5.3497465821756,5.40525768423257,5.43346738767298,5.45080780796802,5.50707758979606,5.51989915367491,5.58997626647738,5.63297948263854,5.65551267489315,5.68336111281321,5.71617457509069,5.74309486667268,5.77772141514354,5.79845525688677,5.86945798011408,5.88122631466948,5.88282247519119,5.91253473563862,5.93561004494095,5.95794811842333,5.99139700238216,6.01828805667018,6.03703449697051,6.06568073021289,6.0768229063792,6.12055418905242,6.14512728155499,6.16019314448139,6.18489581793739,6.23695299090071,6.27044613002667,6.29477919230433,6.32512469168971,6.34999700950552,6.35670003002762,6.37941533385049,6.41239152237846,6.43078705279545,6.43674149338688,6.48179156286208,6.50453535125907,6.5720967093296,6.59486708058793,6.60883883247787,6.65751468883237,6.6850763163205,6.71853552546867,6.75348632207539,6.77380073577167,6.81277400322189,6.82708769918442,6.84363177171619,6.84885374783292,6.87285105957583,6.92672123807466,6.9403340999592,6.95759231221926,6.98189350876946,6.99782917005786,7.01718238770568,7.02101572236456,7.05886233828473,7.10954943916161,7.12757795442311,7.15237146278632,7.17172497572297,7.2104440501617,7.215811406253,7.24348759799714,7.25510711137277,7.28565357516254,7.29035636346127,7.32094165810838,7.35290266655544,7.37145324197436,7.40309988459494,7.4327052078379,7.44565748716798,7.45260466761726,7.48697667177592,7.51926004804331,7.52305324429856,7.55361775284191,7.5745103399049,7.61871358351198,7.6225132786044,7.64620515188697,7.6780253415086,7.68892900094386,7.7207299048007,7.72801758428915,7.77510476210016,7.78500442278176,7.82870972209923,7.85433626884266,7.86084033454703,7.87108911135021,7.88621374675969,7.9342716665428,7.94180566451479,7.97138943600709,8.02163428383326,8.04113058785714,8.07186302159585,8.09101759418441,8.10105330611446,8.1115087501385,8.16296297451678,8.17612993966905,8.20135119632917,8.2557759433343,8.27155704938377,8.28479624672107,8.32730858828032,8.36182928888578,8.38117260416562,8.40229161788202,8.42361616497771,8.45156524149462,8.46536107537827,8.47001555800733,8.50417301331775,8.54471064222384,8.55709681496775,8.57296532528796,8.61457056052725,8.62355394860716,8.64935733753935,8.66207583030612,8.70255849510969,8.7319699657693,8.75162476608556,8.76669199421689,8.77006923351407,8.81487886867582,8.82671350755811,8.86175843475064,8.89333001958807,8.92258405091966,8.95701602028863,8.99343805636623,9.03348009493642,9.08064652453278,9.1008758087533,9.1152704924537,9.12930188244091,9.16624793591605,9.2125246432233,9.23127378713705,9.24702864766371,9.30904686516497,9.32646401201301,9.36513330969324,9.38186396767292,9.43326519142389,9.45361630864747,9.47160815418941,9.50892723778593,9.54825858378642,9.60254303950567,9.61600821893721,9.63041086927326,9.66362926993345,9.68845908786794,9.73250247400889,9.74480620678278,9.78530889855543,9.81191530245865,9.85542253022664,9.88186402090438,9.92457676770217,9.95611415337058,9.98274962345661,10.0005527680875,10.0179975163356,10.0600794452521,10.0746669519461,10.0785894056038,10.1576032724911,10.1888353897176,10.1991448403016,10.2048412390087,10.2261022555015,10.2756490558461,10.3127405148445,10.3335898346382,10.3833779540097,10.4130597601907,10.435791019358,10.4704729814938,10.5141968635425,10.5516296370369,10.5822389281372,10.6375454337079,10.6914340254482,10.7167225392096,10.7326230740311,10.768401339637,10.7998813809935,10.8167667493501,10.8828971173839,10.9457235406772,10.9927031381235,11.0485085256971,11.080121273272,11.1231864955974,11.1512753110883,11.1665659456043,11.1875429902851,11.2081590785022,11.2487602306223,11.3292320526669,11.3769029552988,11.3984467407967,11.426343516881,11.4714136227139,11.4866493896585,11.5393413412998,11.5671020959156,11.5971658455869,11.6014875065843,11.7255550244434,11.7449757855213,11.7863985937556,11.8171613264656,11.8417915858285,11.8741060441386,11.9299139686563,11.9351186659114,11.9851579812795,12.0727578655093,12.1053319950831,12.1160474897831,12.1449316153436,12.196024444052,12.2741972460038,12.2872315894079,12.3228147463776,12.3430084116778,12.3876196760705,12.4206037744164,12.4544266267955,12.5209303303217,12.5653044667224,12.6219973068091,12.6664550997813,12.6752110943279,12.7448712240805,12.7667107146311,12.8306341399707,12.8639414639037,12.8815041224252,12.9296987515882,12.9639012666089,12.9874622342725,13.0315879621796,13.0378827876917,13.104271185244,13.1497510903577,13.2222539436594,13.2380074983197,13.2444435504855,13.3538956186314,13.3951473801381,13.4163823955493,13.4520125322413,13.4885654388175,13.5210024246019,13.5677467600792,13.6116331064126,13.6304681968188,13.6822028066303,13.7190065045651,13.7522731379733,13.7988390704112,13.8306181980304,13.8887973723316,13.9245311396761,13.9851286584375,14.0077853597134,14.1154334787318,14.168606002627,14.1971934576765,14.2285416975976,14.2589329140773,14.331169604103,14.3855239490015,14.4272477112879,14.4558330489763,14.5016037549166,14.548585129851,14.6092786234745,14.6293511835803,14.693379822584,14.7032243969939,14.8225351092827,14.8997510132614,14.986260949179,15.0342674979632,15.1045763762189,15.1960092043401,15.2192443808094,15.353412537716,15.3543527927766,15.3743703388335,15.4614498067209,15.4669463811227,15.5440367565926,15.6029743406177,15.7192442853802,15.8082312582823,15.8201788992149,15.9161140683071,16.0819131114225,16.0836174843849,16.1920817336012,16.246588030904,16.4095546385015,16.5065580757202,16.512295011231,16.6019983236923,16.7144072829797,16.7862288627084,16.9148994548963,16.9973647348672,17.2456488480768,17.4029839463757,17.5840570398496,17.7894460875316,17.9481556788913,18.0813642169415,18.1200537234605,18.3068362476998,18.4194244281405,18.7101596181924,18.8145325555223,18.9747817280194,19.1678020116408,19.3909666317948,19.6953905838156,19.9938454523988,20.1212545437392,20.2402731069345,20.6173537318075,21.1773096216334,21.5119934079478,23.3450802894942,NA,NA,NA,NA,NA,NA,NA,NA,NA,NA,NA,NA,NA,NA,NA,NA,NA,NA,NA,NA,NA,NA,NA,NA,NA,NA,NA,NA,NA,NA,NA,NA,NA,NA,NA,NA,NA,NA,NA,NA,NA,NA
0.541410873174675,0.606537053764053,0.721014393012734,1.02498629230706,1.11155334108069,1.31349009875996,1.41699155934892,1.52221730276586,1.56778169452534,1.76576140482892,1.82584183287477,1.84228562123975,1.89114867823074,1.95038732916529,2.20048015000762,2.21116663074064,2.36219374310247,2.50134540436987,2.55250031283444,2.56355324301267,2.67754186040477,2.70414180908042,2.7335615544102,2.82694592965687,2.94611900079179,2.98514035899414,3.05964013597688,3.11118159654226,3.1762711476385,3.22492748792174,3.30871108089488,3.36501468125424,3.41440831416248,3.47591283842599,3.50424642989158,3.57406515477285,3.62059220133675,3.70269348455234,3.75614464096358,3.78477400583356,3.83092303393191,3.86632388123931,3.90705573384016,3.9412407708374,4.04326584889814,4.09807899440745,4.13430488881295,4.21608739044862,4.24898389438098,4.27532365405924,4.30600959984392,4.32651754156009,4.38691328791086,4.43614935146447,4.44826431611031,4.50389186641538,4.54777306341946,4.61054525370591,4.6497525037295,4.70532809834239,4.71800393637258,4.79172038964422,4.82183470019352,4.84706863938348,4.90491647576787,4.957486525855,4.97041459404908,5.00451789610489,5.06279170851963,5.07720252428464,5.0888873234686,5.13860118720081,5.15582692854608,5.17553817719153,5.19448009880512,5.22212494547657,5.27682371444701,5.31039513823586,5.34120604779528,5.3497465821756,5.40525768423257,5.43346738767298,5.45080780796802,5.50707758979606,5.51989915367491,5.58997626647738,5.63297948263854,5.65551267489315,5.68336111281321,5.71617457509069,5.74309486667268,5.77772141514354,5.79845525688677,5.86945798011408,5.88122631466948,5.88282247519119,5.91253473563862,5.93561004494095,5.95794811842333,5.99139700238216,6.01828805667018,6.03703449697051,6.06568073021289,6.0768229063792,6.12055418905242,6.14512728155499,6.16019314448139,6.18489581793739,6.23695299090071,6.27044613002667,6.29477919230433,6.32512469168971,6.34999700950552,6.35670003002762,6.37941533385049,6.41239152237846,6.43078705279545,6.43674149338688,6.48179156286208,6.50453535125907,6.5720967093296,6.59486708058793,6.60883883247787,6.65751468883237,6.6850763163205,6.71853552546867,6.75348632207539,6.77380073577167,6.81277400322189,6.82708769918442,6.84363177171619,6.84885374783292,6.87285105957583,6.92672123807466,6.9403340999592,6.95759231221926,6.98189350876946,6.99782917005786,7.01718238770568,7.02101572236456,7.05886233828473,7.10954943916161,7.12757795442311,7.15237146278632,7.17172497572297,7.2104440501617,7.215811406253,7.24348759799714,7.25510711137277,7.28565357516254,7.29035636346127,7.32094165810838,7.35290266655544,7.37145324197436,7.40309988459494,7.4327052078379,7.44565748716798,7.45260466761726,7.48697667177592,7.51926004804331,7.52305324429856,7.55361775284191,7.5745103399049,7.61871358351198,7.6225132786044,7.64620515188697,7.6780253415086,7.68892900094386,7.7207299048007,7.72801758428915,7.77510476210016,7.78500442278176,7.82870972209923,7.85433626884266,7.86084033454703,7.87108911135021,7.88621374675969,7.9342716665428,7.94180566451479,7.97138943600709,8.02163428383326,8.04113058785714,8.07186302159585,8.09101759418441,8.10105330611446,8.1115087501385,8.16296297451678,8.17612993966905,8.20135119632917,8.2557759433343,8.27155704938377,8.28479624672107,8.32730858828032,8.36182928888578,8.38117260416562,8.40229161788202,8.42361616497771,8.45156524149462,8.46536107537827,8.47001555800733,8.50417301331775,8.54471064222384,8.55709681496775,8.57296532528796,8.61457056052725,8.62355394860716,8.64935733753935,8.66207583030612,8.70255849510969,8.7319699657693,8.75162476608556,8.76669199421689,8.77006923351407,8.81487886867582,8.82671350755811,8.86175843475064,8.89333001958807,8.92258405091966,8.95701602028863,8.99343805636623,9.03348009493642,9.08064652453278,9.1008758087533,9.1152704924537,9.12930188244091,9.16624793591605,9.2125246432233,9.23127378713705,9.24702864766371,9.30904686516497,9.32646401201301,9.36513330969324,9.38186396767292,9.43326519142389,9.45361630864747,9.47160815418941,9.50892723778593,9.54825858378642,9.60254303950567,9.61600821893721,9.63041086927326,9.66362926993345,9.68845908786794,9.73250247400889,9.74480620678278,9.78530889855543,9.81191530245865,9.85542253022664,9.88186402090438,9.92457676770217,9.95611415337058,9.98274962345661,10.0005527680875,10.0179975163356,10.0600794452521,10.0746669519461,10.0785894056038,10.1576032724911,10.1888353897176,10.1991448403016,10.2048412390087,10.2261022555015,10.2756490558461,10.3127405148445,10.3335898346382,10.3833779540097,10.4130597601907,10.435791019358,10.4704729814938,10.5141968635425,10.5516296370369,10.5822389281372,10.6375454337079,10.6914340254482,10.7167225392096,10.7326230740311,10.768401339637,10.7998813809935,10.8167667493501,10.8828971173839,10.9457235406772,10.9927031381235,11.0485085256971,11.080121273272,11.1231864955974,11.1512753110883,11.1665659456043,11.1875429902851,11.2081590785022,11.2487602306223,11.3292320526669,11.3769029552988,11.3984467407967,11.426343516881,11.4714136227139,11.4866493896585,11.5393413412998,11.5671020959156,11.5971658455869,11.6014875065843,11.7255550244434,11.7449757855213,11.7863985937556,11.8171613264656,11.8417915858285,11.8741060441386,11.9299139686563,11.9351186659114,11.9851579812795,12.0727578655093,12.1053319950831,12.1160474897831,12.1449316153436,12.196024444052,12.2741972460038,12.2872315894079,12.3228147463776,12.3430084116778,12.3876196760705,12.4206037744164,12.4544266267955,12.5209303303217,12.5653044667224,12.6219973068091,12.6664550997813,12.6752110943279,12.7448712240805,12.7667107146311,12.8306341399707,12.8639414639037,12.8815041224252,12.9296987515882,12.9639012666089,12.9874622342725,13.0315879621796,13.0378827876917,13.104271185244,13.1497510903577,13.2222539436594,13.2380074983197,13.2444435504855,13.3538956186314,13.3951473801381,13.4163823955493,13.4520125322413,13.4885654388175,13.5210024246019,13.5677467600792,13.6116331064126,13.6304681968188,13.6822028066303,13.7190065045651,13.7522731379733,13.7988390704112,13.8306181980304,13.8887973723316,13.9245311396761,13.9851286584375,14.0077853597134,14.1154334787318,14.168606002627,14.1971934576765,14.2285416975976,14.2589329140773,14.331169604103,14.3855239490015,14.4272477112879,14.4558330489763,14.5016037549166,14.548585129851,14.6092786234745,14.6293511835803,14.693379822584,14.7032243969939,14.8225351092827,14.8997510132614,14.986260949179,15.0342674979632,15.1045763762189,15.1960092043401,15.2192443808094,15.353412537716,15.3543527927766,15.3743703388335,15.4614498067209,15.4669463811227,15.5440367565926,15.6029743406177,15.7192442853802,15.8082312582823,15.8201788992149,15.9161140683071,16.0819131114225,16.0836174843849,16.1920817336012,16.246588030904,16.4095546385015,16.5065580757202,16.512295011231,16.6019983236923,16.7144072829797,16.7862288627084,16.9148994548963,16.9973647348672,17.2456488480768,17.4029839463757,17.5840570398496,17.7894460875316,17.9481556788913,18.0813642169415,18.1200537234605,18.3068362476998,18.4194244281405,18.7101596181924,18.8145325555223,18.9747817280194,19.1678020116408,19.3909666317948,19.6953905838156,19.9938454523988,20.1212545437392,20.2402731069345,20.6173537318075,21.1773096216334,21.5119934079478,23.3450802894942,NA,NA,NA,NA,NA,NA,NA,NA,NA,NA,NA,NA,NA,NA,NA,NA,NA,NA,NA,NA,NA,NA,NA,NA,NA,NA,NA,NA,NA,NA,NA,NA,NA,NA,NA,NA,NA,NA,NA,NA,NA,NA
0.541410873174675,0.606537053764053,0.721014393012734,1.02498629230706,1.11155334108069,1.31349009875996,1.41699155934892,1.52221730276586,1.56778169452534,1.76576140482892,1.82584183287477,1.84228562123975,1.89114867823074,1.95038732916529,2.20048015000762,2.21116663074064,2.36219374310247,2.50134540436987,2.55250031283444,2.56355324301267,2.67754186040477,2.70414180908042,2.7335615544102,2.82694592965687,2.94611900079179,2.98514035899414,3.05964013597688,3.11118159654226,3.1762711476385,3.22492748792174,3.30871108089488,3.36501468125424,3.41440831416248,3.47591283842599,3.50424642989158,3.57406515477285,3.62059220133675,3.70269348455234,3.75614464096358,3.78477400583356,3.83092303393191,3.86632388123931,3.90705573384016,3.9412407708374,4.04326584889814,4.09807899440745,4.13430488881295,4.21608739044862,4.24898389438098,4.27532365405924,4.30600959984392,4.32651754156009,4.38691328791086,4.43614935146447,4.44826431611031,4.50389186641538,4.54777306341946,4.61054525370591,4.6497525037295,4.70532809834239,4.71800393637258,4.79172038964422,4.82183470019352,4.84706863938348,4.90491647576787,4.957486525855,4.97041459404908,5.00451789610489,5.06279170851963,5.07720252428464,5.0888873234686,5.13860118720081,5.15582692854608,5.17553817719153,5.19448009880512,5.22212494547657,5.27682371444701,5.31039513823586,5.34120604779528,5.3497465821756,5.40525768423257,5.43346738767298,5.45080780796802,5.50707758979606,5.51989915367491,5.58997626647738,5.63297948263854,5.65551267489315,5.68336111281321,5.71617457509069,5.74309486667268,5.77772141514354,5.79845525688677,5.86945798011408,5.88122631466948,5.88282247519119,5.91253473563862,5.93561004494095,5.95794811842333,5.99139700238216,6.01828805667018,6.03703449697051,6.06568073021289,6.0768229063792,6.12055418905242,6.14512728155499,6.16019314448139,6.18489581793739,6.23695299090071,6.27044613002667,6.29477919230433,6.32512469168971,6.34999700950552,6.35670003002762,6.37941533385049,6.41239152237846,6.43078705279545,6.43674149338688,6.48179156286208,6.50453535125907,6.5720967093296,6.59486708058793,6.60883883247787,6.65751468883237,6.6850763163205,6.71853552546867,6.75348632207539,6.77380073577167,6.81277400322189,6.82708769918442,6.84363177171619,6.84885374783292,6.87285105957583,6.92672123807466,6.9403340999592,6.95759231221926,6.98189350876946,6.99782917005786,7.01718238770568,7.02101572236456,7.05886233828473,7.10954943916161,7.12757795442311,7.15237146278632,7.17172497572297,7.2104440501617,7.215811406253,7.24348759799714,7.25510711137277,7.28565357516254,7.29035636346127,7.32094165810838,7.35290266655544,7.37145324197436,7.40309988459494,7.4327052078379,7.44565748716798,7.45260466761726,7.48697667177592,7.51926004804331,7.52305324429856,7.55361775284191,7.5745103399049,7.61871358351198,7.6225132786044,7.64620515188697,7.6780253415086,7.68892900094386,7.7207299048007,7.72801758428915,7.77510476210016,7.78500442278176,7.82870972209923,7.85433626884266,7.86084033454703,7.87108911135021,7.88621374675969,7.9342716665428,7.94180566451479,7.97138943600709,8.02163428383326,8.04113058785714,8.07186302159585,8.09101759418441,8.10105330611446,8.1115087501385,8.16296297451678,8.17612993966905,8.20135119632917,8.2557759433343,8.27155704938377,8.28479624672107,8.32730858828032,8.36182928888578,8.38117260416562,8.40229161788202,8.42361616497771,8.45156524149462,8.46536107537827,8.47001555800733,8.50417301331775,8.54471064222384,8.55709681496775,8.57296532528796,8.61457056052725,8.62355394860716,8.64935733753935,8.66207583030612,8.70255849510969,8.7319699657693,8.75162476608556,8.76669199421689,8.77006923351407,8.81487886867582,8.82671350755811,8.86175843475064,8.89333001958807,8.92258405091966,8.95701602028863,8.99343805636623,9.03348009493642,9.08064652453278,9.1008758087533,9.1152704924537,9.12930188244091,9.16624793591605,9.2125246432233,9.23127378713705,9.24702864766371,9.30904686516497,9.32646401201301,9.36513330969324,9.38186396767292,9.43326519142389,9.45361630864747,9.47160815418941,9.50892723778593,9.54825858378642,9.60254303950567,9.61600821893721,9.63041086927326,9.66362926993345,9.68845908786794,9.73250247400889,9.74480620678278,9.78530889855543,9.81191530245865,9.85542253022664,9.88186402090438,9.92457676770217,9.95611415337058,9.98274962345661,10.0005527680875,10.0179975163356,10.0600794452521,10.0746669519461,10.0785894056038,10.1576032724911,10.1888353897176,10.1991448403016,10.2048412390087,10.2261022555015,10.2756490558461,10.3127405148445,10.3335898346382,10.3833779540097,10.4130597601907,10.435791019358,10.4704729814938,10.5141968635425,10.5516296370369,10.5822389281372,10.6375454337079,10.6914340254482,10.7167225392096,10.7326230740311,10.768401339637,10.7998813809935,10.8167667493501,10.8828971173839,10.9457235406772,10.9927031381235,11.0485085256971,11.080121273272,11.1231864955974,11.1512753110883,11.1665659456043,11.1875429902851,11.2081590785022,11.2487602306223,11.3292320526669,11.3769029552988,11.3984467407967,11.426343516881,11.4714136227139,11.4866493896585,11.5393413412998,11.5671020959156,11.5971658455869,11.6014875065843,11.7255550244434,11.7449757855213,11.7863985937556,11.8171613264656,11.8417915858285,11.8741060441386,11.9299139686563,11.9351186659114,11.9851579812795,12.0727578655093,12.1053319950831,12.1160474897831,12.1449316153436,12.196024444052,12.2741972460038,12.2872315894079,12.3228147463776,12.3430084116778,12.3876196760705,12.4206037744164,12.4544266267955,12.5209303303217,12.5653044667224,12.6219973068091,12.6664550997813,12.6752110943279,12.7448712240805,12.7667107146311,12.8306341399707,12.8639414639037,12.8815041224252,12.9296987515882,12.9639012666089,12.9874622342725,13.0315879621796,13.0378827876917,13.104271185244,13.1497510903577,13.2222539436594,13.2380074983197,13.2444435504855,13.3538956186314,13.3951473801381,13.4163823955493,13.4520125322413,13.4885654388175,13.5210024246019,13.5677467600792,13.6116331064126,13.6304681968188,13.6822028066303,13.7190065045651,13.7522731379733,13.7988390704112,13.8306181980304,13.8887973723316,13.9245311396761,13.9851286584375,14.0077853597134,14.1154334787318,14.168606002627,14.1971934576765,14.2285416975976,14.2589329140773,14.331169604103,14.3855239490015,14.4272477112879,14.4558330489763,14.5016037549166,14.548585129851,14.6092786234745,14.6293511835803,14.693379822584,14.7032243969939,14.8225351092827,14.8997510132614,14.986260949179,15.0342674979632,15.1045763762189,15.1960092043401,15.2192443808094,15.353412537716,15.3543527927766,15.3743703388335,15.4614498067209,15.4669463811227,15.5440367565926,15.6029743406177,15.7192442853802,15.8082312582823,15.8201788992149,15.9161140683071,16.0819131114225,16.0836174843849,16.1920817336012,16.246588030904,16.4095546385015,16.5065580757202,16.512295011231,16.6019983236923,16.7144072829797,16.7862288627084,16.9148994548963,16.9973647348672,17.2456488480768,17.4029839463757,17.5840570398496,17.7894460875316,17.9481556788913,18.0813642169415,18.1200537234605,18.3068362476998,18.4194244281405,18.7101596181924,18.8145325555223,18.9747817280194,19.1678020116408,19.3909666317948,19.6953905838156,19.9938454523988,20.1212545437392,20.2402731069345,20.6173537318075,21.1773096216334,21.5119934079478,23.3450802894942,NA,NA,NA,NA,NA,NA,NA,NA,NA,NA,NA,NA,NA,NA,NA,NA,NA,NA,NA,NA,NA,NA,NA,NA,NA,NA,NA,NA,NA,NA,NA,NA,NA,NA,NA,NA,NA,NA,NA,NA,NA,NA
0.541410873174675,0.606537053764053,0.721014393012734,1.02498629230706,1.11155334108069,1.31349009875996,1.41699155934892,1.52221730276586,1.56778169452534,1.76576140482892,1.82584183287477,1.84228562123975,1.89114867823074,1.95038732916529,2.20048015000762,2.21116663074064,2.36219374310247,2.50134540436987,2.55250031283444,2.56355324301267,2.67754186040477,2.70414180908042,2.7335615544102,2.82694592965687,2.94611900079179,2.98514035899414,3.05964013597688,3.11118159654226,3.1762711476385,3.22492748792174,3.30871108089488,3.36501468125424,3.41440831416248,3.47591283842599,3.50424642989158,3.57406515477285,3.62059220133675,3.70269348455234,3.75614464096358,3.78477400583356,3.83092303393191,3.86632388123931,3.90705573384016,3.9412407708374,4.04326584889814,4.09807899440745,4.13430488881295,4.21608739044862,4.24898389438098,4.27532365405924,4.30600959984392,4.32651754156009,4.38691328791086,4.43614935146447,4.44826431611031,4.50389186641538,4.54777306341946,4.61054525370591,4.6497525037295,4.70532809834239,4.71800393637258,4.79172038964422,4.82183470019352,4.84706863938348,4.90491647576787,4.957486525855,4.97041459404908,5.00451789610489,5.06279170851963,5.07720252428464,5.0888873234686,5.13860118720081,5.15582692854608,5.17553817719153,5.19448009880512,5.22212494547657,5.27682371444701,5.31039513823586,5.34120604779528,5.3497465821756,5.40525768423257,5.43346738767298,5.45080780796802,5.50707758979606,5.51989915367491,5.58997626647738,5.63297948263854,5.65551267489315,5.68336111281321,5.71617457509069,5.74309486667268,5.77772141514354,5.79845525688677,5.86945798011408,5.88122631466948,5.88282247519119,5.91253473563862,5.93561004494095,5.95794811842333,5.99139700238216,6.01828805667018,6.03703449697051,6.06568073021289,6.0768229063792,6.12055418905242,6.14512728155499,6.16019314448139,6.18489581793739,6.23695299090071,6.27044613002667,6.29477919230433,6.32512469168971,6.34999700950552,6.35670003002762,6.37941533385049,6.41239152237846,6.43078705279545,6.43674149338688,6.48179156286208,6.50453535125907,6.5720967093296,6.59486708058793,6.60883883247787,6.65751468883237,6.6850763163205,6.71853552546867,6.75348632207539,6.77380073577167,6.81277400322189,6.82708769918442,6.84363177171619,6.84885374783292,6.87285105957583,6.92672123807466,6.9403340999592,6.95759231221926,6.98189350876946,6.99782917005786,7.01718238770568,7.02101572236456,7.05886233828473,7.10954943916161,7.12757795442311,7.15237146278632,7.17172497572297,7.2104440501617,7.215811406253,7.24348759799714,7.25510711137277,7.28565357516254,7.29035636346127,7.32094165810838,7.35290266655544,7.37145324197436,7.40309988459494,7.4327052078379,7.44565748716798,7.45260466761726,7.48697667177592,7.51926004804331,7.52305324429856,7.55361775284191,7.5745103399049,7.61871358351198,7.6225132786044,7.64620515188697,7.6780253415086,7.68892900094386,7.7207299048007,7.72801758428915,7.77510476210016,7.78500442278176,7.82870972209923,7.85433626884266,7.86084033454703,7.87108911135021,7.88621374675969,7.9342716665428,7.94180566451479,7.97138943600709,8.02163428383326,8.04113058785714,8.07186302159585,8.09101759418441,8.10105330611446,8.1115087501385,8.16296297451678,8.17612993966905,8.20135119632917,8.2557759433343,8.27155704938377,8.28479624672107,8.32730858828032,8.36182928888578,8.38117260416562,8.40229161788202,8.42361616497771,8.45156524149462,8.46536107537827,8.47001555800733,8.50417301331775,8.54471064222384,8.55709681496775,8.57296532528796,8.61457056052725,8.62355394860716,8.64935733753935,8.66207583030612,8.70255849510969,8.7319699657693,8.75162476608556,8.76669199421689,8.77006923351407,8.81487886867582,8.82671350755811,8.86175843475064,8.89333001958807,8.92258405091966,8.95701602028863,8.99343805636623,9.03348009493642,9.08064652453278,9.1008758087533,9.1152704924537,9.12930188244091,9.16624793591605,9.2125246432233,9.23127378713705,9.24702864766371,9.30904686516497,9.32646401201301,9.36513330969324,9.38186396767292,9.43326519142389,9.45361630864747,9.47160815418941,9.50892723778593,9.54825858378642,9.60254303950567,9.61600821893721,9.63041086927326,9.66362926993345,9.68845908786794,9.73250247400889,9.74480620678278,9.78530889855543,9.81191530245865,9.85542253022664,9.88186402090438,9.92457676770217,9.95611415337058,9.98274962345661,10.0005527680875,10.0179975163356,10.0600794452521,10.0746669519461,10.0785894056038,10.1576032724911,10.1888353897176,10.1991448403016,10.2048412390087,10.2261022555015,10.2756490558461,10.3127405148445,10.3335898346382,10.3833779540097,10.4130597601907,10.435791019358,10.4704729814938,10.5141968635425,10.5516296370369,10.5822389281372,10.6375454337079,10.6914340254482,10.7167225392096,10.7326230740311,10.768401339637,10.7998813809935,10.8167667493501,10.8828971173839,10.9457235406772,10.9927031381235,11.0485085256971,11.080121273272,11.1231864955974,11.1512753110883,11.1665659456043,11.1875429902851,11.2081590785022,11.2487602306223,11.3292320526669,11.3769029552988,11.3984467407967,11.426343516881,11.4714136227139,11.4866493896585,11.5393413412998,11.5671020959156,11.5971658455869,11.6014875065843,11.7255550244434,11.7449757855213,11.7863985937556,11.8171613264656,11.8417915858285,11.8741060441386,11.9299139686563,11.9351186659114,11.9851579812795,12.0727578655093,12.1053319950831,12.1160474897831,12.1449316153436,12.196024444052,12.2741972460038,12.2872315894079,12.3228147463776,12.3430084116778,12.3876196760705,12.4206037744164,12.4544266267955,12.5209303303217,12.5653044667224,12.6219973068091,12.6664550997813,12.6752110943279,12.7448712240805,12.7667107146311,12.8306341399707,12.8639414639037,12.8815041224252,12.9296987515882,12.9639012666089,12.9874622342725,13.0315879621796,13.0378827876917,13.104271185244,13.1497510903577,13.2222539436594,13.2380074983197,13.2444435504855,13.3538956186314,13.3951473801381,13.4163823955493,13.4520125322413,13.4885654388175,13.5210024246019,13.5677467600792,13.6116331064126,13.6304681968188,13.6822028066303,13.7190065045651,13.7522731379733,13.7988390704112,13.8306181980304,13.8887973723316,13.9245311396761,13.9851286584375,14.0077853597134,14.1154334787318,14.168606002627,14.1971934576765,14.2285416975976,14.2589329140773,14.331169604103,14.3855239490015,14.4272477112879,14.4558330489763,14.5016037549166,14.548585129851,14.6092786234745,14.6293511835803,14.693379822584,14.7032243969939,14.8225351092827,14.8997510132614,14.986260949179,15.0342674979632,15.1045763762189,15.1960092043401,15.2192443808094,15.353412537716,15.3543527927766,15.3743703388335,15.4614498067209,15.4669463811227,15.5440367565926,15.6029743406177,15.7192442853802,15.8082312582823,15.8201788992149,15.9161140683071,16.0819131114225,16.0836174843849,16.1920817336012,16.246588030904,16.4095546385015,16.5065580757202,16.512295011231,16.6019983236923,16.7144072829797,16.7862288627084,16.9148994548963,16.9973647348672,17.2456488480768,17.4029839463757,17.5840570398496,17.7894460875316,17.9481556788913,18.0813642169415,18.1200537234605,18.3068362476998,18.4194244281405,18.7101596181924,18.8145325555223,18.9747817280194,19.1678020116408,19.3909666317948,19.6953905838156,19.9938454523988,20.1212545437392,20.2402731069345,20.6173537318075,21.1773096216334,21.5119934079478,23.3450802894942,NA,NA,NA,NA,NA,NA,NA,NA,NA,NA,NA,NA,NA,NA,NA,NA,NA,NA,NA,NA,NA,NA,NA,NA,NA,NA,NA,NA,NA,NA,NA,NA,NA,NA,NA,NA,NA,NA,NA,NA,NA,NA
0.541410873174675,0.606537053764053,0.721014393012734,1.02498629230706,1.11155334108069,1.31349009875996,1.41699155934892,1.52221730276586,1.56778169452534,1.76576140482892,1.82584183287477,1.84228562123975,1.89114867823074,1.95038732916529,2.20048015000762,2.21116663074064,2.36219374310247,2.50134540436987,2.55250031283444,2.56355324301267,2.67754186040477,2.70414180908042,2.7335615544102,2.82694592965687,2.94611900079179,2.98514035899414,3.05964013597688,3.11118159654226,3.1762711476385,3.22492748792174,3.30871108089488,3.36501468125424,3.41440831416248,3.47591283842599,3.50424642989158,3.57406515477285,3.62059220133675,3.70269348455234,3.75614464096358,3.78477400583356,3.83092303393191,3.86632388123931,3.90705573384016,3.9412407708374,4.04326584889814,4.09807899440745,4.13430488881295,4.21608739044862,4.24898389438098,4.27532365405924,4.30600959984392,4.32651754156009,4.38691328791086,4.43614935146447,4.44826431611031,4.50389186641538,4.54777306341946,4.61054525370591,4.6497525037295,4.70532809834239,4.71800393637258,4.79172038964422,4.82183470019352,4.84706863938348,4.90491647576787,4.957486525855,4.97041459404908,5.00451789610489,5.06279170851963,5.07720252428464,5.0888873234686,5.13860118720081,5.15582692854608,5.17553817719153,5.19448009880512,5.22212494547657,5.27682371444701,5.31039513823586,5.34120604779528,5.3497465821756,5.40525768423257,5.43346738767298,5.45080780796802,5.50707758979606,5.51989915367491,5.58997626647738,5.63297948263854,5.65551267489315,5.68336111281321,5.71617457509069,5.74309486667268,5.77772141514354,5.79845525688677,5.86945798011408,5.88122631466948,5.88282247519119,5.91253473563862,5.93561004494095,5.95794811842333,5.99139700238216,6.01828805667018,6.03703449697051,6.06568073021289,6.0768229063792,6.12055418905242,6.14512728155499,6.16019314448139,6.18489581793739,6.23695299090071,6.27044613002667,6.29477919230433,6.32512469168971,6.34999700950552,6.35670003002762,6.37941533385049,6.41239152237846,6.43078705279545,6.43674149338688,6.48179156286208,6.50453535125907,6.5720967093296,6.59486708058793,6.60883883247787,6.65751468883237,6.6850763163205,6.71853552546867,6.75348632207539,6.77380073577167,6.81277400322189,6.82708769918442,6.84363177171619,6.84885374783292,6.87285105957583,6.92672123807466,6.9403340999592,6.95759231221926,6.98189350876946,6.99782917005786,7.01718238770568,7.02101572236456,7.05886233828473,7.10954943916161,7.12757795442311,7.15237146278632,7.17172497572297,7.2104440501617,7.215811406253,7.24348759799714,7.25510711137277,7.28565357516254,7.29035636346127,7.32094165810838,7.35290266655544,7.37145324197436,7.40309988459494,7.4327052078379,7.44565748716798,7.45260466761726,7.48697667177592,7.51926004804331,7.52305324429856,7.55361775284191,7.5745103399049,7.61871358351198,7.6225132786044,7.64620515188697,7.6780253415086,7.68892900094386,7.7207299048007,7.72801758428915,7.77510476210016,7.78500442278176,7.82870972209923,7.85433626884266,7.86084033454703,7.87108911135021,7.88621374675969,7.9342716665428,7.94180566451479,7.97138943600709,8.02163428383326,8.04113058785714,8.07186302159585,8.09101759418441,8.10105330611446,8.1115087501385,8.16296297451678,8.17612993966905,8.20135119632917,8.2557759433343,8.27155704938377,8.28479624672107,8.32730858828032,8.36182928888578,8.38117260416562,8.40229161788202,8.42361616497771,8.45156524149462,8.46536107537827,8.47001555800733,8.50417301331775,8.54471064222384,8.55709681496775,8.57296532528796,8.61457056052725,8.62355394860716,8.64935733753935,8.66207583030612,8.70255849510969,8.7319699657693,8.75162476608556,8.76669199421689,8.77006923351407,8.81487886867582,8.82671350755811,8.86175843475064,8.89333001958807,8.92258405091966,8.95701602028863,8.99343805636623,9.03348009493642,9.08064652453278,9.1008758087533,9.1152704924537,9.12930188244091,9.16624793591605,9.2125246432233,9.23127378713705,9.24702864766371,9.30904686516497,9.32646401201301,9.36513330969324,9.38186396767292,9.43326519142389,9.45361630864747,9.47160815418941,9.50892723778593,9.54825858378642,9.60254303950567,9.61600821893721,9.63041086927326,9.66362926993345,9.68845908786794,9.73250247400889,9.74480620678278,9.78530889855543,9.81191530245865,9.85542253022664,9.88186402090438,9.92457676770217,9.95611415337058,9.98274962345661,10.0005527680875,10.0179975163356,10.0600794452521,10.0746669519461,10.0785894056038,10.1576032724911,10.1888353897176,10.1991448403016,10.2048412390087,10.2261022555015,10.2756490558461,10.3127405148445,10.3335898346382,10.3833779540097,10.4130597601907,10.435791019358,10.4704729814938,10.5141968635425,10.5516296370369,10.5822389281372,10.6375454337079,10.6914340254482,10.7167225392096,10.7326230740311,10.768401339637,10.7998813809935,10.8167667493501,10.8828971173839,10.9457235406772,10.9927031381235,11.0485085256971,11.080121273272,11.1231864955974,11.1512753110883,11.1665659456043,11.1875429902851,11.2081590785022,11.2487602306223,11.3292320526669,11.3769029552988,11.3984467407967,11.426343516881,11.4714136227139,11.4866493896585,11.5393413412998,11.5671020959156,11.5971658455869,11.6014875065843,11.7255550244434,11.7449757855213,11.7863985937556,11.8171613264656,11.8417915858285,11.8741060441386,11.9299139686563,11.9351186659114,11.9851579812795,12.0727578655093,12.1053319950831,12.1160474897831,12.1449316153436,12.196024444052,12.2741972460038,12.2872315894079,12.3228147463776,12.3430084116778,12.3876196760705,12.4206037744164,12.4544266267955,12.5209303303217,12.5653044667224,12.6219973068091,12.6664550997813,12.6752110943279,12.7448712240805,12.7667107146311,12.8306341399707,12.8639414639037,12.8815041224252,12.9296987515882,12.9639012666089,12.9874622342725,13.0315879621796,13.0378827876917,13.104271185244,13.1497510903577,13.2222539436594,13.2380074983197,13.2444435504855,13.3538956186314,13.3951473801381,13.4163823955493,13.4520125322413,13.4885654388175,13.5210024246019,13.5677467600792,13.6116331064126,13.6304681968188,13.6822028066303,13.7190065045651,13.7522731379733,13.7988390704112,13.8306181980304,13.8887973723316,13.9245311396761,13.9851286584375,14.0077853597134,14.1154334787318,14.168606002627,14.1971934576765,14.2285416975976,14.2589329140773,14.331169604103,14.3855239490015,14.4272477112879,14.4558330489763,14.5016037549166,14.548585129851,14.6092786234745,14.6293511835803,14.693379822584,14.7032243969939,14.8225351092827,14.8997510132614,14.986260949179,15.0342674979632,15.1045763762189,15.1960092043401,15.2192443808094,15.353412537716,15.3543527927766,15.3743703388335,15.4614498067209,15.4669463811227,15.5440367565926,15.6029743406177,15.7192442853802,15.8082312582823,15.8201788992149,15.9161140683071,16.0819131114225,16.0836174843849,16.1920817336012,16.246588030904,16.4095546385015,16.5065580757202,16.512295011231,16.6019983236923,16.7144072829797,16.7862288627084,16.9148994548963,16.9973647348672,17.2456488480768,17.4029839463757,17.5840570398496,17.7894460875316,17.9481556788913,18.0813642169415,18.1200537234605,18.3068362476998,18.4194244281405,18.7101596181924,18.8145325555223,18.9747817280194,19.1678020116408,19.3909666317948,19.6953905838156,19.9938454523988,20.1212545437392,20.2402731069345,20.6173537318075,21.1773096216334,21.5119934079478,23.3450802894942,NA,NA,NA,NA,NA,NA,NA,NA,NA,NA,NA,NA,NA,NA,NA,NA,NA,NA,NA,NA,NA,NA,NA,NA,NA,NA,NA,NA,NA,NA,NA,NA,NA,NA,NA,NA,NA,NA,NA,NA,NA,NA
0.541410873174675,0.606537053764053,0.721014393012734,1.02498629230706,1.11155334108069,1.31349009875996,1.41699155934892,1.52221730276586,1.56778169452534,1.76576140482892,1.82584183287477,1.84228562123975,1.89114867823074,1.95038732916529,2.20048015000762,2.21116663074064,2.36219374310247,2.50134540436987,2.55250031283444,2.56355324301267,2.67754186040477,2.70414180908042,2.7335615544102,2.82694592965687,2.94611900079179,2.98514035899414,3.05964013597688,3.11118159654226,3.1762711476385,3.22492748792174,3.30871108089488,3.36501468125424,3.41440831416248,3.47591283842599,3.50424642989158,3.57406515477285,3.62059220133675,3.70269348455234,3.75614464096358,3.78477400583356,3.83092303393191,3.86632388123931,3.90705573384016,3.9412407708374,4.04326584889814,4.09807899440745,4.13430488881295,4.21608739044862,4.24898389438098,4.27532365405924,4.30600959984392,4.32651754156009,4.38691328791086,4.43614935146447,4.44826431611031,4.50389186641538,4.54777306341946,4.61054525370591,4.6497525037295,4.70532809834239,4.71800393637258,4.79172038964422,4.82183470019352,4.84706863938348,4.90491647576787,4.957486525855,4.97041459404908,5.00451789610489,5.06279170851963,5.07720252428464,5.0888873234686,5.13860118720081,5.15582692854608,5.17553817719153,5.19448009880512,5.22212494547657,5.27682371444701,5.31039513823586,5.34120604779528,5.3497465821756,5.40525768423257,5.43346738767298,5.45080780796802,5.50707758979606,5.51989915367491,5.58997626647738,5.63297948263854,5.65551267489315,5.68336111281321,5.71617457509069,5.74309486667268,5.77772141514354,5.79845525688677,5.86945798011408,5.88122631466948,5.88282247519119,5.91253473563862,5.93561004494095,5.95794811842333,5.99139700238216,6.01828805667018,6.03703449697051,6.06568073021289,6.0768229063792,6.12055418905242,6.14512728155499,6.16019314448139,6.18489581793739,6.23695299090071,6.27044613002667,6.29477919230433,6.32512469168971,6.34999700950552,6.35670003002762,6.37941533385049,6.41239152237846,6.43078705279545,6.43674149338688,6.48179156286208,6.50453535125907,6.5720967093296,6.59486708058793,6.60883883247787,6.65751468883237,6.6850763163205,6.71853552546867,6.75348632207539,6.77380073577167,6.81277400322189,6.82708769918442,6.84363177171619,6.84885374783292,6.87285105957583,6.92672123807466,6.9403340999592,6.95759231221926,6.98189350876946,6.99782917005786,7.01718238770568,7.02101572236456,7.05886233828473,7.10954943916161,7.12757795442311,7.15237146278632,7.17172497572297,7.2104440501617,7.215811406253,7.24348759799714,7.25510711137277,7.28565357516254,7.29035636346127,7.32094165810838,7.35290266655544,7.37145324197436,7.40309988459494,7.4327052078379,7.44565748716798,7.45260466761726,7.48697667177592,7.51926004804331,7.52305324429856,7.55361775284191,7.5745103399049,7.61871358351198,7.6225132786044,7.64620515188697,7.6780253415086,7.68892900094386,7.7207299048007,7.72801758428915,7.77510476210016,7.78500442278176,7.82870972209923,7.85433626884266,7.86084033454703,7.87108911135021,7.88621374675969,7.9342716665428,7.94180566451479,7.97138943600709,8.02163428383326,8.04113058785714,8.07186302159585,8.09101759418441,8.10105330611446,8.1115087501385,8.16296297451678,8.17612993966905,8.20135119632917,8.2557759433343,8.27155704938377,8.28479624672107,8.32730858828032,8.36182928888578,8.38117260416562,8.40229161788202,8.42361616497771,8.45156524149462,8.46536107537827,8.47001555800733,8.50417301331775,8.54471064222384,8.55709681496775,8.57296532528796,8.61457056052725,8.62355394860716,8.64935733753935,8.66207583030612,8.70255849510969,8.7319699657693,8.75162476608556,8.76669199421689,8.77006923351407,8.81487886867582,8.82671350755811,8.86175843475064,8.89333001958807,8.92258405091966,8.95701602028863,8.99343805636623,9.03348009493642,9.08064652453278,9.1008758087533,9.1152704924537,9.12930188244091,9.16624793591605,9.2125246432233,9.23127378713705,9.24702864766371,9.30904686516497,9.32646401201301,9.36513330969324,9.38186396767292,9.43326519142389,9.45361630864747,9.47160815418941,9.50892723778593,9.54825858378642,9.60254303950567,9.61600821893721,9.63041086927326,9.66362926993345,9.68845908786794,9.73250247400889,9.74480620678278,9.78530889855543,9.81191530245865,9.85542253022664,9.88186402090438,9.92457676770217,9.95611415337058,9.98274962345661,10.0005527680875,10.0179975163356,10.0600794452521,10.0746669519461,10.0785894056038,10.1576032724911,10.1888353897176,10.1991448403016,10.2048412390087,10.2261022555015,10.2756490558461,10.3127405148445,10.3335898346382,10.3833779540097,10.4130597601907,10.435791019358,10.4704729814938,10.5141968635425,10.5516296370369,10.5822389281372,10.6375454337079,10.6914340254482,10.7167225392096,10.7326230740311,10.768401339637,10.7998813809935,10.8167667493501,10.8828971173839,10.9457235406772,10.9927031381235,11.0485085256971,11.080121273272,11.1231864955974,11.1512753110883,11.1665659456043,11.1875429902851,11.2081590785022,11.2487602306223,11.3292320526669,11.3769029552988,11.3984467407967,11.426343516881,11.4714136227139,11.4866493896585,11.5393413412998,11.5671020959156,11.5971658455869,11.6014875065843,11.7255550244434,11.7449757855213,11.7863985937556,11.8171613264656,11.8417915858285,11.8741060441386,11.9299139686563,11.9351186659114,11.9851579812795,12.0727578655093,12.1053319950831,12.1160474897831,12.1449316153436,12.196024444052,12.2741972460038,12.2872315894079,12.3228147463776,12.3430084116778,12.3876196760705,12.4206037744164,12.4544266267955,12.5209303303217,12.5653044667224,12.6219973068091,12.6664550997813,12.6752110943279,12.7448712240805,12.7667107146311,12.8306341399707,12.8639414639037,12.8815041224252,12.9296987515882,12.9639012666089,12.9874622342725,13.0315879621796,13.0378827876917,13.104271185244,13.1497510903577,13.2222539436594,13.2380074983197,13.2444435504855,13.3538956186314,13.3951473801381,13.4163823955493,13.4520125322413,13.4885654388175,13.5210024246019,13.5677467600792,13.6116331064126,13.6304681968188,13.6822028066303,13.7190065045651,13.7522731379733,13.7988390704112,13.8306181980304,13.8887973723316,13.9245311396761,13.9851286584375,14.0077853597134,14.1154334787318,14.168606002627,14.1971934576765,14.2285416975976,14.2589329140773,14.331169604103,14.3855239490015,14.4272477112879,14.4558330489763,14.5016037549166,14.548585129851,14.6092786234745,14.6293511835803,14.693379822584,14.7032243969939,14.8225351092827,14.8997510132614,14.986260949179,15.0342674979632,15.1045763762189,15.1960092043401,15.2192443808094,15.353412537716,15.3543527927766,15.3743703388335,15.4614498067209,15.4669463811227,15.5440367565926,15.6029743406177,15.7192442853802,15.8082312582823,15.8201788992149,15.9161140683071,16.0819131114225,16.0836174843849,16.1920817336012,16.246588030904,16.4095546385015,16.5065580757202,16.512295011231,16.6019983236923,16.7144072829797,16.7862288627084,16.9148994548963,16.9973647348672,17.2456488480768,17.4029839463757,17.5840570398496,17.7894460875316,17.9481556788913,18.0813642169415,18.1200537234605,18.3068362476998,18.4194244281405,18.7101596181924,18.8145325555223,18.9747817280194,19.1678020116408,19.3909666317948,19.6953905838156,19.9938454523988,20.1212545437392,20.2402731069345,20.6173537318075,21.1773096216334,21.5119934079478,23.3450802894942,NA,NA,NA,NA,NA,NA,NA,NA,NA,NA,NA,NA,NA,NA,NA,NA,NA,NA,NA,NA,NA,NA,NA,NA,NA,NA,NA,NA,NA,NA,NA,NA,NA,NA,NA,NA,NA,NA,NA,NA,NA,NA
0.541410873174675,0.606537053764053,0.721014393012734,1.02498629230706,1.11155334108069,1.31349009875996,1.41699155934892,1.52221730276586,1.56778169452534,1.76576140482892,1.82584183287477,1.84228562123975,1.89114867823074,1.95038732916529,2.20048015000762,2.21116663074064,2.36219374310247,2.50134540436987,2.55250031283444,2.56355324301267,2.67754186040477,2.70414180908042,2.7335615544102,2.82694592965687,2.94611900079179,2.98514035899414,3.05964013597688,3.11118159654226,3.1762711476385,3.22492748792174,3.30871108089488,3.36501468125424,3.41440831416248,3.47591283842599,3.50424642989158,3.57406515477285,3.62059220133675,3.70269348455234,3.75614464096358,3.78477400583356,3.83092303393191,3.86632388123931,3.90705573384016,3.9412407708374,4.04326584889814,4.09807899440745,4.13430488881295,4.21608739044862,4.24898389438098,4.27532365405924,4.30600959984392,4.32651754156009,4.38691328791086,4.43614935146447,4.44826431611031,4.50389186641538,4.54777306341946,4.61054525370591,4.6497525037295,4.70532809834239,4.71800393637258,4.79172038964422,4.82183470019352,4.84706863938348,4.90491647576787,4.957486525855,4.97041459404908,5.00451789610489,5.06279170851963,5.07720252428464,5.0888873234686,5.13860118720081,5.15582692854608,5.17553817719153,5.19448009880512,5.22212494547657,5.27682371444701,5.31039513823586,5.34120604779528,5.3497465821756,5.40525768423257,5.43346738767298,5.45080780796802,5.50707758979606,5.51989915367491,5.58997626647738,5.63297948263854,5.65551267489315,5.68336111281321,5.71617457509069,5.74309486667268,5.77772141514354,5.79845525688677,5.86945798011408,5.88122631466948,5.88282247519119,5.91253473563862,5.93561004494095,5.95794811842333,5.99139700238216,6.01828805667018,6.03703449697051,6.06568073021289,6.0768229063792,6.12055418905242,6.14512728155499,6.16019314448139,6.18489581793739,6.23695299090071,6.27044613002667,6.29477919230433,6.32512469168971,6.34999700950552,6.35670003002762,6.37941533385049,6.41239152237846,6.43078705279545,6.43674149338688,6.48179156286208,6.50453535125907,6.5720967093296,6.59486708058793,6.60883883247787,6.65751468883237,6.6850763163205,6.71853552546867,6.75348632207539,6.77380073577167,6.81277400322189,6.82708769918442,6.84363177171619,6.84885374783292,6.87285105957583,6.92672123807466,6.9403340999592,6.95759231221926,6.98189350876946,6.99782917005786,7.01718238770568,7.02101572236456,7.05886233828473,7.10954943916161,7.12757795442311,7.15237146278632,7.17172497572297,7.2104440501617,7.215811406253,7.24348759799714,7.25510711137277,7.28565357516254,7.29035636346127,7.32094165810838,7.35290266655544,7.37145324197436,7.40309988459494,7.4327052078379,7.44565748716798,7.45260466761726,7.48697667177592,7.51926004804331,7.52305324429856,7.55361775284191,7.5745103399049,7.61871358351198,7.6225132786044,7.64620515188697,7.6780253415086,7.68892900094386,7.7207299048007,7.72801758428915,7.77510476210016,7.78500442278176,7.82870972209923,7.85433626884266,7.86084033454703,7.87108911135021,7.88621374675969,7.9342716665428,7.94180566451479,7.97138943600709,8.02163428383326,8.04113058785714,8.07186302159585,8.09101759418441,8.10105330611446,8.1115087501385,8.16296297451678,8.17612993966905,8.20135119632917,8.2557759433343,8.27155704938377,8.28479624672107,8.32730858828032,8.36182928888578,8.38117260416562,8.40229161788202,8.42361616497771,8.45156524149462,8.46536107537827,8.47001555800733,8.50417301331775,8.54471064222384,8.55709681496775,8.57296532528796,8.61457056052725,8.62355394860716,8.64935733753935,8.66207583030612,8.70255849510969,8.7319699657693,8.75162476608556,8.76669199421689,8.77006923351407,8.81487886867582,8.82671350755811,8.86175843475064,8.89333001958807,8.92258405091966,8.95701602028863,8.99343805636623,9.03348009493642,9.08064652453278,9.1008758087533,9.1152704924537,9.12930188244091,9.16624793591605,9.2125246432233,9.23127378713705,9.24702864766371,9.30904686516497,9.32646401201301,9.36513330969324,9.38186396767292,9.43326519142389,9.45361630864747,9.47160815418941,9.50892723778593,9.54825858378642,9.60254303950567,9.61600821893721,9.63041086927326,9.66362926993345,9.68845908786794,9.73250247400889,9.74480620678278,9.78530889855543,9.81191530245865,9.85542253022664,9.88186402090438,9.92457676770217,9.95611415337058,9.98274962345661,10.0005527680875,10.0179975163356,10.0600794452521,10.0746669519461,10.0785894056038,10.1576032724911,10.1888353897176,10.1991448403016,10.2048412390087,10.2261022555015,10.2756490558461,10.3127405148445,10.3335898346382,10.3833779540097,10.4130597601907,10.435791019358,10.4704729814938,10.5141968635425,10.5516296370369,10.5822389281372,10.6375454337079,10.6914340254482,10.7167225392096,10.7326230740311,10.768401339637,10.7998813809935,10.8167667493501,10.8828971173839,10.9457235406772,10.9927031381235,11.0485085256971,11.080121273272,11.1231864955974,11.1512753110883,11.1665659456043,11.1875429902851,11.2081590785022,11.2487602306223,11.3292320526669,11.3769029552988,11.3984467407967,11.426343516881,11.4714136227139,11.4866493896585,11.5393413412998,11.5671020959156,11.5971658455869,11.6014875065843,11.7255550244434,11.7449757855213,11.7863985937556,11.8171613264656,11.8417915858285,11.8741060441386,11.9299139686563,11.9351186659114,11.9851579812795,12.0727578655093,12.1053319950831,12.1160474897831,12.1449316153436,12.196024444052,12.2741972460038,12.2872315894079,12.3228147463776,12.3430084116778,12.3876196760705,12.4206037744164,12.4544266267955,12.5209303303217,12.5653044667224,12.6219973068091,12.6664550997813,12.6752110943279,12.7448712240805,12.7667107146311,12.8306341399707,12.8639414639037,12.8815041224252,12.9296987515882,12.9639012666089,12.9874622342725,13.0315879621796,13.0378827876917,13.104271185244,13.1497510903577,13.2222539436594,13.2380074983197,13.2444435504855,13.3538956186314,13.3951473801381,13.4163823955493,13.4520125322413,13.4885654388175,13.5210024246019,13.5677467600792,13.6116331064126,13.6304681968188,13.6822028066303,13.7190065045651,13.7522731379733,13.7988390704112,13.8306181980304,13.8887973723316,13.9245311396761,13.9851286584375,14.0077853597134,14.1154334787318,14.168606002627,14.1971934576765,14.2285416975976,14.2589329140773,14.331169604103,14.3855239490015,14.4272477112879,14.4558330489763,14.5016037549166,14.548585129851,14.6092786234745,14.6293511835803,14.693379822584,14.7032243969939,14.8225351092827,14.8997510132614,14.986260949179,15.0342674979632,15.1045763762189,15.1960092043401,15.2192443808094,15.353412537716,15.3543527927766,15.3743703388335,15.4614498067209,15.4669463811227,15.5440367565926,15.6029743406177,15.7192442853802,15.8082312582823,15.8201788992149,15.9161140683071,16.0819131114225,16.0836174843849,16.1920817336012,16.246588030904,16.4095546385015,16.5065580757202,16.512295011231,16.6019983236923,16.7144072829797,16.7862288627084,16.9148994548963,16.9973647348672,17.2456488480768,17.4029839463757,17.5840570398496,17.7894460875316,17.9481556788913,18.0813642169415,18.1200537234605,18.3068362476998,18.4194244281405,18.7101596181924,18.8145325555223,18.9747817280194,19.1678020116408,19.3909666317948,19.6953905838156,19.9938454523988,20.1212545437392,20.2402731069345,20.6173537318075,21.1773096216334,21.5119934079478,23.3450802894942,NA,NA,NA,NA,NA,NA,NA,NA,NA,NA,NA,NA,NA,NA,NA,NA,NA,NA,NA,NA,NA,NA,NA,NA,NA,NA,NA,NA,NA,NA,NA,NA,NA,NA,NA,NA,NA,NA,NA,NA,NA,NA
0.541410873174675,0.606537053764053,0.721014393012734,1.02498629230706,1.11155334108069,1.31349009875996,1.41699155934892,1.52221730276586,1.56778169452534,1.76576140482892,1.82584183287477,1.84228562123975,1.89114867823074,1.95038732916529,2.20048015000762,2.21116663074064,2.36219374310247,2.50134540436987,2.55250031283444,2.56355324301267,2.67754186040477,2.70414180908042,2.7335615544102,2.82694592965687,2.94611900079179,2.98514035899414,3.05964013597688,3.11118159654226,3.1762711476385,3.22492748792174,3.30871108089488,3.36501468125424,3.41440831416248,3.47591283842599,3.50424642989158,3.57406515477285,3.62059220133675,3.70269348455234,3.75614464096358,3.78477400583356,3.83092303393191,3.86632388123931,3.90705573384016,3.9412407708374,4.04326584889814,4.09807899440745,4.13430488881295,4.21608739044862,4.24898389438098,4.27532365405924,4.30600959984392,4.32651754156009,4.38691328791086,4.43614935146447,4.44826431611031,4.50389186641538,4.54777306341946,4.61054525370591,4.6497525037295,4.70532809834239,4.71800393637258,4.79172038964422,4.82183470019352,4.84706863938348,4.90491647576787,4.957486525855,4.97041459404908,5.00451789610489,5.06279170851963,5.07720252428464,5.0888873234686,5.13860118720081,5.15582692854608,5.17553817719153,5.19448009880512,5.22212494547657,5.27682371444701,5.31039513823586,5.34120604779528,5.3497465821756,5.40525768423257,5.43346738767298,5.45080780796802,5.50707758979606,5.51989915367491,5.58997626647738,5.63297948263854,5.65551267489315,5.68336111281321,5.71617457509069,5.74309486667268,5.77772141514354,5.79845525688677,5.86945798011408,5.88122631466948,5.88282247519119,5.91253473563862,5.93561004494095,5.95794811842333,5.99139700238216,6.01828805667018,6.03703449697051,6.06568073021289,6.0768229063792,6.12055418905242,6.14512728155499,6.16019314448139,6.18489581793739,6.23695299090071,6.27044613002667,6.29477919230433,6.32512469168971,6.34999700950552,6.35670003002762,6.37941533385049,6.41239152237846,6.43078705279545,6.43674149338688,6.48179156286208,6.50453535125907,6.5720967093296,6.59486708058793,6.60883883247787,6.65751468883237,6.6850763163205,6.71853552546867,6.75348632207539,6.77380073577167,6.81277400322189,6.82708769918442,6.84363177171619,6.84885374783292,6.87285105957583,6.92672123807466,6.9403340999592,6.95759231221926,6.98189350876946,6.99782917005786,7.01718238770568,7.02101572236456,7.05886233828473,7.10954943916161,7.12757795442311,7.15237146278632,7.17172497572297,7.2104440501617,7.215811406253,7.24348759799714,7.25510711137277,7.28565357516254,7.29035636346127,7.32094165810838,7.35290266655544,7.37145324197436,7.40309988459494,7.4327052078379,7.44565748716798,7.45260466761726,7.48697667177592,7.51926004804331,7.52305324429856,7.55361775284191,7.5745103399049,7.61871358351198,7.6225132786044,7.64620515188697,7.6780253415086,7.68892900094386,7.7207299048007,7.72801758428915,7.77510476210016,7.78500442278176,7.82870972209923,7.85433626884266,7.86084033454703,7.87108911135021,7.88621374675969,7.9342716665428,7.94180566451479,7.97138943600709,8.02163428383326,8.04113058785714,8.07186302159585,8.09101759418441,8.10105330611446,8.1115087501385,8.16296297451678,8.17612993966905,8.20135119632917,8.2557759433343,8.27155704938377,8.28479624672107,8.32730858828032,8.36182928888578,8.38117260416562,8.40229161788202,8.42361616497771,8.45156524149462,8.46536107537827,8.47001555800733,8.50417301331775,8.54471064222384,8.55709681496775,8.57296532528796,8.61457056052725,8.62355394860716,8.64935733753935,8.66207583030612,8.70255849510969,8.7319699657693,8.75162476608556,8.76669199421689,8.77006923351407,8.81487886867582,8.82671350755811,8.86175843475064,8.89333001958807,8.92258405091966,8.95701602028863,8.99343805636623,9.03348009493642,9.08064652453278,9.1008758087533,9.1152704924537,9.12930188244091,9.16624793591605,9.2125246432233,9.23127378713705,9.24702864766371,9.30904686516497,9.32646401201301,9.36513330969324,9.38186396767292,9.43326519142389,9.45361630864747,9.47160815418941,9.50892723778593,9.54825858378642,9.60254303950567,9.61600821893721,9.63041086927326,9.66362926993345,9.68845908786794,9.73250247400889,9.74480620678278,9.78530889855543,9.81191530245865,9.85542253022664,9.88186402090438,9.92457676770217,9.95611415337058,9.98274962345661,10.0005527680875,10.0179975163356,10.0600794452521,10.0746669519461,10.0785894056038,10.1576032724911,10.1888353897176,10.1991448403016,10.2048412390087,10.2261022555015,10.2756490558461,10.3127405148445,10.3335898346382,10.3833779540097,10.4130597601907,10.435791019358,10.4704729814938,10.5141968635425,10.5516296370369,10.5822389281372,10.6375454337079,10.6914340254482,10.7167225392096,10.7326230740311,10.768401339637,10.7998813809935,10.8167667493501,10.8828971173839,10.9457235406772,10.9927031381235,11.0485085256971,11.080121273272,11.1231864955974,11.1512753110883,11.1665659456043,11.1875429902851,11.2081590785022,11.2487602306223,11.3292320526669,11.3769029552988,11.3984467407967,11.426343516881,11.4714136227139,11.4866493896585,11.5393413412998,11.5671020959156,11.5971658455869,11.6014875065843,11.7255550244434,11.7449757855213,11.7863985937556,11.8171613264656,11.8417915858285,11.8741060441386,11.9299139686563,11.9351186659114,11.9851579812795,12.0727578655093,12.1053319950831,12.1160474897831,12.1449316153436,12.196024444052,12.2741972460038,12.2872315894079,12.3228147463776,12.3430084116778,12.3876196760705,12.4206037744164,12.4544266267955,12.5209303303217,12.5653044667224,12.6219973068091,12.6664550997813,12.6752110943279,12.7448712240805,12.7667107146311,12.8306341399707,12.8639414639037,12.8815041224252,12.9296987515882,12.9639012666089,12.9874622342725,13.0315879621796,13.0378827876917,13.104271185244,13.1497510903577,13.2222539436594,13.2380074983197,13.2444435504855,13.3538956186314,13.3951473801381,13.4163823955493,13.4520125322413,13.4885654388175,13.5210024246019,13.5677467600792,13.6116331064126,13.6304681968188,13.6822028066303,13.7190065045651,13.7522731379733,13.7988390704112,13.8306181980304,13.8887973723316,13.9245311396761,13.9851286584375,14.0077853597134,14.1154334787318,14.168606002627,14.1971934576765,14.2285416975976,14.2589329140773,14.331169604103,14.3855239490015,14.4272477112879,14.4558330489763,14.5016037549166,14.548585129851,14.6092786234745,14.6293511835803,14.693379822584,14.7032243969939,14.8225351092827,14.8997510132614,14.986260949179,15.0342674979632,15.1045763762189,15.1960092043401,15.2192443808094,15.353412537716,15.3543527927766,15.3743703388335,15.4614498067209,15.4669463811227,15.5440367565926,15.6029743406177,15.7192442853802,15.8082312582823,15.8201788992149,15.9161140683071,16.0819131114225,16.0836174843849,16.1920817336012,16.246588030904,16.4095546385015,16.5065580757202,16.512295011231,16.6019983236923,16.7144072829797,16.7862288627084,16.9148994548963,16.9973647348672,17.2456488480768,17.4029839463757,17.5840570398496,17.7894460875316,17.9481556788913,18.0813642169415,18.1200537234605,18.3068362476998,18.4194244281405,18.7101596181924,18.8145325555223,18.9747817280194,19.1678020116408,19.3909666317948,19.6953905838156,19.9938454523988,20.1212545437392,20.2402731069345,20.6173537318075,21.1773096216334,21.5119934079478,23.3450802894942,NA,NA,NA,NA,NA,NA,NA,NA,NA,NA,NA,NA,NA,NA,NA,NA,NA,NA,NA,NA,NA,NA,NA,NA,NA,NA,NA,NA,NA,NA,NA,NA,NA,NA,NA,NA,NA,NA,NA,NA,NA,NA
0.541410873174675,0.606537053764053,0.721014393012734,1.02498629230706,1.11155334108069,1.31349009875996,1.41699155934892,1.52221730276586,1.56778169452534,1.76576140482892,1.82584183287477,1.84228562123975,1.89114867823074,1.95038732916529,2.20048015000762,2.21116663074064,2.36219374310247,2.50134540436987,2.55250031283444,2.56355324301267,2.67754186040477,2.70414180908042,2.7335615544102,2.82694592965687,2.94611900079179,2.98514035899414,3.05964013597688,3.11118159654226,3.1762711476385,3.22492748792174,3.30871108089488,3.36501468125424,3.41440831416248,3.47591283842599,3.50424642989158,3.57406515477285,3.62059220133675,3.70269348455234,3.75614464096358,3.78477400583356,3.83092303393191,3.86632388123931,3.90705573384016,3.9412407708374,4.04326584889814,4.09807899440745,4.13430488881295,4.21608739044862,4.24898389438098,4.27532365405924,4.30600959984392,4.32651754156009,4.38691328791086,4.43614935146447,4.44826431611031,4.50389186641538,4.54777306341946,4.61054525370591,4.6497525037295,4.70532809834239,4.71800393637258,4.79172038964422,4.82183470019352,4.84706863938348,4.90491647576787,4.957486525855,4.97041459404908,5.00451789610489,5.06279170851963,5.07720252428464,5.0888873234686,5.13860118720081,5.15582692854608,5.17553817719153,5.19448009880512,5.22212494547657,5.27682371444701,5.31039513823586,5.34120604779528,5.3497465821756,5.40525768423257,5.43346738767298,5.45080780796802,5.50707758979606,5.51989915367491,5.58997626647738,5.63297948263854,5.65551267489315,5.68336111281321,5.71617457509069,5.74309486667268,5.77772141514354,5.79845525688677,5.86945798011408,5.88122631466948,5.88282247519119,5.91253473563862,5.93561004494095,5.95794811842333,5.99139700238216,6.01828805667018,6.03703449697051,6.06568073021289,6.0768229063792,6.12055418905242,6.14512728155499,6.16019314448139,6.18489581793739,6.23695299090071,6.27044613002667,6.29477919230433,6.32512469168971,6.34999700950552,6.35670003002762,6.37941533385049,6.41239152237846,6.43078705279545,6.43674149338688,6.48179156286208,6.50453535125907,6.5720967093296,6.59486708058793,6.60883883247787,6.65751468883237,6.6850763163205,6.71853552546867,6.75348632207539,6.77380073577167,6.81277400322189,6.82708769918442,6.84363177171619,6.84885374783292,6.87285105957583,6.92672123807466,6.9403340999592,6.95759231221926,6.98189350876946,6.99782917005786,7.01718238770568,7.02101572236456,7.05886233828473,7.10954943916161,7.12757795442311,7.15237146278632,7.17172497572297,7.2104440501617,7.215811406253,7.24348759799714,7.25510711137277,7.28565357516254,7.29035636346127,7.32094165810838,7.35290266655544,7.37145324197436,7.40309988459494,7.4327052078379,7.44565748716798,7.45260466761726,7.48697667177592,7.51926004804331,7.52305324429856,7.55361775284191,7.5745103399049,7.61871358351198,7.6225132786044,7.64620515188697,7.6780253415086,7.68892900094386,7.7207299048007,7.72801758428915,7.77510476210016,7.78500442278176,7.82870972209923,7.85433626884266,7.86084033454703,7.87108911135021,7.88621374675969,7.9342716665428,7.94180566451479,7.97138943600709,8.02163428383326,8.04113058785714,8.07186302159585,8.09101759418441,8.10105330611446,8.1115087501385,8.16296297451678,8.17612993966905,8.20135119632917,8.2557759433343,8.27155704938377,8.28479624672107,8.32730858828032,8.36182928888578,8.38117260416562,8.40229161788202,8.42361616497771,8.45156524149462,8.46536107537827,8.47001555800733,8.50417301331775,8.54471064222384,8.55709681496775,8.57296532528796,8.61457056052725,8.62355394860716,8.64935733753935,8.66207583030612,8.70255849510969,8.7319699657693,8.75162476608556,8.76669199421689,8.77006923351407,8.81487886867582,8.82671350755811,8.86175843475064,8.89333001958807,8.92258405091966,8.95701602028863,8.99343805636623,9.03348009493642,9.08064652453278,9.1008758087533,9.1152704924537,9.12930188244091,9.16624793591605,9.2125246432233,9.23127378713705,9.24702864766371,9.30904686516497,9.32646401201301,9.36513330969324,9.38186396767292,9.43326519142389,9.45361630864747,9.47160815418941,9.50892723778593,9.54825858378642,9.60254303950567,9.61600821893721,9.63041086927326,9.66362926993345,9.68845908786794,9.73250247400889,9.74480620678278,9.78530889855543,9.81191530245865,9.85542253022664,9.88186402090438,9.92457676770217,9.95611415337058,9.98274962345661,10.0005527680875,10.0179975163356,10.0600794452521,10.0746669519461,10.0785894056038,10.1576032724911,10.1888353897176,10.1991448403016,10.2048412390087,10.2261022555015,10.2756490558461,10.3127405148445,10.3335898346382,10.3833779540097,10.4130597601907,10.435791019358,10.4704729814938,10.5141968635425,10.5516296370369,10.5822389281372,10.6375454337079,10.6914340254482,10.7167225392096,10.7326230740311,10.768401339637,10.7998813809935,10.8167667493501,10.8828971173839,10.9457235406772,10.9927031381235,11.0485085256971,11.080121273272,11.1231864955974,11.1512753110883,11.1665659456043,11.1875429902851,11.2081590785022,11.2487602306223,11.3292320526669,11.3769029552988,11.3984467407967,11.426343516881,11.4714136227139,11.4866493896585,11.5393413412998,11.5671020959156,11.5971658455869,11.6014875065843,11.7255550244434,11.7449757855213,11.7863985937556,11.8171613264656,11.8417915858285,11.8741060441386,11.9299139686563,11.9351186659114,11.9851579812795,12.0727578655093,12.1053319950831,12.1160474897831,12.1449316153436,12.196024444052,12.2741972460038,12.2872315894079,12.3228147463776,12.3430084116778,12.3876196760705,12.4206037744164,12.4544266267955,12.5209303303217,12.5653044667224,12.6219973068091,12.6664550997813,12.6752110943279,12.7448712240805,12.7667107146311,12.8306341399707,12.8639414639037,12.8815041224252,12.9296987515882,12.9639012666089,12.9874622342725,13.0315879621796,13.0378827876917,13.104271185244,13.1497510903577,13.2222539436594,13.2380074983197,13.2444435504855,13.3538956186314,13.3951473801381,13.4163823955493,13.4520125322413,13.4885654388175,13.5210024246019,13.5677467600792,13.6116331064126,13.6304681968188,13.6822028066303,13.7190065045651,13.7522731379733,13.7988390704112,13.8306181980304,13.8887973723316,13.9245311396761,13.9851286584375,14.0077853597134,14.1154334787318,14.168606002627,14.1971934576765,14.2285416975976,14.2589329140773,14.331169604103,14.3855239490015,14.4272477112879,14.4558330489763,14.5016037549166,14.548585129851,14.6092786234745,14.6293511835803,14.693379822584,14.7032243969939,14.8225351092827,14.8997510132614,14.986260949179,15.0342674979632,15.1045763762189,15.1960092043401,15.2192443808094,15.353412537716,15.3543527927766,15.3743703388335,15.4614498067209,15.4669463811227,15.5440367565926,15.6029743406177,15.7192442853802,15.8082312582823,15.8201788992149,15.9161140683071,16.0819131114225,16.0836174843849,16.1920817336012,16.246588030904,16.4095546385015,16.5065580757202,16.512295011231,16.6019983236923,16.7144072829797,16.7862288627084,16.9148994548963,16.9973647348672,17.2456488480768,17.4029839463757,17.5840570398496,17.7894460875316,17.9481556788913,18.0813642169415,18.1200537234605,18.3068362476998,18.4194244281405,18.7101596181924,18.8145325555223,18.9747817280194,19.1678020116408,19.3909666317948,19.6953905838156,19.9938454523988,20.1212545437392,20.2402731069345,20.6173537318075,21.1773096216334,21.5119934079478,23.3450802894942,NA,NA,NA,NA,NA,NA,NA,NA,NA,NA,NA,NA,NA,NA,NA,NA,NA,NA,NA,NA,NA,NA,NA,NA,NA,NA,NA,NA,NA,NA,NA,NA,NA,NA,NA,NA,NA,NA,NA,NA,NA,NA
0.541410873174675,0.606537053764053,0.721014393012734,1.02498629230706,1.11155334108069,1.31349009875996,1.41699155934892,1.52221730276586,1.56778169452534,1.76576140482892,1.82584183287477,1.84228562123975,1.89114867823074,1.95038732916529,2.20048015000762,2.21116663074064,2.36219374310247,2.50134540436987,2.55250031283444,2.56355324301267,2.67754186040477,2.70414180908042,2.7335615544102,2.82694592965687,2.94611900079179,2.98514035899414,3.05964013597688,3.11118159654226,3.1762711476385,3.22492748792174,3.30871108089488,3.36501468125424,3.41440831416248,3.47591283842599,3.50424642989158,3.57406515477285,3.62059220133675,3.70269348455234,3.75614464096358,3.78477400583356,3.83092303393191,3.86632388123931,3.90705573384016,3.9412407708374,4.04326584889814,4.09807899440745,4.13430488881295,4.21608739044862,4.24898389438098,4.27532365405924,4.30600959984392,4.32651754156009,4.38691328791086,4.43614935146447,4.44826431611031,4.50389186641538,4.54777306341946,4.61054525370591,4.6497525037295,4.70532809834239,4.71800393637258,4.79172038964422,4.82183470019352,4.84706863938348,4.90491647576787,4.957486525855,4.97041459404908,5.00451789610489,5.06279170851963,5.07720252428464,5.0888873234686,5.13860118720081,5.15582692854608,5.17553817719153,5.19448009880512,5.22212494547657,5.27682371444701,5.31039513823586,5.34120604779528,5.3497465821756,5.40525768423257,5.43346738767298,5.45080780796802,5.50707758979606,5.51989915367491,5.58997626647738,5.63297948263854,5.65551267489315,5.68336111281321,5.71617457509069,5.74309486667268,5.77772141514354,5.79845525688677,5.86945798011408,5.88122631466948,5.88282247519119,5.91253473563862,5.93561004494095,5.95794811842333,5.99139700238216,6.01828805667018,6.03703449697051,6.06568073021289,6.0768229063792,6.12055418905242,6.14512728155499,6.16019314448139,6.18489581793739,6.23695299090071,6.27044613002667,6.29477919230433,6.32512469168971,6.34999700950552,6.35670003002762,6.37941533385049,6.41239152237846,6.43078705279545,6.43674149338688,6.48179156286208,6.50453535125907,6.5720967093296,6.59486708058793,6.60883883247787,6.65751468883237,6.6850763163205,6.71853552546867,6.75348632207539,6.77380073577167,6.81277400322189,6.82708769918442,6.84363177171619,6.84885374783292,6.87285105957583,6.92672123807466,6.9403340999592,6.95759231221926,6.98189350876946,6.99782917005786,7.01718238770568,7.02101572236456,7.05886233828473,7.10954943916161,7.12757795442311,7.15237146278632,7.17172497572297,7.2104440501617,7.215811406253,7.24348759799714,7.25510711137277,7.28565357516254,7.29035636346127,7.32094165810838,7.35290266655544,7.37145324197436,7.40309988459494,7.4327052078379,7.44565748716798,7.45260466761726,7.48697667177592,7.51926004804331,7.52305324429856,7.55361775284191,7.5745103399049,7.61871358351198,7.6225132786044,7.64620515188697,7.6780253415086,7.68892900094386,7.7207299048007,7.72801758428915,7.77510476210016,7.78500442278176,7.82870972209923,7.85433626884266,7.86084033454703,7.87108911135021,7.88621374675969,7.9342716665428,7.94180566451479,7.97138943600709,8.02163428383326,8.04113058785714,8.07186302159585,8.09101759418441,8.10105330611446,8.1115087501385,8.16296297451678,8.17612993966905,8.20135119632917,8.2557759433343,8.27155704938377,8.28479624672107,8.32730858828032,8.36182928888578,8.38117260416562,8.40229161788202,8.42361616497771,8.45156524149462,8.46536107537827,8.47001555800733,8.50417301331775,8.54471064222384,8.55709681496775,8.57296532528796,8.61457056052725,8.62355394860716,8.64935733753935,8.66207583030612,8.70255849510969,8.7319699657693,8.75162476608556,8.76669199421689,8.77006923351407,8.81487886867582,8.82671350755811,8.86175843475064,8.89333001958807,8.92258405091966,8.95701602028863,8.99343805636623,9.03348009493642,9.08064652453278,9.1008758087533,9.1152704924537,9.12930188244091,9.16624793591605,9.2125246432233,9.23127378713705,9.24702864766371,9.30904686516497,9.32646401201301,9.36513330969324,9.38186396767292,9.43326519142389,9.45361630864747,9.47160815418941,9.50892723778593,9.54825858378642,9.60254303950567,9.61600821893721,9.63041086927326,9.66362926993345,9.68845908786794,9.73250247400889,9.74480620678278,9.78530889855543,9.81191530245865,9.85542253022664,9.88186402090438,9.92457676770217,9.95611415337058,9.98274962345661,10.0005527680875,10.0179975163356,10.0600794452521,10.0746669519461,10.0785894056038,10.1576032724911,10.1888353897176,10.1991448403016,10.2048412390087,10.2261022555015,10.2756490558461,10.3127405148445,10.3335898346382,10.3833779540097,10.4130597601907,10.435791019358,10.4704729814938,10.5141968635425,10.5516296370369,10.5822389281372,10.6375454337079,10.6914340254482,10.7167225392096,10.7326230740311,10.768401339637,10.7998813809935,10.8167667493501,10.8828971173839,10.9457235406772,10.9927031381235,11.0485085256971,11.080121273272,11.1231864955974,11.1512753110883,11.1665659456043,11.1875429902851,11.2081590785022,11.2487602306223,11.3292320526669,11.3769029552988,11.3984467407967,11.426343516881,11.4714136227139,11.4866493896585,11.5393413412998,11.5671020959156,11.5971658455869,11.6014875065843,11.7255550244434,11.7449757855213,11.7863985937556,11.8171613264656,11.8417915858285,11.8741060441386,11.9299139686563,11.9351186659114,11.9851579812795,12.0727578655093,12.1053319950831,12.1160474897831,12.1449316153436,12.196024444052,12.2741972460038,12.2872315894079,12.3228147463776,12.3430084116778,12.3876196760705,12.4206037744164,12.4544266267955,12.5209303303217,12.5653044667224,12.6219973068091,12.6664550997813,12.6752110943279,12.7448712240805,12.7667107146311,12.8306341399707,12.8639414639037,12.8815041224252,12.9296987515882,12.9639012666089,12.9874622342725,13.0315879621796,13.0378827876917,13.104271185244,13.1497510903577,13.2222539436594,13.2380074983197,13.2444435504855,13.3538956186314,13.3951473801381,13.4163823955493,13.4520125322413,13.4885654388175,13.5210024246019,13.5677467600792,13.6116331064126,13.6304681968188,13.6822028066303,13.7190065045651,13.7522731379733,13.7988390704112,13.8306181980304,13.8887973723316,13.9245311396761,13.9851286584375,14.0077853597134,14.1154334787318,14.168606002627,14.1971934576765,14.2285416975976,14.2589329140773,14.331169604103,14.3855239490015,14.4272477112879,14.4558330489763,14.5016037549166,14.548585129851,14.6092786234745,14.6293511835803,14.693379822584,14.7032243969939,14.8225351092827,14.8997510132614,14.986260949179,15.0342674979632,15.1045763762189,15.1960092043401,15.2192443808094,15.353412537716,15.3543527927766,15.3743703388335,15.4614498067209,15.4669463811227,15.5440367565926,15.6029743406177,15.7192442853802,15.8082312582823,15.8201788992149,15.9161140683071,16.0819131114225,16.0836174843849,16.1920817336012,16.246588030904,16.4095546385015,16.5065580757202,16.512295011231,16.6019983236923,16.7144072829797,16.7862288627084,16.9148994548963,16.9973647348672,17.2456488480768,17.4029839463757,17.5840570398496,17.7894460875316,17.9481556788913,18.0813642169415,18.1200537234605,18.3068362476998,18.4194244281405,18.7101596181924,18.8145325555223,18.9747817280194,19.1678020116408,19.3909666317948,19.6953905838156,19.9938454523988,20.1212545437392,20.2402731069345,20.6173537318075,21.1773096216334,21.5119934079478,23.3450802894942,NA,NA,NA,NA,NA,NA,NA,NA,NA,NA,NA,NA,NA,NA,NA,NA,NA,NA,NA,NA,NA,NA,NA,NA,NA,NA,NA,NA,NA,NA,NA,NA,NA,NA,NA,NA,NA,NA,NA,NA,NA,NA
0.569493670388439,0.667182156968407,0.883013653856836,1.02914716705958,1.11682555457926,1.39497193226167,1.4559635560023,1.51468930736148,1.60412951446714,1.72731757084295,1.80857079317199,1.85023774330308,1.8617343646829,1.98337583396713,2.24762766344393,2.27558196776848,2.34030576542134,2.39094039950246,2.48613383809563,2.58059362576514,2.6794295896009,2.72181515098877,2.82528388124165,2.87492902863658,2.91226363838885,2.984147718217,3.0910486199082,3.14729938364498,3.19108016023969,3.2182739093391,3.28990245829261,3.35136030175637,3.40430351207992,3.46695785502079,3.5157369209933,3.54496341318639,3.6281355191478,3.66577909761341,3.78677066365289,3.84089154277305,3.87651308357182,3.92019006123368,3.98430373852826,4.03703515647353,4.11234663414185,4.20068040778163,4.24729203525601,4.26040057885164,4.29157940645792,4.31431108929679,4.37142598264541,4.39543103964259,4.40600764096165,4.50204465196642,4.57855060156794,4.60805779548001,4.64340011197985,4.66883367871577,4.72952916714496,4.80272947306402,4.80730933084149,4.87291737742247,4.90582681735884,4.93856085402583,4.97846644415452,5.01409496009262,5.03413032211548,5.09055342790336,5.13814472068255,5.15387036923962,5.18048258698765,5.19413817482983,5.21452321718057,5.29750666573775,5.32841718832815,5.35783542473641,5.38731484188017,5.39732657938744,5.44442189257657,5.47395684987186,5.52359940933351,5.55836719930971,5.58482903854613,5.62476024987718,5.67431559637881,5.68912187074344,5.7201867753272,5.72862921410061,5.77473705469411,5.8074144749252,5.83386791550584,5.88602285098569,5.88917811195725,5.90978626647298,5.93618360213442,5.9508241322759,5.99906489155901,6.02794880869141,6.05822254829059,6.08030068052325,6.1119605878621,6.12829756544167,6.1563217765103,6.21984012141201,6.23962219140622,6.27880817253303,6.32070254167545,6.32925503840875,6.34734652959531,6.36116829672605,6.39601695268445,6.40263595469367,6.43772170401314,6.45582745919623,6.4958818570403,6.53029478152943,6.5774548935434,6.59749514228088,6.60604987586726,6.69883955692763,6.72669367906999,6.75231324849459,6.78951180160604,6.79297162892661,6.80631215074039,6.86014205305079,6.86641000132299,6.87303179900285,6.89323571136321,6.91718529418277,6.94275802282817,6.98191636241591,7.01112350997026,7.01627101065432,7.02587412046876,7.0577889907928,7.08120969552223,7.10933920182421,7.12760148008343,7.19571909006782,7.20578654383099,7.23483569438667,7.25113947173524,7.27905018487498,7.28796780860081,7.30963870220221,7.32794626499941,7.33830846387459,7.35710448309596,7.39605818927643,7.41960109064948,7.446995448369,7.46225671565316,7.47607203220967,7.50968749356097,7.5325779693412,7.55678776772168,7.57857087053534,7.61748875039046,7.62718771868273,7.63661328457251,7.65796772952274,7.70420379008793,7.71789801988279,7.73342941802948,7.76939152690337,7.81682151202272,7.82907210550964,7.85645523107349,7.86853820628843,7.89958692439526,7.90620035092982,7.96068963279967,7.97315260211326,7.99461333602606,8.01788373997599,8.04230363776424,8.08035676445152,8.13222790094197,8.14494237083452,8.16664187529946,8.1779421945032,8.218462286008,8.26237607135794,8.27347879355911,8.31072240537161,8.31983769687874,8.33260731035999,8.36994925956397,8.37193368485439,8.42946116712053,8.45322169572237,8.4802453867656,8.49959843499983,8.52044668954404,8.54274586666478,8.59090754389404,8.5972255856899,8.63638049620572,8.64635397645326,8.66951752651869,8.68316821803711,8.70398847910351,8.72605422531895,8.74938617117696,8.77038421972205,8.79910064827319,8.84298815204313,8.86340323954162,8.87650942441601,8.88801587209565,8.96094946638762,9.00964128046718,9.03472913820635,9.04844638464882,9.08682305210415,9.1038211176694,9.14544074864807,9.15415464148889,9.20720570061684,9.22846496381355,9.2374235680235,9.27513860214309,9.29762181320852,9.32481516249641,9.36746693445543,9.39579341817925,9.43230190880655,9.4483112382593,9.49906919099426,9.55193179945696,9.57048596373475,9.59497890464486,9.61922512295459,9.6628944845894,9.70395039641243,9.72970342777243,9.75988943006664,9.77728684522162,9.84449078671852,9.86562311448759,9.91823319228178,9.92836398788626,9.95215667773922,9.98484794374205,9.98880523651835,10.0376084381347,10.0782166619371,10.1024344474174,10.1170342406593,10.1517957492368,10.2104936873567,10.231449697891,10.2697531985964,10.2785647530424,10.3100817594617,10.3422481122762,10.3684392279565,10.3980721688881,10.4492287031768,10.4699166875158,10.4985179634668,10.5122552546638,10.5799272366467,10.6240418785202,10.6532210494095,10.6772500364392,10.7293512458815,10.8181545360686,10.8284635282985,10.8612970623119,10.8809233355423,10.9062349716555,11.0014478745019,11.0304186965645,11.0391316318582,11.07096558054,11.0989344423662,11.1405534636839,11.1612615198527,11.1887119780653,11.2725584912849,11.3127427204859,11.3368358677931,11.3602504151041,11.4331765349838,11.4732449732277,11.5075998119333,11.5428635536838,11.5611622547648,11.5828628911069,11.6642524999213,11.6852734372716,11.7205026262085,11.7732172610208,11.7918533814511,11.8154828735855,11.872775733946,11.9086105094158,11.9816049085018,11.990675953303,12.026104503537,12.1006601977358,12.1151573912737,12.1899884658059,12.2345319508301,12.2641712950851,12.2852796355025,12.3132682065947,12.3758546472027,12.4006316997066,12.4033059555657,12.4604881321132,12.4833517485283,12.5790232038657,12.5943762335389,12.6469851348447,12.6668329414039,12.7061504038299,12.7616498685036,12.8262538291742,12.8744123927481,12.879852905038,12.9082515168896,12.9180138266853,13.0050151620238,13.0330612242777,13.064404454931,13.1086179288555,13.1134856242817,13.1638306463525,13.2443247546312,13.2827316453525,13.3186912980599,13.3729627600566,13.4473679545641,13.4641406495027,13.4840542921229,13.5011326411565,13.5641155636697,13.5849196891386,13.635363195926,13.6883513828067,13.7306430466482,13.7737408915025,13.8192543155857,13.8305793865716,13.9065292651885,13.9523375539029,14.0165426105139,14.0517612350856,14.0984656144022,14.125474183861,14.1883899871538,14.2006167403393,14.2089820632795,14.3004059674624,14.3694083334285,14.3979459535879,14.4611578687852,14.5139135083697,14.5869948176832,14.6093578055443,14.6779252558473,14.6962179573214,14.7900311734787,14.7999078040223,14.8632112354614,14.9691598312289,15.0207306389788,15.11682719722,15.1847088649222,15.1945429148972,15.3269787448832,15.3593355922191,15.3806420990224,15.4947914283078,15.5356882309803,15.5757966117381,15.6845260632252,15.6958237417709,15.8299535449705,15.9344044558569,15.9425771418282,16.0950770679084,16.1689666224798,16.2074147705776,16.3389964278918,16.4535850192368,16.5364144154615,16.5921416955571,16.7071870322675,16.7884008125026,16.8298034930498,17.0042975058823,17.1227787553877,17.2664626716929,17.4690064548994,17.8855699831034,17.966839058288,18.0675343149646,18.1999472216428,18.3037266415625,18.4292572246569,18.5879562474814,18.9224162025099,18.9431966313824,19.12424968111,19.3799871166209,19.5674378625183,19.7157135308415,20.0493045412816,20.2055840697507,20.6158118273845,20.983205693145,21.4038387321818,23.2413584414674,NA,NA,NA,NA,NA,NA,NA,NA,NA,NA,NA,NA,NA,NA,NA,NA,NA,NA,NA,NA,NA,NA,NA,NA,NA,NA,NA,NA,NA,NA,NA,NA,NA,NA,NA,NA,NA,NA,NA,NA,NA,NA,NA,NA,NA,NA,NA,NA,NA,NA,NA
0.569493670388439,0.667182156968407,0.883013653856836,1.02914716705958,1.11682555457926,1.39497193226167,1.4559635560023,1.51468930736148,1.60412951446714,1.72731757084295,1.80857079317199,1.85023774330308,1.8617343646829,1.98337583396713,2.24762766344393,2.27558196776848,2.34030576542134,2.39094039950246,2.48613383809563,2.58059362576514,2.6794295896009,2.72181515098877,2.82528388124165,2.87492902863658,2.91226363838885,2.984147718217,3.0910486199082,3.14729938364498,3.19108016023969,3.2182739093391,3.28990245829261,3.35136030175637,3.40430351207992,3.46695785502079,3.5157369209933,3.54496341318639,3.6281355191478,3.66577909761341,3.78677066365289,3.84089154277305,3.87651308357182,3.92019006123368,3.98430373852826,4.03703515647353,4.11234663414185,4.20068040778163,4.24729203525601,4.26040057885164,4.29157940645792,4.31431108929679,4.37142598264541,4.39543103964259,4.40600764096165,4.50204465196642,4.57855060156794,4.60805779548001,4.64340011197985,4.66883367871577,4.72952916714496,4.80272947306402,4.80730933084149,4.87291737742247,4.90582681735884,4.93856085402583,4.97846644415452,5.01409496009262,5.03413032211548,5.09055342790336,5.13814472068255,5.15387036923962,5.18048258698765,5.19413817482983,5.21452321718057,5.29750666573775,5.32841718832815,5.35783542473641,5.38731484188017,5.39732657938744,5.44442189257657,5.47395684987186,5.52359940933351,5.55836719930971,5.58482903854613,5.62476024987718,5.67431559637881,5.68912187074344,5.7201867753272,5.72862921410061,5.77473705469411,5.8074144749252,5.83386791550584,5.88602285098569,5.88917811195725,5.90978626647298,5.93618360213442,5.9508241322759,5.99906489155901,6.02794880869141,6.05822254829059,6.08030068052325,6.1119605878621,6.12829756544167,6.1563217765103,6.21984012141201,6.23962219140622,6.27880817253303,6.32070254167545,6.32925503840875,6.34734652959531,6.36116829672605,6.39601695268445,6.40263595469367,6.43772170401314,6.45582745919623,6.4958818570403,6.53029478152943,6.5774548935434,6.59749514228088,6.60604987586726,6.69883955692763,6.72669367906999,6.75231324849459,6.78951180160604,6.79297162892661,6.80631215074039,6.86014205305079,6.86641000132299,6.87303179900285,6.89323571136321,6.91718529418277,6.94275802282817,6.98191636241591,7.01112350997026,7.01627101065432,7.02587412046876,7.0577889907928,7.08120969552223,7.10933920182421,7.12760148008343,7.19571909006782,7.20578654383099,7.23483569438667,7.25113947173524,7.27905018487498,7.28796780860081,7.30963870220221,7.32794626499941,7.33830846387459,7.35710448309596,7.39605818927643,7.41960109064948,7.446995448369,7.46225671565316,7.47607203220967,7.50968749356097,7.5325779693412,7.55678776772168,7.57857087053534,7.61748875039046,7.62718771868273,7.63661328457251,7.65796772952274,7.70420379008793,7.71789801988279,7.73342941802948,7.76939152690337,7.81682151202272,7.82907210550964,7.85645523107349,7.86853820628843,7.89958692439526,7.90620035092982,7.96068963279967,7.97315260211326,7.99461333602606,8.01788373997599,8.04230363776424,8.08035676445152,8.13222790094197,8.14494237083452,8.16664187529946,8.1779421945032,8.218462286008,8.26237607135794,8.27347879355911,8.31072240537161,8.31983769687874,8.33260731035999,8.36994925956397,8.37193368485439,8.42946116712053,8.45322169572237,8.4802453867656,8.49959843499983,8.52044668954404,8.54274586666478,8.59090754389404,8.5972255856899,8.63638049620572,8.64635397645326,8.66951752651869,8.68316821803711,8.70398847910351,8.72605422531895,8.74938617117696,8.77038421972205,8.79910064827319,8.84298815204313,8.86340323954162,8.87650942441601,8.88801587209565,8.96094946638762,9.00964128046718,9.03472913820635,9.04844638464882,9.08682305210415,9.1038211176694,9.14544074864807,9.15415464148889,9.20720570061684,9.22846496381355,9.2374235680235,9.27513860214309,9.29762181320852,9.32481516249641,9.36746693445543,9.39579341817925,9.43230190880655,9.4483112382593,9.49906919099426,9.55193179945696,9.57048596373475,9.59497890464486,9.61922512295459,9.6628944845894,9.70395039641243,9.72970342777243,9.75988943006664,9.77728684522162,9.84449078671852,9.86562311448759,9.91823319228178,9.92836398788626,9.95215667773922,9.98484794374205,9.98880523651835,10.0376084381347,10.0782166619371,10.1024344474174,10.1170342406593,10.1517957492368,10.2104936873567,10.231449697891,10.2697531985964,10.2785647530424,10.3100817594617,10.3422481122762,10.3684392279565,10.3980721688881,10.4492287031768,10.4699166875158,10.4985179634668,10.5122552546638,10.5799272366467,10.6240418785202,10.6532210494095,10.6772500364392,10.7293512458815,10.8181545360686,10.8284635282985,10.8612970623119,10.8809233355423,10.9062349716555,11.0014478745019,11.0304186965645,11.0391316318582,11.07096558054,11.0989344423662,11.1405534636839,11.1612615198527,11.1887119780653,11.2725584912849,11.3127427204859,11.3368358677931,11.3602504151041,11.4331765349838,11.4732449732277,11.5075998119333,11.5428635536838,11.5611622547648,11.5828628911069,11.6642524999213,11.6852734372716,11.7205026262085,11.7732172610208,11.7918533814511,11.8154828735855,11.872775733946,11.9086105094158,11.9816049085018,11.990675953303,12.026104503537,12.1006601977358,12.1151573912737,12.1899884658059,12.2345319508301,12.2641712950851,12.2852796355025,12.3132682065947,12.3758546472027,12.4006316997066,12.4033059555657,12.4604881321132,12.4833517485283,12.5790232038657,12.5943762335389,12.6469851348447,12.6668329414039,12.7061504038299,12.7616498685036,12.8262538291742,12.8744123927481,12.879852905038,12.9082515168896,12.9180138266853,13.0050151620238,13.0330612242777,13.064404454931,13.1086179288555,13.1134856242817,13.1638306463525,13.2443247546312,13.2827316453525,13.3186912980599,13.3729627600566,13.4473679545641,13.4641406495027,13.4840542921229,13.5011326411565,13.5641155636697,13.5849196891386,13.635363195926,13.6883513828067,13.7306430466482,13.7737408915025,13.8192543155857,13.8305793865716,13.9065292651885,13.9523375539029,14.0165426105139,14.0517612350856,14.0984656144022,14.125474183861,14.1883899871538,14.2006167403393,14.2089820632795,14.3004059674624,14.3694083334285,14.3979459535879,14.4611578687852,14.5139135083697,14.5869948176832,14.6093578055443,14.6779252558473,14.6962179573214,14.7900311734787,14.7999078040223,14.8632112354614,14.9691598312289,15.0207306389788,15.11682719722,15.1847088649222,15.1945429148972,15.3269787448832,15.3593355922191,15.3806420990224,15.4947914283078,15.5356882309803,15.5757966117381,15.6845260632252,15.6958237417709,15.8299535449705,15.9344044558569,15.9425771418282,16.0950770679084,16.1689666224798,16.2074147705776,16.3389964278918,16.4535850192368,16.5364144154615,16.5921416955571,16.7071870322675,16.7884008125026,16.8298034930498,17.0042975058823,17.1227787553877,17.2664626716929,17.4690064548994,17.8855699831034,17.966839058288,18.0675343149646,18.1999472216428,18.3037266415625,18.4292572246569,18.5879562474814,18.9224162025099,18.9431966313824,19.12424968111,19.3799871166209,19.5674378625183,19.7157135308415,20.0493045412816,20.2055840697507,20.6158118273845,20.983205693145,21.4038387321818,23.2413584414674,NA,NA,NA,NA,NA,NA,NA,NA,NA,NA,NA,NA,NA,NA,NA,NA,NA,NA,NA,NA,NA,NA,NA,NA,NA,NA,NA,NA,NA,NA,NA,NA,NA,NA,NA,NA,NA,NA,NA,NA,NA,NA,NA,NA,NA,NA,NA,NA,NA,NA,NA
0.569493670388439,0.667182156968407,0.883013653856836,1.02914716705958,1.11682555457926,1.39497193226167,1.4559635560023,1.51468930736148,1.60412951446714,1.72731757084295,1.80857079317199,1.85023774330308,1.8617343646829,1.98337583396713,2.24762766344393,2.27558196776848,2.34030576542134,2.39094039950246,2.48613383809563,2.58059362576514,2.6794295896009,2.72181515098877,2.82528388124165,2.87492902863658,2.91226363838885,2.984147718217,3.0910486199082,3.14729938364498,3.19108016023969,3.2182739093391,3.28990245829261,3.35136030175637,3.40430351207992,3.46695785502079,3.5157369209933,3.54496341318639,3.6281355191478,3.66577909761341,3.78677066365289,3.84089154277305,3.87651308357182,3.92019006123368,3.98430373852826,4.03703515647353,4.11234663414185,4.20068040778163,4.24729203525601,4.26040057885164,4.29157940645792,4.31431108929679,4.37142598264541,4.39543103964259,4.40600764096165,4.50204465196642,4.57855060156794,4.60805779548001,4.64340011197985,4.66883367871577,4.72952916714496,4.80272947306402,4.80730933084149,4.87291737742247,4.90582681735884,4.93856085402583,4.97846644415452,5.01409496009262,5.03413032211548,5.09055342790336,5.13814472068255,5.15387036923962,5.18048258698765,5.19413817482983,5.21452321718057,5.29750666573775,5.32841718832815,5.35783542473641,5.38731484188017,5.39732657938744,5.44442189257657,5.47395684987186,5.52359940933351,5.55836719930971,5.58482903854613,5.62476024987718,5.67431559637881,5.68912187074344,5.7201867753272,5.72862921410061,5.77473705469411,5.8074144749252,5.83386791550584,5.88602285098569,5.88917811195725,5.90978626647298,5.93618360213442,5.9508241322759,5.99906489155901,6.02794880869141,6.05822254829059,6.08030068052325,6.1119605878621,6.12829756544167,6.1563217765103,6.21984012141201,6.23962219140622,6.27880817253303,6.32070254167545,6.32925503840875,6.34734652959531,6.36116829672605,6.39601695268445,6.40263595469367,6.43772170401314,6.45582745919623,6.4958818570403,6.53029478152943,6.5774548935434,6.59749514228088,6.60604987586726,6.69883955692763,6.72669367906999,6.75231324849459,6.78951180160604,6.79297162892661,6.80631215074039,6.86014205305079,6.86641000132299,6.87303179900285,6.89323571136321,6.91718529418277,6.94275802282817,6.98191636241591,7.01112350997026,7.01627101065432,7.02587412046876,7.0577889907928,7.08120969552223,7.10933920182421,7.12760148008343,7.19571909006782,7.20578654383099,7.23483569438667,7.25113947173524,7.27905018487498,7.28796780860081,7.30963870220221,7.32794626499941,7.33830846387459,7.35710448309596,7.39605818927643,7.41960109064948,7.446995448369,7.46225671565316,7.47607203220967,7.50968749356097,7.5325779693412,7.55678776772168,7.57857087053534,7.61748875039046,7.62718771868273,7.63661328457251,7.65796772952274,7.70420379008793,7.71789801988279,7.73342941802948,7.76939152690337,7.81682151202272,7.82907210550964,7.85645523107349,7.86853820628843,7.89958692439526,7.90620035092982,7.96068963279967,7.97315260211326,7.99461333602606,8.01788373997599,8.04230363776424,8.08035676445152,8.13222790094197,8.14494237083452,8.16664187529946,8.1779421945032,8.218462286008,8.26237607135794,8.27347879355911,8.31072240537161,8.31983769687874,8.33260731035999,8.36994925956397,8.37193368485439,8.42946116712053,8.45322169572237,8.4802453867656,8.49959843499983,8.52044668954404,8.54274586666478,8.59090754389404,8.5972255856899,8.63638049620572,8.64635397645326,8.66951752651869,8.68316821803711,8.70398847910351,8.72605422531895,8.74938617117696,8.77038421972205,8.79910064827319,8.84298815204313,8.86340323954162,8.87650942441601,8.88801587209565,8.96094946638762,9.00964128046718,9.03472913820635,9.04844638464882,9.08682305210415,9.1038211176694,9.14544074864807,9.15415464148889,9.20720570061684,9.22846496381355,9.2374235680235,9.27513860214309,9.29762181320852,9.32481516249641,9.36746693445543,9.39579341817925,9.43230190880655,9.4483112382593,9.49906919099426,9.55193179945696,9.57048596373475,9.59497890464486,9.61922512295459,9.6628944845894,9.70395039641243,9.72970342777243,9.75988943006664,9.77728684522162,9.84449078671852,9.86562311448759,9.91823319228178,9.92836398788626,9.95215667773922,9.98484794374205,9.98880523651835,10.0376084381347,10.0782166619371,10.1024344474174,10.1170342406593,10.1517957492368,10.2104936873567,10.231449697891,10.2697531985964,10.2785647530424,10.3100817594617,10.3422481122762,10.3684392279565,10.3980721688881,10.4492287031768,10.4699166875158,10.4985179634668,10.5122552546638,10.5799272366467,10.6240418785202,10.6532210494095,10.6772500364392,10.7293512458815,10.8181545360686,10.8284635282985,10.8612970623119,10.8809233355423,10.9062349716555,11.0014478745019,11.0304186965645,11.0391316318582,11.07096558054,11.0989344423662,11.1405534636839,11.1612615198527,11.1887119780653,11.2725584912849,11.3127427204859,11.3368358677931,11.3602504151041,11.4331765349838,11.4732449732277,11.5075998119333,11.5428635536838,11.5611622547648,11.5828628911069,11.6642524999213,11.6852734372716,11.7205026262085,11.7732172610208,11.7918533814511,11.8154828735855,11.872775733946,11.9086105094158,11.9816049085018,11.990675953303,12.026104503537,12.1006601977358,12.1151573912737,12.1899884658059,12.2345319508301,12.2641712950851,12.2852796355025,12.3132682065947,12.3758546472027,12.4006316997066,12.4033059555657,12.4604881321132,12.4833517485283,12.5790232038657,12.5943762335389,12.6469851348447,12.6668329414039,12.7061504038299,12.7616498685036,12.8262538291742,12.8744123927481,12.879852905038,12.9082515168896,12.9180138266853,13.0050151620238,13.0330612242777,13.064404454931,13.1086179288555,13.1134856242817,13.1638306463525,13.2443247546312,13.2827316453525,13.3186912980599,13.3729627600566,13.4473679545641,13.4641406495027,13.4840542921229,13.5011326411565,13.5641155636697,13.5849196891386,13.635363195926,13.6883513828067,13.7306430466482,13.7737408915025,13.8192543155857,13.8305793865716,13.9065292651885,13.9523375539029,14.0165426105139,14.0517612350856,14.0984656144022,14.125474183861,14.1883899871538,14.2006167403393,14.2089820632795,14.3004059674624,14.3694083334285,14.3979459535879,14.4611578687852,14.5139135083697,14.5869948176832,14.6093578055443,14.6779252558473,14.6962179573214,14.7900311734787,14.7999078040223,14.8632112354614,14.9691598312289,15.0207306389788,15.11682719722,15.1847088649222,15.1945429148972,15.3269787448832,15.3593355922191,15.3806420990224,15.4947914283078,15.5356882309803,15.5757966117381,15.6845260632252,15.6958237417709,15.8299535449705,15.9344044558569,15.9425771418282,16.0950770679084,16.1689666224798,16.2074147705776,16.3389964278918,16.4535850192368,16.5364144154615,16.5921416955571,16.7071870322675,16.7884008125026,16.8298034930498,17.0042975058823,17.1227787553877,17.2664626716929,17.4690064548994,17.8855699831034,17.966839058288,18.0675343149646,18.1999472216428,18.3037266415625,18.4292572246569,18.5879562474814,18.9224162025099,18.9431966313824,19.12424968111,19.3799871166209,19.5674378625183,19.7157135308415,20.0493045412816,20.2055840697507,20.6158118273845,20.983205693145,21.4038387321818,23.2413584414674,NA,NA,NA,NA,NA,NA,NA,NA,NA,NA,NA,NA,NA,NA,NA,NA,NA,NA,NA,NA,NA,NA,NA,NA,NA,NA,NA,NA,NA,NA,NA,NA,NA,NA,NA,NA,NA,NA,NA,NA,NA,NA,NA,NA,NA,NA,NA,NA,NA,NA,NA
0.569493670388439,0.667182156968407,0.883013653856836,1.02914716705958,1.11682555457926,1.39497193226167,1.4559635560023,1.51468930736148,1.60412951446714,1.72731757084295,1.80857079317199,1.85023774330308,1.8617343646829,1.98337583396713,2.24762766344393,2.27558196776848,2.34030576542134,2.39094039950246,2.48613383809563,2.58059362576514,2.6794295896009,2.72181515098877,2.82528388124165,2.87492902863658,2.91226363838885,2.984147718217,3.0910486199082,3.14729938364498,3.19108016023969,3.2182739093391,3.28990245829261,3.35136030175637,3.40430351207992,3.46695785502079,3.5157369209933,3.54496341318639,3.6281355191478,3.66577909761341,3.78677066365289,3.84089154277305,3.87651308357182,3.92019006123368,3.98430373852826,4.03703515647353,4.11234663414185,4.20068040778163,4.24729203525601,4.26040057885164,4.29157940645792,4.31431108929679,4.37142598264541,4.39543103964259,4.40600764096165,4.50204465196642,4.57855060156794,4.60805779548001,4.64340011197985,4.66883367871577,4.72952916714496,4.80272947306402,4.80730933084149,4.87291737742247,4.90582681735884,4.93856085402583,4.97846644415452,5.01409496009262,5.03413032211548,5.09055342790336,5.13814472068255,5.15387036923962,5.18048258698765,5.19413817482983,5.21452321718057,5.29750666573775,5.32841718832815,5.35783542473641,5.38731484188017,5.39732657938744,5.44442189257657,5.47395684987186,5.52359940933351,5.55836719930971,5.58482903854613,5.62476024987718,5.67431559637881,5.68912187074344,5.7201867753272,5.72862921410061,5.77473705469411,5.8074144749252,5.83386791550584,5.88602285098569,5.88917811195725,5.90978626647298,5.93618360213442,5.9508241322759,5.99906489155901,6.02794880869141,6.05822254829059,6.08030068052325,6.1119605878621,6.12829756544167,6.1563217765103,6.21984012141201,6.23962219140622,6.27880817253303,6.32070254167545,6.32925503840875,6.34734652959531,6.36116829672605,6.39601695268445,6.40263595469367,6.43772170401314,6.45582745919623,6.4958818570403,6.53029478152943,6.5774548935434,6.59749514228088,6.60604987586726,6.69883955692763,6.72669367906999,6.75231324849459,6.78951180160604,6.79297162892661,6.80631215074039,6.86014205305079,6.86641000132299,6.87303179900285,6.89323571136321,6.91718529418277,6.94275802282817,6.98191636241591,7.01112350997026,7.01627101065432,7.02587412046876,7.0577889907928,7.08120969552223,7.10933920182421,7.12760148008343,7.19571909006782,7.20578654383099,7.23483569438667,7.25113947173524,7.27905018487498,7.28796780860081,7.30963870220221,7.32794626499941,7.33830846387459,7.35710448309596,7.39605818927643,7.41960109064948,7.446995448369,7.46225671565316,7.47607203220967,7.50968749356097,7.5325779693412,7.55678776772168,7.57857087053534,7.61748875039046,7.62718771868273,7.63661328457251,7.65796772952274,7.70420379008793,7.71789801988279,7.73342941802948,7.76939152690337,7.81682151202272,7.82907210550964,7.85645523107349,7.86853820628843,7.89958692439526,7.90620035092982,7.96068963279967,7.97315260211326,7.99461333602606,8.01788373997599,8.04230363776424,8.08035676445152,8.13222790094197,8.14494237083452,8.16664187529946,8.1779421945032,8.218462286008,8.26237607135794,8.27347879355911,8.31072240537161,8.31983769687874,8.33260731035999,8.36994925956397,8.37193368485439,8.42946116712053,8.45322169572237,8.4802453867656,8.49959843499983,8.52044668954404,8.54274586666478,8.59090754389404,8.5972255856899,8.63638049620572,8.64635397645326,8.66951752651869,8.68316821803711,8.70398847910351,8.72605422531895,8.74938617117696,8.77038421972205,8.79910064827319,8.84298815204313,8.86340323954162,8.87650942441601,8.88801587209565,8.96094946638762,9.00964128046718,9.03472913820635,9.04844638464882,9.08682305210415,9.1038211176694,9.14544074864807,9.15415464148889,9.20720570061684,9.22846496381355,9.2374235680235,9.27513860214309,9.29762181320852,9.32481516249641,9.36746693445543,9.39579341817925,9.43230190880655,9.4483112382593,9.49906919099426,9.55193179945696,9.57048596373475,9.59497890464486,9.61922512295459,9.6628944845894,9.70395039641243,9.72970342777243,9.75988943006664,9.77728684522162,9.84449078671852,9.86562311448759,9.91823319228178,9.92836398788626,9.95215667773922,9.98484794374205,9.98880523651835,10.0376084381347,10.0782166619371,10.1024344474174,10.1170342406593,10.1517957492368,10.2104936873567,10.231449697891,10.2697531985964,10.2785647530424,10.3100817594617,10.3422481122762,10.3684392279565,10.3980721688881,10.4492287031768,10.4699166875158,10.4985179634668,10.5122552546638,10.5799272366467,10.6240418785202,10.6532210494095,10.6772500364392,10.7293512458815,10.8181545360686,10.8284635282985,10.8612970623119,10.8809233355423,10.9062349716555,11.0014478745019,11.0304186965645,11.0391316318582,11.07096558054,11.0989344423662,11.1405534636839,11.1612615198527,11.1887119780653,11.2725584912849,11.3127427204859,11.3368358677931,11.3602504151041,11.4331765349838,11.4732449732277,11.5075998119333,11.5428635536838,11.5611622547648,11.5828628911069,11.6642524999213,11.6852734372716,11.7205026262085,11.7732172610208,11.7918533814511,11.8154828735855,11.872775733946,11.9086105094158,11.9816049085018,11.990675953303,12.026104503537,12.1006601977358,12.1151573912737,12.1899884658059,12.2345319508301,12.2641712950851,12.2852796355025,12.3132682065947,12.3758546472027,12.4006316997066,12.4033059555657,12.4604881321132,12.4833517485283,12.5790232038657,12.5943762335389,12.6469851348447,12.6668329414039,12.7061504038299,12.7616498685036,12.8262538291742,12.8744123927481,12.879852905038,12.9082515168896,12.9180138266853,13.0050151620238,13.0330612242777,13.064404454931,13.1086179288555,13.1134856242817,13.1638306463525,13.2443247546312,13.2827316453525,13.3186912980599,13.3729627600566,13.4473679545641,13.4641406495027,13.4840542921229,13.5011326411565,13.5641155636697,13.5849196891386,13.635363195926,13.6883513828067,13.7306430466482,13.7737408915025,13.8192543155857,13.8305793865716,13.9065292651885,13.9523375539029,14.0165426105139,14.0517612350856,14.0984656144022,14.125474183861,14.1883899871538,14.2006167403393,14.2089820632795,14.3004059674624,14.3694083334285,14.3979459535879,14.4611578687852,14.5139135083697,14.5869948176832,14.6093578055443,14.6779252558473,14.6962179573214,14.7900311734787,14.7999078040223,14.8632112354614,14.9691598312289,15.0207306389788,15.11682719722,15.1847088649222,15.1945429148972,15.3269787448832,15.3593355922191,15.3806420990224,15.4947914283078,15.5356882309803,15.5757966117381,15.6845260632252,15.6958237417709,15.8299535449705,15.9344044558569,15.9425771418282,16.0950770679084,16.1689666224798,16.2074147705776,16.3389964278918,16.4535850192368,16.5364144154615,16.5921416955571,16.7071870322675,16.7884008125026,16.8298034930498,17.0042975058823,17.1227787553877,17.2664626716929,17.4690064548994,17.8855699831034,17.966839058288,18.0675343149646,18.1999472216428,18.3037266415625,18.4292572246569,18.5879562474814,18.9224162025099,18.9431966313824,19.12424968111,19.3799871166209,19.5674378625183,19.7157135308415,20.0493045412816,20.2055840697507,20.6158118273845,20.983205693145,21.4038387321818,23.2413584414674,NA,NA,NA,NA,NA,NA,NA,NA,NA,NA,NA,NA,NA,NA,NA,NA,NA,NA,NA,NA,NA,NA,NA,NA,NA,NA,NA,NA,NA,NA,NA,NA,NA,NA,NA,NA,NA,NA,NA,NA,NA,NA,NA,NA,NA,NA,NA,NA,NA,NA,NA
0.569493670388439,0.667182156968407,0.883013653856836,1.02914716705958,1.11682555457926,1.39497193226167,1.4559635560023,1.51468930736148,1.60412951446714,1.72731757084295,1.80857079317199,1.85023774330308,1.8617343646829,1.98337583396713,2.24762766344393,2.27558196776848,2.34030576542134,2.39094039950246,2.48613383809563,2.58059362576514,2.6794295896009,2.72181515098877,2.82528388124165,2.87492902863658,2.91226363838885,2.984147718217,3.0910486199082,3.14729938364498,3.19108016023969,3.2182739093391,3.28990245829261,3.35136030175637,3.40430351207992,3.46695785502079,3.5157369209933,3.54496341318639,3.6281355191478,3.66577909761341,3.78677066365289,3.84089154277305,3.87651308357182,3.92019006123368,3.98430373852826,4.03703515647353,4.11234663414185,4.20068040778163,4.24729203525601,4.26040057885164,4.29157940645792,4.31431108929679,4.37142598264541,4.39543103964259,4.40600764096165,4.50204465196642,4.57855060156794,4.60805779548001,4.64340011197985,4.66883367871577,4.72952916714496,4.80272947306402,4.80730933084149,4.87291737742247,4.90582681735884,4.93856085402583,4.97846644415452,5.01409496009262,5.03413032211548,5.09055342790336,5.13814472068255,5.15387036923962,5.18048258698765,5.19413817482983,5.21452321718057,5.29750666573775,5.32841718832815,5.35783542473641,5.38731484188017,5.39732657938744,5.44442189257657,5.47395684987186,5.52359940933351,5.55836719930971,5.58482903854613,5.62476024987718,5.67431559637881,5.68912187074344,5.7201867753272,5.72862921410061,5.77473705469411,5.8074144749252,5.83386791550584,5.88602285098569,5.88917811195725,5.90978626647298,5.93618360213442,5.9508241322759,5.99906489155901,6.02794880869141,6.05822254829059,6.08030068052325,6.1119605878621,6.12829756544167,6.1563217765103,6.21984012141201,6.23962219140622,6.27880817253303,6.32070254167545,6.32925503840875,6.34734652959531,6.36116829672605,6.39601695268445,6.40263595469367,6.43772170401314,6.45582745919623,6.4958818570403,6.53029478152943,6.5774548935434,6.59749514228088,6.60604987586726,6.69883955692763,6.72669367906999,6.75231324849459,6.78951180160604,6.79297162892661,6.80631215074039,6.86014205305079,6.86641000132299,6.87303179900285,6.89323571136321,6.91718529418277,6.94275802282817,6.98191636241591,7.01112350997026,7.01627101065432,7.02587412046876,7.0577889907928,7.08120969552223,7.10933920182421,7.12760148008343,7.19571909006782,7.20578654383099,7.23483569438667,7.25113947173524,7.27905018487498,7.28796780860081,7.30963870220221,7.32794626499941,7.33830846387459,7.35710448309596,7.39605818927643,7.41960109064948,7.446995448369,7.46225671565316,7.47607203220967,7.50968749356097,7.5325779693412,7.55678776772168,7.57857087053534,7.61748875039046,7.62718771868273,7.63661328457251,7.65796772952274,7.70420379008793,7.71789801988279,7.73342941802948,7.76939152690337,7.81682151202272,7.82907210550964,7.85645523107349,7.86853820628843,7.89958692439526,7.90620035092982,7.96068963279967,7.97315260211326,7.99461333602606,8.01788373997599,8.04230363776424,8.08035676445152,8.13222790094197,8.14494237083452,8.16664187529946,8.1779421945032,8.218462286008,8.26237607135794,8.27347879355911,8.31072240537161,8.31983769687874,8.33260731035999,8.36994925956397,8.37193368485439,8.42946116712053,8.45322169572237,8.4802453867656,8.49959843499983,8.52044668954404,8.54274586666478,8.59090754389404,8.5972255856899,8.63638049620572,8.64635397645326,8.66951752651869,8.68316821803711,8.70398847910351,8.72605422531895,8.74938617117696,8.77038421972205,8.79910064827319,8.84298815204313,8.86340323954162,8.87650942441601,8.88801587209565,8.96094946638762,9.00964128046718,9.03472913820635,9.04844638464882,9.08682305210415,9.1038211176694,9.14544074864807,9.15415464148889,9.20720570061684,9.22846496381355,9.2374235680235,9.27513860214309,9.29762181320852,9.32481516249641,9.36746693445543,9.39579341817925,9.43230190880655,9.4483112382593,9.49906919099426,9.55193179945696,9.57048596373475,9.59497890464486,9.61922512295459,9.6628944845894,9.70395039641243,9.72970342777243,9.75988943006664,9.77728684522162,9.84449078671852,9.86562311448759,9.91823319228178,9.92836398788626,9.95215667773922,9.98484794374205,9.98880523651835,10.0376084381347,10.0782166619371,10.1024344474174,10.1170342406593,10.1517957492368,10.2104936873567,10.231449697891,10.2697531985964,10.2785647530424,10.3100817594617,10.3422481122762,10.3684392279565,10.3980721688881,10.4492287031768,10.4699166875158,10.4985179634668,10.5122552546638,10.5799272366467,10.6240418785202,10.6532210494095,10.6772500364392,10.7293512458815,10.8181545360686,10.8284635282985,10.8612970623119,10.8809233355423,10.9062349716555,11.0014478745019,11.0304186965645,11.0391316318582,11.07096558054,11.0989344423662,11.1405534636839,11.1612615198527,11.1887119780653,11.2725584912849,11.3127427204859,11.3368358677931,11.3602504151041,11.4331765349838,11.4732449732277,11.5075998119333,11.5428635536838,11.5611622547648,11.5828628911069,11.6642524999213,11.6852734372716,11.7205026262085,11.7732172610208,11.7918533814511,11.8154828735855,11.872775733946,11.9086105094158,11.9816049085018,11.990675953303,12.026104503537,12.1006601977358,12.1151573912737,12.1899884658059,12.2345319508301,12.2641712950851,12.2852796355025,12.3132682065947,12.3758546472027,12.4006316997066,12.4033059555657,12.4604881321132,12.4833517485283,12.5790232038657,12.5943762335389,12.6469851348447,12.6668329414039,12.7061504038299,12.7616498685036,12.8262538291742,12.8744123927481,12.879852905038,12.9082515168896,12.9180138266853,13.0050151620238,13.0330612242777,13.064404454931,13.1086179288555,13.1134856242817,13.1638306463525,13.2443247546312,13.2827316453525,13.3186912980599,13.3729627600566,13.4473679545641,13.4641406495027,13.4840542921229,13.5011326411565,13.5641155636697,13.5849196891386,13.635363195926,13.6883513828067,13.7306430466482,13.7737408915025,13.8192543155857,13.8305793865716,13.9065292651885,13.9523375539029,14.0165426105139,14.0517612350856,14.0984656144022,14.125474183861,14.1883899871538,14.2006167403393,14.2089820632795,14.3004059674624,14.3694083334285,14.3979459535879,14.4611578687852,14.5139135083697,14.5869948176832,14.6093578055443,14.6779252558473,14.6962179573214,14.7900311734787,14.7999078040223,14.8632112354614,14.9691598312289,15.0207306389788,15.11682719722,15.1847088649222,15.1945429148972,15.3269787448832,15.3593355922191,15.3806420990224,15.4947914283078,15.5356882309803,15.5757966117381,15.6845260632252,15.6958237417709,15.8299535449705,15.9344044558569,15.9425771418282,16.0950770679084,16.1689666224798,16.2074147705776,16.3389964278918,16.4535850192368,16.5364144154615,16.5921416955571,16.7071870322675,16.7884008125026,16.8298034930498,17.0042975058823,17.1227787553877,17.2664626716929,17.4690064548994,17.8855699831034,17.966839058288,18.0675343149646,18.1999472216428,18.3037266415625,18.4292572246569,18.5879562474814,18.9224162025099,18.9431966313824,19.12424968111,19.3799871166209,19.5674378625183,19.7157135308415,20.0493045412816,20.2055840697507,20.6158118273845,20.983205693145,21.4038387321818,23.2413584414674,NA,NA,NA,NA,NA,NA,NA,NA,NA,NA,NA,NA,NA,NA,NA,NA,NA,NA,NA,NA,NA,NA,NA,NA,NA,NA,NA,NA,NA,NA,NA,NA,NA,NA,NA,NA,NA,NA,NA,NA,NA,NA,NA,NA,NA,NA,NA,NA,NA,NA,NA
0.569493670388439,0.667182156968407,0.883013653856836,1.02914716705958,1.11682555457926,1.39497193226167,1.4559635560023,1.51468930736148,1.60412951446714,1.72731757084295,1.80857079317199,1.85023774330308,1.8617343646829,1.98337583396713,2.24762766344393,2.27558196776848,2.34030576542134,2.39094039950246,2.48613383809563,2.58059362576514,2.6794295896009,2.72181515098877,2.82528388124165,2.87492902863658,2.91226363838885,2.984147718217,3.0910486199082,3.14729938364498,3.19108016023969,3.2182739093391,3.28990245829261,3.35136030175637,3.40430351207992,3.46695785502079,3.5157369209933,3.54496341318639,3.6281355191478,3.66577909761341,3.78677066365289,3.84089154277305,3.87651308357182,3.92019006123368,3.98430373852826,4.03703515647353,4.11234663414185,4.20068040778163,4.24729203525601,4.26040057885164,4.29157940645792,4.31431108929679,4.37142598264541,4.39543103964259,4.40600764096165,4.50204465196642,4.57855060156794,4.60805779548001,4.64340011197985,4.66883367871577,4.72952916714496,4.80272947306402,4.80730933084149,4.87291737742247,4.90582681735884,4.93856085402583,4.97846644415452,5.01409496009262,5.03413032211548,5.09055342790336,5.13814472068255,5.15387036923962,5.18048258698765,5.19413817482983,5.21452321718057,5.29750666573775,5.32841718832815,5.35783542473641,5.38731484188017,5.39732657938744,5.44442189257657,5.47395684987186,5.52359940933351,5.55836719930971,5.58482903854613,5.62476024987718,5.67431559637881,5.68912187074344,5.7201867753272,5.72862921410061,5.77473705469411,5.8074144749252,5.83386791550584,5.88602285098569,5.88917811195725,5.90978626647298,5.93618360213442,5.9508241322759,5.99906489155901,6.02794880869141,6.05822254829059,6.08030068052325,6.1119605878621,6.12829756544167,6.1563217765103,6.21984012141201,6.23962219140622,6.27880817253303,6.32070254167545,6.32925503840875,6.34734652959531,6.36116829672605,6.39601695268445,6.40263595469367,6.43772170401314,6.45582745919623,6.4958818570403,6.53029478152943,6.5774548935434,6.59749514228088,6.60604987586726,6.69883955692763,6.72669367906999,6.75231324849459,6.78951180160604,6.79297162892661,6.80631215074039,6.86014205305079,6.86641000132299,6.87303179900285,6.89323571136321,6.91718529418277,6.94275802282817,6.98191636241591,7.01112350997026,7.01627101065432,7.02587412046876,7.0577889907928,7.08120969552223,7.10933920182421,7.12760148008343,7.19571909006782,7.20578654383099,7.23483569438667,7.25113947173524,7.27905018487498,7.28796780860081,7.30963870220221,7.32794626499941,7.33830846387459,7.35710448309596,7.39605818927643,7.41960109064948,7.446995448369,7.46225671565316,7.47607203220967,7.50968749356097,7.5325779693412,7.55678776772168,7.57857087053534,7.61748875039046,7.62718771868273,7.63661328457251,7.65796772952274,7.70420379008793,7.71789801988279,7.73342941802948,7.76939152690337,7.81682151202272,7.82907210550964,7.85645523107349,7.86853820628843,7.89958692439526,7.90620035092982,7.96068963279967,7.97315260211326,7.99461333602606,8.01788373997599,8.04230363776424,8.08035676445152,8.13222790094197,8.14494237083452,8.16664187529946,8.1779421945032,8.218462286008,8.26237607135794,8.27347879355911,8.31072240537161,8.31983769687874,8.33260731035999,8.36994925956397,8.37193368485439,8.42946116712053,8.45322169572237,8.4802453867656,8.49959843499983,8.52044668954404,8.54274586666478,8.59090754389404,8.5972255856899,8.63638049620572,8.64635397645326,8.66951752651869,8.68316821803711,8.70398847910351,8.72605422531895,8.74938617117696,8.77038421972205,8.79910064827319,8.84298815204313,8.86340323954162,8.87650942441601,8.88801587209565,8.96094946638762,9.00964128046718,9.03472913820635,9.04844638464882,9.08682305210415,9.1038211176694,9.14544074864807,9.15415464148889,9.20720570061684,9.22846496381355,9.2374235680235,9.27513860214309,9.29762181320852,9.32481516249641,9.36746693445543,9.39579341817925,9.43230190880655,9.4483112382593,9.49906919099426,9.55193179945696,9.57048596373475,9.59497890464486,9.61922512295459,9.6628944845894,9.70395039641243,9.72970342777243,9.75988943006664,9.77728684522162,9.84449078671852,9.86562311448759,9.91823319228178,9.92836398788626,9.95215667773922,9.98484794374205,9.98880523651835,10.0376084381347,10.0782166619371,10.1024344474174,10.1170342406593,10.1517957492368,10.2104936873567,10.231449697891,10.2697531985964,10.2785647530424,10.3100817594617,10.3422481122762,10.3684392279565,10.3980721688881,10.4492287031768,10.4699166875158,10.4985179634668,10.5122552546638,10.5799272366467,10.6240418785202,10.6532210494095,10.6772500364392,10.7293512458815,10.8181545360686,10.8284635282985,10.8612970623119,10.8809233355423,10.9062349716555,11.0014478745019,11.0304186965645,11.0391316318582,11.07096558054,11.0989344423662,11.1405534636839,11.1612615198527,11.1887119780653,11.2725584912849,11.3127427204859,11.3368358677931,11.3602504151041,11.4331765349838,11.4732449732277,11.5075998119333,11.5428635536838,11.5611622547648,11.5828628911069,11.6642524999213,11.6852734372716,11.7205026262085,11.7732172610208,11.7918533814511,11.8154828735855,11.872775733946,11.9086105094158,11.9816049085018,11.990675953303,12.026104503537,12.1006601977358,12.1151573912737,12.1899884658059,12.2345319508301,12.2641712950851,12.2852796355025,12.3132682065947,12.3758546472027,12.4006316997066,12.4033059555657,12.4604881321132,12.4833517485283,12.5790232038657,12.5943762335389,12.6469851348447,12.6668329414039,12.7061504038299,12.7616498685036,12.8262538291742,12.8744123927481,12.879852905038,12.9082515168896,12.9180138266853,13.0050151620238,13.0330612242777,13.064404454931,13.1086179288555,13.1134856242817,13.1638306463525,13.2443247546312,13.2827316453525,13.3186912980599,13.3729627600566,13.4473679545641,13.4641406495027,13.4840542921229,13.5011326411565,13.5641155636697,13.5849196891386,13.635363195926,13.6883513828067,13.7306430466482,13.7737408915025,13.8192543155857,13.8305793865716,13.9065292651885,13.9523375539029,14.0165426105139,14.0517612350856,14.0984656144022,14.125474183861,14.1883899871538,14.2006167403393,14.2089820632795,14.3004059674624,14.3694083334285,14.3979459535879,14.4611578687852,14.5139135083697,14.5869948176832,14.6093578055443,14.6779252558473,14.6962179573214,14.7900311734787,14.7999078040223,14.8632112354614,14.9691598312289,15.0207306389788,15.11682719722,15.1847088649222,15.1945429148972,15.3269787448832,15.3593355922191,15.3806420990224,15.4947914283078,15.5356882309803,15.5757966117381,15.6845260632252,15.6958237417709,15.8299535449705,15.9344044558569,15.9425771418282,16.0950770679084,16.1689666224798,16.2074147705776,16.3389964278918,16.4535850192368,16.5364144154615,16.5921416955571,16.7071870322675,16.7884008125026,16.8298034930498,17.0042975058823,17.1227787553877,17.2664626716929,17.4690064548994,17.8855699831034,17.966839058288,18.0675343149646,18.1999472216428,18.3037266415625,18.4292572246569,18.5879562474814,18.9224162025099,18.9431966313824,19.12424968111,19.3799871166209,19.5674378625183,19.7157135308415,20.0493045412816,20.2055840697507,20.6158118273845,20.983205693145,21.4038387321818,23.2413584414674,NA,NA,NA,NA,NA,NA,NA,NA,NA,NA,NA,NA,NA,NA,NA,NA,NA,NA,NA,NA,NA,NA,NA,NA,NA,NA,NA,NA,NA,NA,NA,NA,NA,NA,NA,NA,NA,NA,NA,NA,NA,NA,NA,NA,NA,NA,NA,NA,NA,NA,NA
0.569493670388439,0.667182156968407,0.883013653856836,1.02914716705958,1.11682555457926,1.39497193226167,1.4559635560023,1.51468930736148,1.60412951446714,1.72731757084295,1.80857079317199,1.85023774330308,1.8617343646829,1.98337583396713,2.24762766344393,2.27558196776848,2.34030576542134,2.39094039950246,2.48613383809563,2.58059362576514,2.6794295896009,2.72181515098877,2.82528388124165,2.87492902863658,2.91226363838885,2.984147718217,3.0910486199082,3.14729938364498,3.19108016023969,3.2182739093391,3.28990245829261,3.35136030175637,3.40430351207992,3.46695785502079,3.5157369209933,3.54496341318639,3.6281355191478,3.66577909761341,3.78677066365289,3.84089154277305,3.87651308357182,3.92019006123368,3.98430373852826,4.03703515647353,4.11234663414185,4.20068040778163,4.24729203525601,4.26040057885164,4.29157940645792,4.31431108929679,4.37142598264541,4.39543103964259,4.40600764096165,4.50204465196642,4.57855060156794,4.60805779548001,4.64340011197985,4.66883367871577,4.72952916714496,4.80272947306402,4.80730933084149,4.87291737742247,4.90582681735884,4.93856085402583,4.97846644415452,5.01409496009262,5.03413032211548,5.09055342790336,5.13814472068255,5.15387036923962,5.18048258698765,5.19413817482983,5.21452321718057,5.29750666573775,5.32841718832815,5.35783542473641,5.38731484188017,5.39732657938744,5.44442189257657,5.47395684987186,5.52359940933351,5.55836719930971,5.58482903854613,5.62476024987718,5.67431559637881,5.68912187074344,5.7201867753272,5.72862921410061,5.77473705469411,5.8074144749252,5.83386791550584,5.88602285098569,5.88917811195725,5.90978626647298,5.93618360213442,5.9508241322759,5.99906489155901,6.02794880869141,6.05822254829059,6.08030068052325,6.1119605878621,6.12829756544167,6.1563217765103,6.21984012141201,6.23962219140622,6.27880817253303,6.32070254167545,6.32925503840875,6.34734652959531,6.36116829672605,6.39601695268445,6.40263595469367,6.43772170401314,6.45582745919623,6.4958818570403,6.53029478152943,6.5774548935434,6.59749514228088,6.60604987586726,6.69883955692763,6.72669367906999,6.75231324849459,6.78951180160604,6.79297162892661,6.80631215074039,6.86014205305079,6.86641000132299,6.87303179900285,6.89323571136321,6.91718529418277,6.94275802282817,6.98191636241591,7.01112350997026,7.01627101065432,7.02587412046876,7.0577889907928,7.08120969552223,7.10933920182421,7.12760148008343,7.19571909006782,7.20578654383099,7.23483569438667,7.25113947173524,7.27905018487498,7.28796780860081,7.30963870220221,7.32794626499941,7.33830846387459,7.35710448309596,7.39605818927643,7.41960109064948,7.446995448369,7.46225671565316,7.47607203220967,7.50968749356097,7.5325779693412,7.55678776772168,7.57857087053534,7.61748875039046,7.62718771868273,7.63661328457251,7.65796772952274,7.70420379008793,7.71789801988279,7.73342941802948,7.76939152690337,7.81682151202272,7.82907210550964,7.85645523107349,7.86853820628843,7.89958692439526,7.90620035092982,7.96068963279967,7.97315260211326,7.99461333602606,8.01788373997599,8.04230363776424,8.08035676445152,8.13222790094197,8.14494237083452,8.16664187529946,8.1779421945032,8.218462286008,8.26237607135794,8.27347879355911,8.31072240537161,8.31983769687874,8.33260731035999,8.36994925956397,8.37193368485439,8.42946116712053,8.45322169572237,8.4802453867656,8.49959843499983,8.52044668954404,8.54274586666478,8.59090754389404,8.5972255856899,8.63638049620572,8.64635397645326,8.66951752651869,8.68316821803711,8.70398847910351,8.72605422531895,8.74938617117696,8.77038421972205,8.79910064827319,8.84298815204313,8.86340323954162,8.87650942441601,8.88801587209565,8.96094946638762,9.00964128046718,9.03472913820635,9.04844638464882,9.08682305210415,9.1038211176694,9.14544074864807,9.15415464148889,9.20720570061684,9.22846496381355,9.2374235680235,9.27513860214309,9.29762181320852,9.32481516249641,9.36746693445543,9.39579341817925,9.43230190880655,9.4483112382593,9.49906919099426,9.55193179945696,9.57048596373475,9.59497890464486,9.61922512295459,9.6628944845894,9.70395039641243,9.72970342777243,9.75988943006664,9.77728684522162,9.84449078671852,9.86562311448759,9.91823319228178,9.92836398788626,9.95215667773922,9.98484794374205,9.98880523651835,10.0376084381347,10.0782166619371,10.1024344474174,10.1170342406593,10.1517957492368,10.2104936873567,10.231449697891,10.2697531985964,10.2785647530424,10.3100817594617,10.3422481122762,10.3684392279565,10.3980721688881,10.4492287031768,10.4699166875158,10.4985179634668,10.5122552546638,10.5799272366467,10.6240418785202,10.6532210494095,10.6772500364392,10.7293512458815,10.8181545360686,10.8284635282985,10.8612970623119,10.8809233355423,10.9062349716555,11.0014478745019,11.0304186965645,11.0391316318582,11.07096558054,11.0989344423662,11.1405534636839,11.1612615198527,11.1887119780653,11.2725584912849,11.3127427204859,11.3368358677931,11.3602504151041,11.4331765349838,11.4732449732277,11.5075998119333,11.5428635536838,11.5611622547648,11.5828628911069,11.6642524999213,11.6852734372716,11.7205026262085,11.7732172610208,11.7918533814511,11.8154828735855,11.872775733946,11.9086105094158,11.9816049085018,11.990675953303,12.026104503537,12.1006601977358,12.1151573912737,12.1899884658059,12.2345319508301,12.2641712950851,12.2852796355025,12.3132682065947,12.3758546472027,12.4006316997066,12.4033059555657,12.4604881321132,12.4833517485283,12.5790232038657,12.5943762335389,12.6469851348447,12.6668329414039,12.7061504038299,12.7616498685036,12.8262538291742,12.8744123927481,12.879852905038,12.9082515168896,12.9180138266853,13.0050151620238,13.0330612242777,13.064404454931,13.1086179288555,13.1134856242817,13.1638306463525,13.2443247546312,13.2827316453525,13.3186912980599,13.3729627600566,13.4473679545641,13.4641406495027,13.4840542921229,13.5011326411565,13.5641155636697,13.5849196891386,13.635363195926,13.6883513828067,13.7306430466482,13.7737408915025,13.8192543155857,13.8305793865716,13.9065292651885,13.9523375539029,14.0165426105139,14.0517612350856,14.0984656144022,14.125474183861,14.1883899871538,14.2006167403393,14.2089820632795,14.3004059674624,14.3694083334285,14.3979459535879,14.4611578687852,14.5139135083697,14.5869948176832,14.6093578055443,14.6779252558473,14.6962179573214,14.7900311734787,14.7999078040223,14.8632112354614,14.9691598312289,15.0207306389788,15.11682719722,15.1847088649222,15.1945429148972,15.3269787448832,15.3593355922191,15.3806420990224,15.4947914283078,15.5356882309803,15.5757966117381,15.6845260632252,15.6958237417709,15.8299535449705,15.9344044558569,15.9425771418282,16.0950770679084,16.1689666224798,16.2074147705776,16.3389964278918,16.4535850192368,16.5364144154615,16.5921416955571,16.7071870322675,16.7884008125026,16.8298034930498,17.0042975058823,17.1227787553877,17.2664626716929,17.4690064548994,17.8855699831034,17.966839058288,18.0675343149646,18.1999472216428,18.3037266415625,18.4292572246569,18.5879562474814,18.9224162025099,18.9431966313824,19.12424968111,19.3799871166209,19.5674378625183,19.7157135308415,20.0493045412816,20.2055840697507,20.6158118273845,20.983205693145,21.4038387321818,23.2413584414674,NA,NA,NA,NA,NA,NA,NA,NA,NA,NA,NA,NA,NA,NA,NA,NA,NA,NA,NA,NA,NA,NA,NA,NA,NA,NA,NA,NA,NA,NA,NA,NA,NA,NA,NA,NA,NA,NA,NA,NA,NA,NA,NA,NA,NA,NA,NA,NA,NA,NA,NA
0.569493670388439,0.667182156968407,0.883013653856836,1.02914716705958,1.11682555457926,1.39497193226167,1.4559635560023,1.51468930736148,1.60412951446714,1.72731757084295,1.80857079317199,1.85023774330308,1.8617343646829,1.98337583396713,2.24762766344393,2.27558196776848,2.34030576542134,2.39094039950246,2.48613383809563,2.58059362576514,2.6794295896009,2.72181515098877,2.82528388124165,2.87492902863658,2.91226363838885,2.984147718217,3.0910486199082,3.14729938364498,3.19108016023969,3.2182739093391,3.28990245829261,3.35136030175637,3.40430351207992,3.46695785502079,3.5157369209933,3.54496341318639,3.6281355191478,3.66577909761341,3.78677066365289,3.84089154277305,3.87651308357182,3.92019006123368,3.98430373852826,4.03703515647353,4.11234663414185,4.20068040778163,4.24729203525601,4.26040057885164,4.29157940645792,4.31431108929679,4.37142598264541,4.39543103964259,4.40600764096165,4.50204465196642,4.57855060156794,4.60805779548001,4.64340011197985,4.66883367871577,4.72952916714496,4.80272947306402,4.80730933084149,4.87291737742247,4.90582681735884,4.93856085402583,4.97846644415452,5.01409496009262,5.03413032211548,5.09055342790336,5.13814472068255,5.15387036923962,5.18048258698765,5.19413817482983,5.21452321718057,5.29750666573775,5.32841718832815,5.35783542473641,5.38731484188017,5.39732657938744,5.44442189257657,5.47395684987186,5.52359940933351,5.55836719930971,5.58482903854613,5.62476024987718,5.67431559637881,5.68912187074344,5.7201867753272,5.72862921410061,5.77473705469411,5.8074144749252,5.83386791550584,5.88602285098569,5.88917811195725,5.90978626647298,5.93618360213442,5.9508241322759,5.99906489155901,6.02794880869141,6.05822254829059,6.08030068052325,6.1119605878621,6.12829756544167,6.1563217765103,6.21984012141201,6.23962219140622,6.27880817253303,6.32070254167545,6.32925503840875,6.34734652959531,6.36116829672605,6.39601695268445,6.40263595469367,6.43772170401314,6.45582745919623,6.4958818570403,6.53029478152943,6.5774548935434,6.59749514228088,6.60604987586726,6.69883955692763,6.72669367906999,6.75231324849459,6.78951180160604,6.79297162892661,6.80631215074039,6.86014205305079,6.86641000132299,6.87303179900285,6.89323571136321,6.91718529418277,6.94275802282817,6.98191636241591,7.01112350997026,7.01627101065432,7.02587412046876,7.0577889907928,7.08120969552223,7.10933920182421,7.12760148008343,7.19571909006782,7.20578654383099,7.23483569438667,7.25113947173524,7.27905018487498,7.28796780860081,7.30963870220221,7.32794626499941,7.33830846387459,7.35710448309596,7.39605818927643,7.41960109064948,7.446995448369,7.46225671565316,7.47607203220967,7.50968749356097,7.5325779693412,7.55678776772168,7.57857087053534,7.61748875039046,7.62718771868273,7.63661328457251,7.65796772952274,7.70420379008793,7.71789801988279,7.73342941802948,7.76939152690337,7.81682151202272,7.82907210550964,7.85645523107349,7.86853820628843,7.89958692439526,7.90620035092982,7.96068963279967,7.97315260211326,7.99461333602606,8.01788373997599,8.04230363776424,8.08035676445152,8.13222790094197,8.14494237083452,8.16664187529946,8.1779421945032,8.218462286008,8.26237607135794,8.27347879355911,8.31072240537161,8.31983769687874,8.33260731035999,8.36994925956397,8.37193368485439,8.42946116712053,8.45322169572237,8.4802453867656,8.49959843499983,8.52044668954404,8.54274586666478,8.59090754389404,8.5972255856899,8.63638049620572,8.64635397645326,8.66951752651869,8.68316821803711,8.70398847910351,8.72605422531895,8.74938617117696,8.77038421972205,8.79910064827319,8.84298815204313,8.86340323954162,8.87650942441601,8.88801587209565,8.96094946638762,9.00964128046718,9.03472913820635,9.04844638464882,9.08682305210415,9.1038211176694,9.14544074864807,9.15415464148889,9.20720570061684,9.22846496381355,9.2374235680235,9.27513860214309,9.29762181320852,9.32481516249641,9.36746693445543,9.39579341817925,9.43230190880655,9.4483112382593,9.49906919099426,9.55193179945696,9.57048596373475,9.59497890464486,9.61922512295459,9.6628944845894,9.70395039641243,9.72970342777243,9.75988943006664,9.77728684522162,9.84449078671852,9.86562311448759,9.91823319228178,9.92836398788626,9.95215667773922,9.98484794374205,9.98880523651835,10.0376084381347,10.0782166619371,10.1024344474174,10.1170342406593,10.1517957492368,10.2104936873567,10.231449697891,10.2697531985964,10.2785647530424,10.3100817594617,10.3422481122762,10.3684392279565,10.3980721688881,10.4492287031768,10.4699166875158,10.4985179634668,10.5122552546638,10.5799272366467,10.6240418785202,10.6532210494095,10.6772500364392,10.7293512458815,10.8181545360686,10.8284635282985,10.8612970623119,10.8809233355423,10.9062349716555,11.0014478745019,11.0304186965645,11.0391316318582,11.07096558054,11.0989344423662,11.1405534636839,11.1612615198527,11.1887119780653,11.2725584912849,11.3127427204859,11.3368358677931,11.3602504151041,11.4331765349838,11.4732449732277,11.5075998119333,11.5428635536838,11.5611622547648,11.5828628911069,11.6642524999213,11.6852734372716,11.7205026262085,11.7732172610208,11.7918533814511,11.8154828735855,11.872775733946,11.9086105094158,11.9816049085018,11.990675953303,12.026104503537,12.1006601977358,12.1151573912737,12.1899884658059,12.2345319508301,12.2641712950851,12.2852796355025,12.3132682065947,12.3758546472027,12.4006316997066,12.4033059555657,12.4604881321132,12.4833517485283,12.5790232038657,12.5943762335389,12.6469851348447,12.6668329414039,12.7061504038299,12.7616498685036,12.8262538291742,12.8744123927481,12.879852905038,12.9082515168896,12.9180138266853,13.0050151620238,13.0330612242777,13.064404454931,13.1086179288555,13.1134856242817,13.1638306463525,13.2443247546312,13.2827316453525,13.3186912980599,13.3729627600566,13.4473679545641,13.4641406495027,13.4840542921229,13.5011326411565,13.5641155636697,13.5849196891386,13.635363195926,13.6883513828067,13.7306430466482,13.7737408915025,13.8192543155857,13.8305793865716,13.9065292651885,13.9523375539029,14.0165426105139,14.0517612350856,14.0984656144022,14.125474183861,14.1883899871538,14.2006167403393,14.2089820632795,14.3004059674624,14.3694083334285,14.3979459535879,14.4611578687852,14.5139135083697,14.5869948176832,14.6093578055443,14.6779252558473,14.6962179573214,14.7900311734787,14.7999078040223,14.8632112354614,14.9691598312289,15.0207306389788,15.11682719722,15.1847088649222,15.1945429148972,15.3269787448832,15.3593355922191,15.3806420990224,15.4947914283078,15.5356882309803,15.5757966117381,15.6845260632252,15.6958237417709,15.8299535449705,15.9344044558569,15.9425771418282,16.0950770679084,16.1689666224798,16.2074147705776,16.3389964278918,16.4535850192368,16.5364144154615,16.5921416955571,16.7071870322675,16.7884008125026,16.8298034930498,17.0042975058823,17.1227787553877,17.2664626716929,17.4690064548994,17.8855699831034,17.966839058288,18.0675343149646,18.1999472216428,18.3037266415625,18.4292572246569,18.5879562474814,18.9224162025099,18.9431966313824,19.12424968111,19.3799871166209,19.5674378625183,19.7157135308415,20.0493045412816,20.2055840697507,20.6158118273845,20.983205693145,21.4038387321818,23.2413584414674,NA,NA,NA,NA,NA,NA,NA,NA,NA,NA,NA,NA,NA,NA,NA,NA,NA,NA,NA,NA,NA,NA,NA,NA,NA,NA,NA,NA,NA,NA,NA,NA,NA,NA,NA,NA,NA,NA,NA,NA,NA,NA,NA,NA,NA,NA,NA,NA,NA,NA,NA
0.569493670388439,0.667182156968407,0.883013653856836,1.02914716705958,1.11682555457926,1.39497193226167,1.4559635560023,1.51468930736148,1.60412951446714,1.72731757084295,1.80857079317199,1.85023774330308,1.8617343646829,1.98337583396713,2.24762766344393,2.27558196776848,2.34030576542134,2.39094039950246,2.48613383809563,2.58059362576514,2.6794295896009,2.72181515098877,2.82528388124165,2.87492902863658,2.91226363838885,2.984147718217,3.0910486199082,3.14729938364498,3.19108016023969,3.2182739093391,3.28990245829261,3.35136030175637,3.40430351207992,3.46695785502079,3.5157369209933,3.54496341318639,3.6281355191478,3.66577909761341,3.78677066365289,3.84089154277305,3.87651308357182,3.92019006123368,3.98430373852826,4.03703515647353,4.11234663414185,4.20068040778163,4.24729203525601,4.26040057885164,4.29157940645792,4.31431108929679,4.37142598264541,4.39543103964259,4.40600764096165,4.50204465196642,4.57855060156794,4.60805779548001,4.64340011197985,4.66883367871577,4.72952916714496,4.80272947306402,4.80730933084149,4.87291737742247,4.90582681735884,4.93856085402583,4.97846644415452,5.01409496009262,5.03413032211548,5.09055342790336,5.13814472068255,5.15387036923962,5.18048258698765,5.19413817482983,5.21452321718057,5.29750666573775,5.32841718832815,5.35783542473641,5.38731484188017,5.39732657938744,5.44442189257657,5.47395684987186,5.52359940933351,5.55836719930971,5.58482903854613,5.62476024987718,5.67431559637881,5.68912187074344,5.7201867753272,5.72862921410061,5.77473705469411,5.8074144749252,5.83386791550584,5.88602285098569,5.88917811195725,5.90978626647298,5.93618360213442,5.9508241322759,5.99906489155901,6.02794880869141,6.05822254829059,6.08030068052325,6.1119605878621,6.12829756544167,6.1563217765103,6.21984012141201,6.23962219140622,6.27880817253303,6.32070254167545,6.32925503840875,6.34734652959531,6.36116829672605,6.39601695268445,6.40263595469367,6.43772170401314,6.45582745919623,6.4958818570403,6.53029478152943,6.5774548935434,6.59749514228088,6.60604987586726,6.69883955692763,6.72669367906999,6.75231324849459,6.78951180160604,6.79297162892661,6.80631215074039,6.86014205305079,6.86641000132299,6.87303179900285,6.89323571136321,6.91718529418277,6.94275802282817,6.98191636241591,7.01112350997026,7.01627101065432,7.02587412046876,7.0577889907928,7.08120969552223,7.10933920182421,7.12760148008343,7.19571909006782,7.20578654383099,7.23483569438667,7.25113947173524,7.27905018487498,7.28796780860081,7.30963870220221,7.32794626499941,7.33830846387459,7.35710448309596,7.39605818927643,7.41960109064948,7.446995448369,7.46225671565316,7.47607203220967,7.50968749356097,7.5325779693412,7.55678776772168,7.57857087053534,7.61748875039046,7.62718771868273,7.63661328457251,7.65796772952274,7.70420379008793,7.71789801988279,7.73342941802948,7.76939152690337,7.81682151202272,7.82907210550964,7.85645523107349,7.86853820628843,7.89958692439526,7.90620035092982,7.96068963279967,7.97315260211326,7.99461333602606,8.01788373997599,8.04230363776424,8.08035676445152,8.13222790094197,8.14494237083452,8.16664187529946,8.1779421945032,8.218462286008,8.26237607135794,8.27347879355911,8.31072240537161,8.31983769687874,8.33260731035999,8.36994925956397,8.37193368485439,8.42946116712053,8.45322169572237,8.4802453867656,8.49959843499983,8.52044668954404,8.54274586666478,8.59090754389404,8.5972255856899,8.63638049620572,8.64635397645326,8.66951752651869,8.68316821803711,8.70398847910351,8.72605422531895,8.74938617117696,8.77038421972205,8.79910064827319,8.84298815204313,8.86340323954162,8.87650942441601,8.88801587209565,8.96094946638762,9.00964128046718,9.03472913820635,9.04844638464882,9.08682305210415,9.1038211176694,9.14544074864807,9.15415464148889,9.20720570061684,9.22846496381355,9.2374235680235,9.27513860214309,9.29762181320852,9.32481516249641,9.36746693445543,9.39579341817925,9.43230190880655,9.4483112382593,9.49906919099426,9.55193179945696,9.57048596373475,9.59497890464486,9.61922512295459,9.6628944845894,9.70395039641243,9.72970342777243,9.75988943006664,9.77728684522162,9.84449078671852,9.86562311448759,9.91823319228178,9.92836398788626,9.95215667773922,9.98484794374205,9.98880523651835,10.0376084381347,10.0782166619371,10.1024344474174,10.1170342406593,10.1517957492368,10.2104936873567,10.231449697891,10.2697531985964,10.2785647530424,10.3100817594617,10.3422481122762,10.3684392279565,10.3980721688881,10.4492287031768,10.4699166875158,10.4985179634668,10.5122552546638,10.5799272366467,10.6240418785202,10.6532210494095,10.6772500364392,10.7293512458815,10.8181545360686,10.8284635282985,10.8612970623119,10.8809233355423,10.9062349716555,11.0014478745019,11.0304186965645,11.0391316318582,11.07096558054,11.0989344423662,11.1405534636839,11.1612615198527,11.1887119780653,11.2725584912849,11.3127427204859,11.3368358677931,11.3602504151041,11.4331765349838,11.4732449732277,11.5075998119333,11.5428635536838,11.5611622547648,11.5828628911069,11.6642524999213,11.6852734372716,11.7205026262085,11.7732172610208,11.7918533814511,11.8154828735855,11.872775733946,11.9086105094158,11.9816049085018,11.990675953303,12.026104503537,12.1006601977358,12.1151573912737,12.1899884658059,12.2345319508301,12.2641712950851,12.2852796355025,12.3132682065947,12.3758546472027,12.4006316997066,12.4033059555657,12.4604881321132,12.4833517485283,12.5790232038657,12.5943762335389,12.6469851348447,12.6668329414039,12.7061504038299,12.7616498685036,12.8262538291742,12.8744123927481,12.879852905038,12.9082515168896,12.9180138266853,13.0050151620238,13.0330612242777,13.064404454931,13.1086179288555,13.1134856242817,13.1638306463525,13.2443247546312,13.2827316453525,13.3186912980599,13.3729627600566,13.4473679545641,13.4641406495027,13.4840542921229,13.5011326411565,13.5641155636697,13.5849196891386,13.635363195926,13.6883513828067,13.7306430466482,13.7737408915025,13.8192543155857,13.8305793865716,13.9065292651885,13.9523375539029,14.0165426105139,14.0517612350856,14.0984656144022,14.125474183861,14.1883899871538,14.2006167403393,14.2089820632795,14.3004059674624,14.3694083334285,14.3979459535879,14.4611578687852,14.5139135083697,14.5869948176832,14.6093578055443,14.6779252558473,14.6962179573214,14.7900311734787,14.7999078040223,14.8632112354614,14.9691598312289,15.0207306389788,15.11682719722,15.1847088649222,15.1945429148972,15.3269787448832,15.3593355922191,15.3806420990224,15.4947914283078,15.5356882309803,15.5757966117381,15.6845260632252,15.6958237417709,15.8299535449705,15.9344044558569,15.9425771418282,16.0950770679084,16.1689666224798,16.2074147705776,16.3389964278918,16.4535850192368,16.5364144154615,16.5921416955571,16.7071870322675,16.7884008125026,16.8298034930498,17.0042975058823,17.1227787553877,17.2664626716929,17.4690064548994,17.8855699831034,17.966839058288,18.0675343149646,18.1999472216428,18.3037266415625,18.4292572246569,18.5879562474814,18.9224162025099,18.9431966313824,19.12424968111,19.3799871166209,19.5674378625183,19.7157135308415,20.0493045412816,20.2055840697507,20.6158118273845,20.983205693145,21.4038387321818,23.2413584414674,NA,NA,NA,NA,NA,NA,NA,NA,NA,NA,NA,NA,NA,NA,NA,NA,NA,NA,NA,NA,NA,NA,NA,NA,NA,NA,NA,NA,NA,NA,NA,NA,NA,NA,NA,NA,NA,NA,NA,NA,NA,NA,NA,NA,NA,NA,NA,NA,NA,NA,NA
0.569493670388439,0.667182156968407,0.883013653856836,1.02914716705958,1.11682555457926,1.39497193226167,1.4559635560023,1.51468930736148,1.60412951446714,1.72731757084295,1.80857079317199,1.85023774330308,1.8617343646829,1.98337583396713,2.24762766344393,2.27558196776848,2.34030576542134,2.39094039950246,2.48613383809563,2.58059362576514,2.6794295896009,2.72181515098877,2.82528388124165,2.87492902863658,2.91226363838885,2.984147718217,3.0910486199082,3.14729938364498,3.19108016023969,3.2182739093391,3.28990245829261,3.35136030175637,3.40430351207992,3.46695785502079,3.5157369209933,3.54496341318639,3.6281355191478,3.66577909761341,3.78677066365289,3.84089154277305,3.87651308357182,3.92019006123368,3.98430373852826,4.03703515647353,4.11234663414185,4.20068040778163,4.24729203525601,4.26040057885164,4.29157940645792,4.31431108929679,4.37142598264541,4.39543103964259,4.40600764096165,4.50204465196642,4.57855060156794,4.60805779548001,4.64340011197985,4.66883367871577,4.72952916714496,4.80272947306402,4.80730933084149,4.87291737742247,4.90582681735884,4.93856085402583,4.97846644415452,5.01409496009262,5.03413032211548,5.09055342790336,5.13814472068255,5.15387036923962,5.18048258698765,5.19413817482983,5.21452321718057,5.29750666573775,5.32841718832815,5.35783542473641,5.38731484188017,5.39732657938744,5.44442189257657,5.47395684987186,5.52359940933351,5.55836719930971,5.58482903854613,5.62476024987718,5.67431559637881,5.68912187074344,5.7201867753272,5.72862921410061,5.77473705469411,5.8074144749252,5.83386791550584,5.88602285098569,5.88917811195725,5.90978626647298,5.93618360213442,5.9508241322759,5.99906489155901,6.02794880869141,6.05822254829059,6.08030068052325,6.1119605878621,6.12829756544167,6.1563217765103,6.21984012141201,6.23962219140622,6.27880817253303,6.32070254167545,6.32925503840875,6.34734652959531,6.36116829672605,6.39601695268445,6.40263595469367,6.43772170401314,6.45582745919623,6.4958818570403,6.53029478152943,6.5774548935434,6.59749514228088,6.60604987586726,6.69883955692763,6.72669367906999,6.75231324849459,6.78951180160604,6.79297162892661,6.80631215074039,6.86014205305079,6.86641000132299,6.87303179900285,6.89323571136321,6.91718529418277,6.94275802282817,6.98191636241591,7.01112350997026,7.01627101065432,7.02587412046876,7.0577889907928,7.08120969552223,7.10933920182421,7.12760148008343,7.19571909006782,7.20578654383099,7.23483569438667,7.25113947173524,7.27905018487498,7.28796780860081,7.30963870220221,7.32794626499941,7.33830846387459,7.35710448309596,7.39605818927643,7.41960109064948,7.446995448369,7.46225671565316,7.47607203220967,7.50968749356097,7.5325779693412,7.55678776772168,7.57857087053534,7.61748875039046,7.62718771868273,7.63661328457251,7.65796772952274,7.70420379008793,7.71789801988279,7.73342941802948,7.76939152690337,7.81682151202272,7.82907210550964,7.85645523107349,7.86853820628843,7.89958692439526,7.90620035092982,7.96068963279967,7.97315260211326,7.99461333602606,8.01788373997599,8.04230363776424,8.08035676445152,8.13222790094197,8.14494237083452,8.16664187529946,8.1779421945032,8.218462286008,8.26237607135794,8.27347879355911,8.31072240537161,8.31983769687874,8.33260731035999,8.36994925956397,8.37193368485439,8.42946116712053,8.45322169572237,8.4802453867656,8.49959843499983,8.52044668954404,8.54274586666478,8.59090754389404,8.5972255856899,8.63638049620572,8.64635397645326,8.66951752651869,8.68316821803711,8.70398847910351,8.72605422531895,8.74938617117696,8.77038421972205,8.79910064827319,8.84298815204313,8.86340323954162,8.87650942441601,8.88801587209565,8.96094946638762,9.00964128046718,9.03472913820635,9.04844638464882,9.08682305210415,9.1038211176694,9.14544074864807,9.15415464148889,9.20720570061684,9.22846496381355,9.2374235680235,9.27513860214309,9.29762181320852,9.32481516249641,9.36746693445543,9.39579341817925,9.43230190880655,9.4483112382593,9.49906919099426,9.55193179945696,9.57048596373475,9.59497890464486,9.61922512295459,9.6628944845894,9.70395039641243,9.72970342777243,9.75988943006664,9.77728684522162,9.84449078671852,9.86562311448759,9.91823319228178,9.92836398788626,9.95215667773922,9.98484794374205,9.98880523651835,10.0376084381347,10.0782166619371,10.1024344474174,10.1170342406593,10.1517957492368,10.2104936873567,10.231449697891,10.2697531985964,10.2785647530424,10.3100817594617,10.3422481122762,10.3684392279565,10.3980721688881,10.4492287031768,10.4699166875158,10.4985179634668,10.5122552546638,10.5799272366467,10.6240418785202,10.6532210494095,10.6772500364392,10.7293512458815,10.8181545360686,10.8284635282985,10.8612970623119,10.8809233355423,10.9062349716555,11.0014478745019,11.0304186965645,11.0391316318582,11.07096558054,11.0989344423662,11.1405534636839,11.1612615198527,11.1887119780653,11.2725584912849,11.3127427204859,11.3368358677931,11.3602504151041,11.4331765349838,11.4732449732277,11.5075998119333,11.5428635536838,11.5611622547648,11.5828628911069,11.6642524999213,11.6852734372716,11.7205026262085,11.7732172610208,11.7918533814511,11.8154828735855,11.872775733946,11.9086105094158,11.9816049085018,11.990675953303,12.026104503537,12.1006601977358,12.1151573912737,12.1899884658059,12.2345319508301,12.2641712950851,12.2852796355025,12.3132682065947,12.3758546472027,12.4006316997066,12.4033059555657,12.4604881321132,12.4833517485283,12.5790232038657,12.5943762335389,12.6469851348447,12.6668329414039,12.7061504038299,12.7616498685036,12.8262538291742,12.8744123927481,12.879852905038,12.9082515168896,12.9180138266853,13.0050151620238,13.0330612242777,13.064404454931,13.1086179288555,13.1134856242817,13.1638306463525,13.2443247546312,13.2827316453525,13.3186912980599,13.3729627600566,13.4473679545641,13.4641406495027,13.4840542921229,13.5011326411565,13.5641155636697,13.5849196891386,13.635363195926,13.6883513828067,13.7306430466482,13.7737408915025,13.8192543155857,13.8305793865716,13.9065292651885,13.9523375539029,14.0165426105139,14.0517612350856,14.0984656144022,14.125474183861,14.1883899871538,14.2006167403393,14.2089820632795,14.3004059674624,14.3694083334285,14.3979459535879,14.4611578687852,14.5139135083697,14.5869948176832,14.6093578055443,14.6779252558473,14.6962179573214,14.7900311734787,14.7999078040223,14.8632112354614,14.9691598312289,15.0207306389788,15.11682719722,15.1847088649222,15.1945429148972,15.3269787448832,15.3593355922191,15.3806420990224,15.4947914283078,15.5356882309803,15.5757966117381,15.6845260632252,15.6958237417709,15.8299535449705,15.9344044558569,15.9425771418282,16.0950770679084,16.1689666224798,16.2074147705776,16.3389964278918,16.4535850192368,16.5364144154615,16.5921416955571,16.7071870322675,16.7884008125026,16.8298034930498,17.0042975058823,17.1227787553877,17.2664626716929,17.4690064548994,17.8855699831034,17.966839058288,18.0675343149646,18.1999472216428,18.3037266415625,18.4292572246569,18.5879562474814,18.9224162025099,18.9431966313824,19.12424968111,19.3799871166209,19.5674378625183,19.7157135308415,20.0493045412816,20.2055840697507,20.6158118273845,20.983205693145,21.4038387321818,23.2413584414674,NA,NA,NA,NA,NA,NA,NA,NA,NA,NA,NA,NA,NA,NA,NA,NA,NA,NA,NA,NA,NA,NA,NA,NA,NA,NA,NA,NA,NA,NA,NA,NA,NA,NA,NA,NA,NA,NA,NA,NA,NA,NA,NA,NA,NA,NA,NA,NA,NA,NA,NA
0.561136603451934,0.678725645216539,0.894674524983189,1.02900350662252,1.13527274577502,1.36478536950846,1.45070128448613,1.50967227577483,1.61185748855328,1.72972126816777,1.8394934952114,1.86579824546602,1.9434797207777,2.0468309190986,2.26484289765251,2.31756907354894,2.35477580894132,2.41925282372462,2.48341505213274,2.59581808590846,2.69969618637063,2.74096317244788,2.84599069595236,2.86169805726754,2.93520979036723,2.98410224708821,3.10507752659957,3.14541676096908,3.17667226008986,3.21617708233636,3.29820560558913,3.35383942131098,3.40518262395589,3.46649757826799,3.52298110275976,3.60934310993586,3.66038017602969,3.7218597181716,3.76768130313594,3.84711633021886,3.91985511908694,3.96526437349167,3.99716053958799,4.10801344019999,4.11168304069589,4.21847136078798,4.25081162405987,4.26646037200509,4.30103234522507,4.34010681396686,4.39478511156814,4.41439595803464,4.43031976923672,4.54079051361685,4.58674609465814,4.61399058101139,4.6432218630919,4.72711571362629,4.79247171131982,4.80813734653112,4.84495181372711,4.90250017094243,4.92339500237859,4.97784917335205,4.99938738721458,5.05535625378882,5.10086744233794,5.12921296445795,5.15795737186526,5.18883042597676,5.20169531958467,5.21432469795856,5.28827834519585,5.31565050506954,5.34784536706387,5.3751774961873,5.38087036232468,5.4264934037536,5.47920801950182,5.5199771906748,5.56664924326826,5.58255120109464,5.60939118465242,5.68193529172705,5.68626362614264,5.72653168434195,5.75528657167967,5.7807462519382,5.81050106194969,5.84029815166654,5.8626661342353,5.901762444318,5.91106392313066,5.92801215349716,5.94875098000974,5.99656389485166,6.02558917748501,6.04836924148737,6.06771025470678,6.09620015302175,6.10554524148557,6.13810826323904,6.2161458896104,6.24344327991127,6.26813124485459,6.27829834917173,6.32247757463592,6.34813748050238,6.35266407035831,6.3765431967225,6.41078842522717,6.43406731808335,6.45476184710758,6.4921310473494,6.52546780263994,6.57129066197934,6.58909501889557,6.60157170825417,6.70139668163535,6.72185042988449,6.75446334441685,6.76847219529221,6.7880599798726,6.81934809370734,6.84541887474971,6.8571669084699,6.86228945268907,6.891499652561,6.91820045384537,6.92737965099624,6.95371551608326,6.98046153007633,7.01181418309308,7.03707776978002,7.04158768962522,7.06104130014833,7.08261706454615,7.11980488692158,7.16463129109739,7.19625330054519,7.21859415498677,7.2387021874027,7.25287370111206,7.27597188007681,7.30451600278625,7.31971314941166,7.32621989054051,7.35248773423046,7.35564803341299,7.40080086964753,7.4367791159137,7.45173008434236,7.46161045891442,7.49867847827464,7.52318593728779,7.55135665498611,7.57823711588698,7.61666649486991,7.63530787924609,7.64361460096631,7.65900432520926,7.69491657788719,7.69984783851101,7.72392194378773,7.74174694135347,7.77802013988729,7.82177416661753,7.83738283592254,7.84790260109683,7.88485828822236,7.8943782096045,7.93603765853614,7.96538528062211,7.98113391180187,8.01075844823451,8.04247411557991,8.04938178601979,8.0928918336985,8.14216691826645,8.14931549356025,8.16492328283512,8.19597326685432,8.2100463097551,8.24964235721828,8.27289991141932,8.31330774865836,8.33166340636659,8.35727989437628,8.3856779872931,8.40316352920199,8.42069582268178,8.44074485368363,8.45529050189106,8.47938645286512,8.51098336848338,8.54969780394474,8.56029740737732,8.58922879994684,8.61579809287753,8.63491852909386,8.65374397327282,8.68218758172268,8.70886351296294,8.74483601137678,8.77043765460948,8.79275222820444,8.83344597188774,8.85696797006596,8.88315303170835,8.92385533330978,8.9529925173921,8.96392256605244,8.99455193507256,9.04811823630567,9.05044209128192,9.08673643492868,9.11157638239816,9.15375649543658,9.19075873735897,9.21348958518675,9.23903824366679,9.25970632659417,9.29713437853868,9.3130943845425,9.32481967857538,9.38630240256141,9.41193023666489,9.43262073174803,9.46770814758885,9.48466338480451,9.53278368745198,9.57788891470464,9.59179381519751,9.60085055462951,9.6582381278334,9.67668743270441,9.73177195354102,9.77234516383671,9.77723997062698,9.8447995283076,9.85358855529763,9.89282162924065,9.92964443203632,9.95371572962326,9.97772192725898,10.0086456846427,10.0277029870757,10.0712485366479,10.1042409248044,10.1239679226744,10.2070287674345,10.2110574798388,10.2240389490679,10.2660330452433,10.2738789759234,10.2890892456227,10.326152704522,10.3902879332051,10.405382686914,10.4593408995697,10.488744031596,10.495905837615,10.5110170866614,10.5808195085528,10.6292377946824,10.6471784480469,10.6806531038819,10.7258751403109,10.7920787387829,10.8235488058333,10.8684530423947,10.8906418174427,10.9352354060279,10.9598344876604,10.9955576901935,11.0325014410262,11.0758173683274,11.122713681596,11.1331069246797,11.1721323555759,11.1797505525468,11.2702053868784,11.3097099481635,11.3373790406541,11.3848597300899,11.4401471585232,11.4702721483446,11.4992850611223,11.5426497598878,11.5558619471947,11.5759968529059,11.6460265475761,11.6952982641042,11.7061351400009,11.7755874592688,11.7951671981312,11.8061974267657,11.8664399854125,11.9076265707206,11.9792479970461,11.9921343873753,12.0460009883567,12.1093542890069,12.1200674208613,12.1868268404584,12.2090286467669,12.2577998637659,12.293113097975,12.3116003434921,12.3802662649574,12.4028708884594,12.4116393246763,12.4616049903387,12.482960105792,12.5608088985554,12.5963698955799,12.6401349619654,12.6720583375312,12.6999144843884,12.7600490553677,12.8405027537206,12.8729805179639,12.8812235977194,12.9077480132576,12.9282907744949,12.9615710071551,13.0285190053339,13.0571617397574,13.0965758871612,13.110457613905,13.184522293869,13.2407638879327,13.285379045892,13.3238799051517,13.3876531671807,13.4533528095212,13.4707635647303,13.4845395789325,13.5062867433289,13.5612258603656,13.5806482524222,13.6271890623763,13.6493476622264,13.7413902440594,13.7647832857955,13.8004810016504,13.8368732150765,13.8825221534594,13.9425323260811,14.0219684987235,14.0400573861466,14.1193809644218,14.1226790951571,14.1917537470494,14.2044808048615,14.2063559258348,14.3101000857255,14.37150675541,14.4151252279574,14.4550224983137,14.5226393133463,14.5906596525798,14.650803376073,14.6756162522514,14.6875440911227,14.7722290377321,14.8137083957132,14.8629887065938,14.9724041295495,15.0535981778103,15.1332235366954,15.1854526938166,15.211881470513,15.3311505537127,15.3347975176509,15.3631354141825,15.4645304802995,15.5421082103041,15.6036246497306,15.6699925348988,15.7134219865093,15.8200242177311,15.926721919941,15.9332884226903,16.1036507034317,16.1636718514947,16.2129852147794,16.3184935022904,16.4563386280299,16.5408092130438,16.5884364701302,16.7372247941103,16.7860674143371,16.8171211464389,17.0134349300081,17.1179303486044,17.2617802577842,17.4618060502507,17.8333466571892,17.9651391762342,18.0666601384875,18.1959268773341,18.3018436778687,18.4127724113581,18.5909792875716,18.9035011886431,18.9418179672209,19.1048688116929,19.3788989124169,19.5660992027189,19.7242215829686,20.0287172054273,20.1994899824025,20.6051673525241,20.9555734624397,21.3890293199096,23.241901967431,NA,NA,NA,NA,NA,NA,NA,NA,NA,NA,NA,NA,NA,NA,NA,NA,NA,NA,NA,NA,NA,NA,NA,NA,NA,NA,NA,NA,NA,NA,NA,NA,NA,NA,NA,NA,NA,NA,NA,NA,NA,NA,NA,NA,NA,NA,NA,NA,NA,NA,NA
0.561136603451934,0.678725645216539,0.894674524983189,1.02900350662252,1.13527274577502,1.36478536950846,1.45070128448613,1.50967227577483,1.61185748855328,1.72972126816777,1.8394934952114,1.86579824546602,1.9434797207777,2.0468309190986,2.26484289765251,2.31756907354894,2.35477580894132,2.41925282372462,2.48341505213274,2.59581808590846,2.69969618637063,2.74096317244788,2.84599069595236,2.86169805726754,2.93520979036723,2.98410224708821,3.10507752659957,3.14541676096908,3.17667226008986,3.21617708233636,3.29820560558913,3.35383942131098,3.40518262395589,3.46649757826799,3.52298110275976,3.60934310993586,3.66038017602969,3.7218597181716,3.76768130313594,3.84711633021886,3.91985511908694,3.96526437349167,3.99716053958799,4.10801344019999,4.11168304069589,4.21847136078798,4.25081162405987,4.26646037200509,4.30103234522507,4.34010681396686,4.39478511156814,4.41439595803464,4.43031976923672,4.54079051361685,4.58674609465814,4.61399058101139,4.6432218630919,4.72711571362629,4.79247171131982,4.80813734653112,4.84495181372711,4.90250017094243,4.92339500237859,4.97784917335205,4.99938738721458,5.05535625378882,5.10086744233794,5.12921296445795,5.15795737186526,5.18883042597676,5.20169531958467,5.21432469795856,5.28827834519585,5.31565050506954,5.34784536706387,5.3751774961873,5.38087036232468,5.4264934037536,5.47920801950182,5.5199771906748,5.56664924326826,5.58255120109464,5.60939118465242,5.68193529172705,5.68626362614264,5.72653168434195,5.75528657167967,5.7807462519382,5.81050106194969,5.84029815166654,5.8626661342353,5.901762444318,5.91106392313066,5.92801215349716,5.94875098000974,5.99656389485166,6.02558917748501,6.04836924148737,6.06771025470678,6.09620015302175,6.10554524148557,6.13810826323904,6.2161458896104,6.24344327991127,6.26813124485459,6.27829834917173,6.32247757463592,6.34813748050238,6.35266407035831,6.3765431967225,6.41078842522717,6.43406731808335,6.45476184710758,6.4921310473494,6.52546780263994,6.57129066197934,6.58909501889557,6.60157170825417,6.70139668163535,6.72185042988449,6.75446334441685,6.76847219529221,6.7880599798726,6.81934809370734,6.84541887474971,6.8571669084699,6.86228945268907,6.891499652561,6.91820045384537,6.92737965099624,6.95371551608326,6.98046153007633,7.01181418309308,7.03707776978002,7.04158768962522,7.06104130014833,7.08261706454615,7.11980488692158,7.16463129109739,7.19625330054519,7.21859415498677,7.2387021874027,7.25287370111206,7.27597188007681,7.30451600278625,7.31971314941166,7.32621989054051,7.35248773423046,7.35564803341299,7.40080086964753,7.4367791159137,7.45173008434236,7.46161045891442,7.49867847827464,7.52318593728779,7.55135665498611,7.57823711588698,7.61666649486991,7.63530787924609,7.64361460096631,7.65900432520926,7.69491657788719,7.69984783851101,7.72392194378773,7.74174694135347,7.77802013988729,7.82177416661753,7.83738283592254,7.84790260109683,7.88485828822236,7.8943782096045,7.93603765853614,7.96538528062211,7.98113391180187,8.01075844823451,8.04247411557991,8.04938178601979,8.0928918336985,8.14216691826645,8.14931549356025,8.16492328283512,8.19597326685432,8.2100463097551,8.24964235721828,8.27289991141932,8.31330774865836,8.33166340636659,8.35727989437628,8.3856779872931,8.40316352920199,8.42069582268178,8.44074485368363,8.45529050189106,8.47938645286512,8.51098336848338,8.54969780394474,8.56029740737732,8.58922879994684,8.61579809287753,8.63491852909386,8.65374397327282,8.68218758172268,8.70886351296294,8.74483601137678,8.77043765460948,8.79275222820444,8.83344597188774,8.85696797006596,8.88315303170835,8.92385533330978,8.9529925173921,8.96392256605244,8.99455193507256,9.04811823630567,9.05044209128192,9.08673643492868,9.11157638239816,9.15375649543658,9.19075873735897,9.21348958518675,9.23903824366679,9.25970632659417,9.29713437853868,9.3130943845425,9.32481967857538,9.38630240256141,9.41193023666489,9.43262073174803,9.46770814758885,9.48466338480451,9.53278368745198,9.57788891470464,9.59179381519751,9.60085055462951,9.6582381278334,9.67668743270441,9.73177195354102,9.77234516383671,9.77723997062698,9.8447995283076,9.85358855529763,9.89282162924065,9.92964443203632,9.95371572962326,9.97772192725898,10.0086456846427,10.0277029870757,10.0712485366479,10.1042409248044,10.1239679226744,10.2070287674345,10.2110574798388,10.2240389490679,10.2660330452433,10.2738789759234,10.2890892456227,10.326152704522,10.3902879332051,10.405382686914,10.4593408995697,10.488744031596,10.495905837615,10.5110170866614,10.5808195085528,10.6292377946824,10.6471784480469,10.6806531038819,10.7258751403109,10.7920787387829,10.8235488058333,10.8684530423947,10.8906418174427,10.9352354060279,10.9598344876604,10.9955576901935,11.0325014410262,11.0758173683274,11.122713681596,11.1331069246797,11.1721323555759,11.1797505525468,11.2702053868784,11.3097099481635,11.3373790406541,11.3848597300899,11.4401471585232,11.4702721483446,11.4992850611223,11.5426497598878,11.5558619471947,11.5759968529059,11.6460265475761,11.6952982641042,11.7061351400009,11.7755874592688,11.7951671981312,11.8061974267657,11.8664399854125,11.9076265707206,11.9792479970461,11.9921343873753,12.0460009883567,12.1093542890069,12.1200674208613,12.1868268404584,12.2090286467669,12.2577998637659,12.293113097975,12.3116003434921,12.3802662649574,12.4028708884594,12.4116393246763,12.4616049903387,12.482960105792,12.5608088985554,12.5963698955799,12.6401349619654,12.6720583375312,12.6999144843884,12.7600490553677,12.8405027537206,12.8729805179639,12.8812235977194,12.9077480132576,12.9282907744949,12.9615710071551,13.0285190053339,13.0571617397574,13.0965758871612,13.110457613905,13.184522293869,13.2407638879327,13.285379045892,13.3238799051517,13.3876531671807,13.4533528095212,13.4707635647303,13.4845395789325,13.5062867433289,13.5612258603656,13.5806482524222,13.6271890623763,13.6493476622264,13.7413902440594,13.7647832857955,13.8004810016504,13.8368732150765,13.8825221534594,13.9425323260811,14.0219684987235,14.0400573861466,14.1193809644218,14.1226790951571,14.1917537470494,14.2044808048615,14.2063559258348,14.3101000857255,14.37150675541,14.4151252279574,14.4550224983137,14.5226393133463,14.5906596525798,14.650803376073,14.6756162522514,14.6875440911227,14.7722290377321,14.8137083957132,14.8629887065938,14.9724041295495,15.0535981778103,15.1332235366954,15.1854526938166,15.211881470513,15.3311505537127,15.3347975176509,15.3631354141825,15.4645304802995,15.5421082103041,15.6036246497306,15.6699925348988,15.7134219865093,15.8200242177311,15.926721919941,15.9332884226903,16.1036507034317,16.1636718514947,16.2129852147794,16.3184935022904,16.4563386280299,16.5408092130438,16.5884364701302,16.7372247941103,16.7860674143371,16.8171211464389,17.0134349300081,17.1179303486044,17.2617802577842,17.4618060502507,17.8333466571892,17.9651391762342,18.0666601384875,18.1959268773341,18.3018436778687,18.4127724113581,18.5909792875716,18.9035011886431,18.9418179672209,19.1048688116929,19.3788989124169,19.5660992027189,19.7242215829686,20.0287172054273,20.1994899824025,20.6051673525241,20.9555734624397,21.3890293199096,23.241901967431,NA,NA,NA,NA,NA,NA,NA,NA,NA,NA,NA,NA,NA,NA,NA,NA,NA,NA,NA,NA,NA,NA,NA,NA,NA,NA,NA,NA,NA,NA,NA,NA,NA,NA,NA,NA,NA,NA,NA,NA,NA,NA,NA,NA,NA,NA,NA,NA,NA,NA,NA
0.561136603451934,0.678725645216539,0.894674524983189,1.02900350662252,1.13527274577502,1.36478536950846,1.45070128448613,1.50967227577483,1.61185748855328,1.72972126816777,1.8394934952114,1.86579824546602,1.9434797207777,2.0468309190986,2.26484289765251,2.31756907354894,2.35477580894132,2.41925282372462,2.48341505213274,2.59581808590846,2.69969618637063,2.74096317244788,2.84599069595236,2.86169805726754,2.93520979036723,2.98410224708821,3.10507752659957,3.14541676096908,3.17667226008986,3.21617708233636,3.29820560558913,3.35383942131098,3.40518262395589,3.46649757826799,3.52298110275976,3.60934310993586,3.66038017602969,3.7218597181716,3.76768130313594,3.84711633021886,3.91985511908694,3.96526437349167,3.99716053958799,4.10801344019999,4.11168304069589,4.21847136078798,4.25081162405987,4.26646037200509,4.30103234522507,4.34010681396686,4.39478511156814,4.41439595803464,4.43031976923672,4.54079051361685,4.58674609465814,4.61399058101139,4.6432218630919,4.72711571362629,4.79247171131982,4.80813734653112,4.84495181372711,4.90250017094243,4.92339500237859,4.97784917335205,4.99938738721458,5.05535625378882,5.10086744233794,5.12921296445795,5.15795737186526,5.18883042597676,5.20169531958467,5.21432469795856,5.28827834519585,5.31565050506954,5.34784536706387,5.3751774961873,5.38087036232468,5.4264934037536,5.47920801950182,5.5199771906748,5.56664924326826,5.58255120109464,5.60939118465242,5.68193529172705,5.68626362614264,5.72653168434195,5.75528657167967,5.7807462519382,5.81050106194969,5.84029815166654,5.8626661342353,5.901762444318,5.91106392313066,5.92801215349716,5.94875098000974,5.99656389485166,6.02558917748501,6.04836924148737,6.06771025470678,6.09620015302175,6.10554524148557,6.13810826323904,6.2161458896104,6.24344327991127,6.26813124485459,6.27829834917173,6.32247757463592,6.34813748050238,6.35266407035831,6.3765431967225,6.41078842522717,6.43406731808335,6.45476184710758,6.4921310473494,6.52546780263994,6.57129066197934,6.58909501889557,6.60157170825417,6.70139668163535,6.72185042988449,6.75446334441685,6.76847219529221,6.7880599798726,6.81934809370734,6.84541887474971,6.8571669084699,6.86228945268907,6.891499652561,6.91820045384537,6.92737965099624,6.95371551608326,6.98046153007633,7.01181418309308,7.03707776978002,7.04158768962522,7.06104130014833,7.08261706454615,7.11980488692158,7.16463129109739,7.19625330054519,7.21859415498677,7.2387021874027,7.25287370111206,7.27597188007681,7.30451600278625,7.31971314941166,7.32621989054051,7.35248773423046,7.35564803341299,7.40080086964753,7.4367791159137,7.45173008434236,7.46161045891442,7.49867847827464,7.52318593728779,7.55135665498611,7.57823711588698,7.61666649486991,7.63530787924609,7.64361460096631,7.65900432520926,7.69491657788719,7.69984783851101,7.72392194378773,7.74174694135347,7.77802013988729,7.82177416661753,7.83738283592254,7.84790260109683,7.88485828822236,7.8943782096045,7.93603765853614,7.96538528062211,7.98113391180187,8.01075844823451,8.04247411557991,8.04938178601979,8.0928918336985,8.14216691826645,8.14931549356025,8.16492328283512,8.19597326685432,8.2100463097551,8.24964235721828,8.27289991141932,8.31330774865836,8.33166340636659,8.35727989437628,8.3856779872931,8.40316352920199,8.42069582268178,8.44074485368363,8.45529050189106,8.47938645286512,8.51098336848338,8.54969780394474,8.56029740737732,8.58922879994684,8.61579809287753,8.63491852909386,8.65374397327282,8.68218758172268,8.70886351296294,8.74483601137678,8.77043765460948,8.79275222820444,8.83344597188774,8.85696797006596,8.88315303170835,8.92385533330978,8.9529925173921,8.96392256605244,8.99455193507256,9.04811823630567,9.05044209128192,9.08673643492868,9.11157638239816,9.15375649543658,9.19075873735897,9.21348958518675,9.23903824366679,9.25970632659417,9.29713437853868,9.3130943845425,9.32481967857538,9.38630240256141,9.41193023666489,9.43262073174803,9.46770814758885,9.48466338480451,9.53278368745198,9.57788891470464,9.59179381519751,9.60085055462951,9.6582381278334,9.67668743270441,9.73177195354102,9.77234516383671,9.77723997062698,9.8447995283076,9.85358855529763,9.89282162924065,9.92964443203632,9.95371572962326,9.97772192725898,10.0086456846427,10.0277029870757,10.0712485366479,10.1042409248044,10.1239679226744,10.2070287674345,10.2110574798388,10.2240389490679,10.2660330452433,10.2738789759234,10.2890892456227,10.326152704522,10.3902879332051,10.405382686914,10.4593408995697,10.488744031596,10.495905837615,10.5110170866614,10.5808195085528,10.6292377946824,10.6471784480469,10.6806531038819,10.7258751403109,10.7920787387829,10.8235488058333,10.8684530423947,10.8906418174427,10.9352354060279,10.9598344876604,10.9955576901935,11.0325014410262,11.0758173683274,11.122713681596,11.1331069246797,11.1721323555759,11.1797505525468,11.2702053868784,11.3097099481635,11.3373790406541,11.3848597300899,11.4401471585232,11.4702721483446,11.4992850611223,11.5426497598878,11.5558619471947,11.5759968529059,11.6460265475761,11.6952982641042,11.7061351400009,11.7755874592688,11.7951671981312,11.8061974267657,11.8664399854125,11.9076265707206,11.9792479970461,11.9921343873753,12.0460009883567,12.1093542890069,12.1200674208613,12.1868268404584,12.2090286467669,12.2577998637659,12.293113097975,12.3116003434921,12.3802662649574,12.4028708884594,12.4116393246763,12.4616049903387,12.482960105792,12.5608088985554,12.5963698955799,12.6401349619654,12.6720583375312,12.6999144843884,12.7600490553677,12.8405027537206,12.8729805179639,12.8812235977194,12.9077480132576,12.9282907744949,12.9615710071551,13.0285190053339,13.0571617397574,13.0965758871612,13.110457613905,13.184522293869,13.2407638879327,13.285379045892,13.3238799051517,13.3876531671807,13.4533528095212,13.4707635647303,13.4845395789325,13.5062867433289,13.5612258603656,13.5806482524222,13.6271890623763,13.6493476622264,13.7413902440594,13.7647832857955,13.8004810016504,13.8368732150765,13.8825221534594,13.9425323260811,14.0219684987235,14.0400573861466,14.1193809644218,14.1226790951571,14.1917537470494,14.2044808048615,14.2063559258348,14.3101000857255,14.37150675541,14.4151252279574,14.4550224983137,14.5226393133463,14.5906596525798,14.650803376073,14.6756162522514,14.6875440911227,14.7722290377321,14.8137083957132,14.8629887065938,14.9724041295495,15.0535981778103,15.1332235366954,15.1854526938166,15.211881470513,15.3311505537127,15.3347975176509,15.3631354141825,15.4645304802995,15.5421082103041,15.6036246497306,15.6699925348988,15.7134219865093,15.8200242177311,15.926721919941,15.9332884226903,16.1036507034317,16.1636718514947,16.2129852147794,16.3184935022904,16.4563386280299,16.5408092130438,16.5884364701302,16.7372247941103,16.7860674143371,16.8171211464389,17.0134349300081,17.1179303486044,17.2617802577842,17.4618060502507,17.8333466571892,17.9651391762342,18.0666601384875,18.1959268773341,18.3018436778687,18.4127724113581,18.5909792875716,18.9035011886431,18.9418179672209,19.1048688116929,19.3788989124169,19.5660992027189,19.7242215829686,20.0287172054273,20.1994899824025,20.6051673525241,20.9555734624397,21.3890293199096,23.241901967431,NA,NA,NA,NA,NA,NA,NA,NA,NA,NA,NA,NA,NA,NA,NA,NA,NA,NA,NA,NA,NA,NA,NA,NA,NA,NA,NA,NA,NA,NA,NA,NA,NA,NA,NA,NA,NA,NA,NA,NA,NA,NA,NA,NA,NA,NA,NA,NA,NA,NA,NA
0.561136603451934,0.678725645216539,0.894674524983189,1.02900350662252,1.13527274577502,1.36478536950846,1.45070128448613,1.50967227577483,1.61185748855328,1.72972126816777,1.8394934952114,1.86579824546602,1.9434797207777,2.0468309190986,2.26484289765251,2.31756907354894,2.35477580894132,2.41925282372462,2.48341505213274,2.59581808590846,2.69969618637063,2.74096317244788,2.84599069595236,2.86169805726754,2.93520979036723,2.98410224708821,3.10507752659957,3.14541676096908,3.17667226008986,3.21617708233636,3.29820560558913,3.35383942131098,3.40518262395589,3.46649757826799,3.52298110275976,3.60934310993586,3.66038017602969,3.7218597181716,3.76768130313594,3.84711633021886,3.91985511908694,3.96526437349167,3.99716053958799,4.10801344019999,4.11168304069589,4.21847136078798,4.25081162405987,4.26646037200509,4.30103234522507,4.34010681396686,4.39478511156814,4.41439595803464,4.43031976923672,4.54079051361685,4.58674609465814,4.61399058101139,4.6432218630919,4.72711571362629,4.79247171131982,4.80813734653112,4.84495181372711,4.90250017094243,4.92339500237859,4.97784917335205,4.99938738721458,5.05535625378882,5.10086744233794,5.12921296445795,5.15795737186526,5.18883042597676,5.20169531958467,5.21432469795856,5.28827834519585,5.31565050506954,5.34784536706387,5.3751774961873,5.38087036232468,5.4264934037536,5.47920801950182,5.5199771906748,5.56664924326826,5.58255120109464,5.60939118465242,5.68193529172705,5.68626362614264,5.72653168434195,5.75528657167967,5.7807462519382,5.81050106194969,5.84029815166654,5.8626661342353,5.901762444318,5.91106392313066,5.92801215349716,5.94875098000974,5.99656389485166,6.02558917748501,6.04836924148737,6.06771025470678,6.09620015302175,6.10554524148557,6.13810826323904,6.2161458896104,6.24344327991127,6.26813124485459,6.27829834917173,6.32247757463592,6.34813748050238,6.35266407035831,6.3765431967225,6.41078842522717,6.43406731808335,6.45476184710758,6.4921310473494,6.52546780263994,6.57129066197934,6.58909501889557,6.60157170825417,6.70139668163535,6.72185042988449,6.75446334441685,6.76847219529221,6.7880599798726,6.81934809370734,6.84541887474971,6.8571669084699,6.86228945268907,6.891499652561,6.91820045384537,6.92737965099624,6.95371551608326,6.98046153007633,7.01181418309308,7.03707776978002,7.04158768962522,7.06104130014833,7.08261706454615,7.11980488692158,7.16463129109739,7.19625330054519,7.21859415498677,7.2387021874027,7.25287370111206,7.27597188007681,7.30451600278625,7.31971314941166,7.32621989054051,7.35248773423046,7.35564803341299,7.40080086964753,7.4367791159137,7.45173008434236,7.46161045891442,7.49867847827464,7.52318593728779,7.55135665498611,7.57823711588698,7.61666649486991,7.63530787924609,7.64361460096631,7.65900432520926,7.69491657788719,7.69984783851101,7.72392194378773,7.74174694135347,7.77802013988729,7.82177416661753,7.83738283592254,7.84790260109683,7.88485828822236,7.8943782096045,7.93603765853614,7.96538528062211,7.98113391180187,8.01075844823451,8.04247411557991,8.04938178601979,8.0928918336985,8.14216691826645,8.14931549356025,8.16492328283512,8.19597326685432,8.2100463097551,8.24964235721828,8.27289991141932,8.31330774865836,8.33166340636659,8.35727989437628,8.3856779872931,8.40316352920199,8.42069582268178,8.44074485368363,8.45529050189106,8.47938645286512,8.51098336848338,8.54969780394474,8.56029740737732,8.58922879994684,8.61579809287753,8.63491852909386,8.65374397327282,8.68218758172268,8.70886351296294,8.74483601137678,8.77043765460948,8.79275222820444,8.83344597188774,8.85696797006596,8.88315303170835,8.92385533330978,8.9529925173921,8.96392256605244,8.99455193507256,9.04811823630567,9.05044209128192,9.08673643492868,9.11157638239816,9.15375649543658,9.19075873735897,9.21348958518675,9.23903824366679,9.25970632659417,9.29713437853868,9.3130943845425,9.32481967857538,9.38630240256141,9.41193023666489,9.43262073174803,9.46770814758885,9.48466338480451,9.53278368745198,9.57788891470464,9.59179381519751,9.60085055462951,9.6582381278334,9.67668743270441,9.73177195354102,9.77234516383671,9.77723997062698,9.8447995283076,9.85358855529763,9.89282162924065,9.92964443203632,9.95371572962326,9.97772192725898,10.0086456846427,10.0277029870757,10.0712485366479,10.1042409248044,10.1239679226744,10.2070287674345,10.2110574798388,10.2240389490679,10.2660330452433,10.2738789759234,10.2890892456227,10.326152704522,10.3902879332051,10.405382686914,10.4593408995697,10.488744031596,10.495905837615,10.5110170866614,10.5808195085528,10.6292377946824,10.6471784480469,10.6806531038819,10.7258751403109,10.7920787387829,10.8235488058333,10.8684530423947,10.8906418174427,10.9352354060279,10.9598344876604,10.9955576901935,11.0325014410262,11.0758173683274,11.122713681596,11.1331069246797,11.1721323555759,11.1797505525468,11.2702053868784,11.3097099481635,11.3373790406541,11.3848597300899,11.4401471585232,11.4702721483446,11.4992850611223,11.5426497598878,11.5558619471947,11.5759968529059,11.6460265475761,11.6952982641042,11.7061351400009,11.7755874592688,11.7951671981312,11.8061974267657,11.8664399854125,11.9076265707206,11.9792479970461,11.9921343873753,12.0460009883567,12.1093542890069,12.1200674208613,12.1868268404584,12.2090286467669,12.2577998637659,12.293113097975,12.3116003434921,12.3802662649574,12.4028708884594,12.4116393246763,12.4616049903387,12.482960105792,12.5608088985554,12.5963698955799,12.6401349619654,12.6720583375312,12.6999144843884,12.7600490553677,12.8405027537206,12.8729805179639,12.8812235977194,12.9077480132576,12.9282907744949,12.9615710071551,13.0285190053339,13.0571617397574,13.0965758871612,13.110457613905,13.184522293869,13.2407638879327,13.285379045892,13.3238799051517,13.3876531671807,13.4533528095212,13.4707635647303,13.4845395789325,13.5062867433289,13.5612258603656,13.5806482524222,13.6271890623763,13.6493476622264,13.7413902440594,13.7647832857955,13.8004810016504,13.8368732150765,13.8825221534594,13.9425323260811,14.0219684987235,14.0400573861466,14.1193809644218,14.1226790951571,14.1917537470494,14.2044808048615,14.2063559258348,14.3101000857255,14.37150675541,14.4151252279574,14.4550224983137,14.5226393133463,14.5906596525798,14.650803376073,14.6756162522514,14.6875440911227,14.7722290377321,14.8137083957132,14.8629887065938,14.9724041295495,15.0535981778103,15.1332235366954,15.1854526938166,15.211881470513,15.3311505537127,15.3347975176509,15.3631354141825,15.4645304802995,15.5421082103041,15.6036246497306,15.6699925348988,15.7134219865093,15.8200242177311,15.926721919941,15.9332884226903,16.1036507034317,16.1636718514947,16.2129852147794,16.3184935022904,16.4563386280299,16.5408092130438,16.5884364701302,16.7372247941103,16.7860674143371,16.8171211464389,17.0134349300081,17.1179303486044,17.2617802577842,17.4618060502507,17.8333466571892,17.9651391762342,18.0666601384875,18.1959268773341,18.3018436778687,18.4127724113581,18.5909792875716,18.9035011886431,18.9418179672209,19.1048688116929,19.3788989124169,19.5660992027189,19.7242215829686,20.0287172054273,20.1994899824025,20.6051673525241,20.9555734624397,21.3890293199096,23.241901967431,NA,NA,NA,NA,NA,NA,NA,NA,NA,NA,NA,NA,NA,NA,NA,NA,NA,NA,NA,NA,NA,NA,NA,NA,NA,NA,NA,NA,NA,NA,NA,NA,NA,NA,NA,NA,NA,NA,NA,NA,NA,NA,NA,NA,NA,NA,NA,NA,NA,NA,NA
0.561136603451934,0.678725645216539,0.894674524983189,1.02900350662252,1.13527274577502,1.36478536950846,1.45070128448613,1.50967227577483,1.61185748855328,1.72972126816777,1.8394934952114,1.86579824546602,1.9434797207777,2.0468309190986,2.26484289765251,2.31756907354894,2.35477580894132,2.41925282372462,2.48341505213274,2.59581808590846,2.69969618637063,2.74096317244788,2.84599069595236,2.86169805726754,2.93520979036723,2.98410224708821,3.10507752659957,3.14541676096908,3.17667226008986,3.21617708233636,3.29820560558913,3.35383942131098,3.40518262395589,3.46649757826799,3.52298110275976,3.60934310993586,3.66038017602969,3.7218597181716,3.76768130313594,3.84711633021886,3.91985511908694,3.96526437349167,3.99716053958799,4.10801344019999,4.11168304069589,4.21847136078798,4.25081162405987,4.26646037200509,4.30103234522507,4.34010681396686,4.39478511156814,4.41439595803464,4.43031976923672,4.54079051361685,4.58674609465814,4.61399058101139,4.6432218630919,4.72711571362629,4.79247171131982,4.80813734653112,4.84495181372711,4.90250017094243,4.92339500237859,4.97784917335205,4.99938738721458,5.05535625378882,5.10086744233794,5.12921296445795,5.15795737186526,5.18883042597676,5.20169531958467,5.21432469795856,5.28827834519585,5.31565050506954,5.34784536706387,5.3751774961873,5.38087036232468,5.4264934037536,5.47920801950182,5.5199771906748,5.56664924326826,5.58255120109464,5.60939118465242,5.68193529172705,5.68626362614264,5.72653168434195,5.75528657167967,5.7807462519382,5.81050106194969,5.84029815166654,5.8626661342353,5.901762444318,5.91106392313066,5.92801215349716,5.94875098000974,5.99656389485166,6.02558917748501,6.04836924148737,6.06771025470678,6.09620015302175,6.10554524148557,6.13810826323904,6.2161458896104,6.24344327991127,6.26813124485459,6.27829834917173,6.32247757463592,6.34813748050238,6.35266407035831,6.3765431967225,6.41078842522717,6.43406731808335,6.45476184710758,6.4921310473494,6.52546780263994,6.57129066197934,6.58909501889557,6.60157170825417,6.70139668163535,6.72185042988449,6.75446334441685,6.76847219529221,6.7880599798726,6.81934809370734,6.84541887474971,6.8571669084699,6.86228945268907,6.891499652561,6.91820045384537,6.92737965099624,6.95371551608326,6.98046153007633,7.01181418309308,7.03707776978002,7.04158768962522,7.06104130014833,7.08261706454615,7.11980488692158,7.16463129109739,7.19625330054519,7.21859415498677,7.2387021874027,7.25287370111206,7.27597188007681,7.30451600278625,7.31971314941166,7.32621989054051,7.35248773423046,7.35564803341299,7.40080086964753,7.4367791159137,7.45173008434236,7.46161045891442,7.49867847827464,7.52318593728779,7.55135665498611,7.57823711588698,7.61666649486991,7.63530787924609,7.64361460096631,7.65900432520926,7.69491657788719,7.69984783851101,7.72392194378773,7.74174694135347,7.77802013988729,7.82177416661753,7.83738283592254,7.84790260109683,7.88485828822236,7.8943782096045,7.93603765853614,7.96538528062211,7.98113391180187,8.01075844823451,8.04247411557991,8.04938178601979,8.0928918336985,8.14216691826645,8.14931549356025,8.16492328283512,8.19597326685432,8.2100463097551,8.24964235721828,8.27289991141932,8.31330774865836,8.33166340636659,8.35727989437628,8.3856779872931,8.40316352920199,8.42069582268178,8.44074485368363,8.45529050189106,8.47938645286512,8.51098336848338,8.54969780394474,8.56029740737732,8.58922879994684,8.61579809287753,8.63491852909386,8.65374397327282,8.68218758172268,8.70886351296294,8.74483601137678,8.77043765460948,8.79275222820444,8.83344597188774,8.85696797006596,8.88315303170835,8.92385533330978,8.9529925173921,8.96392256605244,8.99455193507256,9.04811823630567,9.05044209128192,9.08673643492868,9.11157638239816,9.15375649543658,9.19075873735897,9.21348958518675,9.23903824366679,9.25970632659417,9.29713437853868,9.3130943845425,9.32481967857538,9.38630240256141,9.41193023666489,9.43262073174803,9.46770814758885,9.48466338480451,9.53278368745198,9.57788891470464,9.59179381519751,9.60085055462951,9.6582381278334,9.67668743270441,9.73177195354102,9.77234516383671,9.77723997062698,9.8447995283076,9.85358855529763,9.89282162924065,9.92964443203632,9.95371572962326,9.97772192725898,10.0086456846427,10.0277029870757,10.0712485366479,10.1042409248044,10.1239679226744,10.2070287674345,10.2110574798388,10.2240389490679,10.2660330452433,10.2738789759234,10.2890892456227,10.326152704522,10.3902879332051,10.405382686914,10.4593408995697,10.488744031596,10.495905837615,10.5110170866614,10.5808195085528,10.6292377946824,10.6471784480469,10.6806531038819,10.7258751403109,10.7920787387829,10.8235488058333,10.8684530423947,10.8906418174427,10.9352354060279,10.9598344876604,10.9955576901935,11.0325014410262,11.0758173683274,11.122713681596,11.1331069246797,11.1721323555759,11.1797505525468,11.2702053868784,11.3097099481635,11.3373790406541,11.3848597300899,11.4401471585232,11.4702721483446,11.4992850611223,11.5426497598878,11.5558619471947,11.5759968529059,11.6460265475761,11.6952982641042,11.7061351400009,11.7755874592688,11.7951671981312,11.8061974267657,11.8664399854125,11.9076265707206,11.9792479970461,11.9921343873753,12.0460009883567,12.1093542890069,12.1200674208613,12.1868268404584,12.2090286467669,12.2577998637659,12.293113097975,12.3116003434921,12.3802662649574,12.4028708884594,12.4116393246763,12.4616049903387,12.482960105792,12.5608088985554,12.5963698955799,12.6401349619654,12.6720583375312,12.6999144843884,12.7600490553677,12.8405027537206,12.8729805179639,12.8812235977194,12.9077480132576,12.9282907744949,12.9615710071551,13.0285190053339,13.0571617397574,13.0965758871612,13.110457613905,13.184522293869,13.2407638879327,13.285379045892,13.3238799051517,13.3876531671807,13.4533528095212,13.4707635647303,13.4845395789325,13.5062867433289,13.5612258603656,13.5806482524222,13.6271890623763,13.6493476622264,13.7413902440594,13.7647832857955,13.8004810016504,13.8368732150765,13.8825221534594,13.9425323260811,14.0219684987235,14.0400573861466,14.1193809644218,14.1226790951571,14.1917537470494,14.2044808048615,14.2063559258348,14.3101000857255,14.37150675541,14.4151252279574,14.4550224983137,14.5226393133463,14.5906596525798,14.650803376073,14.6756162522514,14.6875440911227,14.7722290377321,14.8137083957132,14.8629887065938,14.9724041295495,15.0535981778103,15.1332235366954,15.1854526938166,15.211881470513,15.3311505537127,15.3347975176509,15.3631354141825,15.4645304802995,15.5421082103041,15.6036246497306,15.6699925348988,15.7134219865093,15.8200242177311,15.926721919941,15.9332884226903,16.1036507034317,16.1636718514947,16.2129852147794,16.3184935022904,16.4563386280299,16.5408092130438,16.5884364701302,16.7372247941103,16.7860674143371,16.8171211464389,17.0134349300081,17.1179303486044,17.2617802577842,17.4618060502507,17.8333466571892,17.9651391762342,18.0666601384875,18.1959268773341,18.3018436778687,18.4127724113581,18.5909792875716,18.9035011886431,18.9418179672209,19.1048688116929,19.3788989124169,19.5660992027189,19.7242215829686,20.0287172054273,20.1994899824025,20.6051673525241,20.9555734624397,21.3890293199096,23.241901967431,NA,NA,NA,NA,NA,NA,NA,NA,NA,NA,NA,NA,NA,NA,NA,NA,NA,NA,NA,NA,NA,NA,NA,NA,NA,NA,NA,NA,NA,NA,NA,NA,NA,NA,NA,NA,NA,NA,NA,NA,NA,NA,NA,NA,NA,NA,NA,NA,NA,NA,NA
0.561136603451934,0.678725645216539,0.894674524983189,1.02900350662252,1.13527274577502,1.36478536950846,1.45070128448613,1.50967227577483,1.61185748855328,1.72972126816777,1.8394934952114,1.86579824546602,1.9434797207777,2.0468309190986,2.26484289765251,2.31756907354894,2.35477580894132,2.41925282372462,2.48341505213274,2.59581808590846,2.69969618637063,2.74096317244788,2.84599069595236,2.86169805726754,2.93520979036723,2.98410224708821,3.10507752659957,3.14541676096908,3.17667226008986,3.21617708233636,3.29820560558913,3.35383942131098,3.40518262395589,3.46649757826799,3.52298110275976,3.60934310993586,3.66038017602969,3.7218597181716,3.76768130313594,3.84711633021886,3.91985511908694,3.96526437349167,3.99716053958799,4.10801344019999,4.11168304069589,4.21847136078798,4.25081162405987,4.26646037200509,4.30103234522507,4.34010681396686,4.39478511156814,4.41439595803464,4.43031976923672,4.54079051361685,4.58674609465814,4.61399058101139,4.6432218630919,4.72711571362629,4.79247171131982,4.80813734653112,4.84495181372711,4.90250017094243,4.92339500237859,4.97784917335205,4.99938738721458,5.05535625378882,5.10086744233794,5.12921296445795,5.15795737186526,5.18883042597676,5.20169531958467,5.21432469795856,5.28827834519585,5.31565050506954,5.34784536706387,5.3751774961873,5.38087036232468,5.4264934037536,5.47920801950182,5.5199771906748,5.56664924326826,5.58255120109464,5.60939118465242,5.68193529172705,5.68626362614264,5.72653168434195,5.75528657167967,5.7807462519382,5.81050106194969,5.84029815166654,5.8626661342353,5.901762444318,5.91106392313066,5.92801215349716,5.94875098000974,5.99656389485166,6.02558917748501,6.04836924148737,6.06771025470678,6.09620015302175,6.10554524148557,6.13810826323904,6.2161458896104,6.24344327991127,6.26813124485459,6.27829834917173,6.32247757463592,6.34813748050238,6.35266407035831,6.3765431967225,6.41078842522717,6.43406731808335,6.45476184710758,6.4921310473494,6.52546780263994,6.57129066197934,6.58909501889557,6.60157170825417,6.70139668163535,6.72185042988449,6.75446334441685,6.76847219529221,6.7880599798726,6.81934809370734,6.84541887474971,6.8571669084699,6.86228945268907,6.891499652561,6.91820045384537,6.92737965099624,6.95371551608326,6.98046153007633,7.01181418309308,7.03707776978002,7.04158768962522,7.06104130014833,7.08261706454615,7.11980488692158,7.16463129109739,7.19625330054519,7.21859415498677,7.2387021874027,7.25287370111206,7.27597188007681,7.30451600278625,7.31971314941166,7.32621989054051,7.35248773423046,7.35564803341299,7.40080086964753,7.4367791159137,7.45173008434236,7.46161045891442,7.49867847827464,7.52318593728779,7.55135665498611,7.57823711588698,7.61666649486991,7.63530787924609,7.64361460096631,7.65900432520926,7.69491657788719,7.69984783851101,7.72392194378773,7.74174694135347,7.77802013988729,7.82177416661753,7.83738283592254,7.84790260109683,7.88485828822236,7.8943782096045,7.93603765853614,7.96538528062211,7.98113391180187,8.01075844823451,8.04247411557991,8.04938178601979,8.0928918336985,8.14216691826645,8.14931549356025,8.16492328283512,8.19597326685432,8.2100463097551,8.24964235721828,8.27289991141932,8.31330774865836,8.33166340636659,8.35727989437628,8.3856779872931,8.40316352920199,8.42069582268178,8.44074485368363,8.45529050189106,8.47938645286512,8.51098336848338,8.54969780394474,8.56029740737732,8.58922879994684,8.61579809287753,8.63491852909386,8.65374397327282,8.68218758172268,8.70886351296294,8.74483601137678,8.77043765460948,8.79275222820444,8.83344597188774,8.85696797006596,8.88315303170835,8.92385533330978,8.9529925173921,8.96392256605244,8.99455193507256,9.04811823630567,9.05044209128192,9.08673643492868,9.11157638239816,9.15375649543658,9.19075873735897,9.21348958518675,9.23903824366679,9.25970632659417,9.29713437853868,9.3130943845425,9.32481967857538,9.38630240256141,9.41193023666489,9.43262073174803,9.46770814758885,9.48466338480451,9.53278368745198,9.57788891470464,9.59179381519751,9.60085055462951,9.6582381278334,9.67668743270441,9.73177195354102,9.77234516383671,9.77723997062698,9.8447995283076,9.85358855529763,9.89282162924065,9.92964443203632,9.95371572962326,9.97772192725898,10.0086456846427,10.0277029870757,10.0712485366479,10.1042409248044,10.1239679226744,10.2070287674345,10.2110574798388,10.2240389490679,10.2660330452433,10.2738789759234,10.2890892456227,10.326152704522,10.3902879332051,10.405382686914,10.4593408995697,10.488744031596,10.495905837615,10.5110170866614,10.5808195085528,10.6292377946824,10.6471784480469,10.6806531038819,10.7258751403109,10.7920787387829,10.8235488058333,10.8684530423947,10.8906418174427,10.9352354060279,10.9598344876604,10.9955576901935,11.0325014410262,11.0758173683274,11.122713681596,11.1331069246797,11.1721323555759,11.1797505525468,11.2702053868784,11.3097099481635,11.3373790406541,11.3848597300899,11.4401471585232,11.4702721483446,11.4992850611223,11.5426497598878,11.5558619471947,11.5759968529059,11.6460265475761,11.6952982641042,11.7061351400009,11.7755874592688,11.7951671981312,11.8061974267657,11.8664399854125,11.9076265707206,11.9792479970461,11.9921343873753,12.0460009883567,12.1093542890069,12.1200674208613,12.1868268404584,12.2090286467669,12.2577998637659,12.293113097975,12.3116003434921,12.3802662649574,12.4028708884594,12.4116393246763,12.4616049903387,12.482960105792,12.5608088985554,12.5963698955799,12.6401349619654,12.6720583375312,12.6999144843884,12.7600490553677,12.8405027537206,12.8729805179639,12.8812235977194,12.9077480132576,12.9282907744949,12.9615710071551,13.0285190053339,13.0571617397574,13.0965758871612,13.110457613905,13.184522293869,13.2407638879327,13.285379045892,13.3238799051517,13.3876531671807,13.4533528095212,13.4707635647303,13.4845395789325,13.5062867433289,13.5612258603656,13.5806482524222,13.6271890623763,13.6493476622264,13.7413902440594,13.7647832857955,13.8004810016504,13.8368732150765,13.8825221534594,13.9425323260811,14.0219684987235,14.0400573861466,14.1193809644218,14.1226790951571,14.1917537470494,14.2044808048615,14.2063559258348,14.3101000857255,14.37150675541,14.4151252279574,14.4550224983137,14.5226393133463,14.5906596525798,14.650803376073,14.6756162522514,14.6875440911227,14.7722290377321,14.8137083957132,14.8629887065938,14.9724041295495,15.0535981778103,15.1332235366954,15.1854526938166,15.211881470513,15.3311505537127,15.3347975176509,15.3631354141825,15.4645304802995,15.5421082103041,15.6036246497306,15.6699925348988,15.7134219865093,15.8200242177311,15.926721919941,15.9332884226903,16.1036507034317,16.1636718514947,16.2129852147794,16.3184935022904,16.4563386280299,16.5408092130438,16.5884364701302,16.7372247941103,16.7860674143371,16.8171211464389,17.0134349300081,17.1179303486044,17.2617802577842,17.4618060502507,17.8333466571892,17.9651391762342,18.0666601384875,18.1959268773341,18.3018436778687,18.4127724113581,18.5909792875716,18.9035011886431,18.9418179672209,19.1048688116929,19.3788989124169,19.5660992027189,19.7242215829686,20.0287172054273,20.1994899824025,20.6051673525241,20.9555734624397,21.3890293199096,23.241901967431,NA,NA,NA,NA,NA,NA,NA,NA,NA,NA,NA,NA,NA,NA,NA,NA,NA,NA,NA,NA,NA,NA,NA,NA,NA,NA,NA,NA,NA,NA,NA,NA,NA,NA,NA,NA,NA,NA,NA,NA,NA,NA,NA,NA,NA,NA,NA,NA,NA,NA,NA
0.561136603451934,0.678725645216539,0.894674524983189,1.02900350662252,1.13527274577502,1.36478536950846,1.45070128448613,1.50967227577483,1.61185748855328,1.72972126816777,1.8394934952114,1.86579824546602,1.9434797207777,2.0468309190986,2.26484289765251,2.31756907354894,2.35477580894132,2.41925282372462,2.48341505213274,2.59581808590846,2.69969618637063,2.74096317244788,2.84599069595236,2.86169805726754,2.93520979036723,2.98410224708821,3.10507752659957,3.14541676096908,3.17667226008986,3.21617708233636,3.29820560558913,3.35383942131098,3.40518262395589,3.46649757826799,3.52298110275976,3.60934310993586,3.66038017602969,3.7218597181716,3.76768130313594,3.84711633021886,3.91985511908694,3.96526437349167,3.99716053958799,4.10801344019999,4.11168304069589,4.21847136078798,4.25081162405987,4.26646037200509,4.30103234522507,4.34010681396686,4.39478511156814,4.41439595803464,4.43031976923672,4.54079051361685,4.58674609465814,4.61399058101139,4.6432218630919,4.72711571362629,4.79247171131982,4.80813734653112,4.84495181372711,4.90250017094243,4.92339500237859,4.97784917335205,4.99938738721458,5.05535625378882,5.10086744233794,5.12921296445795,5.15795737186526,5.18883042597676,5.20169531958467,5.21432469795856,5.28827834519585,5.31565050506954,5.34784536706387,5.3751774961873,5.38087036232468,5.4264934037536,5.47920801950182,5.5199771906748,5.56664924326826,5.58255120109464,5.60939118465242,5.68193529172705,5.68626362614264,5.72653168434195,5.75528657167967,5.7807462519382,5.81050106194969,5.84029815166654,5.8626661342353,5.901762444318,5.91106392313066,5.92801215349716,5.94875098000974,5.99656389485166,6.02558917748501,6.04836924148737,6.06771025470678,6.09620015302175,6.10554524148557,6.13810826323904,6.2161458896104,6.24344327991127,6.26813124485459,6.27829834917173,6.32247757463592,6.34813748050238,6.35266407035831,6.3765431967225,6.41078842522717,6.43406731808335,6.45476184710758,6.4921310473494,6.52546780263994,6.57129066197934,6.58909501889557,6.60157170825417,6.70139668163535,6.72185042988449,6.75446334441685,6.76847219529221,6.7880599798726,6.81934809370734,6.84541887474971,6.8571669084699,6.86228945268907,6.891499652561,6.91820045384537,6.92737965099624,6.95371551608326,6.98046153007633,7.01181418309308,7.03707776978002,7.04158768962522,7.06104130014833,7.08261706454615,7.11980488692158,7.16463129109739,7.19625330054519,7.21859415498677,7.2387021874027,7.25287370111206,7.27597188007681,7.30451600278625,7.31971314941166,7.32621989054051,7.35248773423046,7.35564803341299,7.40080086964753,7.4367791159137,7.45173008434236,7.46161045891442,7.49867847827464,7.52318593728779,7.55135665498611,7.57823711588698,7.61666649486991,7.63530787924609,7.64361460096631,7.65900432520926,7.69491657788719,7.69984783851101,7.72392194378773,7.74174694135347,7.77802013988729,7.82177416661753,7.83738283592254,7.84790260109683,7.88485828822236,7.8943782096045,7.93603765853614,7.96538528062211,7.98113391180187,8.01075844823451,8.04247411557991,8.04938178601979,8.0928918336985,8.14216691826645,8.14931549356025,8.16492328283512,8.19597326685432,8.2100463097551,8.24964235721828,8.27289991141932,8.31330774865836,8.33166340636659,8.35727989437628,8.3856779872931,8.40316352920199,8.42069582268178,8.44074485368363,8.45529050189106,8.47938645286512,8.51098336848338,8.54969780394474,8.56029740737732,8.58922879994684,8.61579809287753,8.63491852909386,8.65374397327282,8.68218758172268,8.70886351296294,8.74483601137678,8.77043765460948,8.79275222820444,8.83344597188774,8.85696797006596,8.88315303170835,8.92385533330978,8.9529925173921,8.96392256605244,8.99455193507256,9.04811823630567,9.05044209128192,9.08673643492868,9.11157638239816,9.15375649543658,9.19075873735897,9.21348958518675,9.23903824366679,9.25970632659417,9.29713437853868,9.3130943845425,9.32481967857538,9.38630240256141,9.41193023666489,9.43262073174803,9.46770814758885,9.48466338480451,9.53278368745198,9.57788891470464,9.59179381519751,9.60085055462951,9.6582381278334,9.67668743270441,9.73177195354102,9.77234516383671,9.77723997062698,9.8447995283076,9.85358855529763,9.89282162924065,9.92964443203632,9.95371572962326,9.97772192725898,10.0086456846427,10.0277029870757,10.0712485366479,10.1042409248044,10.1239679226744,10.2070287674345,10.2110574798388,10.2240389490679,10.2660330452433,10.2738789759234,10.2890892456227,10.326152704522,10.3902879332051,10.405382686914,10.4593408995697,10.488744031596,10.495905837615,10.5110170866614,10.5808195085528,10.6292377946824,10.6471784480469,10.6806531038819,10.7258751403109,10.7920787387829,10.8235488058333,10.8684530423947,10.8906418174427,10.9352354060279,10.9598344876604,10.9955576901935,11.0325014410262,11.0758173683274,11.122713681596,11.1331069246797,11.1721323555759,11.1797505525468,11.2702053868784,11.3097099481635,11.3373790406541,11.3848597300899,11.4401471585232,11.4702721483446,11.4992850611223,11.5426497598878,11.5558619471947,11.5759968529059,11.6460265475761,11.6952982641042,11.7061351400009,11.7755874592688,11.7951671981312,11.8061974267657,11.8664399854125,11.9076265707206,11.9792479970461,11.9921343873753,12.0460009883567,12.1093542890069,12.1200674208613,12.1868268404584,12.2090286467669,12.2577998637659,12.293113097975,12.3116003434921,12.3802662649574,12.4028708884594,12.4116393246763,12.4616049903387,12.482960105792,12.5608088985554,12.5963698955799,12.6401349619654,12.6720583375312,12.6999144843884,12.7600490553677,12.8405027537206,12.8729805179639,12.8812235977194,12.9077480132576,12.9282907744949,12.9615710071551,13.0285190053339,13.0571617397574,13.0965758871612,13.110457613905,13.184522293869,13.2407638879327,13.285379045892,13.3238799051517,13.3876531671807,13.4533528095212,13.4707635647303,13.4845395789325,13.5062867433289,13.5612258603656,13.5806482524222,13.6271890623763,13.6493476622264,13.7413902440594,13.7647832857955,13.8004810016504,13.8368732150765,13.8825221534594,13.9425323260811,14.0219684987235,14.0400573861466,14.1193809644218,14.1226790951571,14.1917537470494,14.2044808048615,14.2063559258348,14.3101000857255,14.37150675541,14.4151252279574,14.4550224983137,14.5226393133463,14.5906596525798,14.650803376073,14.6756162522514,14.6875440911227,14.7722290377321,14.8137083957132,14.8629887065938,14.9724041295495,15.0535981778103,15.1332235366954,15.1854526938166,15.211881470513,15.3311505537127,15.3347975176509,15.3631354141825,15.4645304802995,15.5421082103041,15.6036246497306,15.6699925348988,15.7134219865093,15.8200242177311,15.926721919941,15.9332884226903,16.1036507034317,16.1636718514947,16.2129852147794,16.3184935022904,16.4563386280299,16.5408092130438,16.5884364701302,16.7372247941103,16.7860674143371,16.8171211464389,17.0134349300081,17.1179303486044,17.2617802577842,17.4618060502507,17.8333466571892,17.9651391762342,18.0666601384875,18.1959268773341,18.3018436778687,18.4127724113581,18.5909792875716,18.9035011886431,18.9418179672209,19.1048688116929,19.3788989124169,19.5660992027189,19.7242215829686,20.0287172054273,20.1994899824025,20.6051673525241,20.9555734624397,21.3890293199096,23.241901967431,NA,NA,NA,NA,NA,NA,NA,NA,NA,NA,NA,NA,NA,NA,NA,NA,NA,NA,NA,NA,NA,NA,NA,NA,NA,NA,NA,NA,NA,NA,NA,NA,NA,NA,NA,NA,NA,NA,NA,NA,NA,NA,NA,NA,NA,NA,NA,NA,NA,NA,NA
0.561136603451934,0.678725645216539,0.894674524983189,1.02900350662252,1.13527274577502,1.36478536950846,1.45070128448613,1.50967227577483,1.61185748855328,1.72972126816777,1.8394934952114,1.86579824546602,1.9434797207777,2.0468309190986,2.26484289765251,2.31756907354894,2.35477580894132,2.41925282372462,2.48341505213274,2.59581808590846,2.69969618637063,2.74096317244788,2.84599069595236,2.86169805726754,2.93520979036723,2.98410224708821,3.10507752659957,3.14541676096908,3.17667226008986,3.21617708233636,3.29820560558913,3.35383942131098,3.40518262395589,3.46649757826799,3.52298110275976,3.60934310993586,3.66038017602969,3.7218597181716,3.76768130313594,3.84711633021886,3.91985511908694,3.96526437349167,3.99716053958799,4.10801344019999,4.11168304069589,4.21847136078798,4.25081162405987,4.26646037200509,4.30103234522507,4.34010681396686,4.39478511156814,4.41439595803464,4.43031976923672,4.54079051361685,4.58674609465814,4.61399058101139,4.6432218630919,4.72711571362629,4.79247171131982,4.80813734653112,4.84495181372711,4.90250017094243,4.92339500237859,4.97784917335205,4.99938738721458,5.05535625378882,5.10086744233794,5.12921296445795,5.15795737186526,5.18883042597676,5.20169531958467,5.21432469795856,5.28827834519585,5.31565050506954,5.34784536706387,5.3751774961873,5.38087036232468,5.4264934037536,5.47920801950182,5.5199771906748,5.56664924326826,5.58255120109464,5.60939118465242,5.68193529172705,5.68626362614264,5.72653168434195,5.75528657167967,5.7807462519382,5.81050106194969,5.84029815166654,5.8626661342353,5.901762444318,5.91106392313066,5.92801215349716,5.94875098000974,5.99656389485166,6.02558917748501,6.04836924148737,6.06771025470678,6.09620015302175,6.10554524148557,6.13810826323904,6.2161458896104,6.24344327991127,6.26813124485459,6.27829834917173,6.32247757463592,6.34813748050238,6.35266407035831,6.3765431967225,6.41078842522717,6.43406731808335,6.45476184710758,6.4921310473494,6.52546780263994,6.57129066197934,6.58909501889557,6.60157170825417,6.70139668163535,6.72185042988449,6.75446334441685,6.76847219529221,6.7880599798726,6.81934809370734,6.84541887474971,6.8571669084699,6.86228945268907,6.891499652561,6.91820045384537,6.92737965099624,6.95371551608326,6.98046153007633,7.01181418309308,7.03707776978002,7.04158768962522,7.06104130014833,7.08261706454615,7.11980488692158,7.16463129109739,7.19625330054519,7.21859415498677,7.2387021874027,7.25287370111206,7.27597188007681,7.30451600278625,7.31971314941166,7.32621989054051,7.35248773423046,7.35564803341299,7.40080086964753,7.4367791159137,7.45173008434236,7.46161045891442,7.49867847827464,7.52318593728779,7.55135665498611,7.57823711588698,7.61666649486991,7.63530787924609,7.64361460096631,7.65900432520926,7.69491657788719,7.69984783851101,7.72392194378773,7.74174694135347,7.77802013988729,7.82177416661753,7.83738283592254,7.84790260109683,7.88485828822236,7.8943782096045,7.93603765853614,7.96538528062211,7.98113391180187,8.01075844823451,8.04247411557991,8.04938178601979,8.0928918336985,8.14216691826645,8.14931549356025,8.16492328283512,8.19597326685432,8.2100463097551,8.24964235721828,8.27289991141932,8.31330774865836,8.33166340636659,8.35727989437628,8.3856779872931,8.40316352920199,8.42069582268178,8.44074485368363,8.45529050189106,8.47938645286512,8.51098336848338,8.54969780394474,8.56029740737732,8.58922879994684,8.61579809287753,8.63491852909386,8.65374397327282,8.68218758172268,8.70886351296294,8.74483601137678,8.77043765460948,8.79275222820444,8.83344597188774,8.85696797006596,8.88315303170835,8.92385533330978,8.9529925173921,8.96392256605244,8.99455193507256,9.04811823630567,9.05044209128192,9.08673643492868,9.11157638239816,9.15375649543658,9.19075873735897,9.21348958518675,9.23903824366679,9.25970632659417,9.29713437853868,9.3130943845425,9.32481967857538,9.38630240256141,9.41193023666489,9.43262073174803,9.46770814758885,9.48466338480451,9.53278368745198,9.57788891470464,9.59179381519751,9.60085055462951,9.6582381278334,9.67668743270441,9.73177195354102,9.77234516383671,9.77723997062698,9.8447995283076,9.85358855529763,9.89282162924065,9.92964443203632,9.95371572962326,9.97772192725898,10.0086456846427,10.0277029870757,10.0712485366479,10.1042409248044,10.1239679226744,10.2070287674345,10.2110574798388,10.2240389490679,10.2660330452433,10.2738789759234,10.2890892456227,10.326152704522,10.3902879332051,10.405382686914,10.4593408995697,10.488744031596,10.495905837615,10.5110170866614,10.5808195085528,10.6292377946824,10.6471784480469,10.6806531038819,10.7258751403109,10.7920787387829,10.8235488058333,10.8684530423947,10.8906418174427,10.9352354060279,10.9598344876604,10.9955576901935,11.0325014410262,11.0758173683274,11.122713681596,11.1331069246797,11.1721323555759,11.1797505525468,11.2702053868784,11.3097099481635,11.3373790406541,11.3848597300899,11.4401471585232,11.4702721483446,11.4992850611223,11.5426497598878,11.5558619471947,11.5759968529059,11.6460265475761,11.6952982641042,11.7061351400009,11.7755874592688,11.7951671981312,11.8061974267657,11.8664399854125,11.9076265707206,11.9792479970461,11.9921343873753,12.0460009883567,12.1093542890069,12.1200674208613,12.1868268404584,12.2090286467669,12.2577998637659,12.293113097975,12.3116003434921,12.3802662649574,12.4028708884594,12.4116393246763,12.4616049903387,12.482960105792,12.5608088985554,12.5963698955799,12.6401349619654,12.6720583375312,12.6999144843884,12.7600490553677,12.8405027537206,12.8729805179639,12.8812235977194,12.9077480132576,12.9282907744949,12.9615710071551,13.0285190053339,13.0571617397574,13.0965758871612,13.110457613905,13.184522293869,13.2407638879327,13.285379045892,13.3238799051517,13.3876531671807,13.4533528095212,13.4707635647303,13.4845395789325,13.5062867433289,13.5612258603656,13.5806482524222,13.6271890623763,13.6493476622264,13.7413902440594,13.7647832857955,13.8004810016504,13.8368732150765,13.8825221534594,13.9425323260811,14.0219684987235,14.0400573861466,14.1193809644218,14.1226790951571,14.1917537470494,14.2044808048615,14.2063559258348,14.3101000857255,14.37150675541,14.4151252279574,14.4550224983137,14.5226393133463,14.5906596525798,14.650803376073,14.6756162522514,14.6875440911227,14.7722290377321,14.8137083957132,14.8629887065938,14.9724041295495,15.0535981778103,15.1332235366954,15.1854526938166,15.211881470513,15.3311505537127,15.3347975176509,15.3631354141825,15.4645304802995,15.5421082103041,15.6036246497306,15.6699925348988,15.7134219865093,15.8200242177311,15.926721919941,15.9332884226903,16.1036507034317,16.1636718514947,16.2129852147794,16.3184935022904,16.4563386280299,16.5408092130438,16.5884364701302,16.7372247941103,16.7860674143371,16.8171211464389,17.0134349300081,17.1179303486044,17.2617802577842,17.4618060502507,17.8333466571892,17.9651391762342,18.0666601384875,18.1959268773341,18.3018436778687,18.4127724113581,18.5909792875716,18.9035011886431,18.9418179672209,19.1048688116929,19.3788989124169,19.5660992027189,19.7242215829686,20.0287172054273,20.1994899824025,20.6051673525241,20.9555734624397,21.3890293199096,23.241901967431,NA,NA,NA,NA,NA,NA,NA,NA,NA,NA,NA,NA,NA,NA,NA,NA,NA,NA,NA,NA,NA,NA,NA,NA,NA,NA,NA,NA,NA,NA,NA,NA,NA,NA,NA,NA,NA,NA,NA,NA,NA,NA,NA,NA,NA,NA,NA,NA,NA,NA,NA
0.561136603451934,0.678725645216539,0.894674524983189,1.02900350662252,1.13527274577502,1.36478536950846,1.45070128448613,1.50967227577483,1.61185748855328,1.72972126816777,1.8394934952114,1.86579824546602,1.9434797207777,2.0468309190986,2.26484289765251,2.31756907354894,2.35477580894132,2.41925282372462,2.48341505213274,2.59581808590846,2.69969618637063,2.74096317244788,2.84599069595236,2.86169805726754,2.93520979036723,2.98410224708821,3.10507752659957,3.14541676096908,3.17667226008986,3.21617708233636,3.29820560558913,3.35383942131098,3.40518262395589,3.46649757826799,3.52298110275976,3.60934310993586,3.66038017602969,3.7218597181716,3.76768130313594,3.84711633021886,3.91985511908694,3.96526437349167,3.99716053958799,4.10801344019999,4.11168304069589,4.21847136078798,4.25081162405987,4.26646037200509,4.30103234522507,4.34010681396686,4.39478511156814,4.41439595803464,4.43031976923672,4.54079051361685,4.58674609465814,4.61399058101139,4.6432218630919,4.72711571362629,4.79247171131982,4.80813734653112,4.84495181372711,4.90250017094243,4.92339500237859,4.97784917335205,4.99938738721458,5.05535625378882,5.10086744233794,5.12921296445795,5.15795737186526,5.18883042597676,5.20169531958467,5.21432469795856,5.28827834519585,5.31565050506954,5.34784536706387,5.3751774961873,5.38087036232468,5.4264934037536,5.47920801950182,5.5199771906748,5.56664924326826,5.58255120109464,5.60939118465242,5.68193529172705,5.68626362614264,5.72653168434195,5.75528657167967,5.7807462519382,5.81050106194969,5.84029815166654,5.8626661342353,5.901762444318,5.91106392313066,5.92801215349716,5.94875098000974,5.99656389485166,6.02558917748501,6.04836924148737,6.06771025470678,6.09620015302175,6.10554524148557,6.13810826323904,6.2161458896104,6.24344327991127,6.26813124485459,6.27829834917173,6.32247757463592,6.34813748050238,6.35266407035831,6.3765431967225,6.41078842522717,6.43406731808335,6.45476184710758,6.4921310473494,6.52546780263994,6.57129066197934,6.58909501889557,6.60157170825417,6.70139668163535,6.72185042988449,6.75446334441685,6.76847219529221,6.7880599798726,6.81934809370734,6.84541887474971,6.8571669084699,6.86228945268907,6.891499652561,6.91820045384537,6.92737965099624,6.95371551608326,6.98046153007633,7.01181418309308,7.03707776978002,7.04158768962522,7.06104130014833,7.08261706454615,7.11980488692158,7.16463129109739,7.19625330054519,7.21859415498677,7.2387021874027,7.25287370111206,7.27597188007681,7.30451600278625,7.31971314941166,7.32621989054051,7.35248773423046,7.35564803341299,7.40080086964753,7.4367791159137,7.45173008434236,7.46161045891442,7.49867847827464,7.52318593728779,7.55135665498611,7.57823711588698,7.61666649486991,7.63530787924609,7.64361460096631,7.65900432520926,7.69491657788719,7.69984783851101,7.72392194378773,7.74174694135347,7.77802013988729,7.82177416661753,7.83738283592254,7.84790260109683,7.88485828822236,7.8943782096045,7.93603765853614,7.96538528062211,7.98113391180187,8.01075844823451,8.04247411557991,8.04938178601979,8.0928918336985,8.14216691826645,8.14931549356025,8.16492328283512,8.19597326685432,8.2100463097551,8.24964235721828,8.27289991141932,8.31330774865836,8.33166340636659,8.35727989437628,8.3856779872931,8.40316352920199,8.42069582268178,8.44074485368363,8.45529050189106,8.47938645286512,8.51098336848338,8.54969780394474,8.56029740737732,8.58922879994684,8.61579809287753,8.63491852909386,8.65374397327282,8.68218758172268,8.70886351296294,8.74483601137678,8.77043765460948,8.79275222820444,8.83344597188774,8.85696797006596,8.88315303170835,8.92385533330978,8.9529925173921,8.96392256605244,8.99455193507256,9.04811823630567,9.05044209128192,9.08673643492868,9.11157638239816,9.15375649543658,9.19075873735897,9.21348958518675,9.23903824366679,9.25970632659417,9.29713437853868,9.3130943845425,9.32481967857538,9.38630240256141,9.41193023666489,9.43262073174803,9.46770814758885,9.48466338480451,9.53278368745198,9.57788891470464,9.59179381519751,9.60085055462951,9.6582381278334,9.67668743270441,9.73177195354102,9.77234516383671,9.77723997062698,9.8447995283076,9.85358855529763,9.89282162924065,9.92964443203632,9.95371572962326,9.97772192725898,10.0086456846427,10.0277029870757,10.0712485366479,10.1042409248044,10.1239679226744,10.2070287674345,10.2110574798388,10.2240389490679,10.2660330452433,10.2738789759234,10.2890892456227,10.326152704522,10.3902879332051,10.405382686914,10.4593408995697,10.488744031596,10.495905837615,10.5110170866614,10.5808195085528,10.6292377946824,10.6471784480469,10.6806531038819,10.7258751403109,10.7920787387829,10.8235488058333,10.8684530423947,10.8906418174427,10.9352354060279,10.9598344876604,10.9955576901935,11.0325014410262,11.0758173683274,11.122713681596,11.1331069246797,11.1721323555759,11.1797505525468,11.2702053868784,11.3097099481635,11.3373790406541,11.3848597300899,11.4401471585232,11.4702721483446,11.4992850611223,11.5426497598878,11.5558619471947,11.5759968529059,11.6460265475761,11.6952982641042,11.7061351400009,11.7755874592688,11.7951671981312,11.8061974267657,11.8664399854125,11.9076265707206,11.9792479970461,11.9921343873753,12.0460009883567,12.1093542890069,12.1200674208613,12.1868268404584,12.2090286467669,12.2577998637659,12.293113097975,12.3116003434921,12.3802662649574,12.4028708884594,12.4116393246763,12.4616049903387,12.482960105792,12.5608088985554,12.5963698955799,12.6401349619654,12.6720583375312,12.6999144843884,12.7600490553677,12.8405027537206,12.8729805179639,12.8812235977194,12.9077480132576,12.9282907744949,12.9615710071551,13.0285190053339,13.0571617397574,13.0965758871612,13.110457613905,13.184522293869,13.2407638879327,13.285379045892,13.3238799051517,13.3876531671807,13.4533528095212,13.4707635647303,13.4845395789325,13.5062867433289,13.5612258603656,13.5806482524222,13.6271890623763,13.6493476622264,13.7413902440594,13.7647832857955,13.8004810016504,13.8368732150765,13.8825221534594,13.9425323260811,14.0219684987235,14.0400573861466,14.1193809644218,14.1226790951571,14.1917537470494,14.2044808048615,14.2063559258348,14.3101000857255,14.37150675541,14.4151252279574,14.4550224983137,14.5226393133463,14.5906596525798,14.650803376073,14.6756162522514,14.6875440911227,14.7722290377321,14.8137083957132,14.8629887065938,14.9724041295495,15.0535981778103,15.1332235366954,15.1854526938166,15.211881470513,15.3311505537127,15.3347975176509,15.3631354141825,15.4645304802995,15.5421082103041,15.6036246497306,15.6699925348988,15.7134219865093,15.8200242177311,15.926721919941,15.9332884226903,16.1036507034317,16.1636718514947,16.2129852147794,16.3184935022904,16.4563386280299,16.5408092130438,16.5884364701302,16.7372247941103,16.7860674143371,16.8171211464389,17.0134349300081,17.1179303486044,17.2617802577842,17.4618060502507,17.8333466571892,17.9651391762342,18.0666601384875,18.1959268773341,18.3018436778687,18.4127724113581,18.5909792875716,18.9035011886431,18.9418179672209,19.1048688116929,19.3788989124169,19.5660992027189,19.7242215829686,20.0287172054273,20.1994899824025,20.6051673525241,20.9555734624397,21.3890293199096,23.241901967431,NA,NA,NA,NA,NA,NA,NA,NA,NA,NA,NA,NA,NA,NA,NA,NA,NA,NA,NA,NA,NA,NA,NA,NA,NA,NA,NA,NA,NA,NA,NA,NA,NA,NA,NA,NA,NA,NA,NA,NA,NA,NA,NA,NA,NA,NA,NA,NA,NA,NA,NA
0.561136603451934,0.678725645216539,0.894674524983189,1.02900350662252,1.13527274577502,1.36478536950846,1.45070128448613,1.50967227577483,1.61185748855328,1.72972126816777,1.8394934952114,1.86579824546602,1.9434797207777,2.0468309190986,2.26484289765251,2.31756907354894,2.35477580894132,2.41925282372462,2.48341505213274,2.59581808590846,2.69969618637063,2.74096317244788,2.84599069595236,2.86169805726754,2.93520979036723,2.98410224708821,3.10507752659957,3.14541676096908,3.17667226008986,3.21617708233636,3.29820560558913,3.35383942131098,3.40518262395589,3.46649757826799,3.52298110275976,3.60934310993586,3.66038017602969,3.7218597181716,3.76768130313594,3.84711633021886,3.91985511908694,3.96526437349167,3.99716053958799,4.10801344019999,4.11168304069589,4.21847136078798,4.25081162405987,4.26646037200509,4.30103234522507,4.34010681396686,4.39478511156814,4.41439595803464,4.43031976923672,4.54079051361685,4.58674609465814,4.61399058101139,4.6432218630919,4.72711571362629,4.79247171131982,4.80813734653112,4.84495181372711,4.90250017094243,4.92339500237859,4.97784917335205,4.99938738721458,5.05535625378882,5.10086744233794,5.12921296445795,5.15795737186526,5.18883042597676,5.20169531958467,5.21432469795856,5.28827834519585,5.31565050506954,5.34784536706387,5.3751774961873,5.38087036232468,5.4264934037536,5.47920801950182,5.5199771906748,5.56664924326826,5.58255120109464,5.60939118465242,5.68193529172705,5.68626362614264,5.72653168434195,5.75528657167967,5.7807462519382,5.81050106194969,5.84029815166654,5.8626661342353,5.901762444318,5.91106392313066,5.92801215349716,5.94875098000974,5.99656389485166,6.02558917748501,6.04836924148737,6.06771025470678,6.09620015302175,6.10554524148557,6.13810826323904,6.2161458896104,6.24344327991127,6.26813124485459,6.27829834917173,6.32247757463592,6.34813748050238,6.35266407035831,6.3765431967225,6.41078842522717,6.43406731808335,6.45476184710758,6.4921310473494,6.52546780263994,6.57129066197934,6.58909501889557,6.60157170825417,6.70139668163535,6.72185042988449,6.75446334441685,6.76847219529221,6.7880599798726,6.81934809370734,6.84541887474971,6.8571669084699,6.86228945268907,6.891499652561,6.91820045384537,6.92737965099624,6.95371551608326,6.98046153007633,7.01181418309308,7.03707776978002,7.04158768962522,7.06104130014833,7.08261706454615,7.11980488692158,7.16463129109739,7.19625330054519,7.21859415498677,7.2387021874027,7.25287370111206,7.27597188007681,7.30451600278625,7.31971314941166,7.32621989054051,7.35248773423046,7.35564803341299,7.40080086964753,7.4367791159137,7.45173008434236,7.46161045891442,7.49867847827464,7.52318593728779,7.55135665498611,7.57823711588698,7.61666649486991,7.63530787924609,7.64361460096631,7.65900432520926,7.69491657788719,7.69984783851101,7.72392194378773,7.74174694135347,7.77802013988729,7.82177416661753,7.83738283592254,7.84790260109683,7.88485828822236,7.8943782096045,7.93603765853614,7.96538528062211,7.98113391180187,8.01075844823451,8.04247411557991,8.04938178601979,8.0928918336985,8.14216691826645,8.14931549356025,8.16492328283512,8.19597326685432,8.2100463097551,8.24964235721828,8.27289991141932,8.31330774865836,8.33166340636659,8.35727989437628,8.3856779872931,8.40316352920199,8.42069582268178,8.44074485368363,8.45529050189106,8.47938645286512,8.51098336848338,8.54969780394474,8.56029740737732,8.58922879994684,8.61579809287753,8.63491852909386,8.65374397327282,8.68218758172268,8.70886351296294,8.74483601137678,8.77043765460948,8.79275222820444,8.83344597188774,8.85696797006596,8.88315303170835,8.92385533330978,8.9529925173921,8.96392256605244,8.99455193507256,9.04811823630567,9.05044209128192,9.08673643492868,9.11157638239816,9.15375649543658,9.19075873735897,9.21348958518675,9.23903824366679,9.25970632659417,9.29713437853868,9.3130943845425,9.32481967857538,9.38630240256141,9.41193023666489,9.43262073174803,9.46770814758885,9.48466338480451,9.53278368745198,9.57788891470464,9.59179381519751,9.60085055462951,9.6582381278334,9.67668743270441,9.73177195354102,9.77234516383671,9.77723997062698,9.8447995283076,9.85358855529763,9.89282162924065,9.92964443203632,9.95371572962326,9.97772192725898,10.0086456846427,10.0277029870757,10.0712485366479,10.1042409248044,10.1239679226744,10.2070287674345,10.2110574798388,10.2240389490679,10.2660330452433,10.2738789759234,10.2890892456227,10.326152704522,10.3902879332051,10.405382686914,10.4593408995697,10.488744031596,10.495905837615,10.5110170866614,10.5808195085528,10.6292377946824,10.6471784480469,10.6806531038819,10.7258751403109,10.7920787387829,10.8235488058333,10.8684530423947,10.8906418174427,10.9352354060279,10.9598344876604,10.9955576901935,11.0325014410262,11.0758173683274,11.122713681596,11.1331069246797,11.1721323555759,11.1797505525468,11.2702053868784,11.3097099481635,11.3373790406541,11.3848597300899,11.4401471585232,11.4702721483446,11.4992850611223,11.5426497598878,11.5558619471947,11.5759968529059,11.6460265475761,11.6952982641042,11.7061351400009,11.7755874592688,11.7951671981312,11.8061974267657,11.8664399854125,11.9076265707206,11.9792479970461,11.9921343873753,12.0460009883567,12.1093542890069,12.1200674208613,12.1868268404584,12.2090286467669,12.2577998637659,12.293113097975,12.3116003434921,12.3802662649574,12.4028708884594,12.4116393246763,12.4616049903387,12.482960105792,12.5608088985554,12.5963698955799,12.6401349619654,12.6720583375312,12.6999144843884,12.7600490553677,12.8405027537206,12.8729805179639,12.8812235977194,12.9077480132576,12.9282907744949,12.9615710071551,13.0285190053339,13.0571617397574,13.0965758871612,13.110457613905,13.184522293869,13.2407638879327,13.285379045892,13.3238799051517,13.3876531671807,13.4533528095212,13.4707635647303,13.4845395789325,13.5062867433289,13.5612258603656,13.5806482524222,13.6271890623763,13.6493476622264,13.7413902440594,13.7647832857955,13.8004810016504,13.8368732150765,13.8825221534594,13.9425323260811,14.0219684987235,14.0400573861466,14.1193809644218,14.1226790951571,14.1917537470494,14.2044808048615,14.2063559258348,14.3101000857255,14.37150675541,14.4151252279574,14.4550224983137,14.5226393133463,14.5906596525798,14.650803376073,14.6756162522514,14.6875440911227,14.7722290377321,14.8137083957132,14.8629887065938,14.9724041295495,15.0535981778103,15.1332235366954,15.1854526938166,15.211881470513,15.3311505537127,15.3347975176509,15.3631354141825,15.4645304802995,15.5421082103041,15.6036246497306,15.6699925348988,15.7134219865093,15.8200242177311,15.926721919941,15.9332884226903,16.1036507034317,16.1636718514947,16.2129852147794,16.3184935022904,16.4563386280299,16.5408092130438,16.5884364701302,16.7372247941103,16.7860674143371,16.8171211464389,17.0134349300081,17.1179303486044,17.2617802577842,17.4618060502507,17.8333466571892,17.9651391762342,18.0666601384875,18.1959268773341,18.3018436778687,18.4127724113581,18.5909792875716,18.9035011886431,18.9418179672209,19.1048688116929,19.3788989124169,19.5660992027189,19.7242215829686,20.0287172054273,20.1994899824025,20.6051673525241,20.9555734624397,21.3890293199096,23.241901967431,NA,NA,NA,NA,NA,NA,NA,NA,NA,NA,NA,NA,NA,NA,NA,NA,NA,NA,NA,NA,NA,NA,NA,NA,NA,NA,NA,NA,NA,NA,NA,NA,NA,NA,NA,NA,NA,NA,NA,NA,NA,NA,NA,NA,NA,NA,NA,NA,NA,NA,NA
0.567300602524519,0.674749237811244,0.865746905158389,1.04658401269764,1.12742037447713,1.37509994288103,1.45887429722324,1.51380236707763,1.62267566908324,1.80272389854212,1.81439407404134,1.86341904861355,1.91643998594691,1.99739599887272,2.27142814765428,2.31224851444237,2.38324769821929,2.44867820134162,2.53381210317143,2.62476123463467,2.71943887200956,2.81552905808451,2.85774210780854,2.86804812180274,2.97399570429168,3.01287678384079,3.14301839245722,3.19278903025646,3.20316151505549,3.28209212732767,3.33836658014499,3.39281714561518,3.46892817134117,3.50584513203987,3.55998144670783,3.6395616637327,3.67786591531797,3.81283039081541,3.81916267674552,3.88004799411731,3.92136450045677,3.96654899435975,4.04571882713787,4.11765993876883,4.11945024669911,4.23448892255305,4.26684347388665,4.2839131288282,4.29985516134434,4.38485830701684,4.41461731911432,4.43239897263533,4.47624451765236,4.58348712633584,4.64835385608675,4.65818230968156,4.68426043570712,4.74668155031925,4.80684945159724,4.85126306790688,4.86056506923888,4.91038416927714,4.95928017183878,5.01605078827259,5.0543245056491,5.08675641081676,5.10584364642244,5.11751106530803,5.16753465759591,5.18081153120614,5.21232895521353,5.22429016547638,5.26701859170122,5.34404426342131,5.36080595272027,5.40568386741284,5.41630142771634,5.43511626608808,5.46275293587773,5.5400431875446,5.58831155866856,5.60867729732158,5.63632506609814,5.69564460953908,5.70969674777288,5.73333392596549,5.76014379737524,5.82200796069423,5.84560381665445,5.87773339486872,5.90482684848754,5.91026021191304,5.93364442532003,5.93954842262755,5.99241021992768,6.00893680688109,6.04954842794664,6.05919487065624,6.08589408503504,6.12177327776841,6.1736580289319,6.1788202910311,6.23427369264271,6.28324429551908,6.29811743985997,6.33947865255435,6.35094151073081,6.36514423929096,6.39319822845137,6.40909861588857,6.43618590822671,6.45491973078588,6.49059059231809,6.53069634167906,6.56998822068195,6.61117093858944,6.62690632895774,6.66798025348544,6.71234715773697,6.73036270308737,6.76604645418604,6.79605908579987,6.81965632054893,6.84497748576688,6.86595502063168,6.87654479342744,6.89364777897623,6.9187667939934,6.94531472965197,6.97504791417719,7.00221844667655,7.01219111281082,7.02090409774075,7.04302192619803,7.08859433340772,7.13734806506102,7.15111761727067,7.19119043224969,7.22133674244511,7.23006007178004,7.24333520174514,7.28950363591753,7.29792371486806,7.31610552758718,7.32672151682331,7.36066752152859,7.38024615898255,7.41268275060404,7.42476779291217,7.45171810688054,7.46414537038621,7.49868600721858,7.52071551294918,7.55649983555018,7.57283260668767,7.62584468282758,7.642180364363,7.65314241853473,7.68614485350104,7.69058679095059,7.71586838537948,7.73214230510956,7.77575586846752,7.78517330682173,7.80277593637906,7.84736519268582,7.86039415248087,7.88591683455407,7.92997395929627,7.95684237184384,7.97031570957035,8.02677415814541,8.03883420032886,8.05928177292967,8.09611522138189,8.12623660658841,8.1617731197771,8.1639685374142,8.18573157326077,8.2001800735459,8.25836697963851,8.27222482280201,8.29103225808014,8.33108055154813,8.35862195469854,8.40294515420471,8.40654097905483,8.42928071656294,8.45167457536623,8.46663679080903,8.50394481140514,8.53954669789866,8.5667944406283,8.5726315752753,8.58803295562679,8.62481515932605,8.6446986670511,8.68885519376955,8.69132190455357,8.71521764357044,8.74862922626599,8.77155093420967,8.79246375830323,8.83755051636052,8.87781252054796,8.88858329714254,8.90669140362863,8.95952559813737,8.97568932910303,9.01880541149584,9.05035026526753,9.08381814401072,9.10026775333467,9.11629166131551,9.19280286069662,9.21223428026849,9.23250233396262,9.2508085007507,9.26122744032534,9.32038902635392,9.36027873475611,9.38734363619355,9.42133295409821,9.43672770225836,9.4685494301203,9.49414292338519,9.5173562602587,9.5590028839064,9.60058695566243,9.65267975423395,9.67155698821636,9.69247151442219,9.72239686678309,9.75826903209589,9.77452796294479,9.82472447888956,9.85364384299831,9.89698908170037,9.92085658986553,9.94989182432168,9.97942193232833,10.0071490426546,10.0119978058003,10.0775800942072,10.081071014816,10.113903071376,10.1554691033781,10.2218830513112,10.2260748747206,10.2328280915479,10.2787556684097,10.3037252301394,10.3418307964019,10.3740689362137,10.4039250824516,10.4240732048403,10.482488815703,10.4914161841961,10.5492350244211,10.6230690089315,10.6466731952461,10.6613199084884,10.712551678592,10.7282247047186,10.7586426627648,10.8192853360278,10.8606633454509,10.9186778255264,10.9685672066629,11.0035696274449,11.0343633578761,11.0713622780572,11.116595416908,11.1300049175872,11.1443126570823,11.1702119007864,11.1780178646102,11.2548576012365,11.286500524721,11.3141055157037,11.409324437395,11.4290861886021,11.4590592149361,11.4863801236509,11.5301657018732,11.576073265578,11.5812949899468,11.6418677083861,11.713491238742,11.7244749607226,11.7765097247233,11.7982743065438,11.8292205594554,11.8862209131214,11.9132390735869,11.9294745288727,12.0229450000036,12.059329815769,12.1367529570942,12.1552348042945,12.2216698821421,12.2710428177514,12.273361348214,12.32917207876,12.351029572953,12.3969289782917,12.449071802116,12.4571470842871,12.5426787500762,12.5719043525406,12.6017595518832,12.63930679014,12.6754349016608,12.7348656782053,12.7974002724603,12.8431035626267,12.8520554044156,12.8779658681365,12.899089668585,12.9602192090296,12.9940596228607,13.0355545774023,13.0508340974919,13.0991957257749,13.1522681163073,13.2217759927999,13.2530543364744,13.2827624315904,13.3635511369342,13.4284531548128,13.4533910808667,13.4582250668344,13.5132720047176,13.5440605882505,13.5767582772492,13.6140193843827,13.6477840521612,13.6790529324409,13.7521920917427,13.7685717608265,13.7935451092515,13.8720168478598,13.9089753165507,13.971694168495,14.0437588698219,14.0668232847817,14.1104545231993,14.151818963008,14.1705716986965,14.2039353370166,14.2808761104337,14.3135645143101,14.4085844933033,14.4367961013335,14.5122055305798,14.5321621263598,14.5866806959276,14.5918765916603,14.6379711256332,14.7610644183133,14.7924216070341,14.8431300942827,14.8958847921377,15.0329594955369,15.0812142868701,15.1563504414347,15.1819169445645,15.2902703851791,15.3171120825167,15.361020722723,15.4155319837093,15.4809574443211,15.5618047121509,15.6235792083117,15.6682676895101,15.7297800025897,15.86753589048,15.9131771871923,16.0164159903096,16.1682465482503,16.1966882274371,16.3200428874035,16.4004335124772,16.4422239302679,16.5189957932183,16.6245813935596,16.6946203440278,16.8164738869324,16.9342847759037,17.0749642278154,17.1739342981282,17.4658877176299,17.6213284347063,17.9436772741596,17.9748601818939,18.0654659822212,18.1382780284951,18.3219411937392,18.5786877957536,18.7472528873785,18.8153832794511,19.1169262593172,19.3544454402175,19.547079664743,19.6964545399357,20.0292506282724,20.1747207677404,20.5932890133198,20.9233888095953,21.3938511325434,23.1989274174263,NA,NA,NA,NA,NA,NA,NA,NA,NA,NA,NA,NA,NA,NA,NA,NA,NA,NA,NA,NA,NA,NA,NA,NA,NA,NA,NA,NA,NA,NA,NA,NA,NA,NA,NA,NA,NA,NA,NA,NA,NA,NA,NA,NA,NA,NA,NA,NA,NA,NA,NA,NA,NA,NA,NA,NA,NA
0.567300602524519,0.674749237811244,0.865746905158389,1.04658401269764,1.12742037447713,1.37509994288103,1.45887429722324,1.51380236707763,1.62267566908324,1.80272389854212,1.81439407404134,1.86341904861355,1.91643998594691,1.99739599887272,2.27142814765428,2.31224851444237,2.38324769821929,2.44867820134162,2.53381210317143,2.62476123463467,2.71943887200956,2.81552905808451,2.85774210780854,2.86804812180274,2.97399570429168,3.01287678384079,3.14301839245722,3.19278903025646,3.20316151505549,3.28209212732767,3.33836658014499,3.39281714561518,3.46892817134117,3.50584513203987,3.55998144670783,3.6395616637327,3.67786591531797,3.81283039081541,3.81916267674552,3.88004799411731,3.92136450045677,3.96654899435975,4.04571882713787,4.11765993876883,4.11945024669911,4.23448892255305,4.26684347388665,4.2839131288282,4.29985516134434,4.38485830701684,4.41461731911432,4.43239897263533,4.47624451765236,4.58348712633584,4.64835385608675,4.65818230968156,4.68426043570712,4.74668155031925,4.80684945159724,4.85126306790688,4.86056506923888,4.91038416927714,4.95928017183878,5.01605078827259,5.0543245056491,5.08675641081676,5.10584364642244,5.11751106530803,5.16753465759591,5.18081153120614,5.21232895521353,5.22429016547638,5.26701859170122,5.34404426342131,5.36080595272027,5.40568386741284,5.41630142771634,5.43511626608808,5.46275293587773,5.5400431875446,5.58831155866856,5.60867729732158,5.63632506609814,5.69564460953908,5.70969674777288,5.73333392596549,5.76014379737524,5.82200796069423,5.84560381665445,5.87773339486872,5.90482684848754,5.91026021191304,5.93364442532003,5.93954842262755,5.99241021992768,6.00893680688109,6.04954842794664,6.05919487065624,6.08589408503504,6.12177327776841,6.1736580289319,6.1788202910311,6.23427369264271,6.28324429551908,6.29811743985997,6.33947865255435,6.35094151073081,6.36514423929096,6.39319822845137,6.40909861588857,6.43618590822671,6.45491973078588,6.49059059231809,6.53069634167906,6.56998822068195,6.61117093858944,6.62690632895774,6.66798025348544,6.71234715773697,6.73036270308737,6.76604645418604,6.79605908579987,6.81965632054893,6.84497748576688,6.86595502063168,6.87654479342744,6.89364777897623,6.9187667939934,6.94531472965197,6.97504791417719,7.00221844667655,7.01219111281082,7.02090409774075,7.04302192619803,7.08859433340772,7.13734806506102,7.15111761727067,7.19119043224969,7.22133674244511,7.23006007178004,7.24333520174514,7.28950363591753,7.29792371486806,7.31610552758718,7.32672151682331,7.36066752152859,7.38024615898255,7.41268275060404,7.42476779291217,7.45171810688054,7.46414537038621,7.49868600721858,7.52071551294918,7.55649983555018,7.57283260668767,7.62584468282758,7.642180364363,7.65314241853473,7.68614485350104,7.69058679095059,7.71586838537948,7.73214230510956,7.77575586846752,7.78517330682173,7.80277593637906,7.84736519268582,7.86039415248087,7.88591683455407,7.92997395929627,7.95684237184384,7.97031570957035,8.02677415814541,8.03883420032886,8.05928177292967,8.09611522138189,8.12623660658841,8.1617731197771,8.1639685374142,8.18573157326077,8.2001800735459,8.25836697963851,8.27222482280201,8.29103225808014,8.33108055154813,8.35862195469854,8.40294515420471,8.40654097905483,8.42928071656294,8.45167457536623,8.46663679080903,8.50394481140514,8.53954669789866,8.5667944406283,8.5726315752753,8.58803295562679,8.62481515932605,8.6446986670511,8.68885519376955,8.69132190455357,8.71521764357044,8.74862922626599,8.77155093420967,8.79246375830323,8.83755051636052,8.87781252054796,8.88858329714254,8.90669140362863,8.95952559813737,8.97568932910303,9.01880541149584,9.05035026526753,9.08381814401072,9.10026775333467,9.11629166131551,9.19280286069662,9.21223428026849,9.23250233396262,9.2508085007507,9.26122744032534,9.32038902635392,9.36027873475611,9.38734363619355,9.42133295409821,9.43672770225836,9.4685494301203,9.49414292338519,9.5173562602587,9.5590028839064,9.60058695566243,9.65267975423395,9.67155698821636,9.69247151442219,9.72239686678309,9.75826903209589,9.77452796294479,9.82472447888956,9.85364384299831,9.89698908170037,9.92085658986553,9.94989182432168,9.97942193232833,10.0071490426546,10.0119978058003,10.0775800942072,10.081071014816,10.113903071376,10.1554691033781,10.2218830513112,10.2260748747206,10.2328280915479,10.2787556684097,10.3037252301394,10.3418307964019,10.3740689362137,10.4039250824516,10.4240732048403,10.482488815703,10.4914161841961,10.5492350244211,10.6230690089315,10.6466731952461,10.6613199084884,10.712551678592,10.7282247047186,10.7586426627648,10.8192853360278,10.8606633454509,10.9186778255264,10.9685672066629,11.0035696274449,11.0343633578761,11.0713622780572,11.116595416908,11.1300049175872,11.1443126570823,11.1702119007864,11.1780178646102,11.2548576012365,11.286500524721,11.3141055157037,11.409324437395,11.4290861886021,11.4590592149361,11.4863801236509,11.5301657018732,11.576073265578,11.5812949899468,11.6418677083861,11.713491238742,11.7244749607226,11.7765097247233,11.7982743065438,11.8292205594554,11.8862209131214,11.9132390735869,11.9294745288727,12.0229450000036,12.059329815769,12.1367529570942,12.1552348042945,12.2216698821421,12.2710428177514,12.273361348214,12.32917207876,12.351029572953,12.3969289782917,12.449071802116,12.4571470842871,12.5426787500762,12.5719043525406,12.6017595518832,12.63930679014,12.6754349016608,12.7348656782053,12.7974002724603,12.8431035626267,12.8520554044156,12.8779658681365,12.899089668585,12.9602192090296,12.9940596228607,13.0355545774023,13.0508340974919,13.0991957257749,13.1522681163073,13.2217759927999,13.2530543364744,13.2827624315904,13.3635511369342,13.4284531548128,13.4533910808667,13.4582250668344,13.5132720047176,13.5440605882505,13.5767582772492,13.6140193843827,13.6477840521612,13.6790529324409,13.7521920917427,13.7685717608265,13.7935451092515,13.8720168478598,13.9089753165507,13.971694168495,14.0437588698219,14.0668232847817,14.1104545231993,14.151818963008,14.1705716986965,14.2039353370166,14.2808761104337,14.3135645143101,14.4085844933033,14.4367961013335,14.5122055305798,14.5321621263598,14.5866806959276,14.5918765916603,14.6379711256332,14.7610644183133,14.7924216070341,14.8431300942827,14.8958847921377,15.0329594955369,15.0812142868701,15.1563504414347,15.1819169445645,15.2902703851791,15.3171120825167,15.361020722723,15.4155319837093,15.4809574443211,15.5618047121509,15.6235792083117,15.6682676895101,15.7297800025897,15.86753589048,15.9131771871923,16.0164159903096,16.1682465482503,16.1966882274371,16.3200428874035,16.4004335124772,16.4422239302679,16.5189957932183,16.6245813935596,16.6946203440278,16.8164738869324,16.9342847759037,17.0749642278154,17.1739342981282,17.4658877176299,17.6213284347063,17.9436772741596,17.9748601818939,18.0654659822212,18.1382780284951,18.3219411937392,18.5786877957536,18.7472528873785,18.8153832794511,19.1169262593172,19.3544454402175,19.547079664743,19.6964545399357,20.0292506282724,20.1747207677404,20.5932890133198,20.9233888095953,21.3938511325434,23.1989274174263,NA,NA,NA,NA,NA,NA,NA,NA,NA,NA,NA,NA,NA,NA,NA,NA,NA,NA,NA,NA,NA,NA,NA,NA,NA,NA,NA,NA,NA,NA,NA,NA,NA,NA,NA,NA,NA,NA,NA,NA,NA,NA,NA,NA,NA,NA,NA,NA,NA,NA,NA,NA,NA,NA,NA,NA,NA
0.567300602524519,0.674749237811244,0.865746905158389,1.04658401269764,1.12742037447713,1.37509994288103,1.45887429722324,1.51380236707763,1.62267566908324,1.80272389854212,1.81439407404134,1.86341904861355,1.91643998594691,1.99739599887272,2.27142814765428,2.31224851444237,2.38324769821929,2.44867820134162,2.53381210317143,2.62476123463467,2.71943887200956,2.81552905808451,2.85774210780854,2.86804812180274,2.97399570429168,3.01287678384079,3.14301839245722,3.19278903025646,3.20316151505549,3.28209212732767,3.33836658014499,3.39281714561518,3.46892817134117,3.50584513203987,3.55998144670783,3.6395616637327,3.67786591531797,3.81283039081541,3.81916267674552,3.88004799411731,3.92136450045677,3.96654899435975,4.04571882713787,4.11765993876883,4.11945024669911,4.23448892255305,4.26684347388665,4.2839131288282,4.29985516134434,4.38485830701684,4.41461731911432,4.43239897263533,4.47624451765236,4.58348712633584,4.64835385608675,4.65818230968156,4.68426043570712,4.74668155031925,4.80684945159724,4.85126306790688,4.86056506923888,4.91038416927714,4.95928017183878,5.01605078827259,5.0543245056491,5.08675641081676,5.10584364642244,5.11751106530803,5.16753465759591,5.18081153120614,5.21232895521353,5.22429016547638,5.26701859170122,5.34404426342131,5.36080595272027,5.40568386741284,5.41630142771634,5.43511626608808,5.46275293587773,5.5400431875446,5.58831155866856,5.60867729732158,5.63632506609814,5.69564460953908,5.70969674777288,5.73333392596549,5.76014379737524,5.82200796069423,5.84560381665445,5.87773339486872,5.90482684848754,5.91026021191304,5.93364442532003,5.93954842262755,5.99241021992768,6.00893680688109,6.04954842794664,6.05919487065624,6.08589408503504,6.12177327776841,6.1736580289319,6.1788202910311,6.23427369264271,6.28324429551908,6.29811743985997,6.33947865255435,6.35094151073081,6.36514423929096,6.39319822845137,6.40909861588857,6.43618590822671,6.45491973078588,6.49059059231809,6.53069634167906,6.56998822068195,6.61117093858944,6.62690632895774,6.66798025348544,6.71234715773697,6.73036270308737,6.76604645418604,6.79605908579987,6.81965632054893,6.84497748576688,6.86595502063168,6.87654479342744,6.89364777897623,6.9187667939934,6.94531472965197,6.97504791417719,7.00221844667655,7.01219111281082,7.02090409774075,7.04302192619803,7.08859433340772,7.13734806506102,7.15111761727067,7.19119043224969,7.22133674244511,7.23006007178004,7.24333520174514,7.28950363591753,7.29792371486806,7.31610552758718,7.32672151682331,7.36066752152859,7.38024615898255,7.41268275060404,7.42476779291217,7.45171810688054,7.46414537038621,7.49868600721858,7.52071551294918,7.55649983555018,7.57283260668767,7.62584468282758,7.642180364363,7.65314241853473,7.68614485350104,7.69058679095059,7.71586838537948,7.73214230510956,7.77575586846752,7.78517330682173,7.80277593637906,7.84736519268582,7.86039415248087,7.88591683455407,7.92997395929627,7.95684237184384,7.97031570957035,8.02677415814541,8.03883420032886,8.05928177292967,8.09611522138189,8.12623660658841,8.1617731197771,8.1639685374142,8.18573157326077,8.2001800735459,8.25836697963851,8.27222482280201,8.29103225808014,8.33108055154813,8.35862195469854,8.40294515420471,8.40654097905483,8.42928071656294,8.45167457536623,8.46663679080903,8.50394481140514,8.53954669789866,8.5667944406283,8.5726315752753,8.58803295562679,8.62481515932605,8.6446986670511,8.68885519376955,8.69132190455357,8.71521764357044,8.74862922626599,8.77155093420967,8.79246375830323,8.83755051636052,8.87781252054796,8.88858329714254,8.90669140362863,8.95952559813737,8.97568932910303,9.01880541149584,9.05035026526753,9.08381814401072,9.10026775333467,9.11629166131551,9.19280286069662,9.21223428026849,9.23250233396262,9.2508085007507,9.26122744032534,9.32038902635392,9.36027873475611,9.38734363619355,9.42133295409821,9.43672770225836,9.4685494301203,9.49414292338519,9.5173562602587,9.5590028839064,9.60058695566243,9.65267975423395,9.67155698821636,9.69247151442219,9.72239686678309,9.75826903209589,9.77452796294479,9.82472447888956,9.85364384299831,9.89698908170037,9.92085658986553,9.94989182432168,9.97942193232833,10.0071490426546,10.0119978058003,10.0775800942072,10.081071014816,10.113903071376,10.1554691033781,10.2218830513112,10.2260748747206,10.2328280915479,10.2787556684097,10.3037252301394,10.3418307964019,10.3740689362137,10.4039250824516,10.4240732048403,10.482488815703,10.4914161841961,10.5492350244211,10.6230690089315,10.6466731952461,10.6613199084884,10.712551678592,10.7282247047186,10.7586426627648,10.8192853360278,10.8606633454509,10.9186778255264,10.9685672066629,11.0035696274449,11.0343633578761,11.0713622780572,11.116595416908,11.1300049175872,11.1443126570823,11.1702119007864,11.1780178646102,11.2548576012365,11.286500524721,11.3141055157037,11.409324437395,11.4290861886021,11.4590592149361,11.4863801236509,11.5301657018732,11.576073265578,11.5812949899468,11.6418677083861,11.713491238742,11.7244749607226,11.7765097247233,11.7982743065438,11.8292205594554,11.8862209131214,11.9132390735869,11.9294745288727,12.0229450000036,12.059329815769,12.1367529570942,12.1552348042945,12.2216698821421,12.2710428177514,12.273361348214,12.32917207876,12.351029572953,12.3969289782917,12.449071802116,12.4571470842871,12.5426787500762,12.5719043525406,12.6017595518832,12.63930679014,12.6754349016608,12.7348656782053,12.7974002724603,12.8431035626267,12.8520554044156,12.8779658681365,12.899089668585,12.9602192090296,12.9940596228607,13.0355545774023,13.0508340974919,13.0991957257749,13.1522681163073,13.2217759927999,13.2530543364744,13.2827624315904,13.3635511369342,13.4284531548128,13.4533910808667,13.4582250668344,13.5132720047176,13.5440605882505,13.5767582772492,13.6140193843827,13.6477840521612,13.6790529324409,13.7521920917427,13.7685717608265,13.7935451092515,13.8720168478598,13.9089753165507,13.971694168495,14.0437588698219,14.0668232847817,14.1104545231993,14.151818963008,14.1705716986965,14.2039353370166,14.2808761104337,14.3135645143101,14.4085844933033,14.4367961013335,14.5122055305798,14.5321621263598,14.5866806959276,14.5918765916603,14.6379711256332,14.7610644183133,14.7924216070341,14.8431300942827,14.8958847921377,15.0329594955369,15.0812142868701,15.1563504414347,15.1819169445645,15.2902703851791,15.3171120825167,15.361020722723,15.4155319837093,15.4809574443211,15.5618047121509,15.6235792083117,15.6682676895101,15.7297800025897,15.86753589048,15.9131771871923,16.0164159903096,16.1682465482503,16.1966882274371,16.3200428874035,16.4004335124772,16.4422239302679,16.5189957932183,16.6245813935596,16.6946203440278,16.8164738869324,16.9342847759037,17.0749642278154,17.1739342981282,17.4658877176299,17.6213284347063,17.9436772741596,17.9748601818939,18.0654659822212,18.1382780284951,18.3219411937392,18.5786877957536,18.7472528873785,18.8153832794511,19.1169262593172,19.3544454402175,19.547079664743,19.6964545399357,20.0292506282724,20.1747207677404,20.5932890133198,20.9233888095953,21.3938511325434,23.1989274174263,NA,NA,NA,NA,NA,NA,NA,NA,NA,NA,NA,NA,NA,NA,NA,NA,NA,NA,NA,NA,NA,NA,NA,NA,NA,NA,NA,NA,NA,NA,NA,NA,NA,NA,NA,NA,NA,NA,NA,NA,NA,NA,NA,NA,NA,NA,NA,NA,NA,NA,NA,NA,NA,NA,NA,NA,NA
0.567300602524519,0.674749237811244,0.865746905158389,1.04658401269764,1.12742037447713,1.37509994288103,1.45887429722324,1.51380236707763,1.62267566908324,1.80272389854212,1.81439407404134,1.86341904861355,1.91643998594691,1.99739599887272,2.27142814765428,2.31224851444237,2.38324769821929,2.44867820134162,2.53381210317143,2.62476123463467,2.71943887200956,2.81552905808451,2.85774210780854,2.86804812180274,2.97399570429168,3.01287678384079,3.14301839245722,3.19278903025646,3.20316151505549,3.28209212732767,3.33836658014499,3.39281714561518,3.46892817134117,3.50584513203987,3.55998144670783,3.6395616637327,3.67786591531797,3.81283039081541,3.81916267674552,3.88004799411731,3.92136450045677,3.96654899435975,4.04571882713787,4.11765993876883,4.11945024669911,4.23448892255305,4.26684347388665,4.2839131288282,4.29985516134434,4.38485830701684,4.41461731911432,4.43239897263533,4.47624451765236,4.58348712633584,4.64835385608675,4.65818230968156,4.68426043570712,4.74668155031925,4.80684945159724,4.85126306790688,4.86056506923888,4.91038416927714,4.95928017183878,5.01605078827259,5.0543245056491,5.08675641081676,5.10584364642244,5.11751106530803,5.16753465759591,5.18081153120614,5.21232895521353,5.22429016547638,5.26701859170122,5.34404426342131,5.36080595272027,5.40568386741284,5.41630142771634,5.43511626608808,5.46275293587773,5.5400431875446,5.58831155866856,5.60867729732158,5.63632506609814,5.69564460953908,5.70969674777288,5.73333392596549,5.76014379737524,5.82200796069423,5.84560381665445,5.87773339486872,5.90482684848754,5.91026021191304,5.93364442532003,5.93954842262755,5.99241021992768,6.00893680688109,6.04954842794664,6.05919487065624,6.08589408503504,6.12177327776841,6.1736580289319,6.1788202910311,6.23427369264271,6.28324429551908,6.29811743985997,6.33947865255435,6.35094151073081,6.36514423929096,6.39319822845137,6.40909861588857,6.43618590822671,6.45491973078588,6.49059059231809,6.53069634167906,6.56998822068195,6.61117093858944,6.62690632895774,6.66798025348544,6.71234715773697,6.73036270308737,6.76604645418604,6.79605908579987,6.81965632054893,6.84497748576688,6.86595502063168,6.87654479342744,6.89364777897623,6.9187667939934,6.94531472965197,6.97504791417719,7.00221844667655,7.01219111281082,7.02090409774075,7.04302192619803,7.08859433340772,7.13734806506102,7.15111761727067,7.19119043224969,7.22133674244511,7.23006007178004,7.24333520174514,7.28950363591753,7.29792371486806,7.31610552758718,7.32672151682331,7.36066752152859,7.38024615898255,7.41268275060404,7.42476779291217,7.45171810688054,7.46414537038621,7.49868600721858,7.52071551294918,7.55649983555018,7.57283260668767,7.62584468282758,7.642180364363,7.65314241853473,7.68614485350104,7.69058679095059,7.71586838537948,7.73214230510956,7.77575586846752,7.78517330682173,7.80277593637906,7.84736519268582,7.86039415248087,7.88591683455407,7.92997395929627,7.95684237184384,7.97031570957035,8.02677415814541,8.03883420032886,8.05928177292967,8.09611522138189,8.12623660658841,8.1617731197771,8.1639685374142,8.18573157326077,8.2001800735459,8.25836697963851,8.27222482280201,8.29103225808014,8.33108055154813,8.35862195469854,8.40294515420471,8.40654097905483,8.42928071656294,8.45167457536623,8.46663679080903,8.50394481140514,8.53954669789866,8.5667944406283,8.5726315752753,8.58803295562679,8.62481515932605,8.6446986670511,8.68885519376955,8.69132190455357,8.71521764357044,8.74862922626599,8.77155093420967,8.79246375830323,8.83755051636052,8.87781252054796,8.88858329714254,8.90669140362863,8.95952559813737,8.97568932910303,9.01880541149584,9.05035026526753,9.08381814401072,9.10026775333467,9.11629166131551,9.19280286069662,9.21223428026849,9.23250233396262,9.2508085007507,9.26122744032534,9.32038902635392,9.36027873475611,9.38734363619355,9.42133295409821,9.43672770225836,9.4685494301203,9.49414292338519,9.5173562602587,9.5590028839064,9.60058695566243,9.65267975423395,9.67155698821636,9.69247151442219,9.72239686678309,9.75826903209589,9.77452796294479,9.82472447888956,9.85364384299831,9.89698908170037,9.92085658986553,9.94989182432168,9.97942193232833,10.0071490426546,10.0119978058003,10.0775800942072,10.081071014816,10.113903071376,10.1554691033781,10.2218830513112,10.2260748747206,10.2328280915479,10.2787556684097,10.3037252301394,10.3418307964019,10.3740689362137,10.4039250824516,10.4240732048403,10.482488815703,10.4914161841961,10.5492350244211,10.6230690089315,10.6466731952461,10.6613199084884,10.712551678592,10.7282247047186,10.7586426627648,10.8192853360278,10.8606633454509,10.9186778255264,10.9685672066629,11.0035696274449,11.0343633578761,11.0713622780572,11.116595416908,11.1300049175872,11.1443126570823,11.1702119007864,11.1780178646102,11.2548576012365,11.286500524721,11.3141055157037,11.409324437395,11.4290861886021,11.4590592149361,11.4863801236509,11.5301657018732,11.576073265578,11.5812949899468,11.6418677083861,11.713491238742,11.7244749607226,11.7765097247233,11.7982743065438,11.8292205594554,11.8862209131214,11.9132390735869,11.9294745288727,12.0229450000036,12.059329815769,12.1367529570942,12.1552348042945,12.2216698821421,12.2710428177514,12.273361348214,12.32917207876,12.351029572953,12.3969289782917,12.449071802116,12.4571470842871,12.5426787500762,12.5719043525406,12.6017595518832,12.63930679014,12.6754349016608,12.7348656782053,12.7974002724603,12.8431035626267,12.8520554044156,12.8779658681365,12.899089668585,12.9602192090296,12.9940596228607,13.0355545774023,13.0508340974919,13.0991957257749,13.1522681163073,13.2217759927999,13.2530543364744,13.2827624315904,13.3635511369342,13.4284531548128,13.4533910808667,13.4582250668344,13.5132720047176,13.5440605882505,13.5767582772492,13.6140193843827,13.6477840521612,13.6790529324409,13.7521920917427,13.7685717608265,13.7935451092515,13.8720168478598,13.9089753165507,13.971694168495,14.0437588698219,14.0668232847817,14.1104545231993,14.151818963008,14.1705716986965,14.2039353370166,14.2808761104337,14.3135645143101,14.4085844933033,14.4367961013335,14.5122055305798,14.5321621263598,14.5866806959276,14.5918765916603,14.6379711256332,14.7610644183133,14.7924216070341,14.8431300942827,14.8958847921377,15.0329594955369,15.0812142868701,15.1563504414347,15.1819169445645,15.2902703851791,15.3171120825167,15.361020722723,15.4155319837093,15.4809574443211,15.5618047121509,15.6235792083117,15.6682676895101,15.7297800025897,15.86753589048,15.9131771871923,16.0164159903096,16.1682465482503,16.1966882274371,16.3200428874035,16.4004335124772,16.4422239302679,16.5189957932183,16.6245813935596,16.6946203440278,16.8164738869324,16.9342847759037,17.0749642278154,17.1739342981282,17.4658877176299,17.6213284347063,17.9436772741596,17.9748601818939,18.0654659822212,18.1382780284951,18.3219411937392,18.5786877957536,18.7472528873785,18.8153832794511,19.1169262593172,19.3544454402175,19.547079664743,19.6964545399357,20.0292506282724,20.1747207677404,20.5932890133198,20.9233888095953,21.3938511325434,23.1989274174263,NA,NA,NA,NA,NA,NA,NA,NA,NA,NA,NA,NA,NA,NA,NA,NA,NA,NA,NA,NA,NA,NA,NA,NA,NA,NA,NA,NA,NA,NA,NA,NA,NA,NA,NA,NA,NA,NA,NA,NA,NA,NA,NA,NA,NA,NA,NA,NA,NA,NA,NA,NA,NA,NA,NA,NA,NA
0.567300602524519,0.674749237811244,0.865746905158389,1.04658401269764,1.12742037447713,1.37509994288103,1.45887429722324,1.51380236707763,1.62267566908324,1.80272389854212,1.81439407404134,1.86341904861355,1.91643998594691,1.99739599887272,2.27142814765428,2.31224851444237,2.38324769821929,2.44867820134162,2.53381210317143,2.62476123463467,2.71943887200956,2.81552905808451,2.85774210780854,2.86804812180274,2.97399570429168,3.01287678384079,3.14301839245722,3.19278903025646,3.20316151505549,3.28209212732767,3.33836658014499,3.39281714561518,3.46892817134117,3.50584513203987,3.55998144670783,3.6395616637327,3.67786591531797,3.81283039081541,3.81916267674552,3.88004799411731,3.92136450045677,3.96654899435975,4.04571882713787,4.11765993876883,4.11945024669911,4.23448892255305,4.26684347388665,4.2839131288282,4.29985516134434,4.38485830701684,4.41461731911432,4.43239897263533,4.47624451765236,4.58348712633584,4.64835385608675,4.65818230968156,4.68426043570712,4.74668155031925,4.80684945159724,4.85126306790688,4.86056506923888,4.91038416927714,4.95928017183878,5.01605078827259,5.0543245056491,5.08675641081676,5.10584364642244,5.11751106530803,5.16753465759591,5.18081153120614,5.21232895521353,5.22429016547638,5.26701859170122,5.34404426342131,5.36080595272027,5.40568386741284,5.41630142771634,5.43511626608808,5.46275293587773,5.5400431875446,5.58831155866856,5.60867729732158,5.63632506609814,5.69564460953908,5.70969674777288,5.73333392596549,5.76014379737524,5.82200796069423,5.84560381665445,5.87773339486872,5.90482684848754,5.91026021191304,5.93364442532003,5.93954842262755,5.99241021992768,6.00893680688109,6.04954842794664,6.05919487065624,6.08589408503504,6.12177327776841,6.1736580289319,6.1788202910311,6.23427369264271,6.28324429551908,6.29811743985997,6.33947865255435,6.35094151073081,6.36514423929096,6.39319822845137,6.40909861588857,6.43618590822671,6.45491973078588,6.49059059231809,6.53069634167906,6.56998822068195,6.61117093858944,6.62690632895774,6.66798025348544,6.71234715773697,6.73036270308737,6.76604645418604,6.79605908579987,6.81965632054893,6.84497748576688,6.86595502063168,6.87654479342744,6.89364777897623,6.9187667939934,6.94531472965197,6.97504791417719,7.00221844667655,7.01219111281082,7.02090409774075,7.04302192619803,7.08859433340772,7.13734806506102,7.15111761727067,7.19119043224969,7.22133674244511,7.23006007178004,7.24333520174514,7.28950363591753,7.29792371486806,7.31610552758718,7.32672151682331,7.36066752152859,7.38024615898255,7.41268275060404,7.42476779291217,7.45171810688054,7.46414537038621,7.49868600721858,7.52071551294918,7.55649983555018,7.57283260668767,7.62584468282758,7.642180364363,7.65314241853473,7.68614485350104,7.69058679095059,7.71586838537948,7.73214230510956,7.77575586846752,7.78517330682173,7.80277593637906,7.84736519268582,7.86039415248087,7.88591683455407,7.92997395929627,7.95684237184384,7.97031570957035,8.02677415814541,8.03883420032886,8.05928177292967,8.09611522138189,8.12623660658841,8.1617731197771,8.1639685374142,8.18573157326077,8.2001800735459,8.25836697963851,8.27222482280201,8.29103225808014,8.33108055154813,8.35862195469854,8.40294515420471,8.40654097905483,8.42928071656294,8.45167457536623,8.46663679080903,8.50394481140514,8.53954669789866,8.5667944406283,8.5726315752753,8.58803295562679,8.62481515932605,8.6446986670511,8.68885519376955,8.69132190455357,8.71521764357044,8.74862922626599,8.77155093420967,8.79246375830323,8.83755051636052,8.87781252054796,8.88858329714254,8.90669140362863,8.95952559813737,8.97568932910303,9.01880541149584,9.05035026526753,9.08381814401072,9.10026775333467,9.11629166131551,9.19280286069662,9.21223428026849,9.23250233396262,9.2508085007507,9.26122744032534,9.32038902635392,9.36027873475611,9.38734363619355,9.42133295409821,9.43672770225836,9.4685494301203,9.49414292338519,9.5173562602587,9.5590028839064,9.60058695566243,9.65267975423395,9.67155698821636,9.69247151442219,9.72239686678309,9.75826903209589,9.77452796294479,9.82472447888956,9.85364384299831,9.89698908170037,9.92085658986553,9.94989182432168,9.97942193232833,10.0071490426546,10.0119978058003,10.0775800942072,10.081071014816,10.113903071376,10.1554691033781,10.2218830513112,10.2260748747206,10.2328280915479,10.2787556684097,10.3037252301394,10.3418307964019,10.3740689362137,10.4039250824516,10.4240732048403,10.482488815703,10.4914161841961,10.5492350244211,10.6230690089315,10.6466731952461,10.6613199084884,10.712551678592,10.7282247047186,10.7586426627648,10.8192853360278,10.8606633454509,10.9186778255264,10.9685672066629,11.0035696274449,11.0343633578761,11.0713622780572,11.116595416908,11.1300049175872,11.1443126570823,11.1702119007864,11.1780178646102,11.2548576012365,11.286500524721,11.3141055157037,11.409324437395,11.4290861886021,11.4590592149361,11.4863801236509,11.5301657018732,11.576073265578,11.5812949899468,11.6418677083861,11.713491238742,11.7244749607226,11.7765097247233,11.7982743065438,11.8292205594554,11.8862209131214,11.9132390735869,11.9294745288727,12.0229450000036,12.059329815769,12.1367529570942,12.1552348042945,12.2216698821421,12.2710428177514,12.273361348214,12.32917207876,12.351029572953,12.3969289782917,12.449071802116,12.4571470842871,12.5426787500762,12.5719043525406,12.6017595518832,12.63930679014,12.6754349016608,12.7348656782053,12.7974002724603,12.8431035626267,12.8520554044156,12.8779658681365,12.899089668585,12.9602192090296,12.9940596228607,13.0355545774023,13.0508340974919,13.0991957257749,13.1522681163073,13.2217759927999,13.2530543364744,13.2827624315904,13.3635511369342,13.4284531548128,13.4533910808667,13.4582250668344,13.5132720047176,13.5440605882505,13.5767582772492,13.6140193843827,13.6477840521612,13.6790529324409,13.7521920917427,13.7685717608265,13.7935451092515,13.8720168478598,13.9089753165507,13.971694168495,14.0437588698219,14.0668232847817,14.1104545231993,14.151818963008,14.1705716986965,14.2039353370166,14.2808761104337,14.3135645143101,14.4085844933033,14.4367961013335,14.5122055305798,14.5321621263598,14.5866806959276,14.5918765916603,14.6379711256332,14.7610644183133,14.7924216070341,14.8431300942827,14.8958847921377,15.0329594955369,15.0812142868701,15.1563504414347,15.1819169445645,15.2902703851791,15.3171120825167,15.361020722723,15.4155319837093,15.4809574443211,15.5618047121509,15.6235792083117,15.6682676895101,15.7297800025897,15.86753589048,15.9131771871923,16.0164159903096,16.1682465482503,16.1966882274371,16.3200428874035,16.4004335124772,16.4422239302679,16.5189957932183,16.6245813935596,16.6946203440278,16.8164738869324,16.9342847759037,17.0749642278154,17.1739342981282,17.4658877176299,17.6213284347063,17.9436772741596,17.9748601818939,18.0654659822212,18.1382780284951,18.3219411937392,18.5786877957536,18.7472528873785,18.8153832794511,19.1169262593172,19.3544454402175,19.547079664743,19.6964545399357,20.0292506282724,20.1747207677404,20.5932890133198,20.9233888095953,21.3938511325434,23.1989274174263,NA,NA,NA,NA,NA,NA,NA,NA,NA,NA,NA,NA,NA,NA,NA,NA,NA,NA,NA,NA,NA,NA,NA,NA,NA,NA,NA,NA,NA,NA,NA,NA,NA,NA,NA,NA,NA,NA,NA,NA,NA,NA,NA,NA,NA,NA,NA,NA,NA,NA,NA,NA,NA,NA,NA,NA,NA
0.567300602524519,0.674749237811244,0.865746905158389,1.04658401269764,1.12742037447713,1.37509994288103,1.45887429722324,1.51380236707763,1.62267566908324,1.80272389854212,1.81439407404134,1.86341904861355,1.91643998594691,1.99739599887272,2.27142814765428,2.31224851444237,2.38324769821929,2.44867820134162,2.53381210317143,2.62476123463467,2.71943887200956,2.81552905808451,2.85774210780854,2.86804812180274,2.97399570429168,3.01287678384079,3.14301839245722,3.19278903025646,3.20316151505549,3.28209212732767,3.33836658014499,3.39281714561518,3.46892817134117,3.50584513203987,3.55998144670783,3.6395616637327,3.67786591531797,3.81283039081541,3.81916267674552,3.88004799411731,3.92136450045677,3.96654899435975,4.04571882713787,4.11765993876883,4.11945024669911,4.23448892255305,4.26684347388665,4.2839131288282,4.29985516134434,4.38485830701684,4.41461731911432,4.43239897263533,4.47624451765236,4.58348712633584,4.64835385608675,4.65818230968156,4.68426043570712,4.74668155031925,4.80684945159724,4.85126306790688,4.86056506923888,4.91038416927714,4.95928017183878,5.01605078827259,5.0543245056491,5.08675641081676,5.10584364642244,5.11751106530803,5.16753465759591,5.18081153120614,5.21232895521353,5.22429016547638,5.26701859170122,5.34404426342131,5.36080595272027,5.40568386741284,5.41630142771634,5.43511626608808,5.46275293587773,5.5400431875446,5.58831155866856,5.60867729732158,5.63632506609814,5.69564460953908,5.70969674777288,5.73333392596549,5.76014379737524,5.82200796069423,5.84560381665445,5.87773339486872,5.90482684848754,5.91026021191304,5.93364442532003,5.93954842262755,5.99241021992768,6.00893680688109,6.04954842794664,6.05919487065624,6.08589408503504,6.12177327776841,6.1736580289319,6.1788202910311,6.23427369264271,6.28324429551908,6.29811743985997,6.33947865255435,6.35094151073081,6.36514423929096,6.39319822845137,6.40909861588857,6.43618590822671,6.45491973078588,6.49059059231809,6.53069634167906,6.56998822068195,6.61117093858944,6.62690632895774,6.66798025348544,6.71234715773697,6.73036270308737,6.76604645418604,6.79605908579987,6.81965632054893,6.84497748576688,6.86595502063168,6.87654479342744,6.89364777897623,6.9187667939934,6.94531472965197,6.97504791417719,7.00221844667655,7.01219111281082,7.02090409774075,7.04302192619803,7.08859433340772,7.13734806506102,7.15111761727067,7.19119043224969,7.22133674244511,7.23006007178004,7.24333520174514,7.28950363591753,7.29792371486806,7.31610552758718,7.32672151682331,7.36066752152859,7.38024615898255,7.41268275060404,7.42476779291217,7.45171810688054,7.46414537038621,7.49868600721858,7.52071551294918,7.55649983555018,7.57283260668767,7.62584468282758,7.642180364363,7.65314241853473,7.68614485350104,7.69058679095059,7.71586838537948,7.73214230510956,7.77575586846752,7.78517330682173,7.80277593637906,7.84736519268582,7.86039415248087,7.88591683455407,7.92997395929627,7.95684237184384,7.97031570957035,8.02677415814541,8.03883420032886,8.05928177292967,8.09611522138189,8.12623660658841,8.1617731197771,8.1639685374142,8.18573157326077,8.2001800735459,8.25836697963851,8.27222482280201,8.29103225808014,8.33108055154813,8.35862195469854,8.40294515420471,8.40654097905483,8.42928071656294,8.45167457536623,8.46663679080903,8.50394481140514,8.53954669789866,8.5667944406283,8.5726315752753,8.58803295562679,8.62481515932605,8.6446986670511,8.68885519376955,8.69132190455357,8.71521764357044,8.74862922626599,8.77155093420967,8.79246375830323,8.83755051636052,8.87781252054796,8.88858329714254,8.90669140362863,8.95952559813737,8.97568932910303,9.01880541149584,9.05035026526753,9.08381814401072,9.10026775333467,9.11629166131551,9.19280286069662,9.21223428026849,9.23250233396262,9.2508085007507,9.26122744032534,9.32038902635392,9.36027873475611,9.38734363619355,9.42133295409821,9.43672770225836,9.4685494301203,9.49414292338519,9.5173562602587,9.5590028839064,9.60058695566243,9.65267975423395,9.67155698821636,9.69247151442219,9.72239686678309,9.75826903209589,9.77452796294479,9.82472447888956,9.85364384299831,9.89698908170037,9.92085658986553,9.94989182432168,9.97942193232833,10.0071490426546,10.0119978058003,10.0775800942072,10.081071014816,10.113903071376,10.1554691033781,10.2218830513112,10.2260748747206,10.2328280915479,10.2787556684097,10.3037252301394,10.3418307964019,10.3740689362137,10.4039250824516,10.4240732048403,10.482488815703,10.4914161841961,10.5492350244211,10.6230690089315,10.6466731952461,10.6613199084884,10.712551678592,10.7282247047186,10.7586426627648,10.8192853360278,10.8606633454509,10.9186778255264,10.9685672066629,11.0035696274449,11.0343633578761,11.0713622780572,11.116595416908,11.1300049175872,11.1443126570823,11.1702119007864,11.1780178646102,11.2548576012365,11.286500524721,11.3141055157037,11.409324437395,11.4290861886021,11.4590592149361,11.4863801236509,11.5301657018732,11.576073265578,11.5812949899468,11.6418677083861,11.713491238742,11.7244749607226,11.7765097247233,11.7982743065438,11.8292205594554,11.8862209131214,11.9132390735869,11.9294745288727,12.0229450000036,12.059329815769,12.1367529570942,12.1552348042945,12.2216698821421,12.2710428177514,12.273361348214,12.32917207876,12.351029572953,12.3969289782917,12.449071802116,12.4571470842871,12.5426787500762,12.5719043525406,12.6017595518832,12.63930679014,12.6754349016608,12.7348656782053,12.7974002724603,12.8431035626267,12.8520554044156,12.8779658681365,12.899089668585,12.9602192090296,12.9940596228607,13.0355545774023,13.0508340974919,13.0991957257749,13.1522681163073,13.2217759927999,13.2530543364744,13.2827624315904,13.3635511369342,13.4284531548128,13.4533910808667,13.4582250668344,13.5132720047176,13.5440605882505,13.5767582772492,13.6140193843827,13.6477840521612,13.6790529324409,13.7521920917427,13.7685717608265,13.7935451092515,13.8720168478598,13.9089753165507,13.971694168495,14.0437588698219,14.0668232847817,14.1104545231993,14.151818963008,14.1705716986965,14.2039353370166,14.2808761104337,14.3135645143101,14.4085844933033,14.4367961013335,14.5122055305798,14.5321621263598,14.5866806959276,14.5918765916603,14.6379711256332,14.7610644183133,14.7924216070341,14.8431300942827,14.8958847921377,15.0329594955369,15.0812142868701,15.1563504414347,15.1819169445645,15.2902703851791,15.3171120825167,15.361020722723,15.4155319837093,15.4809574443211,15.5618047121509,15.6235792083117,15.6682676895101,15.7297800025897,15.86753589048,15.9131771871923,16.0164159903096,16.1682465482503,16.1966882274371,16.3200428874035,16.4004335124772,16.4422239302679,16.5189957932183,16.6245813935596,16.6946203440278,16.8164738869324,16.9342847759037,17.0749642278154,17.1739342981282,17.4658877176299,17.6213284347063,17.9436772741596,17.9748601818939,18.0654659822212,18.1382780284951,18.3219411937392,18.5786877957536,18.7472528873785,18.8153832794511,19.1169262593172,19.3544454402175,19.547079664743,19.6964545399357,20.0292506282724,20.1747207677404,20.5932890133198,20.9233888095953,21.3938511325434,23.1989274174263,NA,NA,NA,NA,NA,NA,NA,NA,NA,NA,NA,NA,NA,NA,NA,NA,NA,NA,NA,NA,NA,NA,NA,NA,NA,NA,NA,NA,NA,NA,NA,NA,NA,NA,NA,NA,NA,NA,NA,NA,NA,NA,NA,NA,NA,NA,NA,NA,NA,NA,NA,NA,NA,NA,NA,NA,NA
0.567300602524519,0.674749237811244,0.865746905158389,1.04658401269764,1.12742037447713,1.37509994288103,1.45887429722324,1.51380236707763,1.62267566908324,1.80272389854212,1.81439407404134,1.86341904861355,1.91643998594691,1.99739599887272,2.27142814765428,2.31224851444237,2.38324769821929,2.44867820134162,2.53381210317143,2.62476123463467,2.71943887200956,2.81552905808451,2.85774210780854,2.86804812180274,2.97399570429168,3.01287678384079,3.14301839245722,3.19278903025646,3.20316151505549,3.28209212732767,3.33836658014499,3.39281714561518,3.46892817134117,3.50584513203987,3.55998144670783,3.6395616637327,3.67786591531797,3.81283039081541,3.81916267674552,3.88004799411731,3.92136450045677,3.96654899435975,4.04571882713787,4.11765993876883,4.11945024669911,4.23448892255305,4.26684347388665,4.2839131288282,4.29985516134434,4.38485830701684,4.41461731911432,4.43239897263533,4.47624451765236,4.58348712633584,4.64835385608675,4.65818230968156,4.68426043570712,4.74668155031925,4.80684945159724,4.85126306790688,4.86056506923888,4.91038416927714,4.95928017183878,5.01605078827259,5.0543245056491,5.08675641081676,5.10584364642244,5.11751106530803,5.16753465759591,5.18081153120614,5.21232895521353,5.22429016547638,5.26701859170122,5.34404426342131,5.36080595272027,5.40568386741284,5.41630142771634,5.43511626608808,5.46275293587773,5.5400431875446,5.58831155866856,5.60867729732158,5.63632506609814,5.69564460953908,5.70969674777288,5.73333392596549,5.76014379737524,5.82200796069423,5.84560381665445,5.87773339486872,5.90482684848754,5.91026021191304,5.93364442532003,5.93954842262755,5.99241021992768,6.00893680688109,6.04954842794664,6.05919487065624,6.08589408503504,6.12177327776841,6.1736580289319,6.1788202910311,6.23427369264271,6.28324429551908,6.29811743985997,6.33947865255435,6.35094151073081,6.36514423929096,6.39319822845137,6.40909861588857,6.43618590822671,6.45491973078588,6.49059059231809,6.53069634167906,6.56998822068195,6.61117093858944,6.62690632895774,6.66798025348544,6.71234715773697,6.73036270308737,6.76604645418604,6.79605908579987,6.81965632054893,6.84497748576688,6.86595502063168,6.87654479342744,6.89364777897623,6.9187667939934,6.94531472965197,6.97504791417719,7.00221844667655,7.01219111281082,7.02090409774075,7.04302192619803,7.08859433340772,7.13734806506102,7.15111761727067,7.19119043224969,7.22133674244511,7.23006007178004,7.24333520174514,7.28950363591753,7.29792371486806,7.31610552758718,7.32672151682331,7.36066752152859,7.38024615898255,7.41268275060404,7.42476779291217,7.45171810688054,7.46414537038621,7.49868600721858,7.52071551294918,7.55649983555018,7.57283260668767,7.62584468282758,7.642180364363,7.65314241853473,7.68614485350104,7.69058679095059,7.71586838537948,7.73214230510956,7.77575586846752,7.78517330682173,7.80277593637906,7.84736519268582,7.86039415248087,7.88591683455407,7.92997395929627,7.95684237184384,7.97031570957035,8.02677415814541,8.03883420032886,8.05928177292967,8.09611522138189,8.12623660658841,8.1617731197771,8.1639685374142,8.18573157326077,8.2001800735459,8.25836697963851,8.27222482280201,8.29103225808014,8.33108055154813,8.35862195469854,8.40294515420471,8.40654097905483,8.42928071656294,8.45167457536623,8.46663679080903,8.50394481140514,8.53954669789866,8.5667944406283,8.5726315752753,8.58803295562679,8.62481515932605,8.6446986670511,8.68885519376955,8.69132190455357,8.71521764357044,8.74862922626599,8.77155093420967,8.79246375830323,8.83755051636052,8.87781252054796,8.88858329714254,8.90669140362863,8.95952559813737,8.97568932910303,9.01880541149584,9.05035026526753,9.08381814401072,9.10026775333467,9.11629166131551,9.19280286069662,9.21223428026849,9.23250233396262,9.2508085007507,9.26122744032534,9.32038902635392,9.36027873475611,9.38734363619355,9.42133295409821,9.43672770225836,9.4685494301203,9.49414292338519,9.5173562602587,9.5590028839064,9.60058695566243,9.65267975423395,9.67155698821636,9.69247151442219,9.72239686678309,9.75826903209589,9.77452796294479,9.82472447888956,9.85364384299831,9.89698908170037,9.92085658986553,9.94989182432168,9.97942193232833,10.0071490426546,10.0119978058003,10.0775800942072,10.081071014816,10.113903071376,10.1554691033781,10.2218830513112,10.2260748747206,10.2328280915479,10.2787556684097,10.3037252301394,10.3418307964019,10.3740689362137,10.4039250824516,10.4240732048403,10.482488815703,10.4914161841961,10.5492350244211,10.6230690089315,10.6466731952461,10.6613199084884,10.712551678592,10.7282247047186,10.7586426627648,10.8192853360278,10.8606633454509,10.9186778255264,10.9685672066629,11.0035696274449,11.0343633578761,11.0713622780572,11.116595416908,11.1300049175872,11.1443126570823,11.1702119007864,11.1780178646102,11.2548576012365,11.286500524721,11.3141055157037,11.409324437395,11.4290861886021,11.4590592149361,11.4863801236509,11.5301657018732,11.576073265578,11.5812949899468,11.6418677083861,11.713491238742,11.7244749607226,11.7765097247233,11.7982743065438,11.8292205594554,11.8862209131214,11.9132390735869,11.9294745288727,12.0229450000036,12.059329815769,12.1367529570942,12.1552348042945,12.2216698821421,12.2710428177514,12.273361348214,12.32917207876,12.351029572953,12.3969289782917,12.449071802116,12.4571470842871,12.5426787500762,12.5719043525406,12.6017595518832,12.63930679014,12.6754349016608,12.7348656782053,12.7974002724603,12.8431035626267,12.8520554044156,12.8779658681365,12.899089668585,12.9602192090296,12.9940596228607,13.0355545774023,13.0508340974919,13.0991957257749,13.1522681163073,13.2217759927999,13.2530543364744,13.2827624315904,13.3635511369342,13.4284531548128,13.4533910808667,13.4582250668344,13.5132720047176,13.5440605882505,13.5767582772492,13.6140193843827,13.6477840521612,13.6790529324409,13.7521920917427,13.7685717608265,13.7935451092515,13.8720168478598,13.9089753165507,13.971694168495,14.0437588698219,14.0668232847817,14.1104545231993,14.151818963008,14.1705716986965,14.2039353370166,14.2808761104337,14.3135645143101,14.4085844933033,14.4367961013335,14.5122055305798,14.5321621263598,14.5866806959276,14.5918765916603,14.6379711256332,14.7610644183133,14.7924216070341,14.8431300942827,14.8958847921377,15.0329594955369,15.0812142868701,15.1563504414347,15.1819169445645,15.2902703851791,15.3171120825167,15.361020722723,15.4155319837093,15.4809574443211,15.5618047121509,15.6235792083117,15.6682676895101,15.7297800025897,15.86753589048,15.9131771871923,16.0164159903096,16.1682465482503,16.1966882274371,16.3200428874035,16.4004335124772,16.4422239302679,16.5189957932183,16.6245813935596,16.6946203440278,16.8164738869324,16.9342847759037,17.0749642278154,17.1739342981282,17.4658877176299,17.6213284347063,17.9436772741596,17.9748601818939,18.0654659822212,18.1382780284951,18.3219411937392,18.5786877957536,18.7472528873785,18.8153832794511,19.1169262593172,19.3544454402175,19.547079664743,19.6964545399357,20.0292506282724,20.1747207677404,20.5932890133198,20.9233888095953,21.3938511325434,23.1989274174263,NA,NA,NA,NA,NA,NA,NA,NA,NA,NA,NA,NA,NA,NA,NA,NA,NA,NA,NA,NA,NA,NA,NA,NA,NA,NA,NA,NA,NA,NA,NA,NA,NA,NA,NA,NA,NA,NA,NA,NA,NA,NA,NA,NA,NA,NA,NA,NA,NA,NA,NA,NA,NA,NA,NA,NA,NA
0.567300602524519,0.674749237811244,0.865746905158389,1.04658401269764,1.12742037447713,1.37509994288103,1.45887429722324,1.51380236707763,1.62267566908324,1.80272389854212,1.81439407404134,1.86341904861355,1.91643998594691,1.99739599887272,2.27142814765428,2.31224851444237,2.38324769821929,2.44867820134162,2.53381210317143,2.62476123463467,2.71943887200956,2.81552905808451,2.85774210780854,2.86804812180274,2.97399570429168,3.01287678384079,3.14301839245722,3.19278903025646,3.20316151505549,3.28209212732767,3.33836658014499,3.39281714561518,3.46892817134117,3.50584513203987,3.55998144670783,3.6395616637327,3.67786591531797,3.81283039081541,3.81916267674552,3.88004799411731,3.92136450045677,3.96654899435975,4.04571882713787,4.11765993876883,4.11945024669911,4.23448892255305,4.26684347388665,4.2839131288282,4.29985516134434,4.38485830701684,4.41461731911432,4.43239897263533,4.47624451765236,4.58348712633584,4.64835385608675,4.65818230968156,4.68426043570712,4.74668155031925,4.80684945159724,4.85126306790688,4.86056506923888,4.91038416927714,4.95928017183878,5.01605078827259,5.0543245056491,5.08675641081676,5.10584364642244,5.11751106530803,5.16753465759591,5.18081153120614,5.21232895521353,5.22429016547638,5.26701859170122,5.34404426342131,5.36080595272027,5.40568386741284,5.41630142771634,5.43511626608808,5.46275293587773,5.5400431875446,5.58831155866856,5.60867729732158,5.63632506609814,5.69564460953908,5.70969674777288,5.73333392596549,5.76014379737524,5.82200796069423,5.84560381665445,5.87773339486872,5.90482684848754,5.91026021191304,5.93364442532003,5.93954842262755,5.99241021992768,6.00893680688109,6.04954842794664,6.05919487065624,6.08589408503504,6.12177327776841,6.1736580289319,6.1788202910311,6.23427369264271,6.28324429551908,6.29811743985997,6.33947865255435,6.35094151073081,6.36514423929096,6.39319822845137,6.40909861588857,6.43618590822671,6.45491973078588,6.49059059231809,6.53069634167906,6.56998822068195,6.61117093858944,6.62690632895774,6.66798025348544,6.71234715773697,6.73036270308737,6.76604645418604,6.79605908579987,6.81965632054893,6.84497748576688,6.86595502063168,6.87654479342744,6.89364777897623,6.9187667939934,6.94531472965197,6.97504791417719,7.00221844667655,7.01219111281082,7.02090409774075,7.04302192619803,7.08859433340772,7.13734806506102,7.15111761727067,7.19119043224969,7.22133674244511,7.23006007178004,7.24333520174514,7.28950363591753,7.29792371486806,7.31610552758718,7.32672151682331,7.36066752152859,7.38024615898255,7.41268275060404,7.42476779291217,7.45171810688054,7.46414537038621,7.49868600721858,7.52071551294918,7.55649983555018,7.57283260668767,7.62584468282758,7.642180364363,7.65314241853473,7.68614485350104,7.69058679095059,7.71586838537948,7.73214230510956,7.77575586846752,7.78517330682173,7.80277593637906,7.84736519268582,7.86039415248087,7.88591683455407,7.92997395929627,7.95684237184384,7.97031570957035,8.02677415814541,8.03883420032886,8.05928177292967,8.09611522138189,8.12623660658841,8.1617731197771,8.1639685374142,8.18573157326077,8.2001800735459,8.25836697963851,8.27222482280201,8.29103225808014,8.33108055154813,8.35862195469854,8.40294515420471,8.40654097905483,8.42928071656294,8.45167457536623,8.46663679080903,8.50394481140514,8.53954669789866,8.5667944406283,8.5726315752753,8.58803295562679,8.62481515932605,8.6446986670511,8.68885519376955,8.69132190455357,8.71521764357044,8.74862922626599,8.77155093420967,8.79246375830323,8.83755051636052,8.87781252054796,8.88858329714254,8.90669140362863,8.95952559813737,8.97568932910303,9.01880541149584,9.05035026526753,9.08381814401072,9.10026775333467,9.11629166131551,9.19280286069662,9.21223428026849,9.23250233396262,9.2508085007507,9.26122744032534,9.32038902635392,9.36027873475611,9.38734363619355,9.42133295409821,9.43672770225836,9.4685494301203,9.49414292338519,9.5173562602587,9.5590028839064,9.60058695566243,9.65267975423395,9.67155698821636,9.69247151442219,9.72239686678309,9.75826903209589,9.77452796294479,9.82472447888956,9.85364384299831,9.89698908170037,9.92085658986553,9.94989182432168,9.97942193232833,10.0071490426546,10.0119978058003,10.0775800942072,10.081071014816,10.113903071376,10.1554691033781,10.2218830513112,10.2260748747206,10.2328280915479,10.2787556684097,10.3037252301394,10.3418307964019,10.3740689362137,10.4039250824516,10.4240732048403,10.482488815703,10.4914161841961,10.5492350244211,10.6230690089315,10.6466731952461,10.6613199084884,10.712551678592,10.7282247047186,10.7586426627648,10.8192853360278,10.8606633454509,10.9186778255264,10.9685672066629,11.0035696274449,11.0343633578761,11.0713622780572,11.116595416908,11.1300049175872,11.1443126570823,11.1702119007864,11.1780178646102,11.2548576012365,11.286500524721,11.3141055157037,11.409324437395,11.4290861886021,11.4590592149361,11.4863801236509,11.5301657018732,11.576073265578,11.5812949899468,11.6418677083861,11.713491238742,11.7244749607226,11.7765097247233,11.7982743065438,11.8292205594554,11.8862209131214,11.9132390735869,11.9294745288727,12.0229450000036,12.059329815769,12.1367529570942,12.1552348042945,12.2216698821421,12.2710428177514,12.273361348214,12.32917207876,12.351029572953,12.3969289782917,12.449071802116,12.4571470842871,12.5426787500762,12.5719043525406,12.6017595518832,12.63930679014,12.6754349016608,12.7348656782053,12.7974002724603,12.8431035626267,12.8520554044156,12.8779658681365,12.899089668585,12.9602192090296,12.9940596228607,13.0355545774023,13.0508340974919,13.0991957257749,13.1522681163073,13.2217759927999,13.2530543364744,13.2827624315904,13.3635511369342,13.4284531548128,13.4533910808667,13.4582250668344,13.5132720047176,13.5440605882505,13.5767582772492,13.6140193843827,13.6477840521612,13.6790529324409,13.7521920917427,13.7685717608265,13.7935451092515,13.8720168478598,13.9089753165507,13.971694168495,14.0437588698219,14.0668232847817,14.1104545231993,14.151818963008,14.1705716986965,14.2039353370166,14.2808761104337,14.3135645143101,14.4085844933033,14.4367961013335,14.5122055305798,14.5321621263598,14.5866806959276,14.5918765916603,14.6379711256332,14.7610644183133,14.7924216070341,14.8431300942827,14.8958847921377,15.0329594955369,15.0812142868701,15.1563504414347,15.1819169445645,15.2902703851791,15.3171120825167,15.361020722723,15.4155319837093,15.4809574443211,15.5618047121509,15.6235792083117,15.6682676895101,15.7297800025897,15.86753589048,15.9131771871923,16.0164159903096,16.1682465482503,16.1966882274371,16.3200428874035,16.4004335124772,16.4422239302679,16.5189957932183,16.6245813935596,16.6946203440278,16.8164738869324,16.9342847759037,17.0749642278154,17.1739342981282,17.4658877176299,17.6213284347063,17.9436772741596,17.9748601818939,18.0654659822212,18.1382780284951,18.3219411937392,18.5786877957536,18.7472528873785,18.8153832794511,19.1169262593172,19.3544454402175,19.547079664743,19.6964545399357,20.0292506282724,20.1747207677404,20.5932890133198,20.9233888095953,21.3938511325434,23.1989274174263,NA,NA,NA,NA,NA,NA,NA,NA,NA,NA,NA,NA,NA,NA,NA,NA,NA,NA,NA,NA,NA,NA,NA,NA,NA,NA,NA,NA,NA,NA,NA,NA,NA,NA,NA,NA,NA,NA,NA,NA,NA,NA,NA,NA,NA,NA,NA,NA,NA,NA,NA,NA,NA,NA,NA,NA,NA
0.567300602524519,0.674749237811244,0.865746905158389,1.04658401269764,1.12742037447713,1.37509994288103,1.45887429722324,1.51380236707763,1.62267566908324,1.80272389854212,1.81439407404134,1.86341904861355,1.91643998594691,1.99739599887272,2.27142814765428,2.31224851444237,2.38324769821929,2.44867820134162,2.53381210317143,2.62476123463467,2.71943887200956,2.81552905808451,2.85774210780854,2.86804812180274,2.97399570429168,3.01287678384079,3.14301839245722,3.19278903025646,3.20316151505549,3.28209212732767,3.33836658014499,3.39281714561518,3.46892817134117,3.50584513203987,3.55998144670783,3.6395616637327,3.67786591531797,3.81283039081541,3.81916267674552,3.88004799411731,3.92136450045677,3.96654899435975,4.04571882713787,4.11765993876883,4.11945024669911,4.23448892255305,4.26684347388665,4.2839131288282,4.29985516134434,4.38485830701684,4.41461731911432,4.43239897263533,4.47624451765236,4.58348712633584,4.64835385608675,4.65818230968156,4.68426043570712,4.74668155031925,4.80684945159724,4.85126306790688,4.86056506923888,4.91038416927714,4.95928017183878,5.01605078827259,5.0543245056491,5.08675641081676,5.10584364642244,5.11751106530803,5.16753465759591,5.18081153120614,5.21232895521353,5.22429016547638,5.26701859170122,5.34404426342131,5.36080595272027,5.40568386741284,5.41630142771634,5.43511626608808,5.46275293587773,5.5400431875446,5.58831155866856,5.60867729732158,5.63632506609814,5.69564460953908,5.70969674777288,5.73333392596549,5.76014379737524,5.82200796069423,5.84560381665445,5.87773339486872,5.90482684848754,5.91026021191304,5.93364442532003,5.93954842262755,5.99241021992768,6.00893680688109,6.04954842794664,6.05919487065624,6.08589408503504,6.12177327776841,6.1736580289319,6.1788202910311,6.23427369264271,6.28324429551908,6.29811743985997,6.33947865255435,6.35094151073081,6.36514423929096,6.39319822845137,6.40909861588857,6.43618590822671,6.45491973078588,6.49059059231809,6.53069634167906,6.56998822068195,6.61117093858944,6.62690632895774,6.66798025348544,6.71234715773697,6.73036270308737,6.76604645418604,6.79605908579987,6.81965632054893,6.84497748576688,6.86595502063168,6.87654479342744,6.89364777897623,6.9187667939934,6.94531472965197,6.97504791417719,7.00221844667655,7.01219111281082,7.02090409774075,7.04302192619803,7.08859433340772,7.13734806506102,7.15111761727067,7.19119043224969,7.22133674244511,7.23006007178004,7.24333520174514,7.28950363591753,7.29792371486806,7.31610552758718,7.32672151682331,7.36066752152859,7.38024615898255,7.41268275060404,7.42476779291217,7.45171810688054,7.46414537038621,7.49868600721858,7.52071551294918,7.55649983555018,7.57283260668767,7.62584468282758,7.642180364363,7.65314241853473,7.68614485350104,7.69058679095059,7.71586838537948,7.73214230510956,7.77575586846752,7.78517330682173,7.80277593637906,7.84736519268582,7.86039415248087,7.88591683455407,7.92997395929627,7.95684237184384,7.97031570957035,8.02677415814541,8.03883420032886,8.05928177292967,8.09611522138189,8.12623660658841,8.1617731197771,8.1639685374142,8.18573157326077,8.2001800735459,8.25836697963851,8.27222482280201,8.29103225808014,8.33108055154813,8.35862195469854,8.40294515420471,8.40654097905483,8.42928071656294,8.45167457536623,8.46663679080903,8.50394481140514,8.53954669789866,8.5667944406283,8.5726315752753,8.58803295562679,8.62481515932605,8.6446986670511,8.68885519376955,8.69132190455357,8.71521764357044,8.74862922626599,8.77155093420967,8.79246375830323,8.83755051636052,8.87781252054796,8.88858329714254,8.90669140362863,8.95952559813737,8.97568932910303,9.01880541149584,9.05035026526753,9.08381814401072,9.10026775333467,9.11629166131551,9.19280286069662,9.21223428026849,9.23250233396262,9.2508085007507,9.26122744032534,9.32038902635392,9.36027873475611,9.38734363619355,9.42133295409821,9.43672770225836,9.4685494301203,9.49414292338519,9.5173562602587,9.5590028839064,9.60058695566243,9.65267975423395,9.67155698821636,9.69247151442219,9.72239686678309,9.75826903209589,9.77452796294479,9.82472447888956,9.85364384299831,9.89698908170037,9.92085658986553,9.94989182432168,9.97942193232833,10.0071490426546,10.0119978058003,10.0775800942072,10.081071014816,10.113903071376,10.1554691033781,10.2218830513112,10.2260748747206,10.2328280915479,10.2787556684097,10.3037252301394,10.3418307964019,10.3740689362137,10.4039250824516,10.4240732048403,10.482488815703,10.4914161841961,10.5492350244211,10.6230690089315,10.6466731952461,10.6613199084884,10.712551678592,10.7282247047186,10.7586426627648,10.8192853360278,10.8606633454509,10.9186778255264,10.9685672066629,11.0035696274449,11.0343633578761,11.0713622780572,11.116595416908,11.1300049175872,11.1443126570823,11.1702119007864,11.1780178646102,11.2548576012365,11.286500524721,11.3141055157037,11.409324437395,11.4290861886021,11.4590592149361,11.4863801236509,11.5301657018732,11.576073265578,11.5812949899468,11.6418677083861,11.713491238742,11.7244749607226,11.7765097247233,11.7982743065438,11.8292205594554,11.8862209131214,11.9132390735869,11.9294745288727,12.0229450000036,12.059329815769,12.1367529570942,12.1552348042945,12.2216698821421,12.2710428177514,12.273361348214,12.32917207876,12.351029572953,12.3969289782917,12.449071802116,12.4571470842871,12.5426787500762,12.5719043525406,12.6017595518832,12.63930679014,12.6754349016608,12.7348656782053,12.7974002724603,12.8431035626267,12.8520554044156,12.8779658681365,12.899089668585,12.9602192090296,12.9940596228607,13.0355545774023,13.0508340974919,13.0991957257749,13.1522681163073,13.2217759927999,13.2530543364744,13.2827624315904,13.3635511369342,13.4284531548128,13.4533910808667,13.4582250668344,13.5132720047176,13.5440605882505,13.5767582772492,13.6140193843827,13.6477840521612,13.6790529324409,13.7521920917427,13.7685717608265,13.7935451092515,13.8720168478598,13.9089753165507,13.971694168495,14.0437588698219,14.0668232847817,14.1104545231993,14.151818963008,14.1705716986965,14.2039353370166,14.2808761104337,14.3135645143101,14.4085844933033,14.4367961013335,14.5122055305798,14.5321621263598,14.5866806959276,14.5918765916603,14.6379711256332,14.7610644183133,14.7924216070341,14.8431300942827,14.8958847921377,15.0329594955369,15.0812142868701,15.1563504414347,15.1819169445645,15.2902703851791,15.3171120825167,15.361020722723,15.4155319837093,15.4809574443211,15.5618047121509,15.6235792083117,15.6682676895101,15.7297800025897,15.86753589048,15.9131771871923,16.0164159903096,16.1682465482503,16.1966882274371,16.3200428874035,16.4004335124772,16.4422239302679,16.5189957932183,16.6245813935596,16.6946203440278,16.8164738869324,16.9342847759037,17.0749642278154,17.1739342981282,17.4658877176299,17.6213284347063,17.9436772741596,17.9748601818939,18.0654659822212,18.1382780284951,18.3219411937392,18.5786877957536,18.7472528873785,18.8153832794511,19.1169262593172,19.3544454402175,19.547079664743,19.6964545399357,20.0292506282724,20.1747207677404,20.5932890133198,20.9233888095953,21.3938511325434,23.1989274174263,NA,NA,NA,NA,NA,NA,NA,NA,NA,NA,NA,NA,NA,NA,NA,NA,NA,NA,NA,NA,NA,NA,NA,NA,NA,NA,NA,NA,NA,NA,NA,NA,NA,NA,NA,NA,NA,NA,NA,NA,NA,NA,NA,NA,NA,NA,NA,NA,NA,NA,NA,NA,NA,NA,NA,NA,NA
0.567300602524519,0.674749237811244,0.865746905158389,1.04658401269764,1.12742037447713,1.37509994288103,1.45887429722324,1.51380236707763,1.62267566908324,1.80272389854212,1.81439407404134,1.86341904861355,1.91643998594691,1.99739599887272,2.27142814765428,2.31224851444237,2.38324769821929,2.44867820134162,2.53381210317143,2.62476123463467,2.71943887200956,2.81552905808451,2.85774210780854,2.86804812180274,2.97399570429168,3.01287678384079,3.14301839245722,3.19278903025646,3.20316151505549,3.28209212732767,3.33836658014499,3.39281714561518,3.46892817134117,3.50584513203987,3.55998144670783,3.6395616637327,3.67786591531797,3.81283039081541,3.81916267674552,3.88004799411731,3.92136450045677,3.96654899435975,4.04571882713787,4.11765993876883,4.11945024669911,4.23448892255305,4.26684347388665,4.2839131288282,4.29985516134434,4.38485830701684,4.41461731911432,4.43239897263533,4.47624451765236,4.58348712633584,4.64835385608675,4.65818230968156,4.68426043570712,4.74668155031925,4.80684945159724,4.85126306790688,4.86056506923888,4.91038416927714,4.95928017183878,5.01605078827259,5.0543245056491,5.08675641081676,5.10584364642244,5.11751106530803,5.16753465759591,5.18081153120614,5.21232895521353,5.22429016547638,5.26701859170122,5.34404426342131,5.36080595272027,5.40568386741284,5.41630142771634,5.43511626608808,5.46275293587773,5.5400431875446,5.58831155866856,5.60867729732158,5.63632506609814,5.69564460953908,5.70969674777288,5.73333392596549,5.76014379737524,5.82200796069423,5.84560381665445,5.87773339486872,5.90482684848754,5.91026021191304,5.93364442532003,5.93954842262755,5.99241021992768,6.00893680688109,6.04954842794664,6.05919487065624,6.08589408503504,6.12177327776841,6.1736580289319,6.1788202910311,6.23427369264271,6.28324429551908,6.29811743985997,6.33947865255435,6.35094151073081,6.36514423929096,6.39319822845137,6.40909861588857,6.43618590822671,6.45491973078588,6.49059059231809,6.53069634167906,6.56998822068195,6.61117093858944,6.62690632895774,6.66798025348544,6.71234715773697,6.73036270308737,6.76604645418604,6.79605908579987,6.81965632054893,6.84497748576688,6.86595502063168,6.87654479342744,6.89364777897623,6.9187667939934,6.94531472965197,6.97504791417719,7.00221844667655,7.01219111281082,7.02090409774075,7.04302192619803,7.08859433340772,7.13734806506102,7.15111761727067,7.19119043224969,7.22133674244511,7.23006007178004,7.24333520174514,7.28950363591753,7.29792371486806,7.31610552758718,7.32672151682331,7.36066752152859,7.38024615898255,7.41268275060404,7.42476779291217,7.45171810688054,7.46414537038621,7.49868600721858,7.52071551294918,7.55649983555018,7.57283260668767,7.62584468282758,7.642180364363,7.65314241853473,7.68614485350104,7.69058679095059,7.71586838537948,7.73214230510956,7.77575586846752,7.78517330682173,7.80277593637906,7.84736519268582,7.86039415248087,7.88591683455407,7.92997395929627,7.95684237184384,7.97031570957035,8.02677415814541,8.03883420032886,8.05928177292967,8.09611522138189,8.12623660658841,8.1617731197771,8.1639685374142,8.18573157326077,8.2001800735459,8.25836697963851,8.27222482280201,8.29103225808014,8.33108055154813,8.35862195469854,8.40294515420471,8.40654097905483,8.42928071656294,8.45167457536623,8.46663679080903,8.50394481140514,8.53954669789866,8.5667944406283,8.5726315752753,8.58803295562679,8.62481515932605,8.6446986670511,8.68885519376955,8.69132190455357,8.71521764357044,8.74862922626599,8.77155093420967,8.79246375830323,8.83755051636052,8.87781252054796,8.88858329714254,8.90669140362863,8.95952559813737,8.97568932910303,9.01880541149584,9.05035026526753,9.08381814401072,9.10026775333467,9.11629166131551,9.19280286069662,9.21223428026849,9.23250233396262,9.2508085007507,9.26122744032534,9.32038902635392,9.36027873475611,9.38734363619355,9.42133295409821,9.43672770225836,9.4685494301203,9.49414292338519,9.5173562602587,9.5590028839064,9.60058695566243,9.65267975423395,9.67155698821636,9.69247151442219,9.72239686678309,9.75826903209589,9.77452796294479,9.82472447888956,9.85364384299831,9.89698908170037,9.92085658986553,9.94989182432168,9.97942193232833,10.0071490426546,10.0119978058003,10.0775800942072,10.081071014816,10.113903071376,10.1554691033781,10.2218830513112,10.2260748747206,10.2328280915479,10.2787556684097,10.3037252301394,10.3418307964019,10.3740689362137,10.4039250824516,10.4240732048403,10.482488815703,10.4914161841961,10.5492350244211,10.6230690089315,10.6466731952461,10.6613199084884,10.712551678592,10.7282247047186,10.7586426627648,10.8192853360278,10.8606633454509,10.9186778255264,10.9685672066629,11.0035696274449,11.0343633578761,11.0713622780572,11.116595416908,11.1300049175872,11.1443126570823,11.1702119007864,11.1780178646102,11.2548576012365,11.286500524721,11.3141055157037,11.409324437395,11.4290861886021,11.4590592149361,11.4863801236509,11.5301657018732,11.576073265578,11.5812949899468,11.6418677083861,11.713491238742,11.7244749607226,11.7765097247233,11.7982743065438,11.8292205594554,11.8862209131214,11.9132390735869,11.9294745288727,12.0229450000036,12.059329815769,12.1367529570942,12.1552348042945,12.2216698821421,12.2710428177514,12.273361348214,12.32917207876,12.351029572953,12.3969289782917,12.449071802116,12.4571470842871,12.5426787500762,12.5719043525406,12.6017595518832,12.63930679014,12.6754349016608,12.7348656782053,12.7974002724603,12.8431035626267,12.8520554044156,12.8779658681365,12.899089668585,12.9602192090296,12.9940596228607,13.0355545774023,13.0508340974919,13.0991957257749,13.1522681163073,13.2217759927999,13.2530543364744,13.2827624315904,13.3635511369342,13.4284531548128,13.4533910808667,13.4582250668344,13.5132720047176,13.5440605882505,13.5767582772492,13.6140193843827,13.6477840521612,13.6790529324409,13.7521920917427,13.7685717608265,13.7935451092515,13.8720168478598,13.9089753165507,13.971694168495,14.0437588698219,14.0668232847817,14.1104545231993,14.151818963008,14.1705716986965,14.2039353370166,14.2808761104337,14.3135645143101,14.4085844933033,14.4367961013335,14.5122055305798,14.5321621263598,14.5866806959276,14.5918765916603,14.6379711256332,14.7610644183133,14.7924216070341,14.8431300942827,14.8958847921377,15.0329594955369,15.0812142868701,15.1563504414347,15.1819169445645,15.2902703851791,15.3171120825167,15.361020722723,15.4155319837093,15.4809574443211,15.5618047121509,15.6235792083117,15.6682676895101,15.7297800025897,15.86753589048,15.9131771871923,16.0164159903096,16.1682465482503,16.1966882274371,16.3200428874035,16.4004335124772,16.4422239302679,16.5189957932183,16.6245813935596,16.6946203440278,16.8164738869324,16.9342847759037,17.0749642278154,17.1739342981282,17.4658877176299,17.6213284347063,17.9436772741596,17.9748601818939,18.0654659822212,18.1382780284951,18.3219411937392,18.5786877957536,18.7472528873785,18.8153832794511,19.1169262593172,19.3544454402175,19.547079664743,19.6964545399357,20.0292506282724,20.1747207677404,20.5932890133198,20.9233888095953,21.3938511325434,23.1989274174263,NA,NA,NA,NA,NA,NA,NA,NA,NA,NA,NA,NA,NA,NA,NA,NA,NA,NA,NA,NA,NA,NA,NA,NA,NA,NA,NA,NA,NA,NA,NA,NA,NA,NA,NA,NA,NA,NA,NA,NA,NA,NA,NA,NA,NA,NA,NA,NA,NA,NA,NA,NA,NA,NA,NA,NA,NA
